0,0,0,0,0,4,0,0,2,6,3,7,10,13,22,2,0,0,0,0,0,3,7,1
8,0,0,0,6,8,3,0,8,8,18,53,55,54,54,35,27,8,0,6,11,8,8,4
1,0,0,0,0,8,11,12,31,51,59,69,101,100,59,55,34,46,0,13,14,11,13,4
2,0,0,0,8,6,14,39,55,71,94,96,87,69,60,55,53,36,14,11,11,10,6,10
0,0,0,0,3,0,5,34,61,62,69,76,94,64,60,56,56,53,29,26,13,0,3,0
0,0,0,4,8,8,12,14,54,55,61,66,67,58,58,50,44,39,20,21,6,0,0,0
3,3,2,9,10,10,15,53,60,66,77,64,65,70,70,66,50,12,0,2,6,0,0,0
0,0,0,10,13,54,63,71,85,87,98,78,60,62,73,68,73,67,66,12,6,4,0,0
0,0,0,10,54,61,69,77,98,119,111,94,74,67,82,96,98,81,77,66,14,9,0,0
0,0,5,11,53,57,65,85,116,138,132,121,96,102,109,125,131,105,64,64,62,13,1,3
0,7,11,25,57,60,55,83,107,124,136,122,119,126,125,126,110,88,61,62,60,37,1,0
0,0,5,48,63,60,50,63,114,124,143,142,128,135,136,133,117,70,51,57,60,51,13,3
0,0,13,55,68,51,28,57,94,119,137,146,139,131,137,132,112,59,44,43,51,41,11,1
0,6,34,62,53,29,22,69,68,104,130,137,132,118,130,125,110,74,10,14,55,87,6,0
1,8,63,64,36,10,9,32,53,55,88,118,120,108,122,121,102,71,10,10,71,68,13,13
7,15,58,55,11,3,0,10,50,53,69,92,105,97,93,92,75,84,11,4,35,50,41,4
11,20,46,35,12,7,8,13,36,53,71,79,109,71,72,81,71,56,14,5,12,67,50,6
13,30,33,25,20,15,27,32,44,63,110,113,107,126,106,104,85,60,33,23,22,37,29,12
9,13,13,10,11,10,12,54,72,128,157,161,150,125,133,163,166,128,86,66,26,24,31,12
8,10,5,6,7,13,40,105,126,147,184,209,208,163,187,221,226,188,136,106,32,12,13,9
7,8,10,11,11,13,45,84,111,144,203,210,210,174,217,230,200,170,130,101,48,14,14,16
8,0,6,9,13,21,40,91,127,146,178,198,201,154,171,209,199,171,122,98,53,22,22,29
11,14,14,8,10,15,37,99,105,137,162,165,152,120,125,142,149,142,99,90,80,31,16,28
8,2,6,4,12,8,51,87,112,116,130,120,109,100,88,114,118,118,104,105,101,60,35,54
5,5,1,0,0,6,13,101,102,103,104,73,35,22,11,45,64,78,73,61,75,39,39,28
11,0,0,0,3,11,13,96,101,105,101,101,5,5,6,0,11,11,50,46,13,57,57,48
0,0,0,5,10,2,24,59,85,105,100,60,13,0,3,0,0,0,0,2,7,5,9,16
9,8,2,3,0,7,10,51,73,86,88,21,6,9,4,1,0,0,4,42,56,83,83,27
0,0,5,0,0,0,11,49,72,51,11,8,4,13,13,12,51,65,72,55,55,58,44,39
0,0,0,0,8,8,18,40,59,14,16,53,51,45,45,50,53,54,54,64,50,31,13,11
6,1,0,9,10,8,14,35,34,14,31,62,56,132,76,61,53,42,40,26,13,13,15,10
0,0,0,0,2,10,50,53,51,7,59,65,56,53,47,20,13,12,14,21,8,0,0,1
8,0,0,0,0,12,52,56,57,12,88,61,43,15,9,12,12,12,11,11,2,0,0,0
3,0,0,0,3,14,52,56,56,12,63,27,5,13,11,13,12,9,9,8,7,0,4,7
0,0,0,0,6,20,51,54,52,10,38,24,5,2,9,8,8,9,10,0,0,0,7,8
4,0,0,0,8,13,48,54,52,8,4,11,4,4,7,5,9,11,6,0,0,3,5,0
0,0,2,4,0,7,25,51,26,0,6,9,7,5,0,4,10,4,7,0,2,4,0,7
0,0,0,6,9,7,11,49,22,5,9,8,0,3,0,0,0,2,0,6,2,0,0,2
0,0,0,0,3,2,10,16,14,10,4,10,10,7,0,0,0,4,4,7,4,1,9,6
0,0,0,0,0,1,5,21,13,11,11,9,0,6,7,0,0,0,7,8,0,3,1,0
5,6,0,0,5,12,34,68,55,30,11,2,6,0,0,5,8,0,0,9,7,0,0,0
8,7,0,2,5,13,33,88,65,12,10,12,8,0,3,0,0,1,5,1,0,5,1,5
5,3,0,0,5,4,7,27,19,11,11,5,7,8,7,0,0,6,4,0,10,6,8,0
1,0,0,0,0,0,5,10,11,7,8,2,2,12,3,0,0,6,0,0,6,0,3,5

0,0,0,0,0,4,0,0,3,6,5,8,11,13,24,3,0,0,0,0,0,3,7,1
8,0,0,0,6,8,4,0,9,8,26,54,55,54,55,35,28,9,0,7,11,9,8,4
1,0,0,0,0,8,11,13,36,52,59,69,101,100,59,55,34,47,0,13,14,11,13,5
2,0,0,0,8,6,14,40,56,71,95,97,89,70,60,55,53,36,14,12,11,10,6,10
0,0,0,0,3,0,5,34,61,62,70,77,95,64,60,56,56,53,29,25,13,0,3,0
0,0,0,4,8,8,12,14,53,55,61,67,68,59,59,50,45,39,21,21,6,0,0,0
3,2,2,9,10,11,15,53,59,66,78,64,66,70,70,66,49,12,0,2,5,0,0,0
0,0,0,10,13,54,63,71,86,86,97,78,60,62,73,69,72,67,65,11,6,4,0,0
0,0,0,10,54,61,69,77,99,121,112,95,73,67,83,97,97,81,77,66,14,9,0,0
0,0,6,11,53,58,65,86,118,140,134,123,95,102,108,127,130,105,63,63,62,13,0,3
0,5,11,27,58,60,55,85,109,128,138,121,115,124,123,125,108,88,61,62,60,36,1,0
0,0,6,50,64,61,51,63,115,125,143,140,125,133,133,131,115,69,51,58,60,51,12,3
0,0,13,56,69,52,30,58,95,119,135,143,136,129,134,129,110,58,44,43,52,41,11,1
0,6,37,63,53,33,20,69,68,103,129,135,129,116,128,123,109,73,10,13,55,87,5,0
0,9,63,64,39,11,9,23,52,54,84,114,117,106,121,119,102,71,10,10,72,68,13,13
6,14,58,56,11,3,0,8,41,52,65,86,103,93,91,91,75,84,10,4,35,51,40,4
11,21,45,36,13,7,8,13,33,52,69,77,107,69,71,80,71,57,17,4,12,67,50,6
12,31,33,25,20,16,27,31,43,61,108,112,105,124,105,104,85,62,34,24,22,37,30,12
9,13,13,10,11,10,12,53,70,127,156,161,150,126,133,164,168,130,89,69,27,23,30,12
8,10,5,6,7,13,38,104,125,145,182,208,209,165,189,223,229,191,137,108,33,13,13,9
6,8,10,11,11,13,43,82,110,143,202,209,211,175,219,232,203,173,131,102,50,15,14,15
7,0,6,10,13,21,39,88,127,146,178,197,201,155,173,211,201,174,125,100,55,23,22,30
12,14,14,8,10,15,36,97,105,137,162,166,152,120,126,144,150,143,101,92,83,31,16,29
9,3,6,4,12,8,45,85,112,116,130,120,109,100,89,115,119,119,105,106,101,61,37,55
6,5,2,0,0,6,13,101,101,103,104,76,35,25,12,51,66,80,75,62,76,40,40,29
11,0,0,0,3,10,13,95,101,105,101,101,5,5,7,0,11,12,56,51,14,64,58,50
0,0,0,5,10,2,21,59,85,105,100,61,14,0,3,0,0,1,0,2,7,5,9,19
9,8,2,3,0,7,9,50,74,86,88,22,6,9,4,2,0,0,4,38,55,82,83,30
0,0,5,0,0,0,11,50,73,51,11,8,4,13,13,12,50,64,71,55,55,58,46,42
0,0,0,0,7,8,20,39,60,14,16,53,51,43,44,50,53,53,54,64,50,31,13,11
6,1,0,9,10,8,14,35,37,14,32,61,56,131,77,62,54,42,42,27,13,13,17,10
0,0,0,0,3,10,50,53,52,7,59,64,56,53,47,18,13,12,14,21,8,0,0,1
8,0,0,0,0,13,52,57,58,12,88,60,42,15,9,12,12,12,11,11,2,0,0,0
3,0,0,0,0,15,53,57,56,12,63,25,6,13,11,13,12,9,9,7,6,0,4,7
0,0,0,0,7,21,51,54,53,10,38,24,5,2,9,8,8,9,10,0,0,0,8,8
4,0,0,0,8,13,47,54,52,7,4,11,4,4,7,5,9,11,6,0,0,4,6,0
0,0,2,4,0,7,24,51,25,0,6,9,7,5,0,4,10,4,7,0,2,4,0,7
0,0,0,6,9,8,11,49,22,5,9,8,0,3,2,0,0,2,0,6,2,0,0,3
0,0,0,0,3,2,10,15,14,10,4,11,10,6,0,0,0,4,5,7,4,1,10,6
0,0,0,0,0,1,5,20,13,11,10,9,0,6,6,0,0,0,7,8,0,3,1,0
5,6,0,0,5,12,34,68,54,29,11,2,7,0,0,5,8,0,0,9,7,0,0,0
8,7,0,1,5,13,32,84,62,12,9,12,9,0,4,0,0,1,5,1,0,4,0,5
5,3,0,0,5,4,6,25,18,11,11,6,8,8,7,0,0,6,4,0,10,6,8,0
1,0,0,0,0,0,5,10,11,7,8,2,2,12,2,0,0,7,0,0,6,0,3,5

0,0,0,0,0,4,0,0,3,6,5,8,11,13,23,3,0,0,0,0,0,3,7,2
8,0,0,0,6,9,4,0,9,8,27,54,55,54,55,35,27,9,0,7,11,9,8,4
1,0,0,0,0,8,11,13,36,52,59,69,101,99,59,55,34,47,0,13,14,11,13,5
2,0,0,0,8,6,14,40,56,71,95,96,88,70,60,55,53,36,14,12,11,10,6,10
0,0,0,0,3,0,5,34,62,63,70,77,94,64,60,56,56,53,29,26,13,0,3,0
0,0,0,4,8,8,12,15,53,55,60,67,67,59,58,50,44,38,20,21,6,0,0,0
3,3,2,9,10,11,17,53,59,66,78,64,66,70,70,66,49,12,0,2,5,0,0,0
0,0,0,10,13,54,63,71,86,86,97,77,60,62,73,68,72,67,65,12,6,4,0,0
0,0,0,10,55,62,69,78,100,121,113,94,73,67,82,96,97,81,77,66,14,9,0,0
0,0,6,11,53,58,65,86,119,141,136,123,94,101,107,127,131,105,63,63,62,13,0,3
0,5,12,28,58,60,55,85,109,129,139,122,115,124,123,125,108,88,61,62,60,36,1,0
0,0,6,50,64,61,51,64,116,126,143,141,125,133,133,131,115,69,51,58,60,51,12,3
0,0,13,56,69,52,30,58,96,119,135,143,136,128,134,129,110,58,45,43,51,41,11,1
0,6,36,62,53,36,20,69,68,103,128,134,129,115,127,123,109,73,10,13,55,88,5,0
0,9,64,64,40,11,9,22,52,54,83,113,117,105,120,119,102,70,10,10,72,68,13,13
6,14,58,56,11,3,0,8,39,52,65,85,102,92,90,91,74,83,10,4,35,51,40,4
11,21,47,38,12,7,8,13,31,52,68,76,106,69,70,80,71,57,19,4,12,67,50,6
12,31,33,25,20,15,27,31,43,61,108,111,104,123,104,104,85,62,34,24,22,37,30,12
9,13,13,10,11,9,12,52,69,127,155,160,149,125,133,164,168,130,89,69,27,24,31,12
8,10,5,5,7,13,37,103,124,145,181,207,208,164,189,223,229,191,137,108,33,13,13,9
6,8,9,11,11,13,43,81,109,143,201,208,210,175,219,233,203,173,132,102,50,15,14,16
7,0,6,10,13,21,39,88,126,145,177,197,200,155,173,211,201,174,125,101,55,23,22,30
12,14,14,8,10,15,36,96,104,137,162,166,152,120,127,144,151,143,101,93,82,32,16,29
9,3,6,4,12,8,45,85,112,116,130,120,109,100,90,115,120,119,105,106,101,62,38,56
6,5,2,0,0,6,13,100,101,103,104,77,38,24,12,52,66,80,75,62,76,41,40,30
11,0,0,0,3,10,13,93,101,105,101,101,6,6,8,0,12,12,59,52,14,65,58,50
0,0,0,5,10,2,25,59,86,105,100,61,14,0,4,0,0,1,0,2,7,5,9,20
9,7,2,3,0,7,9,50,73,85,88,23,6,9,4,3,0,0,4,40,55,82,83,30
0,0,5,0,0,0,11,50,73,51,12,9,4,13,13,12,50,64,72,55,55,58,46,43
0,0,0,0,7,9,20,41,60,14,16,52,51,43,43,50,53,53,54,64,50,32,13,11
6,1,0,8,10,8,14,36,38,14,32,61,56,131,77,62,54,43,43,28,13,13,18,10
0,0,0,0,3,10,50,53,52,7,59,64,56,53,46,20,13,12,14,22,8,0,1,2
8,0,0,0,0,13,52,57,59,12,88,60,45,16,9,12,12,12,11,11,2,0,0,0
3,0,0,0,0,15,53,57,56,12,63,27,6,13,11,13,12,9,9,7,7,0,4,7
0,0,0,0,7,23,51,54,53,10,38,24,5,2,9,8,8,9,10,0,0,0,8,8
4,0,0,0,8,14,48,54,52,8,4,11,4,4,7,5,9,11,6,0,0,4,6,0
0,0,2,4,0,7,24,51,26,0,6,9,7,5,0,4,10,4,7,0,3,4,0,7
0,0,0,6,9,8,11,48,22,5,9,8,0,3,2,0,0,2,0,6,2,0,0,3
0,0,0,0,3,2,10,16,14,10,4,11,10,6,0,0,0,4,5,7,4,1,10,6
0,0,0,0,0,1,5,20,13,11,10,10,0,6,6,0,0,0,7,8,0,3,1,0
5,6,1,0,5,12,35,68,54,29,11,3,7,0,0,5,8,0,0,9,7,0,0,0
8,7,0,1,5,13,33,84,62,12,9,12,9,0,5,0,0,1,5,1,0,4,0,5
5,3,0,0,6,4,6,26,19,11,11,6,8,8,8,0,0,6,4,0,10,6,8,0
1,0,0,0,0,0,5,10,11,7,8,2,2,12,2,0,0,7,0,0,6,0,3,5

0,0,0,0,0,5,0,0,3,6,5,9,11,13,23,3,0,0,0,0,0,3,7,2
8,0,0,0,6,9,4,0,9,9,30,54,55,54,55,35,27,9,0,7,11,9,8,4
1,0,0,0,0,8,11,13,37,53,60,69,101,100,59,55,34,47,0,13,14,11,13,5
2,0,0,0,8,6,14,41,56,71,95,97,89,70,60,55,53,36,14,12,11,9,6,10
0,0,0,0,3,0,5,35,62,63,71,78,96,64,60,56,56,53,29,25,13,0,3,0
0,0,0,4,8,8,12,15,54,55,61,67,68,59,59,50,44,38,20,21,6,0,0,0
3,3,2,9,10,11,18,54,60,66,78,64,66,71,70,65,48,12,0,2,5,0,0,0
0,0,0,10,13,54,63,71,86,86,97,78,60,63,74,69,73,68,65,12,6,4,0,0
0,0,0,11,55,62,70,78,99,119,110,93,73,68,84,97,98,81,77,66,14,9,0,0
0,0,6,12,53,58,65,86,117,137,132,121,94,102,109,128,131,105,64,63,62,13,0,3
0,5,11,28,58,60,55,85,108,126,136,120,115,124,123,125,108,88,61,62,60,36,0,0
0,0,6,50,64,61,50,64,115,125,142,140,124,132,133,130,114,69,51,58,60,51,12,3
0,0,13,57,68,52,29,58,95,118,135,143,135,128,133,128,110,58,44,43,51,41,11,1
0,6,36,62,53,33,17,68,67,103,128,134,128,115,126,122,108,73,10,14,55,87,5,0
0,8,64,64,39,11,8,17,51,54,82,112,116,105,119,118,102,70,10,10,72,68,13,12
6,14,58,56,11,3,0,7,36,51,64,85,102,91,88,89,74,83,10,4,35,51,40,4
11,21,47,37,12,7,7,12,31,52,68,76,106,68,70,80,71,58,20,4,12,68,50,6
12,31,33,25,20,16,27,31,43,61,108,112,105,124,104,103,84,61,34,24,22,37,30,12
9,13,13,10,11,10,12,53,69,127,156,162,151,126,133,163,166,129,88,69,27,24,31,12
8,10,5,5,7,13,38,103,125,145,182,209,212,167,189,221,225,189,136,108,33,12,13,9
6,8,9,11,11,13,43,81,109,143,202,210,213,177,220,231,201,171,131,102,51,14,14,16
7,0,6,10,13,21,39,89,127,146,179,199,202,156,173,211,200,173,125,101,57,23,22,30
11,14,14,8,10,15,36,96,105,138,163,167,154,121,127,144,151,143,102,94,84,32,16,30
8,3,6,4,12,8,45,86,112,117,130,121,109,100,93,115,120,119,105,106,101,62,40,57
5,5,1,0,0,6,13,101,102,103,104,79,42,29,13,55,67,82,76,63,77,41,40,31
11,0,0,0,3,10,13,96,101,105,101,101,7,6,8,0,12,12,62,55,14,69,58,52
0,0,0,5,10,2,23,60,87,105,100,62,14,0,4,0,0,1,0,2,7,5,10,22
9,7,2,3,0,7,9,51,74,86,88,25,6,10,4,2,0,0,4,40,55,81,85,34
0,0,5,0,0,0,11,51,74,52,12,9,5,13,13,12,48,64,71,55,55,59,47,44
0,0,0,0,7,9,22,42,60,14,15,52,50,41,42,49,53,53,54,65,50,32,13,12
6,0,0,8,10,8,15,36,38,14,31,60,55,125,75,61,54,42,42,27,13,13,19,10
0,0,0,0,4,11,51,53,52,7,58,63,55,53,40,14,13,12,14,22,8,0,1,2
8,0,0,0,0,13,52,57,59,12,85,60,39,14,8,12,12,12,11,11,2,0,0,0
3,0,0,0,0,16,53,57,56,12,62,24,6,12,10,12,12,9,8,7,6,0,4,7
0,0,0,0,7,23,51,55,53,10,36,22,5,2,9,8,8,9,10,0,0,0,8,8
4,0,0,0,8,14,50,54,52,7,4,11,4,4,7,5,9,11,6,0,0,4,6,0
0,0,2,4,0,8,26,51,26,0,6,9,7,5,0,4,10,4,7,0,2,4,0,7
0,0,0,7,9,8,11,50,22,5,9,7,0,3,3,0,0,2,0,6,2,0,0,2
0,0,0,0,3,2,11,16,14,10,4,11,10,6,0,0,0,4,5,7,4,1,10,6
0,0,0,0,0,2,6,22,13,11,10,9,0,6,7,0,0,0,7,8,0,3,1,0
5,6,1,0,5,12,35,69,54,29,11,3,7,0,0,5,8,0,0,9,7,0,0,0
8,7,0,2,5,13,33,85,62,12,9,12,9,0,6,1,0,1,5,1,0,4,1,5
5,4,0,0,6,5,7,26,18,11,11,6,8,8,8,0,0,7,4,0,10,6,8,0
2,0,0,0,0,0,5,10,11,7,8,2,2,12,2,0,0,7,0,0,6,0,3,5

0,0,0,0,0,5,0,0,3,6,6,10,12,13,24,3,0,0,0,0,0,3,7,2
8,0,0,0,6,9,4,1,9,9,35,54,55,54,55,35,28,9,0,7,11,9,8,4
1,0,0,0,0,8,11,13,38,53,60,70,101,100,59,55,34,47,0,13,14,11,13,5
3,0,0,0,8,7,15,43,57,72,97,98,90,71,60,55,53,36,14,12,11,9,5,10
0,0,0,0,3,0,5,35,62,63,71,78,97,65,60,56,56,53,29,25,13,0,3,0
0,0,0,4,8,8,12,17,54,56,61,68,69,60,59,50,45,38,20,21,6,0,0,0
3,2,2,9,10,11,20,54,60,66,78,65,66,71,70,66,47,12,0,2,5,0,0,0
0,0,0,10,13,55,64,72,86,86,98,78,61,63,74,69,72,67,66,12,6,4,0,0
0,0,0,10,55,62,70,78,99,117,108,93,73,68,84,97,97,81,77,66,14,9,0,0
0,0,5,12,53,58,65,86,116,133,127,118,94,102,109,129,131,105,64,63,62,13,0,3
0,4,11,28,58,60,55,85,107,122,132,117,114,124,123,125,108,88,61,62,60,36,0,0
0,0,6,50,64,61,50,63,114,123,140,137,123,131,132,130,114,69,51,58,60,51,12,3
0,0,13,57,68,52,31,57,92,117,133,140,134,127,133,128,109,58,44,43,51,41,11,1
0,6,37,62,53,32,14,65,65,101,126,133,127,115,126,122,108,73,10,14,55,87,5,0
0,9,64,64,39,11,8,14,51,54,81,112,116,105,119,118,102,71,10,10,72,68,13,12
6,14,58,56,11,3,0,7,37,51,64,85,102,91,88,89,74,83,10,4,35,51,40,4
10,20,47,37,12,7,7,12,32,52,68,77,106,69,70,79,71,57,19,4,11,68,50,6
12,31,33,25,20,15,27,31,43,62,109,113,106,124,104,102,84,61,34,24,22,37,30,12
8,13,13,10,10,10,12,53,69,127,157,163,152,127,133,162,165,128,88,69,26,24,31,12
8,10,5,5,7,13,38,103,125,145,183,211,214,168,189,221,224,188,136,108,33,12,13,9
6,8,9,11,11,13,44,82,110,144,203,211,214,178,220,231,200,171,131,102,51,14,14,16
7,0,6,10,13,22,39,89,127,146,180,199,203,158,174,211,201,173,125,101,57,23,22,30
11,14,14,8,10,16,37,97,105,138,164,168,154,121,127,144,151,143,102,94,85,32,16,30
8,3,6,4,12,8,48,87,112,117,131,122,109,100,92,115,120,119,105,106,101,62,42,57
5,5,1,0,0,6,13,101,102,104,104,79,45,30,13,59,67,82,76,63,77,42,40,30
11,0,0,0,3,10,13,98,101,105,101,101,7,6,8,0,12,12,63,55,15,71,59,52
0,0,0,4,11,3,24,60,87,105,100,62,14,0,4,0,0,1,0,2,7,5,10,23
9,7,1,3,0,7,10,51,74,86,89,24,6,10,4,3,0,0,4,41,55,82,85,35
0,0,5,0,0,0,11,51,74,52,13,9,5,12,13,12,47,63,71,55,55,59,47,44
0,0,0,0,7,9,22,42,60,14,15,52,50,41,42,49,53,53,54,65,50,32,13,12
6,1,0,8,10,8,15,36,38,14,31,60,55,125,75,62,54,43,43,28,13,13,20,10
0,0,0,0,4,11,51,53,52,7,58,62,55,53,41,14,13,12,14,22,8,0,1,2
8,0,0,0,0,13,52,57,59,12,86,60,41,15,9,12,12,12,11,11,2,0,0,0
3,0,0,0,0,16,53,57,56,12,62,26,7,13,10,12,12,8,8,7,6,0,4,7
0,0,0,0,7,23,51,54,53,10,37,24,5,2,9,8,7,9,10,0,0,0,8,8
4,0,0,0,8,14,50,54,52,7,4,11,3,4,7,5,9,11,6,0,0,4,6,0
0,0,2,4,0,8,25,51,28,0,6,9,7,5,0,4,10,4,7,0,2,4,0,7
0,0,0,7,10,8,11,50,22,5,9,8,0,2,3,0,0,2,0,6,2,0,0,3
0,0,0,0,3,3,11,17,14,10,4,11,10,6,0,0,0,4,5,7,4,1,10,6
0,0,0,0,0,2,6,22,13,11,10,9,0,6,7,0,0,0,7,8,0,3,1,0
5,6,1,0,5,12,35,69,54,29,11,3,7,0,0,5,8,0,0,9,7,0,0,0
8,7,0,2,5,13,34,86,62,12,10,12,9,0,6,1,0,1,5,1,0,5,1,5
5,4,0,0,6,5,7,29,21,11,11,6,8,8,8,0,0,7,4,0,10,6,8,0
2,0,0,0,0,0,5,10,11,8,8,2,2,12,3,0,0,7,0,0,6,0,3,5

0,0,0,0,0,4,0,0,3,6,6,10,12,13,24,3,0,0,0,0,0,3,7,2
8,0,0,0,6,9,4,1,9,9,38,54,55,54,55,35,29,9,0,7,11,9,8,4
1,0,0,0,0,8,11,13,41,53,60,70,101,100,59,55,34,47,0,13,14,11,13,4
3,0,0,0,8,6,14,44,57,72,97,99,90,71,60,55,53,36,14,12,11,9,5,10
0,0,0,0,3,0,5,35,62,63,71,78,97,65,60,56,56,53,29,25,13,0,3,0
0,0,0,4,8,8,12,17,54,56,61,68,69,60,59,50,45,39,19,20,6,0,0,0
3,2,2,9,10,11,20,54,60,66,78,65,66,71,70,65,46,12,0,2,5,0,0,0
0,0,0,10,13,55,64,72,86,86,97,78,60,63,74,68,72,68,66,12,6,4,0,0
0,0,0,10,55,62,69,78,98,116,107,93,73,68,84,97,97,81,77,66,14,9,0,0
0,0,5,12,53,58,65,86,116,133,126,118,94,102,109,129,131,105,64,63,62,13,0,3
0,3,11,28,58,60,55,85,107,122,132,117,115,124,123,125,108,88,61,62,60,36,0,0
0,0,6,50,64,61,50,63,114,123,140,138,123,132,133,130,114,69,51,58,60,51,12,3
0,0,13,57,69,52,31,57,93,117,133,141,134,127,133,128,109,58,44,43,52,41,11,1
0,6,37,63,53,32,14,65,66,101,126,133,127,114,126,122,108,73,10,13,55,86,5,0
0,8,64,64,40,11,8,14,51,53,81,112,116,105,119,118,101,70,10,10,72,68,13,12
6,14,58,56,11,3,0,7,35,51,64,84,102,91,88,89,74,84,10,4,35,51,40,4
11,21,47,36,12,7,7,12,31,52,68,76,106,69,70,79,71,57,20,4,12,67,50,6
12,31,33,25,20,15,27,31,43,62,108,112,105,124,103,102,84,61,34,24,22,37,30,12
9,13,13,10,11,10,12,53,69,127,157,163,152,127,133,162,166,129,88,70,27,24,31,12
8,10,5,5,7,13,38,103,125,145,183,210,213,168,189,221,225,188,136,108,33,12,13,9
6,8,9,11,11,13,43,81,110,143,203,210,214,178,220,232,201,171,131,102,52,14,14,16
7,0,6,9,13,22,39,89,127,146,179,199,202,158,174,211,201,173,125,102,57,23,22,30
11,14,14,8,10,15,37,96,105,138,164,168,154,121,127,144,151,143,102,94,85,31,16,30
8,3,6,4,12,8,47,87,112,117,131,122,110,100,93,115,120,120,105,106,101,62,42,58
5,5,1,0,0,6,13,101,102,103,104,79,43,29,13,58,67,82,77,63,78,42,41,31
10,0,0,0,3,11,13,98,101,105,101,101,7,6,8,0,12,12,66,57,15,73,59,53
0,0,0,4,11,3,24,59,87,105,100,62,15,0,4,0,0,1,0,2,7,5,10,23
9,7,1,3,0,7,10,51,74,86,88,26,6,10,5,3,0,0,5,41,55,81,85,35
0,0,4,0,0,0,12,51,74,52,13,9,5,13,13,12,50,63,71,55,55,59,48,45
0,0,0,0,7,9,24,42,61,14,15,52,50,40,42,49,53,53,54,65,50,32,13,12
6,0,0,8,10,9,15,36,38,14,31,60,55,125,75,62,54,43,43,28,13,14,21,10
0,0,0,0,4,11,51,53,52,8,58,62,55,53,42,14,13,12,14,22,8,0,1,2
8,0,0,0,0,13,52,57,59,12,85,60,40,15,9,12,12,12,11,11,2,0,0,0
3,0,0,0,0,16,53,57,56,12,62,27,7,13,10,12,12,8,8,7,6,0,4,7
0,0,0,0,7,24,51,54,53,10,39,23,5,2,9,8,7,9,10,0,0,0,8,8
4,0,0,0,8,14,50,54,52,7,4,11,3,4,7,5,9,11,6,0,0,4,6,0
0,0,3,4,0,8,27,51,28,0,6,9,7,5,0,4,10,4,7,0,3,4,0,7
0,0,0,7,10,8,11,50,23,5,9,7,0,2,3,0,0,2,0,6,2,0,0,2
0,0,0,0,3,3,12,18,14,11,4,11,10,6,0,0,0,4,5,7,4,1,10,6
0,0,0,0,0,2,6,23,13,11,11,9,0,6,7,0,0,0,7,8,0,3,1,0
5,6,1,0,5,12,37,69,54,30,11,3,7,0,0,5,8,0,0,9,7,0,0,0
8,7,0,2,5,13,33,86,62,12,9,12,9,0,6,1,0,1,5,1,0,5,1,5
5,4,0,0,6,5,7,27,21,11,11,6,8,8,8,0,0,7,4,0,10,6,8,0
1,0,0,0,0,0,5,10,11,8,8,2,3,12,2,0,0,7,0,0,6,0,3,5

0,0,0,0,0,5,1,0,4,6,7,10,12,14,25,4,0,0,0,0,0,3,7,2
8,0,0,0,6,9,4,1,10,9,39,54,56,54,55,36,29,9,0,7,11,9,8,4
1,0,0,0,0,8,11,13,40,53,60,70,101,100,59,55,34,47,0,13,14,11,13,4
3,0,0,0,8,7,15,44,57,72,97,99,90,71,60,55,53,36,14,12,11,9,5,10
0,0,0,0,3,0,5,34,62,63,71,78,97,65,60,56,56,53,29,25,13,0,3,0
0,0,0,4,8,8,12,17,54,56,61,68,69,60,59,50,44,39,19,20,6,0,0,0
3,2,2,9,10,11,19,54,60,66,78,65,66,71,70,65,46,12,0,2,5,0,0,0
0,0,0,10,13,55,64,72,86,86,98,78,61,63,74,69,73,68,66,12,6,4,0,0
0,0,0,10,55,62,69,78,98,116,107,93,73,68,84,97,97,81,77,66,14,9,0,0
0,0,5,12,53,58,65,86,116,133,126,118,94,102,108,129,131,105,64,63,62,13,0,3
0,3,11,28,58,60,55,85,107,122,132,117,114,124,123,125,108,88,61,62,60,35,0,0
0,0,6,50,64,61,50,63,114,123,140,137,123,132,132,130,114,69,51,58,60,51,12,3
0,0,13,57,69,52,31,57,93,117,133,141,134,127,133,127,109,58,44,43,52,41,11,1
0,6,36,62,53,31,14,64,66,101,126,133,127,114,126,122,108,72,10,13,55,87,5,0
0,8,65,64,40,11,8,14,50,54,81,112,116,104,118,117,101,70,10,10,72,68,13,12
6,14,58,56,11,3,0,7,36,51,64,84,102,90,88,89,74,83,10,4,35,51,40,4
11,21,47,38,12,7,7,12,32,52,68,76,106,69,69,79,71,58,20,4,11,69,50,6
12,31,33,25,20,15,27,31,43,61,108,112,105,123,103,102,84,61,34,24,22,37,30,12
9,13,13,10,10,10,12,53,69,127,156,162,152,127,133,163,166,129,88,70,27,24,31,12
8,10,5,5,7,13,38,103,125,145,182,209,213,168,189,221,225,189,137,108,32,12,13,9
6,8,9,11,11,13,43,81,110,143,202,210,213,178,220,232,201,171,132,102,51,15,14,16
7,0,6,10,13,21,39,89,127,146,179,199,203,158,175,212,201,174,125,102,57,23,22,30
11,14,14,8,10,16,37,96,105,138,164,168,154,121,128,145,152,143,102,95,85,31,16,30
8,3,6,4,12,8,48,87,112,117,131,122,109,100,93,115,121,120,105,106,101,62,41,58
5,5,1,0,0,6,13,101,102,104,104,79,45,30,13,61,69,83,77,63,78,42,40,31
10,0,0,0,3,11,13,96,101,105,101,101,7,7,8,1,12,12,67,57,16,72,59,53
0,0,0,4,11,3,24,60,88,105,100,63,15,0,4,0,0,1,0,2,7,5,10,23
9,7,1,3,0,8,10,51,74,86,89,26,7,10,5,3,0,0,5,41,55,81,85,35
0,0,5,0,0,0,12,51,74,53,13,9,5,13,13,12,50,64,72,55,55,59,48,45
0,0,0,0,7,9,24,42,61,14,15,52,50,40,42,49,53,53,54,65,50,32,13,12
6,0,0,8,10,9,15,36,38,14,32,60,55,125,75,62,54,43,44,29,13,13,21,10
0,0,0,0,4,11,50,53,52,7,57,62,55,53,43,16,13,12,14,22,8,0,1,2
8,0,0,0,0,13,52,57,59,12,86,60,40,15,11,12,12,12,11,11,2,0,0,0
3,0,0,0,0,16,53,57,56,12,63,27,7,13,10,12,12,8,8,7,6,0,4,7
0,0,0,0,8,24,51,54,53,10,39,24,5,2,9,8,8,9,10,0,0,0,8,8
4,0,0,0,8,14,50,54,52,8,5,11,3,4,8,5,9,11,6,0,0,4,6,0
0,0,3,4,0,8,27,51,30,0,6,9,7,5,0,4,10,4,7,0,3,4,0,7
0,0,0,7,10,8,11,50,24,5,9,7,0,2,4,0,0,2,0,6,2,0,0,3
0,0,0,0,3,3,11,18,14,11,4,11,10,6,0,0,0,4,5,7,4,1,10,6
0,0,0,0,0,2,6,23,14,11,11,10,0,6,7,0,0,0,8,8,0,3,1,0
5,6,1,0,5,13,37,69,54,30,11,3,7,0,0,5,8,0,0,9,7,0,0,0
8,7,0,2,5,13,34,86,62,12,10,12,9,0,6,1,0,1,5,1,0,5,1,5
5,4,0,0,6,5,7,29,21,11,11,6,8,8,8,0,0,7,4,0,10,6,8,0
1,0,0,0,0,0,5,10,11,8,8,2,3,12,3,0,0,7,0,0,6,0,3,5

0,0,0,0,0,5,1,0,4,6,7,11,12,14,25,4,0,0,0,0,0,3,7,2
8,0,0,0,6,9,4,1,10,9,39,55,55,54,55,35,29,9,0,7,12,9,8,4
1,0,0,0,0,8,11,13,41,53,60,70,101,100,59,55,34,48,0,13,14,11,13,4
2,0,0,0,8,7,15,45,57,71,97,99,90,71,60,55,53,36,14,12,11,9,5,10
0,0,0,0,3,0,5,35,63,63,71,78,97,65,60,56,56,53,30,25,13,0,3,0
0,0,0,4,8,8,12,17,54,55,61,68,68,60,59,50,44,38,19,20,6,0,0,0
3,2,2,9,10,11,19,54,60,66,78,65,66,71,70,65,46,12,0,2,5,0,0,0
0,0,0,10,13,55,64,72,85,86,97,78,60,62,74,69,72,67,66,12,6,4,0,0
0,0,0,10,55,62,70,78,98,117,108,93,73,68,84,97,98,81,77,66,14,9,0,0
0,0,5,12,53,58,65,86,117,133,127,119,94,102,109,130,131,105,64,63,62,13,0,3
0,3,11,28,58,60,55,85,107,122,133,118,114,124,123,125,108,88,61,62,60,36,0,0
0,0,6,50,64,61,50,63,114,123,140,138,123,131,132,129,114,69,51,58,60,51,12,3
0,0,13,57,69,52,31,57,93,117,134,141,134,127,133,127,109,58,45,43,52,41,11,1
0,5,36,62,53,32,14,65,66,101,126,133,127,114,126,121,108,72,10,14,55,87,5,0
0,8,64,64,39,11,8,14,50,53,81,111,116,104,118,117,101,69,10,10,72,68,13,12
6,14,58,56,11,3,0,6,35,51,64,84,102,90,87,88,73,82,10,4,35,51,40,4
11,22,47,38,13,7,7,12,32,52,68,76,106,69,69,79,71,58,21,4,11,68,50,6
12,31,33,25,20,15,27,31,43,61,108,112,105,123,103,102,84,61,34,24,22,37,30,12
9,13,13,10,10,9,12,53,69,126,156,162,151,126,133,163,166,129,89,70,27,24,31,12
8,10,5,5,7,13,38,103,124,145,182,209,212,168,190,221,226,190,137,108,33,12,13,9
6,8,9,11,11,13,43,81,109,143,202,210,213,179,221,232,202,172,132,103,52,15,14,16
7,0,6,9,13,21,39,88,126,146,179,198,203,159,176,213,202,175,126,102,57,23,22,30
11,14,14,9,10,16,37,96,105,138,164,168,154,121,128,145,152,144,102,96,85,32,16,31
8,3,6,4,12,8,47,86,112,117,131,122,109,100,92,115,121,120,105,106,101,62,41,57
5,5,1,0,0,6,13,101,102,104,104,80,45,30,13,61,67,82,77,63,78,42,40,31
10,0,0,0,3,11,13,98,101,105,101,101,7,7,8,1,12,12,66,55,16,73,59,53
0,0,0,4,11,3,24,60,87,105,100,63,14,0,4,0,0,1,0,2,7,5,10,23
9,7,1,3,0,8,10,51,74,86,89,27,7,10,5,4,0,0,5,41,55,81,84,34
0,0,5,0,0,0,12,51,75,52,13,9,5,13,13,12,50,64,71,55,55,59,48,45
0,0,0,0,7,9,24,42,61,14,15,52,50,40,42,50,53,53,54,65,50,32,13,12
6,1,0,8,10,9,15,36,38,15,32,60,55,126,76,62,54,43,44,28,13,13,20,10
0,0,0,0,4,11,51,53,52,7,58,63,55,53,42,15,13,12,14,22,8,0,1,2
8,0,0,0,0,13,52,57,59,12,86,60,44,15,12,12,12,12,11,11,2,0,0,0
3,0,0,0,0,17,53,57,56,12,63,27,7,13,10,12,12,8,8,8,7,0,4,7
0,0,0,0,8,24,51,55,53,10,40,24,5,3,9,8,8,9,10,0,0,0,8,8
5,0,0,0,8,14,50,54,52,8,5,11,3,4,8,6,10,11,6,0,0,4,6,0
0,0,3,5,0,8,26,51,30,0,6,9,7,5,0,4,10,4,7,0,3,4,0,7
0,0,0,7,10,8,11,50,25,5,9,8,0,2,4,0,0,2,0,6,3,0,0,3
0,0,0,0,3,3,12,19,14,11,4,11,10,6,0,0,0,4,5,7,4,1,10,6
0,0,0,0,0,2,6,25,13,11,11,10,0,6,7,0,0,0,8,8,0,4,1,0
5,7,1,0,6,13,37,70,54,30,11,4,7,0,1,5,9,0,0,9,7,0,0,0
8,7,0,2,5,13,34,87,62,12,10,13,9,0,6,1,0,1,5,1,0,5,1,5
5,4,0,0,6,5,8,29,22,11,11,6,9,8,8,0,0,7,4,0,10,6,8,0
2,0,0,0,0,0,5,10,11,8,8,3,2,12,3,0,0,7,0,0,6,0,3,5

0,0,0,0,0,5,1,0,4,6,7,10,12,13,24,4,0,0,0,0,0,3,7,2
9,0,0,0,6,9,4,2,10,9,40,54,56,54,55,36,29,9,0,7,12,9,8,4
1,0,0,0,0,8,11,13,41,53,60,70,101,100,59,55,34,47,0,13,14,11,13,5
3,0,0,0,8,7,15,44,57,71,97,99,90,71,60,55,53,36,14,12,11,9,5,10
0,0,0,0,3,0,5,35,63,63,71,78,97,65,60,56,56,53,29,25,13,0,3,0
0,0,0,4,8,8,12,17,54,55,61,68,68,60,59,49,44,38,19,20,6,0,0,0
3,3,2,9,10,11,20,54,60,66,78,65,66,71,70,65,46,12,0,2,5,0,0,0
0,0,0,10,13,55,64,72,85,86,97,78,60,63,74,69,73,68,66,12,6,4,0,0
0,0,0,10,55,62,70,78,98,116,107,93,73,68,84,97,98,81,77,66,14,9,0,0
0,0,5,12,53,58,65,86,116,133,127,119,94,102,109,130,132,105,64,63,62,13,0,3
0,3,11,28,58,60,55,85,107,122,133,118,115,125,123,126,108,89,61,62,60,36,0,0
0,0,6,50,65,61,50,63,114,123,140,138,123,132,132,130,114,69,51,58,60,51,12,3
0,0,13,57,69,52,31,57,93,117,134,141,134,127,133,127,109,58,44,43,52,41,11,1
0,6,37,62,53,33,14,64,66,101,126,133,127,114,126,121,108,73,10,14,55,87,5,0
0,9,65,64,39,11,8,14,50,53,81,111,116,104,118,117,101,69,10,10,72,68,13,12
6,14,58,56,11,3,0,6,33,51,63,84,102,90,87,88,73,82,10,4,35,51,40,4
10,20,47,38,12,7,7,12,32,52,68,76,106,68,69,79,70,58,21,4,11,68,50,6
12,31,33,25,20,15,27,31,43,61,108,112,104,122,103,102,84,61,34,24,22,37,30,12
8,13,13,10,10,9,12,52,69,126,156,162,150,126,133,162,165,129,89,70,27,24,31,12
8,10,5,5,7,13,37,103,124,144,182,209,211,167,189,221,225,190,137,108,33,12,13,9
6,7,9,11,11,13,43,81,109,143,202,209,212,178,220,232,202,172,132,103,51,14,14,16
7,0,6,9,13,21,39,88,127,146,179,198,202,159,176,212,202,174,126,102,57,23,22,30
11,14,14,9,10,16,37,96,105,138,164,168,154,121,128,145,152,144,103,95,86,31,16,31
8,3,6,4,12,8,48,87,112,117,131,122,110,100,93,116,121,120,105,106,101,62,40,58
5,5,1,0,0,6,13,101,102,104,104,82,48,30,13,63,69,83,77,63,77,42,41,31
10,0,0,0,3,11,13,100,101,105,101,101,7,7,9,1,12,12,66,58,16,73,59,53
0,0,0,4,11,3,25,60,87,105,100,62,15,0,4,0,0,1,0,2,7,5,10,23
9,7,1,3,0,8,10,51,74,86,88,28,7,10,5,4,0,0,5,41,55,81,85,36
0,0,5,0,0,0,12,51,74,53,13,9,5,13,13,12,50,62,71,55,55,59,48,45
0,0,0,0,7,9,24,42,61,14,15,52,50,40,42,49,53,53,54,65,50,32,13,12
6,0,0,8,10,9,16,36,38,15,32,59,54,126,76,63,54,43,46,29,13,14,21,10
0,0,0,0,4,11,51,53,52,8,58,62,55,53,43,17,14,12,14,22,8,0,1,2
8,0,0,0,0,13,52,57,59,12,86,60,42,17,12,12,12,12,11,11,2,0,0,0
3,0,0,0,0,18,53,57,56,12,63,28,8,13,10,12,12,9,9,8,7,0,4,7
0,0,0,0,8,26,51,55,53,10,40,23,5,2,9,8,7,9,10,0,0,0,8,8
5,0,0,0,9,14,50,54,52,8,5,11,3,4,8,6,9,11,6,0,0,4,6,0
0,0,3,5,0,8,27,51,30,0,6,9,6,5,0,4,10,4,7,0,3,4,0,7
0,0,0,7,10,8,11,50,26,5,9,8,0,2,4,0,0,2,0,6,3,0,0,3
0,0,0,0,3,3,12,19,14,11,4,11,10,6,0,0,0,4,5,7,4,1,10,6
0,0,0,0,0,3,6,25,13,11,11,9,0,6,7,0,0,0,8,8,0,4,1,0
5,6,1,0,6,13,38,70,54,30,11,4,7,0,1,5,8,0,0,9,7,0,0,0
8,7,0,2,5,13,34,87,62,12,10,13,9,0,7,1,0,1,5,1,0,5,1,5
5,4,0,0,6,5,8,30,22,11,11,7,8,8,8,0,0,7,4,0,10,6,8,0
2,0,0,0,0,0,5,10,11,8,9,3,3,12,3,0,0,7,0,0,6,0,3,5

0,0,0,0,0,5,1,0,4,6,7,11,12,14,25,4,0,0,0,0,0,3,7,2
9,0,0,0,6,9,4,2,10,9,42,54,56,54,55,36,29,9,0,7,11,8,8,4
1,0,0,0,0,8,11,13,41,53,60,70,101,100,59,55,34,47,0,13,14,11,13,4
3,0,0,0,8,7,15,45,57,72,97,99,91,71,60,55,53,36,14,12,11,9,5,10
0,0,0,0,3,0,5,35,63,63,71,78,97,65,60,56,56,53,30,25,13,0,3,0
0,0,0,4,8,8,12,18,54,55,61,68,69,60,59,50,44,38,19,20,6,0,0,0
3,3,2,9,10,11,20,54,61,66,78,65,66,71,70,65,46,12,0,2,5,0,0,0
0,0,0,10,14,55,64,72,85,86,97,78,60,63,74,69,73,68,66,12,6,4,0,0
0,0,0,10,55,62,70,78,99,116,107,93,73,68,84,97,98,81,78,66,14,9,0,0
0,0,5,12,53,58,65,86,116,132,126,118,94,103,109,130,132,105,64,63,62,13,0,3
0,3,11,28,58,60,56,85,107,122,132,118,115,125,124,125,109,89,62,62,60,37,0,0
0,0,6,50,65,61,50,63,114,123,140,138,123,132,132,130,114,69,51,58,60,51,12,3
0,0,13,57,69,52,32,57,93,117,134,141,134,127,133,127,109,58,44,43,52,41,11,1
0,6,38,63,53,35,14,65,66,101,126,133,127,114,125,121,108,73,10,14,55,87,5,0
0,8,64,64,40,11,8,14,50,53,81,111,116,104,118,117,101,69,10,10,72,68,13,12
6,14,58,56,11,3,0,6,35,51,63,84,102,90,87,88,73,82,9,4,35,51,40,4
11,21,47,38,12,7,7,12,31,52,67,76,106,68,69,79,71,58,21,4,11,69,50,6
12,31,33,25,20,15,27,31,43,61,108,111,104,122,102,101,84,61,34,24,22,37,30,12
9,13,13,10,10,9,12,52,69,126,155,161,150,126,133,162,165,129,89,70,27,24,31,12
8,10,5,5,7,13,37,103,124,144,182,209,211,167,189,221,225,190,137,108,33,12,13,9
6,8,9,11,10,13,42,81,109,142,202,209,212,178,220,232,202,172,132,103,52,14,14,16
7,0,6,9,13,21,39,89,127,146,179,198,202,159,175,213,202,175,126,102,58,23,22,30
11,14,14,9,10,16,37,96,105,138,164,168,154,121,128,145,152,144,103,96,85,31,16,31
8,3,6,4,12,8,48,87,112,117,131,122,110,100,94,116,121,120,106,106,101,62,41,58
5,5,1,0,0,6,13,101,102,104,104,80,46,29,13,61,68,83,77,63,78,42,41,31
11,0,0,0,3,11,13,98,101,105,101,101,8,7,9,2,12,12,68,58,16,73,59,54
0,0,0,4,11,3,25,63,88,105,100,63,16,0,4,0,0,1,0,2,7,5,10,24
9,7,1,3,0,8,10,51,74,86,89,29,7,10,5,4,0,0,5,41,55,81,85,36
0,0,5,0,0,0,12,52,75,53,13,9,5,13,13,12,50,64,71,55,55,59,48,45
0,0,0,0,7,9,24,43,61,14,15,52,50,40,42,50,53,53,54,65,50,33,13,12
6,1,0,8,10,9,15,36,38,15,32,59,54,126,76,63,54,43,45,29,13,14,22,10
0,0,0,0,5,11,51,53,52,8,58,62,55,53,43,17,13,12,14,22,9,0,1,2
8,0,0,0,0,13,52,57,59,12,86,60,44,17,12,12,12,12,11,11,2,0,0,0
3,0,0,0,0,18,53,57,56,12,63,30,8,13,10,12,12,9,9,8,7,0,4,7
0,0,0,0,8,26,51,55,53,10,40,24,5,3,9,8,8,9,10,0,0,0,8,8
5,0,0,0,8,14,50,54,52,8,5,11,3,4,8,6,10,11,6,0,0,4,6,0
0,0,3,5,0,8,27,51,31,0,6,9,6,5,0,4,10,4,7,0,3,5,0,7
0,0,0,7,10,8,11,50,26,5,9,7,0,2,4,0,0,2,0,6,3,0,0,3
0,0,0,0,3,3,12,19,14,11,4,11,10,6,0,0,0,5,5,7,4,1,10,6
0,0,0,0,0,3,6,25,13,11,11,9,0,6,7,0,0,0,8,8,0,4,1,0
5,6,1,0,6,13,38,70,54,30,11,4,7,0,1,5,9,0,0,9,7,0,0,0
8,7,0,2,5,14,34,87,62,13,10,13,9,1,7,1,0,1,5,1,0,5,1,5
5,4,0,0,6,5,8,31,22,11,11,7,8,8,8,0,0,7,4,0,10,6,8,0
2,0,0,0,0,0,5,10,11,8,9,3,3,12,2,0,0,7,0,0,6,0,3,5

0,0,0,0,0,5,1,0,4,6,7,11,12,14,25,4,0,0,0,0,0,3,7,2
8,0,0,0,6,9,4,2,10,9,42,54,56,54,55,36,29,9,0,7,12,9,8,4
1,0,0,0,0,8,11,13,41,53,60,70,101,100,59,55,34,48,0,13,14,11,13,4
3,0,0,0,8,7,15,45,57,72,97,99,91,71,60,55,53,36,14,12,11,9,5,10
0,0,0,0,3,0,5,35,63,63,71,78,97,65,60,56,56,53,30,25,13,0,3,0
0,0,0,4,8,8,12,18,54,56,61,68,69,60,59,50,45,38,19,20,6,0,0,0
3,2,2,9,10,11,20,54,60,66,78,65,66,71,70,65,46,12,0,2,5,0,0,0
0,0,0,10,14,55,64,72,86,86,97,78,61,63,74,69,73,68,66,12,6,4,0,0
0,0,0,10,55,62,70,78,99,116,107,93,73,68,84,97,98,81,78,66,14,9,0,0
0,0,5,12,53,58,65,86,116,132,126,118,94,102,109,129,131,105,64,63,62,13,0,3
0,3,11,28,58,60,56,85,107,121,132,117,114,124,123,125,108,88,61,62,60,35,0,0
0,0,6,50,64,61,50,63,114,122,139,137,122,131,131,129,114,69,51,58,60,51,12,3
0,0,13,57,69,52,32,57,92,116,133,140,133,126,132,127,109,58,45,43,52,41,11,1
0,6,38,63,53,32,14,64,65,101,126,132,127,114,126,122,108,72,10,13,55,86,5,0
0,8,65,64,39,11,7,14,50,53,81,112,116,104,118,117,101,70,10,10,72,68,13,12
6,14,58,56,11,3,0,6,35,51,64,84,102,91,88,89,74,83,10,4,35,51,40,4
10,21,48,37,12,7,7,12,31,51,67,76,106,68,69,79,71,58,21,4,11,67,50,6
12,31,33,25,20,15,27,31,43,61,107,112,105,123,103,102,84,61,34,24,22,37,30,12
9,13,13,10,10,9,12,52,69,126,156,162,151,126,133,163,166,129,89,70,27,24,31,12
8,10,5,5,7,13,37,103,124,144,182,209,212,167,189,221,226,190,137,108,33,12,13,9
6,8,9,11,10,13,42,81,109,143,202,210,213,179,221,233,202,172,132,103,52,14,14,16
7,0,6,10,13,21,39,89,127,146,179,199,203,159,176,213,203,175,126,102,58,23,22,30
11,14,14,9,10,16,37,96,105,138,164,168,154,122,128,145,153,144,103,96,85,31,16,31
8,3,6,4,12,8,48,86,112,117,131,122,110,100,93,116,121,120,106,106,101,63,42,58
5,5,1,0,0,6,13,101,102,104,104,79,46,30,13,63,68,83,77,63,77,42,41,31
10,0,0,0,2,11,13,96,101,105,101,101,8,7,9,2,12,12,67,58,17,75,59,53
0,0,0,4,11,3,27,59,87,105,100,62,15,0,4,0,0,1,0,2,7,5,10,23
9,7,1,3,0,8,10,51,74,85,89,28,7,10,5,4,0,0,5,41,55,81,85,37
0,0,5,0,0,0,12,52,75,53,13,9,5,13,13,12,50,64,72,55,55,59,48,46
0,0,0,0,7,9,24,45,61,14,15,52,50,40,42,50,53,53,54,65,50,33,13,12
6,1,0,8,10,9,16,36,39,15,32,59,54,126,76,63,54,43,46,29,13,14,22,10
0,0,0,0,5,11,51,53,52,8,58,62,55,53,43,18,14,12,14,22,8,0,1,2
8,0,0,0,0,14,52,57,59,12,86,60,44,17,12,12,12,12,11,11,2,0,0,0
3,0,0,0,0,18,53,57,56,12,63,30,8,13,10,12,12,9,9,8,7,0,4,7
0,0,0,0,8,26,51,55,53,10,41,24,5,3,9,8,8,9,10,0,0,0,8,8
5,0,0,0,8,14,50,54,52,8,5,11,3,4,8,6,10,11,6,0,0,4,6,0
0,0,3,5,0,8,28,51,31,0,6,9,6,5,0,4,10,4,7,0,3,5,0,7
0,0,0,7,10,8,11,50,26,5,9,7,0,2,4,0,0,2,0,6,3,0,1,3
0,0,0,0,3,3,12,20,14,11,4,11,10,6,0,0,0,5,5,7,4,1,10,6
0,0,0,0,0,3,6,25,13,11,11,10,0,6,7,0,0,0,8,8,0,4,1,0
5,7,1,0,6,13,38,70,54,30,11,4,7,0,1,5,9,0,0,9,7,0,0,0
8,7,0,2,5,14,34,87,62,12,10,13,9,0,7,1,0,1,6,1,0,5,1,5
5,4,0,0,6,5,8,30,23,11,11,7,8,8,8,0,0,7,4,0,10,6,8,0
1,0,0,0,0,0,5,10,11,8,8,3,3,12,2,0,0,7,0,0,6,0,3,5

0,0,0,0,0,5,1,0,4,6,7,11,12,14,25,4,0,0,0,0,0,3,7,2
8,0,0,0,6,9,4,2,10,9,42,55,56,54,55,35,29,9,0,7,11,9,8,4
1,0,0,0,0,8,11,13,43,53,60,70,101,100,59,55,34,47,0,13,14,11,13,5
3,0,0,0,8,7,15,45,57,72,97,99,91,71,60,55,53,36,14,12,11,9,5,10
0,0,0,0,3,0,5,36,63,63,71,79,98,65,60,56,56,54,30,26,13,0,3,0
0,0,0,4,8,8,12,18,54,56,61,69,69,60,59,50,45,38,20,21,6,0,0,0
3,2,2,9,10,11,20,54,60,66,78,65,66,72,71,66,48,12,0,2,5,0,0,0
0,0,0,10,13,55,64,72,86,86,98,78,61,63,74,69,72,68,66,12,6,4,0,0
0,0,0,10,55,62,70,78,99,117,107,93,73,68,85,97,97,81,77,66,14,9,0,0
0,0,5,12,53,58,65,86,117,133,127,118,94,102,109,130,130,105,64,63,62,13,0,2
0,3,11,28,58,60,56,85,106,121,132,116,112,123,122,124,107,88,61,62,60,35,0,0
0,0,6,50,64,61,50,63,114,122,139,136,120,130,131,128,113,69,51,58,60,51,12,3
0,0,13,57,68,52,31,56,91,115,132,139,132,126,132,126,108,58,44,43,52,41,11,1
0,6,36,62,53,31,14,61,64,100,125,132,126,114,126,122,108,72,10,13,55,86,5,0
0,9,65,64,39,11,7,13,50,53,80,111,116,104,119,118,101,71,10,9,72,67,13,12
6,14,57,56,11,3,0,5,35,51,63,84,102,90,89,89,74,85,10,4,35,50,39,3
11,21,47,37,12,7,7,12,31,51,67,76,106,69,70,80,71,57,21,4,11,67,50,6
12,31,33,25,20,16,27,30,43,61,107,112,105,124,104,103,85,62,34,24,22,37,29,12
9,13,13,10,10,10,12,52,69,126,156,162,152,127,133,164,167,130,90,72,27,24,30,12
8,10,5,5,7,13,37,103,124,144,182,209,212,168,190,222,226,190,137,108,33,12,13,9
6,8,9,11,11,13,43,81,109,142,202,210,213,179,222,233,203,173,132,103,52,14,14,16
7,0,6,9,13,21,39,88,126,146,179,199,203,160,177,214,203,175,127,102,58,23,22,31
11,14,14,9,10,16,37,96,105,138,164,168,155,122,129,146,153,144,103,97,86,31,16,31
8,3,6,4,12,8,47,86,112,117,131,122,110,100,94,116,121,120,106,106,101,62,42,58
5,5,1,0,0,6,13,101,102,104,104,80,45,31,13,62,70,83,77,64,78,42,41,31
10,0,0,0,3,11,13,96,101,105,101,101,8,7,9,3,13,12,70,58,17,75,59,54
0,0,0,4,11,3,25,60,87,105,100,62,17,0,4,0,0,1,0,2,7,5,10,23
9,7,1,3,0,8,10,51,74,86,89,29,7,10,6,4,0,0,5,41,55,81,85,35
0,0,5,0,0,0,12,53,75,53,13,9,5,13,13,12,48,63,71,55,55,59,48,46
0,0,0,0,7,9,24,43,61,14,15,52,50,39,42,50,53,53,54,65,50,33,13,12
6,1,0,8,10,9,17,36,39,15,32,59,54,126,76,63,54,44,46,29,13,14,22,10
0,0,0,0,5,11,51,53,52,8,58,62,55,53,45,17,14,12,14,22,9,0,1,3
8,0,0,0,0,14,52,57,59,12,86,60,44,17,12,12,12,12,11,11,2,0,0,0
3,0,0,0,0,19,53,57,56,12,63,30,8,13,10,12,12,9,9,8,7,0,4,7
0,0,0,0,8,26,51,55,53,10,41,24,5,3,10,8,8,9,10,0,0,0,8,8
5,0,0,0,8,14,50,54,52,8,5,11,3,4,8,6,10,11,6,0,0,4,6,0
0,0,3,5,0,8,27,51,31,0,6,9,6,5,0,4,10,4,7,0,3,5,0,7
0,0,0,7,10,9,11,50,25,5,9,7,0,2,5,0,0,2,0,6,3,0,1,3
0,0,0,0,4,3,12,20,14,11,4,11,10,6,0,0,0,5,5,7,4,1,10,6
0,0,0,0,0,3,7,25,13,12,11,9,0,7,7,0,0,0,8,8,0,4,1,0
5,7,1,0,6,13,37,70,54,30,11,4,7,0,1,5,9,0,0,9,7,0,0,0
8,7,0,2,5,14,34,87,62,12,10,13,9,1,7,1,0,1,5,1,0,5,1,5
5,4,0,0,6,5,8,30,22,11,11,7,8,8,8,0,0,7,4,0,10,6,8,0
1,0,0,0,0,0,5,10,11,8,8,3,3,12,2,0,0,7,0,0,6,0,3,5

0,0,0,0,0,5,1,1,4,7,7,11,12,14,25,4,0,0,0,0,0,3,7,2
8,0,0,0,6,9,4,2,10,9,43,54,56,54,55,36,29,9,0,7,11,9,8,4
1,0,0,0,0,8,11,14,41,53,60,70,101,100,59,55,34,48,0,13,14,11,13,4
3,0,0,0,8,7,15,46,57,72,97,100,91,71,60,55,53,36,14,12,11,9,5,10
0,0,0,0,3,0,5,36,63,63,71,79,98,65,60,56,56,53,30,25,13,0,3,0
0,0,0,4,8,8,12,18,54,56,61,69,69,60,59,50,45,38,20,21,6,0,0,0
3,2,2,9,10,11,20,54,60,66,78,65,67,72,71,66,49,12,0,2,5,0,0,0
0,0,0,10,14,55,64,72,86,86,98,78,61,63,75,69,73,68,66,12,6,4,0,0
0,0,0,10,55,62,70,78,99,117,107,93,73,68,85,97,97,81,77,66,14,9,0,0
0,0,5,12,53,58,65,86,117,133,127,119,93,102,109,129,130,105,64,63,62,13,0,3
0,3,11,28,58,60,56,85,106,121,132,116,111,123,122,124,107,88,62,62,60,34,0,0
0,0,6,50,64,61,50,62,113,121,138,136,120,129,130,128,113,68,51,58,60,51,12,3
0,0,13,57,69,52,32,56,90,115,131,138,132,125,131,126,108,57,44,43,51,41,11,1
0,5,36,62,53,31,13,59,63,100,124,131,126,114,126,121,108,73,10,13,55,86,5,0
0,8,65,64,39,11,7,13,50,53,79,111,116,104,119,118,101,71,10,9,71,67,13,12
6,14,57,56,11,3,0,5,33,50,63,83,102,91,89,90,74,85,10,4,34,50,39,3
10,21,47,38,12,6,7,11,31,51,67,76,106,69,70,80,71,58,20,4,11,67,50,6
12,31,33,25,20,15,27,30,43,60,107,112,105,125,105,103,85,62,34,24,22,37,29,12
9,13,13,10,10,9,12,53,69,126,156,163,152,127,134,164,167,130,90,72,27,24,30,12
8,10,5,5,7,13,37,103,124,144,182,209,212,169,190,223,227,190,138,108,33,12,13,9
6,8,9,11,11,13,43,80,109,142,202,210,213,179,223,234,203,173,133,103,52,15,14,16
7,0,6,10,13,22,39,88,126,146,179,199,203,160,177,214,203,176,127,103,58,23,22,31
11,14,14,9,10,16,38,96,105,138,164,168,155,122,129,146,153,144,103,97,86,31,16,31
8,3,6,4,12,8,48,86,112,117,131,122,110,100,96,116,121,121,106,106,101,63,41,58
5,5,1,0,0,6,13,101,102,104,104,81,46,30,13,63,69,83,77,64,78,42,40,31
10,0,0,0,2,11,13,96,101,105,101,101,8,7,9,3,13,12,70,59,17,75,59,55
0,0,0,4,11,3,25,60,87,105,100,63,17,0,4,0,0,2,0,2,7,5,10,23
9,7,1,3,0,8,10,51,74,86,88,29,7,10,6,4,0,0,5,40,55,81,85,36
0,0,5,0,0,0,12,53,75,53,13,10,5,13,13,12,50,64,71,55,55,59,48,46
0,0,0,0,7,9,24,43,61,14,15,52,50,39,41,50,53,53,54,65,50,32,13,12
6,1,0,8,10,9,16,36,38,15,32,59,55,126,76,63,54,44,47,30,14,14,22,10
0,0,0,0,5,11,51,53,52,8,58,62,55,53,47,18,14,12,14,22,8,0,1,3
8,0,0,0,0,14,52,57,59,12,86,60,46,17,12,12,12,12,11,11,2,0,0,0
3,0,0,0,0,19,53,57,56,12,63,30,8,13,10,12,12,9,9,8,7,0,4,7
0,0,0,0,8,27,51,55,53,10,41,24,5,3,10,8,8,9,10,0,0,0,8,8
5,0,0,0,8,14,50,54,52,8,5,11,3,4,8,6,10,11,6,0,0,4,6,0
0,0,3,5,0,8,27,51,33,0,6,9,6,5,0,4,10,4,7,0,3,5,0,7
0,0,0,7,10,9,11,50,25,5,9,7,0,2,5,0,0,2,0,6,3,0,1,3
0,0,0,0,3,3,12,19,14,11,4,11,10,6,0,0,0,4,5,7,4,1,10,6
0,0,0,0,0,3,7,25,13,11,11,9,0,7,7,0,0,0,8,8,0,4,1,0
5,6,1,0,6,13,37,70,54,29,11,4,7,0,1,5,9,0,0,9,7,0,0,0
8,7,0,2,5,14,34,86,62,12,10,13,9,1,7,2,0,1,5,1,0,5,1,5
5,4,0,0,6,5,8,29,22,11,11,7,9,8,8,0,0,7,4,0,10,6,8,0
2,0,0,0,0,0,5,10,11,8,8,3,3,12,2,0,0,7,0,0,6,0,3,5

0,0,0,0,0,5,1,1,4,6,7,11,12,14,25,4,0,0,0,0,0,3,7,2
9,0,0,0,6,9,4,2,10,9,43,54,56,54,55,36,29,9,0,7,12,8,8,4
1,0,0,0,0,8,12,14,43,53,60,70,101,100,59,55,34,47,0,13,14,11,13,4
3,0,0,0,8,7,16,46,57,72,97,99,92,71,60,55,53,36,14,12,11,9,5,10
0,0,0,0,3,0,5,36,63,63,71,79,98,65,60,56,56,53,30,25,13,0,3,0
0,0,0,4,8,8,12,18,54,56,61,69,69,60,59,50,45,38,20,20,6,0,0,0
3,2,2,9,11,11,20,54,60,66,78,65,66,72,71,66,47,12,0,2,5,0,0,0
0,0,0,10,14,55,64,72,85,86,97,78,61,63,75,69,73,68,66,12,6,4,0,0
0,0,0,10,55,62,70,78,99,116,107,93,73,69,85,98,97,81,77,66,14,9,0,0
0,0,5,12,53,58,65,86,117,132,126,118,93,102,109,131,131,105,64,63,62,13,0,2
0,3,11,28,58,60,56,85,106,121,131,115,110,122,122,124,107,88,61,62,60,34,0,0
0,0,6,50,64,61,50,62,113,121,138,135,119,129,130,128,113,68,51,58,60,51,12,3
0,0,13,57,69,52,31,56,90,115,131,138,131,125,131,125,108,58,44,43,51,41,11,1
0,6,38,63,53,33,13,59,64,100,124,131,126,113,125,121,108,72,10,13,55,86,5,0
0,8,65,64,40,11,7,13,50,53,79,111,115,104,119,117,101,70,10,9,71,67,13,12
6,14,58,56,11,3,0,5,33,51,63,83,102,90,89,89,74,85,10,4,35,50,39,4
10,21,47,38,12,6,7,11,31,51,67,76,106,69,70,80,71,58,20,4,11,67,50,6
12,31,33,25,20,16,27,30,43,61,107,112,106,125,105,104,86,62,34,24,22,37,29,12
8,13,13,10,10,10,12,52,69,126,156,163,153,128,135,165,168,131,90,72,27,24,30,12
8,10,5,5,7,13,38,103,124,144,182,210,214,170,192,223,227,191,138,108,34,12,13,9
6,8,9,11,10,13,43,81,109,142,202,210,214,180,223,234,203,173,133,103,52,15,14,17
7,0,6,10,13,22,39,88,126,146,179,199,203,160,177,214,203,176,127,103,59,23,22,30
11,14,14,9,10,16,38,96,105,138,164,168,155,122,129,146,153,144,104,97,86,32,16,31
8,3,6,4,12,8,48,86,112,117,131,122,110,100,95,116,121,120,106,106,101,63,42,58
5,5,1,0,0,6,13,101,102,104,104,80,45,33,13,62,69,82,77,63,78,42,41,31
11,0,0,0,2,10,13,98,101,105,101,101,8,7,9,3,13,13,71,59,17,75,59,54
0,0,0,4,11,3,27,61,87,105,100,63,17,0,4,0,0,2,0,2,8,5,10,24
9,7,1,3,0,8,10,51,73,86,89,29,7,10,6,4,0,0,5,40,55,81,85,37
0,0,5,0,0,0,12,52,75,53,13,10,5,13,13,12,50,63,71,55,55,59,48,46
0,0,0,0,7,9,24,43,61,14,16,52,50,40,42,49,53,53,54,65,50,32,13,12
6,1,0,8,10,9,17,36,39,15,32,59,54,126,76,63,54,44,46,29,13,14,22,10
0,0,0,0,5,11,51,53,52,8,58,62,55,53,45,18,13,12,14,22,8,0,1,3
8,0,0,0,0,14,52,57,59,12,86,60,45,17,12,12,12,12,11,11,2,0,0,0
3,0,0,0,0,19,53,57,56,12,63,30,8,13,10,12,12,9,9,8,7,0,4,7
0,0,0,0,8,27,51,55,53,10,41,24,5,3,10,8,8,9,10,0,0,0,8,8
5,0,0,0,8,14,50,54,52,8,5,11,3,4,8,6,10,11,6,0,0,4,6,0
0,0,3,5,0,8,27,51,31,0,6,9,6,5,0,4,10,4,7,0,3,5,0,7
0,0,0,7,10,9,11,50,26,5,9,7,0,2,5,0,0,2,0,6,3,0,1,3
0,0,0,0,4,3,12,20,14,11,4,11,10,6,0,0,0,5,5,7,4,1,10,6
0,0,0,0,0,3,7,26,13,12,11,9,0,7,7,0,0,0,8,8,0,4,1,0
5,6,1,0,6,13,38,70,54,29,11,4,7,0,1,5,9,0,0,9,7,0,0,0
8,7,0,2,5,14,34,86,62,12,10,13,9,1,7,2,0,1,5,1,0,5,1,5
5,4,0,0,6,5,8,29,22,11,11,7,9,8,9,0,0,7,4,0,10,6,8,0
2,0,0,0,0,0,5,10,11,8,8,3,3,12,2,0,0,7,0,0,6,0,3,5

0,0,0,0,0,5,1,1,4,6,7,11,12,14,25,4,0,0,0,0,0,3,7,2
9,0,0,0,6,9,4,2,10,9,44,55,56,55,55,36,29,9,0,7,12,9,8,4
1,0,0,0,0,8,11,13,43,53,60,70,101,100,59,55,34,48,0,13,14,11,13,4
3,0,0,0,8,7,16,46,57,72,97,100,91,71,61,55,53,36,14,12,11,9,5,10
0,0,0,0,3,0,5,35,63,63,71,79,98,65,60,56,56,53,30,25,13,0,3,0
0,0,0,4,8,8,12,19,54,56,61,69,69,60,59,50,44,38,19,20,6,0,0,0
3,3,2,9,10,11,20,54,60,66,78,65,67,72,71,65,46,12,0,2,5,0,0,0
0,0,0,10,14,55,64,72,86,86,97,78,61,63,75,69,72,68,66,12,6,4,0,0
0,0,0,11,55,62,70,78,99,117,106,92,72,69,86,98,98,81,77,66,14,9,0,0
0,0,6,12,53,58,66,87,117,133,127,118,93,103,110,133,132,105,64,63,62,13,0,3
0,3,11,29,58,60,56,85,107,121,132,116,110,123,122,125,107,88,62,62,60,35,0,0
0,0,6,50,64,61,50,63,114,122,139,135,119,129,130,128,112,68,51,58,60,51,12,3
0,0,13,57,68,52,31,56,90,115,131,138,131,125,131,125,108,57,44,43,52,41,11,1
0,6,38,63,53,31,13,60,64,100,124,131,125,113,125,121,108,72,10,13,55,86,5,0
0,8,65,64,40,11,7,13,50,53,79,110,115,104,118,117,101,71,10,9,72,67,13,12
6,14,58,56,11,3,0,5,35,50,63,82,101,90,88,89,74,84,10,4,34,50,40,4
10,20,46,38,12,6,7,11,31,51,67,75,106,69,70,80,71,58,22,4,11,67,50,6
12,31,33,25,20,16,27,31,43,61,107,111,105,124,105,104,85,62,35,24,22,37,30,12
8,13,13,10,10,9,12,52,68,126,155,162,152,128,134,165,168,131,91,72,27,24,30,12
8,10,5,5,7,13,37,103,124,144,181,209,213,169,192,224,228,191,138,109,34,13,13,9
6,7,9,11,10,13,42,80,108,142,201,209,213,180,223,234,204,174,133,103,53,15,14,16
7,0,6,10,13,21,39,88,126,146,178,199,203,160,178,215,204,176,127,103,59,23,22,30
11,14,14,9,10,16,38,95,104,138,164,168,155,122,129,146,154,144,104,97,86,32,16,31
8,3,6,5,12,8,48,86,112,117,131,122,110,100,96,116,122,121,106,106,101,63,42,58
5,5,1,0,0,6,13,101,102,104,104,80,45,31,13,62,70,83,77,64,78,42,41,31
11,0,0,0,2,11,13,98,101,105,101,101,8,7,9,3,13,13,70,60,18,76,59,55
0,0,0,4,11,3,24,60,86,105,100,63,19,0,4,0,0,2,0,2,8,5,10,23
9,7,1,3,0,8,10,51,74,86,90,30,7,10,6,5,0,0,5,41,55,81,85,37
0,0,5,0,0,0,12,53,75,53,13,10,5,13,13,12,50,64,71,55,55,59,48,46
0,0,0,0,7,9,25,43,61,14,16,52,50,40,41,50,53,53,54,65,50,32,13,12
6,1,0,9,10,9,17,36,39,16,32,60,54,126,76,63,54,44,46,29,13,14,22,10
0,0,0,0,5,11,51,53,52,8,58,62,55,53,45,18,14,12,14,22,8,0,1,3
8,0,0,0,0,14,52,57,59,12,86,60,46,18,12,12,12,12,11,11,2,0,0,0
3,0,0,0,0,19,53,57,56,12,63,30,8,13,10,12,12,9,9,8,7,0,4,7
0,0,0,0,8,27,51,55,53,10,40,23,5,3,10,8,8,9,10,0,0,0,8,8
5,0,0,0,8,14,50,54,52,8,5,11,3,4,8,7,10,11,6,0,0,4,6,0
0,0,3,5,0,8,27,51,33,0,6,9,6,5,0,4,10,4,7,0,3,5,0,7
0,0,0,7,10,9,11,50,26,5,9,7,0,2,5,0,0,2,0,6,3,0,1,3
0,0,0,0,3,3,12,20,14,11,4,11,10,6,0,0,0,5,5,7,4,1,10,6
0,0,0,0,0,3,7,25,13,12,11,10,0,6,7,0,0,0,8,8,0,4,1,0
5,7,1,0,6,13,37,70,54,30,11,4,7,0,1,5,9,0,0,9,7,0,0,0
8,7,0,2,5,14,34,87,62,12,10,13,9,1,7,2,0,1,5,1,0,5,1,5
5,4,0,0,6,5,8,29,23,11,11,7,8,9,9,0,0,7,4,0,10,6,8,0
2,0,0,0,0,0,5,10,11,8,8,3,3,12,3,0,0,7,0,0,6,0,3,5
1,7,3,0,0,0,0,0,2,22,13,10,7,3,6,2,0,0,4,0,0,0,0,0
4,8,8,11,6,0,8,27,35,54,54,55,53,18,8,8,0,3,8,6,0,0,0,8
4,13,11,14,13,0,46,34,55,59,100,101,69,59,51,31,12,11,8,0,0,0,0,1
10,6,10,11,11,14,36,53,55,60,69,87,96,94,71,55,39,14,6,8,0,0,0,2
0,3,0,13,26,29,53,56,56,60,64,94,76,69,62,61,34,5,0,3,0,0,0,0
0,0,0,6,21,20,39,44,50,58,58,67,66,61,55,54,14,12,8,8,4,0,0,0
0,0,0,6,2,0,12,50,66,70,70,65,64,77,66,60,53,15,10,10,9,2,3,3
0,0,4,6,12,66,67,73,68,73,62,60,78,98,87,85,71,63,54,13,10,0,0,0
0,0,9,14,66,77,81,98,96,82,67,74,94,111,119,98,77,69,61,54,10,0,0,0
3,1,13,62,64,64,105,131,125,109,102,96,121,132,138,116,85,65,57,53,11,5,0,0
0,1,37,60,62,61,88,110,126,125,126,119,122,136,124,107,83,55,60,57,25,11,7,0
3,13,51,60,57,51,70,117,133,136,135,128,142,143,124,114,63,50,60,63,48,5,0,0
1,11,41,51,43,44,59,112,132,137,131,139,146,137,119,94,57,28,51,68,55,13,0,0
0,6,87,55,14,10,74,110,125,130,118,132,137,130,104,68,69,22,29,53,62,34,6,0
13,13,68,71,10,10,71,102,121,122,108,120,118,88,55,53,32,9,10,36,64,63,8,1
4,41,50,35,4,11,84,75,92,93,97,105,92,69,53,50,10,0,3,11,55,58,15,7
6,50,67,12,5,14,56,71,81,72,71,109,79,71,53,36,13,8,7,12,35,46,20,11
12,29,37,22,23,33,60,85,104,106,126,107,113,110,63,44,32,27,15,20,25,33,30,13
12,31,24,26,66,86,128,166,163,133,125,150,161,157,128,72,54,12,10,11,10,13,13,9
9,13,12,32,106,136,188,226,221,187,163,208,209,184,147,126,105,40,13,7,6,5,10,8
16,14,14,48,101,130,170,200,230,217,174,210,210,203,144,111,84,45,13,11,11,10,8,7
29,22,22,53,98,122,171,199,209,171,154,201,198,178,146,127,91,40,21,13,9,6,0,8
28,16,31,80,90,99,142,149,142,125,120,152,165,162,137,105,99,37,15,10,8,14,14,11
54,35,60,101,105,104,118,118,114,88,100,109,120,130,116,112,87,51,8,12,4,6,2,8
28,39,39,75,61,73,78,64,45,11,22,35,73,104,103,102,101,13,6,0,0,1,5,5
48,57,57,13,46,50,11,11,0,6,5,5,101,101,105,101,96,13,11,3,0,0,0,11
16,9,5,7,2,0,0,0,0,3,0,13,60,100,105,85,59,24,2,10,5,0,0,0
27,83,83,56,42,4,0,0,1,4,9,6,21,88,86,73,51,10,7,0,3,2,8,9
39,44,58,55,55,72,65,51,12,13,13,4,8,11,51,72,49,11,0,0,0,5,0,0
11,13,31,50,64,54,54,53,50,45,45,51,53,16,14,59,40,18,8,8,0,0,0,0
10,15,13,13,26,40,42,53,61,76,132,56,62,31,14,34,35,14,8,10,9,0,1,6
1,0,0,8,21,14,12,13,20,47,53,56,65,59,7,51,53,50,10,2,0,0,0,0
0,0,0,2,11,11,12,12,12,9,15,43,61,88,12,57,56,52,12,0,0,0,0,8
7,4,0,7,8,9,9,12,13,11,13,5,27,63,12,56,56,52,14,3,0,0,0,3
8,7,0,0,0,10,9,8,8,9,2,5,24,38,10,52,54,51,20,6,0,0,0,0
0,5,3,0,0,6,11,9,5,7,4,4,11,4,8,52,54,48,13,8,0,0,0,4
7,0,4,2,0,7,4,10,4,0,5,7,9,6,0,26,51,25,7,0,4,2,0,0
2,0,0,2,6,0,2,0,0,0,3,0,8,9,5,22,49,11,7,9,6,0,0,0
6,9,1,4,7,4,4,0,0,0,7,10,10,4,10,14,16,10,2,3,0,0,0,0
0,1,3,0,8,7,0,0,0,7,6,0,9,11,11,13,21,5,1,0,0,0,0,0
0,0,0,7,9,0,0,8,5,0,0,6,2,11,30,55,68,34,12,5,0,0,6,5
5,1,5,0,1,5,1,0,0,3,0,8,12,10,12,65,88,33,13,5,2,0,7,8
0,8,6,10,0,4,6,0,0,7,8,7,5,11,11,19,27,7,4,5,0,0,3,5
5,3,0,6,0,0,6,0,0,3,12,2,2,8,7,11,10,5,0,0,0,0,0,1

1,7,3,0,0,0,0,0,3,24,13,11,8,5,6,3,0,0,4,0,0,0,0,0
4,8,9,11,7,0,9,28,35,55,54,55,54,26,8,9,0,4,8,6,0,0,0,8
5,13,11,14,13,0,47,34,55,59,100,101,69,59,52,36,13,11,8,0,0,0,0,1
10,6,10,11,12,14,36,53,55,60,70,89,97,95,71,56,40,14,6,8,0,0,0,2
0,3,0,13,25,29,53,56,56,60,64,95,77,70,62,61,34,5,0,3,0,0,0,0
0,0,0,6,21,21,39,45,50,59,59,68,67,61,55,53,14,12,8,8,4,0,0,0
0,0,0,5,2,0,12,49,66,70,70,66,64,78,66,59,53,15,11,10,9,2,2,3
0,0,4,6,11,65,67,72,69,73,62,60,78,97,86,86,71,63,54,13,10,0,0,0
0,0,9,14,66,77,81,97,97,83,67,73,95,112,121,99,77,69,61,54,10,0,0,0
3,0,13,62,63,63,105,130,127,108,102,95,123,134,140,118,86,65,58,53,11,6,0,0
0,1,36,60,62,61,88,108,125,123,124,115,121,138,128,109,85,55,60,58,27,11,5,0
3,12,51,60,58,51,69,115,131,133,133,125,140,143,125,115,63,51,61,64,50,6,0,0
1,11,41,52,43,44,58,110,129,134,129,136,143,135,119,95,58,30,52,69,56,13,0,0
0,5,87,55,13,10,73,109,123,128,116,129,135,129,103,68,69,20,33,53,63,37,6,0
13,13,68,72,10,10,71,102,119,121,106,117,114,84,54,52,23,9,11,39,64,63,9,0
4,40,51,35,4,10,84,75,91,91,93,103,86,65,52,41,8,0,3,11,56,58,14,6
6,50,67,12,4,17,57,71,80,71,69,107,77,69,52,33,13,8,7,13,36,45,21,11
12,30,37,22,24,34,62,85,104,105,124,105,112,108,61,43,31,27,16,20,25,33,31,12
12,30,23,27,69,89,130,168,164,133,126,150,161,156,127,70,53,12,10,11,10,13,13,9
9,13,13,33,108,137,191,229,223,189,165,209,208,182,145,125,104,38,13,7,6,5,10,8
15,14,15,50,102,131,173,203,232,219,175,211,209,202,143,110,82,43,13,11,11,10,8,6
30,22,23,55,100,125,174,201,211,173,155,201,197,178,146,127,88,39,21,13,10,6,0,7
29,16,31,83,92,101,143,150,144,126,120,152,166,162,137,105,97,36,15,10,8,14,14,12
55,37,61,101,106,105,119,119,115,89,100,109,120,130,116,112,85,45,8,12,4,6,3,9
29,40,40,76,62,75,80,66,51,12,25,35,76,104,103,101,101,13,6,0,0,2,5,6
50,58,64,14,51,56,12,11,0,7,5,5,101,101,105,101,95,13,10,3,0,0,0,11
19,9,5,7,2,0,1,0,0,3,0,14,61,100,105,85,59,21,2,10,5,0,0,0
30,83,82,55,38,4,0,0,2,4,9,6,22,88,86,74,50,9,7,0,3,2,8,9
42,46,58,55,55,71,64,50,12,13,13,4,8,11,51,73,50,11,0,0,0,5,0,0
11,13,31,50,64,54,53,53,50,44,43,51,53,16,14,60,39,20,8,7,0,0,0,0
10,17,13,13,27,42,42,54,62,77,131,56,61,32,14,37,35,14,8,10,9,0,1,6
1,0,0,8,21,14,12,13,18,47,53,56,64,59,7,52,53,50,10,3,0,0,0,0
0,0,0,2,11,11,12,12,12,9,15,42,60,88,12,58,57,52,13,0,0,0,0,8
7,4,0,6,7,9,9,12,13,11,13,6,25,63,12,56,57,53,15,0,0,0,0,3
8,8,0,0,0,10,9,8,8,9,2,5,24,38,10,53,54,51,21,7,0,0,0,0
0,6,4,0,0,6,11,9,5,7,4,4,11,4,7,52,54,47,13,8,0,0,0,4
7,0,4,2,0,7,4,10,4,0,5,7,9,6,0,25,51,24,7,0,4,2,0,0
3,0,0,2,6,0,2,0,0,2,3,0,8,9,5,22,49,11,8,9,6,0,0,0
6,10,1,4,7,5,4,0,0,0,6,10,11,4,10,14,15,10,2,3,0,0,0,0
0,1,3,0,8,7,0,0,0,6,6,0,9,10,11,13,20,5,1,0,0,0,0,0
0,0,0,7,9,0,0,8,5,0,0,7,2,11,29,54,68,34,12,5,0,0,6,5
5,0,4,0,1,5,1,0,0,4,0,9,12,9,12,62,84,32,13,5,1,0,7,8
0,8,6,10,0,4,6,0,0,7,8,8,6,11,11,18,25,6,4,5,0,0,3,5
5,3,0,6,0,0,7,0,0,2,12,2,2,8,7,11,10,5,0,0,0,0,0,1

2,7,3,0,0,0,0,0,3,23,13,11,8,5,6,3,0,0,4,0,0,0,0,0
4,8,9,11,7,0,9,27,35,55,54,55,54,27,8,9,0,4,9,6,0,0,0,8
5,13,11,14,13,0,47,34,55,59,99,101,69,59,52,36,13,11,8,0,0,0,0,1
10,6,10,11,12,14,36,53,55,60,70,88,96,95,71,56,40,14,6,8,0,0,0,2
0,3,0,13,26,29,53,56,56,60,64,94,77,70,63,62,34,5,0,3,0,0,0,0
0,0,0,6,21,20,38,44,50,58,59,67,67,60,55,53,15,12,8,8,4,0,0,0
0,0,0,5,2,0,12,49,66,70,70,66,64,78,66,59,53,17,11,10,9,2,3,3
0,0,4,6,12,65,67,72,68,73,62,60,77,97,86,86,71,63,54,13,10,0,0,0
0,0,9,14,66,77,81,97,96,82,67,73,94,113,121,100,78,69,62,55,10,0,0,0
3,0,13,62,63,63,105,131,127,107,101,94,123,136,141,119,86,65,58,53,11,6,0,0
0,1,36,60,62,61,88,108,125,123,124,115,122,139,129,109,85,55,60,58,28,12,5,0
3,12,51,60,58,51,69,115,131,133,133,125,141,143,126,116,64,51,61,64,50,6,0,0
1,11,41,51,43,45,58,110,129,134,128,136,143,135,119,96,58,30,52,69,56,13,0,0
0,5,88,55,13,10,73,109,123,127,115,129,134,128,103,68,69,20,36,53,62,36,6,0
13,13,68,72,10,10,70,102,119,120,105,117,113,83,54,52,22,9,11,40,64,64,9,0
4,40,51,35,4,10,83,74,91,90,92,102,85,65,52,39,8,0,3,11,56,58,14,6
6,50,67,12,4,19,57,71,80,70,69,106,76,68,52,31,13,8,7,12,38,47,21,11
12,30,37,22,24,34,62,85,104,104,123,104,111,108,61,43,31,27,15,20,25,33,31,12
12,31,24,27,69,89,130,168,164,133,125,149,160,155,127,69,52,12,9,11,10,13,13,9
9,13,13,33,108,137,191,229,223,189,164,208,207,181,145,124,103,37,13,7,5,5,10,8
16,14,15,50,102,132,173,203,233,219,175,210,208,201,143,109,81,43,13,11,11,9,8,6
30,22,23,55,101,125,174,201,211,173,155,200,197,177,145,126,88,39,21,13,10,6,0,7
29,16,32,82,93,101,143,151,144,127,120,152,166,162,137,104,96,36,15,10,8,14,14,12
56,38,62,101,106,105,119,120,115,90,100,109,120,130,116,112,85,45,8,12,4,6,3,9
30,40,41,76,62,75,80,66,52,12,24,38,77,104,103,101,100,13,6,0,0,2,5,6
50,58,65,14,52,59,12,12,0,8,6,6,101,101,105,101,93,13,10,3,0,0,0,11
20,9,5,7,2,0,1,0,0,4,0,14,61,100,105,86,59,25,2,10,5,0,0,0
30,83,82,55,40,4,0,0,3,4,9,6,23,88,85,73,50,9,7,0,3,2,7,9
43,46,58,55,55,72,64,50,12,13,13,4,9,12,51,73,50,11,0,0,0,5,0,0
11,13,32,50,64,54,53,53,50,43,43,51,52,16,14,60,41,20,9,7,0,0,0,0
10,18,13,13,28,43,43,54,62,77,131,56,61,32,14,38,36,14,8,10,8,0,1,6
2,1,0,8,22,14,12,13,20,46,53,56,64,59,7,52,53,50,10,3,0,0,0,0
0,0,0,2,11,11,12,12,12,9,16,45,60,88,12,59,57,52,13,0,0,0,0,8
7,4,0,7,7,9,9,12,13,11,13,6,27,63,12,56,57,53,15,0,0,0,0,3
8,8,0,0,0,10,9,8,8,9,2,5,24,38,10,53,54,51,23,7,0,0,0,0
0,6,4,0,0,6,11,9,5,7,4,4,11,4,8,52,54,48,14,8,0,0,0,4
7,0,4,3,0,7,4,10,4,0,5,7,9,6,0,26,51,24,7,0,4,2,0,0
3,0,0,2,6,0,2,0,0,2,3,0,8,9,5,22,48,11,8,9,6,0,0,0
6,10,1,4,7,5,4,0,0,0,6,10,11,4,10,14,16,10,2,3,0,0,0,0
0,1,3,0,8,7,0,0,0,6,6,0,10,10,11,13,20,5,1,0,0,0,0,0
0,0,0,7,9,0,0,8,5,0,0,7,3,11,29,54,68,35,12,5,0,1,6,5
5,0,4,0,1,5,1,0,0,5,0,9,12,9,12,62,84,33,13,5,1,0,7,8
0,8,6,10,0,4,6,0,0,8,8,8,6,11,11,19,26,6,4,6,0,0,3,5
5,3,0,6,0,0,7,0,0,2,12,2,2,8,7,11,10,5,0,0,0,0,0,1

2,7,3,0,0,0,0,0,3,23,13,11,9,5,6,3,0,0,5,0,0,0,0,0
4,8,9,11,7,0,9,27,35,55,54,55,54,30,9,9,0,4,9,6,0,0,0,8
5,13,11,14,13,0,47,34,55,59,100,101,69,60,53,37,13,11,8,0,0,0,0,1
10,6,9,11,12,14,36,53,55,60,70,89,97,95,71,56,41,14,6,8,0,0,0,2
0,3,0,13,25,29,53,56,56,60,64,96,78,71,63,62,35,5,0,3,0,0,0,0
0,0,0,6,21,20,38,44,50,59,59,68,67,61,55,54,15,12,8,8,4,0,0,0
0,0,0,5,2,0,12,48,65,70,71,66,64,78,66,60,54,18,11,10,9,2,3,3
0,0,4,6,12,65,68,73,69,74,63,60,78,97,86,86,71,63,54,13,10,0,0,0
0,0,9,14,66,77,81,98,97,84,68,73,93,110,119,99,78,70,62,55,11,0,0,0
3,0,13,62,63,64,105,131,128,109,102,94,121,132,137,117,86,65,58,53,12,6,0,0
0,0,36,60,62,61,88,108,125,123,124,115,120,136,126,108,85,55,60,58,28,11,5,0
3,12,51,60,58,51,69,114,130,133,132,124,140,142,125,115,64,50,61,64,50,6,0,0
1,11,41,51,43,44,58,110,128,133,128,135,143,135,118,95,58,29,52,68,57,13,0,0
0,5,87,55,14,10,73,108,122,126,115,128,134,128,103,67,68,17,33,53,62,36,6,0
12,13,68,72,10,10,70,102,118,119,105,116,112,82,54,51,17,8,11,39,64,64,8,0
4,40,51,35,4,10,83,74,89,88,91,102,85,64,51,36,7,0,3,11,56,58,14,6
6,50,68,12,4,20,58,71,80,70,68,106,76,68,52,31,12,7,7,12,37,47,21,11
12,30,37,22,24,34,61,84,103,104,124,105,112,108,61,43,31,27,16,20,25,33,31,12
12,31,24,27,69,88,129,166,163,133,126,151,162,156,127,69,53,12,10,11,10,13,13,9
9,13,12,33,108,136,189,225,221,189,167,212,209,182,145,125,103,38,13,7,5,5,10,8
16,14,14,51,102,131,171,201,231,220,177,213,210,202,143,109,81,43,13,11,11,9,8,6
30,22,23,57,101,125,173,200,211,173,156,202,199,179,146,127,89,39,21,13,10,6,0,7
30,16,32,84,94,102,143,151,144,127,121,154,167,163,138,105,96,36,15,10,8,14,14,11
57,40,62,101,106,105,119,120,115,93,100,109,121,130,117,112,86,45,8,12,4,6,3,8
31,40,41,77,63,76,82,67,55,13,29,42,79,104,103,102,101,13,6,0,0,1,5,5
52,58,69,14,55,62,12,12,0,8,6,7,101,101,105,101,96,13,10,3,0,0,0,11
22,10,5,7,2,0,1,0,0,4,0,14,62,100,105,87,60,23,2,10,5,0,0,0
34,85,81,55,40,4,0,0,2,4,10,6,25,88,86,74,51,9,7,0,3,2,7,9
44,47,59,55,55,71,64,48,12,13,13,5,9,12,52,74,51,11,0,0,0,5,0,0
12,13,32,50,65,54,53,53,49,42,41,50,52,15,14,60,42,22,9,7,0,0,0,0
10,19,13,13,27,42,42,54,61,75,125,55,60,31,14,38,36,15,8,10,8,0,0,6
2,1,0,8,22,14,12,13,14,40,53,55,63,58,7,52,53,51,11,4,0,0,0,0
0,0,0,2,11,11,12,12,12,8,14,39,60,85,12,59,57,52,13,0,0,0,0,8
7,4,0,6,7,8,9,12,12,10,12,6,24,62,12,56,57,53,16,0,0,0,0,3
8,8,0,0,0,10,9,8,8,9,2,5,22,36,10,53,55,51,23,7,0,0,0,0
0,6,4,0,0,6,11,9,5,7,4,4,11,4,7,52,54,50,14,8,0,0,0,4
7,0,4,2,0,7,4,10,4,0,5,7,9,6,0,26,51,26,8,0,4,2,0,0
2,0,0,2,6,0,2,0,0,3,3,0,7,9,5,22,50,11,8,9,7,0,0,0
6,10,1,4,7,5,4,0,0,0,6,10,11,4,10,14,16,11,2,3,0,0,0,0
0,1,3,0,8,7,0,0,0,7,6,0,9,10,11,13,22,6,2,0,0,0,0,0
0,0,0,7,9,0,0,8,5,0,0,7,3,11,29,54,69,35,12,5,0,1,6,5
5,1,4,0,1,5,1,0,1,6,0,9,12,9,12,62,85,33,13,5,2,0,7,8
0,8,6,10,0,4,7,0,0,8,8,8,6,11,11,18,26,7,5,6,0,0,4,5
5,3,0,6,0,0,7,0,0,2,12,2,2,8,7,11,10,5,0,0,0,0,0,2

2,7,3,0,0,0,0,0,3,24,13,12,10,6,6,3,0,0,5,0,0,0,0,0
4,8,9,11,7,0,9,28,35,55,54,55,54,35,9,9,1,4,9,6,0,0,0,8
5,13,11,14,13,0,47,34,55,59,100,101,70,60,53,38,13,11,8,0,0,0,0,1
10,5,9,11,12,14,36,53,55,60,71,90,98,97,72,57,43,15,7,8,0,0,0,3
0,3,0,13,25,29,53,56,56,60,65,97,78,71,63,62,35,5,0,3,0,0,0,0
0,0,0,6,21,20,38,45,50,59,60,69,68,61,56,54,17,12,8,8,4,0,0,0
0,0,0,5,2,0,12,47,66,70,71,66,65,78,66,60,54,20,11,10,9,2,2,3
0,0,4,6,12,66,67,72,69,74,63,61,78,98,86,86,72,64,55,13,10,0,0,0
0,0,9,14,66,77,81,97,97,84,68,73,93,108,117,99,78,70,62,55,10,0,0,0
3,0,13,62,63,64,105,131,129,109,102,94,118,127,133,116,86,65,58,53,12,5,0,0
0,0,36,60,62,61,88,108,125,123,124,114,117,132,122,107,85,55,60,58,28,11,4,0
3,12,51,60,58,51,69,114,130,132,131,123,137,140,123,114,63,50,61,64,50,6,0,0
1,11,41,51,43,44,58,109,128,133,127,134,140,133,117,92,57,31,52,68,57,13,0,0
0,5,87,55,14,10,73,108,122,126,115,127,133,126,101,65,65,14,32,53,62,37,6,0
12,13,68,72,10,10,71,102,118,119,105,116,112,81,54,51,14,8,11,39,64,64,9,0
4,40,51,35,4,10,83,74,89,88,91,102,85,64,51,37,7,0,3,11,56,58,14,6
6,50,68,11,4,19,57,71,79,70,69,106,77,68,52,32,12,7,7,12,37,47,20,10
12,30,37,22,24,34,61,84,102,104,124,106,113,109,62,43,31,27,15,20,25,33,31,12
12,31,24,26,69,88,128,165,162,133,127,152,163,157,127,69,53,12,10,10,10,13,13,8
9,13,12,33,108,136,188,224,221,189,168,214,211,183,145,125,103,38,13,7,5,5,10,8
16,14,14,51,102,131,171,200,231,220,178,214,211,203,144,110,82,44,13,11,11,9,8,6
30,22,23,57,101,125,173,201,211,174,158,203,199,180,146,127,89,39,22,13,10,6,0,7
30,16,32,85,94,102,143,151,144,127,121,154,168,164,138,105,97,37,16,10,8,14,14,11
57,42,62,101,106,105,119,120,115,92,100,109,122,131,117,112,87,48,8,12,4,6,3,8
30,40,42,77,63,76,82,67,59,13,30,45,79,104,104,102,101,13,6,0,0,1,5,5
52,59,71,15,55,63,12,12,0,8,6,7,101,101,105,101,98,13,10,3,0,0,0,11
23,10,5,7,2,0,1,0,0,4,0,14,62,100,105,87,60,24,3,11,4,0,0,0
35,85,82,55,41,4,0,0,3,4,10,6,24,89,86,74,51,10,7,0,3,1,7,9
44,47,59,55,55,71,63,47,12,13,12,5,9,13,52,74,51,11,0,0,0,5,0,0
12,13,32,50,65,54,53,53,49,42,41,50,52,15,14,60,42,22,9,7,0,0,0,0
10,20,13,13,28,43,43,54,62,75,125,55,60,31,14,38,36,15,8,10,8,0,1,6
2,1,0,8,22,14,12,13,14,41,53,55,62,58,7,52,53,51,11,4,0,0,0,0
0,0,0,2,11,11,12,12,12,9,15,41,60,86,12,59,57,52,13,0,0,0,0,8
7,4,0,6,7,8,8,12,12,10,13,7,26,62,12,56,57,53,16,0,0,0,0,3
8,8,0,0,0,10,9,7,8,9,2,5,24,37,10,53,54,51,23,7,0,0,0,0
0,6,4,0,0,6,11,9,5,7,4,3,11,4,7,52,54,50,14,8,0,0,0,4
7,0,4,2,0,7,4,10,4,0,5,7,9,6,0,28,51,25,8,0,4,2,0,0
3,0,0,2,6,0,2,0,0,3,2,0,8,9,5,22,50,11,8,10,7,0,0,0
6,10,1,4,7,5,4,0,0,0,6,10,11,4,10,14,17,11,3,3,0,0,0,0
0,1,3,0,8,7,0,0,0,7,6,0,9,10,11,13,22,6,2,0,0,0,0,0
0,0,0,7,9,0,0,8,5,0,0,7,3,11,29,54,69,35,12,5,0,1,6,5
5,1,5,0,1,5,1,0,1,6,0,9,12,10,12,62,86,34,13,5,2,0,7,8
0,8,6,10,0,4,7,0,0,8,8,8,6,11,11,21,29,7,5,6,0,0,4,5
5,3,0,6,0,0,7,0,0,3,12,2,2,8,8,11,10,5,0,0,0,0,0,2

2,7,3,0,0,0,0,0,3,24,13,12,10,6,6,3,0,0,4,0,0,0,0,0
4,8,9,11,7,0,9,29,35,55,54,55,54,38,9,9,1,4,9,6,0,0,0,8
4,13,11,14,13,0,47,34,55,59,100,101,70,60,53,41,13,11,8,0,0,0,0,1
10,5,9,11,12,14,36,53,55,60,71,90,99,97,72,57,44,14,6,8,0,0,0,3
0,3,0,13,25,29,53,56,56,60,65,97,78,71,63,62,35,5,0,3,0,0,0,0
0,0,0,6,20,19,39,45,50,59,60,69,68,61,56,54,17,12,8,8,4,0,0,0
0,0,0,5,2,0,12,46,65,70,71,66,65,78,66,60,54,20,11,10,9,2,2,3
0,0,4,6,12,66,68,72,68,74,63,60,78,97,86,86,72,64,55,13,10,0,0,0
0,0,9,14,66,77,81,97,97,84,68,73,93,107,116,98,78,69,62,55,10,0,0,0
3,0,13,62,63,64,105,131,129,109,102,94,118,126,133,116,86,65,58,53,12,5,0,0
0,0,36,60,62,61,88,108,125,123,124,115,117,132,122,107,85,55,60,58,28,11,3,0
3,12,51,60,58,51,69,114,130,133,132,123,138,140,123,114,63,50,61,64,50,6,0,0
1,11,41,52,43,44,58,109,128,133,127,134,141,133,117,93,57,31,52,69,57,13,0,0
0,5,86,55,13,10,73,108,122,126,114,127,133,126,101,66,65,14,32,53,63,37,6,0
12,13,68,72,10,10,70,101,118,119,105,116,112,81,53,51,14,8,11,40,64,64,8,0
4,40,51,35,4,10,84,74,89,88,91,102,84,64,51,35,7,0,3,11,56,58,14,6
6,50,67,12,4,20,57,71,79,70,69,106,76,68,52,31,12,7,7,12,36,47,21,11
12,30,37,22,24,34,61,84,102,103,124,105,112,108,62,43,31,27,15,20,25,33,31,12
12,31,24,27,70,88,129,166,162,133,127,152,163,157,127,69,53,12,10,11,10,13,13,9
9,13,12,33,108,136,188,225,221,189,168,213,210,183,145,125,103,38,13,7,5,5,10,8
16,14,14,52,102,131,171,201,232,220,178,214,210,203,143,110,81,43,13,11,11,9,8,6
30,22,23,57,102,125,173,201,211,174,158,202,199,179,146,127,89,39,22,13,9,6,0,7
30,16,31,85,94,102,143,151,144,127,121,154,168,164,138,105,96,37,15,10,8,14,14,11
58,42,62,101,106,105,120,120,115,93,100,110,122,131,117,112,87,47,8,12,4,6,3,8
31,41,42,78,63,77,82,67,58,13,29,43,79,104,103,102,101,13,6,0,0,1,5,5
53,59,73,15,57,66,12,12,0,8,6,7,101,101,105,101,98,13,11,3,0,0,0,10
23,10,5,7,2,0,1,0,0,4,0,15,62,100,105,87,59,24,3,11,4,0,0,0
35,85,81,55,41,5,0,0,3,5,10,6,26,88,86,74,51,10,7,0,3,1,7,9
45,48,59,55,55,71,63,50,12,13,13,5,9,13,52,74,51,12,0,0,0,4,0,0
12,13,32,50,65,54,53,53,49,42,40,50,52,15,14,61,42,24,9,7,0,0,0,0
10,21,14,13,28,43,43,54,62,75,125,55,60,31,14,38,36,15,9,10,8,0,0,6
2,1,0,8,22,14,12,13,14,42,53,55,62,58,8,52,53,51,11,4,0,0,0,0
0,0,0,2,11,11,12,12,12,9,15,40,60,85,12,59,57,52,13,0,0,0,0,8
7,4,0,6,7,8,8,12,12,10,13,7,27,62,12,56,57,53,16,0,0,0,0,3
8,8,0,0,0,10,9,7,8,9,2,5,23,39,10,53,54,51,24,7,0,0,0,0
0,6,4,0,0,6,11,9,5,7,4,3,11,4,7,52,54,50,14,8,0,0,0,4
7,0,4,3,0,7,4,10,4,0,5,7,9,6,0,28,51,27,8,0,4,3,0,0
2,0,0,2,6,0,2,0,0,3,2,0,7,9,5,23,50,11,8,10,7,0,0,0
6,10,1,4,7,5,4,0,0,0,6,10,11,4,11,14,18,12,3,3,0,0,0,0
0,1,3,0,8,7,0,0,0,7,6,0,9,11,11,13,23,6,2,0,0,0,0,0
0,0,0,7,9,0,0,8,5,0,0,7,3,11,30,54,69,37,12,5,0,1,6,5
5,1,5,0,1,5,1,0,1,6,0,9,12,9,12,62,86,33,13,5,2,0,7,8
0,8,6,10,0,4,7,0,0,8,8,8,6,11,11,21,27,7,5,6,0,0,4,5
5,3,0,6,0,0,7,0,0,2,12,3,2,8,8,11,10,5,0,0,0,0,0,1

2,7,3,0,0,0,0,0,4,25,14,12,10,7,6,4,0,1,5,0,0,0,0,0
4,8,9,11,7,0,9,29,36,55,54,56,54,39,9,10,1,4,9,6,0,0,0,8
4,13,11,14,13,0,47,34,55,59,100,101,70,60,53,40,13,11,8,0,0,0,0,1
10,5,9,11,12,14,36,53,55,60,71,90,99,97,72,57,44,15,7,8,0,0,0,3
0,3,0,13,25,29,53,56,56,60,65,97,78,71,63,62,34,5,0,3,0,0,0,0
0,0,0,6,20,19,39,44,50,59,60,69,68,61,56,54,17,12,8,8,4,0,0,0
0,0,0,5,2,0,12,46,65,70,71,66,65,78,66,60,54,19,11,10,9,2,2,3
0,0,4,6,12,66,68,73,69,74,63,61,78,98,86,86,72,64,55,13,10,0,0,0
0,0,9,14,66,77,81,97,97,84,68,73,93,107,116,98,78,69,62,55,10,0,0,0
3,0,13,62,63,64,105,131,129,108,102,94,118,126,133,116,86,65,58,53,12,5,0,0
0,0,35,60,62,61,88,108,125,123,124,114,117,132,122,107,85,55,60,58,28,11,3,0
3,12,51,60,58,51,69,114,130,132,132,123,137,140,123,114,63,50,61,64,50,6,0,0
1,11,41,52,43,44,58,109,127,133,127,134,141,133,117,93,57,31,52,69,57,13,0,0
0,5,87,55,13,10,72,108,122,126,114,127,133,126,101,66,64,14,31,53,62,36,6,0
12,13,68,72,10,10,70,101,117,118,104,116,112,81,54,50,14,8,11,40,64,65,8,0
4,40,51,35,4,10,83,74,89,88,90,102,84,64,51,36,7,0,3,11,56,58,14,6
6,50,69,11,4,20,58,71,79,69,69,106,76,68,52,32,12,7,7,12,38,47,21,11
12,30,37,22,24,34,61,84,102,103,123,105,112,108,61,43,31,27,15,20,25,33,31,12
12,31,24,27,70,88,129,166,163,133,127,152,162,156,127,69,53,12,10,10,10,13,13,9
9,13,12,32,108,137,189,225,221,189,168,213,209,182,145,125,103,38,13,7,5,5,10,8
16,14,15,51,102,132,171,201,232,220,178,213,210,202,143,110,81,43,13,11,11,9,8,6
30,22,23,57,102,125,174,201,212,175,158,203,199,179,146,127,89,39,21,13,10,6,0,7
30,16,31,85,95,102,143,152,145,128,121,154,168,164,138,105,96,37,16,10,8,14,14,11
58,41,62,101,106,105,120,121,115,93,100,109,122,131,117,112,87,48,8,12,4,6,3,8
31,40,42,78,63,77,83,69,61,13,30,45,79,104,104,102,101,13,6,0,0,1,5,5
53,59,72,16,57,67,12,12,1,8,7,7,101,101,105,101,96,13,11,3,0,0,0,10
23,10,5,7,2,0,1,0,0,4,0,15,63,100,105,88,60,24,3,11,4,0,0,0
35,85,81,55,41,5,0,0,3,5,10,7,26,89,86,74,51,10,8,0,3,1,7,9
45,48,59,55,55,72,64,50,12,13,13,5,9,13,53,74,51,12,0,0,0,5,0,0
12,13,32,50,65,54,53,53,49,42,40,50,52,15,14,61,42,24,9,7,0,0,0,0
10,21,13,13,29,44,43,54,62,75,125,55,60,32,14,38,36,15,9,10,8,0,0,6
2,1,0,8,22,14,12,13,16,43,53,55,62,57,7,52,53,50,11,4,0,0,0,0
0,0,0,2,11,11,12,12,12,11,15,40,60,86,12,59,57,52,13,0,0,0,0,8
7,4,0,6,7,8,8,12,12,10,13,7,27,63,12,56,57,53,16,0,0,0,0,3
8,8,0,0,0,10,9,8,8,9,2,5,24,39,10,53,54,51,24,8,0,0,0,0
0,6,4,0,0,6,11,9,5,8,4,3,11,5,8,52,54,50,14,8,0,0,0,4
7,0,4,3,0,7,4,10,4,0,5,7,9,6,0,30,51,27,8,0,4,3,0,0
3,0,0,2,6,0,2,0,0,4,2,0,7,9,5,24,50,11,8,10,7,0,0,0
6,10,1,4,7,5,4,0,0,0,6,10,11,4,11,14,18,11,3,3,0,0,0,0
0,1,3,0,8,8,0,0,0,7,6,0,10,11,11,14,23,6,2,0,0,0,0,0
0,0,0,7,9,0,0,8,5,0,0,7,3,11,30,54,69,37,13,5,0,1,6,5
5,1,5,0,1,5,1,0,1,6,0,9,12,10,12,62,86,34,13,5,2,0,7,8
0,8,6,10,0,4,7,0,0,8,8,8,6,11,11,21,29,7,5,6,0,0,4,5
5,3,0,6,0,0,7,0,0,3,12,3,2,8,8,11,10,5,0,0,0,0,0,1

2,7,3,0,0,0,0,0,4,25,14,12,11,7,6,4,0,1,5,0,0,0,0,0
4,8,9,12,7,0,9,29,35,55,54,55,55,39,9,10,1,4,9,6,0,0,0,8
4,13,11,14,13,0,48,34,55,59,100,101,70,60,53,41,13,11,8,0,0,0,0,1
10,5,9,11,12,14,36,53,55,60,71,90,99,97,71,57,45,15,7,8,0,0,0,2
0,3,0,13,25,30,53,56,56,60,65,97,78,71,63,63,35,5,0,3,0,0,0,0
0,0,0,6,20,19,38,44,50,59,60,68,68,61,55,54,17,12,8,8,4,0,0,0
0,0,0,5,2,0,12,46,65,70,71,66,65,78,66,60,54,19,11,10,9,2,2,3
0,0,4,6,12,66,67,72,69,74,62,60,78,97,86,85,72,64,55,13,10,0,0,0
0,0,9,14,66,77,81,98,97,84,68,73,93,108,117,98,78,70,62,55,10,0,0,0
3,0,13,62,63,64,105,131,130,109,102,94,119,127,133,117,86,65,58,53,12,5,0,0
0,0,36,60,62,61,88,108,125,123,124,114,118,133,122,107,85,55,60,58,28,11,3,0
3,12,51,60,58,51,69,114,129,132,131,123,138,140,123,114,63,50,61,64,50,6,0,0
1,11,41,52,43,45,58,109,127,133,127,134,141,134,117,93,57,31,52,69,57,13,0,0
0,5,87,55,14,10,72,108,121,126,114,127,133,126,101,66,65,14,32,53,62,36,5,0
12,13,68,72,10,10,69,101,117,118,104,116,111,81,53,50,14,8,11,39,64,64,8,0
4,40,51,35,4,10,82,73,88,87,90,102,84,64,51,35,6,0,3,11,56,58,14,6
6,50,68,11,4,21,58,71,79,69,69,106,76,68,52,32,12,7,7,13,38,47,22,11
12,30,37,22,24,34,61,84,102,103,123,105,112,108,61,43,31,27,15,20,25,33,31,12
12,31,24,27,70,89,129,166,163,133,126,151,162,156,126,69,53,12,9,10,10,13,13,9
9,13,12,33,108,137,190,226,221,190,168,212,209,182,145,124,103,38,13,7,5,5,10,8
16,14,15,52,103,132,172,202,232,221,179,213,210,202,143,109,81,43,13,11,11,9,8,6
30,22,23,57,102,126,175,202,213,176,159,203,198,179,146,126,88,39,21,13,9,6,0,7
31,16,32,85,96,102,144,152,145,128,121,154,168,164,138,105,96,37,16,10,9,14,14,11
57,41,62,101,106,105,120,121,115,92,100,109,122,131,117,112,86,47,8,12,4,6,3,8
31,40,42,78,63,77,82,67,61,13,30,45,80,104,104,102,101,13,6,0,0,1,5,5
53,59,73,16,55,66,12,12,1,8,7,7,101,101,105,101,98,13,11,3,0,0,0,10
23,10,5,7,2,0,1,0,0,4,0,14,63,100,105,87,60,24,3,11,4,0,0,0
34,84,81,55,41,5,0,0,4,5,10,7,27,89,86,74,51,10,8,0,3,1,7,9
45,48,59,55,55,71,64,50,12,13,13,5,9,13,52,75,51,12,0,0,0,5,0,0
12,13,32,50,65,54,53,53,50,42,40,50,52,15,14,61,42,24,9,7,0,0,0,0
10,20,13,13,28,44,43,54,62,76,126,55,60,32,15,38,36,15,9,10,8,0,1,6
2,1,0,8,22,14,12,13,15,42,53,55,63,58,7,52,53,51,11,4,0,0,0,0
0,0,0,2,11,11,12,12,12,12,15,44,60,86,12,59,57,52,13,0,0,0,0,8
7,4,0,7,8,8,8,12,12,10,13,7,27,63,12,56,57,53,17,0,0,0,0,3
8,8,0,0,0,10,9,8,8,9,3,5,24,40,10,53,55,51,24,8,0,0,0,0
0,6,4,0,0,6,11,10,6,8,4,3,11,5,8,52,54,50,14,8,0,0,0,5
7,0,4,3,0,7,4,10,4,0,5,7,9,6,0,30,51,26,8,0,5,3,0,0
3,0,0,3,6,0,2,0,0,4,2,0,8,9,5,25,50,11,8,10,7,0,0,0
6,10,1,4,7,5,4,0,0,0,6,10,11,4,11,14,19,12,3,3,0,0,0,0
0,1,4,0,8,8,0,0,0,7,6,0,10,11,11,13,25,6,2,0,0,0,0,0
0,0,0,7,9,0,0,9,5,1,0,7,4,11,30,54,70,37,13,6,0,1,7,5
5,1,5,0,1,5,1,0,1,6,0,9,13,10,12,62,87,34,13,5,2,0,7,8
0,8,6,10,0,4,7,0,0,8,8,9,6,11,11,22,29,8,5,6,0,0,4,5
5,3,0,6,0,0,7,0,0,3,12,2,3,8,8,11,10,5,0,0,0,0,0,2

2,7,3,0,0,0,0,0,4,24,13,12,10,7,6,4,0,1,5,0,0,0,0,0
4,8,9,12,7,0,9,29,36,55,54,56,54,40,9,10,2,4,9,6,0,0,0,9
5,13,11,14,13,0,47,34,55,59,100,101,70,60,53,41,13,11,8,0,0,0,0,1
10,5,9,11,12,14,36,53,55,60,71,90,99,97,71,57,44,15,7,8,0,0,0,3
0,3,0,13,25,29,53,56,56,60,65,97,78,71,63,63,35,5,0,3,0,0,0,0
0,0,0,6,20,19,38,44,49,59,60,68,68,61,55,54,17,12,8,8,4,0,0,0
0,0,0,5,2,0,12,46,65,70,71,66,65,78,66,60,54,20,11,10,9,2,3,3
0,0,4,6,12,66,68,73,69,74,63,60,78,97,86,85,72,64,55,13,10,0,0,0
0,0,9,14,66,77,81,98,97,84,68,73,93,107,116,98,78,70,62,55,10,0,0,0
3,0,13,62,63,64,105,132,130,109,102,94,119,127,133,116,86,65,58,53,12,5,0,0
0,0,36,60,62,61,89,108,126,123,125,115,118,133,122,107,85,55,60,58,28,11,3,0
3,12,51,60,58,51,69,114,130,132,132,123,138,140,123,114,63,50,61,65,50,6,0,0
1,11,41,52,43,44,58,109,127,133,127,134,141,134,117,93,57,31,52,69,57,13,0,0
0,5,87,55,14,10,73,108,121,126,114,127,133,126,101,66,64,14,33,53,62,37,6,0
12,13,68,72,10,10,69,101,117,118,104,116,111,81,53,50,14,8,11,39,64,65,9,0
4,40,51,35,4,10,82,73,88,87,90,102,84,63,51,33,6,0,3,11,56,58,14,6
6,50,68,11,4,21,58,70,79,69,68,106,76,68,52,32,12,7,7,12,38,47,20,10
12,30,37,22,24,34,61,84,102,103,122,104,112,108,61,43,31,27,15,20,25,33,31,12
12,31,24,27,70,89,129,165,162,133,126,150,162,156,126,69,52,12,9,10,10,13,13,8
9,13,12,33,108,137,190,225,221,189,167,211,209,182,144,124,103,37,13,7,5,5,10,8
16,14,14,51,103,132,172,202,232,220,178,212,209,202,143,109,81,43,13,11,11,9,7,6
30,22,23,57,102,126,174,202,212,176,159,202,198,179,146,127,88,39,21,13,9,6,0,7
31,16,31,86,95,103,144,152,145,128,121,154,168,164,138,105,96,37,16,10,9,14,14,11
58,40,62,101,106,105,120,121,116,93,100,110,122,131,117,112,87,48,8,12,4,6,3,8
31,41,42,77,63,77,83,69,63,13,30,48,82,104,104,102,101,13,6,0,0,1,5,5
53,59,73,16,58,66,12,12,1,9,7,7,101,101,105,101,100,13,11,3,0,0,0,10
23,10,5,7,2,0,1,0,0,4,0,15,62,100,105,87,60,25,3,11,4,0,0,0
36,85,81,55,41,5,0,0,4,5,10,7,28,88,86,74,51,10,8,0,3,1,7,9
45,48,59,55,55,71,62,50,12,13,13,5,9,13,53,74,51,12,0,0,0,5,0,0
12,13,32,50,65,54,53,53,49,42,40,50,52,15,14,61,42,24,9,7,0,0,0,0
10,21,14,13,29,46,43,54,63,76,126,54,59,32,15,38,36,16,9,10,8,0,0,6
2,1,0,8,22,14,12,14,17,43,53,55,62,58,8,52,53,51,11,4,0,0,0,0
0,0,0,2,11,11,12,12,12,12,17,42,60,86,12,59,57,52,13,0,0,0,0,8
7,4,0,7,8,9,9,12,12,10,13,8,28,63,12,56,57,53,18,0,0,0,0,3
8,8,0,0,0,10,9,7,8,9,2,5,23,40,10,53,55,51,26,8,0,0,0,0
0,6,4,0,0,6,11,9,6,8,4,3,11,5,8,52,54,50,14,9,0,0,0,5
7,0,4,3,0,7,4,10,4,0,5,6,9,6,0,30,51,27,8,0,5,3,0,0
3,0,0,3,6,0,2,0,0,4,2,0,8,9,5,26,50,11,8,10,7,0,0,0
6,10,1,4,7,5,4,0,0,0,6,10,11,4,11,14,19,12,3,3,0,0,0,0
0,1,4,0,8,8,0,0,0,7,6,0,9,11,11,13,25,6,3,0,0,0,0,0
0,0,0,7,9,0,0,8,5,1,0,7,4,11,30,54,70,38,13,6,0,1,6,5
5,1,5,0,1,5,1,0,1,7,0,9,13,10,12,62,87,34,13,5,2,0,7,8
0,8,6,10,0,4,7,0,0,8,8,8,7,11,11,22,30,8,5,6,0,0,4,5
5,3,0,6,0,0,7,0,0,3,12,3,3,9,8,11,10,5,0,0,0,0,0,2

2,7,3,0,0,0,0,0,4,25,14,12,11,7,6,4,0,1,5,0,0,0,0,0
4,8,8,11,7,0,9,29,36,55,54,56,54,42,9,10,2,4,9,6,0,0,0,9
4,13,11,14,13,0,47,34,55,59,100,101,70,60,53,41,13,11,8,0,0,0,0,1
10,5,9,11,12,14,36,53,55,60,71,91,99,97,72,57,45,15,7,8,0,0,0,3
0,3,0,13,25,30,53,56,56,60,65,97,78,71,63,63,35,5,0,3,0,0,0,0
0,0,0,6,20,19,38,44,50,59,60,69,68,61,55,54,18,12,8,8,4,0,0,0
0,0,0,5,2,0,12,46,65,70,71,66,65,78,66,61,54,20,11,10,9,2,3,3
0,0,4,6,12,66,68,73,69,74,63,60,78,97,86,85,72,64,55,14,10,0,0,0
0,0,9,14,66,78,81,98,97,84,68,73,93,107,116,99,78,70,62,55,10,0,0,0
3,0,13,62,63,64,105,132,130,109,103,94,118,126,132,116,86,65,58,53,12,5,0,0
0,0,37,60,62,62,89,109,125,124,125,115,118,132,122,107,85,56,60,58,28,11,3,0
3,12,51,60,58,51,69,114,130,132,132,123,138,140,123,114,63,50,61,65,50,6,0,0
1,11,41,52,43,44,58,109,127,133,127,134,141,134,117,93,57,32,52,69,57,13,0,0
0,5,87,55,14,10,73,108,121,125,114,127,133,126,101,66,65,14,35,53,63,38,6,0
12,13,68,72,10,10,69,101,117,118,104,116,111,81,53,50,14,8,11,40,64,64,8,0
4,40,51,35,4,9,82,73,88,87,90,102,84,63,51,35,6,0,3,11,56,58,14,6
6,50,69,11,4,21,58,71,79,69,68,106,76,67,52,31,12,7,7,12,38,47,21,11
12,30,37,22,24,34,61,84,101,102,122,104,111,108,61,43,31,27,15,20,25,33,31,12
12,31,24,27,70,89,129,165,162,133,126,150,161,155,126,69,52,12,9,10,10,13,13,9
9,13,12,33,108,137,190,225,221,189,167,211,209,182,144,124,103,37,13,7,5,5,10,8
16,14,14,52,103,132,172,202,232,220,178,212,209,202,142,109,81,42,13,10,11,9,8,6
30,22,23,58,102,126,175,202,213,175,159,202,198,179,146,127,89,39,21,13,9,6,0,7
31,16,31,85,96,103,144,152,145,128,121,154,168,164,138,105,96,37,16,10,9,14,14,11
58,41,62,101,106,106,120,121,116,94,100,110,122,131,117,112,87,48,8,12,4,6,3,8
31,41,42,78,63,77,83,68,61,13,29,46,80,104,104,102,101,13,6,0,0,1,5,5
54,59,73,16,58,68,12,12,2,9,7,8,101,101,105,101,98,13,11,3,0,0,0,11
24,10,5,7,2,0,1,0,0,4,0,16,63,100,105,88,63,25,3,11,4,0,0,0
36,85,81,55,41,5,0,0,4,5,10,7,29,89,86,74,51,10,8,0,3,1,7,9
45,48,59,55,55,71,64,50,12,13,13,5,9,13,53,75,52,12,0,0,0,5,0,0
12,13,33,50,65,54,53,53,50,42,40,50,52,15,14,61,43,24,9,7,0,0,0,0
10,22,14,13,29,45,43,54,63,76,126,54,59,32,15,38,36,15,9,10,8,0,1,6
2,1,0,9,22,14,12,13,17,43,53,55,62,58,8,52,53,51,11,5,0,0,0,0
0,0,0,2,11,11,12,12,12,12,17,44,60,86,12,59,57,52,13,0,0,0,0,8
7,4,0,7,8,9,9,12,12,10,13,8,30,63,12,56,57,53,18,0,0,0,0,3
8,8,0,0,0,10,9,8,8,9,3,5,24,40,10,53,55,51,26,8,0,0,0,0
0,6,4,0,0,6,11,10,6,8,4,3,11,5,8,52,54,50,14,8,0,0,0,5
7,0,5,3,0,7,4,10,4,0,5,6,9,6,0,31,51,27,8,0,5,3,0,0
3,0,0,3,6,0,2,0,0,4,2,0,7,9,5,26,50,11,8,10,7,0,0,0
6,10,1,4,7,5,5,0,0,0,6,10,11,4,11,14,19,12,3,3,0,0,0,0
0,1,4,0,8,8,0,0,0,7,6,0,9,11,11,13,25,6,3,0,0,0,0,0
0,0,0,7,9,0,0,9,5,1,0,7,4,11,30,54,70,38,13,6,0,1,6,5
5,1,5,0,1,5,1,0,1,7,1,9,13,10,13,62,87,34,14,5,2,0,7,8
0,8,6,10,0,4,7,0,0,8,8,8,7,11,11,22,31,8,5,6,0,0,4,5
5,3,0,6,0,0,7,0,0,2,12,3,3,9,8,11,10,5,0,0,0,0,0,2

2,7,3,0,0,0,0,0,4,25,14,12,11,7,6,4,0,1,5,0,0,0,0,0
4,8,9,12,7,0,9,29,36,55,54,56,54,42,9,10,2,4,9,6,0,0,0,8
4,13,11,14,13,0,48,34,55,59,100,101,70,60,53,41,13,11,8,0,0,0,0,1
10,5,9,11,12,14,36,53,55,60,71,91,99,97,72,57,45,15,7,8,0,0,0,3
0,3,0,13,25,30,53,56,56,60,65,97,78,71,63,63,35,5,0,3,0,0,0,0
0,0,0,6,20,19,38,45,50,59,60,69,68,61,56,54,18,12,8,8,4,0,0,0
0,0,0,5,2,0,12,46,65,70,71,66,65,78,66,60,54,20,11,10,9,2,2,3
0,0,4,6,12,66,68,73,69,74,63,61,78,97,86,86,72,64,55,14,10,0,0,0
0,0,9,14,66,78,81,98,97,84,68,73,93,107,116,99,78,70,62,55,10,0,0,0
3,0,13,62,63,64,105,131,129,109,102,94,118,126,132,116,86,65,58,53,12,5,0,0
0,0,35,60,62,61,88,108,125,123,124,114,117,132,121,107,85,56,60,58,28,11,3,0
3,12,51,60,58,51,69,114,129,131,131,122,137,139,122,114,63,50,61,64,50,6,0,0
1,11,41,52,43,45,58,109,127,132,126,133,140,133,116,92,57,32,52,69,57,13,0,0
0,5,86,55,13,10,72,108,122,126,114,127,132,126,101,65,64,14,32,53,63,38,6,0
12,13,68,72,10,10,70,101,117,118,104,116,112,81,53,50,14,7,11,39,64,65,8,0
4,40,51,35,4,10,83,74,89,88,91,102,84,64,51,35,6,0,3,11,56,58,14,6
6,50,67,11,4,21,58,71,79,69,68,106,76,67,51,31,12,7,7,12,37,48,21,10
12,30,37,22,24,34,61,84,102,103,123,105,112,107,61,43,31,27,15,20,25,33,31,12
12,31,24,27,70,89,129,166,163,133,126,151,162,156,126,69,52,12,9,10,10,13,13,9
9,13,12,33,108,137,190,226,221,189,167,212,209,182,144,124,103,37,13,7,5,5,10,8
16,14,14,52,103,132,172,202,233,221,179,213,210,202,143,109,81,42,13,10,11,9,8,6
30,22,23,58,102,126,175,203,213,176,159,203,199,179,146,127,89,39,21,13,10,6,0,7
31,16,31,85,96,103,144,153,145,128,122,154,168,164,138,105,96,37,16,10,9,14,14,11
58,42,63,101,106,106,120,121,116,93,100,110,122,131,117,112,86,48,8,12,4,6,3,8
31,41,42,77,63,77,83,68,63,13,30,46,79,104,104,102,101,13,6,0,0,1,5,5
53,59,75,17,58,67,12,12,2,9,7,8,101,101,105,101,96,13,11,2,0,0,0,10
23,10,5,7,2,0,1,0,0,4,0,15,62,100,105,87,59,27,3,11,4,0,0,0
37,85,81,55,41,5,0,0,4,5,10,7,28,89,85,74,51,10,8,0,3,1,7,9
46,48,59,55,55,72,64,50,12,13,13,5,9,13,53,75,52,12,0,0,0,5,0,0
12,13,33,50,65,54,53,53,50,42,40,50,52,15,14,61,45,24,9,7,0,0,0,0
10,22,14,13,29,46,43,54,63,76,126,54,59,32,15,39,36,16,9,10,8,0,1,6
2,1,0,8,22,14,12,14,18,43,53,55,62,58,8,52,53,51,11,5,0,0,0,0
0,0,0,2,11,11,12,12,12,12,17,44,60,86,12,59,57,52,14,0,0,0,0,8
7,4,0,7,8,9,9,12,12,10,13,8,30,63,12,56,57,53,18,0,0,0,0,3
8,8,0,0,0,10,9,8,8,9,3,5,24,41,10,53,55,51,26,8,0,0,0,0
0,6,4,0,0,6,11,10,6,8,4,3,11,5,8,52,54,50,14,8,0,0,0,5
7,0,5,3,0,7,4,10,4,0,5,6,9,6,0,31,51,28,8,0,5,3,0,0
3,1,0,3,6,0,2,0,0,4,2,0,7,9,5,26,50,11,8,10,7,0,0,0
6,10,1,4,7,5,5,0,0,0,6,10,11,4,11,14,20,12,3,3,0,0,0,0
0,1,4,0,8,8,0,0,0,7,6,0,10,11,11,13,25,6,3,0,0,0,0,0
0,0,0,7,9,0,0,9,5,1,0,7,4,11,30,54,70,38,13,6,0,1,7,5
5,1,5,0,1,6,1,0,1,7,0,9,13,10,12,62,87,34,14,5,2,0,7,8
0,8,6,10,0,4,7,0,0,8,8,8,7,11,11,23,30,8,5,6,0,0,4,5
5,3,0,6,0,0,7,0,0,2,12,3,3,8,8,11,10,5,0,0,0,0,0,1

2,7,3,0,0,0,0,0,4,25,14,12,11,7,6,4,0,1,5,0,0,0,0,0
4,8,9,11,7,0,9,29,35,55,54,56,55,42,9,10,2,4,9,6,0,0,0,8
5,13,11,14,13,0,47,34,55,59,100,101,70,60,53,43,13,11,8,0,0,0,0,1
10,5,9,11,12,14,36,53,55,60,71,91,99,97,72,57,45,15,7,8,0,0,0,3
0,3,0,13,26,30,54,56,56,60,65,98,79,71,63,63,36,5,0,3,0,0,0,0
0,0,0,6,21,20,38,45,50,59,60,69,69,61,56,54,18,12,8,8,4,0,0,0
0,0,0,5,2,0,12,48,66,71,72,66,65,78,66,60,54,20,11,10,9,2,2,3
0,0,4,6,12,66,68,72,69,74,63,61,78,98,86,86,72,64,55,13,10,0,0,0
0,0,9,14,66,77,81,97,97,85,68,73,93,107,117,99,78,70,62,55,10,0,0,0
2,0,13,62,63,64,105,130,130,109,102,94,118,127,133,117,86,65,58,53,12,5,0,0
0,0,35,60,62,61,88,107,124,122,123,112,116,132,121,106,85,56,60,58,28,11,3,0
3,12,51,60,58,51,69,113,128,131,130,120,136,139,122,114,63,50,61,64,50,6,0,0
1,11,41,52,43,44,58,108,126,132,126,132,139,132,115,91,56,31,52,68,57,13,0,0
0,5,86,55,13,10,72,108,122,126,114,126,132,125,100,64,61,14,31,53,62,36,6,0
12,13,67,72,9,10,71,101,118,119,104,116,111,80,53,50,13,7,11,39,64,65,9,0
3,39,50,35,4,10,85,74,89,89,90,102,84,63,51,35,5,0,3,11,56,57,14,6
6,50,67,11,4,21,57,71,80,70,69,106,76,67,51,31,12,7,7,12,37,47,21,11
12,29,37,22,24,34,62,85,103,104,124,105,112,107,61,43,30,27,16,20,25,33,31,12
12,30,24,27,72,90,130,167,164,133,127,152,162,156,126,69,52,12,10,10,10,13,13,9
9,13,12,33,108,137,190,226,222,190,168,212,209,182,144,124,103,37,13,7,5,5,10,8
16,14,14,52,103,132,173,203,233,222,179,213,210,202,142,109,81,43,13,11,11,9,8,6
31,22,23,58,102,127,175,203,214,177,160,203,199,179,146,126,88,39,21,13,9,6,0,7
31,16,31,86,97,103,144,153,146,129,122,155,168,164,138,105,96,37,16,10,9,14,14,11
58,42,62,101,106,106,120,121,116,94,100,110,122,131,117,112,86,47,8,12,4,6,3,8
31,41,42,78,64,77,83,70,62,13,31,45,80,104,104,102,101,13,6,0,0,1,5,5
54,59,75,17,58,70,12,13,3,9,7,8,101,101,105,101,96,13,11,3,0,0,0,10
23,10,5,7,2,0,1,0,0,4,0,17,62,100,105,87,60,25,3,11,4,0,0,0
35,85,81,55,41,5,0,0,4,6,10,7,29,89,86,74,51,10,8,0,3,1,7,9
46,48,59,55,55,71,63,48,12,13,13,5,9,13,53,75,53,12,0,0,0,5,0,0
12,13,33,50,65,54,53,53,50,42,39,50,52,15,14,61,43,24,9,7,0,0,0,0
10,22,14,13,29,46,44,54,63,76,126,54,59,32,15,39,36,17,9,10,8,0,1,6
3,1,0,9,22,14,12,14,17,45,53,55,62,58,8,52,53,51,11,5,0,0,0,0
0,0,0,2,11,11,12,12,12,12,17,44,60,86,12,59,57,52,14,0,0,0,0,8
7,4,0,7,8,9,9,12,12,10,13,8,30,63,12,56,57,53,19,0,0,0,0,3
8,8,0,0,0,10,9,8,8,10,3,5,24,41,10,53,55,51,26,8,0,0,0,0
0,6,4,0,0,6,11,10,6,8,4,3,11,5,8,52,54,50,14,8,0,0,0,5
7,0,5,3,0,7,4,10,4,0,5,6,9,6,0,31,51,27,8,0,5,3,0,0
3,1,0,3,6,0,2,0,0,5,2,0,7,9,5,25,50,11,9,10,7,0,0,0
6,10,1,4,7,5,5,0,0,0,6,10,11,4,11,14,20,12,3,4,0,0,0,0
0,1,4,0,8,8,0,0,0,7,7,0,9,11,12,13,25,7,3,0,0,0,0,0
0,0,0,7,9,0,0,9,5,1,0,7,4,11,30,54,70,37,13,6,0,1,7,5
5,1,5,0,1,5,1,0,1,7,1,9,13,10,12,62,87,34,14,5,2,0,7,8
0,8,6,10,0,4,7,0,0,8,8,8,7,11,11,22,30,8,5,6,0,0,4,5
5,3,0,6,0,0,7,0,0,2,12,3,3,8,8,11,10,5,0,0,0,0,0,1

2,7,3,0,0,0,0,0,4,25,14,12,11,7,7,4,1,1,5,0,0,0,0,0
4,8,9,11,7,0,9,29,36,55,54,56,54,43,9,10,2,4,9,6,0,0,0,8
4,13,11,14,13,0,48,34,55,59,100,101,70,60,53,41,14,11,8,0,0,0,0,1
10,5,9,11,12,14,36,53,55,60,71,91,100,97,72,57,46,15,7,8,0,0,0,3
0,3,0,13,25,30,53,56,56,60,65,98,79,71,63,63,36,5,0,3,0,0,0,0
0,0,0,6,21,20,38,45,50,59,60,69,69,61,56,54,18,12,8,8,4,0,0,0
0,0,0,5,2,0,12,49,66,71,72,67,65,78,66,60,54,20,11,10,9,2,2,3
0,0,4,6,12,66,68,73,69,75,63,61,78,98,86,86,72,64,55,14,10,0,0,0
0,0,9,14,66,77,81,97,97,85,68,73,93,107,117,99,78,70,62,55,10,0,0,0
3,0,13,62,63,64,105,130,129,109,102,93,119,127,133,117,86,65,58,53,12,5,0,0
0,0,34,60,62,62,88,107,124,122,123,111,116,132,121,106,85,56,60,58,28,11,3,0
3,12,51,60,58,51,68,113,128,130,129,120,136,138,121,113,62,50,61,64,50,6,0,0
1,11,41,51,43,44,57,108,126,131,125,132,138,131,115,90,56,32,52,69,57,13,0,0
0,5,86,55,13,10,73,108,121,126,114,126,131,124,100,63,59,13,31,53,62,36,5,0
12,13,67,71,9,10,71,101,118,119,104,116,111,79,53,50,13,7,11,39,64,65,8,0
3,39,50,34,4,10,85,74,90,89,91,102,83,63,50,33,5,0,3,11,56,57,14,6
6,50,67,11,4,20,58,71,80,70,69,106,76,67,51,31,11,7,6,12,38,47,21,10
12,29,37,22,24,34,62,85,103,105,125,105,112,107,60,43,30,27,15,20,25,33,31,12
12,30,24,27,72,90,130,167,164,134,127,152,163,156,126,69,53,12,9,10,10,13,13,9
9,13,12,33,108,138,190,227,223,190,169,212,209,182,144,124,103,37,13,7,5,5,10,8
16,14,15,52,103,133,173,203,234,223,179,213,210,202,142,109,80,43,13,11,11,9,8,6
31,22,23,58,103,127,176,203,214,177,160,203,199,179,146,126,88,39,22,13,10,6,0,7
31,16,31,86,97,103,144,153,146,129,122,155,168,164,138,105,96,38,16,10,9,14,14,11
58,41,63,101,106,106,121,121,116,96,100,110,122,131,117,112,86,48,8,12,4,6,3,8
31,40,42,78,64,77,83,69,63,13,30,46,81,104,104,102,101,13,6,0,0,1,5,5
55,59,75,17,59,70,12,13,3,9,7,8,101,101,105,101,96,13,11,2,0,0,0,10
23,10,5,7,2,0,2,0,0,4,0,17,63,100,105,87,60,25,3,11,4,0,0,0
36,85,81,55,40,5,0,0,4,6,10,7,29,88,86,74,51,10,8,0,3,1,7,9
46,48,59,55,55,71,64,50,12,13,13,5,10,13,53,75,53,12,0,0,0,5,0,0
12,13,32,50,65,54,53,53,50,41,39,50,52,15,14,61,43,24,9,7,0,0,0,0
10,22,14,14,30,47,44,54,63,76,126,55,59,32,15,38,36,16,9,10,8,0,1,6
3,1,0,8,22,14,12,14,18,47,53,55,62,58,8,52,53,51,11,5,0,0,0,0
0,0,0,2,11,11,12,12,12,12,17,46,60,86,12,59,57,52,14,0,0,0,0,8
7,4,0,7,8,9,9,12,12,10,13,8,30,63,12,56,57,53,19,0,0,0,0,3
8,8,0,0,0,10,9,8,8,10,3,5,24,41,10,53,55,51,27,8,0,0,0,0
0,6,4,0,0,6,11,10,6,8,4,3,11,5,8,52,54,50,14,8,0,0,0,5
7,0,5,3,0,7,4,10,4,0,5,6,9,6,0,33,51,27,8,0,5,3,0,0
3,1,0,3,6,0,2,0,0,5,2,0,7,9,5,25,50,11,9,10,7,0,0,0
6,10,1,4,7,5,4,0,0,0,6,10,11,4,11,14,19,12,3,3,0,0,0,0
0,1,4,0,8,8,0,0,0,7,7,0,9,11,11,13,25,7,3,0,0,0,0,0
0,0,0,7,9,0,0,9,5,1,0,7,4,11,29,54,70,37,13,6,0,1,6,5
5,1,5,0,1,5,1,0,2,7,1,9,13,10,12,62,86,34,14,5,2,0,7,8
0,8,6,10,0,4,7,0,0,8,8,9,7,11,11,22,29,8,5,6,0,0,4,5
5,3,0,6,0,0,7,0,0,2,12,3,3,8,8,11,10,5,0,0,0,0,0,2

2,7,3,0,0,0,0,0,4,25,14,12,11,7,6,4,1,1,5,0,0,0,0,0
4,8,8,12,7,0,9,29,36,55,54,56,54,43,9,10,2,4,9,6,0,0,0,9
4,13,11,14,13,0,47,34,55,59,100,101,70,60,53,43,14,12,8,0,0,0,0,1
10,5,9,11,12,14,36,53,55,60,71,92,99,97,72,57,46,16,7,8,0,0,0,3
0,3,0,13,25,30,53,56,56,60,65,98,79,71,63,63,36,5,0,3,0,0,0,0
0,0,0,6,20,20,38,45,50,59,60,69,69,61,56,54,18,12,8,8,4,0,0,0
0,0,0,5,2,0,12,47,66,71,72,66,65,78,66,60,54,20,11,11,9,2,2,3
0,0,4,6,12,66,68,73,69,75,63,61,78,97,86,85,72,64,55,14,10,0,0,0
0,0,9,14,66,77,81,97,98,85,69,73,93,107,116,99,78,70,62,55,10,0,0,0
2,0,13,62,63,64,105,131,131,109,102,93,118,126,132,117,86,65,58,53,12,5,0,0
0,0,34,60,62,61,88,107,124,122,122,110,115,131,121,106,85,56,60,58,28,11,3,0
3,12,51,60,58,51,68,113,128,130,129,119,135,138,121,113,62,50,61,64,50,6,0,0
1,11,41,51,43,44,58,108,125,131,125,131,138,131,115,90,56,31,52,69,57,13,0,0
0,5,86,55,13,10,72,108,121,125,113,126,131,124,100,64,59,13,33,53,63,38,6,0
12,13,67,71,9,10,70,101,117,119,104,115,111,79,53,50,13,7,11,40,64,65,8,0
4,39,50,35,4,10,85,74,89,89,90,102,83,63,51,33,5,0,3,11,56,58,14,6
6,50,67,11,4,20,58,71,80,70,69,106,76,67,51,31,11,7,6,12,38,47,21,10
12,29,37,22,24,34,62,86,104,105,125,106,112,107,61,43,30,27,16,20,25,33,31,12
12,30,24,27,72,90,131,168,165,135,128,153,163,156,126,69,52,12,10,10,10,13,13,8
9,13,12,34,108,138,191,227,223,192,170,214,210,182,144,124,103,38,13,7,5,5,10,8
17,14,15,52,103,133,173,203,234,223,180,214,210,202,142,109,81,43,13,10,11,9,8,6
30,22,23,59,103,127,176,203,214,177,160,203,199,179,146,126,88,39,22,13,10,6,0,7
31,16,32,86,97,104,144,153,146,129,122,155,168,164,138,105,96,38,16,10,9,14,14,11
58,42,63,101,106,106,120,121,116,95,100,110,122,131,117,112,86,48,8,12,4,6,3,8
31,41,42,78,63,77,82,69,62,13,33,45,80,104,104,102,101,13,6,0,0,1,5,5
54,59,75,17,59,71,13,13,3,9,7,8,101,101,105,101,98,13,10,2,0,0,0,11
24,10,5,8,2,0,2,0,0,4,0,17,63,100,105,87,61,27,3,11,4,0,0,0
37,85,81,55,40,5,0,0,4,6,10,7,29,89,86,73,51,10,8,0,3,1,7,9
46,48,59,55,55,71,63,50,12,13,13,5,10,13,53,75,52,12,0,0,0,5,0,0
12,13,32,50,65,54,53,53,49,42,40,50,52,16,14,61,43,24,9,7,0,0,0,0
10,22,14,13,29,46,44,54,63,76,126,54,59,32,15,39,36,17,9,10,8,0,1,6
3,1,0,8,22,14,12,13,18,45,53,55,62,58,8,52,53,51,11,5,0,0,0,0
0,0,0,2,11,11,12,12,12,12,17,45,60,86,12,59,57,52,14,0,0,0,0,8
7,4,0,7,8,9,9,12,12,10,13,8,30,63,12,56,57,53,19,0,0,0,0,3
8,8,0,0,0,10,9,8,8,10,3,5,24,41,10,53,55,51,27,8,0,0,0,0
0,6,4,0,0,6,11,10,6,8,4,3,11,5,8,52,54,50,14,8,0,0,0,5
7,0,5,3,0,7,4,10,4,0,5,6,9,6,0,31,51,27,8,0,5,3,0,0
3,1,0,3,6,0,2,0,0,5,2,0,7,9,5,26,50,11,9,10,7,0,0,0
6,10,1,4,7,5,5,0,0,0,6,10,11,4,11,14,20,12,3,4,0,0,0,0
0,1,4,0,8,8,0,0,0,7,7,0,9,11,12,13,26,7,3,0,0,0,0,0
0,0,0,7,9,0,0,9,5,1,0,7,4,11,29,54,70,38,13,6,0,1,6,5
5,1,5,0,1,5,1,0,2,7,1,9,13,10,12,62,86,34,14,5,2,0,7,8
0,8,6,10,0,4,7,0,0,9,8,9,7,11,11,22,29,8,5,6,0,0,4,5
5,3,0,6,0,0,7,0,0,2,12,3,3,8,8,11,10,5,0,0,0,0,0,2

2,7,3,0,0,0,0,0,4,25,14,12,11,7,6,4,1,1,5,0,0,0,0,0
4,8,9,12,7,0,9,29,36,55,55,56,55,44,9,10,2,4,9,6,0,0,0,9
4,13,11,14,13,0,48,34,55,59,100,101,70,60,53,43,13,11,8,0,0,0,0,1
10,5,9,11,12,14,36,53,55,61,71,91,100,97,72,57,46,16,7,8,0,0,0,3
0,3,0,13,25,30,53,56,56,60,65,98,79,71,63,63,35,5,0,3,0,0,0,0
0,0,0,6,20,19,38,44,50,59,60,69,69,61,56,54,19,12,8,8,4,0,0,0
0,0,0,5,2,0,12,46,65,71,72,67,65,78,66,60,54,20,11,10,9,2,3,3
0,0,4,6,12,66,68,72,69,75,63,61,78,97,86,86,72,64,55,14,10,0,0,0
0,0,9,14,66,77,81,98,98,86,69,72,92,106,117,99,78,70,62,55,11,0,0,0
3,0,13,62,63,64,105,132,133,110,103,93,118,127,133,117,87,66,58,53,12,6,0,0
0,0,35,60,62,62,88,107,125,122,123,110,116,132,121,107,85,56,60,58,29,11,3,0
3,12,51,60,58,51,68,112,128,130,129,119,135,139,122,114,63,50,61,64,50,6,0,0
1,11,41,52,43,44,57,108,125,131,125,131,138,131,115,90,56,31,52,68,57,13,0,0
0,5,86,55,13,10,72,108,121,125,113,125,131,124,100,64,60,13,31,53,63,38,6,0
12,13,67,72,9,10,71,101,117,118,104,115,110,79,53,50,13,7,11,40,64,65,8,0
4,40,50,34,4,10,84,74,89,88,90,101,82,63,50,35,5,0,3,11,56,58,14,6
6,50,67,11,4,22,58,71,80,70,69,106,75,67,51,31,11,7,6,12,38,46,20,10
12,30,37,22,24,35,62,85,104,105,124,105,111,107,61,43,31,27,16,20,25,33,31,12
12,30,24,27,72,91,131,168,165,134,128,152,162,155,126,68,52,12,9,10,10,13,13,8
9,13,13,34,109,138,191,228,224,192,169,213,209,181,144,124,103,37,13,7,5,5,10,8
16,14,15,53,103,133,174,204,234,223,180,213,209,201,142,108,80,42,13,10,11,9,7,6
30,22,23,59,103,127,176,204,215,178,160,203,199,178,146,126,88,39,21,13,10,6,0,7
31,16,32,86,97,104,144,154,146,129,122,155,168,164,138,104,95,38,16,10,9,14,14,11
58,42,63,101,106,106,121,122,116,96,100,110,122,131,117,112,86,48,8,12,5,6,3,8
31,41,42,78,64,77,83,70,62,13,31,45,80,104,104,102,101,13,6,0,0,1,5,5
55,59,76,18,60,70,13,13,3,9,7,8,101,101,105,101,98,13,11,2,0,0,0,11
23,10,5,8,2,0,2,0,0,4,0,19,63,100,105,86,60,24,3,11,4,0,0,0
37,85,81,55,41,5,0,0,5,6,10,7,30,90,86,74,51,10,8,0,3,1,7,9
46,48,59,55,55,71,64,50,12,13,13,5,10,13,53,75,53,12,0,0,0,5,0,0
12,13,32,50,65,54,53,53,50,41,40,50,52,16,14,61,43,25,9,7,0,0,0,0
10,22,14,13,29,46,44,54,63,76,126,54,60,32,16,39,36,17,9,10,9,0,1,6
3,1,0,8,22,14,12,14,18,45,53,55,62,58,8,52,53,51,11,5,0,0,0,0
0,0,0,2,11,11,12,12,12,12,18,46,60,86,12,59,57,52,14,0,0,0,0,8
7,4,0,7,8,9,9,12,12,10,13,8,30,63,12,56,57,53,19,0,0,0,0,3
8,8,0,0,0,10,9,8,8,10,3,5,23,40,10,53,55,51,27,8,0,0,0,0
0,6,4,0,0,6,11,10,7,8,4,3,11,5,8,52,54,50,14,8,0,0,0,5
7,0,5,3,0,7,4,10,4,0,5,6,9,6,0,33,51,27,8,0,5,3,0,0
3,1,0,3,6,0,2,0,0,5,2,0,7,9,5,26,50,11,9,10,7,0,0,0
6,10,1,4,7,5,5,0,0,0,6,10,11,4,11,14,20,12,3,3,0,0,0,0
0,1,4,0,8,8,0,0,0,7,6,0,10,11,12,13,25,7,3,0,0,0,0,0
0,0,0,7,9,0,0,9,5,1,0,7,4,11,30,54,70,37,13,6,0,1,7,5
5,1,5,0,1,5,1,0,2,7,1,9,13,10,12,62,87,34,14,5,2,0,7,8
0,8,6,10,0,4,7,0,0,9,9,8,7,11,11,23,29,8,5,6,0,0,4,5
5,3,0,6,0,0,7,0,0,3,12,3,3,8,8,11,10,5,0,0,0,0,0,2
