4,7,0,0,3,2,5,11,11,14,14,50,40,42,39,45,40,36,14,11,9,7,13,7
9,0,0,0,1,0,0,0,3,14,34,44,53,53,62,48,51,74,47,20,14,2,9,10
7,3,4,0,0,3,5,6,8,0,17,11,14,22,13,50,29,13,0,8,7,0,9,8
7,11,10,8,8,7,28,26,15,10,8,7,10,51,34,51,9,9,2,2,0,0,2,3
0,0,10,9,12,47,58,88,79,52,34,50,12,54,54,21,12,3,0,9,11,24,26,33
7,10,13,31,54,69,79,93,101,75,75,69,55,58,50,17,13,3,0,0,10,11,24,53
9,13,14,50,59,59,68,75,101,128,139,133,97,64,59,22,8,5,0,4,12,12,60,61
4,5,50,62,65,62,57,67,99,152,198,183,126,71,55,57,52,13,7,0,9,45,53,59
11,51,61,59,57,54,50,58,94,170,243,238,183,117,66,58,65,60,52,9,10,50,56,48
32,56,56,52,17,14,53,61,97,185,283,268,217,162,85,74,79,66,11,10,14,67,95,59
43,51,42,24,19,32,51,69,94,178,236,227,197,170,81,87,76,61,12,14,14,84,110,61
57,51,31,12,13,14,51,91,136,214,202,179,168,146,105,98,67,47,2,8,56,106,106,57
55,27,23,4,9,13,20,89,145,172,170,145,143,131,112,96,52,10,4,13,49,70,72,33
35,8,12,12,12,14,54,104,116,125,147,131,119,113,108,101,53,0,0,10,13,54,58,13
8,4,6,8,7,10,50,74,89,79,108,108,118,108,103,100,15,5,0,3,9,9,11,0
10,0,0,0,7,12,15,68,74,58,65,68,73,74,68,49,12,7,0,0,6,6,2,0
13,6,10,10,10,15,69,59,72,92,103,71,89,54,55,24,13,9,3,4,0,3,4,0
11,9,11,13,25,42,45,55,84,76,76,68,56,55,39,29,26,11,7,9,9,10,10,9
0,0,4,6,12,57,94,106,133,140,105,50,54,32,14,10,4,5,4,3,9,9,5,6
0,0,6,8,21,57,69,127,174,178,131,104,62,43,12,7,12,7,4,4,8,5,5,2
0,10,1,13,28,44,113,138,143,166,164,126,104,66,12,9,8,8,5,11,1,1,7,12
0,0,2,8,31,54,103,129,144,161,162,159,117,55,25,13,19,10,8,11,3,4,9,7
0,0,5,2,17,37,62,119,136,145,159,155,129,83,27,7,9,7,10,9,8,11,3,6
0,0,0,0,0,7,87,109,125,142,148,148,142,112,40,7,6,6,3,8,10,7,0,0
0,0,0,0,7,8,50,101,110,126,132,138,136,118,101,14,9,9,6,11,7,0,3,12
0,10,0,0,4,8,7,98,105,112,118,133,132,118,106,65,9,10,8,5,0,0,10,9
0,3,0,0,5,8,10,25,97,113,117,120,126,111,108,100,34,13,9,10,0,0,1,4
0,3,0,0,0,0,10,11,45,100,112,143,121,114,103,73,41,6,8,0,1,2,1,0
0,0,0,0,1,4,0,11,12,60,100,125,111,136,112,68,14,11,0,0,0,5,4,9
0,0,0,0,0,0,0,12,50,78,103,126,128,100,54,40,25,15,0,0,0,2,7,7
5,8,9,0,0,11,12,35,65,87,99,95,111,74,20,21,17,20,12,10,5,0,0,7
0,2,4,0,0,5,10,53,86,117,128,98,64,51,14,14,13,10,11,18,5,4,8,0
6,0,0,0,0,0,9,51,75,111,134,112,58,41,13,13,13,11,9,10,5,0,3,6
4,0,0,0,0,0,5,24,61,87,101,78,34,17,13,13,9,8,8,5,4,4,6,7
0,0,0,0,0,0,0,11,53,66,67,50,14,11,12,13,10,7,10,5,3,0,7,9
3,0,0,0,1,0,0,0,41,56,54,10,12,11,13,9,10,2,4,6,6,7,7,0
4,5,8,5,0,0,0,11,60,62,50,2,9,10,12,8,0,0,4,3,8,8,6,7
0,0,0,0,0,0,9,6,29,55,14,5,12,11,12,9,0,0,2,7,10,0,4,3
0,0,0,0,0,0,0,10,36,48,20,14,8,11,7,5,0,0,0,5,2,9,8,9
0,0,0,0,0,0,0,21,51,39,25,13,7,0,5,0,0,0,0,2,6,2,0,0
4,6,0,0,0,3,1,26,51,55,54,13,7,10,0,0,0,0,0,0,0,0,2,0
8,7,0,0,0,2,10,14,67,89,60,52,22,14,10,0,0,2,11,2,0,2,0,3
5,7,0,0,0,0,0,7,14,62,57,53,52,41,27,9,6,10,7,0,1,9,10,0
3,0,1,2,2,0,0,1,8,7,11,13,14,39,38,13,3,6,6,1,6,0,6,8

5,7,0,0,2,2,4,11,11,14,14,50,42,43,40,46,44,38,14,11,9,7,13,7
9,0,0,0,0,0,0,0,3,14,34,44,54,53,63,50,52,76,48,21,14,3,9,10
7,2,3,0,0,2,5,7,9,0,14,11,13,23,13,51,29,14,0,8,7,0,9,8
7,11,10,8,8,9,35,32,31,9,8,7,10,51,41,52,11,16,2,3,0,0,1,4
0,0,10,9,13,45,61,108,106,57,37,50,12,54,55,19,11,3,0,9,11,23,23,33
8,10,13,30,52,66,80,105,112,85,80,70,55,58,49,15,12,3,0,0,10,9,22,53
10,13,14,38,56,58,67,77,104,132,141,134,96,63,58,22,7,5,0,5,12,11,59,61
3,3,15,56,62,61,57,68,100,150,196,179,122,71,55,57,52,13,8,0,9,44,53,60
9,14,54,56,56,53,50,58,97,168,236,230,178,114,65,58,64,59,51,9,10,50,56,49
12,50,54,51,14,12,52,60,97,183,271,257,212,158,83,73,78,66,12,11,13,67,95,59
31,46,42,18,13,17,50,68,94,176,226,218,194,165,79,85,74,61,13,14,14,83,109,61
53,52,32,10,13,14,50,92,138,212,198,175,165,144,104,95,66,42,3,9,57,106,106,57
54,34,27,4,8,13,22,92,147,172,169,145,143,132,113,94,50,10,5,14,50,71,72,33
45,9,12,13,11,14,55,104,116,126,148,132,120,114,109,102,51,0,0,10,13,55,59,13
10,6,9,9,8,11,50,75,89,79,110,109,121,110,104,102,18,6,0,4,10,9,11,0
10,0,0,0,7,13,16,69,74,58,66,69,75,78,70,51,13,7,0,0,6,6,2,0
13,6,10,10,10,18,70,60,72,92,104,72,91,55,55,27,13,10,3,4,0,3,4,0
11,9,10,13,26,43,46,55,82,76,77,70,56,55,40,30,26,11,7,9,9,10,10,9
0,0,4,6,12,58,95,106,129,140,107,54,54,36,14,10,3,4,4,3,8,9,5,6
0,0,6,8,23,59,69,126,167,177,134,104,62,46,12,6,12,7,4,4,8,5,5,2
0,10,0,14,28,46,115,140,143,169,167,127,104,65,12,9,8,8,5,11,1,1,7,12
0,0,2,9,37,57,105,131,145,162,163,159,118,55,25,12,19,10,8,11,3,5,9,7
0,0,5,2,19,39,64,121,138,146,159,155,130,83,26,7,9,7,10,9,8,11,3,6
0,0,0,0,0,8,91,109,126,143,148,149,143,113,42,7,6,6,3,8,10,7,0,0
0,0,0,0,7,8,55,102,110,126,133,139,137,118,101,15,9,9,5,10,7,0,3,12
0,10,0,0,4,8,7,98,105,112,118,134,133,119,106,68,9,9,3,2,0,0,11,9
0,3,0,0,5,9,11,31,100,114,117,120,126,111,108,100,33,13,9,10,0,0,2,4
0,3,0,0,0,1,10,12,46,101,112,143,122,115,103,72,41,5,8,0,2,3,1,0
0,0,0,0,1,4,0,12,12,60,100,126,113,137,112,68,14,11,0,0,0,5,4,10
0,0,0,0,0,0,1,12,50,77,103,126,129,101,54,40,26,15,0,0,0,2,7,7
5,8,9,0,0,11,13,35,65,86,99,95,112,75,21,22,17,20,12,10,5,0,0,8
0,1,3,0,0,5,10,53,85,117,128,98,65,51,14,14,13,9,11,19,5,5,9,0
6,0,0,0,0,0,9,51,75,110,133,112,59,41,13,13,13,11,9,10,5,0,3,6
4,0,0,0,0,0,5,19,60,85,100,78,35,18,13,13,9,8,8,5,4,4,6,7
0,0,0,0,0,0,0,10,52,65,67,50,14,11,12,13,10,7,10,5,3,0,7,9
2,0,0,0,1,0,0,0,38,55,54,10,12,11,13,8,10,3,4,6,6,7,7,0
4,5,8,5,0,0,0,11,58,61,50,2,9,10,12,8,0,0,4,3,8,8,7,7
0,0,0,0,0,0,9,5,25,55,14,5,12,11,12,9,0,0,2,7,10,0,5,3
0,0,0,0,0,0,0,10,33,48,21,14,8,11,8,5,0,0,0,5,2,9,8,9
0,0,0,0,0,0,0,16,51,38,25,13,7,0,5,0,0,0,0,2,6,2,0,0
4,6,0,0,0,3,1,25,50,55,53,13,7,11,0,0,0,0,0,0,0,0,2,0
8,7,0,0,0,2,10,14,65,87,59,52,16,14,10,0,0,1,11,2,0,2,0,3
5,7,0,0,0,0,0,7,13,61,57,53,52,41,27,9,6,10,7,0,1,9,10,0
3,0,1,2,2,0,0,1,7,7,10,13,13,39,39,13,3,6,6,1,6,1,6,8

4,7,0,0,2,1,4,11,11,14,14,50,39,42,40,46,44,39,14,11,9,7,13,7
9,0,0,0,0,0,0,0,3,13,35,44,54,53,63,50,52,77,50,21,14,3,9,10
7,2,3,0,0,3,5,7,10,0,14,10,13,23,13,51,31,16,0,8,8,0,9,8
7,11,10,9,8,10,38,43,40,9,8,7,10,50,36,51,12,19,3,3,0,0,1,5
0,0,10,10,13,51,63,111,108,59,38,51,12,53,54,14,8,2,0,9,11,23,23,33
8,10,13,32,53,67,81,108,114,87,81,70,55,57,47,13,11,3,0,0,10,9,23,53
10,13,14,42,56,58,67,78,105,133,142,134,96,63,57,17,6,4,0,5,12,12,61,62
3,3,16,56,62,61,57,68,101,151,196,178,121,70,54,56,51,12,7,0,9,47,54,60
9,14,54,57,56,52,50,58,97,169,236,228,174,112,64,57,62,57,48,8,10,50,56,50
12,50,54,51,14,12,52,60,97,182,269,250,204,152,81,71,76,64,11,10,14,68,98,60
31,46,43,16,12,14,50,68,94,176,224,211,187,158,76,81,72,58,12,14,14,85,112,63
53,52,33,10,13,14,50,93,139,213,197,171,158,140,101,89,62,35,2,9,57,108,108,58
54,34,27,3,7,13,24,93,148,172,168,143,141,131,111,90,37,9,5,15,50,73,75,35
45,9,12,12,11,14,55,104,116,125,148,131,121,115,109,101,37,1,0,11,14,57,61,14
10,5,9,9,7,10,50,75,89,79,109,110,123,111,104,102,18,7,1,5,11,10,12,0
10,0,0,0,7,13,16,69,74,57,66,70,77,81,72,51,13,7,0,0,7,7,3,0
13,6,10,10,10,22,71,60,72,93,106,73,93,55,56,27,13,9,3,5,0,4,4,0
11,10,10,13,27,43,46,55,81,75,77,71,57,56,40,30,26,11,7,9,9,10,10,9
0,0,4,7,13,59,96,105,122,138,110,65,55,37,14,10,3,4,4,3,8,10,5,6
0,0,6,8,25,60,70,127,155,169,140,108,69,51,12,6,12,8,4,5,8,5,5,2
0,10,0,14,28,47,117,143,141,163,167,132,105,68,12,7,8,8,5,11,0,1,7,12
0,0,2,9,41,58,106,133,146,164,170,165,119,55,24,12,21,10,9,11,2,5,9,7
0,0,5,3,20,40,66,122,139,148,168,163,131,85,27,7,9,7,10,9,9,12,3,6
0,0,0,0,0,8,91,109,126,144,153,155,143,112,46,8,7,6,4,8,10,7,0,0
0,0,0,0,6,9,55,102,110,126,136,143,137,118,101,20,10,10,5,10,8,0,3,12
0,10,0,0,5,8,7,100,105,112,119,138,133,119,106,71,9,9,4,3,0,0,11,9
0,3,0,0,5,9,11,32,100,114,117,122,127,111,108,100,36,14,9,10,1,0,2,4
0,3,0,0,0,1,10,12,45,101,112,143,122,115,103,73,42,6,7,0,2,3,2,0
0,0,0,0,1,4,0,12,12,59,100,126,113,136,111,69,14,11,0,0,0,5,4,10
0,0,0,0,0,0,2,12,50,77,103,125,128,99,54,39,25,15,0,0,0,3,7,7
5,8,9,0,0,11,13,35,65,87,99,95,112,75,21,21,17,20,12,10,5,0,0,8
0,1,3,0,0,5,10,53,86,117,128,98,65,51,14,14,13,9,11,19,5,5,9,0
6,0,0,0,0,0,9,51,75,110,133,111,59,41,13,13,13,11,9,10,5,0,3,6
4,0,0,0,0,0,4,18,60,85,99,77,33,17,13,13,9,8,8,5,5,4,6,7
0,0,0,0,0,0,0,10,52,65,67,50,13,11,12,13,10,7,10,6,3,0,8,9
2,0,0,0,1,0,0,0,37,55,54,10,11,11,13,8,10,3,5,7,6,7,7,0
4,5,8,5,0,0,0,11,58,61,50,3,9,10,12,8,0,0,4,3,8,8,7,7
0,0,0,0,0,0,9,5,25,55,14,5,12,11,12,9,0,0,2,7,10,0,5,3
0,0,0,0,0,0,0,9,34,46,19,14,8,11,8,6,0,0,0,5,2,9,9,9
0,0,0,0,0,0,0,16,51,39,24,13,7,0,5,0,0,0,0,2,6,2,0,0
4,6,0,0,0,3,1,25,50,55,53,13,7,11,0,0,0,0,0,0,0,0,2,0
8,7,0,0,0,2,10,14,65,87,59,52,16,14,10,0,0,2,11,2,0,2,0,3
5,7,0,0,0,0,0,7,14,61,57,53,52,42,27,9,6,10,7,0,1,9,10,0
3,0,1,2,2,0,0,0,7,7,11,13,13,40,40,13,3,6,7,1,6,1,6,8

4,7,0,0,2,1,4,11,11,14,14,50,43,43,40,47,44,38,14,11,9,7,13,7
9,0,0,0,0,0,0,0,3,14,35,45,54,53,63,50,52,77,50,21,14,3,9,10
7,2,3,0,0,2,5,7,9,0,14,11,14,23,13,51,31,18,0,8,7,0,9,8
7,11,10,8,8,9,38,41,38,10,8,7,10,51,37,51,13,19,3,3,0,0,2,5
0,0,9,9,13,50,62,109,106,58,39,50,12,53,54,14,8,2,0,9,11,23,24,35
7,10,13,31,53,66,80,105,112,86,81,71,55,57,47,13,11,3,0,0,10,10,24,53
10,13,14,39,56,58,66,77,104,133,143,135,97,63,57,16,6,4,0,5,12,12,62,63
3,2,15,56,62,61,57,68,101,152,197,179,122,70,54,56,51,12,7,0,9,48,55,61
8,14,54,57,56,53,50,58,97,170,237,228,174,111,64,57,62,56,48,9,10,51,57,50
12,50,54,51,14,11,52,60,97,183,270,251,203,151,80,70,76,64,11,11,14,68,100,61
31,46,42,16,12,14,50,68,94,176,224,211,185,157,76,80,71,58,12,14,14,86,113,64
53,52,33,10,13,14,50,92,139,213,196,170,157,140,100,88,61,33,2,9,57,108,109,58
54,35,27,3,7,13,22,93,148,172,166,142,141,131,111,89,34,9,5,16,50,73,76,38
46,9,12,13,11,14,54,104,115,124,147,131,122,115,110,102,27,1,0,11,15,57,63,14
10,5,9,9,7,10,51,75,88,79,109,111,124,112,105,103,20,7,1,5,11,10,12,1
11,0,0,0,7,13,16,69,74,58,67,71,78,83,73,52,13,7,1,0,7,7,3,0
13,6,10,10,10,26,72,61,73,95,108,74,94,55,56,29,13,9,3,5,0,4,5,0
11,10,10,13,27,44,46,56,81,75,78,73,58,57,41,30,26,11,7,10,9,10,10,10
0,0,4,7,13,61,98,106,121,138,111,71,56,41,14,10,3,4,4,3,8,10,5,6
0,0,6,8,27,61,71,128,154,168,142,110,71,52,12,6,12,8,5,5,8,5,5,2
0,10,0,14,29,48,118,146,142,162,168,133,105,69,12,7,8,8,5,11,1,1,7,12
0,0,2,10,43,59,107,135,147,165,170,166,120,55,23,12,22,10,9,11,3,5,9,7
0,0,5,4,21,40,66,122,140,148,170,164,132,85,27,8,9,7,10,9,9,12,3,7
0,0,0,0,0,9,95,110,127,144,154,156,144,112,47,8,7,6,4,9,10,7,0,0
0,0,0,0,6,9,57,102,110,126,136,143,137,118,101,20,10,10,5,10,8,0,3,12
0,10,0,0,5,8,8,100,105,112,119,139,133,118,106,71,9,9,4,3,0,0,11,9
0,3,0,0,5,9,11,33,100,114,117,122,127,111,108,100,36,14,9,11,1,0,2,4
0,3,0,0,0,2,11,12,46,101,112,143,121,115,103,73,41,7,7,0,2,3,2,0
0,0,0,0,1,4,0,12,12,60,100,126,112,134,111,68,14,11,0,0,0,5,4,10
0,0,0,0,0,0,2,12,50,77,103,125,127,98,54,39,25,15,0,0,0,3,7,7
5,8,9,0,0,11,13,35,65,87,99,95,111,74,21,21,17,20,12,10,6,0,0,8
0,1,3,0,0,5,10,53,86,117,127,97,65,51,14,14,13,9,11,19,6,5,9,1
6,0,0,0,0,0,9,51,75,110,133,111,59,41,13,13,13,11,9,10,5,0,3,6
4,0,0,0,0,0,5,19,60,85,99,77,32,17,13,13,9,8,8,5,5,4,6,7
0,0,0,0,0,0,0,10,52,65,66,50,14,11,12,13,10,7,10,6,3,0,8,9
2,0,0,0,1,0,0,0,39,55,54,10,12,11,13,8,10,3,4,7,6,7,7,0
4,5,7,5,0,0,0,10,58,61,49,2,9,10,12,8,0,0,4,3,8,8,7,7
0,0,0,0,0,0,9,5,25,55,14,5,12,11,12,9,0,0,2,7,10,0,5,3
0,0,0,0,0,0,0,9,34,45,18,14,8,11,8,6,0,0,0,6,2,9,9,9
0,0,0,0,0,0,0,14,50,38,24,13,7,0,5,0,0,0,0,2,6,2,0,0
4,6,0,0,0,3,1,24,50,55,53,13,7,11,0,0,0,0,0,0,0,0,2,0
8,7,0,0,0,2,10,14,64,86,59,52,19,14,11,0,0,2,11,2,0,2,0,3
5,7,0,0,0,0,0,7,13,60,57,53,52,42,28,10,6,11,7,0,1,9,11,0
3,0,1,2,2,0,0,0,7,7,11,13,14,41,42,13,3,6,7,1,6,1,6,8

4,7,0,0,2,1,4,11,11,14,14,50,42,44,40,47,45,40,14,11,9,7,13,7
9,0,0,0,0,0,0,0,3,14,35,47,54,53,64,50,52,77,51,23,14,3,9,10
7,2,3,0,0,2,5,7,9,0,14,11,14,23,14,52,31,20,0,8,7,0,9,8
7,11,10,8,7,9,36,38,36,9,8,7,11,52,46,52,14,19,2,2,0,0,2,5
0,0,9,9,12,48,62,108,106,58,38,50,13,54,54,18,9,2,0,9,11,23,25,35
8,10,13,31,52,66,79,103,110,85,80,70,55,58,48,13,11,3,0,0,10,10,25,54
9,13,14,38,56,58,66,77,104,131,140,133,96,63,58,19,7,4,0,5,13,13,63,63
3,2,14,56,62,61,57,68,100,149,194,177,122,70,54,57,51,13,7,0,9,48,54,60
8,14,54,57,56,53,50,58,97,168,233,227,176,112,65,58,64,59,50,9,10,50,56,49
12,50,54,51,14,11,52,60,97,182,267,251,207,154,81,74,78,65,11,11,14,68,97,60
31,46,43,16,12,14,50,68,93,174,223,213,189,161,78,84,74,59,13,14,14,85,110,61
53,52,35,10,13,14,50,91,136,209,196,173,162,142,101,93,64,38,1,10,57,107,106,57
54,35,28,3,7,13,22,91,145,171,168,144,142,131,112,92,42,10,4,14,50,71,70,31
48,9,12,13,11,14,54,103,115,124,148,131,121,115,109,102,34,0,0,10,14,53,57,13
10,6,9,9,7,10,50,74,88,79,109,110,123,112,104,103,19,7,0,4,10,8,11,0
11,0,0,0,7,13,16,69,74,57,66,70,78,82,73,52,13,6,0,0,7,6,3,0
13,6,10,10,10,22,71,60,72,94,106,73,93,55,56,30,13,9,3,4,0,4,5,0
11,10,10,13,26,43,46,55,81,75,77,72,57,57,41,32,26,12,7,10,9,10,10,9
0,0,4,7,13,58,95,105,121,139,111,70,56,40,14,10,3,5,4,3,8,10,5,6
0,0,6,8,24,59,70,126,152,168,143,111,72,53,12,7,12,7,5,5,8,5,5,2
0,10,0,14,28,46,116,143,141,163,169,135,106,71,12,6,8,7,5,11,1,1,7,12
0,0,2,9,38,57,106,133,146,165,172,168,121,56,24,12,19,10,10,11,2,5,9,7
0,0,5,3,20,39,65,122,139,148,172,166,133,86,27,9,9,6,9,9,9,12,3,7
0,0,0,0,0,7,92,109,126,144,156,158,144,113,48,10,9,6,3,8,10,8,0,0
0,0,0,0,6,8,55,101,110,127,137,145,138,119,101,23,9,9,5,10,8,0,3,12
0,10,0,0,4,8,7,100,105,112,120,140,135,119,107,73,10,9,4,3,0,0,11,9
0,3,0,0,5,9,11,33,100,114,118,123,128,112,109,100,35,14,9,11,1,0,2,4
0,3,0,0,0,3,11,12,44,101,113,144,123,116,104,74,44,6,8,0,2,4,2,0
0,0,0,0,2,4,0,12,11,60,101,127,115,138,111,68,14,11,0,0,0,6,5,10
0,0,0,0,0,0,4,12,48,77,103,127,131,104,54,40,26,16,0,0,0,3,8,7
5,8,9,0,0,10,13,35,65,87,99,96,114,75,23,23,19,20,12,11,6,0,0,8
0,1,3,0,0,4,10,53,86,117,127,98,65,51,14,14,13,9,11,20,6,6,9,1
6,0,0,0,0,0,9,51,75,110,132,110,58,41,13,13,13,11,9,10,6,0,3,6
4,0,0,0,0,0,4,15,60,84,98,77,34,16,13,13,9,8,8,5,5,4,6,7
0,0,0,0,0,0,0,9,52,64,66,50,14,10,12,12,10,7,10,6,3,0,8,9
2,0,0,0,1,0,0,0,36,55,54,10,12,11,13,8,9,3,5,7,6,7,7,0
4,5,8,5,0,0,0,10,57,60,48,3,9,10,12,8,0,0,4,3,9,8,7,7
0,0,0,0,0,0,9,5,22,55,14,5,12,11,12,9,0,0,2,7,10,0,5,3
0,0,0,0,0,0,0,8,30,44,18,14,8,11,8,6,0,0,0,6,2,9,9,9
0,0,0,0,0,0,0,14,50,38,24,13,7,0,5,0,0,0,0,2,6,2,0,0
4,6,0,0,0,3,1,22,50,54,53,13,7,11,0,0,1,0,0,0,0,0,2,0
8,7,0,0,0,2,10,14,63,84,59,52,14,14,11,0,0,2,12,2,0,2,0,3
5,8,0,0,0,0,0,6,13,60,57,53,52,43,27,10,6,11,7,0,1,9,10,0
3,0,1,2,3,0,0,0,7,7,11,13,14,45,48,13,3,7,7,1,6,1,6,8

4,7,0,0,2,1,4,11,11,14,14,50,42,43,40,47,45,39,14,11,9,7,13,7
9,0,0,0,0,0,0,0,3,13,35,47,54,53,64,50,52,76,51,23,14,3,9,10
7,1,2,0,0,2,5,7,9,0,14,11,14,23,14,51,31,19,0,8,7,0,9,8
7,11,10,8,7,9,37,39,37,9,8,7,11,52,45,52,14,18,3,3,0,0,2,5
0,0,9,9,12,50,62,108,106,58,41,50,13,54,55,17,9,2,0,9,11,24,25,36
7,10,13,30,53,66,79,103,111,86,81,71,56,58,49,14,12,3,0,0,10,10,24,54
10,13,14,38,56,57,66,77,104,132,141,134,97,63,58,19,7,4,0,5,13,13,63,63
3,2,14,56,62,61,57,69,101,150,195,178,123,71,54,57,51,13,7,0,9,48,54,60
8,14,54,57,56,53,50,58,97,169,234,229,177,113,65,58,64,59,51,9,10,50,56,49
12,50,54,51,14,11,52,60,97,183,270,255,210,157,82,74,78,66,11,11,14,68,98,60
31,46,42,17,12,14,50,67,92,175,227,218,192,163,78,85,74,60,13,14,14,85,111,62
53,52,35,10,13,14,50,90,135,209,198,175,163,143,102,93,65,40,2,10,58,108,107,57
53,37,27,3,7,12,21,89,145,170,167,143,142,131,112,92,44,10,4,15,50,72,71,32
48,9,12,12,11,14,53,103,114,124,147,131,120,114,109,102,37,0,0,10,14,54,57,13
10,5,9,9,7,10,50,73,87,78,108,109,121,110,104,102,17,7,0,5,10,8,11,0
11,0,0,0,7,12,16,68,73,57,66,69,76,80,72,51,12,6,0,0,7,7,3,0
13,6,10,10,10,22,71,60,72,94,106,73,92,55,56,29,13,9,2,4,0,4,5,0
11,10,10,13,26,43,46,56,82,76,77,72,57,57,41,31,26,11,7,10,9,11,10,9
0,0,4,7,13,59,96,106,123,139,111,67,55,37,14,10,3,4,4,3,8,10,5,6
0,0,6,8,24,59,70,128,155,169,142,111,72,53,12,6,12,7,6,5,8,5,5,2
0,10,0,14,28,46,116,144,142,164,170,135,106,72,12,6,6,8,5,12,1,1,7,12
0,0,2,9,38,57,105,133,147,166,173,169,122,56,24,12,15,10,10,11,2,5,9,7
0,0,5,3,19,39,65,121,140,149,173,167,133,88,28,12,10,6,9,9,9,12,3,7
0,0,0,0,0,7,90,109,126,145,157,159,145,114,55,11,11,6,4,9,10,8,0,0
0,0,0,0,5,8,54,101,110,127,138,146,139,119,101,25,10,10,5,11,8,0,3,12
0,10,0,0,5,8,7,98,105,112,120,142,136,120,107,76,10,9,5,3,0,0,11,9
0,3,0,0,5,10,12,33,100,114,118,124,129,112,109,100,36,14,9,11,2,0,2,4
0,3,0,0,0,3,11,12,42,100,113,145,123,117,104,76,44,7,7,0,3,4,2,0
0,0,0,0,2,4,0,11,11,58,100,128,115,139,112,69,15,11,0,0,0,6,5,10
0,0,0,0,0,0,5,12,47,76,102,127,131,105,55,40,26,16,0,0,0,4,8,7
5,8,9,0,0,10,13,35,65,87,97,95,114,76,23,23,19,20,12,11,6,0,0,8
0,1,3,0,0,4,9,53,86,117,127,97,65,51,14,14,13,9,11,20,6,6,9,1
6,0,0,0,0,0,9,51,75,109,131,110,58,41,13,13,13,11,9,10,6,0,3,6
4,0,0,0,0,0,4,16,60,83,98,77,34,15,13,13,9,8,8,5,5,4,6,7
0,0,0,0,0,0,0,9,52,64,66,50,13,10,12,12,10,7,10,6,3,0,8,10
2,0,0,0,1,0,0,0,35,55,54,9,12,11,13,7,9,3,5,7,6,7,7,0
4,5,7,4,0,0,0,10,56,60,46,3,9,10,12,8,0,0,4,3,8,8,7,7
0,0,0,0,0,0,9,5,23,55,14,5,12,11,12,9,0,0,2,7,10,0,5,3
0,0,0,0,0,0,0,8,30,43,17,14,8,11,8,6,0,0,0,6,3,9,9,9
0,0,0,0,0,0,0,14,50,38,24,13,8,0,6,0,0,0,0,2,6,2,0,0
4,6,0,0,0,3,1,23,49,54,53,13,7,11,0,0,1,0,0,0,0,0,2,0
8,7,0,0,0,2,10,14,63,84,58,52,14,14,11,0,0,2,12,2,0,2,0,3
5,7,0,0,0,0,0,6,13,60,57,53,52,43,27,10,6,11,7,0,1,9,11,0
3,0,2,2,3,0,0,0,7,7,11,13,14,46,48,13,3,7,7,1,6,1,6,8

4,7,0,0,2,1,4,11,11,14,14,50,39,44,40,47,45,38,14,11,9,7,13,7
9,0,0,0,0,0,0,0,3,13,35,44,54,53,63,50,52,76,50,23,14,3,9,10
7,1,2,0,0,2,5,7,9,0,14,11,14,22,14,51,30,18,0,8,7,0,9,8
7,11,10,8,7,9,36,40,38,9,8,7,10,51,43,52,13,18,3,3,0,0,2,6
0,0,9,9,13,50,62,109,106,58,40,50,13,54,54,14,8,2,0,9,11,23,25,37
7,10,13,31,53,66,79,104,111,86,80,70,55,57,48,13,11,3,0,0,10,10,25,54
10,13,14,39,56,58,66,77,104,131,141,133,96,63,57,15,7,4,0,5,13,13,64,64
2,2,14,56,62,61,57,68,100,150,195,178,122,70,54,56,51,13,7,0,9,49,55,61
8,14,54,57,56,53,50,58,97,169,237,231,178,113,65,58,64,59,51,9,10,51,57,50
12,50,54,51,14,11,52,60,97,184,276,262,213,157,82,74,78,66,11,11,14,69,99,60
31,46,43,18,12,14,50,67,91,176,233,225,195,165,78,85,75,60,13,14,14,86,112,62
53,52,35,10,13,13,50,89,134,210,201,178,164,143,103,94,65,41,2,10,58,109,108,57
54,37,27,3,7,12,20,87,144,170,168,144,142,131,112,93,45,10,4,15,50,73,72,32
48,9,12,12,11,14,52,103,114,124,147,131,119,113,108,101,38,0,0,10,14,55,58,14
11,6,9,9,7,9,50,72,87,78,108,108,120,109,104,101,15,6,1,5,10,9,11,0
11,0,0,0,6,12,17,67,73,57,65,68,74,77,70,50,12,6,0,0,7,7,3,0
13,6,10,10,10,22,70,60,73,94,105,72,90,55,55,27,13,9,2,4,0,4,5,0
11,10,10,13,25,43,46,56,82,76,77,70,56,56,40,30,26,11,7,10,9,11,10,9
0,0,4,7,12,59,95,106,124,140,111,63,54,33,14,10,3,4,4,3,8,10,5,6
0,0,6,8,23,59,69,127,156,170,142,111,71,52,12,7,12,7,6,6,8,5,5,2
0,10,0,14,27,46,116,143,142,164,170,135,106,73,13,6,7,8,6,12,2,1,7,12
0,0,2,9,36,56,105,133,147,166,173,170,122,57,24,12,16,11,10,11,2,5,9,7
0,0,5,3,19,38,64,121,140,149,174,167,134,89,28,13,11,7,9,9,9,12,3,7
0,0,0,0,0,7,90,109,126,145,157,159,145,114,57,12,12,7,4,9,10,8,0,0
0,0,0,0,5,7,55,102,110,127,138,146,139,120,101,28,8,9,6,11,8,0,3,12
0,10,0,0,5,8,7,96,105,112,120,142,136,120,107,78,10,9,5,4,0,0,11,9
0,3,0,0,5,10,12,35,100,114,118,124,129,112,109,100,37,14,9,11,2,0,2,4
0,3,0,0,0,4,11,12,44,101,113,145,123,117,104,75,45,7,8,0,3,4,2,0
0,0,0,0,2,4,0,12,11,59,101,129,116,140,112,69,16,11,0,0,0,6,5,10
0,0,0,0,0,0,5,12,47,77,103,129,134,107,55,40,27,16,0,0,0,4,8,7
5,8,9,0,0,10,13,35,65,87,99,96,116,76,24,23,20,20,12,11,6,0,0,8
0,1,3,0,0,3,9,53,86,117,127,98,65,51,14,14,13,9,11,20,6,6,9,1
6,0,0,0,0,0,9,51,75,109,132,110,58,41,13,13,13,11,9,10,7,0,3,6
4,0,0,0,0,0,4,15,60,83,98,77,34,16,13,13,9,9,8,5,5,4,6,7
0,0,0,0,0,0,0,9,52,64,66,50,13,11,12,12,10,7,10,6,3,0,8,9
2,0,0,0,1,0,0,0,33,55,54,10,12,11,13,7,9,3,5,7,6,7,7,0
4,5,7,4,0,0,0,10,56,60,46,3,9,10,12,8,0,0,4,3,9,8,7,7
0,0,0,0,0,0,8,4,20,55,14,5,12,11,12,9,0,0,2,7,10,0,5,3
0,0,0,0,0,0,0,8,28,42,18,14,8,12,8,6,0,0,0,6,3,9,9,9
0,0,0,0,0,0,0,13,50,36,24,13,7,0,6,0,0,0,0,2,6,2,0,0
4,6,0,0,0,3,0,22,49,54,53,13,8,11,0,0,1,0,0,0,0,0,2,0
8,7,0,0,0,2,10,14,63,83,58,52,14,14,11,0,0,2,12,2,0,2,0,3
5,8,0,0,0,0,0,6,13,60,57,53,52,43,27,10,6,11,7,0,1,9,11,0
3,0,1,2,3,0,0,0,7,7,11,13,14,48,50,13,4,7,7,1,6,1,6,8

4,7,0,0,2,1,4,11,11,14,14,50,42,44,40,47,44,38,14,11,9,7,13,7
9,0,0,0,0,0,0,0,3,13,35,45,53,53,64,50,52,77,50,23,14,3,9,10
7,1,2,0,0,2,5,7,9,0,14,11,14,25,14,51,31,19,0,8,7,0,9,8
7,11,10,8,7,9,38,39,38,10,8,7,10,52,44,52,14,18,3,3,0,0,2,6
0,0,9,9,12,48,62,109,107,58,42,50,13,54,54,16,9,3,0,9,12,24,26,37
7,10,13,30,52,65,78,103,111,86,80,70,55,57,48,13,12,3,0,0,10,10,25,54
10,13,14,38,56,57,66,77,104,132,141,134,96,63,58,17,7,5,0,5,13,13,63,64
2,1,14,56,62,61,57,68,100,150,196,179,122,70,54,57,51,13,7,0,9,48,54,61
8,14,53,56,56,53,50,58,97,170,238,232,179,114,65,58,64,60,51,10,10,50,56,50
12,50,54,51,14,11,52,60,97,187,278,263,214,158,82,74,78,66,12,11,14,68,98,60
31,46,43,19,12,15,48,67,91,178,236,226,196,165,79,86,75,60,13,14,14,85,111,62
53,53,36,10,13,13,50,88,134,210,201,179,167,144,104,96,66,42,2,10,57,107,107,57
53,39,29,3,7,12,20,87,143,169,168,144,142,131,112,94,47,11,5,15,50,71,71,32
49,10,12,12,11,13,52,103,114,124,147,131,119,113,108,101,43,0,0,10,14,52,57,13
11,6,9,9,7,9,48,72,87,78,108,108,119,108,104,101,14,6,1,4,10,8,11,0
11,0,0,0,6,12,16,67,73,57,65,68,74,77,69,50,12,6,0,0,7,7,3,0
13,6,10,10,9,20,70,60,72,93,104,72,90,55,55,28,13,9,2,4,0,4,5,0
11,9,10,13,25,43,46,55,82,76,77,70,56,55,40,30,26,11,7,10,9,11,10,9
0,0,4,7,12,58,93,105,122,140,112,64,55,33,14,10,3,4,4,3,8,10,5,6
0,0,6,7,20,57,69,126,152,169,144,112,72,53,12,7,12,7,6,6,8,5,5,2
0,10,0,13,27,45,115,142,141,164,171,137,106,74,13,6,7,8,6,12,2,1,7,12
0,0,2,9,34,56,105,132,146,166,174,171,123,57,24,12,16,11,10,11,2,5,9,7
0,0,5,3,19,38,64,121,139,149,174,168,134,90,29,13,11,7,8,9,9,12,3,7
0,0,0,0,0,6,89,109,126,145,158,160,146,114,59,12,13,7,4,9,10,8,0,0
0,0,0,0,5,6,54,101,110,127,138,146,140,120,101,31,9,9,6,11,8,0,3,12
0,10,0,0,5,8,7,96,105,112,121,143,136,120,107,81,10,10,7,5,0,0,11,9
0,3,0,0,5,10,12,36,100,114,118,125,129,113,110,100,36,14,9,12,2,0,2,4
0,3,0,0,0,4,11,13,44,101,113,146,124,118,105,76,46,6,8,0,3,4,2,0
0,0,0,0,3,4,0,12,12,59,101,129,118,142,112,70,17,12,0,0,1,6,5,10
0,0,0,0,0,0,6,12,46,77,103,130,135,110,55,40,28,17,0,0,0,4,8,7
5,8,9,1,0,10,13,35,65,87,98,97,117,76,26,24,20,21,12,11,6,0,0,8
0,1,3,0,0,3,9,53,86,117,127,98,65,51,14,14,13,9,11,21,7,7,9,0
6,0,0,0,0,0,9,51,75,109,131,110,59,41,13,13,13,11,8,10,7,0,3,6
4,0,0,0,0,0,4,14,59,83,98,77,34,17,13,13,10,9,8,5,5,4,6,7
0,0,0,0,0,0,0,9,52,63,65,50,14,11,12,12,10,7,10,6,4,0,8,9
2,0,0,0,1,0,0,0,31,54,54,10,12,11,13,7,9,3,5,7,6,7,7,0
4,5,7,4,0,0,0,10,55,60,46,3,9,10,12,8,0,0,4,3,9,8,7,7
0,0,0,0,0,0,8,4,19,55,14,5,12,12,12,9,0,0,2,7,10,0,5,3
0,0,0,0,0,0,0,7,27,42,18,14,8,12,8,6,0,0,0,6,3,9,9,9
0,0,0,0,0,0,0,12,50,37,24,13,7,0,6,0,0,0,0,1,6,2,0,0
4,6,0,0,0,3,0,21,48,54,53,14,8,11,0,0,1,0,0,0,0,0,2,0
8,7,0,0,0,2,10,14,62,82,58,52,14,14,10,0,0,2,12,3,0,2,0,3
6,8,0,0,0,0,0,6,13,60,57,53,53,45,27,11,6,11,7,0,1,9,11,0
3,0,2,2,3,0,0,0,7,7,11,13,14,50,51,14,4,7,7,1,6,1,6,8

3,7,0,0,2,1,4,11,11,14,14,50,42,44,41,47,45,40,14,11,9,7,13,7
8,0,0,0,0,0,0,0,3,14,34,47,54,53,64,50,52,77,50,24,14,3,9,10
7,1,2,0,0,2,5,7,10,0,14,11,14,26,14,52,31,20,0,8,8,0,9,8
7,11,10,8,7,9,38,40,38,10,8,7,11,52,50,53,14,19,3,3,0,0,2,6
0,0,9,8,12,47,62,109,107,59,44,51,13,54,55,18,9,2,0,9,12,23,25,37
7,9,13,30,52,65,78,103,112,87,81,71,55,57,48,13,11,3,0,0,10,10,24,54
9,13,14,36,56,57,66,76,104,132,142,134,96,63,58,16,7,5,0,5,13,13,62,64
2,1,14,56,62,61,57,68,100,150,195,178,122,71,54,56,51,13,7,0,9,46,54,61
8,14,53,56,56,53,50,58,96,168,236,229,177,113,65,58,64,59,51,9,10,50,56,50
12,50,54,51,14,11,52,60,96,183,272,256,211,157,82,73,77,65,11,11,14,67,98,61
30,45,43,17,12,14,48,67,91,174,229,219,193,164,78,84,74,60,13,14,14,84,111,63
53,52,35,9,13,13,50,88,134,210,200,176,164,143,103,93,65,41,2,9,56,106,108,58
53,37,27,3,7,12,21,88,144,171,170,146,143,132,112,93,48,10,5,14,49,71,72,34
50,9,12,12,11,14,53,103,114,125,148,132,121,114,109,102,47,0,0,10,14,53,58,13
11,6,9,9,7,10,50,73,87,78,109,110,122,110,104,102,17,7,1,5,10,8,11,0
11,0,0,0,6,12,15,67,73,58,66,69,76,81,72,52,13,6,0,0,7,7,3,0
13,6,10,10,10,21,70,60,72,93,106,73,93,55,56,30,13,9,3,4,0,4,5,0
11,9,10,13,25,43,46,55,80,76,78,72,57,57,41,32,27,11,7,10,9,11,10,9
0,0,4,7,12,58,93,105,120,139,112,70,56,38,14,10,4,4,4,3,8,10,5,5
0,0,6,7,23,58,68,125,151,168,144,112,74,54,13,7,12,7,6,6,8,5,5,2
0,10,0,13,27,45,115,141,140,163,171,137,106,74,13,6,7,8,6,12,2,1,7,12
0,0,1,9,36,56,105,132,146,166,173,171,123,57,24,12,16,11,10,11,2,5,9,7
0,0,5,3,19,39,64,121,139,149,174,168,135,90,28,13,11,7,8,9,9,12,3,7
0,0,0,0,0,7,90,109,126,145,157,160,146,114,59,12,13,7,4,9,10,8,0,0
0,0,0,0,5,6,55,101,110,127,138,146,140,120,101,32,10,9,7,12,8,0,3,12
0,10,0,0,5,8,7,96,105,112,121,143,136,120,107,80,10,10,8,6,0,0,11,9
0,3,0,0,5,10,12,35,100,114,118,125,129,113,110,100,36,14,9,12,2,0,2,4
0,3,0,0,0,4,11,13,46,101,113,145,124,118,105,76,47,7,8,0,3,4,2,0
0,0,0,0,3,4,0,12,12,60,101,129,117,141,112,69,16,12,0,0,0,6,5,10
0,0,0,0,0,0,6,12,47,76,103,130,135,108,55,40,27,17,0,0,0,4,8,7
5,8,9,1,0,10,13,35,65,87,99,97,117,76,25,23,20,20,12,11,6,0,0,8
0,2,3,0,0,3,9,53,86,117,127,98,65,51,14,14,13,9,11,21,7,7,9,0
6,0,0,0,0,0,9,51,75,109,131,110,58,40,14,13,13,11,9,10,7,0,3,6
4,0,0,0,0,0,4,14,59,83,98,77,34,17,13,13,10,9,8,5,5,4,6,7
0,0,0,0,0,0,0,9,52,63,65,50,14,10,12,12,10,7,10,6,4,0,8,9
2,0,0,0,1,0,0,0,32,54,54,10,12,11,13,7,9,3,5,7,7,7,7,0
4,5,7,4,0,0,0,10,55,60,48,3,9,10,12,8,0,0,4,3,9,8,7,7
0,0,0,0,0,0,8,4,20,55,14,5,12,12,12,9,0,0,2,7,10,0,5,3
0,0,0,0,0,0,0,7,27,42,19,14,8,12,8,6,0,0,0,6,3,10,9,9
0,0,0,0,0,0,0,13,50,37,24,13,8,0,6,0,0,0,0,2,6,3,0,0
4,6,0,0,0,3,0,21,48,54,53,14,8,11,0,0,1,0,0,0,0,0,2,0
8,7,0,0,0,2,10,14,62,82,58,52,14,14,11,0,0,2,12,3,0,2,0,3
5,8,0,0,0,0,0,6,13,59,57,53,53,45,28,11,6,11,7,0,1,9,10,0
3,0,1,2,3,0,0,0,7,7,11,13,14,50,51,14,4,7,7,1,6,1,6,8

3,7,0,0,2,1,4,11,11,14,15,50,42,44,41,48,46,40,14,11,9,8,13,7
8,0,0,0,0,0,0,0,3,13,37,45,54,53,65,51,52,77,52,25,14,3,9,10
7,1,2,0,0,2,5,7,9,0,14,11,14,26,14,52,31,24,0,8,8,0,9,8
7,11,10,8,7,9,38,41,40,10,8,7,10,52,50,53,19,19,3,3,0,0,2,6
0,0,9,8,12,50,62,109,108,59,44,50,13,53,54,19,8,2,0,9,11,23,24,37
7,9,13,30,52,65,78,103,112,86,81,70,55,57,48,13,11,3,0,0,10,10,24,54
9,13,14,36,56,57,66,76,103,131,141,133,97,63,57,16,6,5,0,5,13,13,62,64
2,1,14,56,62,61,57,68,99,148,194,178,122,70,54,56,51,13,7,0,9,46,54,61
8,14,53,56,56,53,50,58,95,165,233,227,176,113,65,58,64,59,50,9,10,50,56,50
12,50,54,51,14,11,52,60,94,178,267,252,208,156,82,73,77,65,11,11,14,67,98,61
30,45,43,15,12,14,50,67,90,170,222,215,192,164,78,83,73,59,13,14,14,84,111,63
53,52,35,9,13,13,50,88,133,205,195,174,163,143,102,92,64,41,2,9,56,106,107,58
53,36,27,3,7,12,21,89,144,170,170,146,144,133,113,93,47,10,4,14,48,70,71,33
49,9,12,12,11,14,54,103,114,126,149,133,122,116,110,102,48,1,0,10,14,53,58,13
11,5,9,9,7,10,50,74,88,79,111,112,124,112,105,104,21,8,1,5,10,8,11,0
11,0,0,0,6,12,17,68,73,58,66,70,78,86,74,52,13,6,1,0,7,6,3,0
13,6,10,10,10,22,70,60,72,93,107,74,95,55,56,34,14,9,3,4,0,3,5,0
11,9,10,13,26,43,46,55,80,75,78,74,58,58,42,34,28,12,7,10,9,11,10,9
0,0,4,7,12,60,94,104,119,138,111,75,56,41,16,11,4,4,4,3,8,10,4,5
0,0,6,7,23,59,68,125,149,167,143,112,75,55,13,7,12,7,6,6,8,5,4,2
0,10,0,13,28,46,115,141,139,163,170,137,106,74,13,6,8,8,6,12,2,1,7,12
0,0,2,9,37,56,105,132,146,165,173,170,123,56,24,12,16,11,10,11,2,5,9,7
0,0,5,4,19,39,65,121,139,149,173,168,134,90,28,13,11,7,8,9,9,12,3,7
0,0,0,0,0,7,91,109,126,145,157,160,146,114,59,12,13,7,4,9,10,8,1,0
0,0,0,0,5,7,57,101,110,127,138,146,140,120,101,31,10,9,7,12,8,0,3,12
0,10,0,0,5,8,7,98,105,112,120,143,136,120,107,81,10,10,8,6,0,0,11,9
0,3,0,0,5,10,12,35,100,114,118,125,129,113,110,100,36,14,10,12,2,0,2,4
0,3,0,0,0,4,11,13,46,101,113,145,124,118,105,76,46,7,8,0,3,4,2,0
0,0,0,0,3,4,0,12,12,59,101,129,118,142,112,69,17,12,0,0,1,6,5,10
0,0,0,0,0,0,6,12,48,78,103,130,135,109,55,40,28,17,0,0,0,5,8,7
5,8,9,1,0,10,13,35,65,87,99,97,117,76,25,24,20,20,12,11,6,0,0,8
0,1,3,0,0,3,9,53,86,117,127,98,65,51,14,14,13,9,11,21,7,7,9,0
6,0,0,0,0,0,9,50,74,109,131,110,58,41,13,13,13,11,8,10,7,0,3,6
4,0,0,0,0,0,4,14,59,82,97,77,34,17,13,13,10,9,8,5,5,4,6,7
0,0,0,0,0,0,0,9,51,63,65,50,14,10,12,12,10,7,10,6,4,0,8,10
2,0,0,0,1,0,0,0,32,54,53,10,12,11,13,7,9,3,5,7,7,7,8,0
4,5,7,4,0,0,0,10,54,60,49,3,9,10,12,8,0,0,4,3,9,8,7,7
0,0,0,0,0,0,8,4,20,54,14,5,12,12,12,9,0,0,2,7,10,0,5,3
0,0,0,0,0,0,0,7,26,42,17,14,8,12,8,6,0,0,0,6,3,9,9,9
0,0,0,0,0,0,0,12,50,37,24,13,8,0,6,0,0,0,0,2,6,3,0,0
4,6,0,0,0,2,0,20,47,54,53,14,8,11,0,0,1,0,0,0,0,0,2,0
8,7,0,0,0,2,10,14,62,82,58,52,14,14,11,0,0,2,12,3,0,2,0,3
5,8,0,0,0,0,0,6,13,59,57,53,53,46,28,11,6,11,7,0,2,9,11,0
3,0,1,2,3,0,0,0,7,7,11,13,14,51,52,14,4,7,7,1,7,1,6,8

3,6,0,0,2,0,4,11,11,14,14,50,43,44,41,48,46,40,14,11,9,8,13,7
8,0,0,0,0,0,0,0,3,13,37,45,54,53,65,51,52,78,52,25,14,3,9,10
7,1,2,0,0,2,5,7,9,0,14,11,14,26,14,52,31,24,0,8,8,0,9,8
7,11,10,8,7,9,38,42,41,10,8,7,10,51,50,53,21,19,3,3,0,0,2,6
0,0,9,8,12,50,62,109,108,59,43,50,13,53,54,18,7,2,0,9,11,23,24,37
7,9,13,30,52,65,78,104,112,86,80,70,55,57,48,13,11,3,0,0,10,10,24,54
9,13,14,37,56,57,66,76,103,131,140,133,97,63,57,16,6,4,0,5,13,12,62,64
2,1,14,56,62,61,57,68,99,148,193,177,122,70,54,56,51,13,7,0,9,48,54,60
8,14,53,56,56,53,50,58,94,164,233,227,175,112,65,57,63,58,50,9,10,50,56,50
12,50,54,51,14,11,51,60,94,177,269,253,207,155,82,72,76,65,11,11,14,68,99,61
30,46,43,16,11,14,50,66,90,171,224,214,189,163,77,82,73,59,13,14,14,85,112,63
53,52,35,9,12,13,50,89,134,208,196,173,161,143,102,91,64,38,2,9,57,107,108,58
53,36,27,3,6,13,22,89,145,171,170,145,143,132,112,92,46,10,4,14,49,71,75,36
48,9,12,12,11,14,55,103,115,126,148,133,122,116,110,102,46,2,0,11,14,56,62,14
10,5,9,9,7,10,51,75,89,79,111,112,124,112,105,104,21,8,1,6,11,9,12,1
11,0,0,0,6,13,17,70,74,57,67,70,79,85,75,53,13,6,1,0,7,7,3,0
13,6,10,10,10,22,71,60,72,93,107,74,95,55,57,33,14,9,3,5,0,4,5,0
11,9,10,13,27,44,46,56,81,75,78,74,58,58,42,33,27,11,7,10,9,11,10,9
0,0,4,7,13,60,95,105,123,139,110,72,56,42,14,10,4,4,4,3,8,10,4,6
0,0,6,8,24,60,69,126,156,173,141,109,72,54,12,7,12,7,6,6,8,5,5,2
0,10,0,13,27,46,116,142,142,166,171,134,105,71,13,6,8,8,6,12,2,1,7,12
0,0,2,9,38,57,105,132,146,165,171,168,122,56,23,12,16,11,10,11,2,5,9,7
0,0,5,3,20,39,64,121,139,148,169,166,135,90,28,14,11,7,9,9,9,12,3,7
0,0,0,0,0,7,92,109,126,144,155,158,146,114,60,12,13,7,4,9,10,8,1,0
0,0,0,0,5,7,57,101,110,127,137,145,140,120,101,32,10,9,7,12,7,0,3,12
0,10,0,0,5,8,7,98,105,113,120,141,136,120,107,81,10,10,8,6,0,0,11,9
0,3,0,0,5,10,12,33,100,114,118,124,129,113,110,100,35,14,9,12,2,0,2,4
0,3,0,0,0,4,11,13,46,101,113,146,124,118,105,76,46,7,8,0,3,4,2,0
0,0,0,0,3,5,0,12,12,60,101,129,118,143,113,70,20,12,0,1,1,6,5,10
0,0,0,0,0,0,6,12,47,77,103,130,136,111,55,40,28,18,0,0,0,5,8,7
5,8,9,1,0,10,13,35,65,87,99,97,117,77,26,24,20,21,12,11,6,0,0,8
0,1,3,0,0,3,9,53,86,117,127,98,65,51,14,14,13,9,11,21,8,7,9,0
6,0,0,0,0,0,9,51,74,108,131,111,59,41,13,13,13,11,8,10,7,0,3,6
4,0,0,0,0,0,4,14,59,82,98,77,35,18,13,13,10,9,8,5,5,4,6,7
0,0,0,0,0,0,0,9,51,63,65,50,14,11,12,12,10,7,10,6,4,0,8,10
2,0,0,0,1,0,0,0,33,54,54,10,12,11,13,7,9,3,5,8,7,7,8,0
4,5,7,4,0,0,0,10,54,60,50,3,9,10,12,8,0,0,4,3,9,8,8,7
0,0,0,0,0,0,8,4,21,55,14,5,12,12,12,9,0,0,3,7,10,0,5,3
0,0,0,0,0,0,0,8,27,43,18,14,8,12,8,6,0,0,0,6,3,10,9,9
0,0,0,0,0,0,0,13,50,38,24,13,8,0,6,0,0,0,0,2,6,3,0,0
4,6,0,0,0,3,0,21,47,54,53,14,8,11,0,0,1,0,0,0,0,0,2,0
8,7,0,0,0,2,10,14,62,82,58,52,16,14,11,0,0,2,12,3,0,2,0,3
6,7,0,0,0,0,0,6,13,59,57,53,53,47,28,11,6,11,7,0,2,9,11,0
3,0,1,2,3,0,0,0,7,7,11,13,14,51,52,14,4,7,7,1,6,1,6,8

3,6,0,0,1,0,4,11,11,14,14,50,44,45,41,48,46,40,14,11,9,8,13,7
8,0,0,0,0,0,0,0,3,13,35,47,54,53,65,51,52,78,52,25,14,3,9,10
7,0,2,0,0,2,5,7,10,0,14,11,14,26,15,52,31,24,0,8,8,0,9,8
6,11,9,8,8,10,39,43,44,10,8,7,11,52,50,53,18,19,3,3,0,0,2,6
0,0,9,9,13,50,63,111,109,60,44,50,13,53,54,17,7,2,0,9,11,21,23,36
7,9,13,30,52,65,79,106,114,87,80,70,55,57,47,12,11,3,0,0,10,10,24,54
9,13,14,36,56,57,66,77,104,131,139,131,95,63,57,15,6,4,0,5,13,12,62,63
2,1,14,56,62,61,57,68,99,148,192,176,121,70,54,56,51,13,7,0,9,47,54,61
8,14,53,56,56,53,50,58,95,165,234,228,176,113,65,57,63,57,50,9,10,50,56,50
11,50,54,51,14,11,52,60,94,180,274,256,209,157,82,73,78,65,11,11,14,68,99,61
30,45,43,16,12,14,50,67,90,173,231,218,191,165,78,83,74,60,13,14,14,84,112,64
53,52,35,9,12,13,50,89,135,212,200,175,161,143,102,92,65,40,3,10,57,107,109,59
53,37,28,3,7,12,22,89,146,173,170,145,142,132,112,93,49,10,4,16,50,73,75,37
48,9,12,12,11,14,55,104,115,125,148,132,121,115,110,102,46,2,0,11,14,56,63,14
11,6,9,9,7,10,51,76,89,79,110,110,122,111,104,103,21,8,1,6,11,10,12,1
11,0,0,0,6,13,18,70,74,58,66,70,77,83,73,52,13,6,1,0,7,7,3,0
13,6,10,10,10,24,71,61,72,93,105,73,93,55,56,30,13,9,3,5,0,4,5,0
11,9,10,13,27,44,46,56,80,74,76,72,57,57,41,31,26,11,7,10,9,11,10,9
0,0,4,7,13,61,96,105,123,138,109,65,56,40,14,10,3,4,4,3,8,10,5,6
0,0,6,8,24,60,69,126,158,172,139,108,69,52,12,6,12,7,6,6,8,5,5,2
0,10,0,13,28,46,115,141,141,166,169,133,105,70,12,6,8,8,6,12,2,2,7,12
0,0,1,9,38,57,105,132,146,165,170,166,122,56,23,12,16,11,10,11,2,5,10,7
0,0,4,3,19,39,64,121,139,147,169,164,134,90,28,14,11,7,9,9,9,12,3,7
0,0,0,0,0,7,91,109,126,144,154,157,145,114,60,12,13,7,4,9,10,8,1,0
0,0,0,0,5,7,55,101,110,127,137,145,140,120,101,31,10,9,7,12,7,0,4,12
0,10,0,0,4,8,7,96,105,112,120,141,136,120,108,81,11,10,8,6,0,0,11,9
0,3,0,0,6,10,11,32,100,114,118,123,129,113,110,100,35,14,10,12,2,0,2,5
0,3,0,0,0,4,11,13,45,101,113,145,124,118,105,76,46,7,8,0,3,4,2,0
0,0,0,0,3,5,1,12,12,59,101,129,117,143,114,71,21,12,0,0,1,6,5,10
0,0,0,0,0,0,7,12,48,77,103,129,135,109,56,40,28,18,0,0,0,5,8,7
5,8,9,1,0,10,13,35,65,87,99,97,118,77,26,24,20,20,12,11,6,0,0,8
0,1,3,0,0,3,9,53,86,117,127,98,65,51,14,14,13,9,11,21,8,7,9,0
6,0,0,0,0,0,9,51,74,109,132,112,59,41,14,13,13,11,9,10,7,0,3,6
4,0,0,0,0,0,5,15,59,82,98,77,34,18,13,13,10,9,8,5,5,4,6,7
0,0,0,0,0,0,0,9,51,63,66,50,14,11,12,12,10,7,10,6,4,0,8,10
2,0,0,0,2,0,0,0,33,55,54,10,12,11,13,7,9,3,5,8,7,7,8,0
4,5,7,4,0,0,0,10,55,60,50,4,9,10,12,8,0,0,4,3,9,8,8,7
0,0,0,0,0,0,9,4,21,55,14,5,12,12,12,10,0,0,2,7,10,0,5,3
0,0,0,0,0,0,0,8,29,46,20,14,8,12,8,6,0,0,0,6,3,10,9,9
0,0,0,0,0,0,0,13,50,38,25,13,8,0,6,0,0,0,0,2,6,3,0,0
4,6,0,0,0,3,0,21,48,54,53,14,8,11,0,0,1,0,0,0,0,0,2,0
8,6,0,0,0,2,10,14,62,82,58,52,16,14,11,0,0,2,12,3,0,2,0,3
6,7,0,0,0,0,0,6,13,59,57,53,53,47,28,11,6,11,7,0,2,9,11,0
3,0,1,1,3,0,0,0,7,7,11,12,14,51,52,14,4,7,7,1,7,1,6,8

3,6,0,0,1,0,4,11,11,14,14,50,43,44,41,48,45,40,14,12,9,8,13,7
8,0,0,0,0,0,0,0,3,13,35,47,54,53,65,51,52,78,52,25,14,3,9,10
7,0,2,0,0,2,5,7,10,0,14,11,14,26,16,52,31,25,0,8,8,0,9,8
6,10,9,8,8,10,38,42,42,10,8,7,11,52,50,53,21,19,3,3,0,0,1,6
0,0,9,9,12,50,63,110,109,59,43,50,13,53,54,19,8,2,0,9,11,20,24,36
7,9,13,30,52,65,79,105,113,86,79,70,54,57,47,13,11,3,0,0,10,10,24,54
9,13,14,37,56,57,66,77,104,130,138,131,95,63,58,15,6,4,0,5,13,12,62,64
2,1,14,56,62,61,57,68,99,147,192,176,121,70,54,56,51,13,7,0,9,47,54,61
8,14,53,56,56,53,50,58,95,165,234,228,177,114,65,58,63,58,50,9,10,50,56,50
12,50,54,51,14,11,52,60,95,181,274,258,212,158,83,73,78,65,11,11,14,68,99,61
30,46,43,17,12,14,50,67,90,174,231,222,194,167,79,84,74,60,13,14,14,84,113,64
53,52,36,9,12,13,50,89,135,211,200,176,164,144,103,93,65,41,3,10,57,107,109,59
53,38,27,3,7,12,22,89,145,172,169,144,142,131,112,93,48,11,5,17,50,73,75,37
49,10,12,12,11,14,54,103,115,125,147,131,120,114,109,101,40,1,0,11,14,56,63,14
11,6,9,9,7,10,51,76,88,79,109,109,121,110,104,102,18,7,1,6,11,10,12,1
11,0,0,0,6,13,22,70,74,57,66,69,76,81,72,51,12,6,0,0,7,7,3,0
13,6,10,10,10,26,72,62,72,93,105,72,92,55,56,29,13,9,3,5,0,4,5,0
11,9,10,13,27,44,46,56,82,75,76,71,57,56,40,30,26,11,7,10,9,11,10,9
0,0,4,7,13,61,97,106,124,138,108,61,55,35,14,10,3,4,4,3,8,10,5,6
0,0,6,8,25,61,69,127,158,171,138,108,68,52,12,6,12,7,6,6,8,5,5,2
0,10,0,13,28,46,115,141,142,165,169,133,105,70,13,6,8,8,7,12,2,2,7,12
0,0,1,9,38,56,105,132,146,165,171,167,122,56,23,12,16,11,10,11,2,5,9,7
0,0,4,3,19,39,64,121,139,148,170,166,135,91,28,14,11,7,9,9,9,12,3,7
0,0,0,0,0,7,92,109,126,145,155,158,146,115,62,12,13,7,4,9,10,8,1,0
0,0,0,0,5,7,55,101,110,127,137,145,140,121,101,33,10,10,8,12,7,0,4,12
0,10,0,0,4,8,7,96,105,112,120,142,137,121,108,84,11,10,8,7,0,0,11,9
0,3,0,0,6,10,12,35,100,114,118,124,129,114,111,100,35,14,10,12,2,0,2,5
0,3,0,0,0,4,11,13,45,101,113,145,125,119,105,79,48,7,8,0,3,4,2,0
0,0,0,0,3,5,1,12,12,59,101,128,118,144,115,71,21,12,0,1,1,6,6,10
0,0,0,0,0,0,7,12,47,77,103,129,137,111,56,40,29,18,0,0,0,5,8,7
5,8,9,1,0,10,13,35,65,87,99,97,120,79,27,25,21,20,12,11,6,0,0,8
0,1,3,0,0,3,9,53,86,117,127,99,66,51,14,14,13,9,11,21,8,7,9,0
6,0,0,0,0,0,9,50,74,109,132,112,59,41,14,13,13,11,8,10,7,0,3,6
4,0,0,0,0,0,5,14,59,82,98,78,35,17,13,13,10,9,8,5,5,4,6,7
0,0,0,0,0,0,0,9,51,63,66,50,14,11,12,12,10,7,10,6,4,0,8,10
2,0,0,0,2,0,0,0,33,54,54,10,12,11,13,8,9,3,5,8,7,8,8,0
4,5,7,4,0,0,0,10,55,60,50,4,9,10,12,8,0,0,4,3,9,8,8,7
0,0,0,0,0,0,9,4,21,55,14,5,12,12,12,10,0,0,2,7,10,0,5,3
0,0,0,0,0,0,0,8,29,44,21,14,8,12,9,6,0,0,0,6,3,10,9,9
0,0,0,0,0,0,0,13,50,38,25,13,8,0,6,0,0,0,0,2,6,3,0,0
4,6,0,0,0,3,0,21,47,54,53,14,8,11,0,0,1,0,0,0,0,0,2,0
8,6,0,0,0,2,10,14,62,82,58,52,16,14,11,0,0,2,12,3,0,2,0,3
5,8,0,0,0,0,0,6,13,59,57,53,53,48,28,11,6,11,7,0,2,9,11,0
3,0,1,1,3,0,0,0,7,7,11,12,14,51,52,14,4,7,8,1,7,1,6,8

3,6,0,0,1,0,4,11,11,14,15,50,42,43,41,48,46,40,14,12,9,8,13,7
8,0,0,0,0,0,0,0,3,13,37,47,54,54,65,52,53,78,52,25,15,3,9,10
7,0,1,0,0,2,5,7,10,0,14,11,14,27,17,53,32,26,0,8,8,0,9,8
7,11,9,8,8,10,39,42,43,10,8,7,11,52,50,53,23,19,3,3,0,0,2,6
0,0,9,9,12,50,63,111,109,60,45,50,13,53,54,19,8,2,0,9,11,20,23,36
7,9,13,30,52,65,79,106,114,86,80,70,54,57,48,13,11,3,0,0,10,10,24,54
9,13,14,38,56,58,66,77,104,130,139,132,96,63,58,15,6,4,0,5,13,12,62,64
2,1,14,56,62,61,57,68,99,147,192,176,122,71,54,56,51,13,7,0,9,47,54,61
8,14,53,57,56,53,50,58,95,165,234,229,177,114,65,58,63,58,50,9,10,50,56,50
12,50,54,51,14,11,52,60,95,181,276,259,211,158,83,73,78,65,11,11,14,67,100,61
30,46,43,16,12,14,50,67,90,174,232,222,193,166,79,84,74,60,13,14,14,84,113,64
53,53,35,9,12,13,50,89,135,211,201,177,164,144,103,93,65,40,3,10,57,107,109,59
53,38,29,3,7,12,22,89,146,173,170,145,142,130,112,92,45,11,5,17,50,73,76,37
49,10,12,12,11,14,54,103,115,125,148,131,119,113,108,101,35,0,0,11,14,56,63,14
10,6,9,9,7,10,51,76,89,79,109,108,120,109,104,101,15,7,1,5,11,10,12,1
11,0,0,0,6,13,23,71,74,57,65,68,74,79,70,50,12,6,0,0,8,7,3,0
13,6,10,10,10,27,73,62,73,92,103,72,91,55,55,26,12,9,3,5,0,5,5,0
11,9,10,13,28,44,47,56,82,74,75,70,56,55,39,29,25,11,7,10,9,11,10,9
0,0,4,7,13,62,97,106,125,138,108,54,54,32,14,10,3,4,4,3,8,10,5,6
0,0,6,8,25,61,69,127,158,172,138,108,66,52,12,6,12,7,6,6,8,5,5,2
0,10,0,13,28,46,115,141,141,165,169,133,105,70,13,7,8,8,7,12,2,2,7,12
0,0,1,9,37,56,105,132,146,166,172,167,122,56,23,12,16,11,11,11,2,5,10,7
0,0,4,3,19,39,64,121,139,148,171,166,135,90,28,14,12,7,8,9,9,12,3,7
0,0,0,0,0,7,90,109,126,145,156,159,146,115,61,12,13,7,4,9,10,8,1,0
0,0,0,0,5,7,55,101,110,127,138,146,141,121,101,35,11,10,8,12,7,0,4,12
0,10,0,0,4,8,7,96,105,112,121,142,137,121,108,86,11,10,8,7,0,0,11,9
0,3,0,0,6,10,12,33,100,114,118,124,130,114,111,100,37,14,10,12,2,0,2,5
0,3,0,0,0,5,11,13,43,101,113,146,125,119,106,79,50,7,9,0,3,4,2,0
0,0,0,0,3,5,1,12,12,59,101,129,119,144,115,72,21,12,0,1,1,6,6,10
0,0,0,0,0,0,7,12,47,77,103,129,137,112,57,41,29,19,0,0,0,6,8,7
5,8,9,1,0,10,13,35,65,87,99,98,120,79,28,25,21,21,12,11,6,0,0,8
0,1,3,0,0,3,9,52,86,117,127,98,66,51,14,14,13,9,11,22,9,7,9,0
6,0,0,0,0,0,9,50,74,108,132,112,59,41,14,13,13,11,8,10,7,0,3,6
4,0,0,0,0,0,5,14,59,82,98,78,36,18,13,13,10,9,8,5,5,4,6,7
0,0,0,0,0,0,0,9,51,63,65,50,14,11,12,12,10,8,10,6,4,0,8,9
2,0,0,0,2,0,0,0,32,55,54,10,12,11,13,7,9,4,6,8,7,8,8,0
4,5,7,4,0,0,0,10,54,60,50,4,9,10,12,8,0,0,4,3,9,8,8,7
0,0,0,0,0,0,8,4,20,55,14,5,12,12,12,10,0,0,2,7,10,0,5,3
0,0,0,0,0,0,0,8,27,44,18,14,8,12,8,6,0,0,0,6,3,10,9,9
0,0,0,0,0,0,0,13,50,39,24,13,8,0,6,0,0,0,0,2,6,3,0,0
4,6,0,0,0,2,0,20,47,54,53,14,8,11,0,0,1,0,0,0,0,0,2,0
8,6,0,0,0,2,10,14,61,81,58,52,15,14,11,0,0,2,12,3,0,2,0,3
5,7,0,0,0,0,0,6,13,58,57,53,53,48,28,11,6,11,7,0,2,9,11,0
3,0,1,1,3,0,0,0,7,7,11,12,14,51,52,14,4,7,7,1,7,1,6,8

3,6,0,0,1,0,4,11,11,14,14,50,43,45,41,49,48,42,14,12,9,8,13,7
8,0,0,0,0,0,0,0,3,13,37,47,54,54,65,52,52,80,52,27,15,4,9,10
7,0,1,0,0,2,5,7,10,0,14,11,14,26,20,53,32,30,1,8,8,0,9,8
7,10,10,8,7,10,38,42,43,10,8,7,11,53,51,53,28,20,3,3,0,0,1,6
0,0,9,9,13,50,62,110,109,60,44,50,14,54,55,20,8,2,0,9,11,20,22,36
7,9,13,30,52,65,79,106,114,87,80,70,55,57,48,13,11,3,0,0,10,10,24,54
9,13,14,38,56,58,66,76,103,130,139,131,95,63,58,15,6,3,0,5,13,12,62,64
2,1,14,56,62,61,57,68,99,147,192,176,121,70,54,56,51,12,7,0,9,47,54,61
8,14,53,57,56,53,50,58,95,165,234,229,177,113,65,57,62,57,50,9,10,50,56,50
12,50,54,51,14,11,52,60,94,180,275,260,212,159,83,73,78,65,11,11,14,68,100,61
30,45,43,17,12,14,50,67,90,173,232,222,194,167,78,83,74,60,13,14,14,84,113,64
53,53,36,10,12,13,50,89,134,210,200,176,163,144,103,93,65,41,4,11,57,107,109,59
53,38,28,3,6,12,22,88,146,172,169,144,142,130,112,92,45,11,5,17,50,73,77,38
50,9,12,12,11,14,54,103,115,125,148,131,119,113,108,101,35,0,0,11,14,57,64,15
10,5,9,9,7,10,50,76,89,79,109,108,119,109,104,101,15,7,1,6,11,10,12,2
11,0,0,0,6,13,25,71,75,58,65,68,74,78,70,50,12,6,0,0,8,7,3,0
13,6,10,10,10,28,73,62,73,92,103,72,90,55,55,25,12,9,3,5,0,4,5,0
11,9,10,13,28,44,47,56,83,75,75,70,56,55,39,29,25,11,7,10,9,11,10,9
0,0,4,7,13,62,97,106,125,138,109,55,54,32,14,10,3,4,4,3,8,10,5,6
0,0,6,8,25,61,69,127,158,172,139,108,67,52,12,6,12,7,6,6,8,5,5,2
0,10,0,13,27,46,115,141,142,166,171,133,105,70,13,7,8,8,7,12,2,2,7,12
0,0,1,9,38,56,105,132,146,166,172,168,122,56,23,12,17,11,11,11,2,5,9,8
0,0,4,4,19,39,64,121,139,149,171,166,135,91,28,14,12,7,8,10,9,12,3,7
0,0,0,0,0,7,90,109,126,145,156,159,147,115,62,12,13,7,4,9,10,8,1,0
0,0,0,0,5,7,55,101,110,128,138,146,141,121,102,35,11,10,8,12,7,0,4,12
0,10,0,0,4,8,7,96,105,113,121,142,137,121,108,88,11,10,9,7,0,0,11,9
0,3,0,0,6,10,12,33,100,114,118,125,130,114,111,100,36,14,10,12,3,0,2,5
0,3,0,0,0,5,11,13,44,101,113,146,125,120,106,79,48,7,9,0,3,4,2,0
0,0,0,0,3,5,1,12,12,59,101,129,119,145,115,72,22,12,0,2,1,6,6,10
0,0,0,0,0,0,7,12,47,77,103,130,138,112,57,41,29,19,0,0,0,6,8,7
5,8,9,1,0,9,13,35,65,87,99,98,120,79,28,25,21,20,12,11,6,0,0,8
0,1,3,0,0,3,9,53,86,117,127,99,66,52,14,14,13,9,11,22,11,8,9,0
6,0,0,0,0,0,9,50,74,108,132,112,59,41,14,13,13,11,8,10,7,0,3,6
4,0,0,0,0,0,5,14,59,82,98,78,35,17,13,13,10,9,8,5,5,4,6,7
0,0,0,0,0,0,0,9,51,62,65,50,14,11,12,12,10,8,10,6,4,0,8,9
2,0,0,0,2,0,0,0,32,54,54,10,12,11,13,7,9,4,6,8,7,8,8,0
4,5,7,4,0,0,0,10,54,60,50,4,9,10,12,8,0,0,4,3,9,8,8,7
0,0,0,0,0,0,8,4,20,55,14,5,12,12,12,10,0,0,3,7,10,0,5,3
0,0,0,0,0,0,0,8,28,43,19,14,8,12,9,6,0,0,0,7,3,10,9,10
0,0,0,0,0,0,0,13,50,38,25,13,8,0,6,0,0,0,0,2,6,3,0,0
4,5,0,0,0,2,0,20,47,54,53,14,8,11,0,0,1,0,0,0,0,0,2,0
8,6,0,0,0,2,10,14,61,81,58,52,15,14,11,0,0,2,12,3,0,2,0,3
5,8,0,0,0,0,0,6,13,58,57,53,53,48,28,11,6,11,7,0,2,9,11,0
3,0,1,1,3,0,0,0,7,6,11,12,14,51,52,14,4,7,7,1,7,1,6,8
4,14,10,8,10,16,39,38,53,45,55,55,59,38,14,12,12,8,4,0,0,0,0,0
3,3,9,23,21,47,68,50,47,60,56,57,64,52,34,11,1,4,0,0,0,0,0,2
9,11,12,24,11,10,27,26,52,51,61,57,33,12,8,0,0,0,1,0,0,0,0,0
3,13,57,75,55,33,22,7,9,12,14,3,8,3,2,0,9,9,10,14,6,0,9,4
9,51,87,182,127,77,81,55,15,4,0,6,10,0,0,3,30,51,65,56,11,5,0,0
52,52,65,85,107,127,145,113,67,55,41,44,39,37,10,30,35,55,65,51,34,12,10,7
55,82,56,60,97,155,187,135,112,63,59,55,52,48,13,14,53,64,67,52,31,12,10,9
54,38,60,58,85,155,204,171,125,70,55,54,55,52,48,52,57,66,71,54,12,3,0,1
57,29,13,53,86,154,236,211,143,94,60,63,59,19,50,46,62,86,63,50,4,0,0,0
32,17,30,66,103,159,219,206,145,115,73,53,54,50,29,51,77,91,65,30,5,0,0,0
14,12,14,63,94,164,167,150,138,108,95,61,53,14,17,55,84,86,58,22,10,2,3,7
22,14,16,65,115,156,154,139,127,117,106,58,54,17,18,12,63,58,54,7,0,1,0,0
29,12,26,57,103,135,118,118,121,112,118,84,57,20,12,11,42,37,7,2,3,0,0,0
14,12,13,55,105,123,119,116,108,107,112,82,68,30,7,5,3,1,0,0,0,0,0,0
32,13,13,64,86,113,109,104,94,103,89,64,33,14,0,0,7,0,0,1,0,0,0,0
34,13,24,39,112,100,123,86,89,75,81,57,51,14,7,0,3,0,0,0,0,0,0,0
67,12,10,91,111,121,96,66,52,47,13,13,11,9,3,0,0,0,0,0,0,0,0,1
26,12,45,94,156,187,202,150,69,40,31,32,15,7,14,10,12,14,14,13,13,5,11,7
36,45,46,132,190,188,194,197,132,69,52,14,8,6,9,14,9,7,9,6,0,4,0,0
14,53,65,137,189,236,225,199,156,137,107,100,63,11,2,11,11,1,7,4,0,8,6,4
7,37,63,126,159,203,193,181,160,143,132,115,101,70,19,10,10,8,4,4,1,4,0,0
9,14,36,81,114,135,162,163,144,134,138,115,92,58,44,22,17,14,12,9,8,2,0,0
10,8,33,51,73,73,127,134,124,131,133,127,121,85,49,27,10,0,4,11,8,12,5,7
0,0,4,12,17,61,102,113,114,117,124,126,119,107,102,56,14,3,0,0,0,0,0,0
0,4,0,11,13,35,56,100,107,110,106,108,108,106,101,86,35,3,5,0,0,0,0,0
13,2,1,6,12,12,14,51,89,102,103,103,108,104,106,102,42,1,0,0,0,0,0,7
4,3,0,0,2,7,1,13,13,50,57,85,98,103,102,100,27,11,0,0,0,0,0,0
2,0,4,0,0,0,9,15,11,50,68,65,105,104,94,64,12,0,5,0,6,6,3,1
5,2,9,5,8,8,13,27,24,64,102,76,81,91,64,7,7,0,0,0,0,0,0,0
7,4,0,2,8,10,13,20,36,51,69,98,82,106,78,51,12,13,0,0,0,0,0,0
4,6,3,6,9,2,22,27,36,62,77,88,125,76,50,36,12,6,12,3,3,3,9,7
5,4,0,11,19,11,13,14,46,82,69,74,80,103,14,10,3,0,0,0,0,0,0,0
6,1,1,9,12,14,21,29,44,62,74,75,65,20,13,1,0,0,0,0,0,3,1,9
7,7,2,6,11,11,27,22,50,57,64,61,50,3,8,0,5,10,0,0,0,0,0,1
7,0,0,3,8,9,13,13,27,56,62,53,13,4,8,4,9,10,8,7,0,0,0,0
0,3,0,0,0,2,11,18,34,53,52,44,8,0,0,1,2,0,0,0,0,0,0,4
5,7,5,0,3,0,0,54,51,53,61,29,9,0,0,0,0,6,3,2,0,0,0,5
4,5,0,5,12,4,9,50,57,59,55,21,7,8,1,0,5,0,0,8,5,0,7,0
6,9,5,0,3,8,28,51,51,57,55,32,10,6,10,0,0,0,0,0,3,0,0,0
0,0,0,3,10,42,39,56,54,52,53,55,29,12,7,0,0,0,0,0,0,1,0,0
0,0,0,7,4,9,10,22,55,75,62,54,51,13,10,13,5,0,0,0,2,2,4,3
4,0,0,0,0,10,8,2,15,44,57,64,58,13,7,1,9,8,0,0,0,0,8,8
0,7,8,7,0,1,7,0,0,10,8,19,12,10,10,0,0,0,3,7,3,0,6,4
5,5,2,6,3,0,6,2,7,4,9,7,1,0,4,3,4,2,0,0,3,4,0,2

4,14,10,8,10,16,38,38,53,45,55,55,59,39,14,12,12,8,4,0,0,0,0,0
3,3,9,25,20,48,68,50,48,59,57,57,64,52,34,11,1,4,0,1,0,0,0,3
9,11,12,24,11,10,27,26,53,51,62,58,34,12,8,0,0,0,1,0,0,0,0,0
3,13,57,75,55,33,22,7,9,12,14,3,8,3,2,0,9,9,10,14,6,0,9,4
9,51,86,182,127,77,81,55,15,5,0,6,10,0,0,4,30,51,65,56,12,5,0,0
52,52,64,84,107,127,144,114,67,55,41,44,39,37,10,30,35,55,65,51,35,12,10,7
55,82,55,60,97,155,187,134,113,63,59,55,52,48,13,14,53,64,67,52,32,12,11,9
54,38,60,58,85,155,204,171,125,70,55,53,55,52,49,52,57,66,71,54,12,3,0,1
57,29,13,53,86,154,236,212,143,95,60,63,59,21,50,45,62,86,63,50,4,0,0,0
32,17,30,66,103,159,219,206,145,115,73,53,54,50,29,51,77,91,65,30,5,0,0,0
14,12,14,63,94,164,167,150,138,108,96,62,53,14,17,55,84,87,58,22,10,2,3,7
22,14,16,65,115,156,153,139,126,117,105,58,54,17,17,12,63,58,54,7,0,1,0,0
30,12,26,57,103,135,117,118,120,112,117,82,57,18,12,11,42,39,8,2,2,0,0,0
14,12,13,55,105,122,118,116,108,107,112,80,66,27,7,5,3,1,0,0,0,0,0,0
32,13,13,64,86,113,109,103,92,103,87,64,31,13,0,0,7,0,0,1,0,0,0,0
34,13,24,40,112,100,124,85,89,75,80,58,50,14,7,0,3,0,0,0,0,0,0,0
67,12,10,91,112,122,96,66,51,47,13,12,11,8,3,0,0,0,0,0,0,0,0,1
26,12,45,94,157,188,203,152,69,40,31,32,14,7,14,10,12,14,14,13,13,5,11,7
36,45,46,132,190,189,195,198,133,69,52,14,8,6,9,14,9,7,9,6,0,4,0,0
14,53,65,137,189,236,226,200,156,137,107,100,63,11,2,11,11,1,7,4,0,8,6,4
7,37,63,126,159,203,194,182,160,144,132,115,101,71,20,10,10,8,4,4,1,4,0,0
9,14,36,81,114,135,162,164,145,134,138,116,92,58,44,22,17,14,12,9,8,3,0,0
10,8,33,51,73,73,128,134,124,132,133,128,122,86,50,27,11,0,4,11,8,12,5,7
0,0,4,12,17,61,102,113,114,117,124,127,120,107,102,57,14,3,0,0,0,0,0,0
0,4,0,11,13,35,57,100,107,110,107,108,108,106,101,86,37,3,5,0,0,0,0,0
13,2,1,6,12,12,15,51,89,102,103,103,108,104,106,102,44,1,0,0,0,0,0,7
4,3,0,0,2,7,1,13,13,51,56,86,99,103,102,100,28,11,0,0,0,0,0,0
2,0,4,0,0,0,9,16,11,50,68,65,105,104,94,64,12,0,5,0,6,6,3,1
5,3,9,5,8,9,13,28,22,65,103,76,82,92,64,7,8,0,0,0,0,0,0,0
7,4,0,2,8,10,13,20,36,51,69,98,82,106,79,51,12,13,0,0,0,0,0,0
4,6,3,6,9,2,22,27,37,62,76,88,126,76,50,36,12,6,13,3,3,3,9,7
5,4,0,11,19,11,13,14,45,82,69,74,80,103,14,9,3,0,0,0,0,0,0,0
6,1,1,10,12,14,20,29,44,62,74,76,65,21,13,1,0,0,0,0,0,3,1,9
7,8,2,6,11,11,27,22,50,57,64,61,50,4,8,0,5,10,0,0,0,0,0,1
7,0,0,4,8,9,13,13,26,56,62,53,13,4,8,4,9,10,8,7,0,0,0,0
0,3,0,0,0,2,10,18,33,52,52,44,8,0,0,1,2,0,0,0,0,0,0,4
5,7,5,0,3,0,0,54,50,53,61,27,9,0,0,0,0,6,3,2,0,0,0,5
4,5,0,5,11,3,9,50,57,59,55,21,7,8,1,0,4,0,0,8,5,0,7,0
6,9,6,0,3,8,28,51,51,57,55,32,10,6,10,0,0,0,0,0,3,0,0,0
0,0,0,3,9,40,39,56,54,52,53,55,29,12,7,0,0,0,0,0,0,1,0,0
0,0,0,7,4,9,10,22,55,75,61,54,50,13,10,13,5,0,0,0,2,2,4,3
4,0,0,0,0,10,8,2,15,44,57,64,58,13,7,1,9,8,0,0,0,0,8,8
0,7,8,7,0,1,7,0,0,10,8,17,12,10,10,0,0,0,3,7,3,0,6,3
5,5,2,6,3,0,6,2,7,4,9,7,1,0,4,3,4,2,0,0,3,4,0,2

4,14,10,8,10,15,38,38,53,45,55,55,59,38,14,12,12,8,4,0,0,0,0,0
3,3,9,25,20,48,68,50,47,59,57,57,64,52,35,11,1,4,0,1,1,0,0,3
9,11,12,25,11,10,28,26,53,50,61,58,33,12,8,0,0,0,1,0,0,0,0,0
3,13,57,75,55,33,22,7,9,12,14,3,8,3,2,0,9,9,10,14,6,0,9,4
9,51,86,182,126,76,81,55,15,5,0,6,10,0,0,4,30,51,65,56,12,5,0,0
52,52,64,84,107,126,144,113,67,55,41,44,39,37,10,30,34,55,65,51,34,12,10,7
55,81,55,60,97,155,187,135,113,63,59,55,52,50,13,15,53,64,66,52,31,12,11,9
53,38,60,58,85,155,204,172,125,71,55,54,55,52,48,52,57,66,71,54,12,3,0,1
57,29,13,53,85,154,237,213,144,96,60,63,60,23,50,45,61,86,63,50,4,0,0,0
32,18,30,65,103,160,222,209,147,116,74,54,54,50,29,51,77,91,65,31,5,0,0,0
14,12,14,62,94,165,169,152,140,109,97,62,53,15,19,55,84,87,59,23,10,2,3,7
22,14,16,65,115,157,155,140,127,118,106,58,54,18,18,12,64,58,55,8,0,1,0,0
30,12,25,57,103,135,118,118,121,111,117,81,57,20,12,11,42,38,8,2,2,0,0,0
14,12,13,55,105,123,119,116,107,107,111,80,66,28,7,5,4,1,0,0,0,0,0,0
32,13,13,64,86,113,109,103,89,103,86,64,32,13,0,0,7,0,0,0,0,0,0,0
34,13,23,39,112,100,123,85,89,74,80,57,51,14,7,0,3,0,0,0,0,0,0,0
67,12,10,91,111,122,96,66,51,44,13,12,11,8,3,0,0,0,0,0,0,0,0,1
26,12,44,94,157,188,205,152,69,40,31,32,15,7,14,10,12,15,14,13,13,5,11,7
36,44,45,131,190,189,196,199,133,69,52,14,8,6,9,14,9,7,9,6,0,4,0,0
14,53,65,137,189,236,227,200,156,137,107,100,64,11,2,11,10,1,7,4,0,8,6,4
7,36,63,126,159,203,194,182,160,144,132,115,101,70,22,10,10,8,4,4,1,4,0,0
9,14,36,81,114,135,163,164,145,134,139,116,93,59,44,22,17,14,12,9,8,2,0,0
10,8,33,51,73,73,128,134,124,132,133,128,122,87,49,27,11,0,3,11,8,12,5,6
0,0,4,12,16,61,102,113,114,117,124,127,120,107,102,57,14,3,0,0,0,0,0,0
0,4,1,12,13,35,56,100,107,111,107,108,108,106,101,86,35,3,5,0,0,0,0,0
13,2,1,6,12,12,15,51,89,102,103,103,108,104,106,102,44,1,0,0,0,0,0,7
4,3,0,0,2,7,1,13,14,50,57,86,100,103,102,100,29,11,0,0,0,0,0,0
2,0,4,0,0,0,9,17,11,50,69,65,105,104,95,65,12,0,5,0,6,6,3,1
5,3,9,6,8,9,13,27,24,64,103,76,82,92,64,8,8,0,1,0,0,0,0,0
7,4,0,2,8,10,14,21,36,51,69,98,82,106,79,51,12,13,0,0,0,0,0,0
4,6,3,6,9,2,23,27,37,62,77,89,126,76,50,36,13,6,13,3,3,3,9,7
5,4,0,12,19,11,13,14,45,82,69,74,80,103,14,9,3,0,0,0,0,0,0,0
6,1,1,10,12,14,20,29,45,62,74,75,65,22,13,1,0,0,0,0,0,3,1,9
7,8,2,6,11,11,27,22,50,57,64,60,50,4,8,0,5,10,0,0,0,0,0,1
8,0,0,4,8,9,13,13,26,56,62,53,13,4,8,4,9,10,8,7,0,0,0,0
0,3,0,0,0,2,10,18,34,52,52,46,8,0,0,1,2,0,0,0,0,0,0,4
5,7,5,0,3,0,0,54,51,53,61,29,9,0,0,0,0,6,3,2,0,0,0,5
4,5,0,6,12,4,9,50,57,59,55,20,7,8,1,0,4,0,0,8,5,0,7,0
6,9,6,0,3,8,27,51,51,56,55,31,10,6,10,0,0,0,0,0,3,0,0,0
0,0,0,3,10,41,39,56,54,52,53,55,28,12,7,0,0,0,0,0,0,1,0,0
0,0,0,7,4,9,10,22,55,75,61,54,51,13,10,13,5,0,0,0,2,2,4,3
5,0,0,0,0,10,8,2,15,44,57,64,58,13,7,1,9,8,0,0,0,0,8,8
0,7,8,7,0,1,7,0,0,10,8,16,12,10,10,0,0,0,3,7,2,0,6,3
5,5,2,6,3,0,6,2,7,4,9,7,1,0,4,3,4,2,0,0,3,4,0,2

4,14,10,8,10,16,39,39,53,45,55,55,59,39,15,12,12,8,4,0,0,0,0,0
3,3,10,25,21,48,68,50,47,60,57,57,64,52,35,11,1,4,0,1,1,0,0,4
9,11,12,22,11,11,27,26,53,51,61,58,35,12,8,0,0,0,1,0,0,0,0,0
3,13,57,75,55,33,22,7,9,12,14,3,8,3,2,0,9,9,10,14,6,0,9,4
10,51,86,182,126,77,81,55,14,5,0,6,10,0,0,4,30,51,65,56,12,5,0,0
52,51,64,84,107,127,145,114,67,55,41,44,39,37,10,30,34,55,65,51,35,12,10,7
55,81,55,60,97,155,187,135,112,63,59,55,52,50,13,15,53,64,67,51,31,12,11,9
54,38,60,58,85,155,204,171,125,70,55,54,55,52,50,52,57,66,71,54,12,3,0,1
57,29,13,53,86,154,236,211,142,95,60,63,59,21,50,45,61,86,63,50,4,0,0,0
32,18,32,66,103,159,220,206,145,115,73,54,54,50,29,51,77,91,65,31,5,0,0,0
14,12,14,62,94,164,169,151,139,109,96,62,53,15,18,55,84,87,59,23,10,2,3,7
22,14,16,65,115,156,155,140,127,118,106,58,54,19,19,12,63,58,55,8,0,1,0,0
29,12,26,57,103,135,118,119,121,112,117,82,57,20,12,11,42,38,8,2,2,0,0,0
14,12,13,55,105,123,119,116,108,107,112,80,67,28,7,5,4,1,0,0,0,0,0,0
32,13,13,64,85,113,109,103,92,103,87,64,32,13,0,0,7,0,0,0,0,0,0,0
34,13,23,39,112,100,123,85,89,75,81,57,50,14,7,0,3,0,0,0,0,0,0,0
67,12,10,90,111,122,96,66,51,45,13,12,11,8,3,0,0,0,0,0,0,0,0,1
26,12,45,94,156,187,204,152,70,40,31,32,15,8,14,10,12,15,14,13,13,5,11,7
36,44,45,131,190,188,195,199,133,69,53,14,9,6,9,14,9,7,9,6,0,4,0,0
14,53,65,137,188,235,226,200,157,137,107,100,64,11,2,11,11,1,7,4,0,8,6,4
7,36,63,126,159,203,193,182,160,144,132,115,101,70,23,10,10,8,4,4,1,4,0,0
9,14,36,81,114,135,163,164,145,134,139,116,93,59,44,22,17,14,12,9,8,2,0,0
10,8,33,51,73,73,128,134,124,132,133,129,122,87,49,28,11,0,3,11,8,12,5,6
0,0,4,12,17,62,102,113,114,117,124,128,120,107,102,58,14,3,0,0,0,0,0,0
0,4,1,12,13,35,56,100,107,111,107,108,108,106,101,86,35,3,5,0,0,0,0,0
13,3,1,6,12,12,17,51,89,102,103,103,108,104,106,102,44,1,0,0,0,0,0,7
4,3,0,0,2,7,2,13,14,52,56,86,100,103,102,100,28,11,0,0,0,0,0,0
2,0,4,0,0,0,9,19,12,50,70,65,105,104,95,64,12,0,5,0,6,6,3,1
5,3,9,6,8,9,13,27,25,64,103,76,82,92,64,8,8,0,1,0,0,0,0,0
7,4,0,2,8,10,14,21,36,51,70,98,82,106,79,51,12,13,0,0,0,0,0,0
4,6,3,7,9,2,23,27,37,62,77,89,126,76,50,36,13,6,13,2,3,3,9,7
5,4,0,12,19,11,13,14,45,82,69,74,81,103,14,9,3,0,0,0,0,0,0,0
6,1,1,10,12,14,21,29,44,62,74,76,65,21,13,1,0,0,0,0,0,3,1,9
7,8,2,6,11,11,28,21,50,58,64,61,50,4,8,0,5,10,0,0,0,0,0,1
8,0,0,4,8,9,13,13,27,56,62,54,13,4,8,4,9,10,8,7,0,0,0,0
0,3,0,0,0,2,10,18,34,53,52,46,8,0,0,0,2,0,0,0,0,0,0,4
5,7,5,0,3,0,0,54,51,53,61,29,9,0,0,0,0,6,3,2,0,0,0,5
4,5,0,6,12,4,9,50,57,59,55,22,7,8,1,0,4,0,0,8,5,0,7,0
6,9,6,0,3,8,28,51,51,56,55,32,10,6,10,0,0,0,0,0,3,0,0,0
0,0,0,3,10,43,39,56,54,52,53,55,28,12,7,0,0,0,0,0,0,1,0,0
0,0,0,8,4,9,10,23,55,75,61,54,51,13,10,13,5,0,0,0,2,2,4,3
5,0,0,0,0,10,8,2,15,46,57,64,58,14,7,0,9,8,0,0,0,0,8,8
0,7,8,7,0,1,7,0,0,10,7,20,13,10,10,0,0,0,3,7,2,0,6,3
5,5,2,6,3,0,6,2,7,4,9,7,1,0,4,3,4,2,0,0,3,4,0,2

4,14,10,8,10,15,37,38,53,45,55,55,59,38,15,12,12,8,4,0,0,0,0,0
3,3,10,23,23,50,69,50,47,60,56,57,64,52,36,11,1,4,0,1,1,0,0,4
9,11,12,24,11,10,28,26,53,51,61,58,35,12,8,0,0,0,1,0,0,0,0,0
3,13,57,75,55,33,22,7,9,12,15,3,8,3,2,0,9,9,10,14,6,0,9,4
9,51,86,182,126,76,81,55,16,5,0,6,10,0,0,4,29,51,65,56,12,5,0,0
52,51,64,84,107,127,145,114,67,55,41,44,39,37,10,30,35,55,65,51,35,12,10,7
55,81,55,60,97,155,188,135,113,63,59,55,52,48,13,15,53,64,67,52,31,12,11,9
54,38,60,58,85,155,204,171,125,70,55,54,55,52,49,52,57,66,71,54,12,3,0,1
57,29,13,53,85,153,234,210,141,94,60,63,59,21,50,44,61,86,63,50,4,0,0,0
32,17,31,65,103,157,218,203,143,115,73,54,54,50,29,51,77,91,65,30,5,0,0,0
14,12,14,62,93,163,168,150,138,108,96,62,53,14,18,54,83,86,58,22,10,2,3,7
22,14,16,65,115,157,156,140,128,119,106,58,54,19,18,12,63,58,55,7,0,1,0,0
29,12,26,57,103,135,119,120,122,113,119,85,57,22,13,11,42,37,8,2,2,0,0,0
14,13,14,55,105,123,119,117,109,108,113,83,68,34,7,5,3,1,0,0,0,0,0,0
32,13,13,64,86,113,109,104,97,104,90,66,38,14,0,0,7,0,0,0,0,0,0,0
34,13,24,39,111,100,123,86,91,76,82,59,51,14,7,0,3,0,0,0,0,0,0,0
67,12,10,90,110,121,96,66,52,47,14,13,11,8,3,0,0,0,0,0,0,0,0,1
26,12,45,93,155,186,202,151,69,40,31,32,16,8,14,10,12,15,14,13,13,5,11,7
36,44,45,131,190,187,195,198,133,69,52,14,9,6,9,14,9,7,9,6,0,4,0,0
14,53,64,137,188,234,224,199,157,137,108,101,64,11,2,11,11,1,7,4,0,8,6,4
7,36,63,126,159,201,192,181,160,144,132,115,101,72,23,11,10,8,4,4,1,4,0,0
9,14,36,81,114,135,162,163,145,135,139,116,93,59,45,22,17,14,12,9,8,2,0,0
10,8,33,51,73,74,128,135,124,132,134,129,123,87,49,28,11,0,3,11,8,12,5,7
0,0,4,12,17,62,102,113,114,118,124,128,120,107,102,58,14,3,0,0,0,0,0,0
0,4,1,12,13,35,56,100,107,111,107,108,108,106,101,86,36,3,5,0,0,0,0,0
13,3,1,6,12,12,16,52,89,102,103,103,108,105,106,102,44,1,0,0,0,0,0,7
4,3,0,0,2,7,1,13,14,52,57,85,100,103,102,100,29,11,0,0,0,0,0,0
2,0,4,0,0,0,9,18,12,50,69,66,105,104,94,66,12,0,5,0,6,6,4,1
5,3,9,6,8,9,13,27,24,65,103,76,82,92,64,8,8,0,1,0,0,0,0,0
7,4,0,2,8,10,14,21,36,51,70,99,83,106,79,51,12,13,0,0,0,0,0,0
4,6,3,7,9,2,23,27,36,62,77,89,126,76,50,36,13,6,13,2,3,3,9,7
5,4,0,12,19,11,13,14,46,83,69,74,81,103,14,9,3,0,0,0,0,0,0,0
6,1,1,10,12,14,20,29,45,62,74,76,65,22,13,1,0,0,0,0,0,3,1,9
7,8,2,6,11,11,27,21,50,57,64,60,50,4,8,0,5,10,0,0,0,0,0,1
8,0,0,4,8,9,13,13,27,56,62,54,13,4,8,4,9,10,8,7,0,0,0,0
0,3,0,0,0,2,11,18,34,53,52,45,8,0,0,0,2,0,0,0,0,0,0,4
5,7,5,0,3,0,1,54,51,53,61,30,9,0,0,0,0,6,3,2,0,0,0,5
4,5,0,6,12,4,9,50,57,59,55,22,7,8,1,0,4,0,0,8,5,0,7,0
6,9,6,0,3,8,29,51,51,57,55,32,10,6,10,0,0,0,0,0,3,0,0,0
0,0,0,3,10,44,39,56,54,52,53,55,28,12,7,0,0,0,0,0,0,1,0,0
0,0,0,8,4,9,10,23,55,75,61,54,51,13,10,13,4,0,0,0,2,2,4,3
5,0,0,0,0,10,8,3,15,46,57,64,58,14,7,0,9,8,0,0,0,0,8,8
0,7,8,7,0,1,7,0,0,10,8,20,13,10,10,0,0,0,3,7,2,0,6,4
5,5,3,6,3,0,6,2,7,4,9,8,1,1,4,3,4,2,0,0,3,4,0,2

4,14,10,8,10,16,39,38,53,45,55,55,59,39,15,12,12,8,4,0,0,0,0,0
3,3,10,23,20,50,68,50,47,60,57,57,65,52,35,11,1,4,0,1,1,0,0,4
9,11,12,24,11,10,28,26,53,51,62,60,34,12,8,0,0,0,1,0,0,0,0,0
3,13,57,75,55,34,22,7,9,12,14,3,8,3,2,0,9,9,10,14,6,0,9,4
10,51,86,182,126,77,81,55,16,5,0,6,10,0,0,4,29,51,65,56,12,5,0,0
52,51,64,84,107,127,146,115,68,55,41,44,40,38,11,30,35,55,65,51,35,12,10,7
55,81,55,60,97,155,189,136,114,63,59,55,52,50,13,15,53,64,67,51,32,12,11,9
54,38,60,58,85,155,205,172,125,70,55,54,56,52,50,52,57,66,71,54,12,3,0,1
57,29,13,53,85,153,234,209,141,94,60,63,59,22,50,45,61,86,63,50,4,0,0,0
32,17,31,65,102,157,216,201,142,113,73,53,54,50,28,51,76,91,65,30,5,0,0,0
14,12,14,62,93,162,167,149,137,107,95,61,53,14,18,54,83,86,58,22,10,2,3,7
22,14,16,64,115,157,157,140,128,119,107,58,54,20,19,12,63,57,55,7,0,1,0,0
29,12,26,57,103,136,120,120,123,113,120,87,58,27,13,11,41,37,7,2,2,0,0,0
14,12,14,55,105,123,120,118,109,108,113,85,69,39,7,5,3,0,0,0,0,0,0,0
32,13,13,64,86,113,109,105,100,104,91,68,42,14,0,0,7,0,0,0,0,0,0,0
34,13,24,38,111,99,123,87,91,78,83,59,51,14,7,0,3,0,0,0,0,0,0,0
67,12,10,89,110,121,95,66,52,50,14,13,12,9,3,0,0,0,0,0,0,0,0,1
26,12,45,93,154,184,200,150,69,40,32,32,16,8,14,10,12,15,14,13,13,5,11,7
36,44,45,131,189,185,192,198,133,70,53,14,9,7,9,14,9,7,9,6,0,4,0,0
14,53,65,137,188,232,222,199,157,138,108,101,66,11,2,11,11,1,7,4,0,8,6,4
7,36,63,126,159,202,192,181,160,144,132,116,101,72,23,11,10,8,4,4,1,4,0,0
9,14,36,82,114,135,162,163,145,134,139,116,93,59,45,22,17,14,12,9,8,2,0,0
10,8,33,52,73,74,128,135,124,132,134,129,123,87,50,28,11,0,3,11,8,12,5,7
0,0,4,12,20,62,102,113,114,118,125,128,120,107,102,59,14,3,0,0,0,0,0,0
0,4,1,12,13,35,57,100,107,111,107,108,108,106,101,86,36,3,5,0,0,0,0,0
13,3,1,6,12,12,17,52,92,102,103,103,108,105,106,102,44,1,0,0,0,0,0,7
4,3,0,0,2,7,2,13,14,54,57,86,100,103,102,100,28,11,0,0,0,0,0,0
2,0,4,0,0,0,9,18,12,50,69,66,105,104,95,65,12,0,5,0,6,6,3,1
5,3,9,6,8,9,13,30,24,65,103,76,82,92,64,8,8,0,1,0,0,0,0,0
7,4,0,2,8,11,14,21,36,52,70,99,83,106,79,51,12,13,0,0,0,0,0,0
4,6,3,7,9,2,23,27,36,62,77,89,126,76,50,36,13,6,13,2,3,3,9,7
5,4,0,12,19,11,13,14,46,82,69,75,81,103,14,9,3,0,0,0,0,0,0,0
6,1,1,10,12,14,21,30,45,62,75,76,65,23,13,1,0,0,0,0,0,3,1,9
7,8,3,6,11,12,28,21,50,57,64,60,50,4,8,0,5,10,0,0,0,0,0,1
8,0,0,4,8,9,13,13,27,56,62,54,13,5,8,4,9,10,8,7,0,0,0,0
0,3,0,0,0,2,11,18,35,52,52,46,9,0,0,1,2,0,0,0,0,0,0,4
5,7,5,0,3,0,1,54,51,53,61,31,9,0,0,0,0,6,3,2,0,0,0,5
4,5,0,6,12,4,9,50,57,59,55,23,7,8,1,0,4,0,0,8,5,0,7,0
6,9,6,0,3,8,28,51,51,57,55,32,10,6,10,0,0,0,0,0,3,0,0,0
0,0,0,3,10,43,39,56,54,52,53,55,28,12,7,0,0,0,0,0,0,1,0,0
0,0,0,8,4,9,10,23,55,75,61,54,51,13,10,13,5,0,0,0,2,2,4,3
5,0,0,0,0,10,8,2,16,46,57,64,58,14,7,0,9,8,0,0,0,0,8,8
0,7,8,7,0,1,7,0,0,10,8,21,13,10,10,0,0,0,3,7,2,0,6,3
5,5,2,6,3,0,6,2,7,4,9,8,1,1,4,3,4,2,0,0,3,4,0,2

4,14,10,8,10,16,37,40,53,45,56,55,59,40,15,12,12,8,4,0,0,0,0,0
3,3,10,23,20,48,68,50,47,60,56,57,65,52,35,11,1,4,0,1,1,0,0,4
9,11,12,24,11,10,28,26,53,51,61,59,35,12,9,0,0,0,1,0,0,0,0,0
3,13,57,75,55,33,22,7,9,12,14,3,8,3,3,0,9,9,10,14,6,0,9,4
10,51,87,182,125,77,82,56,18,5,0,6,10,0,0,4,29,51,65,57,12,5,0,0
52,51,64,84,107,127,146,115,68,55,42,44,40,38,11,30,35,55,65,51,35,12,10,7
55,81,55,60,97,155,188,135,113,64,59,55,52,50,13,15,53,64,67,51,32,12,11,9
53,38,60,58,85,155,204,171,125,70,55,54,56,52,50,52,57,66,71,54,12,3,0,1
57,29,13,53,85,153,234,210,142,94,60,63,60,22,50,44,61,86,63,50,4,0,0,0
32,17,30,65,103,157,217,203,143,114,73,54,54,50,29,51,76,91,65,31,5,0,0,0
14,12,14,62,92,162,167,149,137,108,96,62,53,14,18,54,83,86,58,23,10,2,3,7
22,14,16,64,114,156,156,140,127,118,107,58,54,21,19,12,63,57,55,7,0,0,0,0
29,12,26,57,103,135,119,119,123,113,119,86,58,27,13,11,41,37,8,2,2,0,0,0
14,12,14,55,105,123,120,118,109,108,113,84,69,39,7,5,3,1,0,0,0,0,0,0
32,13,13,64,86,113,109,105,100,104,92,68,42,14,0,0,7,0,0,0,0,0,0,0
34,13,24,38,111,99,123,86,91,77,84,59,51,14,7,0,3,0,0,0,0,0,0,0
67,12,10,90,110,121,96,66,52,50,14,13,12,9,3,0,0,0,0,0,0,0,0,1
26,12,45,93,155,185,200,150,70,40,32,32,17,8,14,11,12,15,14,13,13,5,11,7
36,44,46,131,189,186,193,198,133,70,53,14,9,7,9,14,9,7,9,6,0,4,0,0
14,53,65,137,188,233,223,199,157,138,108,101,64,11,2,11,11,1,7,4,0,8,6,4
7,36,63,126,159,203,192,181,161,144,133,116,101,71,24,11,10,8,4,4,1,4,0,0
9,14,36,82,114,136,163,164,145,134,139,117,94,58,45,22,17,14,12,9,8,2,0,0
10,8,33,52,74,74,129,135,125,132,134,129,123,87,49,28,11,0,3,11,8,12,5,7
0,0,4,12,18,62,102,113,114,118,125,128,121,107,102,58,14,3,0,0,0,0,0,0
0,4,1,12,13,35,57,100,107,111,107,108,109,106,101,86,36,3,5,0,0,0,0,0
13,3,1,6,12,12,16,52,92,102,103,103,108,105,107,102,42,1,0,0,0,0,0,7
4,3,0,0,2,7,2,13,14,54,57,86,100,103,102,100,28,11,0,0,0,0,0,0
2,0,4,0,0,0,9,18,12,50,69,65,105,104,95,65,13,0,5,0,6,6,3,1
5,3,9,6,8,9,13,28,25,64,103,77,82,92,64,8,8,0,1,0,0,0,0,0
7,4,0,2,8,11,14,21,36,52,70,99,83,106,79,51,12,13,0,0,0,0,0,0
4,6,3,7,9,2,23,27,37,62,77,89,126,76,50,36,13,6,13,2,3,3,9,7
5,4,0,12,19,11,13,14,46,82,69,75,81,103,14,9,3,0,0,0,0,0,0,0
6,1,2,10,12,14,21,30,45,62,75,76,65,23,14,1,0,0,0,0,0,3,1,9
7,8,3,6,11,12,27,22,50,57,64,60,50,4,9,0,5,10,0,0,0,0,0,1
8,0,0,4,8,9,13,13,27,56,62,53,13,4,8,4,9,10,8,7,0,0,0,0
0,3,0,0,0,2,11,18,35,53,52,46,8,0,0,1,2,0,0,0,0,0,0,4
5,7,5,0,3,0,1,54,51,53,61,31,9,0,0,0,0,6,3,2,0,0,0,5
4,5,0,6,12,4,9,50,57,59,55,22,7,8,1,0,4,0,0,8,5,0,7,0
6,9,6,0,3,8,29,51,52,56,55,32,10,6,10,0,0,0,0,0,3,0,0,0
0,0,0,3,10,43,39,56,54,52,53,55,27,12,7,0,0,0,0,0,0,1,0,0
0,0,0,8,4,9,10,23,55,75,62,54,51,13,10,13,4,0,0,0,2,2,4,3
5,0,0,0,0,10,8,3,16,45,57,64,58,14,7,0,9,8,0,0,0,0,8,8
0,7,8,8,0,1,7,0,0,10,7,20,13,10,10,0,0,0,3,7,2,0,6,3
5,5,3,6,3,0,6,2,7,5,9,8,1,0,4,3,3,2,0,0,2,4,0,2

4,14,10,8,10,16,38,39,54,45,55,55,59,39,15,12,12,8,4,0,0,0,0,0
3,3,10,25,23,48,68,50,47,60,57,57,65,52,35,12,1,4,0,1,1,0,0,4
9,11,12,24,11,11,28,26,53,51,61,61,37,12,9,0,0,0,1,0,0,0,0,0
3,13,57,75,54,33,22,7,9,12,16,3,8,3,3,0,9,9,10,14,6,0,9,4
10,51,87,182,125,76,81,56,17,5,0,6,10,0,0,4,30,51,65,56,12,5,0,0
52,51,64,84,106,126,145,115,68,55,42,44,40,38,11,30,35,54,65,51,35,12,10,7
55,81,55,60,97,154,187,135,113,64,59,55,52,50,13,15,53,64,67,51,31,12,11,9
54,38,60,58,85,154,203,171,125,71,55,54,56,52,50,52,57,66,71,54,12,3,0,1
57,29,13,53,85,153,235,210,143,95,60,64,60,23,50,44,61,85,64,50,4,0,0,0
32,18,32,65,102,157,218,204,144,115,73,54,54,50,28,51,76,91,65,31,5,0,0,0
14,12,14,62,92,162,167,150,138,108,97,62,54,15,18,54,83,86,59,24,10,2,3,7
21,14,17,64,114,155,155,140,127,118,107,58,54,22,19,12,63,58,55,8,0,1,0,0
29,12,26,57,103,135,118,119,122,113,119,85,58,27,13,12,42,38,8,2,2,0,0,0
14,12,14,55,105,123,119,117,109,108,113,84,68,36,7,5,4,1,0,0,0,0,0,0
32,13,13,64,86,113,109,104,99,104,92,67,41,14,0,0,7,0,0,0,0,0,0,0
34,13,24,39,111,100,123,86,91,77,83,59,51,14,7,0,3,0,0,0,0,0,0,0
66,12,10,91,111,121,96,66,52,48,14,13,12,9,3,0,0,0,0,0,0,0,0,1
26,12,45,94,156,186,202,151,70,40,31,32,16,8,14,11,12,15,14,13,13,5,11,7
36,44,46,131,190,187,194,199,133,70,53,14,10,7,9,14,9,7,9,6,0,4,0,0
14,53,65,137,189,235,224,200,157,137,108,100,65,11,2,11,11,1,7,4,0,8,6,4
7,37,63,126,160,204,194,182,161,144,132,116,102,72,25,11,10,8,4,4,1,4,0,0
9,14,36,82,114,136,164,164,146,135,139,117,94,59,45,22,17,14,12,9,8,3,0,0
10,8,33,51,74,74,129,135,125,133,134,129,123,87,50,28,11,0,3,11,8,12,5,7
0,0,4,12,17,62,102,113,114,118,125,128,121,107,102,59,14,3,0,0,0,0,0,0
0,4,1,12,13,35,58,100,107,111,107,108,109,106,101,88,37,3,5,0,0,0,0,0
13,3,1,6,12,12,17,51,90,102,103,103,108,105,107,102,44,1,0,0,0,0,0,7
4,3,0,0,2,7,2,13,14,54,57,86,100,103,102,100,28,11,0,0,0,0,0,0
2,0,4,0,0,0,9,18,12,50,69,66,105,104,95,65,13,0,5,0,6,6,3,1
5,3,9,6,8,9,13,28,25,65,103,77,82,92,64,8,8,0,1,0,0,0,0,0
7,4,0,2,8,11,14,21,36,52,70,99,83,106,80,51,12,13,0,0,0,0,0,0
4,6,3,7,9,2,23,27,37,62,77,89,126,76,50,36,13,6,13,2,3,3,9,7
5,4,0,12,19,11,13,14,46,82,69,74,81,103,14,9,3,0,0,0,0,0,0,0
6,1,2,10,12,14,20,30,45,62,75,76,65,22,14,1,0,0,0,0,0,3,1,9
7,8,3,6,11,12,28,22,50,57,64,60,50,4,9,0,5,10,0,0,0,0,0,1
8,0,0,4,8,9,13,13,27,56,62,53,13,5,8,4,9,10,8,7,0,0,0,0
0,3,0,0,0,2,11,18,34,53,52,46,8,0,0,0,2,0,0,0,0,0,0,4
5,7,5,0,3,0,1,54,51,53,60,32,9,0,0,0,0,6,3,2,0,0,0,4
4,5,0,6,12,4,9,50,57,59,55,23,7,8,1,0,4,0,0,8,5,0,7,0
6,9,6,0,3,8,28,51,52,56,55,32,10,6,10,0,0,0,0,0,3,0,0,0
0,0,0,3,10,43,39,56,54,52,53,55,27,12,7,0,0,0,0,0,0,1,0,0
0,0,0,8,4,9,10,22,55,75,61,54,51,13,10,13,4,0,0,0,2,2,4,3
5,0,0,0,0,10,8,3,16,46,57,64,58,14,7,0,9,8,0,0,0,0,8,8
0,7,8,7,0,1,7,0,1,10,8,21,13,10,10,0,0,0,3,7,2,0,6,3
5,5,2,6,3,0,6,2,7,5,9,8,1,0,4,3,3,2,0,0,2,4,0,2

4,14,10,9,10,16,38,38,54,45,55,55,59,40,15,12,12,8,4,0,0,0,0,0
3,3,10,25,21,50,68,50,47,60,57,57,65,52,37,12,1,4,0,1,1,0,0,5
9,11,12,26,11,10,28,26,53,51,61,60,35,12,9,0,0,0,1,0,0,0,0,0
3,13,57,74,54,33,22,7,9,13,17,3,8,3,3,0,9,9,10,14,6,0,9,5
10,51,87,183,125,76,81,55,17,5,0,6,10,0,0,4,30,51,65,56,12,5,0,0
52,51,64,84,106,126,145,115,68,56,42,45,40,38,11,31,35,55,65,51,35,12,10,7
55,81,56,60,97,154,188,135,114,64,59,55,52,50,13,15,53,63,67,52,32,12,11,9
54,38,60,58,85,155,204,171,125,71,55,54,56,52,50,52,57,66,71,54,12,3,0,1
57,29,13,53,86,154,235,210,143,95,61,64,60,24,50,45,61,85,64,50,4,0,0,0
32,18,30,66,103,158,219,205,145,115,74,54,54,50,29,51,76,91,65,32,5,0,0,0
14,12,14,62,92,162,167,150,138,109,97,62,54,15,19,54,83,86,59,23,10,2,3,7
22,14,17,64,113,154,154,139,127,118,106,58,54,22,18,12,63,58,55,8,0,1,0,0
29,12,25,57,103,134,117,119,122,112,118,85,57,25,13,11,41,39,8,2,1,0,0,0
14,12,13,55,105,122,119,117,108,108,112,83,68,33,7,5,4,1,0,0,0,0,0,0
32,13,13,64,85,113,109,104,96,104,90,66,40,14,0,0,7,0,0,0,0,0,0,0
34,13,25,39,112,100,123,86,90,76,83,59,51,14,7,0,3,0,0,0,0,0,0,0
66,12,10,91,111,122,96,66,52,47,14,13,11,8,3,0,0,0,0,0,0,0,0,1
26,12,45,94,156,187,204,152,70,40,32,32,16,8,14,11,12,15,14,13,13,5,11,7
36,44,46,132,190,188,195,199,133,69,53,14,10,7,9,14,9,7,9,6,0,4,0,0
14,53,65,137,189,235,226,201,157,138,108,101,65,11,2,11,11,1,7,4,0,8,6,4
7,36,63,126,160,204,194,183,161,145,133,116,101,72,24,11,10,8,4,4,1,4,0,0
9,14,36,81,114,136,164,165,146,135,139,117,94,59,45,22,17,14,12,9,8,2,0,0
10,8,33,51,74,74,129,135,125,133,134,130,123,88,50,28,11,0,3,11,8,12,5,7
0,0,4,12,17,62,102,113,114,118,125,128,121,107,102,59,14,3,0,0,0,0,0,0
0,4,1,12,13,35,57,100,107,111,107,108,109,106,101,88,36,3,5,0,0,0,0,0
13,3,1,6,12,12,16,51,92,102,103,103,108,105,107,102,45,1,0,0,0,0,0,7
4,3,0,0,2,7,2,13,14,52,58,86,100,103,102,100,31,11,0,0,0,0,0,0
2,0,4,0,0,0,9,18,12,50,68,66,105,104,97,66,13,0,5,0,6,6,3,1
5,3,9,6,8,9,13,28,25,65,103,77,82,92,64,8,8,0,1,0,0,0,0,0
7,4,0,2,8,11,14,21,36,52,70,99,83,106,80,51,12,13,0,0,0,0,0,0
4,6,3,7,9,2,23,27,37,63,77,89,126,76,50,36,13,6,13,2,3,3,9,7
5,4,0,12,19,11,13,14,45,83,69,74,81,103,14,9,3,0,0,0,0,0,0,0
6,1,2,10,12,14,20,29,45,62,74,76,65,23,14,1,0,0,0,0,0,3,1,9
8,8,3,6,11,12,28,22,50,57,64,60,50,4,9,0,5,10,0,0,0,0,0,1
8,0,0,4,8,9,13,13,26,56,62,53,13,5,8,4,9,10,8,7,0,0,0,0
0,3,0,0,0,2,11,18,34,52,52,46,8,0,0,0,2,0,0,0,0,0,0,4
5,7,5,0,3,0,1,54,51,53,61,31,9,0,0,0,0,6,3,2,0,0,0,5
4,6,0,6,12,4,9,50,57,59,55,23,7,8,1,0,4,0,0,8,5,0,7,0
6,9,6,0,3,8,28,51,51,56,55,32,10,6,10,0,0,0,0,0,3,0,0,0
0,0,0,3,10,43,39,56,54,52,53,55,27,12,7,0,0,0,0,0,0,1,0,0
0,0,0,8,4,9,10,23,55,75,61,54,51,13,10,13,4,0,0,0,2,2,4,3
5,0,0,0,0,10,8,3,16,46,57,64,58,14,7,0,9,8,0,0,0,0,8,8
0,7,8,7,0,1,7,0,0,10,7,20,13,10,10,0,0,0,3,7,2,0,6,3
5,5,2,6,3,0,6,2,7,5,9,8,1,0,4,3,3,2,0,0,2,4,0,3

4,14,10,8,10,15,38,39,54,45,55,55,59,39,15,12,12,8,5,0,0,0,0,0
3,3,10,25,23,50,68,50,47,60,57,57,65,52,36,12,1,4,0,1,1,0,0,5
9,11,12,24,11,11,28,26,53,51,62,60,37,12,9,0,0,0,1,0,0,0,0,0
3,13,57,74,54,33,22,7,10,13,18,4,8,3,3,0,9,9,10,14,6,0,9,5
10,51,87,183,125,76,81,56,18,5,0,6,10,0,0,4,30,51,65,56,12,5,0,0
52,51,64,84,106,126,145,115,68,56,42,45,40,38,11,30,35,55,65,51,35,12,10,7
55,81,55,60,96,154,187,135,114,64,59,55,52,50,13,15,53,63,67,52,31,12,11,9
53,38,60,58,85,154,203,171,126,71,56,54,56,52,50,52,57,66,71,54,12,3,0,1
57,29,13,53,85,154,234,211,143,96,61,64,60,25,50,45,61,85,64,50,4,0,0,0
31,18,31,66,103,158,219,206,146,116,74,55,54,50,29,50,76,91,65,32,5,0,0,0
14,12,14,62,92,162,167,150,139,109,97,62,54,16,18,54,83,87,59,24,10,2,3,7
22,14,18,64,113,154,153,139,127,118,106,58,54,22,19,12,63,58,56,8,0,1,0,0
29,12,26,57,102,134,117,118,121,112,117,83,57,25,13,11,41,39,8,2,2,0,0,0
14,13,13,55,105,122,119,117,108,108,112,82,68,31,7,5,4,1,0,0,0,0,0,0
32,13,13,64,85,112,109,104,94,103,90,66,37,14,0,0,7,0,0,0,0,0,0,0
34,13,24,39,112,100,123,85,90,75,82,59,51,14,7,0,3,0,0,0,0,0,0,0
66,12,10,91,111,122,96,66,51,46,14,13,11,8,3,0,0,0,0,0,0,0,0,1
26,12,45,94,157,188,205,153,70,40,31,32,16,8,14,11,12,15,14,13,13,5,11,7
36,44,46,132,190,189,196,200,134,70,53,14,10,7,9,14,9,7,9,6,0,4,0,0
14,53,65,137,189,236,227,201,158,138,108,101,66,11,2,11,11,1,7,4,0,8,6,4
7,36,63,126,160,204,194,183,161,145,133,116,102,72,24,11,10,8,4,4,1,4,0,0
9,14,36,81,114,136,164,165,146,136,139,118,95,59,45,23,17,14,12,9,8,2,0,0
10,8,33,51,74,74,129,135,125,133,134,130,124,88,50,28,11,0,3,11,8,12,5,6
0,0,4,12,17,62,102,113,115,118,125,129,121,107,102,60,14,3,0,0,0,0,0,0
0,4,1,12,13,35,56,100,107,111,107,108,109,106,101,89,37,3,6,0,0,0,0,0
13,3,1,6,12,12,17,52,89,102,103,103,108,105,107,102,47,1,0,0,0,0,0,7
4,3,0,0,2,7,2,13,14,52,57,86,100,103,102,100,31,11,0,0,0,0,0,0
2,0,4,0,0,0,9,19,12,50,69,66,105,104,97,66,13,0,5,0,6,6,3,1
5,3,9,6,8,9,13,28,24,65,103,77,82,92,64,8,8,0,1,0,0,0,0,0
7,4,0,2,9,11,14,21,36,51,70,99,83,106,80,52,12,13,0,0,0,0,0,0
4,6,3,7,9,2,23,27,37,62,77,89,126,76,50,37,13,6,13,2,4,3,9,7
5,4,0,12,19,11,13,14,46,83,69,75,81,103,14,9,3,0,0,0,0,0,0,0
6,1,2,10,12,14,20,30,45,62,74,76,65,22,14,1,0,0,0,0,0,3,1,9
8,8,3,6,11,11,27,22,50,57,64,60,50,4,9,0,5,10,0,0,0,0,0,1
8,0,0,4,8,9,13,13,26,56,62,53,13,5,8,4,9,10,8,7,0,0,0,0
0,3,0,0,0,2,11,18,34,52,52,46,9,0,0,0,2,0,0,0,0,0,0,4
5,7,5,0,3,0,1,54,51,53,60,32,9,0,0,0,0,6,3,3,0,0,0,5
4,6,0,6,12,4,9,50,57,59,55,23,8,8,1,0,4,0,0,8,5,0,7,0
6,9,6,0,3,8,29,51,51,56,55,32,10,6,10,0,0,0,0,0,3,0,0,0
0,0,0,3,10,43,39,56,54,52,53,55,27,12,7,0,0,0,0,0,0,1,0,0
0,0,0,8,4,9,10,23,55,75,61,54,51,13,10,13,4,0,0,0,2,2,4,3
5,0,0,0,0,10,8,3,16,45,57,64,58,14,7,0,9,8,0,0,0,0,8,8
0,7,8,7,0,1,7,0,0,10,8,20,13,10,10,0,0,0,3,7,2,0,6,3
5,5,2,6,3,0,6,2,8,4,9,8,1,1,4,3,3,2,0,0,3,4,0,2

4,14,10,9,10,16,38,39,54,45,56,55,59,40,15,12,12,8,5,0,0,0,0,0
3,3,10,26,23,50,68,50,48,60,57,57,65,52,36,12,1,4,0,1,2,0,0,5
9,11,12,22,11,11,28,26,53,51,62,60,38,12,9,0,0,0,1,0,0,0,0,0
3,13,57,74,54,34,22,7,10,13,19,4,8,4,3,0,9,9,10,14,6,0,9,5
10,51,87,183,125,76,81,56,16,5,0,6,10,0,0,4,30,51,65,57,12,5,0,0
52,51,64,84,106,126,145,115,68,56,42,45,40,38,11,31,35,54,65,51,35,12,10,7
55,81,55,60,96,154,187,135,114,64,59,55,52,50,13,15,53,63,66,52,32,12,11,9
54,38,60,58,85,154,204,172,126,71,56,54,56,52,50,52,57,66,71,55,12,3,0,1
57,29,13,53,85,154,235,212,144,96,61,64,60,24,50,44,61,85,64,50,4,0,0,0
32,18,31,65,102,158,219,207,146,116,74,55,54,50,29,50,76,91,66,32,5,0,0,0
14,12,14,62,92,161,167,151,139,109,97,63,54,16,19,54,83,87,59,24,10,2,3,7
21,14,19,64,112,153,153,139,127,118,106,58,54,22,19,12,63,57,56,8,0,1,0,0
29,12,25,56,102,134,117,118,121,112,117,83,57,23,13,11,41,40,8,2,2,0,0,0
14,12,13,55,105,122,118,116,108,107,112,82,67,30,7,5,4,1,0,0,0,0,0,0
32,13,13,64,85,112,109,103,93,103,89,66,37,14,0,0,7,0,0,0,0,0,0,0
34,13,24,39,112,100,123,85,89,75,81,58,51,14,6,0,3,0,0,0,0,0,0,0
66,12,10,91,111,122,96,66,51,46,14,12,11,8,3,0,0,0,0,0,0,0,0,1
26,12,45,94,157,188,206,154,70,40,31,33,16,8,14,11,12,15,14,13,13,5,11,7
36,44,46,132,191,189,196,200,134,70,53,14,10,7,9,14,9,7,9,6,0,4,0,0
14,53,65,137,189,237,227,201,157,138,108,101,67,11,2,11,11,1,7,4,0,8,6,4
7,36,63,126,160,205,195,183,161,145,133,116,102,72,24,11,10,8,4,4,1,4,0,0
9,14,36,81,114,136,165,165,146,136,140,118,95,59,45,23,17,14,12,9,8,2,0,0
10,8,33,51,74,74,129,135,125,133,135,130,124,89,50,28,11,0,3,11,8,12,5,7
0,0,4,12,17,62,102,113,115,118,125,129,121,107,102,60,14,3,0,0,0,0,0,0
0,4,1,12,13,36,56,100,107,111,107,108,109,106,101,88,37,3,6,0,0,0,0,0
13,3,1,7,12,12,17,52,92,102,103,103,108,105,107,102,47,1,0,0,0,0,0,7
4,3,0,0,2,7,2,13,14,54,57,87,100,103,102,101,31,11,0,0,0,0,0,0
2,0,4,0,0,0,10,18,12,50,68,66,105,104,97,67,13,0,5,0,6,6,3,1
5,3,9,6,9,9,13,30,25,64,103,77,82,92,64,8,8,0,1,0,0,0,0,0
7,4,0,2,8,11,14,21,36,51,70,99,83,106,80,52,12,13,0,0,0,0,0,0
4,6,3,7,9,2,23,27,37,63,77,89,126,76,50,36,13,6,13,2,4,3,9,7
5,4,0,12,19,11,13,14,45,83,69,75,81,103,14,9,3,0,0,0,0,0,0,0
6,1,2,10,12,14,21,30,45,62,75,76,65,23,14,1,0,0,0,0,0,3,1,9
8,8,3,7,11,11,28,21,50,57,64,60,50,4,8,0,5,10,0,0,0,0,0,1
8,0,0,4,8,9,13,13,26,56,62,54,13,5,8,4,9,10,8,7,0,0,0,0
0,3,0,0,0,2,10,18,34,52,52,45,9,0,0,0,2,0,0,0,0,0,0,4
5,7,5,0,3,0,1,54,51,53,60,32,9,0,0,0,0,6,3,2,0,0,0,5
4,6,0,6,12,4,9,50,57,59,55,22,8,8,1,0,4,0,0,8,5,0,7,0
6,9,6,0,4,8,29,51,52,57,55,32,10,6,10,0,0,0,0,0,3,0,0,0
0,0,0,3,10,44,39,56,54,52,53,55,28,12,7,0,0,0,0,0,0,1,0,0
0,0,0,8,4,9,10,22,55,75,61,54,51,13,10,13,4,0,0,0,2,2,4,3
5,0,0,0,0,10,8,3,16,46,57,64,58,14,6,0,9,8,0,0,0,0,8,8
0,7,8,7,0,1,7,0,0,10,8,20,13,10,10,0,0,0,3,7,2,0,6,4
5,5,2,6,3,0,6,2,8,5,9,8,1,0,4,2,3,2,0,0,2,4,0,2

4,14,11,9,10,15,38,39,53,45,55,55,59,39,16,12,12,8,5,0,0,0,0,0
3,3,10,25,23,50,68,50,47,60,57,57,65,52,35,12,1,4,0,1,1,0,0,5
9,11,12,24,11,11,29,26,53,51,62,60,38,12,9,0,0,0,1,0,0,0,0,0
3,13,57,74,54,34,22,7,10,13,21,4,8,4,3,0,9,9,10,14,6,0,9,5
10,51,87,183,125,76,82,56,17,5,0,6,10,0,0,4,30,51,65,56,12,5,0,0
52,51,64,84,106,126,145,115,68,56,42,44,40,38,11,31,35,54,65,51,35,12,10,7
55,81,55,60,97,154,187,135,114,64,59,55,52,50,13,15,53,63,67,52,32,12,11,9
53,38,60,58,85,154,204,171,126,71,56,54,56,52,50,52,57,65,71,54,12,3,0,1
57,29,13,53,85,154,235,211,144,96,61,64,61,24,50,46,61,85,64,51,4,0,0,0
31,18,30,65,102,158,220,208,147,117,74,55,54,50,30,50,76,91,66,32,5,0,0,0
14,12,14,62,92,161,166,151,140,109,98,62,54,17,19,54,83,87,59,24,10,2,3,7
22,14,18,64,113,153,152,139,127,118,106,58,54,22,20,12,63,57,56,8,0,1,0,0
29,12,25,56,102,134,117,118,121,112,117,82,57,22,13,11,42,40,9,2,1,0,0,0
14,12,13,55,104,122,118,116,108,107,112,80,67,27,7,5,4,1,0,0,0,0,0,0
32,13,13,64,85,112,109,103,92,103,89,65,37,13,0,0,7,0,0,0,0,0,0,0
34,13,24,40,112,100,123,85,89,75,81,59,51,14,6,0,3,0,0,0,0,0,0,0
66,12,10,92,112,122,96,66,51,46,13,12,11,8,3,0,0,0,0,0,0,0,0,1
26,12,45,94,157,189,207,155,70,40,31,32,16,8,14,11,12,15,14,13,13,5,11,7
36,43,46,132,191,190,197,201,134,70,53,14,10,7,9,14,9,7,9,6,0,4,0,0
14,53,65,137,189,236,228,202,158,138,108,101,67,11,2,11,11,1,7,4,0,8,6,4
7,36,63,126,160,205,195,184,162,145,133,116,102,72,25,11,10,8,4,4,1,4,0,0
9,14,36,81,114,136,164,166,146,136,140,118,95,59,45,23,17,14,12,9,8,2,0,0
10,8,33,51,74,74,129,135,125,133,135,130,124,89,50,28,11,0,3,11,8,12,5,7
0,0,4,12,16,62,102,114,115,118,126,129,121,108,102,60,14,3,0,0,0,0,0,0
1,4,1,12,13,35,57,100,107,111,107,108,109,106,101,88,37,3,6,0,0,0,0,0
13,3,1,6,12,12,17,51,90,102,103,103,108,105,107,102,47,1,0,0,0,0,0,7
5,3,0,0,2,7,2,13,14,54,58,86,100,103,102,101,31,12,0,0,0,0,0,0
2,0,4,0,0,0,10,17,12,51,68,66,105,104,97,66,13,0,5,0,6,6,3,1
5,3,9,6,9,9,13,30,25,65,103,77,83,92,64,8,8,0,1,0,0,0,0,0
7,4,0,2,9,11,14,21,36,52,70,99,83,106,81,52,12,13,0,0,0,0,0,0
4,6,3,7,9,2,23,27,37,62,78,89,126,76,50,36,13,6,13,2,4,3,9,7
5,4,0,12,19,11,13,14,46,82,69,75,81,103,14,9,3,0,0,0,0,0,0,0
6,1,2,10,12,14,20,30,45,62,74,76,65,23,14,1,0,0,0,0,0,3,1,9
8,8,3,7,11,11,27,22,50,57,64,60,50,4,9,0,5,10,0,0,0,0,0,1
8,0,0,4,8,9,13,13,27,56,62,54,13,5,8,4,9,10,8,7,0,0,0,0
0,3,0,0,0,2,11,18,35,52,52,46,9,0,0,0,2,0,0,0,0,0,0,4
5,7,5,0,3,0,1,54,51,53,61,32,9,0,0,0,0,6,3,3,0,0,0,5
4,6,0,6,12,4,9,50,57,59,55,24,8,8,1,0,4,0,0,8,5,0,7,0
6,9,6,0,3,8,29,51,52,56,55,32,10,6,10,0,0,0,0,0,3,0,0,0
0,0,0,3,10,43,39,56,54,52,53,55,28,12,7,0,0,0,0,0,0,1,0,0
0,0,0,8,4,9,10,23,55,75,61,54,51,13,10,13,4,0,0,0,2,2,4,3
5,0,0,0,0,10,8,3,16,45,57,64,58,14,7,0,9,8,0,0,0,0,8,8
0,7,8,7,0,1,7,0,0,10,7,21,13,10,10,0,0,0,3,7,2,0,6,3
5,5,2,6,3,0,6,2,8,5,9,8,1,0,4,2,3,1,0,0,2,4,0,2

4,14,11,9,10,16,38,38,54,45,56,55,59,39,16,12,12,8,5,0,0,0,0,0
3,3,10,26,23,50,68,50,47,60,57,57,65,52,36,12,1,4,0,1,2,0,0,5
9,11,12,24,11,11,29,26,53,51,61,61,37,12,9,0,0,0,1,0,0,0,0,0
3,13,57,74,55,34,22,7,10,13,19,4,8,4,3,0,9,9,10,14,6,0,9,5
10,51,87,184,125,77,82,56,17,5,0,6,10,0,0,4,30,51,65,57,12,5,0,0
52,51,64,84,106,126,145,115,68,56,42,45,40,38,11,31,35,54,65,51,35,12,10,7
55,81,55,60,97,154,188,135,114,64,59,55,52,50,13,17,53,63,67,52,33,12,11,9
53,38,60,58,85,154,203,171,125,71,55,54,56,52,50,52,57,65,71,55,12,3,0,1
57,29,13,53,85,153,234,210,143,95,61,64,60,25,50,45,61,85,64,50,4,0,0,0
32,18,31,65,102,157,218,205,145,115,74,55,54,50,29,50,75,90,66,32,5,0,0,0
14,12,14,62,92,161,167,150,139,109,97,62,54,17,18,54,82,87,59,24,10,2,3,7
21,14,18,64,113,155,155,140,128,119,107,58,54,22,19,12,63,57,56,8,0,1,0,0
29,12,26,57,102,134,118,119,122,113,118,84,57,26,13,11,42,39,8,2,1,0,0,0
14,13,14,55,105,122,119,117,108,108,112,83,68,33,7,5,3,1,0,0,0,0,0,0
32,13,13,64,85,113,109,104,97,104,91,67,41,14,0,0,7,0,0,0,0,0,0,0
34,13,24,39,111,100,123,86,90,76,82,58,51,14,7,0,3,0,0,0,0,0,0,0
66,12,10,91,111,122,96,66,52,46,14,12,11,8,3,0,0,0,0,0,0,0,0,1
26,12,45,94,156,187,204,153,70,40,32,32,17,8,14,11,12,15,14,13,13,5,11,7
36,44,46,131,190,188,195,200,134,70,53,14,10,7,9,14,9,8,9,6,0,4,0,0
14,53,65,137,189,235,225,201,158,138,108,101,66,11,2,11,11,1,7,4,0,8,6,4
7,36,63,126,160,204,194,183,161,145,133,116,102,72,25,11,10,8,4,4,1,4,0,0
9,14,36,82,114,136,165,165,146,136,140,118,95,59,45,23,17,14,12,9,8,2,0,0
10,8,33,52,74,74,129,135,125,133,135,130,124,89,50,28,11,0,3,11,8,12,5,7
0,0,4,12,17,62,102,113,115,118,125,129,121,108,102,60,14,3,0,0,0,0,0,0
1,4,1,12,13,35,57,100,107,111,107,108,109,106,101,88,39,3,6,0,0,0,0,0
13,3,1,6,12,12,16,51,92,102,103,103,108,105,107,102,44,1,0,0,0,0,0,7
5,4,0,0,2,7,2,13,14,52,58,87,100,103,102,101,31,11,0,0,0,0,0,0
2,0,4,0,0,0,10,18,12,50,68,66,105,104,96,66,13,0,5,0,6,6,3,1
5,3,9,6,9,9,13,30,25,65,103,77,83,92,64,8,8,0,1,0,0,0,0,0
7,4,0,2,9,11,14,21,36,52,70,99,83,106,80,52,12,13,0,0,0,0,0,0
4,6,3,7,9,2,23,27,37,63,78,89,126,76,50,36,13,6,13,2,4,3,9,7
5,4,0,12,19,11,13,14,44,83,69,75,81,103,14,9,3,0,0,0,0,0,0,0
6,1,2,10,12,14,21,30,45,62,75,76,65,24,14,1,0,0,0,0,0,3,1,9
8,8,3,7,11,11,28,22,50,57,64,60,50,4,9,0,5,10,0,0,0,0,0,1
8,0,0,4,8,9,13,14,27,56,62,54,14,5,8,5,9,10,8,7,0,0,0,0
0,3,0,0,0,2,10,18,35,52,52,46,9,0,0,0,2,0,0,0,0,0,0,4
5,7,5,0,3,0,1,54,51,53,61,31,9,0,0,0,0,6,3,2,0,0,0,4
4,6,0,6,12,4,9,50,57,59,55,23,8,8,1,0,4,0,0,8,5,0,7,0
6,9,6,0,4,8,29,51,52,56,55,33,10,6,10,0,0,0,0,0,3,0,0,0
0,0,0,3,10,44,39,56,54,52,53,55,27,12,7,0,0,0,0,0,0,1,0,0
0,0,0,8,4,9,10,23,55,75,61,54,51,13,10,13,4,0,0,0,2,2,4,3
5,0,0,0,0,10,8,3,16,46,57,64,58,14,7,0,9,8,0,0,0,0,8,8
0,7,8,8,0,1,7,0,0,10,8,21,13,10,10,0,0,0,3,7,2,0,6,3
5,5,2,6,3,0,6,2,8,5,9,8,1,1,4,2,3,2,0,0,2,4,0,2

4,14,10,9,10,15,38,39,54,45,56,55,59,40,16,12,12,8,5,0,0,0,0,0
3,3,10,25,23,50,68,50,48,59,57,57,65,52,36,12,1,4,0,1,2,0,0,5
9,11,12,24,11,11,28,26,53,51,63,61,38,12,9,0,0,0,1,0,0,0,0,0
3,13,57,75,55,34,22,7,10,13,20,4,8,4,3,0,9,10,10,14,6,0,9,5
10,51,87,184,125,77,82,56,18,5,0,6,10,0,0,4,31,51,65,57,12,5,0,0
52,51,64,84,107,127,146,115,68,56,42,45,40,38,11,31,35,55,65,51,35,12,10,7
55,81,55,60,97,155,188,136,114,64,59,55,53,50,13,16,53,63,67,52,33,12,11,9
53,38,60,58,85,155,204,171,125,71,55,54,56,52,50,52,57,65,71,54,12,3,0,1
57,29,13,53,85,153,233,209,142,95,61,64,60,23,50,45,61,85,64,50,4,0,0,0
32,18,30,65,102,156,216,202,144,115,74,55,54,50,29,50,75,90,65,31,5,0,0,0
14,12,14,62,92,161,166,149,138,108,97,62,54,16,19,54,82,86,59,24,9,2,3,7
22,14,18,64,113,155,156,140,128,119,107,58,54,22,20,12,63,57,55,8,0,1,0,0
29,12,26,57,102,135,119,120,123,113,119,87,58,30,13,11,41,38,8,2,1,0,0,0
14,13,14,55,105,123,120,118,109,108,113,85,69,39,7,5,3,1,0,0,0,0,0,0
32,13,13,64,85,113,109,104,100,104,93,68,45,14,0,0,7,0,0,0,0,0,0,0
33,13,24,38,111,100,123,86,91,77,83,59,51,14,7,0,3,0,0,0,0,0,0,0
66,12,10,90,110,121,96,66,52,50,14,13,12,9,3,0,0,0,0,0,0,0,0,1
26,12,45,93,155,185,202,152,70,40,32,32,17,8,14,11,12,15,14,13,13,5,11,7
37,44,46,131,189,187,194,199,134,70,53,14,10,7,9,14,9,7,9,6,0,4,0,0
14,53,64,137,188,233,223,200,158,138,108,101,66,11,2,11,11,1,7,4,0,8,6,4
7,36,63,126,160,203,193,182,161,145,133,116,102,72,25,11,10,8,4,4,1,4,0,0
9,14,36,82,115,136,164,165,146,136,140,118,95,59,45,23,17,14,12,9,8,2,0,0
10,8,33,51,74,74,129,136,125,133,135,130,124,89,50,28,11,0,3,11,8,12,5,7
0,0,4,12,17,63,102,114,115,118,126,129,122,108,102,61,14,3,0,0,0,0,0,0
1,4,1,12,13,35,57,100,107,111,107,108,109,106,101,88,39,3,6,0,0,0,0,0
13,3,1,6,12,12,18,53,92,102,103,103,109,105,107,102,45,2,0,0,0,0,0,7
5,4,0,0,2,7,2,13,14,54,57,87,100,103,102,101,31,11,0,0,0,0,0,0
2,0,4,0,0,0,10,19,12,51,68,66,105,104,96,66,13,0,5,0,6,6,4,1
5,3,9,6,8,9,13,30,25,65,103,77,83,92,64,8,8,0,1,0,0,0,0,0
7,4,0,2,9,11,14,21,36,52,70,99,83,106,80,52,12,13,0,0,0,0,0,0
4,6,3,7,9,2,23,27,37,63,78,90,126,76,50,37,13,6,13,2,4,3,9,7
5,4,0,12,19,11,13,14,46,83,69,75,81,103,14,9,3,0,0,0,0,0,0,0
6,1,2,10,12,14,20,30,45,62,75,76,65,24,14,1,0,0,0,0,0,3,1,9
8,8,3,7,11,12,28,22,50,58,64,60,50,4,9,0,5,10,0,0,0,0,0,1
8,0,0,4,8,9,13,13,27,56,62,54,14,5,8,4,9,10,8,7,0,0,0,0
0,3,0,0,0,2,11,18,35,53,52,46,9,0,0,0,2,0,0,0,0,0,0,4
5,7,5,0,3,0,1,54,51,53,61,33,9,0,0,0,0,6,3,2,0,0,0,4
4,6,0,6,12,4,9,50,57,59,55,23,8,8,1,0,4,0,0,8,5,0,7,0
6,9,6,0,4,8,29,52,52,56,55,33,10,6,10,0,0,0,0,0,3,0,0,0
0,0,0,3,10,43,39,56,54,52,53,56,27,12,7,0,0,0,0,0,0,1,0,0
0,0,0,8,4,9,10,23,55,75,61,54,51,13,10,13,4,0,0,0,2,2,4,3
5,0,0,0,0,10,8,3,16,48,57,64,59,14,7,0,9,8,0,0,0,0,8,8
0,7,8,8,0,1,7,0,1,10,8,24,13,10,10,0,0,0,3,7,2,0,6,3
5,5,2,6,3,0,6,2,8,5,9,8,1,1,4,2,3,2,0,0,2,4,0,2

4,14,11,9,10,15,38,38,54,45,55,55,59,40,16,12,12,8,5,0,0,0,0,0
3,3,10,26,23,50,69,50,48,60,57,57,65,52,36,12,1,4,0,1,2,0,0,6
9,11,12,24,11,11,28,26,53,51,62,61,37,12,9,0,0,0,1,0,0,0,0,0
3,13,57,75,55,34,22,7,9,13,17,4,8,4,3,0,9,10,11,14,6,0,10,5
10,51,87,184,125,77,82,56,17,5,0,6,10,0,0,4,31,51,65,56,12,5,0,0
52,51,64,84,106,127,146,116,69,56,43,45,40,38,11,32,35,55,65,51,36,12,10,8
55,81,55,60,97,155,189,136,114,64,59,55,53,50,13,16,53,63,67,52,32,12,11,9
54,38,60,58,85,155,204,172,125,71,55,54,56,53,50,52,57,65,71,55,12,3,0,1
57,29,13,53,85,152,233,209,142,95,61,63,60,25,50,44,61,85,64,50,4,0,0,0
32,18,30,65,102,156,215,200,143,114,74,54,54,50,29,50,75,90,65,32,5,0,0,0
14,12,14,62,91,161,165,149,137,108,96,62,54,15,18,54,82,86,59,23,9,2,3,7
21,14,18,64,114,156,157,141,128,119,108,58,54,22,20,12,62,57,55,8,0,1,0,0
29,12,26,57,103,135,120,120,124,114,120,88,58,31,13,11,40,37,8,2,1,0,0,0
14,13,14,55,105,123,120,119,110,109,114,88,70,43,8,5,3,1,0,0,0,0,0,0
32,14,13,64,85,113,110,105,101,105,95,70,46,15,0,0,7,0,0,0,0,0,0,0
34,13,24,38,110,99,123,87,92,78,85,60,52,14,7,0,3,0,0,0,0,0,0,0
66,12,10,90,110,121,95,67,52,50,14,13,12,9,3,0,0,0,0,0,0,0,0,1
26,12,45,93,154,184,200,151,70,41,32,32,18,8,14,11,12,15,14,13,13,5,11,7
36,43,46,131,189,185,193,198,134,70,53,14,10,7,9,14,9,7,9,6,0,4,0,0
14,53,65,137,188,232,222,200,158,138,108,101,66,11,2,11,11,1,7,4,0,8,6,4
7,36,63,126,160,202,193,182,161,145,133,116,102,72,25,11,10,8,4,4,1,4,0,0
9,14,36,82,115,136,164,165,146,136,140,118,95,59,45,23,17,14,12,9,8,2,0,0
10,8,33,52,74,74,129,135,125,133,135,130,124,89,50,28,11,0,3,11,8,12,5,7
0,0,4,12,18,62,102,114,115,118,126,129,122,108,102,60,14,3,0,0,0,0,0,0
1,4,1,12,13,36,57,100,107,111,107,108,109,106,101,88,37,3,6,0,0,0,0,0
13,3,1,6,12,12,19,52,92,102,103,103,109,105,107,102,45,1,0,0,0,0,0,7
5,4,0,0,2,7,2,13,14,55,57,86,100,103,102,101,31,11,0,0,0,0,0,0
2,0,4,0,0,0,9,18,12,51,69,66,105,104,97,66,13,0,5,0,6,6,4,1
5,3,9,6,8,9,13,30,26,65,103,77,83,92,64,8,8,0,1,0,0,0,0,0
7,4,0,2,9,11,14,21,36,52,70,99,83,106,80,52,12,13,0,0,0,0,0,0
4,6,3,7,9,2,23,28,37,63,78,89,126,76,50,37,13,6,13,2,4,3,9,7
5,4,0,12,19,11,13,14,46,83,70,75,81,103,14,9,3,0,0,0,0,0,0,0
6,1,2,10,12,14,21,30,44,62,75,76,65,24,14,1,0,0,0,0,0,3,1,9
8,8,3,7,11,12,28,22,50,57,65,61,50,4,9,0,5,10,0,0,0,0,0,1
8,0,0,4,8,9,13,13,27,56,62,54,14,5,8,4,9,10,8,7,0,0,0,0
0,3,0,0,0,2,11,19,35,52,52,46,9,0,0,0,2,0,0,0,0,0,0,4
5,7,5,0,3,0,1,54,51,53,61,33,10,0,0,0,0,6,3,2,0,0,0,4
4,6,0,6,12,5,9,50,57,59,55,25,8,8,1,0,4,0,0,8,5,0,7,0
6,9,6,0,4,8,30,52,52,57,55,33,10,6,10,0,0,0,0,0,3,0,0,0
0,0,0,3,10,44,39,57,54,52,53,55,27,12,7,0,0,0,0,0,0,1,0,0
0,0,0,8,4,9,11,23,55,75,61,54,51,13,10,13,4,0,0,0,2,2,4,3
5,0,0,0,0,10,8,3,16,46,57,65,59,14,7,0,9,8,0,0,0,0,8,8
0,7,8,8,0,1,7,0,1,10,8,23,13,10,10,0,0,0,3,7,2,0,6,3
5,5,2,6,4,0,6,2,8,5,9,8,1,1,4,2,3,1,0,0,2,4,0,2
