0,0,0,0,0,0,0,0,0,0,0,0,0,1,0,0,0,6,0,0,0,0,0,0
0,0,0,0,0,0,0,0,0,0,0,0,7,9,6,7,10,0,0,0,0,0,0,0
0,0,0,0,0,0,0,0,0,4,14,59,108,112,80,53,22,14,7,1,0,0,3,0
2,0,0,0,0,0,0,0,3,10,54,96,117,142,136,64,51,25,10,0,0,0,0,0
0,0,0,0,0,0,0,0,4,0,9,63,108,79,82,54,18,7,21,14,0,0,0,0
0,0,0,0,0,5,2,0,4,35,10,52,64,63,52,24,30,5,6,0,2,0,0,0
0,0,2,0,3,13,0,0,11,5,12,70,86,89,71,56,12,50,3,6,8,0,0,0
0,0,0,0,11,19,0,14,10,61,81,93,87,89,92,90,78,74,64,50,10,7,0,0
0,0,0,4,41,4,52,62,82,83,92,97,104,99,108,111,116,101,82,65,53,13,0,0
0,0,4,1,52,59,67,85,77,88,107,118,118,133,138,137,136,110,82,82,67,53,12,4
0,0,1,8,53,64,78,100,90,113,132,126,141,164,164,164,152,126,104,68,59,58,32,13
0,0,0,14,63,61,55,105,120,136,146,141,141,179,190,179,159,118,88,61,57,60,52,0
0,0,1,33,74,72,45,79,106,126,138,153,158,166,177,173,139,81,75,49,50,59,58,7
0,1,42,55,60,65,55,66,100,110,132,146,146,147,172,167,136,108,106,59,12,65,64,63
0,0,9,51,54,53,50,45,56,64,101,133,141,135,151,149,129,110,102,31,26,48,72,55
0,0,5,62,88,73,40,10,52,60,73,101,128,120,118,124,103,110,73,14,6,40,49,55
0,0,14,46,79,68,14,6,13,55,77,87,118,75,75,84,75,71,73,9,1,9,52,54
6,12,17,24,44,52,36,19,36,58,92,100,96,86,92,116,99,61,48,27,13,11,32,30
0,2,10,11,41,51,7,11,50,81,118,135,127,91,112,145,131,99,63,69,21,7,9,13
0,1,6,7,15,13,7,14,71,93,130,156,160,137,149,172,182,150,127,111,50,13,13,13
0,0,0,0,7,9,26,16,62,89,136,161,162,148,178,213,219,197,153,106,47,11,11,10
0,0,1,3,7,11,33,49,108,140,175,197,206,231,252,282,255,231,166,129,69,30,21,24
0,5,10,8,8,13,27,53,100,145,208,220,227,214,246,272,254,209,148,124,96,22,14,12
1,0,5,5,10,59,76,101,110,141,173,214,233,205,224,251,247,216,148,120,104,57,50,12
0,1,2,0,9,14,65,61,105,118,144,176,194,177,179,214,202,152,126,108,70,38,27,15
8,8,6,8,10,2,7,10,100,105,118,143,146,127,137,141,137,119,104,83,14,31,37,7
0,0,0,8,4,4,0,12,22,100,102,104,104,79,104,102,101,77,65,51,13,12,5,11
0,5,6,0,0,0,0,11,0,50,82,101,55,59,63,54,32,68,31,18,30,9,12,8
2,0,0,0,0,0,0,12,3,26,55,52,52,14,13,38,10,36,23,15,8,6,8,9
3,0,0,0,0,0,0,10,12,8,51,47,41,14,20,6,12,24,25,13,7,7,8,4
5,0,0,3,0,0,11,14,26,14,50,40,27,14,14,2,12,32,13,13,10,3,6,9
0,0,0,0,0,0,3,12,10,10,14,52,47,9,0,4,7,9,6,9,6,0,0,0
8,1,0,0,0,0,11,9,16,47,51,54,53,1,9,14,13,13,3,8,2,0,0,0
0,1,0,0,0,0,12,28,32,50,66,81,64,51,36,14,15,8,5,4,0,0,1,0
0,0,0,0,0,5,13,22,35,51,118,264,114,54,50,26,12,11,13,5,0,3,8,9
5,0,0,0,0,0,10,13,32,53,88,142,92,51,35,26,15,13,10,10,3,5,6,0
0,0,1,1,1,6,10,12,11,58,72,63,52,34,13,14,28,8,9,12,10,9,6,0
0,0,0,9,10,13,12,28,51,65,65,56,55,30,19,14,38,21,12,11,12,5,6,0
0,0,0,3,7,9,13,30,50,59,76,87,68,45,23,14,46,39,22,13,8,12,8,0
0,0,0,0,5,6,8,13,41,52,49,66,63,47,13,13,12,21,12,13,13,5,9,5
2,5,3,2,4,8,6,14,13,50,55,58,58,38,9,10,10,10,8,10,8,0,8,0
5,5,3,0,7,6,12,13,7,12,39,46,53,24,9,2,0,8,13,6,0,3,3,7
6,6,0,1,8,0,1,3,1,14,30,12,13,14,3,0,2,9,8,3,4,12,3,0
6,0,7,6,5,0,2,7,7,10,8,9,3,13,0,0,1,10,6,12,10,4,10,4

0,0,0,0,0,0,0,0,0,0,0,0,0,1,0,0,0,6,0,0,0,0,0,0
0,0,0,0,0,0,0,0,0,0,0,0,8,9,6,7,10,0,0,0,0,0,0,0
0,0,0,0,0,0,0,0,0,5,17,60,109,113,80,53,22,14,7,2,0,0,3,0
2,0,0,0,0,0,0,0,4,10,56,97,118,142,136,64,51,26,10,0,0,0,0,0
0,0,0,0,0,0,0,0,5,0,10,63,108,79,81,54,18,8,21,14,0,0,0,0
0,0,0,0,0,5,2,0,4,35,11,52,64,63,51,24,30,5,6,0,2,0,0,0
0,0,2,0,3,13,0,0,11,5,12,69,85,89,71,56,12,50,2,6,8,0,0,0
0,0,0,0,11,19,0,14,10,61,81,93,86,88,92,90,78,74,64,50,10,7,0,0
0,0,0,4,41,4,52,62,81,83,92,97,104,98,107,111,116,101,82,65,53,13,0,0
0,0,4,1,52,59,67,85,77,88,107,117,118,133,138,137,136,110,82,82,67,53,12,4
0,0,1,8,53,64,78,100,90,113,132,126,141,164,164,165,152,126,104,68,59,58,33,13
0,0,0,14,63,61,55,105,120,136,146,141,141,180,190,180,160,118,88,61,57,60,52,0
0,0,1,32,75,72,45,79,106,126,138,154,159,167,178,174,139,82,75,49,50,59,58,7
0,1,43,55,60,66,56,67,100,110,132,147,147,148,173,168,136,109,106,60,12,65,64,63
0,0,9,51,54,53,50,45,56,64,101,134,141,135,153,149,130,110,102,31,26,48,72,55
0,0,5,62,88,74,38,10,53,60,73,101,128,120,118,124,104,110,73,14,6,40,49,55
0,0,14,46,79,68,14,6,13,55,77,86,117,75,75,84,75,71,72,9,1,9,52,54
6,12,17,24,44,52,36,20,35,58,92,100,96,85,91,115,99,61,48,27,13,11,32,30
0,2,10,11,43,52,7,11,50,82,118,135,127,91,112,145,131,99,63,69,22,7,9,13
0,1,6,7,16,13,7,15,71,93,130,157,161,137,149,172,182,150,127,111,50,13,13,13
0,0,0,0,7,9,26,18,62,90,136,163,163,148,177,213,219,197,153,106,47,11,11,11
0,0,1,3,7,11,33,50,109,141,177,199,208,233,253,282,256,231,166,129,70,30,21,24
0,5,10,8,9,13,28,53,100,146,210,221,229,215,247,273,255,210,148,124,96,22,14,12
1,0,5,5,10,60,76,101,110,141,174,216,235,206,225,251,248,215,147,120,104,57,50,12
0,1,2,0,9,15,69,62,105,118,144,177,194,178,179,214,201,151,126,108,69,37,26,14
8,8,6,8,10,3,8,11,100,105,118,143,146,127,136,141,136,119,103,83,14,31,36,7
0,0,0,8,4,4,0,12,22,100,102,104,104,81,104,102,101,75,67,51,13,12,5,11
0,5,6,0,0,0,0,10,0,50,82,101,55,59,62,54,31,66,31,16,30,9,12,8
2,0,0,0,0,0,0,12,3,26,55,52,52,13,13,38,9,36,23,14,8,6,8,10
3,0,0,0,0,0,0,10,12,8,51,47,41,14,19,6,12,23,25,13,7,7,8,4
5,0,0,3,0,0,11,14,27,14,50,40,28,14,13,2,12,32,13,13,10,4,6,9
0,0,0,0,0,0,3,12,10,11,14,52,45,9,0,4,7,9,6,9,6,0,0,0
8,1,0,0,0,0,11,9,16,47,51,54,53,1,9,14,13,12,3,8,2,0,0,0
0,1,0,0,0,0,12,27,31,50,66,81,64,51,35,14,14,8,5,4,0,0,1,0
0,0,0,0,0,5,13,22,35,51,117,262,114,53,50,26,12,11,13,4,0,2,8,9
5,0,0,0,0,0,10,13,32,53,88,142,92,51,36,26,14,13,10,10,3,5,6,0
0,0,1,1,1,6,10,12,11,58,72,63,52,33,13,14,28,8,9,12,10,9,6,0
0,0,0,9,10,13,12,27,51,65,65,56,55,29,19,14,37,21,12,11,12,4,6,0
0,0,0,3,7,9,13,29,50,59,76,87,68,45,24,13,46,39,22,13,8,12,8,0
0,0,0,0,5,6,8,13,41,52,49,65,62,47,13,13,12,20,12,13,13,5,9,5
2,5,3,2,4,8,6,14,13,50,54,58,58,37,9,10,10,10,8,10,7,0,8,0
5,4,3,0,7,6,12,13,7,12,39,45,53,22,9,2,0,8,13,6,0,3,3,7
6,6,0,1,8,0,1,3,1,14,30,12,14,14,3,0,2,9,8,3,4,11,3,0
6,0,7,6,5,0,2,7,7,9,9,9,3,13,0,0,1,10,6,12,10,4,10,4

0,0,0,0,0,0,0,0,0,0,0,0,0,1,0,0,0,6,0,0,0,0,0,0
0,0,0,0,0,0,0,0,0,0,0,0,8,10,7,7,10,0,0,0,0,0,0,0
0,0,0,0,0,0,0,0,0,5,20,61,109,113,79,53,22,14,7,2,0,0,3,0
2,0,0,0,0,0,0,0,4,10,55,97,118,143,136,64,51,26,10,0,0,0,0,0
0,0,0,0,0,0,0,0,5,0,10,63,109,79,82,54,19,8,21,14,0,0,0,0
0,0,0,0,0,5,2,0,4,35,11,52,64,63,51,24,30,5,6,0,2,0,0,0
0,0,2,0,3,13,0,0,11,5,13,70,85,88,71,56,12,51,2,6,8,0,0,0
0,0,0,0,11,19,0,14,10,61,81,93,87,88,92,90,78,74,64,50,10,8,0,0
0,0,0,4,42,4,52,62,81,83,92,97,104,99,108,111,116,101,82,65,53,13,0,0
0,0,4,1,52,59,67,84,77,88,107,118,118,133,139,138,137,110,82,82,67,53,12,4
0,0,1,8,53,64,78,100,90,114,133,126,142,165,165,166,153,126,104,68,59,58,33,13
0,0,0,14,64,61,55,105,120,136,146,141,141,180,191,181,160,119,88,61,57,60,52,0
0,0,1,33,75,72,46,79,106,126,138,154,158,167,178,174,139,82,75,49,50,59,59,7
0,1,42,54,60,66,56,66,100,110,132,147,147,148,172,168,136,109,106,59,12,65,64,63
0,0,9,51,54,53,50,45,56,64,101,133,141,135,152,148,130,110,102,31,26,48,72,55
0,0,5,62,88,73,37,10,53,60,73,101,128,120,118,124,103,110,74,14,6,40,49,55
0,0,14,47,79,68,14,6,13,55,77,87,117,75,75,85,75,71,72,10,1,9,52,54
6,12,17,24,44,53,36,20,36,58,92,100,97,86,92,117,100,62,48,28,13,11,32,29
0,2,10,11,41,51,7,12,50,82,118,135,127,91,112,146,131,100,63,70,22,7,9,13
0,1,6,7,16,13,7,14,72,94,130,158,162,137,149,173,183,151,128,112,50,13,13,13
0,0,0,0,7,9,26,19,63,90,137,164,164,149,178,213,220,198,153,106,47,11,11,11
0,0,1,3,7,11,33,50,109,141,178,200,210,234,254,282,256,231,166,129,69,30,21,24
0,5,11,8,9,14,28,54,100,146,211,222,230,216,247,273,255,210,148,124,96,22,14,12
1,0,6,5,10,59,76,101,111,142,174,217,236,207,225,251,247,215,147,120,104,57,50,12
0,1,2,0,9,15,69,64,105,118,145,177,195,178,180,214,201,152,126,108,70,37,26,14
8,8,6,8,10,3,8,11,100,105,118,143,146,128,137,141,137,119,104,82,14,31,34,7
0,0,0,8,4,4,0,12,24,100,102,104,104,80,104,102,101,75,65,51,13,12,5,11
0,5,6,0,0,0,0,11,0,50,83,101,55,59,62,54,31,65,29,14,29,9,12,8
2,0,0,0,0,0,0,12,4,26,55,52,51,13,13,38,9,36,23,14,8,6,8,9
3,0,0,0,0,0,0,10,12,8,52,47,41,14,19,6,12,23,24,13,7,7,8,4
5,0,0,3,0,0,11,14,27,14,50,40,28,14,13,2,12,32,13,13,10,4,6,9
0,0,0,0,0,0,3,12,10,11,14,52,45,9,0,4,7,9,6,8,5,0,0,0
8,1,0,0,0,0,11,10,16,48,51,54,53,1,9,14,13,12,3,8,2,0,0,0
0,1,0,0,0,0,12,29,31,50,66,81,64,51,35,14,15,8,5,4,0,0,1,0
0,0,0,0,0,5,13,22,35,51,118,263,114,54,50,26,12,11,13,4,0,2,8,9
5,0,0,0,0,0,10,13,32,53,88,142,92,51,34,26,15,12,10,10,3,5,6,0
0,0,1,1,1,6,10,12,11,58,72,63,52,35,13,14,28,8,9,12,10,9,6,0
0,0,0,9,10,13,12,28,51,65,64,56,55,30,18,14,37,21,12,11,12,4,6,0
0,0,0,3,7,9,13,29,50,59,76,87,68,45,24,13,47,39,22,13,8,12,8,0
0,0,0,0,5,6,8,13,40,52,48,65,62,48,13,13,12,20,12,13,13,5,9,5
2,5,3,2,4,8,6,14,13,50,54,58,58,38,9,10,10,10,8,10,7,0,8,0
5,4,3,0,7,6,12,13,7,12,38,44,53,21,9,2,0,8,13,6,0,2,3,7
6,6,0,1,8,0,1,3,1,14,28,12,14,14,3,0,2,9,8,3,4,11,3,0
6,0,7,6,5,0,2,7,7,10,8,9,3,13,0,0,1,10,6,11,10,4,10,4

0,0,0,0,0,0,0,0,0,0,0,0,0,2,0,0,0,6,0,0,0,0,0,0
0,0,0,0,0,0,0,0,0,0,0,0,8,10,6,7,10,0,0,0,0,0,0,0
0,0,0,0,0,0,0,0,0,5,20,61,109,112,78,53,22,14,7,2,0,0,3,0
2,0,0,0,0,0,0,0,4,10,55,98,119,143,136,64,51,26,10,0,0,0,0,0
0,0,0,0,0,0,0,0,5,0,9,63,109,80,82,54,19,8,21,14,0,0,0,0
0,0,0,0,0,5,2,0,4,35,11,52,63,63,51,24,29,5,6,0,3,0,0,0
0,0,2,0,3,13,0,0,11,5,12,69,85,88,71,56,12,50,3,6,9,0,0,0
0,0,0,0,11,19,0,14,10,61,81,92,85,87,92,90,78,74,64,50,10,8,0,0
0,0,0,4,43,4,52,62,82,83,92,97,103,98,108,112,116,102,82,65,54,13,0,0
0,0,4,1,52,59,67,85,77,88,107,117,118,133,139,139,138,110,82,82,67,53,12,4
0,0,1,8,53,64,78,100,91,114,133,127,142,165,167,168,155,127,104,68,59,58,32,13
0,0,0,14,63,61,55,105,120,136,147,142,142,181,193,182,161,119,88,61,57,60,52,0
0,0,1,34,75,72,45,79,106,126,138,155,159,167,179,175,139,82,75,49,50,59,59,7
0,1,43,55,60,65,56,66,99,110,132,146,146,148,173,168,136,109,106,59,12,65,64,63
0,0,9,51,54,53,50,45,56,63,100,132,140,135,152,148,129,110,102,31,27,48,72,55
0,0,5,62,88,73,37,10,52,60,72,100,127,119,118,123,103,109,74,14,6,40,49,55
0,0,14,46,79,68,14,6,13,55,77,87,118,75,75,85,75,71,72,9,1,9,52,54
6,12,17,24,44,52,36,20,35,58,92,101,97,87,92,118,101,62,48,28,13,11,32,29
0,3,10,11,43,51,7,11,50,82,119,135,128,91,112,146,132,101,63,72,22,7,9,13
0,1,6,7,16,13,7,15,72,94,131,159,163,138,150,174,184,152,128,112,51,13,13,13
0,0,0,0,7,9,26,19,62,90,137,165,165,149,179,214,220,198,153,106,47,11,11,11
0,0,1,3,7,11,33,50,109,142,178,200,211,234,254,282,257,232,167,129,69,30,21,24
0,5,11,8,9,14,28,54,100,146,211,222,229,215,247,273,255,211,148,124,97,22,14,12
1,0,6,5,10,60,78,101,111,142,175,217,235,206,225,251,248,215,147,120,104,57,50,12
0,1,2,0,9,14,67,63,105,118,145,177,195,178,179,214,201,152,126,108,69,37,26,14
8,8,6,8,10,3,8,11,100,105,118,143,146,128,137,142,137,119,104,83,14,30,34,7
0,0,0,8,4,4,0,12,24,100,102,104,104,81,104,102,101,75,65,50,13,12,5,11
0,5,6,0,0,0,0,11,0,51,83,101,55,59,62,55,30,63,28,14,29,9,12,8
2,0,0,0,0,0,0,12,3,27,55,53,52,13,12,39,9,35,23,13,8,6,8,9
3,0,0,0,0,0,0,10,12,8,52,47,41,14,19,6,12,22,24,13,7,7,8,4
5,0,0,3,0,0,11,14,27,14,50,40,28,14,13,2,12,31,13,13,10,4,6,9
0,0,0,0,0,0,3,12,10,11,14,52,46,9,0,4,7,9,6,8,5,0,0,0
8,1,0,0,0,0,11,10,17,47,51,54,53,1,9,14,13,12,3,8,2,0,0,0
0,1,0,0,0,0,12,28,31,50,66,81,64,51,35,14,15,8,5,4,0,0,0,0
0,0,0,0,0,6,13,22,34,51,118,264,114,53,50,26,12,11,13,3,0,2,8,9
5,0,0,0,0,0,10,13,32,53,88,142,92,51,35,26,15,13,10,10,2,5,6,0
0,0,1,1,1,6,10,12,11,58,72,63,52,32,13,14,27,8,9,12,10,9,5,0
0,0,0,9,10,13,12,28,51,65,65,56,55,30,19,14,37,21,12,11,12,4,6,0
0,0,0,3,7,9,13,30,50,59,76,87,68,45,23,13,45,39,22,13,7,12,8,0
0,0,0,0,4,6,8,13,41,52,49,65,62,47,13,13,12,20,12,13,13,5,9,5
2,5,3,2,4,7,6,14,13,50,54,58,58,38,9,10,10,10,8,10,9,0,7,0
5,5,3,0,7,6,12,13,7,12,39,45,53,24,9,2,0,8,13,6,1,2,3,7
6,6,0,1,8,0,1,3,1,14,30,12,14,14,3,0,2,9,8,3,4,12,3,0
6,0,7,6,5,0,2,7,7,9,9,9,3,13,0,0,0,10,5,11,10,4,10,4

0,0,0,0,0,0,0,0,0,0,0,0,0,1,0,0,0,6,0,0,0,0,0,0
0,0,0,0,0,0,0,0,0,0,0,0,7,10,6,7,11,0,0,0,0,0,0,0
0,0,0,0,0,0,0,0,0,5,17,60,108,112,78,53,22,14,7,2,0,0,3,0
2,0,0,0,0,0,0,0,4,10,55,97,118,142,137,64,51,26,10,0,0,0,0,0
0,0,0,0,0,0,0,0,5,0,9,63,108,80,82,54,19,8,21,14,0,0,0,0
0,0,0,0,0,5,2,0,4,35,11,52,63,62,51,25,30,5,7,0,3,0,0,0
0,0,2,0,3,13,0,0,11,5,12,68,84,87,70,56,12,50,3,6,9,0,0,0
0,0,0,0,11,20,0,14,10,61,80,92,85,87,92,90,79,75,65,51,10,8,0,0
0,0,0,5,44,4,52,62,82,83,92,96,103,98,107,112,116,102,82,66,54,14,0,0
0,0,4,1,52,59,67,85,77,88,106,117,118,132,139,139,138,111,82,82,67,54,12,4
0,0,1,9,53,64,78,100,90,113,133,126,142,166,167,168,154,127,104,68,59,58,33,13
0,0,0,14,64,61,55,104,119,135,146,142,143,182,194,183,161,118,88,61,57,60,53,0
0,0,1,33,74,72,45,79,106,126,139,156,160,169,180,176,140,82,75,49,50,59,59,7
0,1,42,54,60,65,55,65,99,110,132,147,147,148,174,169,136,109,106,60,12,65,64,63
0,0,9,52,54,53,50,45,56,63,100,133,141,135,153,149,130,110,102,32,27,48,72,55
0,0,5,62,88,73,37,10,52,60,72,101,128,120,118,124,103,109,74,14,6,40,49,54
0,0,14,46,77,68,14,6,13,55,77,87,118,75,75,85,75,71,72,9,0,9,52,54
6,12,17,24,44,52,36,20,35,58,92,101,98,87,93,118,102,62,48,28,13,11,32,29
0,2,10,11,41,51,7,12,50,82,119,136,128,92,113,147,133,101,64,71,22,7,9,13
0,1,6,7,16,13,7,16,72,94,131,159,163,138,150,174,185,153,128,112,51,13,13,13
0,0,0,0,7,9,26,17,62,90,137,165,165,149,179,214,220,199,154,106,46,11,11,11
0,0,1,3,7,11,33,50,109,141,178,200,210,234,255,282,257,232,167,130,68,30,21,24
0,5,11,8,9,14,28,54,100,146,211,222,228,215,247,273,256,211,148,124,97,22,14,12
1,0,5,5,10,59,78,101,111,142,175,217,234,205,225,250,248,216,147,120,104,57,50,12
0,1,2,0,9,14,66,63,105,118,145,177,194,178,179,214,200,151,126,108,69,37,26,14
8,8,6,8,10,3,8,11,100,105,118,143,146,128,137,142,137,119,104,83,14,31,34,7
0,0,0,8,4,3,0,12,24,100,102,104,104,81,104,102,101,74,66,50,13,12,5,11
0,5,6,0,0,0,0,10,0,51,83,101,55,60,61,55,30,62,29,14,29,9,12,8
2,0,0,0,0,0,0,12,4,26,55,53,52,13,13,40,9,36,23,13,7,6,8,9
3,0,0,0,0,0,0,10,12,8,52,48,41,14,19,6,12,22,24,13,7,7,8,4
5,0,0,3,0,0,11,14,27,14,50,40,28,14,14,2,12,31,13,12,10,4,6,9
0,0,0,0,0,0,3,12,10,11,14,52,45,9,0,4,7,9,6,8,5,0,0,0
8,1,0,0,0,0,11,10,16,48,50,54,53,1,9,14,13,12,3,8,2,0,0,0
0,1,0,0,0,0,12,29,31,50,66,81,64,51,36,14,15,8,5,4,0,0,1,0
0,0,0,0,0,6,13,22,35,51,118,265,115,53,50,27,12,11,13,3,0,2,8,9
5,0,0,0,0,0,10,13,32,53,88,143,93,51,36,26,15,13,10,10,2,5,6,0
0,0,1,1,1,6,10,12,11,58,72,63,52,34,13,14,27,8,9,12,9,9,5,0
0,0,0,9,10,13,12,28,51,65,64,56,55,30,19,14,38,21,12,11,12,4,6,0
0,0,0,3,7,9,13,29,50,59,76,87,68,45,23,13,46,39,22,13,7,12,8,0
0,0,0,0,5,6,8,13,41,52,49,65,63,48,13,13,12,20,12,13,13,5,9,5
2,5,3,2,4,7,6,14,13,50,54,58,58,40,9,10,10,10,8,10,9,0,7,0
5,5,3,0,7,6,12,13,7,12,39,46,54,26,9,2,0,8,13,7,1,3,3,7
6,6,0,1,8,0,1,3,1,14,30,12,14,14,3,0,2,9,8,3,4,11,3,0
6,0,7,6,5,0,2,7,7,9,9,9,3,13,0,0,0,10,5,11,10,4,10,4

0,0,0,0,0,0,0,0,0,0,0,0,0,2,0,0,0,6,0,0,0,0,0,0
0,0,0,0,0,0,0,0,0,0,0,0,8,10,7,7,11,0,0,0,0,0,0,0
0,0,0,0,0,0,0,0,0,5,23,62,109,113,78,54,22,14,7,3,0,0,4,0
2,0,0,0,0,0,0,0,4,11,57,97,119,144,138,64,51,26,10,0,0,0,0,0
0,0,0,0,0,0,0,0,5,0,9,63,109,80,82,54,24,8,22,14,0,0,0,0
0,0,0,0,0,5,2,0,4,35,11,52,63,63,51,25,30,5,6,0,3,0,0,0
0,0,2,0,3,13,0,0,11,5,12,69,84,87,70,56,12,50,2,6,9,0,0,0
0,0,0,0,11,19,0,14,10,61,81,92,85,87,91,90,78,74,64,50,10,8,0,0
0,0,0,4,42,4,52,62,81,83,92,96,103,97,107,111,115,101,82,65,54,13,0,0
0,0,4,1,52,59,67,84,77,87,106,117,118,132,137,137,137,110,82,82,67,53,12,4
0,0,1,8,53,64,78,100,90,113,132,126,141,164,164,165,152,126,104,68,59,58,33,13
0,0,0,14,63,61,55,104,119,135,146,141,141,180,191,181,160,118,88,61,57,60,53,0
0,0,1,33,74,72,45,79,106,125,138,154,159,167,178,175,140,82,75,49,50,59,59,7
0,1,43,55,60,66,56,66,99,110,132,147,147,148,173,169,137,109,106,61,12,66,64,63
0,0,9,51,54,53,50,45,56,63,100,133,142,136,153,149,130,110,102,32,27,49,72,55
0,0,5,62,88,73,40,10,53,60,73,101,128,120,119,124,104,110,75,14,6,40,50,55
0,0,14,46,78,68,14,6,13,55,77,87,118,75,75,85,76,71,73,10,0,9,52,54
6,12,17,24,44,53,37,20,36,58,93,101,98,87,92,118,102,63,49,28,13,11,32,30
0,2,10,11,41,51,7,12,50,82,119,135,128,92,112,147,133,101,64,72,23,7,9,13
0,1,6,7,16,13,7,16,72,95,131,159,163,138,150,175,185,153,128,112,51,13,13,13
0,0,0,0,7,9,26,18,62,90,137,165,165,149,179,215,221,199,154,106,47,11,11,11
0,0,1,3,7,11,34,50,109,142,178,201,211,235,256,284,258,233,167,130,69,30,21,24
0,5,11,8,9,14,29,54,100,146,212,223,229,216,248,275,257,211,148,124,96,22,14,12
1,0,6,5,10,60,78,101,111,142,175,217,235,206,224,251,248,216,147,120,104,57,50,12
0,1,2,0,9,14,69,63,105,118,145,177,194,177,180,214,200,151,126,108,69,37,26,14
8,8,6,8,10,3,8,11,101,105,118,143,146,128,137,142,137,119,104,83,14,31,34,7
0,0,0,8,4,3,0,12,24,100,102,104,104,81,104,102,101,74,65,51,14,12,5,11
0,5,6,0,0,0,0,11,0,51,83,101,55,60,62,55,30,63,29,14,29,9,12,8
2,0,0,0,0,0,0,12,3,27,55,53,52,13,13,39,9,36,23,13,7,6,7,9
3,0,0,0,0,0,0,10,12,8,52,48,41,14,19,6,11,22,24,13,7,7,8,4
5,0,0,3,0,0,11,14,27,14,51,40,28,14,14,2,12,31,13,12,10,4,6,9
0,0,0,0,0,0,4,12,10,11,14,52,46,9,0,4,7,9,7,8,5,0,0,0
8,1,0,0,0,0,11,10,17,48,51,54,53,1,9,14,13,12,3,8,2,0,0,0
0,1,0,0,0,0,12,29,32,50,66,81,64,51,35,14,15,8,6,4,0,0,1,0
0,0,0,0,0,6,13,22,34,51,118,265,115,53,50,27,12,11,13,3,0,2,8,9
5,0,0,0,0,0,10,13,32,53,88,143,93,51,35,26,15,13,10,10,2,5,6,0
0,0,1,1,1,6,10,12,11,58,72,63,52,33,13,14,27,8,9,12,9,9,5,0
0,0,0,9,10,13,12,29,51,65,65,56,55,30,19,14,37,22,12,11,11,4,5,0
0,0,0,3,7,9,13,30,50,59,76,87,68,45,23,13,46,39,22,13,7,12,8,0
0,0,0,0,5,6,8,13,42,52,48,65,63,47,13,13,12,20,12,13,13,5,9,5
2,5,3,2,4,8,6,14,13,50,54,58,57,38,9,10,10,10,8,10,9,0,7,0
5,5,3,0,7,6,12,13,7,12,39,45,53,24,9,2,0,8,13,7,1,3,3,7
6,6,0,1,8,0,1,3,1,14,31,12,14,14,3,0,2,9,8,3,4,11,3,0
6,0,7,6,5,0,2,7,7,10,9,10,3,13,0,0,0,10,5,11,10,4,10,4

0,0,0,0,0,0,0,0,0,0,0,0,0,2,0,0,0,6,0,0,0,0,0,0
0,0,0,0,0,0,0,0,0,0,0,0,8,11,6,7,11,0,0,0,0,0,0,0
0,0,0,0,0,0,0,0,0,6,27,62,109,113,80,54,23,14,7,3,0,0,4,0
2,0,0,0,0,0,0,0,4,11,59,99,120,146,139,64,52,26,11,0,0,0,0,0
0,0,0,0,0,0,0,0,5,0,10,64,109,80,82,54,24,9,22,15,0,0,0,0
0,0,0,0,0,5,2,0,4,36,11,53,63,63,51,26,31,5,7,0,3,0,0,0
0,0,2,0,3,13,0,0,11,5,13,69,84,87,71,56,12,51,2,6,9,0,0,0
0,0,0,0,10,18,0,14,10,61,81,92,85,87,91,89,78,74,64,50,10,8,0,0
0,0,0,4,41,4,52,61,81,83,91,96,102,97,107,110,115,101,82,65,54,13,0,0
0,0,3,1,52,59,67,84,76,87,106,117,117,131,137,137,136,110,82,82,67,53,12,4
0,0,1,8,53,64,78,100,90,113,132,125,141,163,162,164,152,126,104,68,59,58,33,13
0,0,0,14,63,61,55,104,119,135,145,140,141,179,190,180,160,118,88,61,57,60,53,0
0,0,1,33,74,72,45,79,106,125,138,153,158,167,178,175,140,82,75,50,50,59,59,7
0,1,44,54,60,66,56,66,100,110,132,147,147,148,173,169,137,109,106,61,12,66,64,63
0,0,9,51,54,53,50,45,56,64,100,134,142,136,154,150,131,110,102,33,27,49,72,55
0,0,5,62,89,73,38,10,53,60,73,101,129,120,119,125,104,110,74,14,6,40,50,55
0,0,14,46,79,68,14,6,13,55,77,87,118,75,75,85,76,71,73,10,0,9,52,54
6,12,17,24,44,53,37,21,36,58,92,100,97,86,92,118,101,63,48,28,13,11,32,29
0,3,10,11,41,51,7,12,50,82,119,135,128,91,113,147,133,101,63,72,22,7,10,13
0,1,6,7,16,13,7,16,72,95,131,158,162,138,150,175,186,153,128,112,51,13,13,13
0,0,0,0,7,9,26,19,63,91,137,165,165,149,180,216,222,200,154,106,47,11,11,11
0,0,1,3,7,11,34,50,109,142,178,201,211,235,257,285,259,233,167,130,70,30,21,24
0,5,11,8,9,14,29,54,100,146,212,223,230,216,248,275,258,212,149,124,97,22,14,12
1,0,6,5,10,59,78,101,111,142,175,217,234,205,225,251,248,216,147,120,104,58,50,12
0,1,2,0,9,15,70,64,105,118,144,177,194,178,180,213,200,151,126,108,69,38,26,14
8,8,6,8,10,3,8,11,101,105,118,143,146,128,137,141,137,119,104,83,14,31,34,7
0,0,0,8,4,3,0,12,25,100,102,104,104,81,104,102,101,74,65,50,14,12,5,11
0,5,6,0,0,0,0,10,0,51,83,101,55,60,61,55,29,62,28,14,29,9,12,8
2,0,0,0,0,0,0,12,4,27,55,53,52,13,13,40,9,35,23,12,7,6,7,9
3,0,0,0,0,0,0,10,12,8,52,48,41,14,19,6,11,21,24,13,7,7,8,4
5,0,0,3,0,0,12,14,27,14,50,40,28,14,14,2,12,31,13,12,10,4,6,9
0,0,0,0,0,0,4,12,10,11,14,52,45,9,0,4,7,9,7,8,5,0,0,0
8,1,0,0,0,0,11,10,16,49,51,54,53,1,9,14,13,12,3,8,2,0,0,0
0,1,0,0,0,0,12,29,31,50,66,81,64,51,35,14,15,8,6,4,0,0,0,0
0,0,0,0,0,6,13,23,34,51,118,265,115,54,50,27,12,11,13,3,0,2,8,9
5,0,0,0,0,0,10,14,32,53,88,143,93,51,35,27,15,12,10,10,2,5,6,0
0,0,1,1,1,6,10,12,11,58,72,63,52,32,13,14,26,8,9,12,9,9,5,0
0,0,0,9,10,13,12,28,51,65,64,56,55,30,19,14,38,21,12,11,11,4,5,0
0,0,0,3,7,9,13,30,50,59,76,87,68,45,23,13,46,39,22,13,7,12,8,0
0,0,0,0,5,6,8,13,41,52,48,65,62,46,13,13,12,20,12,13,13,5,9,5
2,5,3,2,4,7,6,14,13,50,54,58,57,38,9,10,10,10,8,10,9,0,7,0
5,5,3,0,7,6,12,13,7,12,40,45,53,22,9,2,0,8,13,7,1,3,3,7
6,6,0,1,8,0,1,3,1,14,31,12,14,14,3,0,2,9,8,3,4,11,3,0
6,0,7,6,5,0,2,7,7,10,9,9,3,13,0,0,0,10,5,11,10,4,10,4

0,0,0,0,0,0,0,0,0,0,0,0,0,2,0,0,0,6,0,0,0,0,0,0
0,0,0,0,0,0,0,0,0,0,0,0,9,11,6,7,11,0,0,0,0,0,0,0
0,0,0,0,0,0,0,0,0,6,29,63,109,114,80,54,23,14,8,3,0,0,4,0
2,0,0,0,0,0,0,0,4,11,58,99,120,146,139,64,52,27,11,0,0,0,0,0
0,0,0,0,0,0,0,0,5,0,10,64,109,81,83,54,25,9,22,15,0,0,0,0
0,0,0,0,0,5,2,0,4,36,11,53,63,63,51,26,31,5,7,0,3,0,0,0
0,0,2,0,3,13,0,0,11,5,13,69,84,87,70,56,12,50,2,6,9,0,0,0
0,0,0,0,10,18,0,14,10,61,81,92,85,87,91,89,78,74,64,50,10,8,0,0
0,0,0,4,42,4,52,61,81,83,91,97,103,97,107,111,115,101,82,65,54,14,0,0
0,0,3,1,52,59,67,84,77,87,106,117,117,132,137,137,137,110,82,82,67,54,12,4
0,0,1,8,53,64,78,100,90,113,132,125,141,163,163,165,153,127,104,68,59,58,33,13
0,0,0,14,63,61,55,104,119,135,145,140,141,179,190,180,160,119,88,61,57,60,53,0
0,0,1,33,74,72,45,79,106,125,138,153,158,167,178,175,140,82,75,50,50,59,59,7
0,1,43,55,60,66,56,66,100,110,132,147,147,148,174,169,137,109,106,61,12,65,64,63
0,0,9,51,54,53,50,45,56,64,101,134,142,136,154,150,131,110,102,33,28,49,72,56
0,0,5,62,89,73,40,10,53,60,73,101,129,120,119,125,104,110,75,14,6,40,49,55
0,0,14,47,79,68,15,6,13,55,77,87,118,75,75,85,76,71,73,10,0,9,52,54
6,12,17,24,44,53,37,21,36,58,92,100,97,86,92,118,101,63,48,28,13,11,32,30
0,3,10,11,41,52,7,12,50,82,119,135,127,92,113,147,133,101,63,71,22,7,9,13
0,1,6,7,16,13,7,16,72,95,131,158,162,138,150,175,185,153,128,112,51,13,13,13
0,1,0,0,7,9,27,22,63,91,138,165,165,149,180,216,222,200,154,106,47,12,11,11
0,0,1,3,7,11,34,50,110,142,179,201,212,235,258,285,258,233,167,130,70,30,22,24
0,5,11,8,9,14,29,54,100,147,213,223,230,216,248,275,258,211,149,124,97,22,14,12
1,0,5,5,10,59,78,101,111,142,175,217,234,205,224,251,249,215,147,120,104,57,50,12
0,1,2,0,9,16,71,65,105,118,144,176,194,177,179,213,200,151,126,108,69,37,26,14
8,8,6,8,10,3,8,11,101,105,118,142,146,128,137,141,137,119,104,83,14,31,33,7
0,0,0,8,4,3,0,12,25,100,102,104,104,80,104,102,101,74,65,50,13,12,5,11
0,5,6,0,0,0,0,10,0,51,83,101,55,60,62,56,29,61,28,14,27,9,12,8
2,0,0,0,0,0,0,12,4,27,55,53,52,13,12,41,9,35,23,12,7,6,7,9
3,0,0,0,0,0,0,10,12,8,52,47,41,14,19,6,11,20,23,12,7,7,8,3
5,0,0,3,0,0,12,14,27,14,50,41,28,14,14,2,12,31,13,12,9,4,6,9
0,0,0,0,0,0,4,12,11,11,14,52,45,9,0,4,8,9,7,8,5,0,0,0
8,1,0,0,0,0,11,10,17,48,51,54,53,1,9,14,13,12,3,8,2,0,0,0
0,1,0,0,0,0,12,29,32,50,66,81,64,51,35,14,15,8,5,3,0,0,0,0
0,0,0,0,0,6,13,23,35,51,118,265,115,54,50,27,12,11,13,2,0,2,8,9
5,0,0,0,0,0,10,14,32,53,88,143,93,51,34,26,15,12,10,10,2,5,6,0
0,0,1,1,1,6,10,12,11,58,72,63,53,33,13,14,26,8,9,12,9,9,5,0
0,0,0,9,10,13,12,28,51,65,65,56,55,30,19,15,37,21,12,11,11,4,5,0
0,0,0,3,7,9,13,30,50,59,76,87,68,45,24,13,46,39,22,13,7,12,8,0
0,0,0,0,5,6,8,13,42,52,48,65,63,48,13,13,12,19,12,13,13,5,8,5
2,5,3,2,4,8,6,14,14,50,54,58,58,39,9,10,10,10,8,10,9,0,7,0
5,5,3,0,7,6,12,13,7,12,40,47,53,25,9,2,0,8,13,7,1,2,3,7
6,6,0,1,8,0,1,3,1,14,31,12,14,14,3,0,2,9,8,3,4,11,3,0
6,0,7,6,5,0,2,7,7,10,9,9,3,13,0,0,0,10,5,11,10,4,10,4

0,0,0,0,0,0,0,0,0,0,0,0,0,2,0,0,0,7,0,0,0,0,0,0
0,0,0,0,0,0,0,0,0,0,0,0,9,11,6,7,11,0,0,0,0,0,0,0
0,0,0,0,0,0,0,0,0,6,29,62,109,114,80,54,23,14,8,3,0,0,4,0
2,0,0,0,0,0,0,0,4,11,59,98,120,145,139,65,52,27,11,0,0,0,0,0
0,0,0,0,0,0,0,0,5,0,10,64,109,81,82,54,25,9,23,15,0,0,0,0
0,0,0,0,0,5,2,0,4,36,11,53,64,63,52,26,31,5,7,0,3,0,0,0
0,0,2,0,3,13,0,0,11,5,13,69,84,87,70,56,12,50,2,6,9,0,0,0
0,0,0,0,10,18,0,14,10,61,81,92,85,87,91,89,78,74,64,50,10,8,0,0
0,0,0,4,41,4,52,62,81,83,91,96,103,98,107,110,115,101,82,65,54,13,0,0
0,0,3,1,52,59,67,84,76,87,106,117,117,132,138,137,137,110,82,82,67,53,12,4
0,0,1,8,53,64,78,100,90,113,132,126,141,164,163,165,153,127,104,68,59,58,33,13
0,0,0,14,63,61,55,104,119,135,145,140,141,180,190,181,161,119,88,61,57,60,53,0
0,0,1,33,74,72,46,79,106,125,138,153,159,167,179,175,140,83,76,50,50,59,59,7
0,1,44,54,60,66,56,65,99,109,132,147,147,148,174,170,137,109,106,61,12,66,64,63
0,0,9,51,54,53,50,47,56,64,101,134,142,136,155,151,131,111,102,33,28,49,72,55
0,0,5,62,89,73,38,10,53,60,73,101,129,121,119,125,104,110,75,14,6,41,50,55
0,0,14,47,79,68,14,6,13,55,77,87,118,75,75,85,76,71,73,10,0,9,52,54
6,12,17,24,44,53,37,21,35,58,92,100,97,86,92,118,102,63,48,28,13,11,32,29
0,3,10,11,41,52,7,12,50,82,119,135,128,92,113,147,133,101,64,72,22,7,9,13
0,1,6,7,17,13,7,16,72,95,131,158,163,138,150,175,185,153,128,112,51,13,13,13
0,0,0,0,7,9,27,22,63,91,138,165,165,149,180,216,223,200,154,106,47,11,11,11
0,0,1,3,7,11,34,50,110,142,180,202,212,236,258,286,260,233,167,130,70,31,21,24
0,5,11,8,9,14,29,54,100,147,213,224,231,217,249,276,258,212,149,124,96,22,14,12
1,0,6,5,10,59,78,101,111,142,175,217,234,206,225,251,248,215,147,120,104,57,50,12
0,1,2,0,9,16,71,64,105,118,144,176,194,177,179,213,199,151,126,108,69,38,26,14
8,8,6,8,10,3,8,11,101,105,118,142,146,128,137,141,137,119,104,82,14,31,33,7
0,0,0,8,4,3,0,12,25,100,102,104,104,82,104,102,101,73,65,50,13,12,4,11
0,5,6,0,0,0,0,10,0,51,84,100,55,60,61,56,29,60,28,14,29,9,12,8
2,0,0,0,0,0,0,12,4,28,55,53,51,13,13,40,9,35,23,12,7,6,7,9
3,0,0,0,0,0,0,10,12,8,52,48,41,14,19,6,11,20,24,13,7,7,8,3
5,0,0,3,0,0,12,14,28,14,50,40,28,14,13,2,12,31,13,12,9,4,6,9
0,0,0,0,0,0,4,12,11,11,14,52,47,9,0,4,8,9,7,8,5,0,0,0
8,1,0,0,0,0,11,10,17,48,51,54,52,1,9,14,13,12,3,8,2,0,0,0
0,1,0,0,0,0,12,30,31,50,66,81,64,51,36,14,15,8,6,3,0,0,0,0
0,0,0,0,0,6,13,22,35,51,118,265,115,53,50,27,12,11,13,2,0,2,8,9
5,0,0,0,0,0,10,14,32,53,88,143,93,51,35,26,15,13,10,10,2,5,6,0
0,0,1,1,1,6,10,12,11,58,72,63,52,33,13,14,26,8,9,12,9,9,5,0
0,0,0,9,10,13,12,29,51,65,65,56,55,30,19,15,39,22,12,11,11,4,5,0
0,0,0,3,7,9,13,31,50,59,76,87,68,45,25,13,46,40,22,13,7,12,8,0
0,0,0,0,5,6,8,13,42,52,49,65,63,48,13,13,12,20,12,13,13,5,8,5
2,5,3,2,4,8,6,14,14,50,54,58,58,40,9,10,10,10,8,10,9,0,7,0
5,5,3,0,7,6,12,13,7,12,39,46,53,24,9,2,0,8,13,7,1,2,3,7
6,6,0,1,8,0,1,3,1,14,31,12,13,14,3,0,2,9,8,3,4,11,3,0
6,0,7,6,5,0,2,7,7,10,9,9,3,13,0,0,0,10,5,11,10,4,10,4

0,0,0,0,0,0,0,0,0,0,0,0,0,2,0,0,0,7,0,0,0,0,0,0
0,0,0,0,0,0,0,0,0,0,0,0,9,11,6,7,11,0,0,0,0,0,0,0
0,0,0,0,0,0,0,0,0,6,29,62,109,114,80,54,23,14,8,3,0,0,4,0
2,0,0,0,0,0,0,0,4,11,59,98,120,145,139,65,52,27,11,0,0,0,0,0
0,0,0,0,0,0,0,0,5,0,10,64,109,81,83,54,26,9,23,15,0,0,0,0
0,0,0,0,0,5,2,0,4,36,11,53,64,63,52,26,32,5,7,0,3,0,0,0
0,0,2,0,3,13,0,0,11,5,13,69,84,87,70,56,12,50,2,6,9,0,0,0
0,0,0,0,10,19,0,14,10,61,81,92,85,87,91,90,78,74,64,50,10,8,0,0
0,0,0,4,41,4,52,61,81,83,92,96,103,98,107,111,116,101,82,65,54,14,0,0
0,0,3,1,52,59,67,84,76,87,106,117,117,132,138,138,137,110,82,82,67,54,12,4
0,0,1,8,53,64,78,100,90,113,132,126,141,164,164,166,153,127,104,68,59,58,33,13
0,0,0,14,63,61,55,104,119,135,145,140,141,180,190,181,161,119,88,61,57,60,53,0
0,0,1,33,75,72,45,79,106,125,138,153,159,167,179,176,140,83,75,50,50,59,59,7
0,1,44,54,60,66,56,65,100,109,132,147,147,149,174,170,138,109,106,61,12,65,64,63
0,0,9,51,54,53,50,47,56,64,101,134,142,136,155,151,131,111,102,34,28,49,72,56
0,0,5,62,89,74,41,10,53,60,73,101,129,120,119,125,104,110,75,14,6,40,50,55
0,0,14,47,79,68,14,6,13,55,77,87,118,75,75,85,76,71,73,10,0,9,52,54
6,12,17,24,44,53,37,21,36,58,92,100,97,86,92,118,102,63,48,28,13,11,32,30
0,3,10,11,41,51,7,12,50,82,119,135,127,92,113,147,133,101,64,71,22,7,10,13
0,2,6,7,17,13,7,17,73,95,131,158,162,138,150,175,186,153,128,112,51,13,13,13
0,1,0,0,7,9,27,23,63,91,138,165,165,149,180,216,223,200,154,106,48,12,11,11
0,0,1,3,7,11,34,50,110,143,180,202,213,237,259,286,260,233,168,130,70,31,21,24
0,5,11,8,9,14,29,54,100,147,213,224,231,217,249,276,258,212,149,124,97,22,14,12
1,0,5,5,10,59,79,101,111,142,175,217,235,205,225,251,248,215,147,120,104,57,50,12
0,1,2,0,9,16,71,65,105,118,144,176,194,177,179,213,199,151,126,108,69,37,26,14
8,8,6,8,10,3,9,11,101,105,118,142,146,128,137,141,137,119,104,83,14,31,33,7
0,0,0,8,4,3,0,12,26,100,102,104,104,81,104,102,101,73,65,50,13,12,5,11
0,5,6,0,0,0,0,10,0,52,84,100,55,60,62,56,30,60,28,14,28,9,12,8
2,0,0,0,0,0,0,12,4,28,55,53,51,13,12,40,9,35,23,11,7,6,7,9
3,0,0,0,0,0,0,10,12,9,52,48,41,14,19,6,11,20,24,13,7,7,8,4
5,0,0,3,0,0,12,14,28,14,50,40,28,14,13,2,12,30,13,12,9,4,6,9
0,0,0,0,0,0,4,12,11,11,14,52,46,9,0,4,8,9,7,8,5,0,0,0
8,1,0,0,0,0,11,10,17,48,51,54,53,1,9,14,13,12,3,8,2,0,0,0
0,1,0,0,0,0,12,30,32,50,66,81,64,51,36,14,15,8,6,3,0,0,0,0
0,0,0,0,0,6,13,23,35,51,118,265,115,53,49,27,12,11,13,2,0,2,8,9
5,0,0,0,0,0,10,14,32,53,88,143,93,51,34,27,15,12,10,10,2,5,6,0
0,0,1,1,1,6,10,12,11,58,72,63,52,32,13,14,27,8,9,12,9,8,5,0
0,0,0,10,10,13,12,29,51,65,65,56,55,30,19,14,37,22,12,11,11,4,5,0
0,0,0,4,7,9,13,30,50,59,76,87,68,44,23,13,44,39,22,13,7,12,8,0
0,0,0,0,5,6,8,13,43,52,49,65,62,47,13,13,12,20,12,13,13,5,8,5
2,5,3,2,4,8,6,14,14,50,54,58,58,38,9,10,10,10,8,10,9,0,7,0
5,5,3,0,7,6,12,13,7,13,40,46,53,24,9,2,0,8,13,7,1,2,3,7
6,6,0,1,8,0,1,3,1,14,32,12,14,14,3,0,2,9,8,3,4,11,3,0
6,0,7,6,5,0,2,7,7,10,9,10,3,13,0,0,0,9,5,11,10,4,10,4

0,0,0,0,0,0,0,0,0,0,0,0,0,2,0,0,0,6,0,0,0,0,0,0
0,0,0,0,0,0,0,0,0,0,0,0,9,11,6,7,11,0,0,0,0,0,0,0
0,0,0,0,0,0,0,0,0,6,29,62,109,113,79,54,23,14,7,3,0,0,4,0
2,0,0,0,0,0,0,0,4,11,60,98,120,145,139,65,52,27,11,0,0,0,0,0
0,0,0,0,0,0,0,0,5,0,10,64,109,81,83,54,24,9,22,15,0,0,0,0
0,0,0,0,0,5,2,0,4,36,11,53,64,63,51,26,31,5,7,0,3,0,0,0
0,0,2,0,3,13,0,0,11,5,13,69,84,87,70,56,12,50,3,6,9,0,0,0
0,0,0,0,10,19,0,14,10,61,81,92,85,87,91,90,78,74,64,51,10,8,0,0
0,0,0,4,41,4,52,61,81,83,92,96,103,98,107,111,116,101,82,65,54,14,0,0
0,0,4,1,52,59,67,84,77,88,107,118,118,133,139,139,138,111,82,82,67,54,12,4
0,0,1,8,53,64,78,100,90,113,133,127,142,165,166,168,155,128,105,69,59,58,33,13
0,0,0,14,63,61,55,104,119,135,146,141,142,181,192,183,161,119,88,62,57,60,53,0
0,0,1,33,73,72,45,79,106,125,138,154,158,167,179,176,140,82,75,50,50,59,59,7
0,1,44,54,60,66,56,65,99,109,132,147,147,148,174,170,137,109,106,61,12,66,64,63
0,0,9,51,54,53,50,45,56,63,100,133,141,136,154,150,131,110,102,33,28,49,72,55
0,0,5,62,88,74,40,10,52,60,72,101,129,120,119,125,104,110,75,14,6,40,49,54
0,0,14,46,78,68,14,6,13,55,77,87,118,75,75,85,76,71,72,10,0,9,52,54
6,12,17,24,44,53,37,21,35,58,92,101,98,87,92,119,103,63,49,28,13,11,32,30
0,2,10,11,41,51,7,12,50,82,119,135,128,92,113,147,133,102,64,72,22,7,10,13
0,2,6,7,17,13,7,17,73,95,131,160,164,138,151,175,186,154,129,112,51,13,13,13
0,1,0,0,7,9,27,22,63,91,138,166,166,150,180,216,223,200,154,106,47,11,11,11
0,0,1,3,7,11,34,50,110,143,180,203,213,236,258,286,259,234,168,130,70,30,21,24
0,5,11,8,9,14,29,54,101,147,214,224,230,217,248,275,258,212,149,124,97,22,15,12
1,0,6,5,10,59,78,101,111,142,175,217,235,206,224,251,248,215,147,120,104,57,50,12
0,1,2,0,9,15,70,67,105,118,145,176,194,178,179,213,199,151,126,108,69,37,26,14
8,8,6,8,10,3,8,11,101,105,118,143,146,128,137,142,137,119,104,84,14,31,33,7
0,0,0,8,4,3,0,12,26,100,102,104,104,81,104,102,101,73,65,50,14,12,4,11
0,5,6,0,0,0,0,10,0,51,84,100,55,60,62,57,29,60,28,14,28,9,12,8
2,0,0,0,0,0,0,13,4,28,55,53,51,13,12,40,9,35,23,11,6,6,7,9
3,0,0,0,0,0,0,10,12,9,52,48,42,14,19,6,11,20,23,13,7,7,8,3
5,0,0,3,0,0,12,14,28,14,50,41,28,14,14,2,12,30,13,12,9,4,6,9
0,0,0,0,0,0,4,12,11,11,14,52,45,9,0,4,8,9,7,8,4,0,0,0
8,1,0,0,0,0,11,10,17,49,51,54,53,1,9,14,13,12,3,8,2,0,0,0
0,1,0,0,0,0,12,29,31,50,66,81,64,51,36,14,15,8,6,3,0,0,1,0
0,0,0,0,0,6,13,23,35,51,118,266,115,53,50,27,13,11,13,2,0,2,8,9
5,0,0,0,0,0,10,14,33,53,89,143,93,51,35,27,15,12,10,10,1,5,6,0
0,0,1,2,1,6,10,12,11,58,72,63,52,35,13,14,29,8,9,12,9,8,5,0
0,0,0,10,10,13,12,29,51,65,65,56,55,30,19,14,37,21,12,11,11,4,5,0
0,0,0,4,7,9,13,31,50,59,76,87,68,46,24,13,46,39,22,13,7,12,8,0
0,0,0,0,5,6,8,13,42,52,49,65,63,48,13,13,12,19,12,13,13,5,9,5
2,5,3,2,4,8,6,14,14,50,54,58,58,40,9,10,10,10,7,10,9,0,7,0
5,5,3,0,7,6,12,13,7,12,39,46,53,25,9,2,0,8,13,7,1,3,3,7
6,6,0,1,8,0,1,3,1,14,31,12,14,14,3,0,2,9,8,3,4,11,3,0
6,0,7,6,5,0,2,7,7,10,9,10,3,13,0,0,0,9,5,11,10,4,10,4

0,0,0,0,0,0,0,0,0,0,0,0,0,2,0,0,0,7,0,0,0,0,0,0
0,0,0,0,0,0,0,0,0,0,0,0,8,11,6,7,11,0,0,0,0,0,0,0
0,0,0,0,0,0,0,0,0,6,26,62,109,113,79,54,23,14,8,3,0,0,4,0
2,0,0,0,0,0,0,0,4,11,58,98,120,144,139,65,51,27,11,0,0,0,0,0
0,0,0,0,0,0,0,0,5,0,10,64,109,81,82,54,25,9,23,15,0,0,0,0
0,0,0,0,0,5,2,0,4,36,11,53,63,63,52,26,31,5,7,0,3,0,0,0
0,0,2,0,3,13,0,0,11,5,13,69,84,87,70,56,12,50,3,6,9,0,0,0
0,0,0,0,11,19,0,14,10,61,81,92,85,87,92,90,78,74,64,51,10,8,0,0
0,0,0,5,43,4,52,62,81,83,92,96,103,98,108,112,116,102,82,66,54,14,0,0
0,0,4,1,52,59,67,84,76,87,106,117,118,133,139,140,138,111,82,82,67,54,12,4
0,0,1,8,53,64,78,100,90,113,133,126,142,166,167,168,155,128,105,68,59,58,33,13
0,0,0,14,63,61,55,104,119,135,146,142,142,182,193,183,161,119,88,62,57,60,53,0
0,0,1,34,75,72,46,78,106,125,138,154,160,169,180,176,141,82,75,50,50,59,59,7
0,1,43,54,60,65,56,65,99,109,132,147,147,148,174,170,137,109,106,61,12,66,64,63
0,0,9,51,54,53,50,45,56,63,100,133,141,136,154,150,131,110,102,33,28,49,72,55
0,0,5,62,88,73,38,10,52,60,72,101,128,120,119,125,104,110,75,14,6,40,49,54
0,0,14,46,78,68,14,6,13,55,77,87,119,76,75,86,76,71,72,10,0,9,52,54
6,12,17,24,44,52,37,21,35,58,92,101,98,87,93,119,103,63,49,28,13,11,32,30
0,2,10,11,41,52,7,12,50,83,119,136,129,92,113,147,134,102,64,72,23,7,10,13
0,2,6,7,17,13,7,17,73,95,131,160,164,139,151,176,186,154,129,112,51,13,13,13
0,1,0,0,7,9,27,20,63,91,138,166,166,150,180,216,223,201,155,106,47,11,11,11
0,0,1,2,7,11,34,50,110,143,180,203,213,236,258,286,259,233,168,130,69,30,21,24
0,5,11,8,9,14,29,54,101,147,214,224,231,217,249,276,259,212,149,124,97,22,14,12
1,0,6,5,10,60,78,101,111,142,175,217,235,206,225,252,248,216,147,120,104,57,50,12
0,1,2,0,9,14,71,65,105,118,145,177,194,178,179,213,200,151,126,108,69,38,25,14
8,8,6,8,10,3,9,11,101,105,118,143,146,128,137,142,137,119,104,84,14,31,32,7
0,0,0,8,4,3,0,12,27,101,102,104,104,82,104,102,101,74,65,50,13,12,4,11
0,5,6,0,0,0,0,10,0,52,83,100,54,59,61,56,27,58,28,14,27,9,12,8
2,0,0,0,0,0,0,12,4,29,55,53,52,13,13,43,9,35,23,11,6,6,7,9
3,0,0,0,0,0,0,10,12,9,52,48,41,14,19,6,11,19,23,12,7,7,8,3
5,0,0,3,0,0,12,14,28,14,50,41,28,14,14,2,12,30,13,12,9,4,6,9
0,0,0,0,0,0,4,12,11,11,14,52,45,10,0,4,8,9,7,8,4,0,0,0
8,1,0,0,0,0,11,10,17,48,51,54,53,1,9,14,13,12,3,8,2,0,0,0
0,1,0,0,0,0,12,30,32,50,66,80,64,51,36,14,15,8,6,3,0,0,1,0
0,0,0,0,0,6,13,24,35,51,118,266,115,53,50,27,13,11,13,2,0,2,8,9
5,0,0,0,0,0,10,14,32,53,89,143,93,51,35,26,15,12,10,10,1,5,6,0
0,0,1,1,1,6,10,12,11,58,72,63,52,33,13,14,27,8,9,12,9,8,5,0
0,0,0,10,10,13,12,29,51,65,65,56,55,30,19,15,37,21,12,11,11,4,5,0
0,0,0,4,7,9,14,31,50,59,76,87,68,45,23,13,45,39,21,13,7,12,8,0
0,0,0,0,5,6,8,13,42,52,48,65,62,50,13,13,12,19,12,13,13,5,8,5
2,5,3,2,4,8,7,14,14,50,54,58,57,40,9,10,10,10,7,10,9,0,7,0
5,4,3,0,7,6,12,13,7,13,39,47,54,22,9,2,0,8,13,7,1,2,3,7
6,6,0,1,8,0,1,3,1,14,31,12,14,14,3,0,2,9,8,3,4,11,3,0
6,0,7,6,5,0,2,7,7,10,9,9,3,13,0,0,0,9,4,11,10,4,10,4

0,0,0,0,0,0,0,0,0,0,0,0,0,2,0,0,0,7,0,0,0,0,0,0
0,0,0,0,0,0,0,0,0,0,0,0,9,11,6,7,11,0,0,0,0,0,0,0
0,0,0,0,0,0,0,0,0,6,29,62,109,113,80,54,23,14,8,3,0,0,4,0
2,0,0,0,0,0,0,0,4,11,59,98,120,146,140,65,52,27,11,0,0,0,0,0
0,0,0,0,0,0,0,0,5,0,10,64,110,81,83,54,25,9,23,15,0,0,0,0
0,0,0,0,0,5,2,0,4,36,11,53,63,63,52,26,32,5,7,0,3,0,0,0
0,0,2,0,3,13,0,0,11,5,13,69,84,87,70,56,12,50,3,6,9,0,0,0
0,0,0,0,10,19,0,14,10,61,81,92,85,87,91,89,78,74,64,51,10,8,0,0
0,0,0,4,41,4,52,61,81,82,91,96,103,98,107,111,115,101,82,65,54,14,0,0
0,0,4,1,52,59,67,84,76,87,106,117,117,132,138,137,137,110,82,82,67,54,12,4
0,0,1,8,53,64,78,100,90,112,132,126,141,164,164,165,153,127,104,68,59,58,33,13
0,0,0,14,63,61,55,104,119,135,145,140,141,180,191,181,160,119,88,62,57,60,53,0
0,0,1,33,75,72,45,79,106,125,138,153,158,167,178,175,140,82,75,50,50,59,59,7
0,1,43,54,60,66,56,65,100,109,132,147,147,148,174,170,137,109,106,61,12,66,64,63
0,0,9,52,54,53,50,45,56,63,100,133,142,136,155,150,131,111,102,33,28,49,72,55
0,0,5,62,89,73,40,10,53,60,73,101,129,121,119,125,105,110,75,14,6,40,50,55
0,0,14,47,79,68,15,6,13,55,77,87,118,76,76,86,77,71,73,10,0,9,52,54
6,12,17,24,44,53,37,21,36,58,93,101,97,87,92,119,103,63,49,28,13,11,32,30
0,3,10,11,44,52,7,12,50,83,119,136,128,92,113,148,134,102,64,73,23,7,10,13
0,2,6,7,17,13,7,17,73,95,131,159,164,138,151,176,187,154,129,112,51,13,13,13
0,0,0,0,7,9,27,20,64,91,138,167,166,150,180,217,224,201,155,106,47,12,11,11
0,0,1,3,7,11,34,50,110,143,180,203,213,237,259,287,261,234,168,130,70,30,21,24
0,5,11,8,9,14,29,55,100,147,214,225,231,217,249,276,259,213,149,124,98,22,15,12
1,0,5,5,10,59,78,101,111,142,175,217,235,206,225,252,249,216,147,120,104,57,50,12
0,1,2,0,9,16,71,67,105,118,144,176,194,178,180,213,200,152,126,108,69,38,26,14
8,8,6,8,10,3,9,11,101,105,118,142,146,128,137,142,137,119,104,83,14,31,33,7
0,0,0,8,4,4,0,12,26,100,102,104,104,81,104,102,101,74,65,50,14,12,4,11
0,5,6,0,0,0,0,10,0,52,85,101,55,59,61,57,27,60,29,13,28,9,12,8
2,0,0,0,0,0,0,12,4,29,55,53,52,13,12,44,8,35,23,11,6,6,7,9
3,0,0,0,0,0,0,10,12,9,52,48,41,14,19,6,11,19,23,12,7,7,8,3
5,0,0,3,0,0,12,14,28,14,50,41,28,14,14,2,12,30,13,12,9,4,6,9
0,0,0,0,0,0,4,12,11,11,14,52,45,9,0,4,8,9,7,8,4,0,0,0
8,1,0,0,0,0,11,10,17,49,51,54,53,1,9,14,13,12,3,8,2,0,0,0
0,1,0,0,0,0,12,30,33,50,66,81,64,51,35,14,15,8,6,3,0,0,0,0
0,0,0,0,0,6,13,25,35,51,118,266,115,53,50,27,13,11,13,2,0,2,8,9
5,0,0,0,0,0,10,14,33,53,88,143,93,51,35,26,15,12,10,10,1,5,6,0
0,0,1,2,1,6,10,12,11,58,72,63,52,33,13,14,27,8,9,11,9,8,5,0
0,0,0,10,10,13,12,29,51,65,65,56,55,30,19,14,36,22,12,11,11,4,5,0
0,0,0,4,7,9,14,30,50,59,76,87,68,46,23,13,46,39,22,13,7,12,7,0
0,0,0,0,5,6,8,13,42,52,49,65,62,50,13,13,12,19,12,13,13,5,8,5
2,5,3,2,4,8,7,14,14,50,55,58,58,40,9,10,10,10,7,10,9,0,7,0
5,5,3,0,7,6,12,13,7,12,39,48,53,22,9,2,0,8,13,7,1,2,3,7
6,6,0,1,8,0,1,3,1,14,31,12,14,14,3,0,2,9,7,4,4,11,3,0
6,0,7,6,5,0,2,7,7,10,9,9,3,13,0,0,0,9,4,11,10,4,10,4

0,0,0,0,0,0,0,0,0,0,0,0,0,3,0,0,0,7,0,0,0,0,0,0
0,0,0,0,0,0,0,0,0,0,0,0,9,12,6,8,11,0,0,0,0,1,0,0
0,0,0,0,0,0,0,0,0,6,33,63,110,114,82,54,24,14,8,4,0,0,4,0
2,0,0,0,0,0,0,0,4,11,61,99,121,147,142,65,52,27,11,0,0,0,0,0
0,0,0,0,0,0,0,0,5,0,15,64,110,82,84,55,29,10,23,16,0,0,0,0
0,0,0,0,0,5,2,0,4,38,11,53,63,63,52,27,33,6,7,0,3,0,0,0
0,0,2,0,3,13,0,0,11,5,13,69,84,87,70,56,12,50,2,6,9,0,0,0
0,0,0,0,10,17,0,14,10,61,81,92,85,86,91,89,78,74,64,50,10,8,0,0
0,0,0,4,41,4,52,61,81,82,91,96,102,96,106,110,115,101,82,65,54,14,0,0
0,0,3,1,52,59,67,84,76,87,106,117,116,131,137,137,137,110,82,82,67,54,12,4
0,0,1,8,53,64,78,99,90,113,132,125,140,162,162,164,153,127,104,68,59,58,33,13
0,0,0,14,63,61,55,104,119,135,145,140,140,179,190,180,160,119,88,62,57,60,53,0
0,0,1,33,74,72,46,79,106,125,138,153,158,167,178,175,141,83,76,50,50,59,59,7
0,1,44,54,60,66,56,65,99,109,132,147,147,148,174,170,138,109,106,61,12,66,64,63
0,0,9,51,54,53,50,45,56,64,100,134,142,136,155,151,132,111,102,34,28,49,72,55
0,0,5,62,89,74,40,10,53,60,73,102,129,121,120,126,105,110,75,14,7,41,50,55
0,0,14,47,79,68,15,6,13,55,77,87,118,76,76,85,77,71,73,10,0,9,52,54
6,12,17,24,44,53,37,21,36,58,92,101,97,86,93,119,103,63,49,28,13,11,32,30
0,3,10,11,43,52,7,12,50,83,119,135,128,92,113,147,133,102,64,72,23,7,10,13
0,2,6,8,17,13,7,17,73,95,131,159,163,138,150,176,186,154,129,112,51,13,13,13
0,1,0,0,7,9,27,22,64,91,138,166,165,150,180,217,224,201,155,106,47,12,11,11
0,0,1,3,7,11,34,50,110,143,181,203,214,238,260,287,260,234,168,130,70,31,21,24
0,5,11,8,9,14,29,54,101,147,215,225,232,218,249,277,259,213,149,124,98,23,15,12
1,0,5,5,10,60,78,101,111,142,175,217,236,206,225,252,249,216,148,120,104,57,50,12
0,1,2,0,9,16,72,67,105,118,144,176,194,177,180,213,200,151,126,108,69,38,26,14
8,8,6,8,10,3,9,11,101,105,118,142,146,128,137,142,137,119,104,83,14,32,33,7
0,0,0,8,4,3,0,12,26,101,102,103,104,82,104,102,101,73,65,50,14,12,4,11
0,5,6,0,0,0,0,10,0,52,83,100,55,60,61,57,28,60,29,13,28,9,12,8
2,0,0,0,0,0,0,13,4,29,55,53,52,13,12,44,8,34,23,10,6,6,7,9
3,0,0,0,0,0,0,10,12,9,52,48,41,14,19,6,11,19,24,12,7,7,8,4
5,0,0,3,0,0,12,14,28,14,50,41,28,14,14,2,12,30,13,12,9,4,7,9
0,0,0,0,0,0,4,12,11,11,14,52,47,9,0,4,8,9,7,8,4,0,0,0
8,1,0,0,0,0,11,10,17,49,51,54,53,1,9,14,13,12,3,8,2,0,0,0
0,1,0,0,0,0,12,31,31,50,66,80,64,51,36,14,15,8,6,3,0,0,1,0
0,0,0,0,0,6,13,23,35,51,118,266,115,54,50,27,13,11,13,1,0,2,8,9
5,0,0,0,0,0,10,14,32,53,88,143,93,51,35,26,15,12,10,10,1,5,6,0
0,0,1,1,1,6,10,12,11,58,72,63,52,32,13,14,27,8,9,12,9,8,5,0
0,0,0,10,10,13,12,30,51,65,65,56,55,30,19,15,36,22,12,11,11,4,5,0
0,0,0,4,7,9,14,31,50,59,76,87,68,46,23,13,45,39,21,13,7,12,7,0
0,0,0,0,5,6,8,13,43,52,49,65,62,48,13,13,12,19,12,13,13,5,8,5
2,5,3,2,4,8,6,14,14,50,54,58,57,38,9,10,9,10,7,10,9,0,7,0
5,5,3,0,7,6,12,13,7,13,39,48,54,24,9,2,0,8,13,7,1,2,3,7
6,6,0,1,8,0,2,3,1,14,31,12,14,14,3,0,2,9,7,4,4,11,3,0
6,0,7,6,5,0,2,7,7,10,9,9,3,13,0,0,0,9,4,11,10,4,10,4

0,0,0,0,0,0,0,0,0,0,0,0,0,3,0,0,0,7,0,0,0,0,0,0
0,0,0,0,0,0,0,0,0,0,0,0,9,12,6,8,11,0,0,0,0,1,0,0
0,0,0,0,0,0,0,0,0,6,31,63,110,115,82,54,24,14,8,4,0,0,4,0
2,0,0,0,0,0,0,0,5,11,61,99,121,148,142,65,52,27,11,0,0,0,0,0
0,0,0,0,0,0,0,0,5,0,17,65,110,82,83,55,28,10,23,16,0,0,0,0
0,0,0,0,0,5,2,0,4,38,11,53,64,63,52,27,33,5,7,0,3,0,0,0
0,0,2,0,3,13,0,0,11,5,13,69,85,87,70,56,12,48,2,6,9,0,0,0
0,0,0,0,10,17,0,14,9,61,81,92,85,86,91,89,78,74,64,50,10,8,0,0
0,0,0,4,39,4,52,61,81,82,91,96,102,97,106,110,115,101,82,65,54,13,0,0
0,0,3,1,52,59,67,84,76,87,106,117,116,131,137,137,137,110,82,82,67,53,12,4
0,0,1,8,53,64,78,100,90,113,132,125,140,162,163,164,153,127,104,68,59,58,33,13
0,0,0,14,63,61,55,104,119,135,145,140,140,179,190,181,161,119,88,62,57,60,53,0
0,0,1,33,74,72,45,79,106,125,138,153,158,167,178,175,141,83,76,50,50,59,59,7
0,1,44,54,60,66,56,66,99,109,132,147,147,149,174,170,138,109,106,61,12,66,64,64
0,0,9,51,54,53,50,47,56,63,100,134,142,136,155,151,132,111,102,35,29,49,72,56
0,0,5,62,89,74,40,10,53,60,73,102,129,121,120,126,105,110,75,14,7,41,50,55
0,0,14,46,79,68,15,6,13,55,77,87,118,75,75,85,76,71,73,10,0,9,52,54
6,12,17,24,44,53,37,21,36,58,92,101,97,87,93,119,103,63,49,29,13,11,32,30
0,3,10,11,43,52,7,12,50,83,119,135,128,92,113,148,134,102,64,73,23,7,10,13
0,2,6,8,17,13,7,18,73,95,131,159,163,138,150,176,187,154,129,112,51,13,13,13
0,1,0,0,7,9,27,22,64,92,138,166,166,150,180,217,224,201,155,106,47,12,11,11
0,0,1,3,7,11,35,51,110,143,181,204,214,238,260,287,261,234,169,130,71,31,22,24
0,5,11,8,9,14,29,54,101,147,215,225,232,218,250,277,260,213,149,124,98,22,15,12
1,0,6,5,10,60,78,101,111,142,175,217,236,205,226,252,249,217,148,120,104,57,50,12
0,1,2,0,9,16,72,67,105,118,144,176,194,178,179,214,200,151,126,108,68,38,26,14
8,8,6,8,10,3,9,12,101,105,118,142,146,128,137,142,137,119,104,84,14,32,33,7
0,0,0,8,4,3,0,12,26,101,102,103,104,82,104,102,101,73,64,50,14,12,4,11
0,5,6,0,0,0,0,10,0,52,84,100,55,60,62,57,28,60,29,13,28,9,12,8
2,0,0,0,0,0,0,13,4,29,55,53,52,13,12,43,8,35,23,10,6,6,7,9
3,0,0,0,0,0,0,10,12,9,52,48,42,14,19,6,11,19,23,12,7,7,8,3
5,0,0,3,0,0,12,14,28,14,50,41,28,14,14,2,12,30,13,12,9,4,7,9
0,0,0,0,0,0,4,12,11,11,14,52,47,9,0,4,8,9,7,8,4,0,0,0
8,1,0,0,0,0,11,10,17,49,51,54,53,1,9,14,13,12,3,8,2,0,0,0
0,1,0,0,0,0,12,30,31,50,66,80,64,51,36,14,15,8,6,3,0,0,1,0
0,0,0,0,0,6,13,24,35,51,118,266,115,53,50,27,13,11,13,1,0,2,8,9
5,0,0,0,0,0,10,14,33,53,88,143,93,51,36,27,15,12,10,10,1,5,6,0
0,0,1,1,1,6,10,12,11,58,72,63,52,32,13,14,27,8,9,11,9,8,5,0
0,0,0,10,10,13,12,30,51,65,65,56,55,30,19,14,38,22,12,11,11,4,5,0
0,0,0,4,7,9,14,31,50,59,76,87,68,44,22,13,43,39,22,13,7,11,8,0
0,0,0,0,5,6,8,13,43,52,49,65,62,50,13,13,12,19,12,13,13,5,8,5
2,6,3,2,4,8,7,14,14,50,54,58,58,39,9,10,10,10,7,10,9,0,7,0
5,5,3,0,7,6,12,13,7,13,40,47,54,22,9,2,0,8,13,7,1,3,3,7
6,6,0,1,8,0,1,3,1,14,31,12,14,14,3,0,2,9,7,4,4,11,3,0
6,0,7,6,5,0,2,7,7,10,9,10,3,13,0,0,0,9,4,11,10,4,10,4
0,0,0,0,0,0,6,0,0,0,1,0,0,0,0,0,0,0,0,0,0,0,0,0
0,0,0,0,0,0,0,10,7,6,9,7,0,0,0,0,0,0,0,0,0,0,0,0
0,3,0,0,1,7,14,22,53,80,112,108,59,14,4,0,0,0,0,0,0,0,0,0
0,0,0,0,0,10,25,51,64,136,142,117,96,54,10,3,0,0,0,0,0,0,0,2
0,0,0,0,14,21,7,18,54,82,79,108,63,9,0,4,0,0,0,0,0,0,0,0
0,0,0,2,0,6,5,30,24,52,63,64,52,10,35,4,0,2,5,0,0,0,0,0
0,0,0,8,6,3,50,12,56,71,89,86,70,12,5,11,0,0,13,3,0,2,0,0
0,0,7,10,50,64,74,78,90,92,89,87,93,81,61,10,14,0,19,11,0,0,0,0
0,0,13,53,65,82,101,116,111,108,99,104,97,92,83,82,62,52,4,41,4,0,0,0
4,12,53,67,82,82,110,136,137,138,133,118,118,107,88,77,85,67,59,52,1,4,0,0
13,32,58,59,68,104,126,152,164,164,164,141,126,132,113,90,100,78,64,53,8,1,0,0
0,52,60,57,61,88,118,159,179,190,179,141,141,146,136,120,105,55,61,63,14,0,0,0
7,58,59,50,49,75,81,139,173,177,166,158,153,138,126,106,79,45,72,74,33,1,0,0
63,64,65,12,59,106,108,136,167,172,147,146,146,132,110,100,66,55,65,60,55,42,1,0
55,72,48,26,31,102,110,129,149,151,135,141,133,101,64,56,45,50,53,54,51,9,0,0
55,49,40,6,14,73,110,103,124,118,120,128,101,73,60,52,10,40,73,88,62,5,0,0
54,52,9,1,9,73,71,75,84,75,75,118,87,77,55,13,6,14,68,79,46,14,0,0
30,32,11,13,27,48,61,99,116,92,86,96,100,92,58,36,19,36,52,44,24,17,12,6
13,9,7,21,69,63,99,131,145,112,91,127,135,118,81,50,11,7,51,41,11,10,2,0
13,13,13,50,111,127,150,182,172,149,137,160,156,130,93,71,14,7,13,15,7,6,1,0
10,11,11,47,106,153,197,219,213,178,148,162,161,136,89,62,16,26,9,7,0,0,0,0
24,21,30,69,129,166,231,255,282,252,231,206,197,175,140,108,49,33,11,7,3,1,0,0
12,14,22,96,124,148,209,254,272,246,214,227,220,208,145,100,53,27,13,8,8,10,5,0
12,50,57,104,120,148,216,247,251,224,205,233,214,173,141,110,101,76,59,10,5,5,0,1
15,27,38,70,108,126,152,202,214,179,177,194,176,144,118,105,61,65,14,9,0,2,1,0
7,37,31,14,83,104,119,137,141,137,127,146,143,118,105,100,10,7,2,10,8,6,8,8
11,5,12,13,51,65,77,101,102,104,79,104,104,102,100,22,12,0,4,4,8,0,0,0
8,12,9,30,18,31,68,32,54,63,59,55,101,82,50,0,11,0,0,0,0,6,5,0
9,8,6,8,15,23,36,10,38,13,14,52,52,55,26,3,12,0,0,0,0,0,0,2
4,8,7,7,13,25,24,12,6,20,14,41,47,51,8,12,10,0,0,0,0,0,0,3
9,6,3,10,13,13,32,12,2,14,14,27,40,50,14,26,14,11,0,0,3,0,0,5
0,0,0,6,9,6,9,7,4,0,9,47,52,14,10,10,12,3,0,0,0,0,0,0
0,0,0,2,8,3,13,13,14,9,1,53,54,51,47,16,9,11,0,0,0,0,1,8
0,1,0,0,4,5,8,15,14,36,51,64,81,66,50,32,28,12,0,0,0,0,1,0
9,8,3,0,5,13,11,12,26,50,54,114,264,118,51,35,22,13,5,0,0,0,0,0
0,6,5,3,10,10,13,15,26,35,51,92,142,88,53,32,13,10,0,0,0,0,0,5
0,6,9,10,12,9,8,28,14,13,34,52,63,72,58,11,12,10,6,1,1,1,0,0
0,6,5,12,11,12,21,38,14,19,30,55,56,65,65,51,28,12,13,10,9,0,0,0
0,8,12,8,13,22,39,46,14,23,45,68,87,76,59,50,30,13,9,7,3,0,0,0
5,9,5,13,13,12,21,12,13,13,47,63,66,49,52,41,13,8,6,5,0,0,0,0
0,8,0,8,10,8,10,10,10,9,38,58,58,55,50,13,14,6,8,4,2,3,5,2
7,3,3,0,6,13,8,0,2,9,24,53,46,39,12,7,13,12,6,7,0,3,5,5
0,3,12,4,3,8,9,2,0,3,14,13,12,30,14,1,3,1,0,8,1,0,6,6
4,10,4,10,12,6,10,1,0,0,13,3,9,8,10,7,7,2,0,5,6,7,0,6

0,0,0,0,0,0,6,0,0,0,1,0,0,0,0,0,0,0,0,0,0,0,0,0
0,0,0,0,0,0,0,10,7,6,9,8,0,0,0,0,0,0,0,0,0,0,0,0
0,3,0,0,2,7,14,22,53,80,113,109,60,17,5,0,0,0,0,0,0,0,0,0
0,0,0,0,0,10,26,51,64,136,142,118,97,56,10,4,0,0,0,0,0,0,0,2
0,0,0,0,14,21,8,18,54,81,79,108,63,10,0,5,0,0,0,0,0,0,0,0
0,0,0,2,0,6,5,30,24,51,63,64,52,11,35,4,0,2,5,0,0,0,0,0
0,0,0,8,6,2,50,12,56,71,89,85,69,12,5,11,0,0,13,3,0,2,0,0
0,0,7,10,50,64,74,78,90,92,88,86,93,81,61,10,14,0,19,11,0,0,0,0
0,0,13,53,65,82,101,116,111,107,98,104,97,92,83,81,62,52,4,41,4,0,0,0
4,12,53,67,82,82,110,136,137,138,133,118,117,107,88,77,85,67,59,52,1,4,0,0
13,33,58,59,68,104,126,152,165,164,164,141,126,132,113,90,100,78,64,53,8,1,0,0
0,52,60,57,61,88,118,160,180,190,180,141,141,146,136,120,105,55,61,63,14,0,0,0
7,58,59,50,49,75,82,139,174,178,167,159,154,138,126,106,79,45,72,75,32,1,0,0
63,64,65,12,60,106,109,136,168,173,148,147,147,132,110,100,67,56,66,60,55,43,1,0
55,72,48,26,31,102,110,130,149,153,135,141,134,101,64,56,45,50,53,54,51,9,0,0
55,49,40,6,14,73,110,104,124,118,120,128,101,73,60,53,10,38,74,88,62,5,0,0
54,52,9,1,9,72,71,75,84,75,75,117,86,77,55,13,6,14,68,79,46,14,0,0
30,32,11,13,27,48,61,99,115,91,85,96,100,92,58,35,20,36,52,44,24,17,12,6
13,9,7,22,69,63,99,131,145,112,91,127,135,118,82,50,11,7,52,43,11,10,2,0
13,13,13,50,111,127,150,182,172,149,137,161,157,130,93,71,15,7,13,16,7,6,1,0
11,11,11,47,106,153,197,219,213,177,148,163,163,136,90,62,18,26,9,7,0,0,0,0
24,21,30,70,129,166,231,256,282,253,233,208,199,177,141,109,50,33,11,7,3,1,0,0
12,14,22,96,124,148,210,255,273,247,215,229,221,210,146,100,53,28,13,9,8,10,5,0
12,50,57,104,120,147,215,248,251,225,206,235,216,174,141,110,101,76,60,10,5,5,0,1
14,26,37,69,108,126,151,201,214,179,178,194,177,144,118,105,62,69,15,9,0,2,1,0
7,36,31,14,83,103,119,136,141,136,127,146,143,118,105,100,11,8,3,10,8,6,8,8
11,5,12,13,51,67,75,101,102,104,81,104,104,102,100,22,12,0,4,4,8,0,0,0
8,12,9,30,16,31,66,31,54,62,59,55,101,82,50,0,10,0,0,0,0,6,5,0
10,8,6,8,14,23,36,9,38,13,13,52,52,55,26,3,12,0,0,0,0,0,0,2
4,8,7,7,13,25,23,12,6,19,14,41,47,51,8,12,10,0,0,0,0,0,0,3
9,6,4,10,13,13,32,12,2,13,14,28,40,50,14,27,14,11,0,0,3,0,0,5
0,0,0,6,9,6,9,7,4,0,9,45,52,14,11,10,12,3,0,0,0,0,0,0
0,0,0,2,8,3,12,13,14,9,1,53,54,51,47,16,9,11,0,0,0,0,1,8
0,1,0,0,4,5,8,14,14,35,51,64,81,66,50,31,27,12,0,0,0,0,1,0
9,8,2,0,4,13,11,12,26,50,53,114,262,117,51,35,22,13,5,0,0,0,0,0
0,6,5,3,10,10,13,14,26,36,51,92,142,88,53,32,13,10,0,0,0,0,0,5
0,6,9,10,12,9,8,28,14,13,33,52,63,72,58,11,12,10,6,1,1,1,0,0
0,6,4,12,11,12,21,37,14,19,29,55,56,65,65,51,27,12,13,10,9,0,0,0
0,8,12,8,13,22,39,46,13,24,45,68,87,76,59,50,29,13,9,7,3,0,0,0
5,9,5,13,13,12,20,12,13,13,47,62,65,49,52,41,13,8,6,5,0,0,0,0
0,8,0,7,10,8,10,10,10,9,37,58,58,54,50,13,14,6,8,4,2,3,5,2
7,3,3,0,6,13,8,0,2,9,22,53,45,39,12,7,13,12,6,7,0,3,4,5
0,3,11,4,3,8,9,2,0,3,14,14,12,30,14,1,3,1,0,8,1,0,6,6
4,10,4,10,12,6,10,1,0,0,13,3,9,9,9,7,7,2,0,5,6,7,0,6

0,0,0,0,0,0,6,0,0,0,1,0,0,0,0,0,0,0,0,0,0,0,0,0
0,0,0,0,0,0,0,10,7,7,10,8,0,0,0,0,0,0,0,0,0,0,0,0
0,3,0,0,2,7,14,22,53,79,113,109,61,20,5,0,0,0,0,0,0,0,0,0
0,0,0,0,0,10,26,51,64,136,143,118,97,55,10,4,0,0,0,0,0,0,0,2
0,0,0,0,14,21,8,19,54,82,79,109,63,10,0,5,0,0,0,0,0,0,0,0
0,0,0,2,0,6,5,30,24,51,63,64,52,11,35,4,0,2,5,0,0,0,0,0
0,0,0,8,6,2,51,12,56,71,88,85,70,13,5,11,0,0,13,3,0,2,0,0
0,0,8,10,50,64,74,78,90,92,88,87,93,81,61,10,14,0,19,11,0,0,0,0
0,0,13,53,65,82,101,116,111,108,99,104,97,92,83,81,62,52,4,42,4,0,0,0
4,12,53,67,82,82,110,137,138,139,133,118,118,107,88,77,84,67,59,52,1,4,0,0
13,33,58,59,68,104,126,153,166,165,165,142,126,133,114,90,100,78,64,53,8,1,0,0
0,52,60,57,61,88,119,160,181,191,180,141,141,146,136,120,105,55,61,64,14,0,0,0
7,59,59,50,49,75,82,139,174,178,167,158,154,138,126,106,79,46,72,75,33,1,0,0
63,64,65,12,59,106,109,136,168,172,148,147,147,132,110,100,66,56,66,60,54,42,1,0
55,72,48,26,31,102,110,130,148,152,135,141,133,101,64,56,45,50,53,54,51,9,0,0
55,49,40,6,14,74,110,103,124,118,120,128,101,73,60,53,10,37,73,88,62,5,0,0
54,52,9,1,10,72,71,75,85,75,75,117,87,77,55,13,6,14,68,79,47,14,0,0
29,32,11,13,28,48,62,100,117,92,86,97,100,92,58,36,20,36,53,44,24,17,12,6
13,9,7,22,70,63,100,131,146,112,91,127,135,118,82,50,12,7,51,41,11,10,2,0
13,13,13,50,112,128,151,183,173,149,137,162,158,130,94,72,14,7,13,16,7,6,1,0
11,11,11,47,106,153,198,220,213,178,149,164,164,137,90,63,19,26,9,7,0,0,0,0
24,21,30,69,129,166,231,256,282,254,234,210,200,178,141,109,50,33,11,7,3,1,0,0
12,14,22,96,124,148,210,255,273,247,216,230,222,211,146,100,54,28,14,9,8,11,5,0
12,50,57,104,120,147,215,247,251,225,207,236,217,174,142,111,101,76,59,10,5,6,0,1
14,26,37,70,108,126,152,201,214,180,178,195,177,145,118,105,64,69,15,9,0,2,1,0
7,34,31,14,82,104,119,137,141,137,128,146,143,118,105,100,11,8,3,10,8,6,8,8
11,5,12,13,51,65,75,101,102,104,80,104,104,102,100,24,12,0,4,4,8,0,0,0
8,12,9,29,14,29,65,31,54,62,59,55,101,83,50,0,11,0,0,0,0,6,5,0
9,8,6,8,14,23,36,9,38,13,13,51,52,55,26,4,12,0,0,0,0,0,0,2
4,8,7,7,13,24,23,12,6,19,14,41,47,52,8,12,10,0,0,0,0,0,0,3
9,6,4,10,13,13,32,12,2,13,14,28,40,50,14,27,14,11,0,0,3,0,0,5
0,0,0,5,8,6,9,7,4,0,9,45,52,14,11,10,12,3,0,0,0,0,0,0
0,0,0,2,8,3,12,13,14,9,1,53,54,51,48,16,10,11,0,0,0,0,1,8
0,1,0,0,4,5,8,15,14,35,51,64,81,66,50,31,29,12,0,0,0,0,1,0
9,8,2,0,4,13,11,12,26,50,54,114,263,118,51,35,22,13,5,0,0,0,0,0
0,6,5,3,10,10,12,15,26,34,51,92,142,88,53,32,13,10,0,0,0,0,0,5
0,6,9,10,12,9,8,28,14,13,35,52,63,72,58,11,12,10,6,1,1,1,0,0
0,6,4,12,11,12,21,37,14,18,30,55,56,64,65,51,28,12,13,10,9,0,0,0
0,8,12,8,13,22,39,47,13,24,45,68,87,76,59,50,29,13,9,7,3,0,0,0
5,9,5,13,13,12,20,12,13,13,48,62,65,48,52,40,13,8,6,5,0,0,0,0
0,8,0,7,10,8,10,10,10,9,38,58,58,54,50,13,14,6,8,4,2,3,5,2
7,3,2,0,6,13,8,0,2,9,21,53,44,38,12,7,13,12,6,7,0,3,4,5
0,3,11,4,3,8,9,2,0,3,14,14,12,28,14,1,3,1,0,8,1,0,6,6
4,10,4,10,11,6,10,1,0,0,13,3,9,8,10,7,7,2,0,5,6,7,0,6

0,0,0,0,0,0,6,0,0,0,2,0,0,0,0,0,0,0,0,0,0,0,0,0
0,0,0,0,0,0,0,10,7,6,10,8,0,0,0,0,0,0,0,0,0,0,0,0
0,3,0,0,2,7,14,22,53,78,112,109,61,20,5,0,0,0,0,0,0,0,0,0
0,0,0,0,0,10,26,51,64,136,143,119,98,55,10,4,0,0,0,0,0,0,0,2
0,0,0,0,14,21,8,19,54,82,80,109,63,9,0,5,0,0,0,0,0,0,0,0
0,0,0,3,0,6,5,29,24,51,63,63,52,11,35,4,0,2,5,0,0,0,0,0
0,0,0,9,6,3,50,12,56,71,88,85,69,12,5,11,0,0,13,3,0,2,0,0
0,0,8,10,50,64,74,78,90,92,87,85,92,81,61,10,14,0,19,11,0,0,0,0
0,0,13,54,65,82,102,116,112,108,98,103,97,92,83,82,62,52,4,43,4,0,0,0
4,12,53,67,82,82,110,138,139,139,133,118,117,107,88,77,85,67,59,52,1,4,0,0
13,32,58,59,68,104,127,155,168,167,165,142,127,133,114,91,100,78,64,53,8,1,0,0
0,52,60,57,61,88,119,161,182,193,181,142,142,147,136,120,105,55,61,63,14,0,0,0
7,59,59,50,49,75,82,139,175,179,167,159,155,138,126,106,79,45,72,75,34,1,0,0
63,64,65,12,59,106,109,136,168,173,148,146,146,132,110,99,66,56,65,60,55,43,1,0
55,72,48,27,31,102,110,129,148,152,135,140,132,100,63,56,45,50,53,54,51,9,0,0
55,49,40,6,14,74,109,103,123,118,119,127,100,72,60,52,10,37,73,88,62,5,0,0
54,52,9,1,9,72,71,75,85,75,75,118,87,77,55,13,6,14,68,79,46,14,0,0
29,32,11,13,28,48,62,101,118,92,87,97,101,92,58,35,20,36,52,44,24,17,12,6
13,9,7,22,72,63,101,132,146,112,91,128,135,119,82,50,11,7,51,43,11,10,3,0
13,13,13,51,112,128,152,184,174,150,138,163,159,131,94,72,15,7,13,16,7,6,1,0
11,11,11,47,106,153,198,220,214,179,149,165,165,137,90,62,19,26,9,7,0,0,0,0
24,21,30,69,129,167,232,257,282,254,234,211,200,178,142,109,50,33,11,7,3,1,0,0
12,14,22,97,124,148,211,255,273,247,215,229,222,211,146,100,54,28,14,9,8,11,5,0
12,50,57,104,120,147,215,248,251,225,206,235,217,175,142,111,101,78,60,10,5,6,0,1
14,26,37,69,108,126,152,201,214,179,178,195,177,145,118,105,63,67,14,9,0,2,1,0
7,34,30,14,83,104,119,137,142,137,128,146,143,118,105,100,11,8,3,10,8,6,8,8
11,5,12,13,50,65,75,101,102,104,81,104,104,102,100,24,12,0,4,4,8,0,0,0
8,12,9,29,14,28,63,30,55,62,59,55,101,83,51,0,11,0,0,0,0,6,5,0
9,8,6,8,13,23,35,9,39,12,13,52,53,55,27,3,12,0,0,0,0,0,0,2
4,8,7,7,13,24,22,12,6,19,14,41,47,52,8,12,10,0,0,0,0,0,0,3
9,6,4,10,13,13,31,12,2,13,14,28,40,50,14,27,14,11,0,0,3,0,0,5
0,0,0,5,8,6,9,7,4,0,9,46,52,14,11,10,12,3,0,0,0,0,0,0
0,0,0,2,8,3,12,13,14,9,1,53,54,51,47,17,10,11,0,0,0,0,1,8
0,0,0,0,4,5,8,15,14,35,51,64,81,66,50,31,28,12,0,0,0,0,1,0
9,8,2,0,3,13,11,12,26,50,53,114,264,118,51,34,22,13,6,0,0,0,0,0
0,6,5,2,10,10,13,15,26,35,51,92,142,88,53,32,13,10,0,0,0,0,0,5
0,5,9,10,12,9,8,27,14,13,32,52,63,72,58,11,12,10,6,1,1,1,0,0
0,6,4,12,11,12,21,37,14,19,30,55,56,65,65,51,28,12,13,10,9,0,0,0
0,8,12,7,13,22,39,45,13,23,45,68,87,76,59,50,30,13,9,7,3,0,0,0
5,9,5,13,13,12,20,12,13,13,47,62,65,49,52,41,13,8,6,4,0,0,0,0
0,7,0,9,10,8,10,10,10,9,38,58,58,54,50,13,14,6,7,4,2,3,5,2
7,3,2,1,6,13,8,0,2,9,24,53,45,39,12,7,13,12,6,7,0,3,5,5
0,3,12,4,3,8,9,2,0,3,14,14,12,30,14,1,3,1,0,8,1,0,6,6
4,10,4,10,11,5,10,0,0,0,13,3,9,9,9,7,7,2,0,5,6,7,0,6

0,0,0,0,0,0,6,0,0,0,1,0,0,0,0,0,0,0,0,0,0,0,0,0
0,0,0,0,0,0,0,11,7,6,10,7,0,0,0,0,0,0,0,0,0,0,0,0
0,3,0,0,2,7,14,22,53,78,112,108,60,17,5,0,0,0,0,0,0,0,0,0
0,0,0,0,0,10,26,51,64,137,142,118,97,55,10,4,0,0,0,0,0,0,0,2
0,0,0,0,14,21,8,19,54,82,80,108,63,9,0,5,0,0,0,0,0,0,0,0
0,0,0,3,0,7,5,30,25,51,62,63,52,11,35,4,0,2,5,0,0,0,0,0
0,0,0,9,6,3,50,12,56,70,87,84,68,12,5,11,0,0,13,3,0,2,0,0
0,0,8,10,51,65,75,79,90,92,87,85,92,80,61,10,14,0,20,11,0,0,0,0
0,0,14,54,66,82,102,116,112,107,98,103,96,92,83,82,62,52,4,44,5,0,0,0
4,12,54,67,82,82,111,138,139,139,132,118,117,106,88,77,85,67,59,52,1,4,0,0
13,33,58,59,68,104,127,154,168,167,166,142,126,133,113,90,100,78,64,53,9,1,0,0
0,53,60,57,61,88,118,161,183,194,182,143,142,146,135,119,104,55,61,64,14,0,0,0
7,59,59,50,49,75,82,140,176,180,169,160,156,139,126,106,79,45,72,74,33,1,0,0
63,64,65,12,60,106,109,136,169,174,148,147,147,132,110,99,65,55,65,60,54,42,1,0
55,72,48,27,32,102,110,130,149,153,135,141,133,100,63,56,45,50,53,54,52,9,0,0
54,49,40,6,14,74,109,103,124,118,120,128,101,72,60,52,10,37,73,88,62,5,0,0
54,52,9,0,9,72,71,75,85,75,75,118,87,77,55,13,6,14,68,77,46,14,0,0
29,32,11,13,28,48,62,102,118,93,87,98,101,92,58,35,20,36,52,44,24,17,12,6
13,9,7,22,71,64,101,133,147,113,92,128,136,119,82,50,12,7,51,41,11,10,2,0
13,13,13,51,112,128,153,185,174,150,138,163,159,131,94,72,16,7,13,16,7,6,1,0
11,11,11,46,106,154,199,220,214,179,149,165,165,137,90,62,17,26,9,7,0,0,0,0
24,21,30,68,130,167,232,257,282,255,234,210,200,178,141,109,50,33,11,7,3,1,0,0
12,14,22,97,124,148,211,256,273,247,215,228,222,211,146,100,54,28,14,9,8,11,5,0
12,50,57,104,120,147,216,248,250,225,205,234,217,175,142,111,101,78,59,10,5,5,0,1
14,26,37,69,108,126,151,200,214,179,178,194,177,145,118,105,63,66,14,9,0,2,1,0
7,34,31,14,83,104,119,137,142,137,128,146,143,118,105,100,11,8,3,10,8,6,8,8
11,5,12,13,50,66,74,101,102,104,81,104,104,102,100,24,12,0,3,4,8,0,0,0
8,12,9,29,14,29,62,30,55,61,60,55,101,83,51,0,10,0,0,0,0,6,5,0
9,8,6,7,13,23,36,9,40,13,13,52,53,55,26,4,12,0,0,0,0,0,0,2
4,8,7,7,13,24,22,12,6,19,14,41,48,52,8,12,10,0,0,0,0,0,0,3
9,6,4,10,12,13,31,12,2,14,14,28,40,50,14,27,14,11,0,0,3,0,0,5
0,0,0,5,8,6,9,7,4,0,9,45,52,14,11,10,12,3,0,0,0,0,0,0
0,0,0,2,8,3,12,13,14,9,1,53,54,50,48,16,10,11,0,0,0,0,1,8
0,1,0,0,4,5,8,15,14,36,51,64,81,66,50,31,29,12,0,0,0,0,1,0
9,8,2,0,3,13,11,12,27,50,53,115,265,118,51,35,22,13,6,0,0,0,0,0
0,6,5,2,10,10,13,15,26,36,51,93,143,88,53,32,13,10,0,0,0,0,0,5
0,5,9,9,12,9,8,27,14,13,34,52,63,72,58,11,12,10,6,1,1,1,0,0
0,6,4,12,11,12,21,38,14,19,30,55,56,64,65,51,28,12,13,10,9,0,0,0
0,8,12,7,13,22,39,46,13,23,45,68,87,76,59,50,29,13,9,7,3,0,0,0
5,9,5,13,13,12,20,12,13,13,48,63,65,49,52,41,13,8,6,5,0,0,0,0
0,7,0,9,10,8,10,10,10,9,40,58,58,54,50,13,14,6,7,4,2,3,5,2
7,3,3,1,7,13,8,0,2,9,26,54,46,39,12,7,13,12,6,7,0,3,5,5
0,3,11,4,3,8,9,2,0,3,14,14,12,30,14,1,3,1,0,8,1,0,6,6
4,10,4,10,11,5,10,0,0,0,13,3,9,9,9,7,7,2,0,5,6,7,0,6

0,0,0,0,0,0,6,0,0,0,2,0,0,0,0,0,0,0,0,0,0,0,0,0
0,0,0,0,0,0,0,11,7,7,10,8,0,0,0,0,0,0,0,0,0,0,0,0
0,4,0,0,3,7,14,22,54,78,113,109,62,23,5,0,0,0,0,0,0,0,0,0
0,0,0,0,0,10,26,51,64,138,144,119,97,57,11,4,0,0,0,0,0,0,0,2
0,0,0,0,14,22,8,24,54,82,80,109,63,9,0,5,0,0,0,0,0,0,0,0
0,0,0,3,0,6,5,30,25,51,63,63,52,11,35,4,0,2,5,0,0,0,0,0
0,0,0,9,6,2,50,12,56,70,87,84,69,12,5,11,0,0,13,3,0,2,0,0
0,0,8,10,50,64,74,78,90,91,87,85,92,81,61,10,14,0,19,11,0,0,0,0
0,0,13,54,65,82,101,115,111,107,97,103,96,92,83,81,62,52,4,42,4,0,0,0
4,12,53,67,82,82,110,137,137,137,132,118,117,106,87,77,84,67,59,52,1,4,0,0
13,33,58,59,68,104,126,152,165,164,164,141,126,132,113,90,100,78,64,53,8,1,0,0
0,53,60,57,61,88,118,160,181,191,180,141,141,146,135,119,104,55,61,63,14,0,0,0
7,59,59,50,49,75,82,140,175,178,167,159,154,138,125,106,79,45,72,74,33,1,0,0
63,64,66,12,61,106,109,137,169,173,148,147,147,132,110,99,66,56,66,60,55,43,1,0
55,72,49,27,32,102,110,130,149,153,136,142,133,100,63,56,45,50,53,54,51,9,0,0
55,50,40,6,14,75,110,104,124,119,120,128,101,73,60,53,10,40,73,88,62,5,0,0
54,52,9,0,10,73,71,76,85,75,75,118,87,77,55,13,6,14,68,78,46,14,0,0
30,32,11,13,28,49,63,102,118,92,87,98,101,93,58,36,20,37,53,44,24,17,12,6
13,9,7,23,72,64,101,133,147,112,92,128,135,119,82,50,12,7,51,41,11,10,2,0
13,13,13,51,112,128,153,185,175,150,138,163,159,131,95,72,16,7,13,16,7,6,1,0
11,11,11,47,106,154,199,221,215,179,149,165,165,137,90,62,18,26,9,7,0,0,0,0
24,21,30,69,130,167,233,258,284,256,235,211,201,178,142,109,50,34,11,7,3,1,0,0
12,14,22,96,124,148,211,257,275,248,216,229,223,212,146,100,54,29,14,9,8,11,5,0
12,50,57,104,120,147,216,248,251,224,206,235,217,175,142,111,101,78,60,10,5,6,0,1
14,26,37,69,108,126,151,200,214,180,177,194,177,145,118,105,63,69,14,9,0,2,1,0
7,34,31,14,83,104,119,137,142,137,128,146,143,118,105,101,11,8,3,10,8,6,8,8
11,5,12,14,51,65,74,101,102,104,81,104,104,102,100,24,12,0,3,4,8,0,0,0
8,12,9,29,14,29,63,30,55,62,60,55,101,83,51,0,11,0,0,0,0,6,5,0
9,7,6,7,13,23,36,9,39,13,13,52,53,55,27,3,12,0,0,0,0,0,0,2
4,8,7,7,13,24,22,11,6,19,14,41,48,52,8,12,10,0,0,0,0,0,0,3
9,6,4,10,12,13,31,12,2,14,14,28,40,51,14,27,14,11,0,0,3,0,0,5
0,0,0,5,8,7,9,7,4,0,9,46,52,14,11,10,12,4,0,0,0,0,0,0
0,0,0,2,8,3,12,13,14,9,1,53,54,51,48,17,10,11,0,0,0,0,1,8
0,1,0,0,4,6,8,15,14,35,51,64,81,66,50,32,29,12,0,0,0,0,1,0
9,8,2,0,3,13,11,12,27,50,53,115,265,118,51,34,22,13,6,0,0,0,0,0
0,6,5,2,10,10,13,15,26,35,51,93,143,88,53,32,13,10,0,0,0,0,0,5
0,5,9,9,12,9,8,27,14,13,33,52,63,72,58,11,12,10,6,1,1,1,0,0
0,5,4,11,11,12,22,37,14,19,30,55,56,65,65,51,29,12,13,10,9,0,0,0
0,8,12,7,13,22,39,46,13,23,45,68,87,76,59,50,30,13,9,7,3,0,0,0
5,9,5,13,13,12,20,12,13,13,47,63,65,48,52,42,13,8,6,5,0,0,0,0
0,7,0,9,10,8,10,10,10,9,38,57,58,54,50,13,14,6,8,4,2,3,5,2
7,3,3,1,7,13,8,0,2,9,24,53,45,39,12,7,13,12,6,7,0,3,5,5
0,3,11,4,3,8,9,2,0,3,14,14,12,31,14,1,3,1,0,8,1,0,6,6
4,10,4,10,11,5,10,0,0,0,13,3,10,9,10,7,7,2,0,5,6,7,0,6

0,0,0,0,0,0,6,0,0,0,2,0,0,0,0,0,0,0,0,0,0,0,0,0
0,0,0,0,0,0,0,11,7,6,11,8,0,0,0,0,0,0,0,0,0,0,0,0
0,4,0,0,3,7,14,23,54,80,113,109,62,27,6,0,0,0,0,0,0,0,0,0
0,0,0,0,0,11,26,52,64,139,146,120,99,59,11,4,0,0,0,0,0,0,0,2
0,0,0,0,15,22,9,24,54,82,80,109,64,10,0,5,0,0,0,0,0,0,0,0
0,0,0,3,0,7,5,31,26,51,63,63,53,11,36,4,0,2,5,0,0,0,0,0
0,0,0,9,6,2,51,12,56,71,87,84,69,13,5,11,0,0,13,3,0,2,0,0
0,0,8,10,50,64,74,78,89,91,87,85,92,81,61,10,14,0,18,10,0,0,0,0
0,0,13,54,65,82,101,115,110,107,97,102,96,91,83,81,61,52,4,41,4,0,0,0
4,12,53,67,82,82,110,136,137,137,131,117,117,106,87,76,84,67,59,52,1,3,0,0
13,33,58,59,68,104,126,152,164,162,163,141,125,132,113,90,100,78,64,53,8,1,0,0
0,53,60,57,61,88,118,160,180,190,179,141,140,145,135,119,104,55,61,63,14,0,0,0
7,59,59,50,50,75,82,140,175,178,167,158,153,138,125,106,79,45,72,74,33,1,0,0
63,64,66,12,61,106,109,137,169,173,148,147,147,132,110,100,66,56,66,60,54,44,1,0
55,72,49,27,33,102,110,131,150,154,136,142,134,100,64,56,45,50,53,54,51,9,0,0
55,50,40,6,14,74,110,104,125,119,120,129,101,73,60,53,10,38,73,89,62,5,0,0
54,52,9,0,10,73,71,76,85,75,75,118,87,77,55,13,6,14,68,79,46,14,0,0
29,32,11,13,28,48,63,101,118,92,86,97,100,92,58,36,21,37,53,44,24,17,12,6
13,10,7,22,72,63,101,133,147,113,91,128,135,119,82,50,12,7,51,41,11,10,3,0
13,13,13,51,112,128,153,186,175,150,138,162,158,131,95,72,16,7,13,16,7,6,1,0
11,11,11,47,106,154,200,222,216,180,149,165,165,137,91,63,19,26,9,7,0,0,0,0
24,21,30,70,130,167,233,259,285,257,235,211,201,178,142,109,50,34,11,7,3,1,0,0
12,14,22,97,124,149,212,258,275,248,216,230,223,212,146,100,54,29,14,9,8,11,5,0
12,50,58,104,120,147,216,248,251,225,205,234,217,175,142,111,101,78,59,10,5,6,0,1
14,26,38,69,108,126,151,200,213,180,178,194,177,144,118,105,64,70,15,9,0,2,1,0
7,34,31,14,83,104,119,137,141,137,128,146,143,118,105,101,11,8,3,10,8,6,8,8
11,5,12,14,50,65,74,101,102,104,81,104,104,102,100,25,12,0,3,4,8,0,0,0
8,12,9,29,14,28,62,29,55,61,60,55,101,83,51,0,10,0,0,0,0,6,5,0
9,7,6,7,12,23,35,9,40,13,13,52,53,55,27,4,12,0,0,0,0,0,0,2
4,8,7,7,13,24,21,11,6,19,14,41,48,52,8,12,10,0,0,0,0,0,0,3
9,6,4,10,12,13,31,12,2,14,14,28,40,50,14,27,14,12,0,0,3,0,0,5
0,0,0,5,8,7,9,7,4,0,9,45,52,14,11,10,12,4,0,0,0,0,0,0
0,0,0,2,8,3,12,13,14,9,1,53,54,51,49,16,10,11,0,0,0,0,1,8
0,0,0,0,4,6,8,15,14,35,51,64,81,66,50,31,29,12,0,0,0,0,1,0
9,8,2,0,3,13,11,12,27,50,54,115,265,118,51,34,23,13,6,0,0,0,0,0
0,6,5,2,10,10,12,15,27,35,51,93,143,88,53,32,14,10,0,0,0,0,0,5
0,5,9,9,12,9,8,26,14,13,32,52,63,72,58,11,12,10,6,1,1,1,0,0
0,5,4,11,11,12,21,38,14,19,30,55,56,64,65,51,28,12,13,10,9,0,0,0
0,8,12,7,13,22,39,46,13,23,45,68,87,76,59,50,30,13,9,7,3,0,0,0
5,9,5,13,13,12,20,12,13,13,46,62,65,48,52,41,13,8,6,5,0,0,0,0
0,7,0,9,10,8,10,10,10,9,38,57,58,54,50,13,14,6,7,4,2,3,5,2
7,3,3,1,7,13,8,0,2,9,22,53,45,40,12,7,13,12,6,7,0,3,5,5
0,3,11,4,3,8,9,2,0,3,14,14,12,31,14,1,3,1,0,8,1,0,6,6
4,10,4,10,11,5,10,0,0,0,13,3,9,9,10,7,7,2,0,5,6,7,0,6

0,0,0,0,0,0,6,0,0,0,2,0,0,0,0,0,0,0,0,0,0,0,0,0
0,0,0,0,0,0,0,11,7,6,11,9,0,0,0,0,0,0,0,0,0,0,0,0
0,4,0,0,3,8,14,23,54,80,114,109,63,29,6,0,0,0,0,0,0,0,0,0
0,0,0,0,0,11,27,52,64,139,146,120,99,58,11,4,0,0,0,0,0,0,0,2
0,0,0,0,15,22,9,25,54,83,81,109,64,10,0,5,0,0,0,0,0,0,0,0
0,0,0,3,0,7,5,31,26,51,63,63,53,11,36,4,0,2,5,0,0,0,0,0
0,0,0,9,6,2,50,12,56,70,87,84,69,13,5,11,0,0,13,3,0,2,0,0
0,0,8,10,50,64,74,78,89,91,87,85,92,81,61,10,14,0,18,10,0,0,0,0
0,0,14,54,65,82,101,115,111,107,97,103,97,91,83,81,61,52,4,42,4,0,0,0
4,12,54,67,82,82,110,137,137,137,132,117,117,106,87,77,84,67,59,52,1,3,0,0
13,33,58,59,68,104,127,153,165,163,163,141,125,132,113,90,100,78,64,53,8,1,0,0
0,53,60,57,61,88,119,160,180,190,179,141,140,145,135,119,104,55,61,63,14,0,0,0
7,59,59,50,50,75,82,140,175,178,167,158,153,138,125,106,79,45,72,74,33,1,0,0
63,64,65,12,61,106,109,137,169,174,148,147,147,132,110,100,66,56,66,60,55,43,1,0
56,72,49,28,33,102,110,131,150,154,136,142,134,101,64,56,45,50,53,54,51,9,0,0
55,49,40,6,14,75,110,104,125,119,120,129,101,73,60,53,10,40,73,89,62,5,0,0
54,52,9,0,10,73,71,76,85,75,75,118,87,77,55,13,6,15,68,79,47,14,0,0
30,32,11,13,28,48,63,101,118,92,86,97,100,92,58,36,21,37,53,44,24,17,12,6
13,9,7,22,71,63,101,133,147,113,92,127,135,119,82,50,12,7,52,41,11,10,3,0
13,13,13,51,112,128,153,185,175,150,138,162,158,131,95,72,16,7,13,16,7,6,1,0
11,11,12,47,106,154,200,222,216,180,149,165,165,138,91,63,22,27,9,7,0,0,1,0
24,22,30,70,130,167,233,258,285,258,235,212,201,179,142,110,50,34,11,7,3,1,0,0
12,14,22,97,124,149,211,258,275,248,216,230,223,213,147,100,54,29,14,9,8,11,5,0
12,50,57,104,120,147,215,249,251,224,205,234,217,175,142,111,101,78,59,10,5,5,0,1
14,26,37,69,108,126,151,200,213,179,177,194,176,144,118,105,65,71,16,9,0,2,1,0
7,33,31,14,83,104,119,137,141,137,128,146,142,118,105,101,11,8,3,10,8,6,8,8
11,5,12,13,50,65,74,101,102,104,80,104,104,102,100,25,12,0,3,4,8,0,0,0
8,12,9,27,14,28,61,29,56,62,60,55,101,83,51,0,10,0,0,0,0,6,5,0
9,7,6,7,12,23,35,9,41,12,13,52,53,55,27,4,12,0,0,0,0,0,0,2
3,8,7,7,12,23,20,11,6,19,14,41,47,52,8,12,10,0,0,0,0,0,0,3
9,6,4,9,12,13,31,12,2,14,14,28,41,50,14,27,14,12,0,0,3,0,0,5
0,0,0,5,8,7,9,8,4,0,9,45,52,14,11,11,12,4,0,0,0,0,0,0
0,0,0,2,8,3,12,13,14,9,1,53,54,51,48,17,10,11,0,0,0,0,1,8
0,0,0,0,3,5,8,15,14,35,51,64,81,66,50,32,29,12,0,0,0,0,1,0
9,8,2,0,2,13,11,12,27,50,54,115,265,118,51,35,23,13,6,0,0,0,0,0
0,6,5,2,10,10,12,15,26,34,51,93,143,88,53,32,14,10,0,0,0,0,0,5
0,5,9,9,12,9,8,26,14,13,33,53,63,72,58,11,12,10,6,1,1,1,0,0
0,5,4,11,11,12,21,37,15,19,30,55,56,65,65,51,28,12,13,10,9,0,0,0
0,8,12,7,13,22,39,46,13,24,45,68,87,76,59,50,30,13,9,7,3,0,0,0
5,8,5,13,13,12,19,12,13,13,48,63,65,48,52,42,13,8,6,5,0,0,0,0
0,7,0,9,10,8,10,10,10,9,39,58,58,54,50,14,14,6,8,4,2,3,5,2
7,3,2,1,7,13,8,0,2,9,25,53,47,40,12,7,13,12,6,7,0,3,5,5
0,3,11,4,3,8,9,2,0,3,14,14,12,31,14,1,3,1,0,8,1,0,6,6
4,10,4,10,11,5,10,0,0,0,13,3,9,9,10,7,7,2,0,5,6,7,0,6

0,0,0,0,0,0,7,0,0,0,2,0,0,0,0,0,0,0,0,0,0,0,0,0
0,0,0,0,0,0,0,11,7,6,11,9,0,0,0,0,0,0,0,0,0,0,0,0
0,4,0,0,3,8,14,23,54,80,114,109,62,29,6,0,0,0,0,0,0,0,0,0
0,0,0,0,0,11,27,52,65,139,145,120,98,59,11,4,0,0,0,0,0,0,0,2
0,0,0,0,15,23,9,25,54,82,81,109,64,10,0,5,0,0,0,0,0,0,0,0
0,0,0,3,0,7,5,31,26,52,63,64,53,11,36,4,0,2,5,0,0,0,0,0
0,0,0,9,6,2,50,12,56,70,87,84,69,13,5,11,0,0,13,3,0,2,0,0
0,0,8,10,50,64,74,78,89,91,87,85,92,81,61,10,14,0,18,10,0,0,0,0
0,0,13,54,65,82,101,115,110,107,98,103,96,91,83,81,62,52,4,41,4,0,0,0
4,12,53,67,82,82,110,137,137,138,132,117,117,106,87,76,84,67,59,52,1,3,0,0
13,33,58,59,68,104,127,153,165,163,164,141,126,132,113,90,100,78,64,53,8,1,0,0
0,53,60,57,61,88,119,161,181,190,180,141,140,145,135,119,104,55,61,63,14,0,0,0
7,59,59,50,50,76,83,140,175,179,167,159,153,138,125,106,79,46,72,74,33,1,0,0
63,64,66,12,61,106,109,137,170,174,148,147,147,132,109,99,65,56,66,60,54,44,1,0
55,72,49,28,33,102,111,131,151,155,136,142,134,101,64,56,47,50,53,54,51,9,0,0
55,50,41,6,14,75,110,104,125,119,121,129,101,73,60,53,10,38,73,89,62,5,0,0
54,52,9,0,10,73,71,76,85,75,75,118,87,77,55,13,6,14,68,79,47,14,0,0
29,32,11,13,28,48,63,102,118,92,86,97,100,92,58,35,21,37,53,44,24,17,12,6
13,9,7,22,72,64,101,133,147,113,92,128,135,119,82,50,12,7,52,41,11,10,3,0
13,13,13,51,112,128,153,185,175,150,138,163,158,131,95,72,16,7,13,17,7,6,1,0
11,11,11,47,106,154,200,223,216,180,149,165,165,138,91,63,22,27,9,7,0,0,0,0
24,21,31,70,130,167,233,260,286,258,236,212,202,180,142,110,50,34,11,7,3,1,0,0
12,14,22,96,124,149,212,258,276,249,217,231,224,213,147,100,54,29,14,9,8,11,5,0
12,50,57,104,120,147,215,248,251,225,206,234,217,175,142,111,101,78,59,10,5,6,0,1
14,26,38,69,108,126,151,199,213,179,177,194,176,144,118,105,64,71,16,9,0,2,1,0
7,33,31,14,82,104,119,137,141,137,128,146,142,118,105,101,11,8,3,10,8,6,8,8
11,4,12,13,50,65,73,101,102,104,82,104,104,102,100,25,12,0,3,4,8,0,0,0
8,12,9,29,14,28,60,29,56,61,60,55,100,84,51,0,10,0,0,0,0,6,5,0
9,7,6,7,12,23,35,9,40,13,13,51,53,55,28,4,12,0,0,0,0,0,0,2
3,8,7,7,13,24,20,11,6,19,14,41,48,52,8,12,10,0,0,0,0,0,0,3
9,6,4,9,12,13,31,12,2,13,14,28,40,50,14,28,14,12,0,0,3,0,0,5
0,0,0,5,8,7,9,8,4,0,9,47,52,14,11,11,12,4,0,0,0,0,0,0
0,0,0,2,8,3,12,13,14,9,1,52,54,51,48,17,10,11,0,0,0,0,1,8
0,0,0,0,3,6,8,15,14,36,51,64,81,66,50,31,30,12,0,0,0,0,1,0
9,8,2,0,2,13,11,12,27,50,53,115,265,118,51,35,22,13,6,0,0,0,0,0
0,6,5,2,10,10,13,15,26,35,51,93,143,88,53,32,14,10,0,0,0,0,0,5
0,5,9,9,12,9,8,26,14,13,33,52,63,72,58,11,12,10,6,1,1,1,0,0
0,5,4,11,11,12,22,39,15,19,30,55,56,65,65,51,29,12,13,10,9,0,0,0
0,8,12,7,13,22,40,46,13,25,45,68,87,76,59,50,31,13,9,7,3,0,0,0
5,8,5,13,13,12,20,12,13,13,48,63,65,49,52,42,13,8,6,5,0,0,0,0
0,7,0,9,10,8,10,10,10,9,40,58,58,54,50,14,14,6,8,4,2,3,5,2
7,3,2,1,7,13,8,0,2,9,24,53,46,39,12,7,13,12,6,7,0,3,5,5
0,3,11,4,3,8,9,2,0,3,14,13,12,31,14,1,3,1,0,8,1,0,6,6
4,10,4,10,11,5,10,0,0,0,13,3,9,9,10,7,7,2,0,5,6,7,0,6

0,0,0,0,0,0,7,0,0,0,2,0,0,0,0,0,0,0,0,0,0,0,0,0
0,0,0,0,0,0,0,11,7,6,11,9,0,0,0,0,0,0,0,0,0,0,0,0
0,4,0,0,3,8,14,23,54,80,114,109,62,29,6,0,0,0,0,0,0,0,0,0
0,0,0,0,0,11,27,52,65,139,145,120,98,59,11,4,0,0,0,0,0,0,0,2
0,0,0,0,15,23,9,26,54,83,81,109,64,10,0,5,0,0,0,0,0,0,0,0
0,0,0,3,0,7,5,32,26,52,63,64,53,11,36,4,0,2,5,0,0,0,0,0
0,0,0,9,6,2,50,12,56,70,87,84,69,13,5,11,0,0,13,3,0,2,0,0
0,0,8,10,50,64,74,78,90,91,87,85,92,81,61,10,14,0,19,10,0,0,0,0
0,0,14,54,65,82,101,116,111,107,98,103,96,92,83,81,61,52,4,41,4,0,0,0
4,12,54,67,82,82,110,137,138,138,132,117,117,106,87,76,84,67,59,52,1,3,0,0
13,33,58,59,68,104,127,153,166,164,164,141,126,132,113,90,100,78,64,53,8,1,0,0
0,53,60,57,61,88,119,161,181,190,180,141,140,145,135,119,104,55,61,63,14,0,0,0
7,59,59,50,50,75,83,140,176,179,167,159,153,138,125,106,79,45,72,75,33,1,0,0
63,64,65,12,61,106,109,138,170,174,149,147,147,132,109,100,65,56,66,60,54,44,1,0
56,72,49,28,34,102,111,131,151,155,136,142,134,101,64,56,47,50,53,54,51,9,0,0
55,50,40,6,14,75,110,104,125,119,120,129,101,73,60,53,10,41,74,89,62,5,0,0
54,52,9,0,10,73,71,76,85,75,75,118,87,77,55,13,6,14,68,79,47,14,0,0
30,32,11,13,28,48,63,102,118,92,86,97,100,92,58,36,21,37,53,44,24,17,12,6
13,10,7,22,71,64,101,133,147,113,92,127,135,119,82,50,12,7,51,41,11,10,3,0
13,13,13,51,112,128,153,186,175,150,138,162,158,131,95,73,17,7,13,17,7,6,2,0
11,11,12,48,106,154,200,223,216,180,149,165,165,138,91,63,23,27,9,7,0,0,1,0
24,21,31,70,130,168,233,260,286,259,237,213,202,180,143,110,50,34,11,7,3,1,0,0
12,14,22,97,124,149,212,258,276,249,217,231,224,213,147,100,54,29,14,9,8,11,5,0
12,50,57,104,120,147,215,248,251,225,205,235,217,175,142,111,101,79,59,10,5,5,0,1
14,26,37,69,108,126,151,199,213,179,177,194,176,144,118,105,65,71,16,9,0,2,1,0
7,33,31,14,83,104,119,137,141,137,128,146,142,118,105,101,11,9,3,10,8,6,8,8
11,5,12,13,50,65,73,101,102,104,81,104,104,102,100,26,12,0,3,4,8,0,0,0
8,12,9,28,14,28,60,30,56,62,60,55,100,84,52,0,10,0,0,0,0,6,5,0
9,7,6,7,11,23,35,9,40,12,13,51,53,55,28,4,12,0,0,0,0,0,0,2
4,8,7,7,13,24,20,11,6,19,14,41,48,52,9,12,10,0,0,0,0,0,0,3
9,6,4,9,12,13,30,12,2,13,14,28,40,50,14,28,14,12,0,0,3,0,0,5
0,0,0,5,8,7,9,8,4,0,9,46,52,14,11,11,12,4,0,0,0,0,0,0
0,0,0,2,8,3,12,13,14,9,1,53,54,51,48,17,10,11,0,0,0,0,1,8
0,0,0,0,3,6,8,15,14,36,51,64,81,66,50,32,30,12,0,0,0,0,1,0
9,8,2,0,2,13,11,12,27,49,53,115,265,118,51,35,23,13,6,0,0,0,0,0
0,6,5,2,10,10,12,15,27,34,51,93,143,88,53,32,14,10,0,0,0,0,0,5
0,5,8,9,12,9,8,27,14,13,32,52,63,72,58,11,12,10,6,1,1,1,0,0
0,5,4,11,11,12,22,37,14,19,30,55,56,65,65,51,29,12,13,10,10,0,0,0
0,8,12,7,13,22,39,44,13,23,44,68,87,76,59,50,30,13,9,7,4,0,0,0
5,8,5,13,13,12,20,12,13,13,47,62,65,49,52,43,13,8,6,5,0,0,0,0
0,7,0,9,10,8,10,10,10,9,38,58,58,54,50,14,14,6,8,4,2,3,5,2
7,3,2,1,7,13,8,0,2,9,24,53,46,40,13,7,13,12,6,7,0,3,5,5
0,3,11,4,3,8,9,2,0,3,14,14,12,32,14,1,3,1,0,8,1,0,6,6
4,10,4,10,11,5,9,0,0,0,13,3,10,9,10,7,7,2,0,5,6,7,0,6

0,0,0,0,0,0,6,0,0,0,2,0,0,0,0,0,0,0,0,0,0,0,0,0
0,0,0,0,0,0,0,11,7,6,11,9,0,0,0,0,0,0,0,0,0,0,0,0
0,4,0,0,3,7,14,23,54,79,113,109,62,29,6,0,0,0,0,0,0,0,0,0
0,0,0,0,0,11,27,52,65,139,145,120,98,60,11,4,0,0,0,0,0,0,0,2
0,0,0,0,15,22,9,24,54,83,81,109,64,10,0,5,0,0,0,0,0,0,0,0
0,0,0,3,0,7,5,31,26,51,63,64,53,11,36,4,0,2,5,0,0,0,0,0
0,0,0,9,6,3,50,12,56,70,87,84,69,13,5,11,0,0,13,3,0,2,0,0
0,0,8,10,51,64,74,78,90,91,87,85,92,81,61,10,14,0,19,10,0,0,0,0
0,0,14,54,65,82,101,116,111,107,98,103,96,92,83,81,61,52,4,41,4,0,0,0
4,12,54,67,82,82,111,138,139,139,133,118,118,107,88,77,84,67,59,52,1,4,0,0
13,33,58,59,69,105,128,155,168,166,165,142,127,133,113,90,100,78,64,53,8,1,0,0
0,53,60,57,62,88,119,161,183,192,181,142,141,146,135,119,104,55,61,63,14,0,0,0
7,59,59,50,50,75,82,140,176,179,167,158,154,138,125,106,79,45,72,73,33,1,0,0
63,64,66,12,61,106,109,137,170,174,148,147,147,132,109,99,65,56,66,60,54,44,1,0
55,72,49,28,33,102,110,131,150,154,136,141,133,100,63,56,45,50,53,54,51,9,0,0
54,49,40,6,14,75,110,104,125,119,120,129,101,72,60,52,10,40,74,88,62,5,0,0
54,52,9,0,10,72,71,76,85,75,75,118,87,77,55,13,6,14,68,78,46,14,0,0
30,32,11,13,28,49,63,103,119,92,87,98,101,92,58,35,21,37,53,44,24,17,12,6
13,10,7,22,72,64,102,133,147,113,92,128,135,119,82,50,12,7,51,41,11,10,2,0
13,13,13,51,112,129,154,186,175,151,138,164,160,131,95,73,17,7,13,17,7,6,2,0
11,11,11,47,106,154,200,223,216,180,150,166,166,138,91,63,22,27,9,7,0,0,1,0
24,21,30,70,130,168,234,259,286,258,236,213,203,180,143,110,50,34,11,7,3,1,0,0
12,15,22,97,124,149,212,258,275,248,217,230,224,214,147,101,54,29,14,9,8,11,5,0
12,50,57,104,120,147,215,248,251,224,206,235,217,175,142,111,101,78,59,10,5,6,0,1
14,26,37,69,108,126,151,199,213,179,178,194,176,145,118,105,67,70,15,9,0,2,1,0
7,33,31,14,84,104,119,137,142,137,128,146,143,118,105,101,11,8,3,10,8,6,8,8
11,4,12,14,50,65,73,101,102,104,81,104,104,102,100,26,12,0,3,4,8,0,0,0
8,12,9,28,14,28,60,29,57,62,60,55,100,84,51,0,10,0,0,0,0,6,5,0
9,7,6,6,11,23,35,9,40,12,13,51,53,55,28,4,13,0,0,0,0,0,0,2
3,8,7,7,13,23,20,11,6,19,14,42,48,52,9,12,10,0,0,0,0,0,0,3
9,6,4,9,12,13,30,12,2,14,14,28,41,50,14,28,14,12,0,0,3,0,0,5
0,0,0,4,8,7,9,8,4,0,9,45,52,14,11,11,12,4,0,0,0,0,0,0
0,0,0,2,8,3,12,13,14,9,1,53,54,51,49,17,10,11,0,0,0,0,1,8
0,1,0,0,3,6,8,15,14,36,51,64,81,66,50,31,29,12,0,0,0,0,1,0
9,8,2,0,2,13,11,13,27,50,53,115,266,118,51,35,23,13,6,0,0,0,0,0
0,6,5,1,10,10,12,15,27,35,51,93,143,89,53,33,14,10,0,0,0,0,0,5
0,5,8,9,12,9,8,29,14,13,35,52,63,72,58,11,12,10,6,1,2,1,0,0
0,5,4,11,11,12,21,37,14,19,30,55,56,65,65,51,29,12,13,10,10,0,0,0
0,8,12,7,13,22,39,46,13,24,46,68,87,76,59,50,31,13,9,7,4,0,0,0
5,9,5,13,13,12,19,12,13,13,48,63,65,49,52,42,13,8,6,5,0,0,0,0
0,7,0,9,10,7,10,10,10,9,40,58,58,54,50,14,14,6,8,4,2,3,5,2
7,3,3,1,7,13,8,0,2,9,25,53,46,39,12,7,13,12,6,7,0,3,5,5
0,3,11,4,3,8,9,2,0,3,14,14,12,31,14,1,3,1,0,8,1,0,6,6
4,10,4,10,11,5,9,0,0,0,13,3,10,9,10,7,7,2,0,5,6,7,0,6

0,0,0,0,0,0,7,0,0,0,2,0,0,0,0,0,0,0,0,0,0,0,0,0
0,0,0,0,0,0,0,11,7,6,11,8,0,0,0,0,0,0,0,0,0,0,0,0
0,4,0,0,3,8,14,23,54,79,113,109,62,26,6,0,0,0,0,0,0,0,0,0
0,0,0,0,0,11,27,51,65,139,144,120,98,58,11,4,0,0,0,0,0,0,0,2
0,0,0,0,15,23,9,25,54,82,81,109,64,10,0,5,0,0,0,0,0,0,0,0
0,0,0,3,0,7,5,31,26,52,63,63,53,11,36,4,0,2,5,0,0,0,0,0
0,0,0,9,6,3,50,12,56,70,87,84,69,13,5,11,0,0,13,3,0,2,0,0
0,0,8,10,51,64,74,78,90,92,87,85,92,81,61,10,14,0,19,11,0,0,0,0
0,0,14,54,66,82,102,116,112,108,98,103,96,92,83,81,62,52,4,43,5,0,0,0
4,12,54,67,82,82,111,138,140,139,133,118,117,106,87,76,84,67,59,52,1,4,0,0
13,33,58,59,68,105,128,155,168,167,166,142,126,133,113,90,100,78,64,53,8,1,0,0
0,53,60,57,62,88,119,161,183,193,182,142,142,146,135,119,104,55,61,63,14,0,0,0
7,59,59,50,50,75,82,141,176,180,169,160,154,138,125,106,78,46,72,75,34,1,0,0
63,64,66,12,61,106,109,137,170,174,148,147,147,132,109,99,65,56,65,60,54,43,1,0
55,72,49,28,33,102,110,131,150,154,136,141,133,100,63,56,45,50,53,54,51,9,0,0
54,49,40,6,14,75,110,104,125,119,120,128,101,72,60,52,10,38,73,88,62,5,0,0
54,52,9,0,10,72,71,76,86,75,76,119,87,77,55,13,6,14,68,78,46,14,0,0
30,32,11,13,28,49,63,103,119,93,87,98,101,92,58,35,21,37,52,44,24,17,12,6
13,10,7,23,72,64,102,134,147,113,92,129,136,119,83,50,12,7,52,41,11,10,2,0
13,13,13,51,112,129,154,186,176,151,139,164,160,131,95,73,17,7,13,17,7,6,2,0
11,11,11,47,106,155,201,223,216,180,150,166,166,138,91,63,20,27,9,7,0,0,1,0
24,21,30,69,130,168,233,259,286,258,236,213,203,180,143,110,50,34,11,7,2,1,0,0
12,14,22,97,124,149,212,259,276,249,217,231,224,214,147,101,54,29,14,9,8,11,5,0
12,50,57,104,120,147,216,248,252,225,206,235,217,175,142,111,101,78,60,10,5,6,0,1
14,25,38,69,108,126,151,200,213,179,178,194,177,145,118,105,65,71,14,9,0,2,1,0
7,32,31,14,84,104,119,137,142,137,128,146,143,118,105,101,11,9,3,10,8,6,8,8
11,4,12,13,50,65,74,101,102,104,82,104,104,102,101,27,12,0,3,4,8,0,0,0
8,12,9,27,14,28,58,27,56,61,59,54,100,83,52,0,10,0,0,0,0,6,5,0
9,7,6,6,11,23,35,9,43,13,13,52,53,55,29,4,12,0,0,0,0,0,0,2
3,8,7,7,12,23,19,11,6,19,14,41,48,52,9,12,10,0,0,0,0,0,0,3
9,6,4,9,12,13,30,12,2,14,14,28,41,50,14,28,14,12,0,0,3,0,0,5
0,0,0,4,8,7,9,8,4,0,10,45,52,14,11,11,12,4,0,0,0,0,0,0
0,0,0,2,8,3,12,13,14,9,1,53,54,51,48,17,10,11,0,0,0,0,1,8
0,1,0,0,3,6,8,15,14,36,51,64,80,66,50,32,30,12,0,0,0,0,1,0
9,8,2,0,2,13,11,13,27,50,53,115,266,118,51,35,24,13,6,0,0,0,0,0
0,6,5,1,10,10,12,15,26,35,51,93,143,89,53,32,14,10,0,0,0,0,0,5
0,5,8,9,12,9,8,27,14,13,33,52,63,72,58,11,12,10,6,1,1,1,0,0
0,5,4,11,11,12,21,37,15,19,30,55,56,65,65,51,29,12,13,10,10,0,0,0
0,8,12,7,13,21,39,45,13,23,45,68,87,76,59,50,31,14,9,7,4,0,0,0
5,8,5,13,13,12,19,12,13,13,50,62,65,48,52,42,13,8,6,5,0,0,0,0
0,7,0,9,10,7,10,10,10,9,40,57,58,54,50,14,14,7,8,4,2,3,5,2
7,3,2,1,7,13,8,0,2,9,22,54,47,39,13,7,13,12,6,7,0,3,4,5
0,3,11,4,3,8,9,2,0,3,14,14,12,31,14,1,3,1,0,8,1,0,6,6
4,10,4,10,11,4,9,0,0,0,13,3,9,9,10,7,7,2,0,5,6,7,0,6

0,0,0,0,0,0,7,0,0,0,2,0,0,0,0,0,0,0,0,0,0,0,0,0
0,0,0,0,0,0,0,11,7,6,11,9,0,0,0,0,0,0,0,0,0,0,0,0
0,4,0,0,3,8,14,23,54,80,113,109,62,29,6,0,0,0,0,0,0,0,0,0
0,0,0,0,0,11,27,52,65,140,146,120,98,59,11,4,0,0,0,0,0,0,0,2
0,0,0,0,15,23,9,25,54,83,81,110,64,10,0,5,0,0,0,0,0,0,0,0
0,0,0,3,0,7,5,32,26,52,63,63,53,11,36,4,0,2,5,0,0,0,0,0
0,0,0,9,6,3,50,12,56,70,87,84,69,13,5,11,0,0,13,3,0,2,0,0
0,0,8,10,51,64,74,78,89,91,87,85,92,81,61,10,14,0,19,10,0,0,0,0
0,0,14,54,65,82,101,115,111,107,98,103,96,91,82,81,61,52,4,41,4,0,0,0
4,12,54,67,82,82,110,137,137,138,132,117,117,106,87,76,84,67,59,52,1,4,0,0
13,33,58,59,68,104,127,153,165,164,164,141,126,132,112,90,100,78,64,53,8,1,0,0
0,53,60,57,62,88,119,160,181,191,180,141,140,145,135,119,104,55,61,63,14,0,0,0
7,59,59,50,50,75,82,140,175,178,167,158,153,138,125,106,79,45,72,75,33,1,0,0
63,64,66,12,61,106,109,137,170,174,148,147,147,132,109,100,65,56,66,60,54,43,1,0
55,72,49,28,33,102,111,131,150,155,136,142,133,100,63,56,45,50,53,54,52,9,0,0
55,50,40,6,14,75,110,105,125,119,121,129,101,73,60,53,10,40,73,89,62,5,0,0
54,52,9,0,10,73,71,77,86,76,76,118,87,77,55,13,6,15,68,79,47,14,0,0
30,32,11,13,28,49,63,103,119,92,87,97,101,93,58,36,21,37,53,44,24,17,12,6
13,10,7,23,73,64,102,134,148,113,92,128,136,119,83,50,12,7,52,44,11,10,3,0
13,13,13,51,112,129,154,187,176,151,138,164,159,131,95,73,17,7,13,17,7,6,2,0
11,11,12,47,106,155,201,224,217,180,150,166,167,138,91,64,20,27,9,7,0,0,0,0
24,21,30,70,130,168,234,261,287,259,237,213,203,180,143,110,50,34,11,7,3,1,0,0
12,15,22,98,124,149,213,259,276,249,217,231,225,214,147,100,55,29,14,9,8,11,5,0
12,50,57,104,120,147,216,249,252,225,206,235,217,175,142,111,101,78,59,10,5,5,0,1
14,26,38,69,108,126,152,200,213,180,178,194,176,144,118,105,67,71,16,9,0,2,1,0
7,33,31,14,83,104,119,137,142,137,128,146,142,118,105,101,11,9,3,10,8,6,8,8
11,4,12,14,50,65,74,101,102,104,81,104,104,102,100,26,12,0,4,4,8,0,0,0
8,12,9,28,13,29,60,27,57,61,59,55,101,85,52,0,10,0,0,0,0,6,5,0
9,7,6,6,11,23,35,8,44,12,13,52,53,55,29,4,12,0,0,0,0,0,0,2
3,8,7,7,12,23,19,11,6,19,14,41,48,52,9,12,10,0,0,0,0,0,0,3
9,6,4,9,12,13,30,12,2,14,14,28,41,50,14,28,14,12,0,0,3,0,0,5
0,0,0,4,8,7,9,8,4,0,9,45,52,14,11,11,12,4,0,0,0,0,0,0
0,0,0,2,8,3,12,13,14,9,1,53,54,51,49,17,10,11,0,0,0,0,1,8
0,0,0,0,3,6,8,15,14,35,51,64,81,66,50,33,30,12,0,0,0,0,1,0
9,8,2,0,2,13,11,13,27,50,53,115,266,118,51,35,25,13,6,0,0,0,0,0
0,6,5,1,10,10,12,15,26,35,51,93,143,88,53,33,14,10,0,0,0,0,0,5
0,5,8,9,11,9,8,27,14,13,33,52,63,72,58,11,12,10,6,1,2,1,0,0
0,5,4,11,11,12,22,36,14,19,30,55,56,65,65,51,29,12,13,10,10,0,0,0
0,7,12,7,13,22,39,46,13,23,46,68,87,76,59,50,30,14,9,7,4,0,0,0
5,8,5,13,13,12,19,12,13,13,50,62,65,49,52,42,13,8,6,5,0,0,0,0
0,7,0,9,10,7,10,10,10,9,40,58,58,55,50,14,14,7,8,4,2,3,5,2
7,3,2,1,7,13,8,0,2,9,22,53,48,39,12,7,13,12,6,7,0,3,5,5
0,3,11,4,4,7,9,2,0,3,14,14,12,31,14,1,3,1,0,8,1,0,6,6
4,10,4,10,11,4,9,0,0,0,13,3,9,9,10,7,7,2,0,5,6,7,0,6

0,0,0,0,0,0,7,0,0,0,3,0,0,0,0,0,0,0,0,0,0,0,0,0
0,0,1,0,0,0,0,11,8,6,12,9,0,0,0,0,0,0,0,0,0,0,0,0
0,4,0,0,4,8,14,24,54,82,114,110,63,33,6,0,0,0,0,0,0,0,0,0
0,0,0,0,0,11,27,52,65,142,147,121,99,61,11,4,0,0,0,0,0,0,0,2
0,0,0,0,16,23,10,29,55,84,82,110,64,15,0,5,0,0,0,0,0,0,0,0
0,0,0,3,0,7,6,33,27,52,63,63,53,11,38,4,0,2,5,0,0,0,0,0
0,0,0,9,6,2,50,12,56,70,87,84,69,13,5,11,0,0,13,3,0,2,0,0
0,0,8,10,50,64,74,78,89,91,86,85,92,81,61,10,14,0,17,10,0,0,0,0
0,0,14,54,65,82,101,115,110,106,96,102,96,91,82,81,61,52,4,41,4,0,0,0
4,12,54,67,82,82,110,137,137,137,131,116,117,106,87,76,84,67,59,52,1,3,0,0
13,33,58,59,68,104,127,153,164,162,162,140,125,132,113,90,99,78,64,53,8,1,0,0
0,53,60,57,62,88,119,160,180,190,179,140,140,145,135,119,104,55,61,63,14,0,0,0
7,59,59,50,50,76,83,141,175,178,167,158,153,138,125,106,79,46,72,74,33,1,0,0
63,64,66,12,61,106,109,138,170,174,148,147,147,132,109,99,65,56,66,60,54,44,1,0
55,72,49,28,34,102,111,132,151,155,136,142,134,100,64,56,45,50,53,54,51,9,0,0
55,50,41,7,14,75,110,105,126,120,121,129,102,73,60,53,10,40,74,89,62,5,0,0
54,52,9,0,10,73,71,77,85,76,76,118,87,77,55,13,6,15,68,79,47,14,0,0
30,32,11,13,28,49,63,103,119,93,86,97,101,92,58,36,21,37,53,44,24,17,12,6
13,10,7,23,72,64,102,133,147,113,92,128,135,119,83,50,12,7,52,43,11,10,3,0
13,13,13,51,112,129,154,186,176,150,138,163,159,131,95,73,17,7,13,17,8,6,2,0
11,11,12,47,106,155,201,224,217,180,150,165,166,138,91,64,22,27,9,7,0,0,1,0
24,21,31,70,130,168,234,260,287,260,238,214,203,181,143,110,50,34,11,7,3,1,0,0
12,15,23,98,124,149,213,259,277,249,218,232,225,215,147,101,54,29,14,9,8,11,5,0
12,50,57,104,120,148,216,249,252,225,206,236,217,175,142,111,101,78,60,10,5,5,0,1
14,26,38,69,108,126,151,200,213,180,177,194,176,144,118,105,67,72,16,9,0,2,1,0
7,33,32,14,83,104,119,137,142,137,128,146,142,118,105,101,11,9,3,10,8,6,8,8
11,4,12,14,50,65,73,101,102,104,82,104,103,102,101,26,12,0,3,4,8,0,0,0
8,12,9,28,13,29,60,28,57,61,60,55,100,83,52,0,10,0,0,0,0,6,5,0
9,7,6,6,10,23,34,8,44,12,13,52,53,55,29,4,13,0,0,0,0,0,0,2
4,8,7,7,12,24,19,11,6,19,14,41,48,52,9,12,10,0,0,0,0,0,0,3
9,7,4,9,12,13,30,12,2,14,14,28,41,50,14,28,14,12,0,0,3,0,0,5
0,0,0,4,8,7,9,8,4,0,9,47,52,14,11,11,12,4,0,0,0,0,0,0
0,0,0,2,8,3,12,13,14,9,1,53,54,51,49,17,10,11,0,0,0,0,1,8
0,1,0,0,3,6,8,15,14,36,51,64,80,66,50,31,31,12,0,0,0,0,1,0
9,8,2,0,1,13,11,13,27,50,54,115,266,118,51,35,23,13,6,0,0,0,0,0
0,6,5,1,10,10,12,15,26,35,51,93,143,88,53,32,14,10,0,0,0,0,0,5
0,5,8,9,12,9,8,27,14,13,32,52,63,72,58,11,12,10,6,1,1,1,0,0
0,5,4,11,11,12,22,36,15,19,30,55,56,65,65,51,30,12,13,10,10,0,0,0
0,7,12,7,13,21,39,45,13,23,46,68,87,76,59,50,31,14,9,7,4,0,0,0
5,8,5,13,13,12,19,12,13,13,48,62,65,49,52,43,13,8,6,5,0,0,0,0
0,7,0,9,10,7,10,9,10,9,38,57,58,54,50,14,14,6,8,4,2,3,5,2
7,3,2,1,7,13,8,0,2,9,24,54,48,39,13,7,13,12,6,7,0,3,5,5
0,3,11,4,4,7,9,2,0,3,14,14,12,31,14,1,3,2,0,8,1,0,6,6
4,10,4,10,11,4,9,0,0,0,13,3,9,9,10,7,7,2,0,5,6,7,0,6

0,0,0,0,0,0,7,0,0,0,3,0,0,0,0,0,0,0,0,0,0,0,0,0
0,0,1,0,0,0,0,11,8,6,12,9,0,0,0,0,0,0,0,0,0,0,0,0
0,4,0,0,4,8,14,24,54,82,115,110,63,31,6,0,0,0,0,0,0,0,0,0
0,0,0,0,0,11,27,52,65,142,148,121,99,61,11,5,0,0,0,0,0,0,0,2
0,0,0,0,16,23,10,28,55,83,82,110,65,17,0,5,0,0,0,0,0,0,0,0
0,0,0,3,0,7,5,33,27,52,63,64,53,11,38,4,0,2,5,0,0,0,0,0
0,0,0,9,6,2,48,12,56,70,87,85,69,13,5,11,0,0,13,3,0,2,0,0
0,0,8,10,50,64,74,78,89,91,86,85,92,81,61,9,14,0,17,10,0,0,0,0
0,0,13,54,65,82,101,115,110,106,97,102,96,91,82,81,61,52,4,39,4,0,0,0
4,12,53,67,82,82,110,137,137,137,131,116,117,106,87,76,84,67,59,52,1,3,0,0
13,33,58,59,68,104,127,153,164,163,162,140,125,132,113,90,100,78,64,53,8,1,0,0
0,53,60,57,62,88,119,161,181,190,179,140,140,145,135,119,104,55,61,63,14,0,0,0
7,59,59,50,50,76,83,141,175,178,167,158,153,138,125,106,79,45,72,74,33,1,0,0
64,64,66,12,61,106,109,138,170,174,149,147,147,132,109,99,66,56,66,60,54,44,1,0
56,72,49,29,35,102,111,132,151,155,136,142,134,100,63,56,47,50,53,54,51,9,0,0
55,50,41,7,14,75,110,105,126,120,121,129,102,73,60,53,10,40,74,89,62,5,0,0
54,52,9,0,10,73,71,76,85,75,75,118,87,77,55,13,6,15,68,79,46,14,0,0
30,32,11,13,29,49,63,103,119,93,87,97,101,92,58,36,21,37,53,44,24,17,12,6
13,10,7,23,73,64,102,134,148,113,92,128,135,119,83,50,12,7,52,43,11,10,3,0
13,13,13,51,112,129,154,187,176,150,138,163,159,131,95,73,18,7,13,17,8,6,2,0
11,11,12,47,106,155,201,224,217,180,150,166,166,138,92,64,22,27,9,7,0,0,1,0
24,22,31,71,130,169,234,261,287,260,238,214,204,181,143,110,51,35,11,7,3,1,0,0
12,15,22,98,124,149,213,260,277,250,218,232,225,215,147,101,54,29,14,9,8,11,5,0
12,50,57,104,120,148,217,249,252,226,205,236,217,175,142,111,101,78,60,10,5,6,0,1
14,26,38,68,108,126,151,200,214,179,178,194,176,144,118,105,67,72,16,9,0,2,1,0
7,33,32,14,84,104,119,137,142,137,128,146,142,118,105,101,12,9,3,10,8,6,8,8
11,4,12,14,50,64,73,101,102,104,82,104,103,102,101,26,12,0,3,4,8,0,0,0
8,12,9,28,13,29,60,28,57,62,60,55,100,84,52,0,10,0,0,0,0,6,5,0
9,7,6,6,10,23,35,8,43,12,13,52,53,55,29,4,13,0,0,0,0,0,0,2
3,8,7,7,12,23,19,11,6,19,14,42,48,52,9,12,10,0,0,0,0,0,0,3
9,7,4,9,12,13,30,12,2,14,14,28,41,50,14,28,14,12,0,0,3,0,0,5
0,0,0,4,8,7,9,8,4,0,9,47,52,14,11,11,12,4,0,0,0,0,0,0
0,0,0,2,8,3,12,13,14,9,1,53,54,51,49,17,10,11,0,0,0,0,1,8
0,1,0,0,3,6,8,15,14,36,51,64,80,66,50,31,30,12,0,0,0,0,1,0
9,8,2,0,1,13,11,13,27,50,53,115,266,118,51,35,24,13,6,0,0,0,0,0
0,6,5,1,10,10,12,15,27,36,51,93,143,88,53,33,14,10,0,0,0,0,0,5
0,5,8,9,11,9,8,27,14,13,32,52,63,72,58,11,12,10,6,1,1,1,0,0
0,5,4,11,11,12,22,38,14,19,30,55,56,65,65,51,30,12,13,10,10,0,0,0
0,8,11,7,13,22,39,43,13,22,44,68,87,76,59,50,31,14,9,7,4,0,0,0
5,8,5,13,13,12,19,12,13,13,50,62,65,49,52,43,13,8,6,5,0,0,0,0
0,7,0,9,10,7,10,10,10,9,39,58,58,54,50,14,14,7,8,4,2,3,6,2
7,3,3,1,7,13,8,0,2,9,22,54,47,40,13,7,13,12,6,7,0,3,5,5
0,3,11,4,4,7,9,2,0,3,14,14,12,31,14,1,3,1,0,8,1,0,6,6
4,10,4,10,11,4,9,0,0,0,13,3,10,9,10,7,7,2,0,5,6,7,0,6
