0,0,0,0,0,0,0,0,0,0,0,0,0,0,0,0,0,6,0,0,0,0,0,0
0,0,0,0,0,0,0,0,0,0,0,5,2,4,5,2,9,0,0,0,0,0,0,0
0,0,0,0,0,0,1,0,0,2,13,52,101,98,57,51,19,13,4,0,0,0,4,0
3,0,0,0,0,0,0,0,4,10,47,93,113,133,121,61,48,22,12,0,0,0,0,0
0,0,0,0,0,0,0,0,6,0,21,64,111,96,90,55,15,7,20,15,1,0,0,0
0,0,1,0,0,5,3,0,5,29,10,53,63,64,54,21,19,4,6,1,5,0,0,0
0,0,3,0,3,13,0,0,10,2,9,67,88,88,69,54,11,14,3,6,10,0,0,0
0,0,0,0,11,14,0,13,4,58,77,92,87,88,92,88,75,69,61,47,9,9,0,0
0,0,0,4,40,3,50,59,77,80,90,94,102,97,105,108,114,100,81,65,53,13,0,0
0,0,4,1,52,58,66,83,75,85,103,113,115,131,135,134,134,110,82,82,67,53,12,5
0,0,1,8,53,64,79,100,89,110,130,123,140,167,167,169,155,128,106,69,60,58,32,13
0,0,0,14,63,61,55,106,121,137,148,142,142,185,197,186,165,123,91,63,58,60,53,0
0,0,1,32,74,72,46,82,108,128,140,157,162,176,185,178,139,83,76,50,51,60,58,7
0,4,47,55,60,66,56,68,100,110,133,146,146,156,181,174,136,108,106,60,12,68,63,61
0,0,8,51,54,53,51,36,57,64,100,131,139,137,161,153,130,108,100,34,33,48,73,54
0,0,8,63,91,75,46,11,51,60,71,97,123,118,123,125,102,108,70,13,4,43,52,56
0,0,14,50,83,71,25,8,12,53,74,82,111,68,71,81,74,69,68,10,4,13,53,55
6,13,20,25,45,54,38,25,27,53,83,90,87,72,74,99,93,59,47,24,9,12,36,30
0,1,11,11,56,59,11,11,12,69,111,124,110,69,77,127,121,89,61,61,9,7,9,13
0,0,3,9,15,14,10,9,8,68,108,128,123,103,116,137,148,136,119,106,13,10,12,12
0,0,0,0,8,11,11,12,52,62,116,122,123,116,135,156,163,158,136,100,36,6,4,6
0,0,0,6,6,9,18,34,86,116,133,141,137,158,175,197,197,199,150,126,60,27,8,13
0,3,12,11,7,13,30,48,82,136,178,182,168,155,185,223,237,214,158,132,102,39,15,10
3,0,1,4,12,65,85,102,115,145,171,197,200,160,198,247,268,248,188,143,115,64,49,14
0,4,0,0,10,14,76,101,117,137,163,185,193,183,191,237,241,210,179,155,109,57,38,23
7,7,5,10,11,10,27,103,122,136,154,178,176,157,180,195,202,187,152,125,77,57,40,7
0,0,0,9,9,12,13,80,104,125,137,143,135,112,126,155,156,130,116,102,100,36,10,9
0,3,5,3,9,2,7,16,79,101,103,106,67,64,76,106,119,121,101,69,57,13,11,4
0,0,0,5,0,9,0,35,62,68,72,64,60,50,10,45,36,52,53,40,25,10,12,10
0,0,0,0,0,0,0,8,59,81,72,67,61,54,15,21,16,23,34,7,8,12,9,4
0,0,3,5,0,5,13,14,45,59,59,62,54,50,14,8,20,24,11,12,7,8,9,9
0,0,0,0,0,0,10,6,14,70,95,60,55,52,5,3,5,7,13,20,0,0,0,0
7,0,0,0,0,0,5,10,13,50,54,56,56,37,5,6,7,9,3,3,3,0,0,0
0,1,0,0,0,0,2,13,12,50,56,57,58,50,9,11,10,7,12,3,0,0,1,0
0,0,0,0,0,0,0,14,27,52,55,61,50,10,11,4,2,7,12,5,7,2,9,8
3,0,0,0,0,0,0,14,52,58,60,60,53,12,13,2,8,8,7,7,0,1,5,0
0,0,0,0,0,6,10,10,53,64,68,61,53,37,9,12,14,7,5,7,0,3,2,0
0,0,0,8,11,14,14,38,52,67,67,64,59,36,13,13,6,0,9,8,8,0,0,0
0,0,0,4,8,11,14,32,51,57,68,67,53,45,27,13,12,13,13,11,10,11,1,0
0,0,0,0,5,8,8,13,46,53,50,60,54,14,12,13,11,13,1,8,10,4,7,3
1,5,2,0,2,6,6,14,17,52,58,57,55,12,4,0,0,4,0,7,7,0,4,0
5,5,2,0,8,7,12,13,11,28,53,54,55,30,12,0,0,7,12,7,0,2,1,5
7,6,0,3,9,1,6,2,1,13,53,56,61,24,11,2,6,9,3,2,6,11,2,0
6,0,7,8,3,0,5,8,9,15,44,55,21,11,6,0,9,9,0,9,10,4,9,4

0,0,0,0,0,0,0,0,0,0,0,0,0,0,0,0,0,6,0,0,0,0,0,0
0,0,0,0,0,0,0,0,0,0,0,5,3,4,5,2,9,0,0,0,0,0,0,0
0,0,0,0,0,0,0,0,0,2,13,50,100,98,57,51,20,14,4,0,0,0,4,0
3,0,0,0,0,0,0,0,4,9,46,90,111,135,128,62,50,23,13,0,0,0,0,0
0,0,0,0,0,0,0,0,6,0,14,63,111,99,94,57,20,8,20,15,1,0,0,0
0,0,1,0,0,5,3,0,5,29,10,52,63,65,55,24,21,4,7,2,5,0,0,0
0,0,3,0,3,13,0,0,10,3,8,67,87,88,69,53,11,14,3,6,10,0,0,0
0,0,0,0,11,14,0,13,4,58,77,92,86,87,91,88,75,69,61,48,9,9,0,0
0,0,0,4,41,3,50,59,77,80,89,93,101,95,104,107,113,100,81,65,53,13,0,0
0,0,4,1,52,58,66,83,75,85,102,112,113,129,134,133,133,109,82,82,67,53,12,5
0,0,1,8,53,64,79,100,89,110,128,122,139,166,167,169,154,128,106,69,60,58,32,13
0,0,0,14,63,61,55,105,121,137,147,142,142,187,198,187,165,123,91,63,58,60,52,0
0,0,1,32,74,72,45,82,108,128,140,157,163,178,187,181,140,83,76,50,51,60,58,7
0,4,48,56,60,65,56,67,100,110,133,147,147,159,183,175,137,108,106,60,12,68,63,61
0,0,8,50,54,53,50,36,57,64,100,131,139,137,162,153,130,108,100,34,33,47,73,54
0,0,8,63,91,74,47,11,51,60,71,96,123,118,124,126,102,108,70,13,4,42,52,56
0,0,14,50,83,71,26,8,12,53,73,82,110,69,72,82,74,69,68,10,4,13,53,55
6,13,20,25,45,54,39,25,27,52,82,90,87,73,77,101,93,59,47,24,9,12,36,30
0,1,11,11,55,59,11,11,11,68,110,124,110,69,79,128,121,90,61,60,9,7,9,14
0,0,3,8,15,13,10,9,8,67,108,127,123,103,116,138,149,136,120,106,13,10,12,12
0,0,0,0,8,11,11,11,52,62,115,121,123,115,135,156,164,160,136,100,35,6,4,6
0,0,0,5,6,9,17,33,84,115,132,140,136,155,173,196,197,200,153,126,61,27,8,13
0,3,12,11,7,12,30,47,80,134,176,179,166,152,182,222,237,215,160,133,103,40,15,10
3,0,1,4,12,64,82,101,115,144,169,195,197,156,195,246,268,249,190,144,116,65,50,14
0,4,0,0,9,14,73,101,116,136,162,184,192,181,190,236,241,212,181,157,110,58,38,24
7,7,5,10,11,9,24,103,122,135,153,176,175,157,180,196,203,188,154,126,79,59,42,8
0,0,0,8,9,12,13,78,104,124,136,142,135,112,127,155,158,131,117,103,101,39,10,9
0,3,5,3,9,2,7,14,78,101,103,106,67,64,76,106,119,121,102,70,58,13,11,4
0,0,0,5,0,8,0,35,62,68,72,65,60,50,11,46,37,54,54,42,27,10,12,10
0,0,0,0,0,0,0,8,59,81,72,67,61,54,15,21,17,24,34,7,9,12,9,5
0,0,3,5,0,5,13,14,44,59,58,61,54,50,14,8,19,25,11,12,7,8,9,9
0,0,0,0,0,0,10,6,14,69,94,60,55,52,5,3,5,7,13,20,0,0,0,0
7,0,0,0,0,0,5,10,13,49,54,56,56,36,5,6,7,9,3,3,3,0,0,0
0,1,0,0,0,0,2,13,12,51,55,57,58,50,9,11,10,7,12,3,0,0,1,0
0,0,0,0,0,0,0,14,28,52,55,61,50,10,11,4,3,7,12,5,7,2,9,8
3,0,0,0,0,0,0,14,52,58,60,60,53,12,13,2,9,8,7,7,0,1,5,0
0,0,0,0,1,6,10,10,53,64,68,61,53,36,9,12,14,8,5,7,0,3,2,0
0,0,0,8,11,14,14,39,52,67,67,64,59,36,14,13,7,0,8,8,8,0,0,0
0,0,0,4,8,11,14,31,51,57,68,67,53,44,26,13,12,13,13,11,10,11,1,0
0,0,0,0,5,8,8,13,48,53,50,59,54,14,12,13,11,14,1,9,10,4,7,3
1,5,2,1,2,6,6,14,18,52,57,57,55,12,4,0,0,4,0,7,7,0,4,0
5,5,2,0,8,7,12,13,11,29,53,55,56,29,12,0,0,7,12,7,0,1,1,5
7,6,0,3,9,1,6,3,1,13,53,56,61,25,11,2,6,9,3,2,6,11,2,0
7,0,7,8,4,0,5,9,9,17,44,55,21,11,6,0,9,10,0,9,10,4,9,4

0,0,0,0,0,0,0,0,0,0,0,0,0,0,0,0,0,6,0,0,0,0,0,0
0,0,0,0,0,0,0,0,0,0,0,5,4,4,5,3,9,0,0,0,0,0,0,0
0,0,0,0,0,0,0,0,0,2,13,47,100,100,58,52,21,14,5,1,0,0,4,0
3,0,0,0,0,0,0,0,4,10,48,89,111,139,135,64,51,23,13,0,0,0,0,0
0,0,0,0,0,0,0,0,6,0,14,63,111,101,97,58,25,9,21,15,1,0,0,0
0,0,1,0,0,5,3,0,5,30,10,52,62,65,56,30,22,5,7,1,5,0,0,0
0,0,3,0,3,13,0,0,9,2,8,65,86,87,68,53,11,14,2,6,10,0,0,0
0,0,0,0,11,14,0,13,3,58,76,91,85,87,91,87,75,69,61,47,9,9,0,0
0,0,0,4,41,3,50,59,77,80,89,93,100,93,102,107,113,100,81,65,53,13,0,0
0,0,4,1,52,58,66,83,75,84,101,110,110,127,132,131,132,109,82,82,67,53,12,5
0,0,1,8,53,64,78,99,89,109,127,120,137,163,163,165,151,127,106,69,60,58,31,13
0,0,0,14,63,61,55,105,120,136,146,141,141,184,195,184,163,122,91,63,58,60,52,0
0,0,1,32,74,72,45,81,107,127,139,156,161,177,186,179,140,83,76,50,51,60,58,7
0,4,48,54,60,66,56,66,100,110,133,147,147,158,183,175,137,109,106,60,12,68,63,60
0,0,7,50,54,53,51,35,56,64,100,131,139,138,162,154,130,108,101,33,34,47,73,54
0,0,8,64,91,75,50,11,51,60,71,97,124,119,124,126,103,108,70,13,4,43,52,56
0,0,14,50,83,72,26,8,12,53,74,82,111,69,72,82,74,69,68,11,4,13,53,55
6,13,20,25,45,54,39,25,27,53,83,90,88,73,78,102,93,59,47,24,9,12,36,30
0,1,11,11,55,59,12,11,11,68,110,124,110,69,79,128,121,90,61,61,9,7,10,14
0,0,3,8,15,13,10,9,8,67,108,127,124,104,117,138,149,136,120,107,13,10,12,12
0,0,0,0,8,11,11,11,52,61,115,121,123,115,136,157,165,160,136,100,35,6,4,6
0,0,0,5,6,8,17,33,83,115,132,140,136,155,173,198,197,201,153,127,61,27,8,13
0,3,12,11,6,12,29,47,80,134,175,179,166,152,183,223,238,216,161,134,103,39,15,10
3,0,1,4,12,64,84,101,115,144,169,194,196,156,195,246,270,251,191,145,116,65,50,14
0,4,0,0,9,14,73,101,116,136,161,183,191,181,190,237,243,213,182,158,111,58,39,24
7,7,5,9,11,9,24,103,122,135,152,176,175,157,180,196,204,189,154,126,80,60,43,8
0,0,0,8,9,12,13,78,104,124,136,142,135,113,127,156,158,131,117,103,101,39,10,9
0,3,5,3,9,2,7,15,78,101,103,106,67,64,77,106,119,122,102,71,58,13,11,4
0,0,0,5,0,8,0,36,61,68,72,65,60,50,11,47,35,55,54,42,27,10,13,10
0,0,0,0,0,0,0,8,59,81,72,67,61,54,15,21,17,24,35,7,9,12,9,5
0,0,3,5,0,5,13,14,44,59,59,61,54,50,14,8,20,25,11,12,7,8,9,9
0,0,0,0,0,0,10,6,14,69,94,60,55,52,5,3,5,7,13,20,0,0,0,0
7,0,0,0,0,0,6,10,13,49,55,56,56,39,5,6,7,9,3,3,3,0,0,0
0,1,0,0,0,0,2,13,12,51,55,57,58,50,9,11,10,7,12,3,0,0,1,0
0,0,0,0,0,0,1,14,29,52,55,61,50,10,11,4,2,7,12,5,7,2,9,8
3,0,0,0,0,0,0,14,52,58,60,60,53,12,13,2,9,8,8,7,0,1,5,0
0,0,0,0,1,6,10,10,53,64,68,61,53,36,9,12,14,8,5,7,0,3,2,0
0,0,0,8,11,14,14,40,52,67,67,64,59,36,14,13,7,0,8,8,8,0,0,0
0,0,0,4,8,11,14,32,51,57,68,67,53,45,27,13,12,13,13,11,10,11,1,0
0,0,0,0,5,8,8,13,48,53,50,60,54,14,12,13,11,13,1,9,10,4,7,3
1,5,2,1,2,6,6,14,19,53,57,57,55,12,4,0,0,4,0,6,7,0,4,0
5,5,3,0,8,7,12,13,11,29,53,55,56,30,12,0,0,7,12,7,0,1,1,5
7,6,0,3,10,2,7,3,1,13,53,56,61,26,11,2,6,9,3,2,6,11,2,0
7,0,7,8,4,0,6,9,9,17,45,55,22,11,6,0,9,9,0,9,10,4,9,4

0,0,0,0,0,0,0,0,0,0,0,0,0,0,0,0,0,6,0,0,0,0,0,0
0,0,0,0,0,0,0,0,0,0,0,5,5,5,5,4,10,0,0,0,0,1,0,0
0,0,0,0,0,0,0,0,0,3,14,50,101,100,59,52,22,14,6,2,0,0,4,0
3,0,0,0,0,0,0,0,4,11,54,91,115,145,140,65,52,24,13,0,0,0,0,0
0,0,0,0,0,0,0,0,6,0,14,64,112,104,99,58,33,9,22,16,1,0,0,0
0,0,1,0,0,5,3,0,5,32,11,54,63,66,57,33,25,5,7,0,5,0,0,0
0,0,3,0,3,13,0,0,9,3,9,66,87,87,68,53,10,13,2,6,10,0,0,0
0,0,0,0,10,14,0,13,2,57,76,91,85,87,90,87,74,69,61,45,9,8,0,0
0,0,0,4,35,2,50,59,77,80,89,92,99,93,102,106,112,99,81,65,52,13,0,0
0,0,4,0,51,57,66,82,75,84,101,110,110,126,131,129,132,109,82,82,67,53,11,5
0,0,1,8,53,63,78,99,89,108,127,120,136,160,160,162,150,127,106,69,60,58,31,13
0,0,0,14,63,61,55,105,120,136,146,140,140,181,192,181,162,122,91,63,58,60,52,0
0,0,1,31,73,72,46,81,107,127,139,154,160,174,183,177,140,83,76,50,51,60,58,7
0,4,46,55,60,65,57,67,100,110,132,146,146,157,181,174,137,109,106,60,12,68,63,61
0,0,8,51,54,53,51,36,56,64,100,131,139,138,162,154,131,108,101,35,34,47,74,54
0,0,8,62,91,75,47,11,52,60,71,97,124,119,125,127,104,108,70,13,5,43,52,56
0,0,14,50,84,72,28,8,12,54,74,82,111,69,73,83,75,70,68,11,4,13,53,55
6,13,20,25,45,54,39,25,27,53,83,90,87,73,77,101,93,59,47,24,9,12,36,30
0,1,11,11,56,59,12,11,11,68,111,124,111,69,79,128,121,90,61,62,9,7,10,14
0,0,3,8,14,13,10,8,8,67,108,127,124,104,117,138,149,136,120,107,13,10,12,12
0,0,0,0,8,11,11,11,52,61,115,121,123,115,136,157,165,160,137,100,36,6,4,6
0,0,0,5,6,8,16,33,84,115,132,139,136,156,174,198,198,201,153,127,62,28,8,13
0,3,11,11,6,12,29,47,80,134,175,178,166,152,184,223,239,217,162,134,103,40,15,10
3,0,1,4,12,64,84,101,115,143,168,194,196,156,195,247,271,252,192,145,117,65,50,14
0,3,0,0,9,14,77,101,116,136,161,183,191,181,190,237,243,214,183,159,111,58,38,24
7,7,5,10,11,9,24,103,122,135,152,176,175,158,181,196,204,189,154,126,79,60,43,8
0,0,0,8,9,12,13,78,104,124,136,142,135,113,128,156,158,131,117,103,101,38,10,9
0,3,5,3,9,2,7,15,78,101,103,106,67,65,77,106,120,122,102,70,58,13,11,4
0,0,0,5,0,8,0,35,62,68,72,65,60,50,11,47,35,55,53,42,27,10,13,10
0,0,0,0,0,0,0,8,59,80,73,67,61,54,16,21,17,24,35,7,9,12,9,5
0,0,3,5,0,5,13,14,44,59,58,61,54,50,15,8,20,25,11,12,7,8,9,9
0,0,0,0,0,0,10,6,14,69,94,60,55,52,5,3,5,7,13,21,0,0,0,0
7,0,0,0,0,0,5,10,14,50,55,57,56,37,5,7,7,9,3,3,3,0,0,0
0,1,0,0,0,0,3,13,13,51,56,57,58,50,9,11,11,7,12,2,0,0,1,0
0,0,0,0,0,0,1,14,29,52,55,61,50,11,11,5,3,7,12,5,7,2,9,8
3,0,0,0,0,0,0,14,52,58,60,60,53,13,13,3,9,8,8,7,0,1,5,0
0,0,0,0,1,6,10,10,53,64,68,61,53,38,9,12,14,8,5,7,0,3,2,0
0,0,0,8,11,14,14,39,52,67,68,64,59,36,14,13,7,0,8,8,8,0,0,0
0,0,0,4,8,11,14,32,51,57,68,67,53,44,27,13,12,14,13,11,10,11,1,0
0,0,0,0,5,8,9,13,50,54,50,60,54,14,12,13,11,13,0,9,10,4,7,3
2,5,2,1,2,7,6,14,19,53,58,57,55,12,4,0,0,4,0,7,7,0,4,0
6,5,3,0,8,7,12,13,11,30,53,54,55,30,12,0,0,7,12,7,0,1,1,5
7,6,0,3,10,2,7,3,2,13,54,56,61,26,11,2,7,9,3,2,6,11,2,0
7,0,7,8,4,0,6,9,10,17,45,55,22,11,6,0,9,10,0,9,9,4,9,4

0,0,0,0,0,0,0,0,0,0,0,0,0,0,0,0,0,6,0,0,0,0,0,0
0,0,0,0,0,0,0,0,0,0,0,6,6,6,5,4,10,0,0,0,0,1,0,0
0,0,0,0,0,0,0,0,0,3,14,51,101,101,59,53,22,14,6,2,0,0,4,0
3,0,0,0,0,0,0,0,4,11,55,92,115,146,142,65,52,25,13,0,0,0,0,0
0,0,0,0,0,0,0,0,7,0,14,65,113,104,100,58,33,10,22,16,1,0,0,0
0,0,1,0,0,5,3,0,5,33,11,54,63,66,57,34,26,6,7,0,4,0,0,0
0,0,3,0,3,13,0,0,9,3,9,67,87,88,68,53,10,13,2,5,10,0,0,0
0,0,0,0,10,14,0,13,2,57,76,91,85,87,90,87,74,69,61,44,9,8,0,0
0,0,0,4,35,2,50,59,77,80,89,93,99,93,102,106,112,99,81,65,52,13,0,0
0,0,3,0,51,57,66,82,75,84,101,111,110,126,130,129,131,109,82,82,67,53,11,4
0,0,1,8,53,63,78,99,89,109,127,120,136,159,159,162,150,127,106,69,60,58,31,13
0,0,0,13,63,61,55,105,120,136,146,140,139,180,191,181,163,122,91,63,58,60,52,0
0,0,1,31,74,72,46,82,107,128,139,154,159,173,182,177,140,83,76,50,51,60,58,7
0,4,47,54,60,66,56,67,100,110,132,145,146,156,181,174,137,109,106,60,12,68,63,60
0,0,7,50,54,53,51,36,57,64,100,131,139,138,162,154,131,109,101,35,34,48,74,54
0,0,8,62,91,75,48,11,52,60,71,97,124,119,125,127,104,108,71,13,5,43,52,56
0,0,14,50,85,72,28,8,12,54,74,82,111,69,72,83,74,69,69,11,4,13,53,55
6,13,20,25,45,54,39,26,27,53,83,90,87,73,76,101,93,59,47,24,9,12,36,30
0,1,11,11,56,60,12,11,11,68,110,124,110,69,79,127,120,89,61,61,9,7,10,14
0,0,3,8,14,13,10,8,8,67,108,127,123,104,117,138,149,136,120,107,13,10,12,12
0,0,0,0,8,11,10,11,52,61,115,121,123,115,136,156,164,160,137,100,36,6,4,6
0,0,0,5,6,8,16,33,84,115,131,139,136,155,175,198,198,202,154,127,62,28,8,13
0,2,11,11,6,12,29,47,80,134,174,177,166,152,183,223,239,217,162,134,103,40,15,10
3,0,1,4,12,65,82,101,115,143,168,193,195,156,195,247,271,252,193,145,117,65,50,14
0,3,0,0,9,14,76,101,116,135,161,183,191,180,190,237,244,215,183,159,111,58,39,25
7,7,5,9,11,9,23,103,121,134,152,176,175,158,181,196,205,189,155,126,79,59,43,8
0,0,0,8,9,12,13,78,103,124,136,142,136,113,128,156,159,131,117,103,101,38,10,9
0,3,5,3,9,2,7,14,78,101,103,106,67,65,77,106,120,121,102,70,58,13,11,4
0,0,0,5,0,8,0,34,62,68,72,65,60,51,10,48,36,53,53,42,27,10,13,10
0,0,0,0,0,0,0,8,59,81,72,67,61,54,16,21,18,24,35,7,9,12,9,5
0,0,3,5,0,5,13,14,44,59,59,61,54,50,15,8,20,25,11,12,7,8,9,9
0,0,0,0,0,0,10,6,14,69,94,60,55,52,5,3,5,7,13,21,0,0,0,0
7,0,0,0,0,0,5,10,14,50,55,57,56,39,5,7,7,10,3,3,3,0,0,0
0,1,0,0,0,0,3,13,13,51,55,57,58,50,9,11,11,7,12,2,0,0,1,0
0,0,0,0,0,0,1,14,30,52,55,62,50,11,11,5,2,8,12,5,7,2,9,8
3,0,0,0,0,0,0,15,52,59,60,60,53,12,13,3,9,8,8,7,0,1,5,0
0,0,0,0,1,6,10,10,53,64,68,61,53,38,9,12,14,8,5,7,0,3,2,0
0,0,0,9,11,14,14,40,52,67,68,64,59,36,14,13,7,0,8,8,8,0,0,0
0,0,0,5,8,11,14,33,51,57,68,67,53,45,26,13,12,14,12,11,9,11,1,0
0,0,0,0,5,8,9,13,48,53,50,59,54,14,12,13,11,14,0,8,10,4,7,3
2,5,2,1,2,7,6,14,20,53,58,57,55,12,4,0,0,4,0,7,7,0,4,0
6,5,3,0,8,7,12,13,11,32,53,55,56,31,12,0,0,7,12,7,0,1,1,5
7,6,0,3,10,2,7,4,2,14,53,56,61,27,11,2,7,9,3,1,6,11,2,0
7,0,7,8,4,0,6,9,10,17,46,55,23,11,6,0,9,10,0,9,10,4,9,4

0,0,0,0,0,0,0,0,0,0,0,0,0,0,0,0,0,6,0,0,0,0,0,0
0,0,0,0,0,0,0,0,0,0,0,6,6,6,5,4,10,0,0,0,0,1,0,0
0,0,0,0,0,0,0,0,0,3,14,51,101,101,60,53,22,14,6,2,0,0,4,0
3,0,0,0,0,0,0,0,4,11,55,92,116,147,144,65,52,25,13,0,0,0,0,0
0,0,0,0,0,0,0,0,7,0,14,65,113,105,100,59,34,10,22,16,1,0,0,0
0,0,1,0,0,5,3,0,5,33,11,54,63,66,57,35,26,6,7,0,4,0,0,0
0,0,3,0,3,13,0,0,9,3,9,67,87,87,68,53,10,13,2,5,10,0,0,0
0,0,0,0,10,14,0,13,1,57,76,91,85,87,90,87,74,68,61,43,9,8,0,0
0,0,0,3,33,2,50,58,77,80,89,93,99,93,102,106,112,99,80,65,52,13,0,0
0,0,3,0,51,57,66,82,75,84,101,110,110,126,130,129,131,109,82,82,67,53,11,5
0,0,1,8,52,63,78,99,89,108,127,119,135,158,158,162,150,127,106,69,60,58,31,13
0,0,0,13,63,61,55,105,120,137,146,139,139,180,190,181,163,123,91,63,58,60,52,0
0,0,1,32,73,72,46,82,107,128,139,154,159,173,182,177,140,84,76,50,51,60,58,7
0,4,46,54,60,66,56,67,100,110,132,145,146,157,181,174,137,109,106,61,12,68,63,60
0,0,8,50,54,53,51,36,57,64,100,131,139,138,163,154,131,109,101,35,34,48,74,54
0,0,8,62,91,75,48,11,52,60,71,97,124,119,125,127,104,108,71,13,5,43,52,56
0,0,14,50,85,72,28,8,12,54,74,82,111,69,72,82,74,70,69,11,4,13,53,55
6,13,20,25,45,54,39,25,27,53,83,90,87,73,76,101,93,59,47,24,9,12,36,30
0,1,11,11,56,59,12,11,11,68,110,124,110,69,79,127,120,89,61,61,9,7,10,14
0,0,3,8,15,13,10,8,8,67,107,127,123,103,117,138,148,136,120,107,13,10,12,12
0,0,0,0,8,11,10,11,52,61,115,120,123,115,136,156,164,159,137,100,37,6,4,6
0,0,0,5,6,8,16,33,84,115,131,139,135,156,174,198,198,202,154,128,63,28,8,13
0,2,11,11,6,12,29,47,80,133,173,177,165,152,184,223,239,217,162,134,103,40,15,10
3,0,1,4,12,64,85,101,115,143,167,193,194,156,195,247,271,253,194,145,117,65,50,14
0,3,0,0,9,14,76,101,116,135,161,182,191,180,190,237,244,216,184,159,111,57,39,25
7,7,4,9,11,9,23,103,121,134,152,176,175,158,181,196,205,190,155,126,79,59,43,8
0,0,0,8,9,12,13,78,103,124,136,142,135,113,128,156,159,131,117,103,101,38,10,9
0,3,5,3,9,2,7,15,78,101,103,106,67,65,77,106,120,121,102,70,58,13,11,4
0,0,0,5,0,8,0,35,62,68,72,65,60,50,11,48,35,54,53,42,26,10,13,10
0,0,0,0,0,0,0,8,59,81,72,67,60,54,16,21,18,24,34,7,9,12,9,5
0,0,3,5,0,5,13,14,44,59,58,61,54,50,15,8,20,26,11,12,7,8,9,9
0,0,0,0,0,0,10,6,14,70,95,60,55,52,6,3,5,7,13,21,0,0,0,0
7,0,0,0,0,0,5,10,14,50,55,57,56,40,5,7,7,9,3,3,3,0,0,0
0,1,0,0,0,0,3,13,13,51,56,57,58,50,9,11,11,7,12,2,0,0,1,0
0,0,0,0,0,0,1,14,31,52,55,62,50,11,11,5,3,8,12,5,7,2,9,8
3,0,0,0,0,0,0,15,52,59,60,60,53,13,13,3,9,8,8,7,0,1,5,0
0,0,0,0,1,6,10,10,53,64,68,61,53,37,9,12,14,8,5,7,0,4,2,0
0,0,0,9,11,14,14,40,52,67,68,64,59,36,14,13,7,0,8,8,8,0,0,0
0,0,0,5,8,12,15,34,51,57,68,67,53,46,28,13,13,14,11,11,9,11,1,0
0,0,0,0,5,8,9,13,50,53,50,60,54,14,13,13,11,14,0,7,10,4,7,4
2,5,2,1,2,7,6,14,20,53,57,57,55,12,5,0,0,4,0,6,7,0,4,0
6,5,3,0,8,7,12,13,11,32,53,54,55,31,12,0,0,8,12,8,0,1,1,5
7,6,0,3,10,2,7,4,2,14,54,56,61,27,11,2,7,9,3,1,6,11,2,0
7,1,7,8,4,0,6,9,10,18,46,55,24,11,6,0,9,10,0,9,10,4,9,4

0,0,0,0,0,0,0,0,0,0,0,0,0,0,0,0,0,6,0,0,0,0,0,0
0,0,0,0,0,0,0,0,0,0,0,6,6,6,5,4,10,0,0,0,0,1,0,0
0,0,0,0,0,0,0,0,0,3,14,51,101,101,60,53,22,14,6,3,0,0,4,0
3,0,0,0,0,0,0,0,4,11,56,92,116,148,145,65,52,25,13,0,0,0,0,0
0,0,0,0,0,0,0,0,7,0,14,65,113,105,100,59,35,10,22,16,1,0,0,0
0,0,1,0,0,5,3,0,5,33,11,54,63,66,57,35,27,6,7,0,5,0,0,0
0,0,3,0,3,13,0,0,9,3,9,67,87,87,68,53,10,13,2,5,10,0,0,0
0,0,0,0,10,14,0,13,1,57,76,91,85,87,91,87,74,68,61,43,9,8,0,0
0,0,0,3,32,2,50,58,76,79,89,93,99,93,102,106,112,99,80,64,52,13,0,0
0,0,3,0,51,57,65,82,75,84,101,110,109,125,130,129,131,109,82,82,67,53,11,4
0,0,0,7,52,63,78,99,89,109,127,119,135,158,158,163,151,127,106,69,60,58,31,13
0,0,0,13,63,61,55,105,121,137,146,139,139,180,190,181,164,123,91,63,58,60,52,0
0,0,1,31,73,72,46,82,108,128,139,153,159,173,182,177,140,84,76,50,51,60,58,7
0,4,47,54,60,66,56,67,100,110,132,145,146,157,181,174,137,109,106,61,12,68,63,61
0,0,7,51,54,53,51,36,57,64,100,130,139,138,162,154,131,109,101,35,34,47,74,54
0,0,8,63,91,75,48,11,52,60,71,97,124,119,125,127,104,108,71,13,5,43,52,56
0,0,14,50,84,72,28,8,12,54,74,82,111,69,72,82,74,70,69,11,4,13,53,55
6,13,20,25,45,54,39,25,27,53,83,89,87,73,76,100,93,59,47,24,9,12,36,30
0,1,11,11,56,60,12,11,11,68,110,123,110,69,79,127,120,89,61,61,9,7,10,14
0,0,3,8,15,13,10,8,8,67,107,126,123,103,117,138,148,136,120,107,13,10,12,12
0,0,0,0,8,11,10,11,52,61,115,120,123,115,136,156,164,159,137,100,37,6,4,6
0,0,0,5,5,8,15,33,84,115,131,139,135,155,175,198,198,202,154,128,63,28,8,13
0,2,11,11,6,12,29,47,80,133,173,177,165,152,184,224,239,218,163,135,103,40,15,10
3,0,1,4,12,64,84,101,115,143,167,192,194,156,195,247,272,254,194,145,117,65,50,14
0,3,0,0,9,14,77,101,116,135,160,182,190,180,190,238,244,216,184,159,111,57,38,25
7,7,5,9,11,9,24,103,121,134,152,176,176,159,181,197,206,190,155,126,79,59,43,8
0,0,0,8,9,12,13,78,103,124,136,142,136,113,128,156,159,131,117,103,100,37,10,9
0,3,5,3,9,2,8,15,78,101,103,106,67,65,78,106,120,121,102,69,58,13,11,4
0,0,0,5,0,8,0,35,62,68,72,65,60,50,11,48,35,53,53,41,25,10,12,10
0,0,0,0,0,0,0,8,59,81,73,67,60,54,16,21,18,25,35,7,9,12,9,5
0,0,3,5,0,5,13,14,44,59,59,61,54,50,15,8,20,25,11,12,7,8,9,9
0,0,0,0,0,0,10,6,14,70,94,60,55,52,6,3,5,7,13,21,0,0,0,0
7,0,0,0,0,0,5,10,14,50,55,57,56,41,5,7,7,9,3,3,3,0,0,0
0,1,0,0,0,0,3,14,13,51,56,57,58,50,9,11,11,7,12,3,0,0,1,0
0,0,0,0,0,0,2,14,32,52,55,62,50,11,11,5,3,8,12,5,7,2,9,8
3,0,0,0,0,0,0,15,52,59,60,60,53,12,12,3,9,8,8,7,0,1,5,0
0,0,0,0,1,6,10,10,54,64,68,61,53,38,8,12,14,8,5,7,0,4,2,0
0,0,0,9,11,14,14,41,52,67,68,65,59,36,14,13,7,0,8,8,8,0,0,0
0,0,0,5,8,12,14,33,51,57,68,67,53,45,27,14,12,13,11,10,9,11,1,0
0,0,0,0,5,8,9,14,50,54,50,60,54,14,13,13,11,14,0,7,10,4,7,4
2,5,2,1,2,7,6,14,21,53,57,57,55,12,5,0,0,4,0,6,7,0,4,0
6,5,3,0,9,7,12,13,11,32,53,54,56,31,12,0,0,8,12,8,0,2,1,5
7,6,0,3,10,2,7,4,2,14,54,56,61,27,11,2,7,9,3,1,6,11,2,0
7,1,8,8,4,0,6,9,10,19,46,55,24,11,6,0,9,10,0,9,10,4,9,4

0,0,0,0,0,0,0,0,0,0,0,0,0,0,0,0,0,6,0,0,0,0,0,0
0,0,0,0,0,0,0,0,0,0,0,6,6,6,5,4,10,0,0,0,0,1,0,0
0,0,0,0,0,0,0,0,0,4,14,51,101,101,60,53,22,14,6,3,0,0,4,0
3,0,0,0,0,0,0,0,4,11,56,92,116,149,145,65,52,26,13,0,0,0,0,0
0,0,0,0,0,0,0,0,7,0,14,65,114,105,100,59,35,10,23,16,1,0,0,0
0,0,1,0,0,5,3,0,5,33,11,55,63,67,58,35,28,6,7,0,5,0,0,0
0,0,3,0,3,13,0,0,9,3,9,67,88,88,68,53,10,13,2,5,10,0,0,0
0,0,0,0,10,14,0,13,1,57,76,91,85,87,91,87,74,68,60,43,9,8,0,0
0,0,0,3,31,2,50,58,76,80,89,93,99,93,102,106,111,99,80,64,52,13,0,0
0,0,3,0,51,57,65,82,75,84,101,110,109,126,130,129,131,109,82,82,67,53,11,5
0,0,0,7,52,63,78,99,89,108,127,119,135,158,159,163,151,127,106,69,60,58,30,13
0,0,0,13,63,61,55,105,121,137,146,139,139,180,190,181,164,123,91,63,58,60,52,0
0,0,1,30,73,72,46,82,107,128,139,153,159,173,181,176,140,84,76,50,51,60,58,7
0,4,47,54,60,66,56,67,100,110,132,145,146,156,180,174,137,109,106,61,12,68,63,60
0,0,7,50,54,53,51,38,57,64,100,130,139,138,162,154,131,109,101,35,34,48,73,54
0,0,8,63,91,75,48,11,52,60,71,97,124,119,125,127,104,108,71,13,5,43,52,56
0,0,14,50,86,72,28,8,12,54,74,82,110,69,72,82,74,70,69,11,4,13,53,55
6,13,21,25,45,54,39,25,27,53,83,89,87,73,76,100,93,59,47,24,10,12,36,30
0,0,11,11,56,59,12,11,11,68,110,123,110,69,79,127,120,89,61,62,9,7,10,14
0,0,3,8,15,13,10,8,8,67,107,126,123,103,117,138,148,136,120,107,13,11,12,12
0,0,0,0,8,11,10,11,52,61,115,120,123,115,136,156,164,159,137,100,37,6,4,6
0,0,0,5,5,8,15,33,84,115,131,139,135,155,175,198,198,202,155,128,63,28,8,13
0,2,11,10,6,12,29,47,80,133,173,176,165,152,184,224,240,218,163,135,103,40,15,10
3,0,1,4,12,64,84,101,115,143,167,192,194,156,196,247,272,255,195,146,117,65,50,14
0,3,0,0,9,14,77,101,116,135,160,182,190,180,190,238,245,217,184,160,111,57,38,25
7,7,5,10,11,9,24,103,121,134,151,176,175,159,181,197,206,190,155,126,78,59,43,8
0,0,0,8,9,12,13,77,103,124,136,142,135,113,128,156,159,132,117,103,100,37,10,9
0,3,5,3,9,2,8,15,77,101,103,106,67,65,78,106,120,121,102,69,58,13,11,4
0,0,0,5,0,8,0,35,62,68,72,65,60,50,10,48,35,52,53,41,25,10,12,10
0,0,0,0,0,0,0,8,59,80,72,67,60,54,16,21,18,25,35,7,9,12,9,5
0,0,3,5,0,5,13,14,44,59,58,61,54,50,15,8,21,25,11,12,7,8,9,9
0,0,0,0,0,0,10,6,14,70,94,60,55,52,6,3,5,7,13,21,0,0,0,0
7,0,0,0,0,0,5,10,14,50,55,57,56,40,5,7,7,10,3,3,3,0,0,0
0,1,0,0,0,0,3,14,13,51,56,57,58,50,9,11,11,7,12,3,0,0,1,0
0,0,0,0,0,0,2,14,32,52,55,62,50,11,11,5,2,8,12,6,7,2,9,8
3,0,0,0,0,0,0,15,52,59,60,60,53,11,12,3,9,8,8,7,0,1,5,0
0,0,0,0,1,6,10,10,54,64,69,61,53,39,9,12,14,8,5,7,0,3,2,0
0,0,0,9,11,14,14,41,52,68,68,65,59,36,14,13,7,0,8,8,8,0,0,0
0,0,0,5,8,12,15,34,51,57,68,67,53,45,26,13,12,13,11,10,9,11,1,0
0,0,0,0,5,8,9,14,50,54,50,60,54,14,13,13,11,14,0,7,10,4,7,4
2,5,3,1,2,7,6,14,21,53,57,57,55,12,5,0,0,4,0,6,7,0,4,0
6,5,3,0,9,7,12,13,11,32,53,55,56,30,12,0,0,8,12,8,0,1,1,5
7,6,0,3,10,2,7,4,2,14,54,56,61,27,11,2,7,9,3,1,6,11,2,0
7,1,8,8,4,0,6,9,10,20,46,55,24,11,6,0,9,10,0,8,10,4,9,4

0,0,0,0,0,0,0,0,0,0,0,0,0,0,0,0,0,6,0,0,0,0,0,0
0,0,0,0,0,0,0,0,0,0,0,6,6,6,5,5,10,0,0,0,0,1,0,0
0,0,0,0,0,0,0,0,0,4,14,51,101,101,60,53,22,14,6,3,0,0,4,0
3,0,0,0,0,0,0,0,4,12,56,92,117,149,146,65,52,26,13,0,0,0,0,0
0,0,0,0,0,0,0,0,7,0,14,65,114,105,100,59,36,10,23,17,1,0,0,0
0,0,1,0,0,5,3,0,5,34,11,55,64,67,58,35,28,6,7,1,5,0,0,0
0,0,3,0,3,13,0,0,9,3,9,67,88,88,68,53,10,13,2,5,10,0,0,1
0,0,0,0,10,14,0,13,1,57,76,91,85,87,90,87,74,68,60,43,9,8,0,0
0,0,0,3,32,2,50,58,77,79,89,93,99,93,102,106,111,99,80,64,52,13,0,0
0,0,3,0,51,57,65,82,75,84,101,110,109,125,130,129,131,109,82,82,67,53,11,4
0,0,0,7,52,63,78,99,89,108,127,119,135,158,159,163,151,128,106,69,60,58,31,13
0,0,0,13,63,61,55,105,121,137,146,139,139,180,190,181,164,123,91,63,58,60,52,0
0,0,1,31,74,72,45,82,108,128,139,153,159,173,181,177,140,84,76,50,51,60,58,7
0,3,46,54,60,66,56,67,100,110,132,145,146,157,180,174,137,109,106,61,12,68,63,61
0,0,7,51,54,53,51,36,57,64,100,130,139,138,162,154,131,109,101,35,34,48,74,54
0,0,8,63,91,75,48,11,52,60,71,97,124,119,126,127,104,108,71,13,5,43,52,56
0,0,14,50,85,72,28,8,12,54,74,82,111,69,72,82,74,70,69,11,4,13,54,55
6,13,20,25,45,54,39,25,27,53,83,89,86,73,76,100,93,59,48,24,10,12,36,30
0,0,11,11,56,60,12,11,11,68,110,123,110,69,79,127,120,89,61,61,9,7,10,14
0,0,3,8,14,13,10,8,8,67,107,126,123,103,117,138,148,136,120,107,13,10,12,12
0,0,0,0,8,11,10,11,52,61,115,120,122,115,136,156,164,159,137,101,37,6,4,6
0,0,0,5,5,8,15,32,84,115,131,139,135,155,174,198,198,202,155,128,64,28,8,13
0,2,11,10,6,12,29,47,80,133,172,176,165,152,184,224,240,218,163,135,103,40,15,10
2,0,1,4,12,64,84,101,115,142,167,192,193,156,196,247,272,255,195,146,117,65,50,14
0,3,0,0,9,14,77,101,116,135,160,182,190,180,191,238,245,217,185,160,111,57,39,25
7,7,4,9,11,9,24,103,121,134,152,176,175,159,182,197,206,191,155,126,79,59,43,8
0,0,0,8,9,12,13,78,103,124,136,142,136,113,128,157,159,132,117,103,100,37,10,9
0,3,5,3,9,2,8,15,78,101,103,106,67,64,78,106,120,121,102,69,58,13,11,4
1,0,0,5,0,9,0,35,62,68,72,65,60,50,11,47,33,53,53,41,25,10,13,10
0,0,0,0,0,0,0,8,59,81,72,67,60,54,16,21,18,25,35,7,9,12,9,5
0,0,3,5,0,5,13,15,45,59,58,61,54,50,15,8,21,26,11,12,7,8,9,9
0,0,0,0,0,0,10,6,14,70,94,60,55,52,6,3,5,7,13,21,0,0,0,0
7,0,0,0,0,0,6,11,14,50,55,57,56,41,5,7,8,10,3,3,3,0,0,0
0,1,0,0,0,0,3,14,13,51,56,57,58,50,9,11,11,7,12,3,0,0,1,0
0,0,0,0,0,0,2,14,32,53,55,62,50,11,11,5,2,8,12,6,7,2,9,8
3,0,0,0,0,0,0,16,52,59,60,60,53,11,12,3,9,8,8,7,0,1,5,0
0,0,0,0,1,7,10,10,54,64,69,61,53,38,9,12,14,8,5,7,0,4,2,0
0,0,0,9,11,14,14,41,52,68,68,65,60,37,14,13,7,0,8,8,8,0,0,0
0,0,0,5,8,12,15,34,51,57,69,67,53,46,26,14,13,13,11,10,9,11,1,0
0,0,0,0,5,8,9,14,50,54,50,60,54,14,13,13,11,14,0,6,10,4,7,4
2,5,3,1,2,7,6,14,22,53,57,57,55,12,4,0,0,4,0,6,7,0,4,0
6,5,3,0,9,8,12,13,11,32,53,55,56,33,12,0,0,8,12,8,0,1,0,5
7,6,0,3,10,2,7,4,2,14,53,56,61,28,11,2,7,9,3,1,6,11,2,0
7,0,7,8,4,0,6,9,10,20,46,55,22,11,6,0,9,10,0,8,9,4,9,4

0,0,0,0,0,0,0,0,0,0,0,0,0,0,0,0,0,6,0,0,0,0,0,0
0,0,0,0,0,0,0,0,0,0,0,6,6,6,5,5,10,0,0,0,0,1,0,0
0,0,0,0,0,0,0,0,0,4,14,52,101,101,60,53,23,14,7,3,0,0,4,0
3,0,0,0,0,0,0,0,4,12,56,92,117,150,146,66,52,25,13,0,0,0,0,0
0,0,0,0,0,0,0,0,7,0,14,65,114,106,100,59,36,10,23,17,1,0,0,0
0,0,1,0,0,5,3,0,5,34,11,55,64,67,58,36,28,6,7,1,5,0,0,0
0,0,3,0,3,13,0,0,9,3,9,67,88,88,68,53,10,13,2,5,10,0,0,1
0,0,0,0,10,14,0,12,1,57,76,91,85,87,91,87,74,68,60,42,9,8,0,0
0,0,0,3,32,2,50,58,76,79,89,93,99,93,102,106,111,99,80,64,52,13,0,0
0,0,3,0,51,57,65,82,75,84,101,110,109,125,130,129,131,109,82,82,67,53,11,4
0,0,0,7,52,63,78,99,89,108,127,119,135,158,159,163,151,127,106,69,60,58,31,13
0,0,0,13,63,61,55,105,121,137,146,139,139,180,190,181,164,123,91,63,58,60,52,0
0,0,1,30,73,72,46,82,108,128,139,153,159,172,181,176,140,84,76,50,51,60,59,7
0,4,46,55,60,66,56,67,100,110,132,145,145,156,180,174,137,109,106,61,12,68,63,60
0,0,7,50,54,53,51,36,57,64,100,130,139,138,162,154,131,109,101,35,35,48,74,54
0,0,8,63,91,75,47,11,52,60,71,97,124,119,125,127,104,108,71,13,5,44,52,56
0,0,14,50,85,73,28,8,12,54,74,82,110,69,72,82,74,70,69,11,4,13,53,55
6,13,20,25,45,54,39,25,26,53,82,89,86,73,76,100,93,58,48,25,10,12,36,30
0,0,11,11,56,60,12,11,11,68,110,123,110,69,79,127,119,89,61,62,9,7,10,14
0,0,3,8,14,13,10,8,8,67,107,126,123,103,117,138,148,135,120,107,13,10,12,12
0,0,0,0,8,11,10,12,52,61,115,120,122,115,136,156,164,159,137,101,38,6,4,6
0,0,0,5,5,8,15,32,84,115,131,138,135,155,175,198,198,203,155,128,64,28,8,13
0,2,11,10,6,12,29,47,80,133,172,176,165,152,184,224,240,218,164,135,103,40,15,10
2,0,1,4,12,64,82,101,115,142,167,192,193,156,196,247,273,256,195,146,117,65,50,14
0,3,0,0,9,14,76,101,116,135,160,182,190,180,191,238,246,218,185,160,111,57,39,25
7,7,4,9,11,9,24,103,121,134,151,176,175,159,182,197,206,191,155,126,78,59,43,8
0,0,0,8,9,12,13,78,103,124,136,142,136,113,129,157,159,132,117,103,100,37,10,9
0,3,5,3,9,2,8,15,78,101,103,106,67,66,78,106,120,121,102,69,57,13,11,4
0,0,0,5,0,9,0,35,62,68,72,65,60,50,11,50,33,53,53,41,25,10,12,10
0,0,0,0,0,0,0,8,59,80,72,67,60,54,16,21,18,25,35,7,9,12,9,5
0,0,3,5,0,5,13,15,45,59,59,61,54,50,16,8,21,26,11,12,7,8,9,9
0,0,0,0,0,0,10,6,14,70,94,60,55,52,6,3,5,7,13,21,0,0,0,0
7,0,0,0,0,0,6,11,14,50,55,57,56,40,5,7,7,10,3,3,3,0,0,0
0,1,0,0,0,0,3,14,13,51,56,57,58,50,9,11,11,8,12,3,0,0,1,0
0,0,0,0,0,0,2,15,33,53,55,62,51,11,11,5,2,8,12,6,7,2,9,8
3,0,0,0,0,0,0,16,53,59,60,60,53,11,13,3,9,8,8,7,0,1,5,0
0,0,0,0,1,7,10,10,54,64,69,61,53,39,9,12,14,8,5,7,0,4,3,0
0,0,0,9,11,14,14,40,52,68,68,65,59,36,14,13,7,0,8,8,8,0,0,0
0,0,0,5,8,12,15,34,51,57,68,67,53,45,26,14,12,13,11,10,9,11,1,0
0,0,0,0,5,8,9,14,50,54,50,60,54,14,13,13,11,14,0,6,10,4,7,4
2,5,3,1,2,7,6,14,22,53,57,57,55,12,5,0,0,4,0,6,7,0,4,0
6,5,3,0,9,7,12,13,11,33,53,54,56,31,12,0,0,8,12,8,0,1,0,5
7,7,0,3,10,2,7,4,2,14,54,56,61,27,12,2,7,9,3,1,6,11,2,0
7,1,7,9,4,0,6,9,10,19,46,55,22,11,6,0,9,10,0,8,10,4,9,4

0,0,0,0,0,0,0,0,0,0,0,0,0,0,0,0,0,6,0,0,0,0,0,0
0,0,0,0,0,0,0,0,0,0,0,6,6,6,5,5,10,0,0,0,0,1,0,0
0,0,0,0,0,0,0,0,0,4,14,52,101,101,60,53,23,14,7,3,0,0,4,0
3,0,0,0,0,0,0,0,4,12,56,92,117,149,146,65,52,25,13,0,0,0,0,0
0,0,0,0,0,0,0,0,7,0,14,65,114,105,100,59,36,10,23,17,1,0,0,0
0,0,1,0,0,5,3,0,5,34,11,55,64,67,58,35,28,6,7,1,5,0,0,0
0,0,3,0,3,13,0,0,9,3,9,67,88,88,68,53,10,13,2,5,11,0,0,1
0,0,0,0,10,14,0,13,1,57,76,91,85,87,91,87,74,68,60,43,9,8,0,0
0,0,0,3,31,2,50,58,76,80,89,93,99,93,102,106,112,99,80,65,52,13,0,0
0,0,3,0,51,57,65,82,75,84,101,111,109,126,131,130,132,109,82,82,67,53,11,4
0,0,0,7,52,63,78,99,89,109,127,120,135,159,160,164,152,128,106,69,60,58,31,13
0,0,0,13,63,61,55,105,120,137,145,139,139,180,191,182,164,124,91,63,58,60,52,0
0,0,1,31,73,72,46,82,107,128,139,152,158,172,181,176,140,84,76,50,51,60,58,7
0,4,46,54,60,66,56,66,100,110,132,144,145,155,180,173,137,109,106,61,12,68,63,61
0,0,7,50,54,53,51,36,57,64,100,129,138,138,162,154,131,109,101,35,34,47,74,54
0,0,8,63,91,75,47,11,52,60,71,96,123,119,125,127,104,109,71,13,5,43,52,56
0,0,14,50,85,72,28,8,12,54,74,82,110,69,73,83,75,70,69,11,4,14,53,55
6,13,20,25,44,54,39,25,26,53,83,89,87,73,77,101,93,59,47,24,10,12,36,30
0,0,11,11,56,60,12,11,11,68,110,123,110,69,79,127,120,89,61,62,9,7,10,14
0,0,3,8,14,13,10,8,8,67,107,126,123,103,117,138,148,136,120,107,13,11,12,12
0,0,0,0,8,11,10,11,52,61,114,120,122,115,136,156,164,160,137,101,37,6,4,6
0,0,0,5,5,8,15,32,83,114,131,138,136,155,175,199,199,203,155,128,63,28,8,13
0,2,11,10,6,12,29,47,80,133,172,176,165,152,184,224,240,219,164,135,103,40,15,10
3,0,1,4,12,64,85,101,114,142,167,192,193,156,196,247,273,256,195,146,117,65,50,14
0,3,0,0,9,14,77,101,116,135,160,182,190,180,191,238,246,218,185,160,111,57,39,25
7,7,5,9,11,9,24,103,121,134,151,176,176,159,182,197,207,191,156,126,78,58,43,8
0,0,0,8,9,12,13,78,103,124,136,142,136,114,129,157,160,132,117,102,100,36,10,9
0,3,5,3,9,2,8,15,78,101,103,106,67,65,79,106,120,121,102,69,58,13,11,4
0,0,0,5,0,9,0,36,62,68,72,65,60,51,10,50,35,53,52,41,25,10,12,10
0,0,0,0,0,0,0,8,59,81,73,67,60,54,16,21,18,25,35,7,9,12,9,5
0,0,3,5,0,5,13,15,45,59,58,61,54,50,16,8,21,26,11,12,7,8,9,9
0,0,0,0,0,0,10,6,14,70,94,60,55,52,6,3,5,7,13,21,0,0,0,0
7,0,0,0,0,0,6,11,14,50,55,57,56,41,5,7,7,10,3,3,3,0,0,0
0,1,0,0,0,0,3,14,13,51,56,57,59,50,9,11,11,8,12,2,0,0,1,0
0,0,0,0,0,0,2,15,33,52,55,62,50,11,11,5,2,8,12,6,7,2,9,8
3,0,0,0,0,0,0,17,52,59,60,60,53,11,12,3,9,8,8,7,0,1,5,0
0,0,0,0,1,7,10,10,54,65,69,61,53,40,9,12,14,8,5,7,0,4,3,0
0,0,0,9,11,14,14,41,52,68,68,65,59,36,14,13,7,0,8,8,8,0,0,0
0,0,0,5,8,12,15,34,51,57,69,67,53,45,27,13,12,13,11,10,9,11,1,0
0,0,0,0,5,8,9,14,50,54,50,60,54,14,13,13,11,14,0,6,10,4,7,3
2,5,3,1,2,7,6,14,22,53,57,57,55,12,5,0,0,4,0,6,7,0,4,0
6,5,3,0,9,8,12,13,12,33,53,55,57,31,12,0,0,8,12,8,0,2,0,5
7,7,0,3,10,2,7,4,2,14,54,56,61,27,12,2,7,10,3,1,6,11,2,0
7,1,7,9,5,0,6,9,10,20,46,55,23,11,6,0,9,10,0,8,10,4,9,4

0,0,0,0,0,0,0,0,0,0,0,0,0,0,0,0,0,6,0,0,0,0,0,0
0,0,0,0,0,0,0,0,0,0,0,5,6,6,5,5,10,0,0,0,0,1,0,0
0,0,0,0,0,0,0,0,0,4,14,51,101,101,60,53,22,14,6,3,0,0,4,0
3,0,0,0,0,0,0,0,4,12,56,91,116,148,145,65,52,25,13,0,0,0,0,0
0,0,0,0,0,0,0,0,7,0,14,66,114,105,100,59,35,10,23,17,1,0,0,0
0,0,1,0,0,5,3,0,5,34,11,55,64,67,58,36,27,6,7,1,5,0,0,0
0,0,3,0,3,13,0,0,9,3,9,67,88,88,68,53,10,13,2,5,11,0,0,1
0,0,0,0,10,14,0,13,1,57,76,91,85,87,91,87,74,68,61,43,9,8,0,0
0,0,0,3,33,2,50,58,77,80,89,93,99,93,102,106,112,99,81,65,52,13,0,0
0,0,3,0,51,57,66,82,75,84,102,111,110,126,131,130,132,109,82,82,67,53,11,5
0,0,0,8,52,64,78,99,89,109,127,119,135,160,161,165,152,128,106,69,60,58,31,13
0,0,0,13,63,61,55,105,120,136,146,139,139,181,193,183,164,123,91,63,58,60,52,0
0,0,1,31,73,72,46,81,107,127,138,152,157,173,182,177,140,83,76,50,51,60,58,7
0,4,47,54,60,66,57,66,100,110,131,144,144,155,180,173,137,109,106,61,12,68,63,60
0,0,7,50,54,53,51,35,56,63,99,129,137,137,163,154,130,108,101,35,34,47,74,54
0,0,8,62,91,75,47,11,51,60,70,95,122,119,125,127,103,108,71,13,4,43,52,56
0,0,14,50,84,72,28,8,12,53,73,81,110,69,73,83,75,69,68,11,4,13,53,55
6,13,20,24,45,54,39,25,26,53,82,90,87,73,77,102,93,59,47,24,10,12,36,30
0,0,11,11,56,60,12,11,11,67,110,123,110,69,79,127,120,90,61,62,9,7,10,14
0,0,3,8,14,13,10,8,8,67,107,126,123,103,117,138,149,136,120,107,13,11,13,12
0,0,0,0,8,10,10,11,52,61,114,120,123,115,136,157,165,160,137,101,37,6,4,6
0,0,0,5,5,8,15,32,83,114,131,139,135,156,175,199,199,203,156,128,63,28,7,13
0,2,11,10,6,12,29,47,80,133,172,176,166,152,184,224,240,219,164,135,103,40,15,10
3,0,1,4,12,64,84,101,114,142,167,192,193,156,196,247,273,257,196,146,117,65,50,14
0,3,0,0,9,14,75,101,116,135,160,182,190,180,191,239,246,218,186,160,111,57,39,25
7,7,4,9,11,9,24,103,121,134,152,176,176,159,182,198,207,191,156,126,78,59,43,8
0,0,0,8,9,12,13,77,103,124,136,142,136,114,129,157,160,132,117,103,100,37,10,9
0,3,5,3,9,2,8,15,78,101,103,106,67,65,78,106,120,121,102,69,57,13,11,4
1,0,0,5,0,9,0,35,62,68,72,65,60,50,11,50,33,53,52,41,25,10,13,10
0,0,0,0,0,0,0,8,59,81,72,67,60,54,16,21,18,25,35,7,9,12,9,5
0,0,3,5,0,5,13,15,45,59,58,61,54,50,16,8,21,26,11,12,7,8,9,9
0,0,0,0,0,0,10,6,14,70,94,60,55,52,6,3,5,7,13,21,0,0,0,0
7,0,0,0,0,0,6,11,14,50,55,57,56,41,5,7,7,10,3,3,3,0,0,0
0,1,0,0,0,0,3,14,13,51,56,58,59,50,9,11,11,8,12,2,0,0,1,0
0,0,0,0,0,0,2,15,32,52,55,62,50,11,11,5,2,8,12,6,7,2,9,8
3,0,0,0,0,0,0,18,52,59,60,61,53,11,13,3,9,8,8,7,0,1,5,0
0,0,0,0,1,7,10,10,54,64,69,61,53,39,9,12,14,8,5,7,0,4,2,0
0,0,0,9,11,14,14,41,52,68,68,65,59,37,14,13,7,0,8,8,8,0,0,0
0,0,0,5,8,12,15,34,51,57,68,67,53,45,26,14,12,13,11,10,9,11,1,0
0,0,0,0,5,8,9,14,50,54,50,60,54,14,13,13,11,14,0,6,10,4,7,3
2,5,3,1,3,7,6,14,23,53,57,57,55,12,5,0,0,4,0,6,7,0,4,0
6,5,3,0,9,8,12,13,12,33,53,55,56,31,13,0,0,8,12,8,0,1,0,5
7,7,0,3,10,2,7,4,3,14,54,56,61,28,12,2,7,10,3,1,6,11,2,0
7,1,8,9,5,0,6,9,10,21,46,55,24,11,6,0,9,10,0,8,9,4,9,4

0,0,0,0,0,0,0,0,0,0,0,0,0,0,0,0,0,6,0,0,0,0,0,0
0,0,0,0,0,0,0,0,0,0,0,6,6,6,5,5,10,0,0,0,0,1,0,0
0,0,0,0,0,0,0,0,0,4,14,51,101,101,60,53,22,14,6,3,0,0,4,0
3,0,0,0,0,0,0,0,4,12,56,92,117,149,145,65,52,25,13,0,0,0,0,0
0,0,0,0,0,0,0,0,7,0,14,65,114,106,101,59,35,10,23,16,1,0,0,0
0,0,1,0,0,5,3,0,5,34,11,55,64,67,58,36,28,6,7,1,5,0,0,0
0,0,3,0,3,13,0,0,9,3,9,67,88,88,68,53,10,13,2,5,11,0,0,1
0,0,0,0,10,14,0,13,1,57,76,91,85,87,91,87,74,68,61,43,9,8,0,0
0,0,0,3,33,2,50,58,77,80,89,93,99,93,102,106,112,99,80,65,52,13,0,0
0,0,3,0,51,57,66,82,75,84,101,110,109,125,130,129,131,109,82,82,67,53,11,4
0,0,0,7,52,63,78,99,89,108,126,118,134,159,159,162,150,127,106,69,60,58,31,13
0,0,0,13,63,61,55,105,120,136,145,138,138,180,191,181,163,123,91,63,58,60,53,0
0,0,1,30,73,72,46,81,107,127,138,151,157,173,182,176,139,83,76,50,51,60,58,7
0,4,46,54,60,66,56,67,100,110,131,144,145,156,181,174,137,109,106,61,12,68,63,61
0,0,7,50,54,53,51,35,56,63,99,129,138,138,163,154,131,108,101,35,34,47,73,54
0,0,8,62,91,75,47,11,51,60,70,96,123,119,126,127,104,108,71,13,5,43,52,56
0,0,14,50,85,72,27,8,12,53,74,81,111,69,73,83,75,69,69,11,4,13,53,55
6,13,20,24,45,54,39,25,26,53,82,90,87,73,77,102,94,59,48,25,10,12,36,30
0,0,11,11,56,59,12,11,11,68,110,123,110,69,79,127,120,90,61,62,9,8,10,14
0,0,3,8,14,13,10,8,8,67,107,126,123,103,117,138,149,136,120,107,13,11,13,12
0,0,0,0,8,10,10,11,52,61,114,120,123,115,136,157,165,160,137,101,37,6,4,6
0,0,0,5,5,8,15,32,83,114,131,138,135,155,175,200,199,204,156,128,63,28,8,13
0,2,11,10,6,12,29,47,79,132,172,176,165,152,184,224,241,219,165,135,103,40,15,10
3,0,1,4,12,64,84,101,114,142,167,192,193,156,197,248,274,258,196,146,117,65,50,14
0,3,0,0,9,14,75,101,116,135,160,182,190,180,191,239,246,218,186,160,111,57,38,25
7,7,5,9,11,9,24,103,121,134,152,176,176,159,183,198,207,192,156,126,78,59,43,8
0,0,0,8,9,12,13,78,103,123,136,142,136,114,129,157,160,132,117,102,100,36,10,9
0,3,5,3,9,2,8,16,78,101,103,106,67,66,79,106,120,121,102,69,57,13,11,4
1,0,0,5,0,9,0,36,62,68,72,65,60,50,11,50,35,53,52,41,25,10,12,10
0,0,0,0,0,0,0,9,59,81,72,67,60,54,16,21,18,26,35,7,9,12,9,5
0,0,3,5,0,5,13,15,45,59,58,61,54,50,16,8,21,26,11,12,7,8,9,9
0,0,0,0,0,0,10,6,14,70,94,60,55,52,6,3,5,7,13,21,0,0,0,0
7,0,0,0,0,0,6,11,14,50,55,57,56,40,5,7,7,10,3,3,3,0,0,0
0,1,0,0,0,0,3,14,13,51,56,58,58,50,9,11,11,8,12,2,0,0,1,0
0,0,0,0,0,0,3,15,33,52,55,62,50,11,11,5,2,8,12,6,7,2,9,8
3,0,0,0,0,0,0,18,52,59,60,61,53,13,12,3,9,8,8,7,0,1,5,0
0,0,0,0,1,7,10,10,54,65,69,62,53,39,9,12,14,8,5,7,0,4,3,0
0,0,0,9,11,15,14,42,52,68,68,65,59,36,14,13,7,0,8,8,8,0,0,0
0,0,0,5,8,12,15,36,51,57,69,67,53,45,28,14,12,13,10,10,9,11,1,0
0,0,0,0,5,8,9,14,50,54,50,60,54,14,13,13,11,14,0,6,10,4,7,4
2,5,3,1,3,7,7,14,23,53,57,57,55,12,5,0,0,4,0,6,7,0,4,0
6,5,3,0,9,8,12,13,12,34,53,55,56,31,13,0,0,8,12,8,0,1,0,5
7,7,0,3,10,2,7,4,3,14,54,56,61,27,12,3,7,10,3,1,6,11,2,0
7,1,7,9,5,0,6,9,10,20,47,55,24,11,6,0,9,10,0,8,9,4,9,4

0,0,0,0,0,0,0,0,0,0,0,0,0,0,0,0,0,7,0,0,0,0,0,0
0,0,0,0,0,0,0,0,0,0,0,6,6,6,5,5,10,0,0,0,0,1,0,0
0,0,0,0,0,0,0,0,0,4,14,52,101,101,60,53,23,14,6,3,0,0,4,0
3,0,0,0,0,0,0,0,4,12,57,92,117,150,146,66,52,26,13,0,0,0,0,0
0,0,0,0,0,0,0,0,7,0,14,65,114,106,101,59,36,10,23,17,1,0,0,0
0,0,1,0,0,5,3,0,5,34,11,55,64,67,58,36,28,6,7,1,5,0,0,0
0,0,3,0,3,13,0,0,9,3,9,67,88,88,68,53,10,13,2,5,11,0,0,1
0,0,0,0,10,14,0,13,1,57,76,91,86,87,91,88,74,68,61,43,9,8,0,0
0,0,0,3,32,2,50,58,77,80,89,93,99,93,102,106,112,99,81,65,52,13,0,0
0,0,3,0,51,57,65,82,75,84,101,110,110,126,130,129,131,108,82,82,67,53,11,4
0,0,0,8,52,63,78,99,88,108,126,119,135,159,159,162,150,127,106,69,60,58,31,13
0,0,0,13,63,61,55,105,120,136,145,138,138,180,190,181,163,123,91,63,58,60,52,0
0,0,1,31,73,72,46,81,107,127,138,151,157,172,181,176,140,83,76,50,51,60,59,7
0,4,47,54,60,66,56,66,100,110,131,144,145,156,180,174,137,109,106,61,12,68,63,60
0,0,7,50,54,53,51,35,56,63,99,129,138,138,163,154,131,109,101,35,34,48,74,54
0,0,8,63,91,75,47,11,51,60,71,96,123,119,126,127,104,108,71,13,5,44,52,56
0,0,14,50,85,72,28,8,12,53,74,82,111,69,73,83,75,70,69,11,4,13,53,55
6,13,20,24,45,54,39,25,26,53,82,89,87,73,77,102,93,59,48,25,10,12,36,30
0,0,11,11,56,59,12,11,11,68,110,123,110,69,79,127,120,90,61,63,9,8,10,14
0,0,3,8,14,13,10,8,8,67,107,126,123,103,117,138,149,136,120,107,13,11,12,12
0,0,0,0,8,11,10,11,52,61,114,120,122,115,136,157,165,160,137,101,37,6,4,6
0,0,0,5,5,8,15,32,83,114,131,138,135,156,175,200,200,203,156,129,63,28,7,13
0,2,11,10,6,11,29,47,80,132,172,175,165,153,185,225,241,220,165,135,103,40,15,10
2,0,1,4,12,64,84,101,114,142,166,191,193,156,196,248,274,257,197,146,117,65,50,14
0,3,0,0,9,14,77,101,116,135,160,182,190,180,191,239,247,219,186,161,111,57,39,25
7,7,4,9,11,9,24,103,121,134,152,176,176,159,183,198,207,192,156,126,77,59,43,8
0,0,0,8,9,12,13,78,103,124,136,142,136,114,129,157,160,132,117,103,100,36,10,9
0,3,5,3,9,2,8,15,77,101,103,106,67,66,78,106,120,121,102,69,57,13,11,4
1,0,0,5,0,9,0,36,62,68,72,65,60,51,10,50,33,53,52,41,24,10,13,10
0,0,0,0,0,0,0,9,59,80,72,67,60,54,16,22,18,26,35,7,9,12,9,5
0,0,3,5,0,5,13,15,45,59,58,61,54,50,16,8,21,27,11,12,7,8,9,9
0,0,0,0,0,0,10,6,14,70,94,60,55,52,6,3,5,7,13,21,0,0,0,0
7,0,0,0,0,0,6,11,14,50,55,57,56,41,5,7,7,10,3,3,4,0,0,0
0,1,0,0,0,0,3,14,13,51,56,58,58,50,9,11,11,8,12,2,0,0,1,0
0,0,0,0,0,0,3,15,34,53,55,62,51,11,11,6,2,8,12,6,7,2,9,8
3,0,0,0,0,0,0,18,53,59,60,61,53,13,12,3,9,8,8,7,0,1,5,0
0,0,0,0,1,7,10,11,54,65,69,62,53,40,9,12,14,8,5,7,0,4,3,0
0,0,0,9,11,14,14,41,52,68,68,65,60,36,14,13,7,0,8,8,8,0,0,0
0,0,0,5,8,12,15,35,51,57,69,67,53,45,28,14,12,13,10,10,9,11,1,0
0,0,0,0,5,8,9,14,50,54,50,60,54,15,13,13,11,14,0,6,10,4,7,3
2,5,3,2,3,7,7,14,23,53,57,57,55,12,5,0,0,4,0,6,7,0,4,0
6,5,3,0,9,8,12,13,12,34,53,55,56,33,13,0,0,8,12,8,0,1,0,5
7,7,0,4,10,2,7,4,3,14,54,56,61,28,12,3,7,10,3,1,6,11,2,0
7,1,7,9,5,0,6,9,10,20,47,55,23,11,6,0,9,9,0,8,9,4,9,4

0,0,0,0,0,0,0,0,0,0,0,0,0,0,0,0,0,6,0,0,0,0,0,0
0,0,0,0,0,0,0,0,0,0,0,6,6,6,5,5,10,0,0,0,0,1,0,0
0,0,0,0,0,0,1,0,0,4,14,52,101,101,60,53,23,14,7,3,0,0,4,0
3,0,0,0,0,0,0,0,4,12,56,92,118,152,148,66,52,26,13,0,0,0,0,0
0,0,0,0,0,0,0,0,7,0,14,65,114,106,101,59,37,11,23,17,1,0,0,0
0,0,1,0,0,5,3,0,5,34,11,55,64,67,58,36,28,6,7,1,5,0,0,0
0,0,3,0,3,13,0,0,9,3,9,67,88,88,68,53,10,13,2,5,11,0,0,1
0,0,0,0,10,14,0,13,0,57,76,91,85,87,91,87,74,68,60,42,9,8,0,0
0,0,0,3,31,2,50,58,77,79,89,93,99,92,102,106,111,99,80,65,52,13,0,0
0,0,3,0,51,57,65,82,75,84,101,110,109,125,130,129,131,109,82,82,67,53,11,4
0,0,0,7,52,63,78,99,89,108,126,118,134,158,158,162,151,127,106,69,60,58,31,13
0,0,0,13,63,61,55,105,120,136,144,138,138,179,190,180,163,123,91,63,58,60,52,0
0,0,1,30,73,72,46,82,107,127,138,151,156,171,180,176,140,84,76,50,51,60,59,7
0,4,46,55,60,66,56,67,100,110,131,144,144,155,180,173,137,109,106,61,12,68,63,61
0,0,7,50,54,53,51,38,56,64,99,129,138,138,162,154,131,109,101,35,35,47,74,54
0,0,8,63,91,75,47,11,51,60,71,96,123,119,126,127,104,109,71,13,5,43,52,56
0,0,14,50,85,72,27,8,12,54,74,82,110,69,73,83,75,70,69,11,4,14,53,55
6,13,20,25,45,54,39,26,26,53,82,89,87,73,77,101,93,59,48,25,10,12,36,30
0,0,11,11,56,60,12,11,11,68,110,123,110,69,79,127,120,90,61,63,9,8,10,14
0,0,3,8,14,13,10,8,8,67,107,126,123,103,117,138,148,136,120,107,13,11,13,12
0,0,0,0,8,10,10,11,52,61,114,120,122,115,136,156,165,160,137,101,38,6,4,6
0,0,0,5,5,8,15,32,84,114,130,138,135,155,175,199,199,204,156,129,63,28,8,13
0,2,11,10,6,11,29,47,79,132,171,175,165,153,185,225,240,220,165,136,103,40,15,10
2,0,1,4,12,64,85,101,114,142,166,191,193,156,197,248,274,258,197,146,117,65,50,14
0,3,0,0,9,14,77,101,116,135,160,182,190,181,191,239,247,219,186,161,111,57,38,25
7,7,4,9,11,9,26,103,121,134,152,176,176,160,183,198,208,192,156,126,77,57,43,8
0,0,0,8,9,12,13,77,103,123,136,142,136,114,129,158,160,132,117,102,100,36,10,9
0,3,5,3,10,2,8,16,78,101,103,106,67,64,78,106,120,121,102,69,57,13,11,4
1,0,0,5,0,9,0,36,62,68,72,65,60,50,11,50,35,53,52,41,24,10,12,10
0,0,0,0,0,0,0,8,59,81,73,67,60,54,16,22,18,26,35,7,9,12,9,5
0,0,3,5,0,5,13,15,45,59,59,61,54,50,16,8,21,26,12,12,7,8,9,9
0,0,0,0,0,0,10,6,14,70,94,60,55,52,6,3,5,7,13,21,0,0,0,0
7,0,0,0,0,0,6,11,14,50,56,57,56,41,5,7,7,10,3,3,4,0,0,0
0,1,0,0,0,0,3,14,13,51,56,58,59,50,9,11,11,8,12,2,0,0,1,0
0,0,0,0,0,0,3,15,34,53,55,62,51,11,11,6,2,8,12,6,7,2,9,8
3,0,0,0,0,0,0,18,53,59,60,61,53,13,12,3,9,8,8,7,0,1,5,0
0,0,0,0,2,7,10,11,55,65,69,62,53,40,9,12,14,8,5,7,0,4,3,0
0,0,0,9,11,14,14,41,52,68,68,65,60,36,14,13,7,0,8,8,8,0,0,0
0,0,0,5,8,12,15,35,51,57,68,67,53,45,28,14,12,13,10,10,9,11,1,0
0,0,0,0,5,8,9,14,50,54,50,60,54,14,13,13,11,14,0,6,10,4,7,3
2,5,3,1,3,7,7,14,23,53,57,57,55,12,5,0,0,4,0,6,7,0,3,0
6,5,3,0,9,8,12,13,12,34,53,54,56,33,13,0,0,8,12,8,0,1,0,5
7,7,0,4,10,2,7,5,3,14,54,56,61,27,12,2,7,10,3,1,6,11,2,0
7,1,8,9,5,0,6,9,10,20,47,55,24,11,6,0,9,9,0,8,10,3,9,4
0,0,0,0,0,0,6,0,0,0,0,0,0,0,0,0,0,0,0,0,0,0,0,0
0,0,0,0,0,0,0,9,2,5,4,2,5,0,0,0,0,0,0,0,0,0,0,0
0,4,0,0,0,4,13,19,51,57,98,101,52,13,2,0,0,1,0,0,0,0,0,0
0,0,0,0,0,12,22,48,61,121,133,113,93,47,10,4,0,0,0,0,0,0,0,3
0,0,0,1,15,20,7,15,55,90,96,111,64,21,0,6,0,0,0,0,0,0,0,0
0,0,0,5,1,6,4,19,21,54,64,63,53,10,29,5,0,3,5,0,0,1,0,0
0,0,0,10,6,3,14,11,54,69,88,88,67,9,2,10,0,0,13,3,0,3,0,0
0,0,9,9,47,61,69,75,88,92,88,87,92,77,58,4,13,0,14,11,0,0,0,0
0,0,13,53,65,81,100,114,108,105,97,102,94,90,80,77,59,50,3,40,4,0,0,0
5,12,53,67,82,82,110,134,134,135,131,115,113,103,85,75,83,66,58,52,1,4,0,0
13,32,58,60,69,106,128,155,169,167,167,140,123,130,110,89,100,79,64,53,8,1,0,0
0,53,60,58,63,91,123,165,186,197,185,142,142,148,137,121,106,55,61,63,14,0,0,0
7,58,60,51,50,76,83,139,178,185,176,162,157,140,128,108,82,46,72,74,32,1,0,0
61,63,68,12,60,106,108,136,174,181,156,146,146,133,110,100,68,56,66,60,55,47,4,0
54,73,48,33,34,100,108,130,153,161,137,139,131,100,64,57,36,51,53,54,51,8,0,0
56,52,43,4,13,70,108,102,125,123,118,123,97,71,60,51,11,46,75,91,63,8,0,0
55,53,13,4,10,68,69,74,81,71,68,111,82,74,53,12,8,25,71,83,50,14,0,0
30,36,12,9,24,47,59,93,99,74,72,87,90,83,53,27,25,38,54,45,25,20,13,6
13,9,7,9,61,61,89,121,127,77,69,110,124,111,69,12,11,11,59,56,11,11,1,0
12,12,10,13,106,119,136,148,137,116,103,123,128,108,68,8,9,10,14,15,9,3,0,0
6,4,6,36,100,136,158,163,156,135,116,123,122,116,62,52,12,11,11,8,0,0,0,0
13,8,27,60,126,150,199,197,197,175,158,137,141,133,116,86,34,18,9,6,6,0,0,0
10,15,39,102,132,158,214,237,223,185,155,168,182,178,136,82,48,30,13,7,11,12,3,0
14,49,64,115,143,188,248,268,247,198,160,200,197,171,145,115,102,85,65,12,4,1,0,3
23,38,57,109,155,179,210,241,237,191,183,193,185,163,137,117,101,76,14,10,0,0,4,0
7,40,57,77,125,152,187,202,195,180,157,176,178,154,136,122,103,27,10,11,10,5,7,7
9,10,36,100,102,116,130,156,155,126,112,135,143,137,125,104,80,13,12,9,9,0,0,0
4,11,13,57,69,101,121,119,106,76,64,67,106,103,101,79,16,7,2,9,3,5,3,0
10,12,10,25,40,53,52,36,45,10,50,60,64,72,68,62,35,0,9,0,5,0,0,0
4,9,12,8,7,34,23,16,21,15,54,61,67,72,81,59,8,0,0,0,0,0,0,0
9,9,8,7,12,11,24,20,8,14,50,54,62,59,59,45,14,13,5,0,5,3,0,0
0,0,0,0,20,13,7,5,3,5,52,55,60,95,70,14,6,10,0,0,0,0,0,0
0,0,0,3,3,3,9,7,6,5,37,56,56,54,50,13,10,5,0,0,0,0,0,7
0,1,0,0,3,12,7,10,11,9,50,58,57,56,50,12,13,2,0,0,0,0,1,0
8,9,2,7,5,12,7,2,4,11,10,50,61,55,52,27,14,0,0,0,0,0,0,0
0,5,1,0,7,7,8,8,2,13,12,53,60,60,58,52,14,0,0,0,0,0,0,3
0,2,3,0,7,5,7,14,12,9,37,53,61,68,64,53,10,10,6,0,0,0,0,0
0,0,0,8,8,9,0,6,13,13,36,59,64,67,67,52,38,14,14,11,8,0,0,0
0,1,11,10,11,13,13,12,13,27,45,53,67,68,57,51,32,14,11,8,4,0,0,0
3,7,4,10,8,1,13,11,13,12,14,54,60,50,53,46,13,8,8,5,0,0,0,0
0,4,0,7,7,0,4,0,0,4,12,55,57,58,52,17,14,6,6,2,0,2,5,1
5,1,2,0,7,12,7,0,0,12,30,55,54,53,28,11,13,12,7,8,0,2,5,5
0,2,11,6,2,3,9,6,2,11,24,61,56,53,13,1,2,6,1,9,3,0,6,7
4,9,4,10,9,0,9,9,0,6,11,21,55,44,15,9,8,5,0,3,8,7,0,6

0,0,0,0,0,0,6,0,0,0,0,0,0,0,0,0,0,0,0,0,0,0,0,0
0,0,0,0,0,0,0,9,2,5,4,3,5,0,0,0,0,0,0,0,0,0,0,0
0,4,0,0,0,4,14,20,51,57,98,100,50,13,2,0,0,0,0,0,0,0,0,0
0,0,0,0,0,13,23,50,62,128,135,111,90,46,9,4,0,0,0,0,0,0,0,3
0,0,0,1,15,20,8,20,57,94,99,111,63,14,0,6,0,0,0,0,0,0,0,0
0,0,0,5,2,7,4,21,24,55,65,63,52,10,29,5,0,3,5,0,0,1,0,0
0,0,0,10,6,3,14,11,53,69,88,87,67,8,3,10,0,0,13,3,0,3,0,0
0,0,9,9,48,61,69,75,88,91,87,86,92,77,58,4,13,0,14,11,0,0,0,0
0,0,13,53,65,81,100,113,107,104,95,101,93,89,80,77,59,50,3,41,4,0,0,0
5,12,53,67,82,82,109,133,133,134,129,113,112,102,85,75,83,66,58,52,1,4,0,0
13,32,58,60,69,106,128,154,169,167,166,139,122,128,110,89,100,79,64,53,8,1,0,0
0,52,60,58,63,91,123,165,187,198,187,142,142,147,137,121,105,55,61,63,14,0,0,0
7,58,60,51,50,76,83,140,181,187,178,163,157,140,128,108,82,45,72,74,32,1,0,0
61,63,68,12,60,106,108,137,175,183,159,147,147,133,110,100,67,56,65,60,56,48,4,0
54,73,47,33,34,100,108,130,153,162,137,139,131,100,64,57,36,50,53,54,50,8,0,0
56,52,42,4,13,70,108,102,126,124,118,123,96,71,60,51,11,47,74,91,63,8,0,0
55,53,13,4,10,68,69,74,82,72,69,110,82,73,53,12,8,26,71,83,50,14,0,0
30,36,12,9,24,47,59,93,101,77,73,87,90,82,52,27,25,39,54,45,25,20,13,6
14,9,7,9,60,61,90,121,128,79,69,110,124,110,68,11,11,11,59,55,11,11,1,0
12,12,10,13,106,120,136,149,138,116,103,123,127,108,67,8,9,10,13,15,8,3,0,0
6,4,6,35,100,136,160,164,156,135,115,123,121,115,62,52,11,11,11,8,0,0,0,0
13,8,27,61,126,153,200,197,196,173,155,136,140,132,115,84,33,17,9,6,5,0,0,0
10,15,40,103,133,160,215,237,222,182,152,166,179,176,134,80,47,30,12,7,11,12,3,0
14,50,65,116,144,190,249,268,246,195,156,197,195,169,144,115,101,82,64,12,4,1,0,3
24,38,58,110,157,181,212,241,236,190,181,192,184,162,136,116,101,73,14,9,0,0,4,0
8,42,59,79,126,154,188,203,196,180,157,175,176,153,135,122,103,24,9,11,10,5,7,7
9,10,39,101,103,117,131,158,155,127,112,135,142,136,124,104,78,13,12,9,8,0,0,0
4,11,13,58,70,102,121,119,106,76,64,67,106,103,101,78,14,7,2,9,3,5,3,0
10,12,10,27,42,54,54,37,46,11,50,60,65,72,68,62,35,0,8,0,5,0,0,0
5,9,12,9,7,34,24,17,21,15,54,61,67,72,81,59,8,0,0,0,0,0,0,0
9,9,8,7,12,11,25,19,8,14,50,54,61,58,59,44,14,13,5,0,5,3,0,0
0,0,0,0,20,13,7,5,3,5,52,55,60,94,69,14,6,10,0,0,0,0,0,0
0,0,0,3,3,3,9,7,6,5,36,56,56,54,49,13,10,5,0,0,0,0,0,7
0,1,0,0,3,12,7,10,11,9,50,58,57,55,51,12,13,2,0,0,0,0,1,0
8,9,2,7,5,12,7,3,4,11,10,50,61,55,52,28,14,0,0,0,0,0,0,0
0,5,1,0,7,7,8,9,2,13,12,53,60,60,58,52,14,0,0,0,0,0,0,3
0,2,3,0,7,5,8,14,12,9,36,53,61,68,64,53,10,10,6,1,0,0,0,0
0,0,0,8,8,8,0,7,13,14,36,59,64,67,67,52,39,14,14,11,8,0,0,0
0,1,11,10,11,13,13,12,13,26,44,53,67,68,57,51,31,14,11,8,4,0,0,0
3,7,4,10,9,1,14,11,13,12,14,54,59,50,53,48,13,8,8,5,0,0,0,0
0,4,0,7,7,0,4,0,0,4,12,55,57,57,52,18,14,6,6,2,1,2,5,1
5,1,1,0,7,12,7,0,0,12,29,56,55,53,29,11,13,12,7,8,0,2,5,5
0,2,11,6,2,3,9,6,2,11,25,61,56,53,13,1,3,6,1,9,3,0,6,7
4,9,4,10,9,0,10,9,0,6,11,21,55,44,17,9,9,5,0,4,8,7,0,7

0,0,0,0,0,0,6,0,0,0,0,0,0,0,0,0,0,0,0,0,0,0,0,0
0,0,0,0,0,0,0,9,3,5,4,4,5,0,0,0,0,0,0,0,0,0,0,0
0,4,0,0,1,5,14,21,52,58,100,100,47,13,2,0,0,0,0,0,0,0,0,0
0,0,0,0,0,13,23,51,64,135,139,111,89,48,10,4,0,0,0,0,0,0,0,3
0,0,0,1,15,21,9,25,58,97,101,111,63,14,0,6,0,0,0,0,0,0,0,0
0,0,0,5,1,7,5,22,30,56,65,62,52,10,30,5,0,3,5,0,0,1,0,0
0,0,0,10,6,2,14,11,53,68,87,86,65,8,2,9,0,0,13,3,0,3,0,0
0,0,9,9,47,61,69,75,87,91,87,85,91,76,58,3,13,0,14,11,0,0,0,0
0,0,13,53,65,81,100,113,107,102,93,100,93,89,80,77,59,50,3,41,4,0,0,0
5,12,53,67,82,82,109,132,131,132,127,110,110,101,84,75,83,66,58,52,1,4,0,0
13,31,58,60,69,106,127,151,165,163,163,137,120,127,109,89,99,78,64,53,8,1,0,0
0,52,60,58,63,91,122,163,184,195,184,141,141,146,136,120,105,55,61,63,14,0,0,0
7,58,60,51,50,76,83,140,179,186,177,161,156,139,127,107,81,45,72,74,32,1,0,0
60,63,68,12,60,106,109,137,175,183,158,147,147,133,110,100,66,56,66,60,54,48,4,0
54,73,47,34,33,101,108,130,154,162,138,139,131,100,64,56,35,51,53,54,50,7,0,0
56,52,43,4,13,70,108,103,126,124,119,124,97,71,60,51,11,50,75,91,64,8,0,0
55,53,13,4,11,68,69,74,82,72,69,111,82,74,53,12,8,26,72,83,50,14,0,0
30,36,12,9,24,47,59,93,102,78,73,88,90,83,53,27,25,39,54,45,25,20,13,6
14,10,7,9,61,61,90,121,128,79,69,110,124,110,68,11,11,12,59,55,11,11,1,0
12,12,10,13,107,120,136,149,138,117,104,124,127,108,67,8,9,10,13,15,8,3,0,0
6,4,6,35,100,136,160,165,157,136,115,123,121,115,61,52,11,11,11,8,0,0,0,0
13,8,27,61,127,153,201,197,198,173,155,136,140,132,115,83,33,17,8,6,5,0,0,0
10,15,39,103,134,161,216,238,223,183,152,166,179,175,134,80,47,29,12,6,11,12,3,0
14,50,65,116,145,191,251,270,246,195,156,196,194,169,144,115,101,84,64,12,4,1,0,3
24,39,58,111,158,182,213,243,237,190,181,191,183,161,136,116,101,73,14,9,0,0,4,0
8,43,60,80,126,154,189,204,196,180,157,175,176,152,135,122,103,24,9,11,9,5,7,7
9,10,39,101,103,117,131,158,156,127,113,135,142,136,124,104,78,13,12,9,8,0,0,0
4,11,13,58,71,102,122,119,106,77,64,67,106,103,101,78,15,7,2,9,3,5,3,0
10,13,10,27,42,54,55,35,47,11,50,60,65,72,68,61,36,0,8,0,5,0,0,0
5,9,12,9,7,35,24,17,21,15,54,61,67,72,81,59,8,0,0,0,0,0,0,0
9,9,8,7,12,11,25,20,8,14,50,54,61,59,59,44,14,13,5,0,5,3,0,0
0,0,0,0,20,13,7,5,3,5,52,55,60,94,69,14,6,10,0,0,0,0,0,0
0,0,0,3,3,3,9,7,6,5,39,56,56,55,49,13,10,6,0,0,0,0,0,7
0,1,0,0,3,12,7,10,11,9,50,58,57,55,51,12,13,2,0,0,0,0,1,0
8,9,2,7,5,12,7,2,4,11,10,50,61,55,52,29,14,1,0,0,0,0,0,0
0,5,1,0,7,8,8,9,2,13,12,53,60,60,58,52,14,0,0,0,0,0,0,3
0,2,3,0,7,5,8,14,12,9,36,53,61,68,64,53,10,10,6,1,0,0,0,0
0,0,0,8,8,8,0,7,13,14,36,59,64,67,67,52,40,14,14,11,8,0,0,0
0,1,11,10,11,13,13,12,13,27,45,53,67,68,57,51,32,14,11,8,4,0,0,0
3,7,4,10,9,1,13,11,13,12,14,54,60,50,53,48,13,8,8,5,0,0,0,0
0,4,0,7,6,0,4,0,0,4,12,55,57,57,53,19,14,6,6,2,1,2,5,1
5,1,1,0,7,12,7,0,0,12,30,56,55,53,29,11,13,12,7,8,0,3,5,5
0,2,11,6,2,3,9,6,2,11,26,61,56,53,13,1,3,7,2,10,3,0,6,7
4,9,4,10,9,0,9,9,0,6,11,22,55,45,17,9,9,6,0,4,8,7,0,7

0,0,0,0,0,0,6,0,0,0,0,0,0,0,0,0,0,0,0,0,0,0,0,0
0,0,1,0,0,0,0,10,4,5,5,5,5,0,0,0,0,0,0,0,0,0,0,0
0,4,0,0,2,6,14,22,52,59,100,101,50,14,3,0,0,0,0,0,0,0,0,0
0,0,0,0,0,13,24,52,65,140,145,115,91,54,11,4,0,0,0,0,0,0,0,3
0,0,0,1,16,22,9,33,58,99,104,112,64,14,0,6,0,0,0,0,0,0,0,0
0,0,0,5,0,7,5,25,33,57,66,63,54,11,32,5,0,3,5,0,0,1,0,0
0,0,0,10,6,2,13,10,53,68,87,87,66,9,3,9,0,0,13,3,0,3,0,0
0,0,8,9,45,61,69,74,87,90,87,85,91,76,57,2,13,0,14,10,0,0,0,0
0,0,13,52,65,81,99,112,106,102,93,99,92,89,80,77,59,50,2,35,4,0,0,0
5,11,53,67,82,82,109,132,129,131,126,110,110,101,84,75,82,66,57,51,0,4,0,0
13,31,58,60,69,106,127,150,162,160,160,136,120,127,108,89,99,78,63,53,8,1,0,0
0,52,60,58,63,91,122,162,181,192,181,140,140,146,136,120,105,55,61,63,14,0,0,0
7,58,60,51,50,76,83,140,177,183,174,160,154,139,127,107,81,46,72,73,31,1,0,0
61,63,68,12,60,106,109,137,174,181,157,146,146,132,110,100,67,57,65,60,55,46,4,0
54,74,47,34,35,101,108,131,154,162,138,139,131,100,64,56,36,51,53,54,51,8,0,0
56,52,43,5,13,70,108,104,127,125,119,124,97,71,60,52,11,47,75,91,62,8,0,0
55,53,13,4,11,68,70,75,83,73,69,111,82,74,54,12,8,28,72,84,50,14,0,0
30,36,12,9,24,47,59,93,101,77,73,87,90,83,53,27,25,39,54,45,25,20,13,6
14,10,7,9,62,61,90,121,128,79,69,111,124,111,68,11,11,12,59,56,11,11,1,0
12,12,10,13,107,120,136,149,138,117,104,124,127,108,67,8,8,10,13,14,8,3,0,0
6,4,6,36,100,137,160,165,157,136,115,123,121,115,61,52,11,11,11,8,0,0,0,0
13,8,28,62,127,153,201,198,198,174,156,136,139,132,115,84,33,16,8,6,5,0,0,0
10,15,40,103,134,162,217,239,223,184,152,166,178,175,134,80,47,29,12,6,11,11,3,0
14,50,65,117,145,192,252,271,247,195,156,196,194,168,143,115,101,84,64,12,4,1,0,3
24,38,58,111,159,183,214,243,237,190,181,191,183,161,136,116,101,77,14,9,0,0,3,0
8,43,60,79,126,154,189,204,196,181,158,175,176,152,135,122,103,24,9,11,10,5,7,7
9,10,38,101,103,117,131,158,156,128,113,135,142,136,124,104,78,13,12,9,8,0,0,0
4,11,13,58,70,102,122,120,106,77,65,67,106,103,101,78,15,7,2,9,3,5,3,0
10,13,10,27,42,53,55,35,47,11,50,60,65,72,68,62,35,0,8,0,5,0,0,0
5,9,12,9,7,35,24,17,21,16,54,61,67,73,80,59,8,0,0,0,0,0,0,0
9,9,8,7,12,11,25,20,8,15,50,54,61,58,59,44,14,13,5,0,5,3,0,0
0,0,0,0,21,13,7,5,3,5,52,55,60,94,69,14,6,10,0,0,0,0,0,0
0,0,0,3,3,3,9,7,7,5,37,56,57,55,50,14,10,5,0,0,0,0,0,7
0,1,0,0,2,12,7,11,11,9,50,58,57,56,51,13,13,3,0,0,0,0,1,0
8,9,2,7,5,12,7,3,5,11,11,50,61,55,52,29,14,1,0,0,0,0,0,0
0,5,1,0,7,8,8,9,3,13,13,53,60,60,58,52,14,0,0,0,0,0,0,3
0,2,3,0,7,5,8,14,12,9,38,53,61,68,64,53,10,10,6,1,0,0,0,0
0,0,0,8,8,8,0,7,13,14,36,59,64,68,67,52,39,14,14,11,8,0,0,0
0,1,11,10,11,13,14,12,13,27,44,53,67,68,57,51,32,14,11,8,4,0,0,0
3,7,4,10,9,0,13,11,13,12,14,54,60,50,54,50,13,9,8,5,0,0,0,0
0,4,0,7,7,0,4,0,0,4,12,55,57,58,53,19,14,6,7,2,1,2,5,2
5,1,1,0,7,12,7,0,0,12,30,55,54,53,30,11,13,12,7,8,0,3,5,6
0,2,11,6,2,3,9,7,2,11,26,61,56,54,13,2,3,7,2,10,3,0,6,7
4,9,4,9,9,0,10,9,0,6,11,22,55,45,17,10,9,6,0,4,8,7,0,7

0,0,0,0,0,0,6,0,0,0,0,0,0,0,0,0,0,0,0,0,0,0,0,0
0,0,1,0,0,0,0,10,4,5,6,6,6,0,0,0,0,0,0,0,0,0,0,0
0,4,0,0,2,6,14,22,53,59,101,101,51,14,3,0,0,0,0,0,0,0,0,0
0,0,0,0,0,13,25,52,65,142,146,115,92,55,11,4,0,0,0,0,0,0,0,3
0,0,0,1,16,22,10,33,58,100,104,113,65,14,0,7,0,0,0,0,0,0,0,0
0,0,0,4,0,7,6,26,34,57,66,63,54,11,33,5,0,3,5,0,0,1,0,0
0,0,0,10,5,2,13,10,53,68,88,87,67,9,3,9,0,0,13,3,0,3,0,0
0,0,8,9,44,61,69,74,87,90,87,85,91,76,57,2,13,0,14,10,0,0,0,0
0,0,13,52,65,81,99,112,106,102,93,99,93,89,80,77,59,50,2,35,4,0,0,0
4,11,53,67,82,82,109,131,129,130,126,110,111,101,84,75,82,66,57,51,0,3,0,0
13,31,58,60,69,106,127,150,162,159,159,136,120,127,109,89,99,78,63,53,8,1,0,0
0,52,60,58,63,91,122,163,181,191,180,139,140,146,136,120,105,55,61,63,13,0,0,0
7,58,60,51,50,76,83,140,177,182,173,159,154,139,128,107,82,46,72,74,31,1,0,0
60,63,68,12,60,106,109,137,174,181,156,146,145,132,110,100,67,56,66,60,54,47,4,0
54,74,48,34,35,101,109,131,154,162,138,139,131,100,64,57,36,51,53,54,50,7,0,0
56,52,43,5,13,71,108,104,127,125,119,124,97,71,60,52,11,48,75,91,62,8,0,0
55,53,13,4,11,69,69,74,83,72,69,111,82,74,54,12,8,28,72,85,50,14,0,0
30,36,12,9,24,47,59,93,101,76,73,87,90,83,53,27,26,39,54,45,25,20,13,6
14,10,7,9,61,61,89,120,127,79,69,110,124,110,68,11,11,12,60,56,11,11,1,0
12,12,10,13,107,120,136,149,138,117,104,123,127,108,67,8,8,10,13,14,8,3,0,0
6,4,6,36,100,137,160,164,156,136,115,123,121,115,61,52,11,10,11,8,0,0,0,0
13,8,28,62,127,154,202,198,198,175,155,136,139,131,115,84,33,16,8,6,5,0,0,0
10,15,40,103,134,162,217,239,223,183,152,166,177,174,134,80,47,29,12,6,11,11,2,0
14,50,65,117,145,193,252,271,247,195,156,195,193,168,143,115,101,82,65,12,4,1,0,3
25,39,58,111,159,183,215,244,237,190,180,191,183,161,135,116,101,76,14,9,0,0,3,0
8,43,59,79,126,155,189,205,196,181,158,175,176,152,134,121,103,23,9,11,9,5,7,7
9,10,38,101,103,117,131,159,156,128,113,136,142,136,124,103,78,13,12,9,8,0,0,0
4,11,13,58,70,102,121,120,106,77,65,67,106,103,101,78,14,7,2,9,3,5,3,0
10,13,10,27,42,53,53,36,48,10,51,60,65,72,68,62,34,0,8,0,5,0,0,0
5,9,12,9,7,35,24,18,21,16,54,61,67,72,81,59,8,0,0,0,0,0,0,0
9,9,8,7,12,11,25,20,8,15,50,54,61,59,59,44,14,13,5,0,5,3,0,0
0,0,0,0,21,13,7,5,3,5,52,55,60,94,69,14,6,10,0,0,0,0,0,0
0,0,0,3,3,3,10,7,7,5,39,56,57,55,50,14,10,5,0,0,0,0,0,7
0,1,0,0,2,12,7,11,11,9,50,58,57,55,51,13,13,3,0,0,0,0,1,0
8,9,2,7,5,12,8,2,5,11,11,50,62,55,52,30,14,1,0,0,0,0,0,0
0,5,1,0,7,8,8,9,3,13,12,53,60,60,59,52,15,0,0,0,0,0,0,3
0,2,3,0,7,5,8,14,12,9,38,53,61,68,64,53,10,10,6,1,0,0,0,0
0,0,0,8,8,8,0,7,13,14,36,59,64,68,67,52,40,14,14,11,9,0,0,0
0,1,11,9,11,12,14,12,13,26,45,53,67,68,57,51,33,14,11,8,5,0,0,0
3,7,4,10,8,0,14,11,13,12,14,54,59,50,53,48,13,9,8,5,0,0,0,0
0,4,0,7,7,0,4,0,0,4,12,55,57,58,53,20,14,6,7,2,1,2,5,2
5,1,1,0,7,12,7,0,0,12,31,56,55,53,32,11,13,12,7,8,0,3,5,6
0,2,11,6,1,3,9,7,2,11,27,61,56,53,14,2,4,7,2,10,3,0,6,7
4,9,4,10,9,0,10,9,0,6,11,23,55,46,17,10,9,6,0,4,8,7,0,7

0,0,0,0,0,0,6,0,0,0,0,0,0,0,0,0,0,0,0,0,0,0,0,0
0,0,1,0,0,0,0,10,4,5,6,6,6,0,0,0,0,0,0,0,0,0,0,0
0,4,0,0,2,6,14,22,53,60,101,101,51,14,3,0,0,0,0,0,0,0,0,0
0,0,0,0,0,13,25,52,65,144,147,116,92,55,11,4,0,0,0,0,0,0,0,3
0,0,0,1,16,22,10,34,59,100,105,113,65,14,0,7,0,0,0,0,0,0,0,0
0,0,0,4,0,7,6,26,35,57,66,63,54,11,33,5,0,3,5,0,0,1,0,0
0,0,0,10,5,2,13,10,53,68,87,87,67,9,3,9,0,0,13,3,0,3,0,0
0,0,8,9,43,61,68,74,87,90,87,85,91,76,57,1,13,0,14,10,0,0,0,0
0,0,13,52,65,80,99,112,106,102,93,99,93,89,80,77,58,50,2,33,3,0,0,0
5,11,53,67,82,82,109,131,129,130,126,110,110,101,84,75,82,66,57,51,0,3,0,0
13,31,58,60,69,106,127,150,162,158,158,135,119,127,108,89,99,78,63,52,8,1,0,0
0,52,60,58,63,91,123,163,181,190,180,139,139,146,137,120,105,55,61,63,13,0,0,0
7,58,60,51,50,76,84,140,177,182,173,159,154,139,128,107,82,46,72,73,32,1,0,0
60,63,68,12,61,106,109,137,174,181,157,146,145,132,110,100,67,56,66,60,54,46,4,0
54,74,48,34,35,101,109,131,154,163,138,139,131,100,64,57,36,51,53,54,50,8,0,0
56,52,43,5,13,71,108,104,127,125,119,124,97,71,60,52,11,48,75,91,62,8,0,0
55,53,13,4,11,69,70,74,82,72,69,111,82,74,54,12,8,28,72,85,50,14,0,0
30,36,12,9,24,47,59,93,101,76,73,87,90,83,53,27,25,39,54,45,25,20,13,6
14,10,7,9,61,61,89,120,127,79,69,110,124,110,68,11,11,12,59,56,11,11,1,0
12,12,10,13,107,120,136,148,138,117,103,123,127,107,67,8,8,10,13,15,8,3,0,0
6,4,6,37,100,137,159,164,156,136,115,123,120,115,61,52,11,10,11,8,0,0,0,0
13,8,28,63,128,154,202,198,198,174,156,135,139,131,115,84,33,16,8,6,5,0,0,0
10,15,40,103,134,162,217,239,223,184,152,165,177,173,133,80,47,29,12,6,11,11,2,0
14,50,65,117,145,194,253,271,247,195,156,194,193,167,143,115,101,85,64,12,4,1,0,3
25,39,57,111,159,184,216,244,237,190,180,191,182,161,135,116,101,76,14,9,0,0,3,0
8,43,59,79,126,155,190,205,196,181,158,175,176,152,134,121,103,23,9,11,9,4,7,7
9,10,38,101,103,117,131,159,156,128,113,135,142,136,124,103,78,13,12,9,8,0,0,0
4,11,13,58,70,102,121,120,106,77,65,67,106,103,101,78,15,7,2,9,3,5,3,0
10,13,10,26,42,53,54,35,48,11,50,60,65,72,68,62,35,0,8,0,5,0,0,0
5,9,12,9,7,34,24,18,21,16,54,60,67,72,81,59,8,0,0,0,0,0,0,0
9,9,8,7,12,11,26,20,8,15,50,54,61,58,59,44,14,13,5,0,5,3,0,0
0,0,0,0,21,13,7,5,3,6,52,55,60,95,70,14,6,10,0,0,0,0,0,0
0,0,0,3,3,3,9,7,7,5,40,56,57,55,50,14,10,5,0,0,0,0,0,7
0,1,0,0,2,12,7,11,11,9,50,58,57,56,51,13,13,3,0,0,0,0,1,0
8,9,2,7,5,12,8,3,5,11,11,50,62,55,52,31,14,1,0,0,0,0,0,0
0,5,1,0,7,8,8,9,3,13,13,53,60,60,59,52,15,0,0,0,0,0,0,3
0,2,4,0,7,5,8,14,12,9,37,53,61,68,64,53,10,10,6,1,0,0,0,0
0,0,0,8,8,8,0,7,13,14,36,59,64,68,67,52,40,14,14,11,9,0,0,0
0,1,11,9,11,11,14,13,13,28,46,53,67,68,57,51,34,15,12,8,5,0,0,0
4,7,4,10,7,0,14,11,13,13,14,54,60,50,53,50,13,9,8,5,0,0,0,0
0,4,0,7,6,0,4,0,0,5,12,55,57,57,53,20,14,6,7,2,1,2,5,2
5,1,1,0,8,12,8,0,0,12,31,55,54,53,32,11,13,12,7,8,0,3,5,6
0,2,11,6,1,3,9,7,2,11,27,61,56,54,14,2,4,7,2,10,3,0,6,7
4,9,4,10,9,0,10,9,0,6,11,24,55,46,18,10,9,6,0,4,8,7,1,7

0,0,0,0,0,0,6,0,0,0,0,0,0,0,0,0,0,0,0,0,0,0,0,0
0,0,1,0,0,0,0,10,4,5,6,6,6,0,0,0,0,0,0,0,0,0,0,0
0,4,0,0,3,6,14,22,53,60,101,101,51,14,3,0,0,0,0,0,0,0,0,0
0,0,0,0,0,13,25,52,65,145,148,116,92,56,11,4,0,0,0,0,0,0,0,3
0,0,0,1,16,22,10,35,59,100,105,113,65,14,0,7,0,0,0,0,0,0,0,0
0,0,0,5,0,7,6,27,35,57,66,63,54,11,33,5,0,3,5,0,0,1,0,0
0,0,0,10,5,2,13,10,53,68,87,87,67,9,3,9,0,0,13,3,0,3,0,0
0,0,8,9,43,61,68,74,87,91,87,85,91,76,57,1,13,0,14,10,0,0,0,0
0,0,13,52,64,80,99,112,106,102,93,99,93,89,79,76,58,50,2,32,3,0,0,0
4,11,53,67,82,82,109,131,129,130,125,109,110,101,84,75,82,65,57,51,0,3,0,0
13,31,58,60,69,106,127,151,163,158,158,135,119,127,109,89,99,78,63,52,7,0,0,0
0,52,60,58,63,91,123,164,181,190,180,139,139,146,137,121,105,55,61,63,13,0,0,0
7,58,60,51,50,76,84,140,177,182,173,159,153,139,128,108,82,46,72,73,31,1,0,0
61,63,68,12,61,106,109,137,174,181,157,146,145,132,110,100,67,56,66,60,54,47,4,0
54,74,47,34,35,101,109,131,154,162,138,139,130,100,64,57,36,51,53,54,51,7,0,0
56,52,43,5,13,71,108,104,127,125,119,124,97,71,60,52,11,48,75,91,63,8,0,0
55,53,13,4,11,69,70,74,82,72,69,111,82,74,54,12,8,28,72,84,50,14,0,0
30,36,12,9,24,47,59,93,100,76,73,87,89,83,53,27,25,39,54,45,25,20,13,6
14,10,7,9,61,61,89,120,127,79,69,110,123,110,68,11,11,12,60,56,11,11,1,0
12,12,10,13,107,120,136,148,138,117,103,123,126,107,67,8,8,10,13,15,8,3,0,0
6,4,6,37,100,137,159,164,156,136,115,123,120,115,61,52,11,10,11,8,0,0,0,0
13,8,28,63,128,154,202,198,198,175,155,135,139,131,115,84,33,15,8,5,5,0,0,0
10,15,40,103,135,163,218,239,224,184,152,165,177,173,133,80,47,29,12,6,11,11,2,0
14,50,65,117,145,194,254,272,247,195,156,194,192,167,143,115,101,84,64,12,4,1,0,3
25,38,57,111,159,184,216,244,238,190,180,190,182,160,135,116,101,77,14,9,0,0,3,0
8,43,59,79,126,155,190,206,197,181,159,176,176,152,134,121,103,24,9,11,9,5,7,7
9,10,37,100,103,117,131,159,156,128,113,136,142,136,124,103,78,13,12,9,8,0,0,0
4,11,13,58,69,102,121,120,106,78,65,67,106,103,101,78,15,8,2,9,3,5,3,0
10,12,10,25,41,53,53,35,48,11,50,60,65,72,68,62,35,0,8,0,5,0,0,0
5,9,12,9,7,35,25,18,21,16,54,60,67,73,81,59,8,0,0,0,0,0,0,0
9,9,8,7,12,11,25,20,8,15,50,54,61,59,59,44,14,13,5,0,5,3,0,0
0,0,0,0,21,13,7,5,3,6,52,55,60,94,70,14,6,10,0,0,0,0,0,0
0,0,0,3,3,3,9,7,7,5,41,56,57,55,50,14,10,5,0,0,0,0,0,7
0,1,0,0,3,12,7,11,11,9,50,58,57,56,51,13,14,3,0,0,0,0,1,0
8,9,2,7,5,12,8,3,5,11,11,50,62,55,52,32,14,2,0,0,0,0,0,0
0,5,1,0,7,8,8,9,3,12,12,53,60,60,59,52,15,0,0,0,0,0,0,3
0,2,4,0,7,5,8,14,12,8,38,53,61,68,64,54,10,10,6,1,0,0,0,0
0,0,0,8,8,8,0,7,13,14,36,59,65,68,67,52,41,14,14,11,9,0,0,0
0,1,11,9,10,11,13,12,14,27,45,53,67,68,57,51,33,14,12,8,5,0,0,0
4,7,4,10,7,0,14,11,13,13,14,54,60,50,54,50,14,9,8,5,0,0,0,0
0,4,0,7,6,0,4,0,0,5,12,55,57,57,53,21,14,6,7,2,1,2,5,2
5,1,2,0,8,12,8,0,0,12,31,56,54,53,32,11,13,12,7,9,0,3,5,6
0,2,11,6,1,3,9,7,2,11,27,61,56,54,14,2,4,7,2,10,3,0,6,7
4,9,4,10,9,0,10,9,0,6,11,24,55,46,19,10,9,6,0,4,8,8,1,7

0,0,0,0,0,0,6,0,0,0,0,0,0,0,0,0,0,0,0,0,0,0,0,0
0,0,1,0,0,0,0,10,4,5,6,6,6,0,0,0,0,0,0,0,0,0,0,0
0,4,0,0,3,6,14,22,53,60,101,101,51,14,4,0,0,0,0,0,0,0,0,0
0,0,0,0,0,13,26,52,65,145,149,116,92,56,11,4,0,0,0,0,0,0,0,3
0,0,0,1,16,23,10,35,59,100,105,114,65,14,0,7,0,0,0,0,0,0,0,0
0,0,0,5,0,7,6,28,35,58,67,63,55,11,33,5,0,3,5,0,0,1,0,0
0,0,0,10,5,2,13,10,53,68,88,88,67,9,3,9,0,0,13,3,0,3,0,0
0,0,8,9,43,60,68,74,87,91,87,85,91,76,57,1,13,0,14,10,0,0,0,0
0,0,13,52,64,80,99,111,106,102,93,99,93,89,80,76,58,50,2,31,3,0,0,0
5,11,53,67,82,82,109,131,129,130,126,109,110,101,84,75,82,65,57,51,0,3,0,0
13,30,58,60,69,106,127,151,163,159,158,135,119,127,108,89,99,78,63,52,7,0,0,0
0,52,60,58,63,91,123,164,181,190,180,139,139,146,137,121,105,55,61,63,13,0,0,0
7,58,60,51,50,76,84,140,176,181,173,159,153,139,128,107,82,46,72,73,30,1,0,0
60,63,68,12,61,106,109,137,174,180,156,146,145,132,110,100,67,56,66,60,54,47,4,0
54,73,48,34,35,101,109,131,154,162,138,139,130,100,64,57,38,51,53,54,50,7,0,0
56,52,43,5,13,71,108,104,127,125,119,124,97,71,60,52,11,48,75,91,63,8,0,0
55,53,13,4,11,69,70,74,82,72,69,110,82,74,54,12,8,28,72,86,50,14,0,0
30,36,12,10,24,47,59,93,100,76,73,87,89,83,53,27,25,39,54,45,25,21,13,6
14,10,7,9,62,61,89,120,127,79,69,110,123,110,68,11,11,12,59,56,11,11,0,0
12,12,11,13,107,120,136,148,138,117,103,123,126,107,67,8,8,10,13,15,8,3,0,0
6,4,6,37,100,137,159,164,156,136,115,123,120,115,61,52,11,10,11,8,0,0,0,0
13,8,28,63,128,155,202,198,198,175,155,135,139,131,115,84,33,15,8,5,5,0,0,0
10,15,40,103,135,163,218,240,224,184,152,165,176,173,133,80,47,29,12,6,10,11,2,0
14,50,65,117,146,195,255,272,247,196,156,194,192,167,143,115,101,84,64,12,4,1,0,3
25,38,57,111,160,184,217,245,238,190,180,190,182,160,135,116,101,77,14,9,0,0,3,0
8,43,59,78,126,155,190,206,197,181,159,175,176,151,134,121,103,24,9,11,10,5,7,7
9,10,37,100,103,117,132,159,156,128,113,135,142,136,124,103,77,13,12,9,8,0,0,0
4,11,13,58,69,102,121,120,106,78,65,67,106,103,101,77,15,8,2,9,3,5,3,0
10,12,10,25,41,53,52,35,48,10,50,60,65,72,68,62,35,0,8,0,5,0,0,0
5,9,12,9,7,35,25,18,21,16,54,60,67,72,80,59,8,0,0,0,0,0,0,0
9,9,8,7,12,11,25,21,8,15,50,54,61,58,59,44,14,13,5,0,5,3,0,0
0,0,0,0,21,13,7,5,3,6,52,55,60,94,70,14,6,10,0,0,0,0,0,0
0,0,0,3,3,3,10,7,7,5,40,56,57,55,50,14,10,5,0,0,0,0,0,7
0,1,0,0,3,12,7,11,11,9,50,58,57,56,51,13,14,3,0,0,0,0,1,0
8,9,2,7,6,12,8,2,5,11,11,50,62,55,52,32,14,2,0,0,0,0,0,0
0,5,1,0,7,8,8,9,3,12,11,53,60,60,59,52,15,0,0,0,0,0,0,3
0,2,3,0,7,5,8,14,12,9,39,53,61,69,64,54,10,10,6,1,0,0,0,0
0,0,0,8,8,8,0,7,13,14,36,59,65,68,68,52,41,14,14,11,9,0,0,0
0,1,11,9,10,11,13,12,13,26,45,53,67,68,57,51,34,15,12,8,5,0,0,0
4,7,4,10,7,0,14,11,13,13,14,54,60,50,54,50,14,9,8,5,0,0,0,0
0,4,0,7,6,0,4,0,0,5,12,55,57,57,53,21,14,6,7,2,1,3,5,2
5,1,1,0,8,12,8,0,0,12,30,56,55,53,32,11,13,12,7,9,0,3,5,6
0,2,11,6,1,3,9,7,2,11,27,61,56,54,14,2,4,7,2,10,3,0,6,7
4,9,4,10,8,0,10,9,0,6,11,24,55,46,20,10,9,6,0,4,8,8,1,7

0,0,0,0,0,0,6,0,0,0,0,0,0,0,0,0,0,0,0,0,0,0,0,0
0,0,1,0,0,0,0,10,5,5,6,6,6,0,0,0,0,0,0,0,0,0,0,0
0,4,0,0,3,6,14,22,53,60,101,101,51,14,4,0,0,0,0,0,0,0,0,0
0,0,0,0,0,13,26,52,65,146,149,117,92,56,12,4,0,0,0,0,0,0,0,3
0,0,0,1,17,23,10,36,59,100,105,114,65,14,0,7,0,0,0,0,0,0,0,0
0,0,0,5,1,7,6,28,35,58,67,64,55,11,34,5,0,3,5,0,0,1,0,0
1,0,0,10,5,2,13,10,53,68,88,88,67,9,3,9,0,0,13,3,0,3,0,0
0,0,8,9,43,60,68,74,87,90,87,85,91,76,57,1,13,0,14,10,0,0,0,0
0,0,13,52,64,80,99,111,106,102,93,99,93,89,79,77,58,50,2,32,3,0,0,0
4,11,53,67,82,82,109,131,129,130,125,109,110,101,84,75,82,65,57,51,0,3,0,0
13,31,58,60,69,106,128,151,163,159,158,135,119,127,108,89,99,78,63,52,7,0,0,0
0,52,60,58,63,91,123,164,181,190,180,139,139,146,137,121,105,55,61,63,13,0,0,0
7,58,60,51,50,76,84,140,177,181,173,159,153,139,128,108,82,45,72,74,31,1,0,0
61,63,68,12,61,106,109,137,174,180,157,146,145,132,110,100,67,56,66,60,54,46,3,0
54,74,48,34,35,101,109,131,154,162,138,139,130,100,64,57,36,51,53,54,51,7,0,0
56,52,43,5,13,71,108,104,127,126,119,124,97,71,60,52,11,48,75,91,63,8,0,0
55,54,13,4,11,69,70,74,82,72,69,111,82,74,54,12,8,28,72,85,50,14,0,0
30,36,12,10,24,48,59,93,100,76,73,86,89,83,53,27,25,39,54,45,25,20,13,6
14,10,7,9,61,61,89,120,127,79,69,110,123,110,68,11,11,12,60,56,11,11,0,0
12,12,10,13,107,120,136,148,138,117,103,123,126,107,67,8,8,10,13,14,8,3,0,0
6,4,6,37,101,137,159,164,156,136,115,122,120,115,61,52,11,10,11,8,0,0,0,0
13,8,28,64,128,155,202,198,198,174,155,135,139,131,115,84,32,15,8,5,5,0,0,0
10,15,40,103,135,163,218,240,224,184,152,165,176,172,133,80,47,29,12,6,10,11,2,0
14,50,65,117,146,195,255,272,247,196,156,193,192,167,142,115,101,84,64,12,4,1,0,2
25,39,57,111,160,185,217,245,238,191,180,190,182,160,135,116,101,77,14,9,0,0,3,0
8,43,59,79,126,155,191,206,197,182,159,175,176,152,134,121,103,24,9,11,9,4,7,7
9,10,37,100,103,117,132,159,157,128,113,136,142,136,124,103,78,13,12,9,8,0,0,0
4,11,13,58,69,102,121,120,106,78,64,67,106,103,101,78,15,8,2,9,3,5,3,0
10,13,10,25,41,53,53,33,47,11,50,60,65,72,68,62,35,0,9,0,5,0,0,1
5,9,12,9,7,35,25,18,21,16,54,60,67,72,81,59,8,0,0,0,0,0,0,0
9,9,8,7,12,11,26,21,8,15,50,54,61,58,59,45,15,13,5,0,5,3,0,0
0,0,0,0,21,13,7,5,3,6,52,55,60,94,70,14,6,10,0,0,0,0,0,0
0,0,0,3,3,3,10,8,7,5,41,56,57,55,50,14,11,6,0,0,0,0,0,7
0,1,0,0,3,12,7,11,11,9,50,58,57,56,51,13,14,3,0,0,0,0,1,0
8,9,2,7,6,12,8,2,5,11,11,50,62,55,53,32,14,2,0,0,0,0,0,0
0,5,1,0,7,8,8,9,3,12,11,53,60,60,59,52,16,0,0,0,0,0,0,3
0,2,4,0,7,5,8,14,12,9,38,53,61,69,64,54,10,10,7,1,0,0,0,0
0,0,0,8,8,8,0,7,13,14,37,60,65,68,68,52,41,14,14,11,9,0,0,0
0,1,11,9,10,11,13,13,14,26,46,53,67,69,57,51,34,15,12,8,5,0,0,0
4,7,4,10,6,0,14,11,13,13,14,54,60,50,54,50,14,9,8,5,0,0,0,0
0,4,0,7,6,0,4,0,0,4,12,55,57,57,53,22,14,6,7,2,1,3,5,2
5,0,1,0,8,12,8,0,0,12,33,56,55,53,32,11,13,12,8,9,0,3,5,6
0,2,11,6,1,3,9,7,2,11,28,61,56,53,14,2,4,7,2,10,3,0,6,7
4,9,4,9,8,0,10,9,0,6,11,22,55,46,20,10,9,6,0,4,8,7,0,7

0,0,0,0,0,0,6,0,0,0,0,0,0,0,0,0,0,0,0,0,0,0,0,0
0,0,1,0,0,0,0,10,5,5,6,6,6,0,0,0,0,0,0,0,0,0,0,0
0,4,0,0,3,7,14,23,53,60,101,101,52,14,4,0,0,0,0,0,0,0,0,0
0,0,0,0,0,13,25,52,66,146,150,117,92,56,12,4,0,0,0,0,0,0,0,3
0,0,0,1,17,23,10,36,59,100,106,114,65,14,0,7,0,0,0,0,0,0,0,0
0,0,0,5,1,7,6,28,36,58,67,64,55,11,34,5,0,3,5,0,0,1,0,0
1,0,0,10,5,2,13,10,53,68,88,88,67,9,3,9,0,0,13,3,0,3,0,0
0,0,8,9,42,60,68,74,87,91,87,85,91,76,57,1,12,0,14,10,0,0,0,0
0,0,13,52,64,80,99,111,106,102,93,99,93,89,79,76,58,50,2,32,3,0,0,0
4,11,53,67,82,82,109,131,129,130,125,109,110,101,84,75,82,65,57,51,0,3,0,0
13,31,58,60,69,106,127,151,163,159,158,135,119,127,108,89,99,78,63,52,7,0,0,0
0,52,60,58,63,91,123,164,181,190,180,139,139,146,137,121,105,55,61,63,13,0,0,0
7,59,60,51,50,76,84,140,176,181,172,159,153,139,128,108,82,46,72,73,30,1,0,0
60,63,68,12,61,106,109,137,174,180,156,145,145,132,110,100,67,56,66,60,55,46,4,0
54,74,48,35,35,101,109,131,154,162,138,139,130,100,64,57,36,51,53,54,50,7,0,0
56,52,44,5,13,71,108,104,127,125,119,124,97,71,60,52,11,47,75,91,63,8,0,0
55,53,13,4,11,69,70,74,82,72,69,110,82,74,54,12,8,28,73,85,50,14,0,0
30,36,12,10,25,48,58,93,100,76,73,86,89,82,53,26,25,39,54,45,25,20,13,6
14,10,7,9,62,61,89,119,127,79,69,110,123,110,68,11,11,12,60,56,11,11,0,0
12,12,10,13,107,120,135,148,138,117,103,123,126,107,67,8,8,10,13,14,8,3,0,0
6,4,6,38,101,137,159,164,156,136,115,122,120,115,61,52,12,10,11,8,0,0,0,0
13,8,28,64,128,155,203,198,198,175,155,135,138,131,115,84,32,15,8,5,5,0,0,0
10,15,40,103,135,164,218,240,224,184,152,165,176,172,133,80,47,29,12,6,10,11,2,0
14,50,65,117,146,195,256,273,247,196,156,193,192,167,142,115,101,82,64,12,4,1,0,2
25,39,57,111,160,185,218,246,238,191,180,190,182,160,135,116,101,76,14,9,0,0,3,0
8,43,59,78,126,155,191,206,197,182,159,175,176,151,134,121,103,24,9,11,9,4,7,7
9,10,37,100,103,117,132,159,157,129,113,136,142,136,124,103,78,13,12,9,8,0,0,0
4,11,13,57,69,102,121,120,106,78,66,67,106,103,101,78,15,8,2,9,3,5,3,0
10,12,10,25,41,53,53,33,50,11,50,60,65,72,68,62,35,0,9,0,5,0,0,0
5,9,12,9,7,35,25,18,21,16,54,60,67,72,80,59,8,0,0,0,0,0,0,0
9,9,8,7,12,11,26,21,8,16,50,54,61,59,59,45,15,13,5,0,5,3,0,0
0,0,0,0,21,13,7,5,3,6,52,55,60,94,70,14,6,10,0,0,0,0,0,0
0,0,0,3,3,3,10,7,7,5,40,56,57,55,50,14,11,6,0,0,0,0,0,7
0,1,0,0,3,12,8,11,11,9,50,58,57,56,51,13,14,3,0,0,0,0,1,0
8,9,2,7,6,12,8,2,5,11,11,51,62,55,53,33,15,2,0,0,0,0,0,0
0,5,1,0,7,8,8,9,3,13,11,53,60,60,59,53,16,0,0,0,0,0,0,3
0,3,4,0,7,5,8,14,12,9,39,53,61,69,64,54,10,10,7,1,0,0,0,0
0,0,0,8,8,8,0,7,13,14,36,59,65,68,68,52,40,14,14,11,9,0,0,0
0,1,11,9,10,11,13,12,14,26,45,53,67,68,57,51,34,15,12,8,5,0,0,0
4,7,4,10,6,0,14,11,13,13,14,54,60,50,54,50,14,9,8,5,0,0,0,0
0,4,0,7,6,0,4,0,0,5,12,55,57,57,53,22,14,6,7,2,1,3,5,2
5,0,1,0,8,12,8,0,0,12,31,56,54,53,33,11,13,12,7,9,0,3,5,6
0,2,11,6,1,3,9,7,2,12,27,61,56,54,14,2,4,7,2,10,3,0,7,7
4,9,4,10,8,0,10,9,0,6,11,22,55,46,19,10,9,6,0,4,9,7,1,7

0,0,0,0,0,0,6,0,0,0,0,0,0,0,0,0,0,0,0,0,0,0,0,0
0,0,1,0,0,0,0,10,5,5,6,6,6,0,0,0,0,0,0,0,0,0,0,0
0,4,0,0,3,7,14,23,53,60,101,101,52,14,4,0,0,0,0,0,0,0,0,0
0,0,0,0,0,13,25,52,65,146,149,117,92,56,12,4,0,0,0,0,0,0,0,3
0,0,0,1,17,23,10,36,59,100,105,114,65,14,0,7,0,0,0,0,0,0,0,0
0,0,0,5,1,7,6,28,35,58,67,64,55,11,34,5,0,3,5,0,0,1,0,0
1,0,0,11,5,2,13,10,53,68,88,88,67,9,3,9,0,0,13,3,0,3,0,0
0,0,8,9,43,60,68,74,87,91,87,85,91,76,57,1,13,0,14,10,0,0,0,0
0,0,13,52,65,80,99,112,106,102,93,99,93,89,80,76,58,50,2,31,3,0,0,0
4,11,53,67,82,82,109,132,130,131,126,109,111,101,84,75,82,65,57,51,0,3,0,0
13,31,58,60,69,106,128,152,164,160,159,135,120,127,109,89,99,78,63,52,7,0,0,0
0,52,60,58,63,91,124,164,182,191,180,139,139,145,137,120,105,55,61,63,13,0,0,0
7,58,60,51,50,76,84,140,176,181,172,158,152,139,128,107,82,46,72,73,31,1,0,0
61,63,68,12,61,106,109,137,173,180,155,145,144,132,110,100,66,56,66,60,54,46,4,0
54,74,47,34,35,101,109,131,154,162,138,138,129,100,64,57,36,51,53,54,50,7,0,0
56,52,43,5,13,71,109,104,127,125,119,123,96,71,60,52,11,47,75,91,63,8,0,0
55,53,14,4,11,69,70,75,83,73,69,110,82,74,54,12,8,28,72,85,50,14,0,0
30,36,12,10,24,47,59,93,101,77,73,87,89,83,53,26,25,39,54,44,25,20,13,6
14,10,7,9,62,61,89,120,127,79,69,110,123,110,68,11,11,12,60,56,11,11,0,0
12,12,11,13,107,120,136,148,138,117,103,123,126,107,67,8,8,10,13,14,8,3,0,0
6,4,6,37,101,137,160,164,156,136,115,122,120,114,61,52,11,10,11,8,0,0,0,0
13,8,28,63,128,155,203,199,199,175,155,136,138,131,114,83,32,15,8,5,5,0,0,0
10,15,40,103,135,164,219,240,224,184,152,165,176,172,133,80,47,29,12,6,10,11,2,0
14,50,65,117,146,195,256,273,247,196,156,193,192,167,142,114,101,85,64,12,4,1,0,3
25,39,57,111,160,185,218,246,238,191,180,190,182,160,135,116,101,77,14,9,0,0,3,0
8,43,58,78,126,156,191,207,197,182,159,176,176,151,134,121,103,24,9,11,9,5,7,7
9,10,36,100,102,117,132,160,157,129,114,136,142,136,124,103,78,13,12,9,8,0,0,0
4,11,13,58,69,102,121,120,106,79,65,67,106,103,101,78,15,8,2,9,3,5,3,0
10,12,10,25,41,52,53,35,50,10,51,60,65,72,68,62,36,0,9,0,5,0,0,0
5,9,12,9,7,35,25,18,21,16,54,60,67,73,81,59,8,0,0,0,0,0,0,0
9,9,8,7,12,11,26,21,8,16,50,54,61,58,59,45,15,13,5,0,5,3,0,0
0,0,0,0,21,13,7,5,3,6,52,55,60,94,70,14,6,10,0,0,0,0,0,0
0,0,0,3,3,3,10,7,7,5,41,56,57,55,50,14,11,6,0,0,0,0,0,7
0,1,0,0,2,12,8,11,11,9,50,59,57,56,51,13,14,3,0,0,0,0,1,0
8,9,2,7,6,12,8,2,5,11,11,50,62,55,52,33,15,2,0,0,0,0,0,0
0,5,1,0,7,8,8,9,3,12,11,53,60,60,59,52,17,0,0,0,0,0,0,3
0,3,4,0,7,5,8,14,12,9,40,53,61,69,65,54,10,10,7,1,0,0,0,0
0,0,0,8,8,8,0,7,13,14,36,59,65,68,68,52,41,14,14,11,9,0,0,0
0,1,11,9,10,11,13,12,13,27,45,53,67,69,57,51,34,15,12,8,5,0,0,0
3,7,4,10,6,0,14,11,13,13,14,54,60,50,54,50,14,9,8,5,0,0,0,0
0,4,0,7,6,0,4,0,0,5,12,55,57,57,53,22,14,6,7,2,1,3,5,2
5,0,2,0,8,12,8,0,0,12,31,57,55,53,33,12,13,12,8,9,0,3,5,6
0,2,11,6,1,3,10,7,2,12,27,61,56,54,14,2,4,7,2,10,3,0,7,7
4,9,4,10,8,0,10,9,0,6,11,23,55,46,20,10,9,6,0,5,9,7,1,7

0,0,0,0,0,0,6,0,0,0,0,0,0,0,0,0,0,0,0,0,0,0,0,0
0,0,1,0,0,0,0,10,5,5,6,6,5,0,0,0,0,0,0,0,0,0,0,0
0,4,0,0,3,6,14,22,53,60,101,101,51,14,4,0,0,0,0,0,0,0,0,0
0,0,0,0,0,13,25,52,65,145,148,116,91,56,12,4,0,0,0,0,0,0,0,3
0,0,0,1,17,23,10,35,59,100,105,114,66,14,0,7,0,0,0,0,0,0,0,0
0,0,0,5,1,7,6,27,36,58,67,64,55,11,34,5,0,3,5,0,0,1,0,0
1,0,0,11,5,2,13,10,53,68,88,88,67,9,3,9,0,0,13,3,0,3,0,0
0,0,8,9,43,61,68,74,87,91,87,85,91,76,57,1,13,0,14,10,0,0,0,0
0,0,13,52,65,81,99,112,106,102,93,99,93,89,80,77,58,50,2,33,3,0,0,0
5,11,53,67,82,82,109,132,130,131,126,110,111,102,84,75,82,66,57,51,0,3,0,0
13,31,58,60,69,106,128,152,165,161,160,135,119,127,109,89,99,78,64,52,8,0,0,0
0,52,60,58,63,91,123,164,183,193,181,139,139,146,136,120,105,55,61,63,13,0,0,0
7,58,60,51,50,76,83,140,177,182,173,157,152,138,127,107,81,46,72,73,31,1,0,0
60,63,68,12,61,106,109,137,173,180,155,144,144,131,110,100,66,57,66,60,54,47,4,0
54,74,47,34,35,101,108,130,154,163,137,137,129,99,63,56,35,51,53,54,50,7,0,0
56,52,43,4,13,71,108,103,127,125,119,122,95,70,60,51,11,47,75,91,62,8,0,0
55,53,13,4,11,68,69,75,83,73,69,110,81,73,53,12,8,28,72,84,50,14,0,0
30,36,12,10,24,47,59,93,102,77,73,87,90,82,53,26,25,39,54,45,24,20,13,6
14,10,7,9,62,61,90,120,127,79,69,110,123,110,67,11,11,12,60,56,11,11,0,0
12,13,11,13,107,120,136,149,138,117,103,123,126,107,67,8,8,10,13,14,8,3,0,0
6,4,6,37,101,137,160,165,157,136,115,123,120,114,61,52,11,10,10,8,0,0,0,0
13,7,28,63,128,156,203,199,199,175,156,135,139,131,114,83,32,15,8,5,5,0,0,0
10,15,40,103,135,164,219,240,224,184,152,166,176,172,133,80,47,29,12,6,10,11,2,0
14,50,65,117,146,196,257,273,247,196,156,193,192,167,142,114,101,84,64,12,4,1,0,3
25,39,57,111,160,186,218,246,239,191,180,190,182,160,135,116,101,75,14,9,0,0,3,0
8,43,59,78,126,156,191,207,198,182,159,176,176,152,134,121,103,24,9,11,9,4,7,7
9,10,37,100,103,117,132,160,157,129,114,136,142,136,124,103,77,13,12,9,8,0,0,0
4,11,13,57,69,102,121,120,106,78,65,67,106,103,101,78,15,8,2,9,3,5,3,0
10,13,10,25,41,52,53,33,50,11,50,60,65,72,68,62,35,0,9,0,5,0,0,1
5,9,12,9,7,35,25,18,21,16,54,60,67,72,81,59,8,0,0,0,0,0,0,0
9,9,8,7,12,11,26,21,8,16,50,54,61,58,59,45,15,13,5,0,5,3,0,0
0,0,0,0,21,13,7,5,3,6,52,55,60,94,70,14,6,10,0,0,0,0,0,0
0,0,0,3,3,3,10,7,7,5,41,56,57,55,50,14,11,6,0,0,0,0,0,7
0,1,0,0,2,12,8,11,11,9,50,59,58,56,51,13,14,3,0,0,0,0,1,0
8,9,2,7,6,12,8,2,5,11,11,50,62,55,52,32,15,2,0,0,0,0,0,0
0,5,1,0,7,8,8,9,3,13,11,53,61,60,59,52,18,0,0,0,0,0,0,3
0,2,4,0,7,5,8,14,12,9,39,53,61,69,64,54,10,10,7,1,0,0,0,0
0,0,0,8,8,8,0,7,13,14,37,59,65,68,68,52,41,14,14,11,9,0,0,0
0,1,11,9,10,11,13,12,14,26,45,53,67,68,57,51,34,15,12,8,5,0,0,0
3,7,4,10,6,0,14,11,13,13,14,54,60,50,54,50,14,9,8,5,0,0,0,0
0,4,0,7,6,0,4,0,0,5,12,55,57,57,53,23,14,6,7,3,1,3,5,2
5,0,1,0,8,12,8,0,0,13,31,56,55,53,33,12,13,12,8,9,0,3,5,6
0,2,11,6,1,3,10,7,2,12,28,61,56,54,14,3,4,7,2,10,3,0,7,7
4,9,4,9,8,0,10,9,0,6,11,24,55,46,21,10,9,6,0,5,9,8,1,7

0,0,0,0,0,0,6,0,0,0,0,0,0,0,0,0,0,0,0,0,0,0,0,0
0,0,1,0,0,0,0,10,5,5,6,6,6,0,0,0,0,0,0,0,0,0,0,0
0,4,0,0,3,6,14,22,53,60,101,101,51,14,4,0,0,0,0,0,0,0,0,0
0,0,0,0,0,13,25,52,65,145,149,117,92,56,12,4,0,0,0,0,0,0,0,3
0,0,0,1,16,23,10,35,59,101,106,114,65,14,0,7,0,0,0,0,0,0,0,0
0,0,0,5,1,7,6,28,36,58,67,64,55,11,34,5,0,3,5,0,0,1,0,0
1,0,0,11,5,2,13,10,53,68,88,88,67,9,3,9,0,0,13,3,0,3,0,0
0,0,8,9,43,61,68,74,87,91,87,85,91,76,57,1,13,0,14,10,0,0,0,0
0,0,13,52,65,80,99,112,106,102,93,99,93,89,80,77,58,50,2,33,3,0,0,0
4,11,53,67,82,82,109,131,129,130,125,109,110,101,84,75,82,66,57,51,0,3,0,0
13,31,58,60,69,106,127,150,162,159,159,134,118,126,108,89,99,78,63,52,7,0,0,0
0,53,60,58,63,91,123,163,181,191,180,138,138,145,136,120,105,55,61,63,13,0,0,0
7,58,60,51,50,76,83,139,176,182,173,157,151,138,127,107,81,46,72,73,30,1,0,0
61,63,68,12,61,106,109,137,174,181,156,145,144,131,110,100,67,56,66,60,54,46,4,0
54,73,47,34,35,101,108,131,154,163,138,138,129,99,63,56,35,51,53,54,50,7,0,0
56,52,43,5,13,71,108,104,127,126,119,123,96,70,60,51,11,47,75,91,62,8,0,0
55,53,13,4,11,69,69,75,83,73,69,111,81,74,53,12,8,27,72,85,50,14,0,0
30,36,12,10,25,48,59,94,102,77,73,87,90,82,53,26,25,39,54,45,24,20,13,6
14,10,8,9,62,61,90,120,127,79,69,110,123,110,68,11,11,12,59,56,11,11,0,0
12,13,11,13,107,120,136,149,138,117,103,123,126,107,67,8,8,10,13,14,8,3,0,0
6,4,6,37,101,137,160,165,157,136,115,123,120,114,61,52,11,10,10,8,0,0,0,0
13,8,28,63,128,156,204,199,200,175,155,135,138,131,114,83,32,15,8,5,5,0,0,0
10,15,40,103,135,165,219,241,224,184,152,165,176,172,132,79,47,29,12,6,10,11,2,0
14,50,65,117,146,196,258,274,248,197,156,193,192,167,142,114,101,84,64,12,4,1,0,3
25,38,57,111,160,186,218,246,239,191,180,190,182,160,135,116,101,75,14,9,0,0,3,0
8,43,59,78,126,156,192,207,198,183,159,176,176,152,134,121,103,24,9,11,9,5,7,7
9,10,36,100,102,117,132,160,157,129,114,136,142,136,123,103,78,13,12,9,8,0,0,0
4,11,13,57,69,102,121,120,106,79,66,67,106,103,101,78,16,8,2,9,3,5,3,0
10,12,10,25,41,52,53,35,50,11,50,60,65,72,68,62,36,0,9,0,5,0,0,1
5,9,12,9,7,35,26,18,21,16,54,60,67,72,81,59,9,0,0,0,0,0,0,0
9,9,8,7,12,11,26,21,8,16,50,54,61,58,59,45,15,13,5,0,5,3,0,0
0,0,0,0,21,13,7,5,3,6,52,55,60,94,70,14,6,10,0,0,0,0,0,0
0,0,0,3,3,3,10,7,7,5,40,56,57,55,50,14,11,6,0,0,0,0,0,7
0,1,0,0,2,12,8,11,11,9,50,58,58,56,51,13,14,3,0,0,0,0,1,0
8,9,2,7,6,12,8,2,5,11,11,50,62,55,52,33,15,3,0,0,0,0,0,0
0,5,1,0,7,8,8,9,3,12,13,53,61,60,59,52,18,0,0,0,0,0,0,3
0,3,4,0,7,5,8,14,12,9,39,53,62,69,65,54,10,10,7,1,0,0,0,0
0,0,0,8,8,8,0,7,13,14,36,59,65,68,68,52,42,14,15,11,9,0,0,0
0,1,11,9,10,10,13,12,14,28,45,53,67,69,57,51,36,15,12,8,5,0,0,0
4,7,4,10,6,0,14,11,13,13,14,54,60,50,54,50,14,9,8,5,0,0,0,0
0,4,0,7,6,0,4,0,0,5,12,55,57,57,53,23,14,7,7,3,1,3,5,2
5,0,1,0,8,12,8,0,0,13,31,56,55,53,34,12,13,12,8,9,0,3,5,6
0,2,11,6,1,3,10,7,3,12,27,61,56,54,14,3,4,7,2,10,3,0,7,7
4,9,4,9,8,0,10,9,0,6,11,24,55,47,20,10,9,6,0,5,9,7,1,7

0,0,0,0,0,0,7,0,0,0,0,0,0,0,0,0,0,0,0,0,0,0,0,0
0,0,1,0,0,0,0,10,5,5,6,6,6,0,0,0,0,0,0,0,0,0,0,0
0,4,0,0,3,6,14,23,53,60,101,101,52,14,4,0,0,0,0,0,0,0,0,0
0,0,0,0,0,13,26,52,66,146,150,117,92,57,12,4,0,0,0,0,0,0,0,3
0,0,0,1,17,23,10,36,59,101,106,114,65,14,0,7,0,0,0,0,0,0,0,0
0,0,0,5,1,7,6,28,36,58,67,64,55,11,34,5,0,3,5,0,0,1,0,0
1,0,0,11,5,2,13,10,53,68,88,88,67,9,3,9,0,0,13,3,0,3,0,0
0,0,8,9,43,61,68,74,88,91,87,86,91,76,57,1,13,0,14,10,0,0,0,0
0,0,13,52,65,81,99,112,106,102,93,99,93,89,80,77,58,50,2,32,3,0,0,0
4,11,53,67,82,82,108,131,129,130,126,110,110,101,84,75,82,65,57,51,0,3,0,0
13,31,58,60,69,106,127,150,162,159,159,135,119,126,108,88,99,78,63,52,8,0,0,0
0,52,60,58,63,91,123,163,181,190,180,138,138,145,136,120,105,55,61,63,13,0,0,0
7,59,60,51,50,76,83,140,176,181,172,157,151,138,127,107,81,46,72,73,31,1,0,0
60,63,68,12,61,106,109,137,174,180,156,145,144,131,110,100,66,56,66,60,54,47,4,0
54,74,48,34,35,101,109,131,154,163,138,138,129,99,63,56,35,51,53,54,50,7,0,0
56,52,44,5,13,71,108,104,127,126,119,123,96,71,60,51,11,47,75,91,63,8,0,0
55,53,13,4,11,69,70,75,83,73,69,111,82,74,53,12,8,28,72,85,50,14,0,0
30,36,12,10,25,48,59,93,102,77,73,87,89,82,53,26,25,39,54,45,24,20,13,6
14,10,8,9,63,61,90,120,127,79,69,110,123,110,68,11,11,12,59,56,11,11,0,0
12,12,11,13,107,120,136,149,138,117,103,123,126,107,67,8,8,10,13,14,8,3,0,0
6,4,6,37,101,137,160,165,157,136,115,122,120,114,61,52,11,10,11,8,0,0,0,0
13,7,28,63,129,156,203,200,200,175,156,135,138,131,114,83,32,15,8,5,5,0,0,0
10,15,40,103,135,165,220,241,225,185,153,165,175,172,132,80,47,29,11,6,10,11,2,0
14,50,65,117,146,197,257,274,248,196,156,193,191,166,142,114,101,84,64,12,4,1,0,2
25,39,57,111,161,186,219,247,239,191,180,190,182,160,135,116,101,77,14,9,0,0,3,0
8,43,59,77,126,156,192,207,198,183,159,176,176,152,134,121,103,24,9,11,9,4,7,7
9,10,36,100,103,117,132,160,157,129,114,136,142,136,124,103,78,13,12,9,8,0,0,0
4,11,13,57,69,102,121,120,106,78,66,67,106,103,101,77,15,8,2,9,3,5,3,0
10,13,10,24,41,52,53,33,50,10,51,60,65,72,68,62,36,0,9,0,5,0,0,1
5,9,12,9,7,35,26,18,22,16,54,60,67,72,80,59,9,0,0,0,0,0,0,0
9,9,8,7,12,11,27,21,8,16,50,54,61,58,59,45,15,13,5,0,5,3,0,0
0,0,0,0,21,13,7,5,3,6,52,55,60,94,70,14,6,10,0,0,0,0,0,0
0,0,0,4,3,3,10,7,7,5,41,56,57,55,50,14,11,6,0,0,0,0,0,7
0,1,0,0,2,12,8,11,11,9,50,58,58,56,51,13,14,3,0,0,0,0,1,0
8,9,2,7,6,12,8,2,6,11,11,51,62,55,53,34,15,3,0,0,0,0,0,0
0,5,1,0,7,8,8,9,3,12,13,53,61,60,59,53,18,0,0,0,0,0,0,3
0,3,4,0,7,5,8,14,12,9,40,53,62,69,65,54,11,10,7,1,0,0,0,0
0,0,0,8,8,8,0,7,13,14,36,60,65,68,68,52,41,14,14,11,9,0,0,0
0,1,11,9,10,10,13,12,14,28,45,53,67,69,57,51,35,15,12,8,5,0,0,0
3,7,4,10,6,0,14,11,13,13,15,54,60,50,54,50,14,9,8,5,0,0,0,0
0,4,0,7,6,0,4,0,0,5,12,55,57,57,53,23,14,7,7,3,2,3,5,2
5,0,1,0,8,12,8,0,0,13,33,56,55,53,34,12,13,12,8,9,0,3,5,6
0,2,11,6,1,3,10,7,3,12,28,61,56,54,14,3,4,7,2,10,4,0,7,7
4,9,4,9,8,0,9,9,0,6,11,23,55,47,20,10,9,6,0,5,9,7,1,7

0,0,0,0,0,0,6,0,0,0,0,0,0,0,0,0,0,0,0,0,0,0,0,0
0,0,1,0,0,0,0,10,5,5,6,6,6,0,0,0,0,0,0,0,0,0,0,0
0,4,0,0,3,7,14,23,53,60,101,101,52,14,4,0,0,1,0,0,0,0,0,0
0,0,0,0,0,13,26,52,66,148,152,118,92,56,12,4,0,0,0,0,0,0,0,3
0,0,0,1,17,23,11,37,59,101,106,114,65,14,0,7,0,0,0,0,0,0,0,0
0,0,0,5,1,7,6,28,36,58,67,64,55,11,34,5,0,3,5,0,0,1,0,0
1,0,0,11,5,2,13,10,53,68,88,88,67,9,3,9,0,0,13,3,0,3,0,0
0,0,8,9,42,60,68,74,87,91,87,85,91,76,57,0,13,0,14,10,0,0,0,0
0,0,13,52,65,80,99,111,106,102,92,99,93,89,79,77,58,50,2,31,3,0,0,0
4,11,53,67,82,82,109,131,129,130,125,109,110,101,84,75,82,65,57,51,0,3,0,0
13,31,58,60,69,106,127,151,162,158,158,134,118,126,108,89,99,78,63,52,7,0,0,0
0,52,60,58,63,91,123,163,180,190,179,138,138,144,136,120,105,55,61,63,13,0,0,0
7,59,60,51,50,76,84,140,176,180,171,156,151,138,127,107,82,46,72,73,30,1,0,0
61,63,68,12,61,106,109,137,173,180,155,144,144,131,110,100,67,56,66,60,55,46,4,0
54,74,47,35,35,101,109,131,154,162,138,138,129,99,64,56,38,51,53,54,50,7,0,0
56,52,43,5,13,71,109,104,127,126,119,123,96,71,60,51,11,47,75,91,63,8,0,0
55,53,14,4,11,69,70,75,83,73,69,110,82,74,54,12,8,27,72,85,50,14,0,0
30,36,12,10,25,48,59,93,101,77,73,87,89,82,53,26,26,39,54,45,25,20,13,6
14,10,8,9,63,61,90,120,127,79,69,110,123,110,68,11,11,12,60,56,11,11,0,0
12,13,11,13,107,120,136,148,138,117,103,123,126,107,67,8,8,10,13,14,8,3,0,0
6,4,6,38,101,137,160,165,156,136,115,122,120,114,61,52,11,10,10,8,0,0,0,0
13,8,28,63,129,156,204,199,199,175,155,135,138,130,114,84,32,15,8,5,5,0,0,0
10,15,40,103,136,165,220,240,225,185,153,165,175,171,132,79,47,29,11,6,10,11,2,0
14,50,65,117,146,197,258,274,248,197,156,193,191,166,142,114,101,85,64,12,4,1,0,2
25,38,57,111,161,186,219,247,239,191,181,190,182,160,135,116,101,77,14,9,0,0,3,0
8,43,57,77,126,156,192,208,198,183,160,176,176,152,134,121,103,26,9,11,9,4,7,7
9,10,36,100,102,117,132,160,158,129,114,136,142,136,123,103,77,13,12,9,8,0,0,0
4,11,13,57,69,102,121,120,106,78,64,67,106,103,101,78,16,8,2,10,3,5,3,0
10,12,10,24,41,52,53,35,50,11,50,60,65,72,68,62,36,0,9,0,5,0,0,1
5,9,12,9,7,35,26,18,22,16,54,60,67,73,81,59,8,0,0,0,0,0,0,0
9,9,8,7,12,12,26,21,8,16,50,54,61,59,59,45,15,13,5,0,5,3,0,0
0,0,0,0,21,13,7,5,3,6,52,55,60,94,70,14,6,10,0,0,0,0,0,0
0,0,0,4,3,3,10,7,7,5,41,56,57,56,50,14,11,6,0,0,0,0,0,7
0,1,0,0,2,12,8,11,11,9,50,59,58,56,51,13,14,3,0,0,0,0,1,0
8,9,2,7,6,12,8,2,6,11,11,51,62,55,53,34,15,3,0,0,0,0,0,0
0,5,1,0,7,8,8,9,3,12,13,53,61,60,59,53,18,0,0,0,0,0,0,3
0,3,4,0,7,5,8,14,12,9,40,53,62,69,65,55,11,10,7,2,0,0,0,0
0,0,0,8,8,8,0,7,13,14,36,60,65,68,68,52,41,14,14,11,9,0,0,0
0,1,11,9,10,10,13,12,14,28,45,53,67,68,57,51,35,15,12,8,5,0,0,0
3,7,4,10,6,0,14,11,13,13,14,54,60,50,54,50,14,9,8,5,0,0,0,0
0,3,0,7,6,0,4,0,0,5,12,55,57,57,53,23,14,7,7,3,1,3,5,2
5,0,1,0,8,12,8,0,0,13,33,56,54,53,34,12,13,12,8,9,0,3,5,6
0,2,11,6,1,3,10,7,2,12,27,61,56,54,14,3,5,7,2,10,4,0,7,7
4,9,3,10,8,0,9,9,0,6,11,24,55,47,20,10,9,6,0,5,9,8,1,7
