0,0,0,2,5,0,0,0,10,10,0,0,0,0,0,5,0,0,0,0,0,0,8,0
7,0,13,13,13,5,0,4,7,14,0,0,1,0,8,0,2,0,0,0,0,0,2,1
12,20,64,59,69,50,3,3,11,7,13,5,8,48,4,6,9,7,0,0,0,0,6,0
14,51,87,63,60,58,14,37,51,102,103,14,13,55,54,52,8,10,10,0,5,0,0,0
37,51,63,61,64,61,42,90,164,273,250,167,126,63,36,6,42,20,0,14,8,14,13,4
12,7,31,17,48,39,70,143,344,449,368,307,237,158,78,52,56,30,26,25,10,1,0,7
54,8,15,14,10,24,81,140,197,266,301,279,248,216,120,85,57,33,13,11,9,0,1,0
62,55,13,10,0,7,84,135,187,237,251,232,202,183,149,103,71,13,8,6,8,0,0,0
21,67,54,51,4,51,77,132,187,205,208,175,180,194,182,146,119,79,14,9,0,3,0,0
0,60,66,57,41,62,96,137,179,191,188,152,212,239,229,176,156,120,69,52,11,0,3,0
0,52,66,70,67,75,113,148,168,152,116,133,211,247,235,198,166,144,102,58,12,0,2,0
0,10,84,112,106,102,112,132,125,84,102,151,188,263,281,251,213,162,116,75,20,10,0,0
0,9,80,113,137,131,111,100,73,77,112,152,223,228,251,258,226,149,128,94,55,32,6,5
7,0,0,100,99,95,84,96,13,65,107,120,145,190,198,196,185,167,151,113,66,59,9,0
0,0,0,12,48,11,13,0,0,52,73,106,136,149,159,174,176,180,165,116,100,66,28,0
0,0,0,2,0,0,0,5,9,51,61,78,120,133,132,143,140,167,180,140,101,49,37,13
0,0,0,2,8,11,9,9,9,45,66,78,113,81,84,114,140,164,168,145,119,113,76,24
0,8,13,13,11,29,31,18,16,45,69,82,91,116,117,166,212,241,238,214,169,116,73,36
0,0,0,6,4,0,8,8,12,45,100,112,97,83,92,139,178,214,242,234,183,129,92,68
0,5,0,0,0,10,12,14,14,29,63,102,111,149,173,232,295,321,317,285,237,162,102,65
0,0,0,9,11,8,33,44,39,62,126,147,157,187,218,272,292,321,342,298,264,165,128,100
0,0,5,5,11,20,42,45,72,115,130,181,199,242,261,308,299,324,332,325,229,163,120,63
0,5,12,19,29,33,63,105,106,124,155,178,195,209,213,242,259,294,263,247,187,166,103,75
0,2,12,26,54,99,116,117,125,139,163,179,178,193,204,224,237,245,194,181,168,131,80,77
4,0,13,60,90,106,116,128,132,137,144,157,168,179,179,195,183,146,144,143,122,85,53,26
11,14,52,85,108,119,123,134,120,125,131,136,139,143,146,137,131,124,120,110,82,59,23,14
9,21,63,104,119,125,123,115,115,125,113,108,115,108,111,108,102,101,89,61,46,15,13,13
11,13,50,80,115,116,120,92,106,101,102,103,65,85,83,81,96,61,50,43,14,13,12,13
3,2,17,101,103,114,117,114,109,67,65,58,58,68,68,71,75,61,36,30,24,24,13,10
0,6,14,53,108,91,108,114,114,106,64,52,51,50,47,42,37,35,25,13,22,15,14,7
5,12,13,14,83,88,98,112,103,81,62,50,39,43,39,34,28,30,12,13,13,12,13,6
0,3,0,12,13,100,107,114,111,106,101,55,52,50,13,31,29,13,25,24,14,11,9,8
8,0,1,12,8,45,89,97,99,88,72,52,25,7,11,12,14,14,14,12,7,3,8,7
2,4,9,1,0,19,56,71,90,82,59,54,37,47,15,29,13,14,13,12,9,11,4,3
0,5,5,0,0,7,8,49,60,65,56,52,26,24,14,10,23,10,12,12,12,10,5,1
9,4,0,0,0,0,7,14,35,56,54,55,29,14,23,21,4,5,2,8,11,12,8,0
0,0,0,0,0,0,11,0,12,51,54,53,44,42,30,14,8,3,10,4,12,10,10,3
0,0,0,0,0,0,0,0,16,26,53,53,50,43,34,12,11,5,6,11,9,6,7,0
0,0,0,0,0,0,0,0,11,37,54,62,61,61,54,38,10,11,13,12,5,8,9,6
0,0,0,0,0,0,0,0,0,44,39,74,84,71,54,44,28,18,14,12,10,7,7,10
0,0,0,0,0,0,7,4,14,30,63,67,73,55,54,36,22,20,9,11,12,0,6,4
3,0,0,0,0,10,12,10,14,50,68,88,59,50,34,29,10,7,9,9,12,10,10,12
0,0,6,2,4,6,0,1,14,56,64,62,54,30,22,13,0,5,0,0,13,14,9,1
0,0,1,3,5,6,8,12,13,43,51,50,30,16,9,9,7,5,0,10,10,5,6,9

0,0,0,2,5,0,0,0,10,10,0,0,0,0,0,5,0,0,0,0,0,0,8,0
8,1,13,13,14,5,0,4,7,14,0,0,1,0,7,0,2,0,0,0,0,0,2,0
12,22,64,59,69,50,3,2,11,6,13,5,8,47,4,5,9,7,0,0,0,0,5,0
14,52,87,63,60,58,14,39,52,102,104,14,13,56,54,52,8,10,10,0,5,0,0,0
40,51,63,61,63,61,43,90,165,275,252,168,126,63,36,7,42,19,0,14,8,14,13,4
12,7,32,18,50,39,70,143,345,451,370,308,237,157,79,53,56,29,26,25,10,1,0,7
54,9,16,15,10,25,81,140,197,267,302,279,247,216,120,85,57,32,13,11,8,0,1,0
62,56,14,9,0,7,85,136,187,237,251,232,202,183,149,104,72,13,8,6,8,0,0,0
24,67,54,51,5,52,77,132,187,205,208,175,180,194,182,146,119,79,14,9,0,3,0,0
0,60,66,57,45,63,96,137,179,191,188,152,212,239,228,176,156,120,70,52,11,0,2,0
0,52,66,70,68,76,113,148,169,152,115,133,212,247,235,198,166,144,102,58,12,0,2,0
0,10,84,112,106,102,113,132,125,84,102,151,188,262,280,252,213,162,116,75,20,10,0,0
0,9,80,113,137,131,111,100,73,77,112,152,222,228,250,259,226,148,128,94,55,31,6,5
8,0,1,100,99,95,83,97,13,65,107,120,145,189,197,196,184,166,150,113,66,59,9,0
0,0,0,12,50,12,13,0,0,52,73,106,135,149,158,173,175,180,164,116,100,66,28,0
0,0,0,2,1,0,0,6,9,51,61,78,120,133,132,143,139,167,180,140,101,49,37,13
0,0,0,2,8,11,9,9,9,46,66,78,113,82,84,114,140,163,167,145,119,113,75,24
0,8,14,13,12,29,31,18,16,45,69,82,91,116,117,166,212,240,238,214,168,116,73,36
0,0,0,7,5,0,9,8,12,45,100,112,97,83,92,139,179,214,243,235,183,129,92,68
0,5,0,0,1,10,13,14,15,31,63,102,111,149,173,231,296,321,318,286,237,162,102,65
0,0,0,9,12,9,33,46,39,62,126,147,158,187,218,272,292,321,342,298,264,165,128,100
0,0,5,6,12,20,42,45,72,115,130,181,200,242,261,309,299,324,332,325,229,162,120,63
0,5,13,19,30,33,63,105,106,124,155,178,196,209,213,241,259,295,263,247,187,166,103,75
0,2,12,27,55,99,116,117,125,139,163,179,178,193,205,224,237,245,194,181,167,131,80,77
4,0,14,61,90,107,117,128,133,137,144,158,168,180,179,195,183,146,144,143,123,85,53,26
11,14,52,85,108,119,123,135,120,125,131,136,139,143,146,137,131,124,120,110,82,59,24,14
9,22,63,104,119,125,123,115,115,125,113,108,115,108,111,108,102,101,89,61,46,15,13,13
11,13,50,80,115,116,121,92,106,101,102,103,65,85,83,81,96,60,50,43,14,13,12,13
3,2,17,101,103,114,117,114,109,67,65,58,58,69,67,71,76,58,36,30,23,22,13,10
0,6,14,54,108,91,108,114,114,106,64,52,51,50,47,42,38,35,25,13,22,15,14,7
5,12,13,14,83,88,98,112,103,82,62,50,39,44,38,34,28,30,12,13,13,12,13,6
0,3,0,12,13,100,107,114,111,106,101,55,52,50,13,32,30,13,25,24,14,11,9,8
9,0,1,12,8,44,89,97,99,89,72,52,25,7,11,12,14,14,14,12,7,3,8,7
2,4,9,1,0,19,56,71,91,82,59,53,37,47,15,31,13,14,13,12,9,11,4,3
0,5,5,0,0,7,8,48,60,65,56,52,25,25,14,10,24,9,12,12,12,10,5,1
9,4,0,0,0,0,8,14,34,56,55,55,29,14,23,21,4,5,2,8,11,12,8,0
0,0,0,0,0,0,11,0,12,51,55,53,43,42,30,14,9,3,10,4,12,10,10,3
0,0,0,0,0,0,0,0,18,26,53,53,51,43,33,12,11,5,6,11,9,6,7,0
0,0,0,0,0,0,0,0,11,36,54,62,61,61,53,39,10,11,13,12,5,8,9,6
0,0,0,0,0,0,0,0,0,44,39,74,84,71,54,44,28,18,14,12,10,7,7,10
0,0,0,0,0,0,7,4,14,32,63,67,72,55,54,36,21,19,9,11,12,0,6,4
3,0,0,0,0,10,12,10,14,50,68,88,59,50,34,29,10,7,9,9,12,10,10,12
0,0,6,2,4,6,0,1,14,56,64,62,54,30,22,13,0,5,0,0,13,14,9,1
0,0,1,3,5,6,8,12,13,44,51,50,31,16,9,9,7,5,0,10,10,5,6,9

0,0,0,1,5,0,0,0,10,11,0,0,0,0,0,5,0,0,0,0,0,0,8,0
8,0,11,11,12,6,0,4,7,14,0,0,1,0,8,0,2,0,0,0,0,0,1,0
11,14,59,56,62,37,2,3,11,7,13,5,9,45,4,6,10,7,0,0,0,0,5,0
13,50,76,59,57,53,13,40,51,102,103,14,12,55,54,52,8,10,10,0,5,0,0,0
31,46,61,60,61,59,35,90,162,272,251,164,123,60,32,7,42,18,0,14,8,14,13,4
13,6,21,14,44,38,71,143,339,454,383,324,241,155,78,53,56,31,27,26,10,1,0,7
56,9,14,14,10,36,81,139,197,269,311,295,263,232,130,88,58,37,13,12,8,0,0,0
65,59,14,9,0,8,85,136,189,241,257,238,209,190,156,107,73,14,9,6,8,0,0,0
51,69,56,52,7,53,77,133,189,209,212,179,183,198,188,150,122,82,23,9,0,3,0,0
0,61,67,58,50,62,96,138,181,194,191,153,213,243,235,183,162,124,71,53,11,0,2,0
0,53,68,71,68,75,113,148,169,152,116,132,210,249,238,204,172,148,104,59,12,0,1,0
0,12,86,113,106,102,112,132,125,84,102,148,186,262,281,256,218,166,118,76,24,10,0,0
0,9,82,114,137,131,111,100,73,77,111,147,216,224,249,260,226,149,128,94,55,31,6,5
8,0,1,100,100,95,84,97,14,64,106,118,142,186,195,195,184,165,150,113,66,59,9,0
0,0,1,12,50,12,13,0,0,51,72,104,134,147,156,171,174,178,164,116,100,67,28,0
0,0,0,3,1,0,0,6,9,51,60,77,118,132,131,142,138,166,180,140,101,49,38,13
0,0,0,2,9,11,9,9,9,41,65,77,111,80,83,112,138,161,166,145,119,113,75,24
0,8,14,13,12,30,32,19,17,44,67,80,89,113,114,163,210,237,236,213,168,116,73,36
0,0,0,7,5,1,9,9,12,45,100,111,95,82,91,139,178,212,241,234,182,129,91,68
0,5,0,0,1,10,13,14,15,30,62,102,111,148,171,229,292,319,316,284,235,161,101,65
0,0,0,9,12,9,34,45,40,62,126,147,158,186,217,270,289,320,341,298,263,164,128,100
0,0,5,6,12,21,42,45,72,115,130,181,199,242,262,307,298,324,332,325,229,161,119,63
0,6,13,20,29,33,63,105,106,124,156,178,195,210,214,241,259,294,264,247,186,165,103,75
0,2,12,27,55,99,116,117,126,140,164,179,179,193,206,224,237,246,194,181,167,131,80,78
4,0,14,61,90,107,117,128,133,137,145,158,169,180,180,195,183,146,145,143,123,86,54,26
11,14,52,85,108,120,123,135,120,125,132,136,140,144,146,137,132,124,120,110,82,60,23,14
9,23,63,104,119,125,123,115,115,125,113,108,115,108,111,108,102,101,89,61,46,14,13,13
12,13,50,81,116,116,121,92,106,101,102,103,66,84,83,82,95,60,51,43,14,13,12,13
3,2,17,101,103,114,117,114,109,67,65,58,58,69,67,71,76,60,36,30,23,24,13,10
0,6,14,54,108,91,108,114,114,106,64,52,51,50,47,42,37,35,25,13,22,15,14,7
5,12,13,14,84,88,98,112,103,82,62,50,39,44,39,34,27,30,12,13,13,12,13,5
0,3,0,12,14,100,107,115,112,106,101,55,52,50,13,33,29,13,25,24,14,11,9,8
8,0,1,12,8,46,89,97,99,88,71,52,26,7,11,12,14,14,14,12,7,3,8,7
3,4,9,1,0,19,56,71,91,82,59,54,40,46,17,31,13,14,13,12,9,11,4,3
0,5,5,0,0,7,8,49,60,65,56,52,26,24,14,10,22,9,12,12,12,10,5,0
9,4,0,0,0,0,8,14,36,56,54,55,30,14,23,23,4,5,2,8,10,12,8,0
0,0,0,0,0,0,11,0,12,51,54,53,42,40,30,14,9,3,10,4,12,10,10,3
0,0,0,0,0,0,0,0,17,27,53,53,50,43,33,12,11,5,6,11,9,6,7,0
0,0,0,0,0,0,0,0,11,37,54,62,61,61,53,39,10,12,13,11,5,8,9,6
0,0,0,0,0,0,0,0,0,44,39,74,83,70,53,45,28,18,14,12,10,7,7,10
0,0,0,0,0,0,7,4,14,34,63,66,72,55,54,35,22,20,9,11,12,0,6,4
3,0,0,0,0,10,12,10,14,50,68,88,59,50,34,29,10,7,9,9,12,10,10,12
0,0,6,2,4,6,0,1,14,56,64,62,54,29,22,13,0,5,0,0,13,14,9,1
0,0,1,3,5,6,8,12,13,45,51,50,31,17,9,9,7,5,0,10,11,5,6,9

1,0,0,1,4,2,0,0,10,11,0,0,0,0,0,5,0,0,0,0,0,0,7,0
9,0,6,5,9,7,0,5,7,14,0,0,1,0,8,0,3,0,0,0,0,0,0,0
7,6,14,30,14,12,1,5,12,7,14,5,9,42,4,6,10,7,0,0,0,0,5,0
8,15,44,34,30,24,14,50,53,102,104,14,13,55,54,52,8,9,11,0,5,0,0,0
11,5,26,46,40,50,31,95,177,284,248,163,125,63,41,8,44,20,0,14,7,14,13,4
13,6,11,11,31,41,70,147,355,461,380,321,250,170,82,54,56,29,27,26,10,0,0,7
55,9,11,14,10,45,80,139,197,273,314,296,267,241,139,93,59,41,13,12,9,0,0,0
64,58,15,9,0,9,85,135,188,242,262,243,216,200,170,114,80,50,11,6,8,0,0,1
51,68,56,52,8,53,77,132,187,205,211,181,191,212,203,165,132,93,54,9,0,3,0,0
0,60,66,58,50,63,96,136,176,187,187,154,223,261,257,199,179,133,75,56,12,0,2,0
0,52,66,71,68,75,112,146,164,147,113,132,217,268,257,221,188,163,112,63,13,0,1,0
0,11,84,112,106,102,112,132,123,83,100,146,188,274,295,273,234,178,125,80,34,9,0,0
0,10,78,113,138,133,114,101,73,76,109,142,214,230,258,272,237,155,132,97,55,30,6,4
8,0,1,96,98,102,98,100,13,63,105,116,139,184,195,196,185,166,150,113,66,59,8,0
0,1,1,11,50,12,20,1,0,50,69,103,132,145,153,169,172,176,163,116,100,67,28,0
0,0,0,2,1,0,0,4,8,41,59,76,117,131,129,140,137,164,178,140,101,50,38,13
0,0,0,3,9,11,9,9,9,34,63,76,110,79,82,110,137,159,165,144,119,112,76,23
0,9,14,13,12,30,34,17,19,43,65,78,87,110,112,158,204,231,232,213,168,115,72,36
0,0,0,6,5,3,10,9,13,48,97,110,93,80,89,137,175,207,238,232,181,128,91,67
0,5,0,0,1,9,12,13,21,30,62,102,111,148,170,225,287,315,313,282,233,160,100,64
0,0,0,10,12,9,33,45,38,62,127,147,158,186,216,268,287,317,338,295,261,162,127,100
0,0,5,6,11,21,42,46,73,116,131,182,200,242,260,305,295,320,329,321,227,159,117,62
0,6,13,19,29,33,63,106,107,125,157,180,196,209,212,240,256,292,262,245,185,163,102,74
0,3,12,29,55,100,117,118,126,140,165,180,179,193,205,224,237,246,194,180,166,130,80,77
5,0,14,62,92,107,117,129,133,138,145,159,169,181,180,195,183,146,144,143,122,84,52,26
11,14,54,87,109,120,124,135,121,126,132,137,140,144,146,137,131,124,120,110,81,59,22,14
9,26,65,105,120,126,124,116,115,125,114,109,115,108,111,108,102,101,87,60,45,14,13,13
12,14,50,83,116,117,121,93,107,101,102,103,66,84,82,83,94,57,51,42,14,13,12,13
3,3,20,102,104,114,117,115,109,66,65,58,58,69,68,70,76,58,35,29,22,22,13,10
0,6,14,55,109,93,108,114,114,106,64,52,51,50,47,42,38,35,24,13,21,15,14,7
5,13,13,14,85,90,99,113,103,81,62,50,39,43,38,34,27,30,12,13,13,11,13,5
0,3,0,12,14,100,108,115,112,106,101,55,52,50,13,32,30,13,25,24,14,11,9,8
9,0,2,12,8,47,89,98,100,88,71,52,24,7,11,12,13,14,14,12,7,3,8,7
3,4,9,1,0,21,57,72,92,82,59,53,38,47,18,30,13,14,13,12,9,11,4,3
0,5,5,0,0,8,9,50,60,65,56,51,25,25,14,10,25,10,12,12,12,10,5,0
9,4,0,0,0,0,8,14,37,56,54,55,27,14,20,22,4,5,2,8,10,12,8,0
0,0,0,0,0,0,11,0,12,51,55,53,40,40,29,14,10,5,10,4,12,10,10,3
0,0,0,0,0,0,0,0,18,29,53,53,51,42,31,11,10,5,6,11,9,6,7,0
0,0,0,0,0,0,0,0,11,39,54,62,60,59,53,36,9,12,13,12,5,8,9,6
0,0,0,0,0,0,0,0,0,45,40,74,82,68,53,44,28,18,14,12,10,7,7,10
0,0,0,0,0,0,7,4,14,37,64,66,70,55,54,36,22,23,10,11,12,0,6,5
3,0,0,0,0,10,12,10,14,50,68,86,58,50,33,29,11,7,10,9,12,10,10,12
0,0,6,2,4,6,0,1,18,56,64,62,53,29,22,13,0,6,0,0,13,14,9,1
0,0,1,3,5,6,8,12,13,45,51,50,30,16,9,9,7,5,0,10,10,5,5,9

2,4,2,2,4,3,0,0,10,11,0,0,0,0,0,5,0,0,0,0,0,0,8,0
9,0,4,6,10,7,0,6,7,14,0,0,1,0,7,0,3,0,0,0,0,0,0,0
7,1,10,11,14,12,1,5,12,7,13,5,8,33,4,6,11,7,0,0,0,0,5,0
8,9,24,24,18,14,13,50,51,102,102,12,11,54,53,51,6,7,12,0,4,0,0,0
9,0,13,40,15,43,31,95,167,249,213,147,122,62,37,8,47,24,0,13,6,13,13,4
13,5,9,10,27,42,68,144,345,438,357,301,233,156,80,52,56,27,26,25,10,0,0,7
54,9,10,14,10,45,79,136,193,265,305,289,263,234,133,90,58,32,13,12,9,1,0,0
64,53,13,8,0,9,83,133,185,239,259,243,218,201,168,113,81,53,10,6,8,0,0,0
57,67,55,51,8,52,76,130,186,207,214,182,193,215,204,165,132,95,55,9,0,3,0,0
0,60,66,57,50,62,93,134,178,191,191,155,229,269,262,198,179,132,75,57,13,0,3,0
0,53,67,70,67,73,110,146,167,151,115,136,227,280,263,223,189,161,110,63,28,0,1,0
0,12,86,113,106,101,111,131,123,84,103,157,199,287,305,279,237,178,124,80,37,8,0,0
0,10,79,113,136,131,112,100,72,77,111,155,237,245,278,289,247,159,131,96,55,29,6,4
8,0,2,100,100,101,93,99,14,65,105,119,147,199,214,211,194,173,152,113,65,57,8,0
0,0,1,11,46,11,14,0,0,50,68,103,133,149,160,175,177,180,164,116,98,66,27,0
0,0,0,2,1,0,0,4,8,33,57,76,117,131,129,141,138,164,177,139,101,47,37,13
0,0,0,2,8,11,9,9,9,27,60,75,109,78,81,109,137,159,165,143,118,112,75,23
0,9,14,13,11,29,32,17,19,40,62,74,84,107,107,151,196,220,224,208,167,115,73,37
0,0,0,7,5,2,9,10,12,39,85,108,87,76,85,131,169,198,232,231,182,129,92,68
0,5,0,0,0,9,12,14,19,25,62,101,110,147,167,221,283,312,313,284,237,164,102,66
0,0,0,9,11,8,31,44,37,62,126,147,158,187,218,270,290,320,343,302,269,169,131,102
0,0,5,7,12,19,41,45,73,116,131,184,203,245,266,311,300,326,340,339,239,170,127,66
0,6,11,18,28,32,64,106,107,125,160,183,199,213,216,245,263,300,277,264,197,178,110,80
0,2,12,23,55,100,117,118,127,141,167,184,183,197,211,229,244,254,203,189,178,138,88,88
5,1,13,70,100,108,118,128,133,138,146,161,171,183,183,199,188,148,148,150,129,99,64,30
11,14,56,93,110,121,124,135,119,125,131,136,140,144,147,138,133,127,123,113,94,76,33,14
9,14,56,103,118,124,121,115,114,122,112,107,114,108,111,109,103,101,96,63,52,17,13,13
12,13,40,73,114,115,119,90,106,101,101,102,64,81,80,81,94,58,52,46,14,13,13,12
4,1,13,84,101,113,118,115,110,68,65,57,57,67,66,69,75,60,36,32,25,25,13,11
0,6,14,43,106,89,108,114,116,108,65,52,50,49,46,41,37,35,25,13,23,17,14,8
5,13,13,18,74,80,95,111,103,82,63,50,38,41,35,32,25,29,12,13,13,12,13,5
0,5,0,12,13,82,103,111,108,106,101,55,51,41,13,31,29,13,26,24,14,11,9,8
9,0,6,13,6,39,83,88,92,85,70,52,19,7,11,12,13,14,14,12,7,3,8,7
4,7,11,3,0,21,53,64,83,77,58,53,35,44,14,27,13,14,13,12,9,11,3,3
0,6,6,0,0,8,10,43,56,61,55,50,23,20,14,10,24,10,12,12,12,10,5,1
9,5,0,0,0,0,8,13,24,54,53,53,14,14,17,22,5,5,2,8,10,12,8,0
0,0,0,0,0,0,12,0,12,50,53,52,30,21,25,14,11,6,10,5,12,10,9,3
0,0,0,0,0,0,0,0,14,26,54,51,42,36,22,11,11,6,7,11,9,6,6,0
0,0,0,0,0,0,1,0,11,39,53,56,51,52,45,31,11,13,14,12,6,7,8,5
0,0,0,0,0,0,0,0,0,50,38,62,60,54,50,37,28,20,14,12,10,7,6,9
0,0,0,0,0,0,6,1,14,36,62,54,52,50,48,32,21,21,9,11,13,0,5,5
4,0,0,0,0,9,13,9,14,50,60,59,51,39,28,29,12,8,10,9,11,10,10,12
0,0,7,3,3,4,2,3,13,50,51,51,43,25,21,12,0,6,2,0,13,14,9,1
0,0,1,3,5,6,8,12,12,14,32,29,20,14,8,9,6,5,0,10,11,5,5,9

4,3,0,0,1,6,0,0,10,10,0,0,0,0,0,5,0,0,0,0,0,0,9,0
11,0,9,9,11,10,1,10,9,12,0,0,0,1,7,0,3,0,0,0,0,0,3,5
7,4,8,8,14,14,6,4,9,3,11,4,4,14,3,6,13,8,0,0,0,0,6,2
6,11,13,15,18,14,8,20,4,77,64,4,7,14,51,50,7,6,13,0,5,1,0,0
11,0,7,16,13,11,9,56,89,107,101,89,101,28,9,4,43,19,0,14,7,14,13,5
30,5,6,12,14,11,50,79,125,169,139,113,88,54,53,41,53,23,27,26,12,4,2,9
60,11,12,14,8,12,62,107,149,182,188,173,157,122,52,56,46,13,11,11,10,3,6,0
88,61,16,4,0,6,78,122,161,208,238,216,180,131,85,57,13,10,7,6,8,0,0,1
97,77,57,52,6,50,75,125,185,215,228,175,192,182,151,120,94,61,10,8,0,4,0,0
57,79,74,59,48,64,93,137,190,212,203,165,246,246,220,160,140,103,56,46,14,0,5,0
42,94,96,81,75,77,112,153,183,164,111,149,220,240,228,190,151,129,84,47,11,0,6,0
0,94,133,133,121,111,119,139,130,92,105,146,172,238,235,213,189,146,104,67,15,9,0,0
0,60,131,159,155,141,116,103,73,82,113,144,161,199,230,233,204,138,119,86,54,34,8,5
4,2,115,174,151,109,97,101,68,74,107,122,156,187,208,206,192,166,147,112,65,58,9,0
0,0,12,113,77,47,13,65,52,53,66,96,133,152,166,181,185,187,168,117,100,70,30,0
0,0,0,8,23,13,0,10,10,13,50,63,109,126,127,137,138,162,178,140,102,51,43,12
0,0,0,7,9,12,4,3,2,10,36,62,95,69,77,105,138,165,169,146,120,114,81,42
0,7,11,15,17,18,14,14,13,17,50,50,63,88,90,133,181,212,222,214,176,125,81,48
0,0,0,9,9,8,9,12,12,13,12,70,65,66,72,114,156,193,231,236,190,137,102,78
0,0,0,0,0,10,12,14,15,34,57,100,106,138,155,211,278,315,319,294,248,179,115,80
0,0,0,6,9,10,21,40,34,59,123,144,155,183,216,273,296,328,355,315,284,182,142,113
0,0,6,9,13,17,39,45,68,116,129,185,202,244,274,323,313,338,351,354,253,190,151,79
0,1,8,14,27,32,66,107,108,125,158,180,201,216,222,252,273,308,286,281,215,204,129,98
0,0,11,19,59,101,118,119,127,140,165,183,184,198,214,233,248,263,213,199,194,151,107,104
5,0,13,89,101,109,118,128,133,138,146,160,171,183,183,202,191,152,155,161,139,111,81,37
10,14,58,96,110,120,122,134,118,124,130,135,138,143,147,139,135,129,127,118,101,93,45,15
9,13,54,102,116,120,117,112,111,118,109,105,112,107,111,109,103,102,100,66,61,22,18,13
12,13,37,68,113,113,117,87,103,100,100,101,62,78,79,79,93,57,55,48,19,13,12,10
4,0,14,79,102,113,118,116,109,67,63,56,56,65,64,68,74,58,36,32,26,27,14,11
0,5,14,39,105,88,108,114,116,108,64,51,50,47,45,40,37,34,26,13,23,16,15,8
4,13,13,20,70,77,94,112,103,80,61,48,34,37,31,32,25,30,12,13,13,12,13,6
0,5,2,11,13,79,102,111,108,105,100,54,51,19,13,28,27,13,25,24,14,11,9,8
9,0,9,12,6,34,83,88,94,84,70,51,14,7,10,12,13,14,14,12,7,3,8,7
5,7,10,2,0,20,52,65,85,78,58,52,32,41,14,24,13,14,13,12,9,11,4,3
0,6,5,0,0,6,10,46,57,63,55,50,19,15,13,9,25,10,12,12,12,11,5,1
10,5,0,0,0,0,8,14,32,55,53,53,17,13,14,22,5,6,2,7,10,12,8,0
0,0,0,0,0,0,11,0,13,51,55,52,30,22,22,14,10,6,9,4,12,10,9,3
0,0,0,0,0,0,0,0,14,31,55,52,50,36,22,10,10,5,6,11,8,6,6,0
0,0,0,0,0,0,1,0,11,43,55,61,55,54,50,30,11,13,13,12,6,8,9,5
0,0,0,0,0,0,0,0,0,50,41,70,68,56,51,43,29,19,15,12,10,7,7,10
0,0,0,0,0,0,6,0,15,37,64,61,57,52,52,32,22,27,9,11,12,0,6,5
3,0,0,0,0,9,13,9,14,51,65,67,54,42,26,28,12,7,10,9,11,10,11,12
0,0,6,2,3,4,2,4,17,54,56,55,50,27,21,12,0,6,1,0,13,14,9,1
0,0,1,3,5,6,8,12,13,29,47,38,23,14,8,9,6,5,0,10,11,5,5,9

4,3,2,1,1,3,0,0,10,10,0,0,0,0,0,5,0,0,0,0,0,0,9,0
9,0,7,6,10,6,0,9,9,13,0,0,2,0,7,0,4,0,0,0,0,0,1,4
5,0,4,7,12,12,4,4,12,4,13,2,4,14,2,7,12,7,0,0,0,0,6,1
7,6,11,15,13,14,9,42,11,91,84,7,8,13,50,50,5,4,12,0,1,1,0,0
14,0,3,30,11,23,13,74,122,147,129,104,106,26,11,2,36,19,0,11,6,13,13,4
54,6,7,7,21,40,62,119,255,336,271,215,149,87,57,47,54,23,25,24,11,1,0,7
77,38,9,13,10,42,76,128,182,239,277,264,242,200,107,74,51,12,11,11,9,2,2,0
85,73,13,6,0,10,86,133,182,235,257,237,211,187,140,102,63,14,6,5,8,0,0,1
77,79,61,51,8,53,80,133,189,210,220,183,205,209,189,152,118,77,14,6,0,3,0,0
38,72,74,60,50,65,99,140,184,199,198,167,259,276,250,192,170,121,67,52,12,0,4,0
7,70,85,78,72,77,114,151,173,158,112,159,242,280,255,219,185,154,100,57,14,0,5,0
0,64,113,124,113,107,116,135,126,88,106,163,201,290,288,268,230,175,119,74,28,6,0,0
1,40,108,136,143,134,112,101,71,80,115,169,218,248,279,292,246,156,129,94,54,28,6,4
2,0,39,121,118,102,81,100,58,70,107,126,172,205,223,220,202,176,152,113,66,57,8,0
0,0,5,61,50,25,12,10,0,50,68,104,136,160,170,182,182,183,165,116,100,69,28,0
0,0,0,4,9,0,0,5,3,12,57,74,117,134,131,141,138,161,176,139,101,50,41,13
0,0,0,6,10,13,9,8,8,14,59,76,109,77,82,110,138,159,164,143,119,113,78,29
0,9,13,13,14,23,20,12,21,39,62,72,83,108,110,154,191,214,219,207,167,118,75,41
0,0,0,8,4,0,7,8,6,20,62,107,89,74,79,119,160,194,228,229,182,130,94,71
0,2,0,0,1,9,12,13,12,14,55,102,110,146,168,223,284,311,310,282,237,166,105,69
0,0,0,7,11,10,27,29,35,61,127,148,160,189,220,270,289,316,340,300,269,171,133,106
0,0,5,8,13,19,40,45,75,119,132,188,205,245,270,312,300,322,331,332,236,172,131,68
0,3,11,19,29,33,67,108,109,127,163,183,202,215,218,246,261,294,268,258,197,180,113,81
0,3,12,29,57,101,118,120,129,142,169,185,186,198,210,228,240,250,202,189,178,139,90,89
7,1,15,80,100,109,119,130,135,140,147,162,172,183,182,198,187,148,149,150,129,99,62,29
11,17,62,100,112,122,125,137,121,126,132,137,140,144,147,138,134,127,124,114,92,70,26,14
10,16,62,105,119,124,121,115,114,122,112,107,114,108,111,109,103,101,94,62,52,18,14,12
12,13,48,80,116,115,119,90,105,100,101,102,64,80,81,79,92,53,51,43,14,13,12,11
3,2,17,99,104,115,119,116,110,67,64,57,57,67,66,68,74,58,35,29,22,24,13,10
0,6,14,51,108,94,110,115,116,108,64,52,50,48,46,40,37,34,24,13,21,14,14,7
4,13,13,25,77,86,99,113,104,81,62,50,37,40,33,33,26,30,12,12,13,11,13,5
0,5,2,11,13,91,106,114,110,105,101,54,51,31,13,31,25,13,24,24,13,11,9,8
8,0,9,12,7,40,87,94,98,87,70,51,16,8,10,12,12,14,14,12,6,3,8,7
4,7,11,3,0,23,54,69,89,80,58,53,37,42,14,25,13,14,13,12,9,11,4,3
0,6,5,0,0,7,10,49,58,64,55,50,20,15,14,9,25,10,12,12,12,10,5,0
9,4,0,0,0,0,9,14,35,55,53,53,24,13,14,25,5,6,1,7,10,12,8,0
0,0,0,0,0,0,11,0,13,51,55,53,31,29,24,14,10,6,9,4,11,10,9,3
0,0,0,0,0,0,0,0,15,30,54,52,50,38,24,10,10,5,7,11,8,6,7,0
0,0,0,0,0,0,0,0,11,42,55,61,57,55,50,33,11,13,13,12,7,8,9,5
0,0,0,0,0,0,0,0,0,50,41,71,72,58,51,41,30,20,14,11,10,8,7,11
0,0,0,0,0,0,5,1,15,38,64,62,59,53,52,32,22,26,9,11,12,0,6,6
3,0,0,0,0,9,13,10,14,51,67,71,55,46,29,29,11,8,10,9,12,10,11,12
0,0,6,2,3,4,3,4,23,55,57,56,50,28,22,12,0,6,1,0,13,14,9,1
0,0,1,3,5,6,8,12,13,35,50,41,26,14,8,9,6,5,0,10,11,5,5,9

5,2,1,1,2,3,0,1,10,11,0,0,0,0,0,5,0,0,0,0,0,0,8,0
9,0,7,6,9,7,0,10,10,14,0,0,1,0,7,0,2,0,0,0,0,0,0,3
6,0,6,8,13,12,4,7,13,5,13,5,6,14,2,4,10,6,0,0,0,0,6,2
6,7,13,18,14,21,12,55,14,98,100,8,9,18,51,50,7,6,12,0,2,2,0,0
5,0,7,33,13,38,18,80,135,168,144,111,108,14,7,2,27,14,0,11,6,13,13,4
6,10,10,8,27,44,64,137,329,407,311,228,149,79,49,41,51,22,25,24,11,3,0,8
30,8,12,13,11,45,77,137,197,277,299,262,226,174,81,62,46,13,11,11,9,3,4,0
16,0,12,8,0,11,88,137,191,246,264,237,205,174,126,87,50,11,5,4,8,0,0,1
60,13,23,50,11,56,82,137,191,211,219,182,199,199,177,140,107,62,9,4,0,3,0,0
51,49,57,56,53,66,102,143,186,200,198,167,254,264,238,181,154,110,58,41,12,0,4,0
14,64,67,64,69,78,119,161,183,163,116,164,243,277,248,209,175,145,91,50,14,0,5,0
0,71,107,115,108,106,120,139,131,92,109,167,208,298,295,270,226,167,112,67,13,6,0,0
0,50,109,134,142,142,115,102,74,82,115,170,226,259,283,295,245,154,126,87,51,25,3,4
3,1,42,124,131,114,91,100,61,72,107,125,174,211,226,221,200,174,149,111,62,40,6,0
0,0,6,68,53,50,13,13,0,51,71,106,138,163,173,185,184,183,163,114,93,60,23,0
0,0,0,4,10,2,0,6,3,27,59,77,121,137,134,144,140,163,176,138,100,41,33,13
0,0,0,7,11,13,10,8,9,22,65,80,113,80,84,113,139,160,164,142,118,111,72,16
0,9,13,12,14,26,25,13,25,42,67,78,90,115,116,161,192,215,218,205,164,112,71,35
0,0,0,8,3,0,7,11,8,25,77,111,98,77,82,120,159,193,228,229,181,127,90,66
0,2,0,0,1,10,13,13,13,14,56,103,111,148,172,227,286,313,312,282,236,163,101,64
0,0,0,8,11,10,31,34,38,62,128,149,164,192,224,274,291,319,342,300,269,170,131,103
0,0,5,8,13,20,41,45,75,120,134,191,209,249,274,316,302,324,334,334,237,170,126,65
0,4,11,19,30,34,68,108,110,128,166,186,205,218,221,248,264,297,272,261,197,178,110,78
0,3,13,33,57,101,119,120,130,143,171,188,189,201,213,231,243,253,204,189,177,138,88,85
8,2,19,80,101,110,120,131,135,141,148,163,174,185,183,199,188,149,149,150,129,98,60,28
11,17,62,100,112,123,126,137,121,127,132,137,140,145,147,139,134,127,124,114,91,69,26,14
10,17,62,106,119,125,122,115,114,123,112,107,115,108,111,109,103,101,94,62,53,17,14,12
12,13,48,79,116,116,119,90,105,101,101,102,64,81,81,80,93,51,51,43,14,13,12,12
4,3,17,99,104,115,120,116,110,67,64,57,57,67,66,68,75,57,35,29,22,22,13,10
0,6,14,52,107,94,110,115,116,107,64,52,50,48,46,41,37,34,23,13,20,15,14,7
4,13,13,25,78,86,99,113,103,81,62,50,37,40,34,33,26,30,12,12,13,12,13,5
0,6,3,11,13,91,106,114,110,105,100,54,51,34,13,30,25,13,24,24,13,11,9,8
9,0,9,12,7,44,87,94,97,86,70,51,15,8,11,12,12,14,14,12,6,3,8,7
5,8,11,3,0,23,54,68,88,80,58,52,36,43,14,23,13,14,13,12,9,11,3,3
0,6,6,0,0,8,10,48,58,63,55,50,19,15,14,12,25,10,12,12,12,10,5,0
10,5,0,0,0,0,9,14,35,55,53,53,21,13,14,23,5,6,1,7,10,12,8,0
0,0,0,0,0,0,11,0,14,51,55,53,30,27,24,14,10,6,9,4,12,10,9,3
0,0,0,0,0,0,0,0,15,30,54,52,50,37,22,10,10,5,7,11,8,6,6,0
0,0,0,0,0,0,0,0,11,43,55,61,55,54,50,30,11,13,13,12,7,8,9,4
0,0,0,0,0,0,0,0,0,50,40,70,70,57,51,41,29,20,14,12,11,8,7,10
0,0,0,0,0,0,5,1,14,37,63,61,58,52,50,30,22,25,9,11,12,0,6,6
2,0,0,0,0,9,12,10,14,50,65,68,53,42,25,28,12,7,10,9,11,10,11,12
0,0,6,2,3,3,2,4,17,54,56,55,48,25,21,11,0,6,1,0,13,14,9,1
0,0,1,3,5,5,8,12,13,29,44,35,24,14,8,9,6,5,0,10,11,5,5,9

2,0,0,0,0,1,0,0,10,11,0,0,0,0,0,4,0,0,0,0,0,0,8,0
6,0,4,0,8,4,0,9,9,13,0,0,0,0,7,0,2,0,0,0,0,0,1,3
9,8,11,10,11,11,2,5,12,5,13,5,6,14,2,3,10,6,0,0,0,0,6,2
22,53,50,29,10,11,7,46,14,94,95,8,8,18,51,46,8,7,12,0,2,2,0,1
58,96,84,57,4,6,11,76,128,158,139,109,107,13,5,1,22,12,0,12,8,14,13,4
57,88,74,61,39,10,63,132,302,384,292,213,139,71,42,39,45,23,24,23,11,3,0,8
18,51,53,48,11,13,80,137,194,268,287,247,215,162,72,58,38,14,11,11,9,3,5,0
14,4,14,0,0,10,92,139,191,243,256,229,194,158,113,76,14,8,4,4,8,0,0,0
78,39,6,11,7,56,86,142,197,216,220,179,189,183,158,127,95,48,5,4,0,3,0,0
59,60,61,53,50,67,104,149,194,209,205,164,239,239,210,162,140,99,23,13,12,0,4,0
39,71,73,64,68,78,121,163,187,170,119,163,233,252,226,191,157,133,81,14,11,0,6,0
2,78,113,116,108,105,119,141,136,95,113,170,200,281,275,247,206,152,105,61,10,7,0,0
0,54,113,137,141,135,113,103,76,83,118,177,224,247,270,277,230,147,122,82,50,29,3,4
2,1,72,127,126,106,87,100,60,72,108,129,178,209,222,215,196,170,148,111,62,46,6,0
0,0,5,70,53,50,13,12,0,51,71,107,140,165,174,184,183,182,162,114,91,59,23,0
0,0,0,5,12,2,0,7,2,25,60,78,121,138,135,145,140,163,176,138,100,40,32,13
0,0,0,7,11,13,10,8,9,24,65,81,113,81,85,114,141,161,164,142,117,110,71,15
0,9,13,12,16,25,26,14,25,43,68,79,91,117,118,165,197,219,220,204,161,111,70,34
0,0,0,9,6,0,7,12,8,31,82,112,100,79,84,122,161,195,229,228,180,127,89,66
0,2,0,0,2,11,13,14,13,14,56,103,112,149,174,231,290,316,312,282,235,162,101,65
0,0,0,8,11,10,32,37,40,62,128,149,164,193,226,275,293,321,343,300,269,170,131,103
0,0,6,8,13,20,40,45,75,120,134,191,210,250,274,317,304,326,336,334,237,171,127,65
0,5,12,20,30,34,67,108,110,128,166,186,206,218,222,250,265,299,273,261,197,179,110,79
0,4,13,33,57,101,118,120,130,143,171,187,189,201,214,231,243,253,203,189,177,138,88,86
8,3,17,78,100,109,119,131,135,141,148,163,173,185,184,199,188,149,149,150,128,97,60,28
11,17,62,100,112,122,126,137,122,127,133,138,141,145,147,139,134,127,124,114,91,69,26,14
10,20,62,106,119,125,122,116,115,124,112,108,115,108,112,109,103,101,95,62,53,18,14,12
12,14,50,81,116,116,120,92,105,101,101,102,64,82,81,80,93,55,52,43,14,13,12,12
4,3,19,100,104,116,120,116,111,68,64,57,57,67,66,69,75,57,35,29,22,22,13,10
0,6,14,53,108,95,110,115,116,108,65,52,50,48,46,41,37,34,24,13,21,15,14,7
5,13,13,26,80,87,100,113,103,81,62,50,37,41,34,33,26,29,12,12,13,12,13,5
0,6,2,11,13,93,106,114,111,105,101,54,51,35,13,31,25,13,24,24,13,11,9,8
9,0,9,12,7,42,87,95,99,87,70,51,16,8,11,12,12,14,14,12,6,3,8,7
5,7,11,3,0,23,54,69,90,81,58,53,38,44,14,25,13,14,12,12,9,11,3,3
0,6,5,0,0,8,10,49,58,64,55,51,21,17,14,13,24,10,12,12,11,10,5,0
10,4,0,0,0,0,9,14,35,55,53,53,26,14,14,22,4,6,1,7,10,12,8,0
0,0,0,0,0,0,11,0,13,51,54,53,33,34,25,14,10,6,9,4,11,10,9,3
0,0,0,0,0,0,0,0,15,26,54,52,50,39,27,10,9,4,6,11,8,6,6,0
0,0,0,0,0,0,0,0,11,41,55,61,58,57,51,32,11,13,13,12,6,8,9,4
0,0,0,0,0,0,0,0,0,48,40,72,75,60,51,42,29,20,14,12,10,7,7,10
0,0,0,0,0,0,6,2,14,37,64,64,61,53,52,32,21,24,9,11,12,0,5,5
2,0,0,0,0,10,13,10,14,51,68,73,55,47,27,28,11,7,10,9,11,10,11,12
0,0,6,2,3,4,3,5,25,56,58,56,50,27,22,12,0,6,1,0,13,14,9,1
0,0,1,3,5,6,8,13,13,37,50,40,25,14,8,9,6,5,0,10,11,5,5,9

1,0,0,0,0,0,0,0,10,10,0,0,0,0,0,4,0,0,0,0,0,0,8,0
7,3,5,0,6,2,0,8,9,14,0,0,0,0,7,0,2,0,0,0,0,0,1,2
12,13,14,13,11,11,2,6,13,5,13,5,7,14,2,3,9,6,0,0,0,0,6,2
37,59,57,43,19,13,9,49,15,99,100,9,9,26,51,48,7,6,12,0,1,1,0,0
57,103,100,62,52,14,13,77,137,181,162,120,111,29,8,3,22,12,0,12,7,13,13,3
53,75,71,63,52,13,66,136,319,404,315,237,160,91,52,42,46,24,21,21,10,2,0,7
22,47,52,50,12,13,82,140,196,270,293,257,226,177,87,63,43,14,11,11,8,2,2,0
53,8,21,4,0,10,92,139,192,242,255,231,199,168,123,88,51,10,3,3,7,0,0,0
80,53,10,13,8,56,85,141,195,214,217,179,192,191,167,134,104,58,6,3,0,3,0,0
58,61,63,54,50,67,104,148,191,204,200,164,241,247,221,171,147,107,54,13,10,0,4,0
31,70,73,65,67,78,119,160,181,164,117,159,232,255,232,198,164,139,89,31,8,0,5,0
0,74,111,115,107,104,117,138,132,92,110,164,196,277,274,248,209,158,110,67,13,7,0,0
0,51,111,134,140,133,112,102,74,82,117,171,215,239,261,271,229,148,125,89,53,29,3,4
2,1,54,121,121,105,84,100,57,70,108,127,171,199,214,208,193,170,149,112,65,55,7,0
0,0,4,63,51,48,13,11,0,51,71,106,138,160,169,180,181,182,164,116,97,65,26,0
0,0,0,5,11,0,0,7,2,30,59,76,120,136,134,144,139,163,178,139,101,47,36,13
0,0,0,7,11,13,10,8,9,24,65,80,113,81,85,114,140,162,165,144,118,112,75,21
0,9,14,12,17,26,27,14,27,43,67,78,90,116,118,166,202,226,226,208,165,115,73,37
0,0,0,10,6,0,8,12,9,32,80,112,98,79,85,124,165,200,233,230,182,129,92,69
0,3,0,0,2,11,13,14,14,14,56,103,112,149,174,231,292,317,313,283,236,164,103,67
0,0,0,9,11,11,33,38,40,62,128,149,163,192,225,274,292,320,342,300,269,170,132,104
0,0,6,9,13,21,41,45,75,119,133,189,207,248,272,315,302,325,335,332,235,170,127,66
0,6,12,21,30,34,66,107,109,128,165,185,203,216,220,247,263,297,269,257,194,177,110,79
0,4,12,30,56,100,118,120,129,142,170,186,187,199,213,229,241,251,200,187,175,137,87,84
8,3,16,73,100,109,119,130,135,140,148,162,173,184,183,198,186,148,148,148,127,95,59,28
11,15,59,100,111,122,126,137,122,127,133,138,141,145,147,138,134,127,123,113,89,67,24,14
10,20,62,106,119,125,123,116,115,125,113,108,115,108,111,109,103,101,94,62,52,18,14,12
12,14,50,80,116,116,120,93,106,101,102,102,64,82,82,80,94,55,52,43,14,13,12,12
4,3,21,100,104,116,119,116,111,68,64,57,57,68,66,69,76,57,35,29,23,24,13,10
0,6,14,53,108,94,110,115,116,108,65,52,50,48,46,41,37,34,24,13,21,15,14,7
5,13,13,25,81,87,100,113,103,82,62,50,38,42,35,33,27,29,12,12,13,12,13,5
0,6,2,11,13,93,106,115,111,106,101,54,51,41,13,31,28,13,24,24,13,11,9,8
9,0,9,12,7,42,87,95,99,87,70,52,18,8,11,12,12,14,14,12,6,3,8,7
4,7,10,3,0,23,55,69,90,81,59,53,40,43,14,25,13,14,12,12,9,11,3,3
0,6,6,0,0,8,9,49,58,64,56,51,22,21,14,14,25,10,12,12,12,10,5,0
9,4,0,0,0,0,9,15,37,55,54,54,28,14,14,23,4,5,1,7,10,12,8,0
0,0,0,0,0,0,11,0,13,51,54,53,29,38,26,14,10,5,9,4,11,10,9,3
0,0,0,0,0,0,0,0,18,26,53,52,50,40,29,11,9,4,6,11,8,6,6,0
0,0,0,0,0,0,0,0,11,40,55,61,58,58,51,35,10,12,13,12,6,8,9,4
0,0,0,0,0,0,0,0,0,48,40,72,78,62,52,42,28,19,14,11,10,7,7,10
0,0,0,0,0,0,7,2,15,40,64,65,63,53,52,32,22,24,9,11,12,0,5,5
3,0,0,0,0,10,13,11,16,51,69,76,56,50,27,28,11,7,10,9,11,10,11,12
0,0,6,2,3,4,4,5,29,57,60,57,52,28,22,12,0,5,0,0,13,14,9,1
0,0,1,3,5,6,8,13,13,39,50,41,26,14,8,9,6,5,0,10,11,5,5,9

2,0,0,0,0,0,0,0,10,10,0,0,0,0,0,4,0,0,0,0,0,0,8,0
8,4,4,0,7,3,0,8,9,14,0,0,0,0,7,0,2,0,0,0,0,0,0,1
13,14,23,14,12,11,2,6,13,5,13,5,8,14,2,3,9,6,0,0,0,0,6,1
40,60,58,44,21,13,9,49,17,99,101,10,9,26,51,48,7,6,11,0,1,1,0,0
57,105,102,63,55,14,13,78,138,182,164,121,111,32,9,3,22,12,0,11,7,13,12,3
54,76,72,64,53,14,66,137,320,404,316,238,163,94,53,43,48,24,21,21,10,1,0,7
28,50,53,51,12,13,82,140,196,271,293,258,227,179,88,64,46,14,11,10,8,2,2,0
54,9,29,6,0,10,93,139,193,243,257,232,199,169,123,89,52,10,3,2,7,0,0,0
80,54,11,13,9,57,86,142,196,215,218,180,192,191,167,134,105,60,7,3,0,2,0,0
58,62,63,54,51,67,104,148,192,205,201,164,242,247,221,172,148,107,55,13,9,0,3,0
31,70,74,65,68,78,119,160,182,165,117,160,232,255,233,198,165,139,90,34,8,0,5,0
0,75,111,115,107,104,117,139,132,92,110,164,195,276,274,248,210,158,110,67,13,7,0,0
0,51,111,134,140,133,112,102,74,82,117,171,214,238,261,271,228,148,125,89,53,29,2,3
2,1,56,121,121,105,84,100,57,70,108,127,170,198,212,207,192,169,149,112,65,55,7,0
0,0,5,63,51,50,13,11,0,51,71,106,137,159,168,179,180,180,163,115,97,65,26,0
0,0,0,5,11,1,0,7,2,32,59,76,120,136,134,143,139,163,177,139,101,46,36,13
0,0,0,7,11,13,10,9,9,25,65,81,113,80,84,113,139,161,165,143,118,112,75,20
0,10,14,12,17,27,28,14,27,43,67,78,90,116,117,165,202,225,226,208,165,115,72,37
0,0,1,10,6,0,8,12,9,33,80,112,98,79,85,124,166,202,234,231,182,129,92,69
0,4,0,0,3,11,13,14,14,16,56,103,112,149,174,231,292,317,314,283,237,164,103,67
0,0,0,9,12,11,34,39,40,62,128,149,163,192,225,273,292,320,342,300,268,170,132,104
0,0,6,9,13,22,41,45,75,119,133,189,207,247,272,314,302,326,335,332,235,170,127,66
0,7,12,21,30,34,66,107,109,128,165,185,203,216,220,247,263,297,270,257,194,177,110,78
0,4,13,31,56,100,118,120,129,143,170,186,188,200,212,229,241,251,200,187,175,136,87,84
8,3,17,73,100,109,119,130,135,140,148,162,173,184,183,198,186,148,148,148,127,95,59,28
11,15,60,99,111,122,126,137,122,127,133,138,141,145,147,138,133,127,123,113,89,67,24,14
10,21,62,105,119,126,123,116,115,125,113,108,115,108,112,109,103,101,93,61,51,18,14,12
12,14,49,80,116,116,121,93,106,101,102,102,64,82,82,80,93,55,52,43,14,13,12,12
5,4,20,100,104,116,119,116,111,68,64,57,58,68,67,69,76,58,35,30,23,24,13,10
0,6,14,53,108,94,110,115,116,108,65,52,50,48,46,41,37,35,24,13,21,15,14,7
5,13,13,27,81,88,99,113,103,82,62,50,39,41,36,33,27,30,12,13,13,12,13,5
0,6,2,11,14,93,106,115,111,106,101,54,51,43,14,32,28,13,24,24,13,11,9,8
9,0,9,12,7,42,87,95,99,87,71,52,19,8,11,12,12,14,14,12,6,2,8,7
5,7,11,3,0,23,55,69,90,81,58,53,42,44,14,26,13,14,12,12,9,11,3,3
0,6,5,0,0,8,10,50,59,64,56,51,22,22,14,14,24,10,12,12,12,10,5,0
9,4,0,0,0,0,9,15,36,55,54,54,28,14,14,23,4,5,1,7,10,12,8,0
0,0,0,0,0,0,11,0,13,51,54,53,31,38,26,14,10,5,9,4,11,10,10,3
0,0,0,0,0,0,0,0,15,26,53,52,50,40,29,11,9,4,6,11,8,6,6,0
0,0,0,0,0,0,0,0,11,39,55,61,59,58,52,33,10,12,13,12,6,8,9,4
0,0,0,0,0,0,0,0,0,48,40,72,78,62,52,43,28,19,14,11,10,7,7,10
0,0,0,0,0,0,7,1,15,40,64,65,63,53,52,33,21,23,9,11,12,0,5,5
3,0,0,0,0,10,13,11,16,51,69,76,56,48,28,28,11,7,10,9,11,10,11,12
0,0,6,2,3,4,4,5,29,57,60,57,51,28,22,12,0,5,0,0,13,14,9,1
0,0,1,3,5,6,8,13,13,40,50,41,26,14,8,9,6,5,0,10,11,5,5,9

2,0,0,0,0,0,0,0,10,10,0,0,0,0,0,4,0,0,0,0,0,0,8,0
8,5,5,0,7,4,0,8,9,14,0,0,0,0,7,0,1,0,0,0,0,0,0,1
13,14,25,14,12,11,3,6,13,5,13,5,8,14,2,3,9,5,0,0,0,0,5,1
40,60,58,44,21,14,9,50,18,100,101,10,9,28,51,50,7,6,11,0,1,1,0,0
57,105,102,63,55,16,14,78,138,183,165,122,111,36,9,3,23,12,0,11,7,13,12,3
54,76,72,64,53,14,66,139,322,405,318,239,164,95,54,44,48,24,21,21,9,1,0,7
29,50,53,52,13,13,83,141,197,272,295,259,227,179,89,65,48,14,11,10,8,2,1,0
55,10,30,6,0,10,93,140,193,244,257,232,199,169,124,90,53,10,3,2,7,0,0,0
80,55,12,14,9,58,86,142,197,216,219,180,192,191,168,135,105,61,7,2,0,2,0,0
58,62,63,55,51,67,104,149,193,206,202,165,242,247,223,172,148,108,56,14,9,0,3,0
31,70,74,65,68,79,120,161,183,165,118,161,232,256,234,199,166,140,90,36,8,0,5,0
0,75,111,115,107,104,118,139,132,93,110,164,195,275,274,248,210,158,110,67,13,6,0,0
1,51,111,134,140,133,112,103,74,82,116,170,213,237,260,270,228,147,124,89,53,29,2,3
2,1,55,121,121,105,85,100,57,70,108,126,169,198,211,207,192,168,148,112,65,55,7,0
0,0,5,63,52,50,13,12,0,51,71,106,137,158,167,178,179,179,162,115,97,65,26,0
0,0,0,5,11,1,0,7,2,35,59,76,119,136,133,143,138,163,177,138,101,47,36,13
0,0,0,8,11,13,10,9,9,26,65,81,112,80,84,113,139,160,164,143,118,112,75,20
0,10,14,12,18,27,29,14,28,43,67,78,90,116,117,164,202,225,226,207,164,114,72,37
0,1,1,10,7,0,8,12,9,34,80,112,98,79,85,125,166,203,235,231,181,129,92,69
0,4,0,0,3,11,13,14,14,18,56,103,112,149,174,231,292,318,314,283,236,164,103,67
0,0,0,9,12,11,33,38,43,62,128,148,163,192,224,273,292,320,342,300,268,170,132,104
0,0,6,9,13,22,41,45,75,119,133,189,207,247,271,314,302,326,335,332,235,169,126,65
0,7,12,21,30,34,67,107,109,128,165,185,203,216,219,248,263,297,271,257,194,176,109,78
0,4,13,33,57,100,118,120,130,143,170,186,188,200,212,229,241,250,200,187,175,136,86,84
8,3,20,73,100,108,119,131,135,141,148,162,173,184,183,198,186,148,147,148,127,95,59,28
11,15,60,100,111,122,126,137,122,127,133,138,141,145,147,138,134,126,123,113,89,66,24,14
10,20,63,106,119,126,123,116,115,125,113,108,115,108,111,109,103,101,93,61,52,18,14,12
12,14,50,80,116,116,121,93,106,101,102,102,64,82,82,80,93,56,52,43,14,13,12,12
5,4,20,100,104,116,119,116,111,67,64,57,57,68,67,69,76,58,35,29,22,24,13,10
0,6,14,53,108,95,110,115,116,108,64,52,50,49,46,41,38,35,24,13,20,15,14,6
5,13,13,26,81,88,100,113,103,82,62,50,38,42,36,33,27,30,12,13,13,12,13,5
0,6,2,11,14,94,106,115,111,106,101,54,51,41,14,31,28,13,24,24,13,11,9,8
9,0,9,12,7,42,88,95,99,87,71,52,20,8,11,12,12,14,14,12,6,2,8,7
5,7,11,3,0,23,55,69,90,81,58,53,42,44,14,26,13,14,12,12,9,11,3,3
0,6,5,0,0,8,9,49,58,64,56,51,23,22,14,14,24,10,12,12,12,10,5,0
9,4,0,0,0,0,9,17,37,55,54,54,28,14,14,24,4,5,1,7,10,12,8,0
0,0,0,0,0,0,11,0,13,51,54,53,29,38,27,14,10,5,9,4,11,10,9,3
0,0,0,0,0,0,0,0,14,28,54,52,50,41,29,11,9,4,6,11,8,6,6,0
0,0,0,0,0,0,0,0,11,40,55,61,59,59,52,35,10,12,13,12,6,8,9,4
0,0,0,0,0,0,0,0,0,49,40,73,78,63,52,44,29,19,14,12,10,7,7,10
0,0,0,0,0,0,7,1,15,41,64,66,63,53,52,33,21,22,9,11,12,0,5,5
3,0,0,0,0,10,13,11,18,51,69,76,56,50,29,28,11,7,10,9,11,10,11,12
0,0,6,2,3,4,4,5,30,57,60,57,51,28,22,12,0,5,1,0,13,13,9,1
0,0,1,3,5,6,8,13,13,40,50,45,29,14,8,9,6,5,0,10,11,4,4,9

3,0,0,0,0,0,0,0,10,11,0,0,0,0,0,4,0,0,0,0,0,0,8,0
9,6,5,0,8,5,0,8,9,14,0,0,0,0,7,0,1,0,0,0,0,0,0,1
13,14,25,16,12,11,3,6,13,5,13,5,8,15,2,3,9,5,0,0,0,0,5,1
42,60,58,44,22,14,9,50,18,100,101,10,9,29,51,50,7,6,11,0,1,1,0,0
57,105,102,63,55,17,14,78,139,184,165,122,111,38,10,4,23,12,0,11,7,13,12,3
54,76,72,64,54,14,67,140,323,406,318,240,165,97,55,44,49,24,21,20,9,1,0,7
30,50,53,52,13,13,84,142,198,273,296,260,229,180,91,65,48,14,11,10,8,2,1,0
55,10,32,7,0,11,94,141,194,245,259,233,200,170,124,91,54,11,3,2,7,0,0,0
80,55,12,14,9,58,86,143,198,217,220,181,193,192,168,135,106,62,8,2,0,2,0,0
58,62,63,55,51,67,105,150,194,207,204,165,242,247,224,173,149,109,57,14,9,0,3,0
31,70,74,65,68,79,120,161,184,166,118,161,233,256,234,199,167,140,91,39,8,0,5,0
0,75,112,115,107,104,118,139,133,93,110,164,195,276,273,248,211,159,111,68,13,6,0,0
1,51,111,135,140,133,112,103,75,82,116,169,212,237,259,271,228,147,124,88,53,28,2,3
2,1,55,121,121,105,86,100,57,70,108,126,168,196,210,207,191,167,148,112,65,55,7,0
0,0,5,63,52,50,13,12,0,51,71,106,137,157,166,177,178,178,161,115,97,65,26,0
0,0,0,5,11,2,0,7,2,35,59,76,119,135,133,142,138,162,176,138,101,47,36,13
0,0,0,8,12,13,10,9,9,26,65,80,112,80,84,112,139,159,164,143,118,112,75,20
0,10,14,12,18,27,29,14,28,43,67,78,89,115,117,163,201,225,226,207,164,114,72,37
0,1,1,10,7,0,9,12,9,34,80,112,98,78,85,125,167,204,236,231,181,129,92,69
0,4,0,0,3,11,13,14,14,19,56,103,111,149,173,231,293,318,314,284,237,164,103,67
0,0,0,9,12,11,34,40,42,62,128,148,162,191,223,272,292,321,342,300,268,170,132,104
0,0,6,9,14,22,41,45,75,119,133,189,206,246,271,314,302,326,337,333,235,169,126,65
0,8,12,22,30,34,67,107,110,128,165,184,203,216,220,247,263,298,271,257,194,176,109,78
0,4,13,33,56,100,118,120,130,143,170,186,188,200,212,229,241,250,200,187,174,136,86,84
8,3,19,72,100,108,119,131,135,141,148,162,173,185,183,199,186,148,147,148,127,94,59,28
11,17,60,100,111,122,126,138,122,128,133,138,141,145,147,138,133,127,123,113,89,66,24,14
10,21,63,106,119,126,123,116,115,125,113,108,115,108,112,109,103,101,94,61,51,17,14,12
13,14,50,81,117,116,121,93,106,101,102,102,65,83,81,81,93,56,52,43,14,13,12,12
5,4,21,101,104,116,119,116,111,67,64,57,57,68,67,70,76,57,35,29,23,24,13,10
0,6,14,53,108,95,110,115,116,107,65,52,50,49,47,41,38,35,24,13,21,15,14,6
5,13,13,25,82,88,100,113,103,82,62,50,39,42,36,33,27,30,12,13,13,12,13,5
0,6,2,11,14,94,107,115,111,106,101,54,51,41,14,31,27,13,24,24,13,11,9,8
9,0,9,12,7,42,88,95,99,87,70,52,19,8,11,12,12,14,14,12,6,3,8,7
5,7,11,3,0,23,55,69,90,81,58,53,41,44,14,26,13,14,12,12,9,11,3,3
0,6,5,0,0,8,9,48,59,64,56,51,22,22,14,14,24,10,12,12,12,10,5,0
10,4,0,0,0,0,9,19,37,55,54,54,29,14,14,23,4,5,1,7,10,12,8,0
0,0,0,0,0,0,11,1,13,51,54,53,31,39,27,14,10,5,9,4,11,10,9,3
0,0,0,0,0,0,0,0,14,27,54,52,50,41,29,11,9,4,6,11,8,6,6,0
0,0,0,0,0,0,0,0,11,41,55,62,59,59,51,35,10,12,13,12,6,8,9,4
0,0,0,0,0,0,0,0,0,48,40,73,79,63,52,44,28,20,14,11,10,7,7,10
0,0,0,0,0,0,6,1,15,40,65,66,63,53,52,34,21,22,9,11,12,0,5,5
3,0,0,0,0,10,13,11,18,51,69,76,56,48,30,28,11,7,10,9,11,10,11,12
0,0,6,2,3,4,4,5,30,57,60,57,52,29,22,12,0,5,0,0,13,13,9,1
0,0,1,3,5,6,8,13,13,41,50,42,27,14,8,9,6,5,0,10,11,3,4,9

3,0,0,0,1,1,0,0,10,11,0,0,0,0,0,4,0,0,0,0,0,0,8,0
9,6,6,0,8,5,0,9,9,14,0,0,0,0,7,0,1,0,0,0,0,0,0,0
13,15,28,17,12,11,3,6,13,6,14,5,8,14,1,3,9,5,0,0,0,0,5,1
42,60,58,45,23,14,9,50,19,100,101,10,9,30,51,50,7,6,11,0,1,1,0,0
57,105,102,64,55,20,14,78,140,185,166,123,112,40,10,4,23,12,0,11,7,13,12,2
54,77,72,64,54,14,67,140,326,407,319,241,166,98,55,45,49,25,21,20,9,1,0,7
31,50,53,52,13,13,84,142,198,273,295,260,229,181,91,66,50,14,11,10,8,1,1,0
55,11,35,7,0,11,94,141,195,245,258,234,201,170,125,92,54,11,3,2,7,0,0,0
80,55,12,14,10,58,87,143,198,217,220,181,193,192,169,135,106,62,8,2,0,2,0,0
58,62,63,55,52,67,105,150,194,207,203,165,243,248,224,173,150,109,57,14,9,0,3,0
31,70,74,65,68,79,120,161,184,166,118,161,233,257,234,200,168,140,91,41,8,0,4,0
0,75,111,115,107,104,118,140,133,93,110,163,195,276,274,249,211,159,111,68,13,6,0,0
1,51,111,135,140,133,112,103,75,82,116,168,211,237,260,271,228,147,124,89,53,28,2,3
2,2,56,121,122,105,86,100,57,70,108,126,167,196,210,207,191,167,148,112,65,55,7,0
0,0,5,63,52,50,13,12,0,51,71,106,136,157,166,177,178,178,161,115,97,65,26,0
0,0,0,6,12,2,0,7,2,36,59,76,119,135,133,142,138,162,176,138,101,47,36,13
0,0,1,8,12,13,10,9,9,25,65,80,112,80,84,112,138,159,163,143,118,112,75,20
0,10,14,13,18,28,29,14,28,43,67,78,89,114,116,163,201,226,226,207,164,114,72,37
0,1,1,10,7,0,9,12,9,35,80,112,98,78,85,125,167,205,237,231,181,129,92,69
0,4,0,0,3,11,13,14,14,18,56,103,111,149,173,231,293,318,315,284,236,163,103,67
0,0,0,9,12,11,35,39,45,62,128,148,163,191,223,273,293,320,343,300,268,170,131,104
0,0,6,9,14,22,41,45,75,119,133,189,207,247,271,314,302,326,336,333,235,169,126,65
0,8,12,21,30,34,67,107,110,128,165,185,203,216,219,248,263,297,271,257,194,176,109,78
0,5,13,33,56,100,118,120,130,143,171,187,188,200,212,229,241,250,200,187,174,136,86,84
8,3,19,73,100,108,119,131,135,141,148,162,173,184,183,198,186,148,147,147,127,94,59,28
11,16,60,99,111,122,126,137,122,128,133,138,141,145,147,138,133,126,123,113,88,66,24,14
10,22,63,106,119,126,123,116,116,125,113,108,115,108,112,109,103,101,93,61,51,18,14,12
13,14,50,81,116,116,121,94,106,101,102,102,64,83,82,80,95,57,52,45,14,13,12,12
5,4,21,101,104,116,119,116,111,68,64,57,58,68,66,69,76,58,35,29,22,24,12,10
0,6,14,53,109,95,110,115,116,107,64,52,50,49,47,41,38,35,24,13,20,15,14,6
5,13,13,26,82,88,100,113,103,82,62,50,39,42,36,34,27,30,12,12,13,12,13,5
0,6,2,11,14,94,107,115,111,106,101,54,51,41,14,32,27,13,24,24,13,11,9,8
9,0,9,12,7,42,88,96,99,87,70,52,21,8,11,12,12,14,14,12,6,2,8,7
5,7,11,3,0,23,55,69,90,81,58,53,41,43,14,27,13,14,12,12,9,11,3,3
0,6,5,0,0,8,9,48,59,64,56,51,22,22,14,14,24,10,12,12,12,10,5,0
9,4,0,0,0,0,9,18,39,55,54,54,29,14,14,23,4,5,1,7,10,12,8,0
0,0,0,0,0,0,11,1,13,51,54,53,30,41,27,14,10,5,9,4,11,10,9,3
0,0,0,0,0,0,0,0,14,28,54,52,50,41,29,11,9,4,6,11,8,6,6,0
0,0,0,0,0,0,0,0,11,40,55,61,59,59,52,35,10,12,13,12,6,8,9,4
0,0,0,0,0,0,0,0,0,49,40,73,79,63,52,44,28,20,14,11,10,7,7,10
0,0,0,0,0,0,6,1,15,41,65,66,63,53,53,33,21,23,9,11,12,0,5,5
3,0,0,0,0,10,13,11,18,51,69,76,56,47,28,28,11,7,10,9,11,10,11,12
0,0,6,2,3,4,4,5,29,57,60,57,51,29,22,12,0,5,0,0,13,13,9,1
0,0,1,3,5,6,8,13,13,40,50,43,27,14,8,9,6,5,0,10,11,3,4,9

3,0,0,0,1,1,0,0,10,11,0,0,0,0,0,4,0,0,0,0,0,0,8,0
9,7,6,0,8,6,0,9,9,14,0,0,0,0,7,0,1,0,0,0,0,0,0,0
13,19,28,18,12,11,3,6,13,6,14,5,8,14,2,3,9,5,0,0,0,0,5,1
43,61,58,45,24,14,9,50,20,100,101,10,9,29,51,50,7,6,11,0,1,1,0,0
57,106,103,64,56,20,14,79,140,186,167,123,112,41,10,4,24,12,0,11,7,13,12,2
54,77,72,64,54,14,68,141,327,408,319,241,167,99,55,45,50,25,21,20,9,0,0,7
31,50,53,52,13,13,84,143,198,273,295,260,229,181,92,66,50,14,11,10,8,1,0,0
55,11,36,8,0,11,94,141,194,245,258,233,200,170,125,92,54,11,3,2,7,0,0,0
80,55,13,14,10,59,87,144,198,217,220,181,193,192,169,136,106,63,8,2,0,2,0,0
58,62,63,55,52,67,105,150,194,207,203,165,242,248,224,173,150,109,57,14,8,0,3,0
31,70,74,65,68,79,120,162,183,166,118,161,232,257,235,200,168,141,91,42,8,0,4,0
0,75,111,115,107,104,118,140,133,93,110,163,195,276,275,249,211,159,111,68,13,6,0,0
1,51,111,135,140,133,112,103,75,82,116,167,210,237,260,271,228,147,124,89,53,28,2,3
2,2,56,121,122,105,86,100,56,70,107,126,167,196,210,206,191,167,148,112,65,54,7,0
0,0,5,63,52,50,13,12,0,51,71,106,136,157,166,177,178,178,161,115,96,65,25,0
0,0,0,6,12,2,0,7,2,36,59,76,119,135,133,142,138,162,176,138,101,46,36,13
0,0,1,8,12,13,10,9,9,26,65,81,112,80,84,112,138,159,163,142,118,112,75,20
0,10,14,13,19,28,30,14,28,43,67,78,90,115,116,163,201,226,226,207,164,114,72,37
0,1,1,10,7,0,9,13,9,36,80,112,98,78,85,125,168,205,236,231,181,128,92,69
0,5,0,0,3,11,13,14,14,18,56,103,111,149,173,231,294,318,314,284,236,163,103,67
0,0,0,10,12,11,35,40,43,62,128,148,162,191,223,273,292,320,342,300,268,169,131,103
0,0,6,9,14,22,41,45,75,119,133,189,207,247,271,314,302,326,336,332,235,169,126,65
0,8,13,22,31,35,67,107,110,129,165,185,203,216,220,247,263,298,271,257,194,176,109,78
0,5,13,34,57,100,118,120,130,143,171,187,188,200,213,229,241,251,200,187,174,136,86,84
8,3,20,73,100,108,119,131,135,141,148,163,173,184,183,198,186,148,147,147,126,94,59,28
11,16,60,100,111,122,126,138,123,128,133,138,141,145,147,138,133,126,123,112,88,65,24,14
10,22,63,106,120,126,124,116,116,125,113,108,115,108,111,109,103,101,93,61,51,18,14,12
13,14,50,81,117,117,121,94,106,101,102,102,65,83,81,81,94,55,52,43,14,13,12,12
5,4,21,101,104,116,119,116,111,68,64,57,58,69,67,70,76,58,35,29,23,24,12,10
0,6,14,54,108,95,110,115,116,107,64,52,51,49,46,41,38,34,24,13,20,15,14,6
5,13,13,26,82,88,100,113,104,82,62,50,39,42,36,34,27,30,12,12,13,12,13,5
0,6,2,11,14,94,107,115,111,106,101,54,51,41,14,32,28,13,23,24,13,11,9,8
9,0,9,12,7,42,88,96,99,87,71,52,19,8,11,12,12,14,14,12,6,2,8,7
5,7,11,3,0,23,55,70,90,81,58,53,41,44,14,27,13,14,12,12,9,11,3,3
0,6,5,0,0,8,9,50,59,64,56,51,22,23,14,14,24,10,12,12,12,10,5,0
9,4,0,0,0,0,9,18,38,55,54,54,30,14,14,23,4,5,1,6,10,12,8,0
0,0,0,0,0,0,11,1,13,51,54,53,33,42,26,14,10,5,9,4,11,10,9,3
0,0,0,0,0,0,0,0,14,28,54,52,50,41,29,11,9,4,6,11,8,6,6,0
0,0,0,0,0,0,0,0,11,40,55,61,59,59,52,35,10,12,13,12,6,8,9,4
0,0,0,0,0,0,0,0,0,48,40,73,79,63,52,43,29,20,14,11,10,7,7,10
0,0,0,0,0,0,6,1,15,41,65,66,63,53,52,34,21,22,9,11,12,0,5,5
3,0,0,0,0,10,13,11,19,51,69,76,56,50,29,28,11,6,10,9,11,10,11,12
0,0,6,2,3,5,4,5,33,57,60,58,52,29,22,12,0,5,0,0,13,13,9,1
0,0,1,3,5,6,8,13,13,41,50,43,26,14,8,9,6,5,0,10,11,3,4,9
0,0,0,0,0,0,0,0,3,0,9,0,13,9,4,4,3,0,0,0,0,0,0,1
5,0,1,0,4,0,8,5,0,10,14,10,56,11,12,13,5,3,6,5,0,0,0,2
1,4,2,7,31,37,38,20,4,9,57,66,59,59,59,12,14,12,9,3,1,0,0,7
10,8,11,36,52,52,37,14,14,14,67,96,108,107,73,71,10,22,18,10,9,9,7,5
23,56,55,54,43,33,52,14,57,81,136,266,279,193,137,111,69,58,56,21,32,12,4,2
9,31,27,42,51,16,33,44,69,169,382,573,532,327,230,153,89,64,53,49,46,25,12,14
0,23,26,14,13,4,1,54,125,222,361,425,406,331,231,170,105,71,55,52,52,32,13,12
5,31,54,10,10,3,0,55,118,192,257,296,327,279,245,192,137,96,74,53,28,11,5,11
4,31,56,56,59,61,64,85,117,176,270,321,321,203,188,203,146,95,87,69,20,10,14,12
0,46,69,84,74,61,72,123,172,191,239,299,230,167,202,214,173,132,97,73,50,21,0,1
0,5,56,81,108,100,94,146,200,248,273,197,141,183,190,215,187,144,112,90,58,50,20,6
1,0,56,98,134,154,120,187,214,225,179,107,114,173,245,212,194,138,119,107,85,64,18,6
11,1,0,54,121,156,143,184,162,129,112,113,125,144,145,208,175,135,136,119,105,101,53,11
0,6,1,13,106,159,169,130,110,106,105,105,123,135,143,125,147,152,119,114,111,106,63,11
0,0,9,8,35,102,84,66,29,49,55,103,110,119,92,117,136,107,108,108,118,117,103,11
7,0,0,0,4,6,12,0,13,7,70,90,93,97,98,122,125,94,125,129,138,120,73,34
7,7,9,0,1,2,14,22,16,13,23,80,80,102,102,94,137,132,137,141,124,95,104,12
4,10,13,14,17,19,20,14,21,36,52,64,93,114,123,127,123,132,159,148,127,117,51,14
6,8,12,26,31,21,14,9,14,35,56,78,122,133,145,137,169,163,178,174,125,117,90,11
0,0,0,3,8,14,32,11,14,25,80,126,148,163,182,219,235,191,170,162,140,125,69,9
9,8,12,13,11,12,13,22,102,122,138,183,208,255,208,223,255,248,173,144,129,118,55,8
1,0,5,13,20,17,47,103,134,174,214,247,283,291,287,262,266,267,223,174,126,119,58,12
7,0,0,10,49,61,108,138,158,178,220,204,261,288,272,249,243,225,201,153,114,105,29,3
0,7,14,103,108,117,142,159,180,191,209,215,227,239,225,200,192,169,137,115,102,83,12,1
5,13,68,116,137,136,142,162,167,165,181,187,186,181,170,155,141,127,112,101,53,13,5,3
13,98,128,151,175,154,144,143,138,142,142,143,138,132,123,121,107,104,100,46,13,10,10,5
43,122,143,148,138,124,125,125,124,120,107,106,95,103,102,56,50,51,19,13,11,3,0,0
36,109,129,122,118,125,125,113,101,82,70,57,88,57,49,43,34,10,9,11,6,7,0,1
34,57,107,110,125,143,129,112,100,72,62,54,52,59,51,29,43,11,8,12,11,7,4,0
21,43,56,86,116,129,119,96,63,48,46,37,35,41,36,11,12,11,10,11,3,2,5,0
14,41,44,61,101,140,124,98,78,53,39,33,38,30,29,15,17,16,31,12,12,11,9,0
10,13,21,32,59,107,124,123,91,78,53,39,8,14,13,8,18,12,13,6,10,8,3,0
11,13,13,24,39,64,131,141,115,73,54,21,6,0,12,6,7,11,11,9,2,3,6,3
13,9,11,21,30,50,81,139,126,88,57,31,28,13,11,0,10,9,9,0,3,1,6,2
6,12,12,21,24,32,52,86,123,98,54,21,13,11,4,0,1,2,7,0,0,0,1,0
3,12,13,9,10,18,14,39,77,78,56,48,10,6,0,0,7,0,0,0,0,0,3,3
8,12,11,11,13,10,7,15,24,60,60,54,15,10,0,0,0,0,0,0,0,0,5,0
0,0,5,10,14,6,1,12,28,50,68,53,16,13,0,0,0,0,1,10,0,0,1,0
7,2,7,10,12,14,13,6,13,31,56,46,47,12,7,5,0,0,0,0,0,0,0,0
8,2,1,11,11,13,24,28,41,56,68,74,56,14,14,0,0,0,0,0,0,0,0,0
11,0,1,10,11,9,31,14,46,63,63,58,29,14,13,9,10,7,5,0,0,0,0,0
8,9,5,14,10,6,0,24,36,57,58,57,25,12,0,0,9,11,5,5,0,0,11,3
0,6,14,10,10,5,1,5,18,28,41,14,13,10,6,4,0,4,7,9,2,0,10,0
6,6,3,11,11,8,7,0,3,12,14,12,11,11,9,6,9,8,9,9,8,5,0,0

0,1,0,0,0,0,0,0,2,0,9,0,13,8,4,4,3,0,0,0,0,0,0,2
6,0,1,0,3,2,3,5,0,9,13,10,55,11,11,13,4,3,6,6,0,0,0,2
2,0,0,9,52,51,29,13,4,9,55,61,56,57,56,11,13,11,9,3,2,0,0,7
13,8,9,58,61,56,40,11,12,13,66,91,107,105,67,68,9,20,15,9,9,9,8,6
28,58,60,55,55,42,71,7,55,80,131,240,248,179,130,107,65,58,55,15,31,12,4,2
61,40,40,61,38,11,22,31,67,165,373,546,504,308,214,144,85,62,52,47,46,25,12,14
45,24,16,54,13,1,0,53,126,218,353,414,391,321,226,168,103,69,54,51,52,29,13,12
16,46,12,4,6,1,0,55,118,187,248,287,317,268,235,185,132,92,70,52,30,11,6,11
13,49,61,46,52,57,62,84,117,169,257,313,315,200,180,193,138,90,83,66,15,9,14,12
3,63,84,91,72,60,72,123,168,188,232,294,234,166,195,202,164,126,90,70,50,17,0,3
0,14,74,93,117,96,93,145,193,237,264,196,142,183,188,207,181,139,107,86,56,48,19,7
1,0,75,113,141,151,117,177,199,209,176,107,114,172,244,209,191,134,115,104,82,62,16,6
11,0,0,59,123,149,137,164,146,123,111,113,125,144,145,207,174,135,134,118,104,100,53,12
0,3,0,12,109,152,139,122,107,105,105,106,124,135,143,125,147,152,119,113,111,106,64,12
0,0,5,6,41,101,65,59,24,52,59,104,111,120,92,117,137,107,108,109,119,117,104,12
7,0,0,0,3,5,11,1,13,9,72,93,94,98,99,122,126,94,126,130,140,122,73,40
7,7,9,0,0,1,13,17,16,13,27,82,81,103,102,94,138,133,138,142,125,97,105,13
4,11,13,14,16,17,18,14,21,36,53,65,94,116,125,130,126,138,165,151,129,119,53,14
6,8,12,26,29,17,13,8,14,38,57,81,123,135,148,141,174,167,183,177,127,118,93,13
0,0,0,3,8,14,28,10,14,33,83,128,149,165,184,223,239,195,172,164,142,126,71,10
9,8,12,13,11,12,13,30,103,123,140,185,209,257,209,226,259,251,176,145,130,119,56,9
1,0,5,13,21,18,49,104,135,175,214,246,283,291,288,265,271,272,225,175,127,120,59,12
7,0,0,10,50,61,108,138,158,177,220,204,261,289,273,252,246,227,203,154,114,106,29,4
0,7,14,103,108,117,142,159,180,190,209,215,227,239,226,201,192,169,137,115,102,85,12,1
5,13,68,116,136,136,142,162,168,165,182,188,186,181,170,155,140,127,112,101,51,13,5,3
13,97,127,150,174,153,144,143,139,142,142,143,138,132,123,121,107,104,100,46,13,11,10,5
43,121,142,148,138,124,125,125,124,120,107,106,96,103,102,57,50,51,20,13,11,3,0,0
37,109,129,121,118,125,125,112,101,82,70,57,88,58,49,43,35,10,9,11,6,7,0,1
33,57,108,109,124,143,129,112,100,71,63,55,52,59,51,30,43,11,8,12,11,7,5,0
21,43,56,86,116,129,119,95,63,48,46,37,36,41,36,11,12,11,10,11,3,3,5,0
14,41,44,61,101,140,124,98,78,53,39,34,38,30,29,15,17,17,32,12,12,11,9,0
10,13,21,32,59,107,124,124,91,78,53,39,8,14,13,9,18,12,13,6,10,8,3,0
11,13,13,24,39,63,130,141,115,73,54,20,6,0,12,6,7,11,11,8,2,3,6,3
12,9,11,20,29,50,80,138,125,88,58,31,28,13,11,0,10,9,9,0,3,1,6,2
6,12,12,22,25,32,52,86,123,98,54,22,13,11,4,0,1,1,7,0,0,0,2,0
3,12,13,9,10,17,14,38,76,78,56,49,10,6,0,0,7,0,0,0,0,0,3,3
8,12,11,11,13,10,7,15,23,59,60,54,16,10,0,0,0,0,0,0,0,0,5,0
0,0,5,10,14,6,2,12,27,50,67,53,18,13,0,0,0,0,0,10,0,0,1,0
7,2,7,10,12,14,13,6,13,30,55,45,47,12,7,5,0,0,0,0,0,0,0,0
8,2,1,11,11,13,24,28,41,56,68,74,56,14,14,0,0,0,0,0,0,0,0,0
11,0,1,10,11,9,32,14,45,63,62,59,30,14,13,9,10,7,5,0,0,0,0,0
8,9,5,14,10,6,0,25,36,57,58,56,25,12,0,0,9,11,5,5,0,0,11,3
0,6,14,10,10,5,1,5,18,28,42,14,13,10,6,4,0,4,7,9,2,0,10,0
6,6,3,11,11,8,7,0,4,12,14,12,11,11,9,6,9,8,9,9,8,6,0,0

0,0,0,0,0,0,0,0,1,0,9,0,13,8,3,4,3,0,0,0,0,0,0,2
5,0,2,0,4,5,4,6,0,9,13,10,55,11,11,13,4,3,6,5,0,0,0,3
4,3,6,11,55,56,38,14,4,9,56,61,57,58,57,11,13,11,8,3,2,0,0,7
14,11,11,60,65,58,44,13,12,13,67,92,107,105,69,68,10,20,15,9,9,9,8,6
32,61,64,58,57,46,78,11,55,80,133,244,257,182,132,107,66,58,55,14,31,12,4,2
63,45,42,64,43,11,32,33,69,167,373,539,498,306,214,145,85,62,52,46,45,24,12,14
53,39,20,56,14,2,0,54,129,219,351,410,385,316,224,168,103,70,54,51,52,31,13,12
20,47,35,6,7,2,0,56,119,187,245,282,312,264,233,184,132,93,71,52,27,11,5,11
13,49,62,54,54,58,62,85,117,167,251,308,311,198,178,191,138,91,84,66,14,9,13,12
4,63,84,94,73,60,73,123,167,187,229,291,232,165,194,200,163,126,91,70,50,17,0,3
0,14,74,94,119,97,94,145,193,234,261,195,141,182,188,207,180,139,107,86,57,50,18,7
2,0,76,114,142,152,117,177,198,207,175,107,114,172,244,209,191,134,115,105,82,62,16,6
11,0,0,59,124,150,137,164,145,122,111,113,125,145,145,207,174,135,134,118,104,100,53,12
0,3,0,13,109,152,138,121,107,105,105,106,124,135,143,125,147,152,119,114,111,107,65,13
0,0,5,6,43,100,64,59,24,52,62,104,111,120,92,116,136,107,108,109,119,118,104,12
7,0,0,0,4,5,12,1,13,10,73,93,94,98,98,122,125,94,126,130,140,122,73,41
7,8,10,0,0,2,13,20,18,13,31,83,81,103,102,94,138,133,139,143,126,98,106,13
4,11,14,14,17,18,19,15,22,36,54,66,94,116,124,131,127,140,169,153,129,119,53,15
6,8,12,26,29,18,13,8,13,40,57,81,123,136,149,142,176,169,186,179,127,119,94,13
0,0,0,3,8,14,28,11,14,40,84,128,149,165,184,223,240,196,173,165,142,126,71,10
9,8,12,13,11,12,13,30,104,123,140,185,208,254,208,226,260,252,176,145,130,120,56,9
1,0,5,14,21,18,49,104,135,175,212,245,281,290,287,265,271,272,225,175,126,120,59,12
7,0,0,11,50,61,108,138,157,177,219,202,260,288,272,252,246,227,202,154,114,106,30,5
1,7,14,103,108,117,142,159,179,190,208,214,226,239,226,201,192,169,137,115,102,83,12,2
5,13,69,115,136,136,142,162,168,166,182,187,186,181,170,154,140,127,112,101,52,13,5,3
13,96,127,150,175,154,145,143,139,143,142,143,138,132,123,121,106,104,100,46,13,11,11,5
44,122,142,148,139,124,125,125,124,121,107,106,96,103,102,57,50,51,19,13,11,3,0,0
39,110,130,122,118,125,126,112,101,82,71,58,90,57,50,44,35,10,9,11,6,7,0,2
35,57,108,109,124,143,129,112,99,72,62,55,52,59,51,30,43,11,8,13,11,8,5,0
21,44,57,86,116,129,119,95,63,48,47,38,36,41,38,12,12,11,10,11,4,3,5,0
14,41,44,61,101,140,125,98,78,53,40,34,39,31,29,15,17,16,32,12,12,11,9,0
10,13,21,32,59,107,124,124,91,78,53,39,8,14,13,9,19,12,13,6,10,8,4,0
11,13,13,24,39,63,131,142,116,73,54,20,6,0,12,6,7,11,11,8,2,3,6,4
12,9,11,21,29,49,80,139,126,88,58,32,28,13,11,0,10,9,9,0,3,1,6,2
6,12,12,22,23,33,52,86,123,98,54,22,13,11,4,0,0,1,6,0,0,0,2,0
3,12,13,10,10,17,15,38,76,78,56,49,10,6,0,0,6,0,0,0,0,0,3,3
8,12,11,11,13,10,7,17,24,59,59,53,15,10,0,0,0,0,0,0,0,0,5,0
0,0,5,10,14,6,2,12,28,49,67,53,18,13,0,0,0,0,2,10,0,0,1,0
7,2,7,10,12,14,13,6,13,30,55,45,47,12,7,5,0,0,0,0,0,0,0,0
8,2,1,11,11,13,24,29,41,56,68,74,56,14,14,0,0,0,0,0,0,0,0,0
11,0,1,10,11,9,32,14,45,63,62,58,29,14,13,9,10,7,4,0,0,0,0,0
8,9,5,14,10,6,0,24,36,57,57,56,25,12,0,0,9,11,5,5,0,0,11,3
0,6,14,10,10,5,1,5,18,28,41,14,13,10,6,5,0,4,7,9,2,0,10,0
6,6,3,11,11,8,7,0,4,12,14,12,11,11,9,6,9,8,9,9,8,6,0,0

0,0,0,0,0,0,0,0,1,0,9,0,13,8,3,4,3,0,0,0,0,0,0,2
5,0,2,1,5,7,5,6,0,9,13,10,55,11,11,13,4,3,6,6,0,0,0,2
5,4,7,12,56,57,41,14,4,9,55,62,57,58,57,12,13,11,8,3,2,0,0,7
16,12,12,61,67,59,45,14,13,13,67,93,107,106,69,69,10,20,15,9,9,9,8,6
34,62,66,59,58,48,81,13,56,81,134,247,262,183,132,108,66,58,55,14,29,12,4,2
63,46,43,65,44,11,37,33,70,169,373,537,496,305,214,145,85,62,52,47,45,25,12,13
54,46,21,57,15,3,0,54,130,221,351,408,383,316,224,168,103,70,54,51,52,30,13,12
22,47,44,6,8,2,1,57,120,188,245,281,311,264,233,184,132,93,71,52,28,11,5,11
14,49,63,56,55,58,62,85,117,167,251,308,311,198,178,191,138,91,84,66,14,9,14,12
4,63,84,95,73,60,73,124,167,188,229,290,232,165,194,201,163,126,91,70,50,18,0,3
0,15,74,94,120,97,94,145,193,234,260,195,141,182,187,207,180,139,107,86,57,49,19,7
2,0,76,114,142,152,117,177,198,206,175,106,113,171,244,209,191,134,115,104,83,62,16,6
11,0,0,60,124,150,137,164,145,122,111,112,124,144,145,206,174,134,134,118,104,100,53,12
0,3,0,13,110,153,138,121,106,105,105,106,124,135,143,124,146,151,119,113,111,106,65,13
0,0,6,6,45,101,64,60,26,55,63,104,111,119,91,116,136,107,108,109,119,118,104,12
7,0,0,0,4,5,12,1,14,10,74,93,93,97,98,121,125,94,126,130,141,123,73,42
7,8,10,0,0,2,14,20,19,14,29,82,81,102,101,94,138,133,139,143,126,98,106,13
4,11,14,14,17,18,19,16,23,36,54,66,93,115,124,131,128,141,171,155,130,119,53,15
6,8,12,26,30,18,14,9,13,43,57,81,123,135,149,143,178,171,187,180,128,119,95,13
0,0,0,3,8,14,29,11,15,40,84,128,149,164,184,224,242,197,174,165,142,126,72,10
9,8,12,13,11,12,13,33,104,123,140,184,207,254,208,227,262,254,177,145,130,120,56,9
1,0,5,14,21,19,49,104,135,174,212,244,280,289,287,266,273,274,226,176,127,120,59,12
7,0,0,11,50,61,108,138,157,177,219,202,259,288,273,253,248,228,203,154,114,106,30,5
1,7,14,103,108,116,141,158,179,190,208,214,226,239,225,201,192,169,137,115,102,84,13,2
5,13,68,115,136,136,142,161,168,166,181,187,186,181,169,154,140,127,112,101,52,13,5,3
13,96,127,149,174,153,145,143,139,142,142,143,138,131,123,121,106,104,100,46,13,11,11,5
43,121,141,148,138,124,126,126,124,121,107,106,95,103,102,56,50,50,19,13,11,3,1,0
37,109,128,121,118,125,126,113,101,81,71,57,89,56,50,44,34,10,9,11,6,7,0,2
34,57,107,109,125,144,130,113,100,71,62,54,52,59,51,29,40,11,8,12,12,8,5,0
21,42,56,85,116,129,121,98,64,49,47,38,36,41,37,11,11,11,10,11,3,3,5,0
14,41,44,61,101,140,126,100,81,54,40,34,38,30,28,14,16,16,32,11,12,11,9,0
10,13,21,32,58,107,124,125,93,81,53,40,9,14,13,8,18,12,13,5,10,8,4,0
11,13,13,24,39,62,130,142,118,74,55,23,7,0,12,6,7,11,11,8,2,3,6,3
12,9,11,20,30,48,80,138,127,90,58,34,30,13,11,0,10,9,9,0,3,1,6,2
6,12,12,21,24,32,52,86,123,99,55,23,14,12,4,0,0,1,6,0,0,0,2,0
3,12,13,9,10,20,15,38,76,79,56,50,11,7,0,0,6,0,0,0,0,0,3,3
8,12,11,11,13,10,7,16,23,59,60,54,21,11,0,0,0,0,0,0,0,0,5,0
0,0,5,11,14,6,2,12,28,50,68,53,23,13,0,0,0,0,2,9,0,0,1,0
7,2,7,11,12,14,13,7,14,27,55,46,47,12,7,5,0,0,0,0,0,0,0,0
8,2,1,12,11,13,24,26,38,56,67,74,56,14,14,0,0,0,0,0,0,0,0,0
12,0,2,10,11,9,31,14,43,62,62,58,28,14,13,9,10,7,4,0,0,0,0,0
8,9,5,14,10,6,0,19,35,56,57,55,22,12,0,0,9,11,4,5,0,0,11,3
0,6,14,10,10,5,1,3,13,26,38,13,13,10,6,5,0,4,7,9,2,0,10,0
6,6,3,11,11,8,7,0,2,12,13,12,11,11,9,7,9,8,9,9,7,5,0,0

0,0,0,0,0,0,0,0,2,0,9,0,13,8,3,4,3,0,0,0,0,0,0,2
5,0,3,2,6,7,5,6,0,9,13,11,55,11,11,13,4,3,6,5,0,0,0,2
5,4,7,13,56,57,42,15,4,9,56,63,57,58,57,12,13,11,9,3,2,0,0,7
17,12,13,61,68,59,45,17,13,13,67,92,107,106,70,69,10,21,15,9,9,9,8,6
35,62,66,58,59,49,81,14,55,81,134,246,260,183,132,108,67,58,55,14,29,12,4,1
63,46,43,65,44,11,39,34,70,170,373,536,496,305,215,145,86,63,52,46,44,23,12,13
54,50,22,58,20,3,0,55,131,221,351,409,384,316,225,169,103,70,54,51,52,32,13,12
23,47,49,7,8,2,1,58,121,189,246,281,312,265,234,185,132,93,71,52,28,11,6,11
14,49,63,57,56,58,63,85,118,168,251,308,312,198,179,192,139,91,84,67,16,10,14,12
5,64,84,95,73,60,73,124,168,187,230,291,233,165,194,201,164,127,91,70,50,18,0,3
1,19,74,94,120,97,95,146,193,235,261,195,141,182,187,207,180,139,107,86,57,50,20,7
2,0,77,114,142,152,118,177,198,207,174,107,113,171,243,208,191,134,115,105,82,63,17,6
11,0,0,60,124,150,137,163,145,122,111,112,124,144,145,206,173,134,134,118,104,100,53,12
0,3,1,13,110,153,138,121,106,105,105,106,123,135,143,124,146,151,119,113,111,107,64,13
0,0,6,6,46,101,64,60,26,58,63,104,110,119,91,116,136,106,108,109,119,118,104,12
7,0,0,0,4,5,12,2,14,10,74,93,93,97,97,121,125,94,126,130,140,122,73,42
7,8,10,0,0,2,14,20,19,14,30,83,81,102,101,94,137,133,139,143,125,98,106,13
5,11,14,14,17,18,19,16,23,36,54,66,93,115,124,131,128,141,170,154,129,119,53,15
6,8,12,27,30,18,14,9,13,45,57,81,123,136,149,144,178,171,187,180,128,119,94,13
0,0,0,3,8,14,29,11,15,40,85,128,149,164,184,224,242,197,174,165,142,126,71,10
10,8,12,13,11,12,13,33,104,123,140,184,207,254,208,227,262,254,177,146,130,119,56,9
1,0,5,14,21,19,49,105,135,174,212,245,280,289,287,266,273,274,226,175,126,120,59,12
7,0,0,11,50,61,108,138,157,177,219,203,259,288,273,253,247,227,202,154,114,106,30,5
1,7,14,103,108,116,141,159,180,190,208,214,226,239,226,201,192,168,137,115,101,83,12,2
5,13,68,115,135,136,142,162,168,165,182,187,186,181,169,154,140,127,112,101,53,13,5,3
13,95,126,149,174,153,145,143,139,142,142,143,138,131,123,121,106,104,100,46,13,11,11,5
43,121,141,148,138,124,125,125,124,120,107,106,96,103,102,58,50,52,19,13,11,3,1,0
38,110,129,121,118,125,126,113,101,82,71,58,89,59,50,46,34,10,9,11,6,7,0,2
34,57,108,109,125,144,130,113,100,72,61,55,52,59,51,32,42,11,8,12,11,8,5,0
21,43,56,86,116,129,121,97,64,48,47,38,37,41,37,11,11,11,10,11,3,3,5,0
14,41,44,61,102,141,126,100,80,54,40,34,39,31,29,14,16,16,31,11,12,11,9,0
10,13,21,32,59,107,125,125,93,80,53,40,9,14,13,9,18,12,13,5,10,8,4,0
11,13,13,24,39,63,131,143,118,74,55,23,8,1,12,6,7,11,11,8,1,3,6,4
12,9,11,20,29,50,81,140,127,90,58,34,31,13,11,0,10,9,9,0,3,1,6,2
6,12,12,22,23,33,52,87,125,99,55,25,14,12,4,0,1,1,6,0,0,0,3,0
3,12,13,9,10,19,15,39,77,79,56,50,11,7,0,0,6,0,0,0,0,0,4,3
8,12,12,11,13,10,7,18,24,60,60,54,23,11,0,0,0,0,0,0,0,0,5,0
0,0,5,11,14,6,2,12,27,50,69,53,26,13,0,0,0,0,2,9,0,0,0,0
7,2,7,10,12,14,13,7,14,28,55,47,49,13,7,6,0,0,0,0,0,0,0,0
8,2,1,12,11,13,24,28,40,55,67,75,57,14,14,0,0,0,0,0,0,0,0,0
12,0,1,10,11,9,32,14,44,63,62,58,31,15,13,9,10,7,4,0,0,0,0,0
8,9,5,14,10,6,0,19,36,56,57,56,24,12,0,0,9,11,4,4,0,0,11,3
0,6,14,10,10,4,1,4,14,26,40,13,13,10,6,5,0,4,7,9,2,0,10,0
6,6,3,11,11,8,7,0,2,12,13,12,11,11,9,6,9,8,9,9,7,6,0,0

0,0,0,0,0,0,0,0,2,0,9,0,13,8,3,4,3,0,0,0,0,0,0,2
5,0,3,2,6,7,6,6,0,9,13,10,55,11,11,13,4,3,6,6,0,0,0,2
6,4,7,13,56,57,42,15,4,9,56,63,58,58,57,12,13,11,9,3,2,0,0,7
23,13,13,61,68,60,46,20,13,13,67,93,108,106,71,70,10,20,15,9,9,9,8,6
36,63,66,59,59,49,81,15,55,81,135,249,265,185,133,108,67,58,55,14,30,12,4,2
63,47,43,66,45,11,40,35,70,169,374,538,498,307,217,146,86,63,52,47,45,25,12,14
55,50,22,57,25,4,0,55,131,221,350,409,385,317,225,170,104,70,54,51,52,31,13,12
23,48,51,7,9,3,1,58,121,188,246,282,312,265,234,185,133,93,71,52,29,11,5,11
14,49,63,58,56,59,63,85,117,168,251,308,311,198,179,192,139,91,84,67,15,9,14,12
6,64,84,95,73,60,73,124,167,187,230,291,232,164,194,200,163,126,91,70,50,18,0,3
1,20,73,94,120,97,95,145,193,234,259,195,141,182,188,207,180,139,107,86,57,50,20,7
2,0,77,113,142,151,117,177,197,205,174,106,113,171,243,209,191,134,115,105,82,63,17,7
11,0,0,60,124,150,136,163,144,122,111,112,125,144,145,206,174,135,135,118,104,100,53,12
0,3,1,13,110,152,138,121,106,105,105,106,124,135,143,125,147,152,119,113,111,107,64,13
0,0,6,6,47,100,64,60,26,58,66,104,111,120,92,116,136,107,108,109,119,118,104,12
7,0,1,0,4,5,12,2,14,10,75,94,94,98,98,122,125,94,126,130,140,122,73,41
8,8,10,0,0,2,14,21,20,14,32,84,82,103,102,94,138,133,139,143,125,98,105,13
5,11,14,14,17,18,19,17,24,36,55,66,94,116,125,131,127,140,169,153,129,119,52,15
6,8,12,27,30,18,14,9,13,48,57,82,124,136,149,143,177,170,186,179,127,119,93,13
0,0,0,3,8,14,30,11,16,40,85,128,150,165,185,224,241,197,173,165,142,126,71,10
10,8,12,13,11,12,13,34,104,124,140,185,208,255,208,226,261,253,177,145,130,119,56,9
1,0,5,14,21,19,49,105,135,175,213,245,281,290,287,266,272,273,226,175,126,120,59,12
7,0,0,11,50,61,108,138,158,177,219,203,260,288,273,252,247,227,202,154,114,106,30,5
1,7,14,103,108,116,141,159,180,190,209,214,226,239,226,201,192,169,137,115,101,83,12,2
5,13,68,115,135,136,142,162,168,166,181,187,186,181,169,154,140,127,112,101,52,13,5,3
13,95,126,149,174,154,145,143,139,142,142,143,138,131,123,121,106,104,98,46,13,11,11,6
43,121,141,148,139,124,126,125,124,121,107,106,97,104,102,58,51,50,19,13,11,3,1,0
39,109,129,121,118,125,126,113,101,83,71,58,89,59,50,47,34,10,9,11,6,7,0,2
34,57,107,109,125,144,130,113,100,72,62,54,52,59,51,32,42,11,8,12,12,8,5,0
21,43,56,86,116,129,120,97,64,49,47,38,36,41,38,11,12,11,10,11,4,3,5,0
14,41,44,61,102,141,126,100,80,54,40,34,39,31,29,14,16,16,32,11,12,11,9,0
10,13,21,31,59,107,125,125,93,80,53,41,9,14,13,9,19,12,13,5,10,8,4,0
11,13,13,24,39,63,131,143,118,74,55,21,8,1,12,6,7,11,11,8,1,3,6,4
12,9,11,20,28,49,81,140,127,90,58,33,30,13,11,0,10,9,9,0,3,1,6,2
6,12,12,23,23,33,52,87,125,100,54,25,14,12,4,0,1,1,6,0,0,0,3,0
3,12,13,9,10,19,16,39,77,80,57,50,11,8,0,0,6,0,0,0,0,0,4,4
8,12,12,11,13,10,7,17,24,60,60,54,24,11,0,0,0,0,0,0,0,0,5,0
0,0,5,11,14,6,2,12,27,50,69,53,28,13,0,0,0,0,2,9,0,0,0,0
7,2,7,11,12,14,13,7,14,28,55,46,50,13,7,6,0,0,0,0,0,0,0,0
8,2,1,11,11,13,24,29,41,56,67,75,57,14,14,0,0,0,0,0,0,0,0,0
12,0,2,10,11,9,33,15,45,63,62,59,31,16,14,9,10,7,4,0,0,0,0,0
8,9,5,14,10,6,0,21,36,56,57,57,26,12,0,0,10,11,4,4,0,0,11,3
0,6,14,10,10,4,1,4,14,26,40,13,13,10,6,5,0,4,7,9,2,0,10,0
6,6,3,11,11,8,7,0,3,12,13,12,11,11,9,6,9,8,9,9,7,6,0,0

0,0,0,0,0,0,0,0,2,0,9,0,13,8,3,4,3,0,0,0,0,0,0,2
5,0,3,2,6,7,6,6,0,10,13,10,55,11,11,13,4,3,6,6,0,0,0,2
6,5,7,13,57,57,43,15,5,9,56,63,58,58,57,12,13,11,9,3,2,0,0,7
27,13,13,61,68,60,46,22,13,13,67,93,108,106,71,70,10,21,16,9,9,9,8,6
36,63,67,59,59,50,82,19,55,81,135,249,265,185,134,108,67,58,56,14,30,12,4,2
63,47,43,67,45,11,41,34,70,170,373,538,499,309,217,147,86,63,52,47,44,24,12,14
55,51,23,57,29,4,0,55,131,220,352,410,385,318,226,170,104,70,54,51,52,31,13,12
23,47,52,7,9,3,2,58,121,188,246,283,312,266,235,185,132,93,71,52,28,11,5,11
14,49,63,58,56,59,63,85,117,168,251,309,312,198,178,192,139,91,84,66,15,9,14,12
6,64,83,95,73,60,73,124,168,187,229,291,232,164,194,201,163,126,91,70,50,19,0,3
1,21,73,94,120,97,95,145,192,234,259,195,140,181,188,207,180,139,107,86,57,50,20,7
2,0,76,113,142,151,117,177,197,206,174,106,113,171,243,209,191,134,115,105,83,62,19,7
11,0,0,60,124,150,136,162,144,122,111,112,125,144,145,206,174,135,135,118,104,100,53,12
0,3,1,13,110,152,138,121,106,105,105,106,124,135,143,125,147,152,119,114,111,107,65,13
0,0,6,6,47,100,63,60,27,60,67,104,111,120,92,116,137,107,109,109,119,118,104,12
7,0,0,0,4,5,12,2,14,11,75,95,94,98,98,122,125,94,126,130,140,123,73,42
8,8,10,0,1,2,14,22,21,14,32,84,82,103,102,95,138,133,139,143,125,98,106,13
5,11,14,14,17,19,19,17,25,36,55,67,95,116,125,132,128,140,169,153,129,119,52,15
6,8,12,27,30,19,14,9,13,50,57,82,124,136,149,143,177,170,186,179,127,119,93,13
0,0,0,3,8,14,31,11,17,43,85,128,150,165,185,224,241,197,174,165,142,126,71,10
10,8,12,13,11,12,13,35,104,124,140,185,209,255,209,227,261,253,177,145,130,119,56,9
1,0,5,14,21,19,50,105,135,176,213,246,281,290,287,265,273,274,226,176,126,120,59,12
7,0,0,11,50,61,108,139,158,177,220,203,260,288,273,253,248,227,202,153,114,106,30,5
1,7,14,103,108,116,142,159,180,191,209,214,227,239,226,201,192,168,137,115,101,83,12,2
5,13,68,115,135,136,142,162,168,166,181,188,186,181,169,154,140,127,112,101,51,13,5,3
13,95,126,149,174,154,145,143,139,143,142,143,138,131,123,121,106,104,98,47,13,11,11,6
43,120,141,148,139,124,126,126,124,121,107,106,97,103,102,58,52,51,20,13,11,3,1,0
38,109,129,121,118,125,126,113,101,83,72,58,90,60,50,47,35,10,9,11,6,7,0,2
34,57,107,109,125,144,130,113,100,72,62,54,53,59,51,32,42,11,8,12,11,8,5,0
21,43,56,86,117,129,121,97,64,49,47,38,37,42,37,12,12,11,10,11,4,3,5,0
14,42,44,61,102,141,126,100,80,54,41,34,39,32,30,14,16,16,32,11,12,11,9,0
10,13,21,32,59,108,125,126,93,80,53,42,9,14,13,9,19,12,13,5,10,8,4,0
11,13,13,25,39,63,131,143,118,74,55,24,8,1,12,6,7,11,11,8,1,3,6,4
12,9,11,22,29,48,81,140,127,90,58,35,30,13,11,0,10,9,9,0,3,1,6,2
6,12,12,22,24,33,52,87,126,100,55,24,14,12,4,0,1,1,6,0,0,0,3,0
3,12,13,10,10,18,16,39,77,80,57,50,11,8,0,0,6,0,0,0,0,0,4,4
8,12,12,11,13,11,8,19,24,60,60,55,25,11,0,0,0,0,0,0,0,0,5,0
0,0,5,11,14,6,3,12,28,50,69,53,28,13,0,0,0,0,2,9,0,0,0,0
7,2,7,10,12,14,13,7,14,31,55,47,50,13,7,6,0,0,0,0,0,0,0,0
8,3,1,11,11,13,24,30,40,56,68,75,57,14,14,0,0,0,0,0,0,0,0,0
12,0,2,10,11,9,33,15,45,63,62,59,33,15,14,9,10,7,4,0,0,0,0,0
8,9,5,14,10,6,0,21,36,56,57,56,26,12,0,0,10,11,5,4,0,0,11,3
0,6,14,10,10,5,1,4,14,27,40,13,13,10,6,5,0,4,7,9,1,0,10,0
6,6,3,11,11,8,7,0,3,12,13,12,11,11,9,6,9,8,9,9,7,5,0,0

0,1,0,0,0,0,0,0,2,0,9,0,13,8,3,4,3,0,0,0,0,0,0,2
5,0,3,3,6,8,6,6,0,10,14,10,55,11,11,13,4,3,6,6,0,0,0,2
6,5,7,14,57,57,43,15,5,9,56,63,58,58,57,12,13,11,9,3,2,0,0,7
28,13,13,61,69,60,46,26,13,13,68,93,108,106,72,70,10,22,17,9,9,9,8,6
36,63,67,60,59,50,82,19,55,81,135,250,267,186,134,108,67,58,56,14,31,12,4,2
63,47,43,67,46,11,42,35,71,170,374,540,500,309,218,147,87,63,52,47,45,24,12,14
55,51,23,57,31,4,0,55,132,221,352,410,385,318,226,170,104,70,55,51,52,31,13,12
23,47,52,7,9,3,2,58,121,189,246,282,313,266,235,186,133,94,71,52,28,11,6,11
14,49,63,58,56,59,63,85,118,168,252,309,312,199,179,193,139,91,84,67,16,10,14,12
6,64,84,96,73,60,73,124,168,187,229,291,233,164,194,201,164,127,91,70,50,21,0,3
1,22,73,94,120,97,95,145,192,234,259,194,141,181,187,207,180,139,107,86,57,50,20,7
2,0,76,113,142,151,117,177,197,206,174,106,113,171,242,208,190,134,115,105,82,62,19,7
11,1,0,60,124,150,136,163,144,122,111,112,124,144,144,206,173,134,134,118,104,100,53,12
0,3,1,13,110,152,137,121,106,105,105,106,124,135,143,124,146,151,119,113,111,107,65,13
0,0,6,6,47,100,63,59,27,62,67,104,110,119,91,116,136,107,108,109,119,118,104,12
7,0,0,0,4,5,12,2,14,11,75,94,93,97,97,121,125,94,126,130,140,122,73,42
8,8,10,0,1,2,14,22,21,14,32,84,81,103,102,94,138,133,139,143,125,97,106,13
5,11,14,14,18,19,19,17,25,36,55,66,94,116,125,132,128,141,170,153,129,119,52,15
6,8,12,27,30,19,14,9,13,50,57,82,124,136,150,144,178,170,186,179,127,118,94,13
0,0,0,3,8,14,32,11,18,43,85,128,150,165,185,224,242,197,174,165,142,126,71,10
10,8,12,13,11,12,13,37,104,124,140,185,208,254,208,227,262,255,177,145,130,119,56,9
1,0,6,14,21,19,50,105,135,175,213,246,281,289,287,266,274,274,226,176,126,120,59,12
7,0,0,11,50,61,108,138,158,178,219,203,260,288,273,254,248,228,203,153,114,106,30,5
1,7,14,103,108,116,142,159,180,190,209,215,227,239,226,201,192,168,137,115,101,84,12,2
5,13,67,115,135,136,142,162,168,166,182,187,186,181,169,154,140,127,112,101,53,13,5,3
13,95,126,149,175,154,145,143,139,143,142,143,138,131,123,122,106,104,100,47,13,11,11,6
43,120,141,148,139,124,126,126,125,121,107,106,97,104,102,61,51,51,24,13,11,3,1,0
40,109,129,121,118,125,126,113,101,83,73,58,90,59,50,47,34,10,9,11,6,7,0,2
33,57,107,109,125,144,130,113,100,72,62,55,52,59,51,33,42,11,8,12,12,8,5,0
21,43,56,86,117,130,121,97,64,49,47,38,37,42,38,11,12,11,10,11,4,3,5,0
14,41,44,61,102,141,126,100,80,54,41,35,39,32,30,14,16,16,31,11,12,11,9,0
10,13,21,32,59,108,125,126,93,80,53,43,9,14,13,9,19,12,13,5,10,8,4,0
11,13,13,24,39,64,132,143,118,74,55,24,9,2,12,7,7,11,11,8,1,3,6,4
12,9,11,21,29,49,81,140,128,90,58,35,31,13,12,0,10,9,9,0,3,1,6,2
6,12,12,22,23,32,52,87,126,100,55,24,14,12,4,0,1,1,6,0,0,0,3,0
3,12,13,10,10,20,16,39,77,80,57,50,11,8,0,0,6,0,0,0,0,0,4,4
8,12,12,11,13,11,8,20,24,60,60,54,25,11,0,0,0,0,0,0,0,0,5,0
0,0,5,11,14,7,3,12,29,50,69,53,29,13,0,0,0,0,3,9,0,0,0,0
7,2,7,10,12,14,13,7,14,31,55,46,50,13,7,6,0,0,0,0,0,0,0,0
8,2,1,11,11,14,24,30,41,56,68,75,57,14,14,0,0,0,0,0,0,0,0,0
12,0,2,10,11,9,33,15,45,63,62,59,33,17,14,9,10,7,4,0,0,0,0,0
8,9,5,14,10,6,0,22,35,56,57,56,26,12,0,0,9,11,5,3,0,0,11,3
0,6,14,10,10,5,1,4,14,27,39,14,13,10,7,5,0,4,7,9,1,0,10,0
6,6,3,11,11,8,7,0,3,12,14,12,11,11,9,6,9,8,9,9,7,5,0,0

0,1,0,0,0,0,0,0,2,0,9,0,13,8,3,4,3,0,0,0,0,0,0,2
5,0,4,3,7,8,6,6,0,10,14,11,55,11,11,13,4,4,6,6,0,0,0,3
6,5,7,14,57,58,44,15,5,9,57,64,59,58,57,12,13,11,9,3,2,0,0,7
28,13,13,61,69,60,46,27,13,13,68,93,108,106,72,70,10,21,18,9,9,9,8,6
36,63,67,60,59,50,82,21,55,81,135,251,269,186,134,109,67,58,56,15,30,12,4,2
63,47,43,67,45,11,42,35,71,171,375,540,500,309,218,147,87,63,53,47,45,25,12,14
55,51,24,58,32,4,0,55,133,222,352,410,386,318,226,171,104,70,54,51,52,32,13,12
23,47,53,8,10,3,2,59,121,188,246,284,313,267,235,186,133,94,72,52,30,11,6,11
14,49,63,59,57,59,63,85,118,168,252,309,313,200,179,193,140,91,84,67,16,10,14,12
6,64,83,96,74,60,73,124,168,188,230,291,233,165,194,201,164,127,92,70,50,22,0,3
1,23,73,94,120,97,95,146,193,234,260,195,140,181,187,207,181,139,107,86,57,50,20,7
2,0,76,113,142,151,118,177,198,206,174,106,112,171,242,208,190,134,115,105,83,63,20,7
11,1,0,60,125,150,136,163,144,122,111,112,124,143,144,205,173,134,134,118,104,100,53,12
0,3,1,13,110,152,137,121,106,105,105,106,123,134,143,124,146,151,119,113,111,107,65,13
0,0,6,6,47,100,63,60,28,63,68,104,110,119,91,116,136,107,108,109,119,118,104,12
7,0,1,0,4,5,12,2,14,11,75,94,93,97,97,121,125,94,126,130,140,122,73,42
8,8,10,0,1,3,14,23,22,14,32,84,81,102,101,94,137,132,139,143,125,97,105,13
5,11,14,14,18,19,19,18,25,36,55,66,94,115,124,132,128,141,170,153,129,119,53,15
6,8,13,27,31,19,14,9,13,50,57,82,124,136,150,144,178,171,187,180,127,119,94,13
0,0,0,3,8,14,32,11,19,42,84,128,150,165,185,225,242,198,174,165,142,126,71,10
10,8,12,13,11,12,13,35,104,124,140,185,208,254,208,227,262,255,177,146,130,119,56,9
2,0,6,14,22,19,50,105,135,176,213,245,281,289,287,266,274,275,227,176,126,120,59,12
7,0,0,11,50,61,108,138,158,178,219,203,260,288,273,254,249,228,203,154,114,106,31,5
1,7,14,103,108,116,142,160,180,190,209,214,227,239,226,201,193,169,137,115,101,83,12,2
5,13,67,115,135,136,142,162,168,166,182,188,186,181,169,154,140,127,112,101,52,13,5,3
13,94,126,149,175,154,145,143,139,143,142,143,138,131,123,122,106,104,98,46,13,11,11,6
43,120,141,148,139,124,126,126,124,121,107,106,97,104,102,59,52,51,20,13,11,3,1,0
40,110,129,122,118,125,126,113,101,83,73,58,90,60,51,48,35,10,9,11,6,7,0,2
34,57,108,109,125,144,130,113,100,72,62,55,53,59,51,34,42,11,8,12,11,8,5,0
21,43,56,86,117,130,121,97,64,49,47,39,37,42,38,11,12,11,10,11,4,3,6,0
14,41,45,61,102,141,126,100,80,54,41,35,39,32,30,14,16,16,32,11,12,11,9,0
10,13,21,32,59,108,125,126,93,80,53,43,9,14,13,9,19,12,13,5,10,8,4,0
11,13,13,24,39,63,132,143,118,74,55,24,9,2,12,6,7,11,11,8,1,3,6,4
12,9,11,21,29,50,81,141,128,90,58,35,31,13,12,0,11,9,8,0,3,1,6,2
6,12,12,22,24,34,52,87,126,100,55,25,14,12,4,0,1,1,6,0,0,0,3,0
3,12,13,9,10,19,16,39,77,80,57,50,11,8,0,0,6,0,0,0,0,0,4,3
8,12,12,11,13,11,8,20,24,60,60,54,25,11,0,0,0,0,0,0,0,0,5,0
0,0,5,11,14,7,3,12,29,50,69,53,29,13,0,0,0,0,3,9,0,0,0,0
7,2,7,10,12,14,13,7,14,32,55,46,50,13,7,6,0,0,0,0,0,0,0,0
8,2,1,11,11,14,25,30,41,56,67,75,57,14,14,0,0,0,0,0,0,0,0,0
12,0,2,10,11,9,34,15,46,63,62,59,34,16,14,9,10,7,4,0,0,0,0,0
8,9,5,14,10,6,0,22,36,56,57,57,32,12,0,0,10,11,5,3,0,0,11,3
0,6,14,10,10,5,1,4,14,26,40,14,13,10,7,5,0,4,7,9,1,0,10,0
6,6,3,11,11,8,7,0,3,12,14,12,11,11,9,6,9,8,9,9,7,5,0,0

0,1,0,0,0,0,0,0,2,0,9,0,13,8,4,4,3,0,0,0,0,0,0,2
5,0,4,3,7,8,7,6,0,10,13,10,55,11,11,13,4,3,7,6,0,0,0,3
6,5,7,14,57,58,44,15,5,9,57,63,58,58,58,12,13,11,9,3,2,0,0,8
30,13,14,62,70,60,47,28,13,13,67,94,108,106,73,71,10,21,18,9,9,9,8,6
36,63,67,60,60,50,83,22,55,81,136,252,270,187,134,109,68,58,56,15,32,12,5,2
63,48,43,67,46,11,43,35,72,172,375,540,500,309,219,147,87,63,53,47,45,25,12,14
55,51,24,58,34,4,0,55,133,223,352,409,385,318,227,171,104,70,55,51,52,31,13,12
23,47,53,8,10,3,2,59,122,189,246,282,313,267,235,186,133,94,72,52,28,11,6,11
15,49,63,59,57,59,63,85,118,168,252,309,313,200,179,193,140,92,85,67,18,10,14,12
6,64,83,96,74,60,73,125,168,188,230,291,233,165,194,202,165,127,92,70,50,23,0,3
1,23,73,94,120,97,95,146,193,234,260,195,140,181,187,207,181,140,108,87,57,50,20,7
2,0,76,113,142,152,118,177,198,206,174,106,112,171,241,208,190,134,115,105,83,62,21,7
11,1,0,60,125,150,137,163,144,122,111,112,124,143,144,205,173,134,134,118,105,100,53,12
0,3,1,13,110,153,138,121,106,105,105,106,123,134,143,124,146,151,119,113,111,106,64,13
0,0,6,6,48,100,63,60,29,64,69,104,110,118,90,116,136,106,108,108,119,118,104,13
7,0,0,0,4,5,12,2,14,11,75,94,93,97,97,121,124,94,126,130,140,122,73,41
8,8,10,0,1,3,14,23,21,14,33,84,81,102,101,94,137,132,139,143,125,97,106,13
5,11,14,14,18,19,19,18,26,36,55,66,93,115,124,132,128,141,170,153,129,119,52,15
6,8,13,27,31,19,14,9,13,50,57,82,124,136,150,144,179,171,187,180,127,119,94,13
0,0,0,3,8,14,33,11,19,43,85,128,150,165,185,225,242,198,174,165,142,126,71,10
10,8,12,13,11,12,13,34,104,124,140,184,207,254,208,227,263,255,177,146,130,119,56,9
2,0,6,14,21,19,50,105,135,176,213,245,281,289,287,266,275,275,227,176,126,120,59,12
7,0,0,11,50,61,108,138,158,178,219,203,260,288,273,254,249,229,203,154,114,106,31,5
1,7,14,103,108,116,142,160,180,191,209,214,226,239,226,201,192,169,137,115,101,82,13,2
5,13,67,115,135,136,142,162,168,166,182,187,186,181,170,154,140,127,112,101,53,13,5,3
13,94,126,149,175,154,145,143,139,143,142,143,138,131,123,122,106,104,100,47,13,11,11,6
43,120,141,148,139,124,126,126,125,121,107,106,97,104,102,59,52,51,20,13,11,3,1,0
39,109,129,122,119,125,126,113,101,83,72,58,90,60,50,48,34,10,9,11,6,7,0,2
33,57,107,109,125,144,130,113,100,72,62,55,53,59,51,34,43,11,8,12,12,8,5,0
21,43,56,86,117,130,121,97,64,49,48,39,37,42,38,12,12,11,10,11,4,3,6,0
14,42,44,61,102,141,127,100,81,54,41,35,39,32,30,14,16,16,32,11,12,11,9,0
10,13,21,32,59,108,125,126,93,80,53,42,9,14,13,9,19,12,13,5,10,8,4,0
11,13,13,24,39,63,132,143,118,74,55,22,9,2,12,6,7,11,11,8,1,3,6,4
12,9,11,20,29,49,81,141,128,90,58,36,31,13,12,0,11,9,9,0,3,1,6,2
6,12,12,22,23,32,52,87,126,101,55,25,14,12,4,0,1,2,6,0,0,0,3,0
3,12,13,10,10,19,16,39,77,80,57,50,12,8,0,0,6,0,0,0,0,0,4,3
8,12,12,11,13,11,8,20,25,60,60,55,26,11,0,0,0,0,0,0,0,0,5,0
0,0,5,11,14,7,3,12,28,50,70,53,28,13,0,0,0,0,3,9,0,0,0,0
7,2,7,10,12,14,13,7,15,32,56,46,50,13,7,6,0,0,0,0,0,0,0,0
8,2,1,11,11,14,24,31,41,56,68,75,57,14,14,0,0,0,0,0,0,0,0,0
12,0,2,10,11,9,34,16,45,63,62,59,35,16,14,10,10,7,4,0,0,0,0,0
8,9,5,14,10,6,0,22,36,56,57,57,27,12,0,0,10,11,4,3,0,0,11,3
0,6,14,10,10,5,1,4,14,27,40,14,13,10,7,5,0,4,7,9,1,0,10,0
6,6,3,11,11,8,7,0,3,12,14,12,11,11,10,6,9,8,9,9,7,5,0,0

0,2,0,0,0,0,0,0,2,0,9,0,13,8,4,4,3,0,0,0,0,0,0,2
5,0,4,3,7,8,7,6,0,10,14,11,55,11,11,13,4,3,6,6,0,0,0,3
6,6,6,14,57,58,44,16,5,9,58,65,59,58,58,12,14,11,9,3,2,0,0,8
31,14,14,62,70,60,46,30,13,13,68,93,108,106,73,71,10,22,18,9,9,9,8,6
37,63,67,60,60,50,83,23,56,81,136,254,271,187,134,109,68,58,56,16,32,12,4,2
63,48,43,67,46,11,43,35,72,172,376,540,500,310,219,148,87,63,53,47,45,24,12,14
55,51,25,58,36,4,0,56,134,222,352,410,385,318,227,171,104,71,55,51,52,32,13,12
24,48,54,8,10,3,3,59,122,188,245,283,312,267,236,186,133,94,72,52,30,11,6,11
15,49,63,59,57,59,63,85,118,168,251,307,312,200,179,194,140,92,84,67,19,10,14,12
6,64,83,96,73,60,73,125,168,187,229,290,232,164,194,202,165,127,92,70,50,23,0,3
1,24,73,94,120,97,95,146,193,234,260,194,140,180,187,207,181,140,108,86,57,50,20,8
2,0,77,113,142,151,118,177,197,206,174,106,112,171,242,208,191,134,115,105,83,62,20,7
11,1,0,60,125,150,136,162,144,122,111,112,124,144,144,206,173,135,134,118,105,100,53,12
0,3,1,13,110,152,137,120,106,105,105,106,123,135,143,124,146,151,119,113,111,107,64,13
0,0,6,6,47,100,63,60,29,66,69,104,110,119,91,116,136,107,108,109,119,118,104,12
7,0,1,0,4,5,12,2,14,11,75,95,93,97,97,121,125,94,126,130,140,122,73,41
8,8,10,0,1,3,14,23,22,14,32,84,81,102,101,94,137,133,139,143,125,97,105,13
5,11,14,14,18,19,20,18,26,36,55,66,93,115,124,132,128,141,170,153,129,119,52,15
6,8,13,27,31,19,14,9,13,50,57,82,124,136,150,144,178,171,187,180,127,119,93,13
0,0,0,3,8,14,32,11,19,42,85,128,150,165,185,225,242,197,174,165,142,126,71,10
10,8,12,13,11,12,13,37,104,124,140,185,208,254,208,227,262,255,177,146,130,119,56,9
2,0,6,14,22,19,50,105,136,175,213,245,280,289,287,266,274,275,227,175,126,119,59,12
7,0,0,11,50,61,108,139,158,178,220,203,260,288,273,254,249,229,203,154,114,106,31,6
1,7,14,103,108,116,142,160,181,191,209,215,227,239,226,201,193,169,137,115,101,83,12,2
5,13,67,115,135,136,142,162,168,166,182,187,186,181,169,154,140,127,112,101,53,13,5,3
13,95,126,149,175,154,145,144,139,143,142,143,138,131,123,122,107,104,100,47,14,11,11,6
42,120,141,148,139,124,126,126,124,121,107,106,97,104,102,60,53,52,21,13,11,4,1,0
40,109,129,122,119,125,126,113,101,83,73,58,90,61,51,48,35,10,9,11,6,7,0,2
34,57,107,109,125,144,130,113,100,73,62,55,53,59,51,34,43,11,8,12,12,8,6,0
21,43,56,86,117,130,121,98,64,49,47,39,37,42,37,11,12,11,10,11,4,3,6,0
14,42,45,61,102,141,126,100,81,54,41,35,39,33,30,14,16,16,32,11,12,11,9,0
10,13,21,31,59,108,126,126,93,81,53,41,9,14,13,9,20,12,13,5,10,8,4,0
11,13,13,25,39,63,132,143,119,74,55,24,9,2,12,7,8,11,11,8,2,3,6,4
12,9,11,22,30,49,81,141,128,90,58,36,31,13,12,0,11,9,9,0,3,1,6,2
6,12,12,22,24,33,52,87,127,101,55,24,14,12,4,0,1,1,6,0,0,0,3,0
3,12,13,10,10,19,16,40,77,80,57,50,12,8,0,0,6,0,0,0,0,0,4,3
8,12,12,11,13,11,8,20,25,61,60,55,26,11,0,0,0,0,0,0,0,0,5,0
0,0,5,11,14,6,3,12,29,50,70,53,30,13,0,0,0,0,3,9,0,0,0,0
7,2,7,11,12,14,13,8,16,32,55,47,50,13,7,6,0,0,0,0,0,0,0,0
8,3,1,12,11,13,25,30,42,56,68,75,57,14,14,0,0,0,0,0,0,0,0,0
12,0,2,10,11,9,34,16,47,63,62,59,34,18,14,10,10,7,4,0,0,0,0,0
8,9,5,14,10,6,0,21,36,56,57,57,27,12,0,0,10,11,4,3,0,0,11,3
0,6,14,10,10,5,1,5,14,27,40,14,13,10,7,5,0,4,7,9,1,0,10,0
6,6,3,11,11,8,7,0,3,12,14,12,11,11,10,7,9,8,9,9,7,5,0,0

0,2,0,0,0,0,0,0,2,0,9,0,13,8,4,4,3,0,0,0,0,0,0,2
4,0,4,3,7,8,7,6,0,10,14,10,55,11,11,13,4,3,7,6,0,0,0,3
6,7,2,14,57,58,45,16,5,9,57,65,59,58,58,12,14,11,9,3,2,0,0,8
34,14,14,61,70,61,47,31,13,13,68,94,108,106,73,71,10,22,18,9,9,9,8,6
37,64,67,60,60,50,83,23,56,81,136,254,271,187,134,109,68,58,56,15,32,12,5,2
63,48,43,68,46,11,43,35,72,172,375,540,500,310,219,147,87,63,53,48,46,24,12,14
55,51,25,58,37,4,1,56,134,223,353,411,387,319,227,171,104,70,55,51,52,32,13,12
23,47,54,8,10,3,3,59,122,189,247,285,314,268,236,186,133,94,72,52,29,11,6,11
15,48,63,59,57,59,63,85,118,168,253,311,313,200,179,193,139,91,84,67,17,10,14,12
7,64,83,96,73,60,73,125,169,188,229,291,233,163,194,201,164,127,91,70,50,21,0,3
1,24,73,94,119,96,95,146,193,235,261,195,140,181,187,207,180,139,107,86,57,50,21,8
2,0,76,113,142,151,117,176,198,205,174,106,113,171,242,208,191,134,115,105,82,62,19,7
11,1,0,60,125,150,136,162,144,121,111,112,125,144,145,206,174,135,135,118,105,100,53,12
0,3,1,13,110,152,137,120,106,105,105,106,124,135,143,125,147,152,119,114,111,107,65,13
0,0,6,6,48,100,63,60,29,68,70,104,111,120,91,116,136,107,109,109,119,118,104,12
7,0,0,0,4,5,12,2,14,11,76,95,94,98,98,122,125,94,126,130,141,122,73,42
8,8,10,0,1,3,14,23,23,14,33,85,81,103,102,95,138,133,139,143,125,97,105,13
5,11,14,14,18,19,20,18,26,37,55,67,94,116,125,132,128,140,169,153,129,119,52,15
6,9,13,27,31,19,14,9,13,50,58,82,124,136,149,144,177,170,186,179,127,118,93,13
0,0,0,3,9,14,33,11,19,45,85,129,150,165,185,224,241,196,174,165,142,126,71,10
10,8,12,13,11,12,13,37,104,124,140,185,208,254,208,227,261,254,177,146,130,119,56,9
2,0,6,14,22,19,50,105,136,176,214,246,281,290,287,266,273,275,226,175,127,119,59,12
7,0,0,11,50,61,108,139,158,178,220,203,260,288,273,254,249,228,203,153,114,106,31,6
1,7,14,103,108,116,142,160,181,191,209,215,227,239,226,201,193,169,137,115,101,83,13,2
5,13,67,115,135,136,143,163,168,166,182,188,186,181,170,154,140,127,112,101,53,13,5,3
13,95,126,149,174,154,145,143,139,143,142,143,138,132,123,122,107,104,100,47,14,11,11,6
42,120,141,148,139,124,126,126,125,121,107,106,97,104,102,60,52,51,21,13,11,3,1,0
40,109,129,122,119,125,126,113,101,84,73,58,90,61,51,49,35,10,9,11,6,7,0,2
34,57,107,109,125,145,130,113,100,73,63,54,53,59,52,36,42,11,8,12,12,7,6,0
21,43,56,85,117,130,121,98,64,49,47,39,38,42,37,11,12,11,10,11,4,3,6,0
14,42,44,61,102,141,127,100,81,54,41,35,39,32,30,14,16,16,31,11,12,11,9,0
10,13,21,32,59,108,126,126,93,81,53,41,9,14,14,9,19,12,13,5,10,8,4,0
11,13,13,25,39,64,132,143,119,74,55,24,9,2,12,6,7,11,11,8,1,3,6,4
12,9,11,21,29,50,81,141,128,90,58,35,31,13,12,0,11,9,9,0,3,1,6,2
6,12,12,22,24,33,52,87,127,101,54,24,14,12,4,0,1,2,6,0,0,0,3,0
3,12,13,10,10,19,16,40,78,81,57,50,12,9,0,0,7,0,0,0,0,0,4,3
8,12,12,11,13,11,8,21,25,61,61,55,28,12,0,0,0,0,0,0,0,0,5,0
0,0,5,11,14,7,3,12,30,50,70,54,31,13,0,0,0,0,3,9,0,0,0,0
7,2,7,10,12,14,13,8,18,32,55,47,50,14,7,6,0,0,0,0,0,0,0,0
8,3,1,12,11,13,25,31,43,56,68,75,57,14,14,0,0,0,0,0,0,0,0,0
12,0,2,10,11,9,34,16,47,63,62,59,35,17,14,10,10,7,4,0,0,0,0,0
8,9,5,14,10,6,0,23,36,56,57,57,31,12,0,0,10,11,5,3,0,0,11,3
0,6,14,10,10,5,1,5,14,27,41,14,13,10,7,5,0,4,7,9,1,0,10,0
6,6,3,11,11,8,7,0,3,12,14,12,11,11,10,6,9,8,9,9,7,5,0,0

0,2,0,0,0,0,0,0,3,0,9,0,13,8,4,4,3,0,0,0,0,0,0,2
4,0,4,3,7,8,7,6,0,10,14,11,55,11,11,13,4,3,7,6,0,0,0,3
6,7,2,14,58,59,45,16,5,9,58,64,59,59,58,12,14,11,9,3,2,0,0,8
36,14,14,61,70,61,47,33,13,13,68,94,108,106,74,71,10,22,19,9,9,9,8,6
37,64,68,60,60,50,83,25,56,81,136,253,270,187,134,109,68,58,56,14,31,12,4,2
63,48,43,68,46,11,43,35,72,172,375,539,500,310,219,147,87,63,53,47,45,25,12,14
55,51,25,59,39,4,1,56,134,223,353,410,386,319,227,171,104,70,55,51,52,31,13,12
24,48,55,8,10,3,3,59,122,189,247,284,314,268,235,186,133,93,71,52,29,11,6,11
15,48,63,59,57,59,63,85,118,168,253,310,313,199,179,192,139,91,84,67,15,10,14,12
7,64,83,96,73,60,73,125,169,188,230,292,233,163,194,200,163,126,91,70,50,21,0,3
1,24,73,94,120,96,95,146,193,235,261,195,140,181,187,207,180,139,107,86,57,50,20,8
2,0,77,113,142,151,117,176,197,206,174,106,113,171,242,208,190,134,115,104,83,62,20,7
11,1,0,60,125,150,136,162,144,121,111,112,125,144,145,206,174,135,135,118,104,100,53,13
0,3,1,13,110,152,137,120,106,105,105,106,124,135,143,124,147,152,119,114,111,107,65,13
0,0,6,6,47,100,63,59,29,67,70,104,111,120,91,117,137,107,109,109,119,118,104,12
7,0,1,0,4,5,12,2,14,12,77,95,94,98,98,122,125,95,126,130,140,122,73,43
8,8,10,0,1,3,14,24,23,14,35,85,82,103,102,95,138,133,139,143,125,97,105,13
5,11,14,14,18,19,20,18,26,37,56,67,95,116,125,132,128,141,169,153,129,119,52,15
6,9,13,27,31,19,14,10,13,50,58,82,124,136,150,144,177,170,186,179,127,119,93,13
0,0,0,3,9,14,33,11,20,45,85,129,151,166,185,224,241,197,174,165,142,126,71,10
10,8,12,13,11,13,13,38,104,124,141,185,209,255,208,227,261,254,177,145,130,119,56,9
2,0,6,14,22,19,50,105,136,176,214,246,281,290,287,266,274,275,227,176,126,120,59,12
7,0,0,11,50,61,108,139,159,178,220,203,260,289,273,254,249,228,203,153,114,106,31,6
1,7,14,103,108,116,142,160,181,191,209,214,227,239,226,202,193,169,137,115,102,82,13,2
5,13,67,115,135,136,142,163,169,166,182,187,186,181,170,154,140,127,112,101,53,13,5,3
13,95,126,149,175,154,145,144,139,143,142,143,138,132,123,122,107,104,98,47,14,11,11,6
42,120,141,148,139,124,126,126,125,121,107,106,97,104,102,60,52,51,20,13,11,3,1,0
39,109,129,122,119,126,126,113,101,84,73,59,90,61,50,49,35,10,9,11,6,7,0,2
33,57,107,109,125,145,130,113,100,73,63,55,53,59,51,36,42,11,8,12,12,8,6,0
21,43,56,85,117,130,121,98,64,49,48,39,38,43,38,12,12,11,10,11,4,3,5,0
14,41,44,61,102,141,127,101,81,54,41,35,39,33,30,14,16,16,32,11,12,11,9,0
10,13,21,32,59,108,126,126,93,81,53,43,9,15,14,9,20,12,13,5,10,8,4,0
11,13,13,24,39,64,132,143,119,74,55,22,9,2,12,7,7,11,11,8,1,3,6,4
12,9,11,21,29,50,81,141,128,90,58,35,32,13,12,0,11,9,9,0,3,1,6,2
6,12,12,22,24,33,52,88,127,101,55,25,14,12,4,0,1,2,6,0,0,0,3,0
3,12,13,10,10,20,16,40,78,81,57,50,12,9,0,0,7,0,0,0,0,0,4,3
8,12,12,11,13,11,8,21,25,61,61,55,27,12,0,0,0,0,0,0,0,0,5,0
0,0,5,11,14,7,3,12,29,50,70,53,30,14,0,0,0,0,3,9,0,0,0,0
7,2,7,10,12,14,13,8,17,32,55,47,50,14,7,6,0,0,0,0,0,0,0,0
8,3,1,12,11,14,25,30,43,56,68,75,57,14,14,0,0,0,0,0,0,0,0,0
12,0,2,10,11,9,34,17,47,63,62,59,35,17,14,10,10,7,4,0,0,0,0,0
8,9,5,14,10,6,0,23,37,56,57,57,27,12,0,0,10,11,5,3,0,0,11,3
0,6,14,10,10,5,1,5,14,27,41,14,13,10,7,5,0,4,7,9,1,0,10,0
6,6,3,11,11,8,7,0,3,12,14,12,11,11,10,6,9,8,9,9,7,5,0,0

0,2,0,0,0,0,0,0,3,0,9,0,13,9,4,4,4,0,0,0,0,0,0,2
4,0,4,4,7,8,7,6,0,10,14,11,55,11,11,13,5,3,7,6,0,0,0,3
6,7,3,14,57,59,45,16,5,9,58,65,59,59,58,12,14,11,9,3,3,0,0,8
36,14,14,62,71,61,47,32,13,13,68,94,108,106,74,71,10,23,19,10,9,9,8,6
37,64,68,60,60,50,83,25,56,81,136,254,272,188,135,109,68,58,56,14,31,12,5,2
63,48,42,68,47,12,43,36,72,172,376,540,501,310,220,148,87,63,53,47,45,25,12,14
55,52,26,59,41,4,1,56,134,223,353,409,385,319,227,171,104,71,55,51,52,31,13,12
24,48,55,8,10,4,3,60,122,189,246,283,313,267,235,186,133,94,72,52,29,11,6,11
15,49,63,59,57,59,63,85,118,168,253,310,313,199,179,193,140,91,84,67,17,10,14,12
7,64,83,96,73,60,73,125,169,188,230,292,233,163,194,201,164,127,91,70,50,23,0,3
1,25,73,94,120,96,95,146,193,235,261,195,140,181,187,207,180,139,107,86,57,50,21,8
2,0,77,113,142,151,118,177,198,206,175,106,113,171,242,208,190,134,115,105,83,62,22,7
11,1,0,60,125,150,136,162,144,122,111,112,125,144,145,206,174,135,134,118,104,100,53,13
0,3,1,13,110,152,137,120,106,105,105,106,124,135,143,124,147,151,119,113,111,107,65,13
0,0,6,6,47,100,63,60,29,69,71,104,111,119,91,116,136,107,108,109,119,118,104,12
7,0,0,0,4,5,12,2,14,12,76,95,94,97,97,121,125,94,126,130,140,123,73,42
8,8,10,0,1,3,14,25,22,14,35,85,81,103,102,94,138,133,139,143,125,97,105,13
5,11,14,14,18,19,20,19,26,36,55,67,94,116,125,132,128,141,170,153,129,119,52,15
6,9,13,27,31,20,14,10,13,51,58,82,124,137,151,144,178,171,186,179,127,119,93,13
0,0,0,3,9,14,33,11,21,45,85,129,150,165,185,224,242,198,174,165,142,126,71,10
10,8,12,13,11,13,14,37,104,124,140,185,208,254,208,227,262,255,177,145,130,119,56,9
2,0,6,14,22,19,50,105,136,176,214,246,281,290,287,266,275,276,227,176,126,120,59,12
7,0,0,11,50,61,108,139,159,178,220,203,260,288,274,254,250,229,203,153,114,106,31,6
1,7,14,103,108,116,142,160,181,191,210,215,227,239,226,201,193,169,137,115,101,84,13,2
5,13,67,114,135,136,143,163,169,166,182,187,186,181,170,154,140,127,112,101,53,13,5,3
13,94,126,149,175,154,145,144,139,143,142,143,138,131,123,122,106,104,100,47,13,11,11,6
42,120,141,148,139,125,126,126,125,121,107,106,99,104,102,61,54,50,23,13,11,4,1,0
40,109,129,122,119,126,126,113,101,84,75,59,90,62,51,49,36,10,9,11,6,7,0,2
34,57,107,109,125,145,130,113,100,73,63,55,53,59,51,35,43,11,8,12,11,8,6,0
21,43,56,86,117,130,121,98,64,49,48,38,38,43,38,12,12,11,10,11,4,3,6,0
14,41,45,61,102,141,127,100,81,54,41,35,39,33,30,14,16,16,32,11,12,11,9,0
10,13,21,32,59,108,126,127,93,81,53,43,9,14,14,9,20,12,13,5,10,8,4,0
11,13,13,25,39,64,132,143,119,74,55,25,9,2,12,7,8,11,11,8,1,3,6,4
12,9,11,21,29,50,81,141,128,90,58,35,33,13,12,0,11,9,9,0,3,1,6,2
6,12,12,23,24,33,52,88,127,101,55,25,14,12,4,0,1,2,6,0,0,0,3,0
3,12,13,10,10,20,16,40,78,80,57,50,12,9,0,0,6,0,0,0,0,0,4,3
8,12,12,11,13,11,8,21,25,61,61,55,28,12,0,0,0,0,0,0,0,0,5,0
0,0,5,11,14,7,3,12,30,50,70,53,31,14,0,0,0,0,3,9,0,0,0,0
7,2,7,11,12,14,13,8,18,33,55,47,50,14,7,6,0,0,0,0,0,0,0,0
8,3,1,11,11,14,25,32,43,56,68,75,58,14,14,0,0,0,0,0,0,0,0,0
12,0,2,10,11,9,34,17,47,63,62,59,35,18,14,10,10,7,4,0,0,0,0,0
8,9,5,14,10,6,0,23,37,56,57,57,29,12,0,0,10,11,5,3,0,0,11,3
0,6,14,10,10,5,1,5,15,27,41,14,13,10,7,5,0,4,7,9,1,0,10,0
6,6,4,11,11,8,7,0,3,12,14,12,11,11,10,7,9,8,9,9,7,5,0,0

0,2,0,0,0,0,0,0,3,0,9,0,13,8,4,4,4,0,0,0,0,0,0,2
4,0,4,4,7,8,7,6,0,10,14,11,55,11,11,13,5,4,7,6,0,0,0,3
6,8,3,14,58,59,46,16,5,9,60,63,59,58,58,12,14,11,9,3,3,0,0,8
37,15,14,62,71,61,47,36,13,13,68,94,108,106,74,72,10,23,19,10,9,9,8,6
37,64,68,60,60,51,84,27,56,81,137,255,272,188,135,109,68,58,56,15,31,12,4,2
63,48,42,68,47,12,43,35,72,173,375,540,500,310,220,148,87,64,53,48,45,25,12,14
56,52,26,59,41,5,1,56,135,223,351,410,385,319,227,171,104,71,55,52,52,32,13,12
24,47,55,8,10,4,3,60,122,189,246,282,313,268,236,187,134,94,72,52,30,11,6,11
15,48,64,59,57,59,63,85,118,168,253,310,313,200,179,193,140,92,85,67,18,10,14,12
7,64,83,96,73,60,73,125,168,188,229,291,233,164,194,202,165,127,92,70,50,23,0,3
2,25,73,94,120,97,95,146,193,235,261,194,140,180,186,207,181,140,108,86,57,50,21,8
2,0,76,113,142,151,118,177,198,206,174,106,112,171,241,207,190,134,115,105,83,62,21,7
11,1,1,60,125,150,136,162,144,121,111,112,124,143,144,206,173,135,134,118,104,100,53,13
0,3,1,13,110,152,137,120,106,105,105,106,123,134,143,124,146,151,119,113,111,106,64,13
0,0,6,6,47,100,63,59,30,68,70,104,110,118,90,116,136,107,108,108,119,118,104,12
7,0,1,0,4,5,12,2,14,12,76,95,93,97,97,121,125,94,126,130,140,122,73,41
8,8,10,0,1,3,14,25,23,14,34,85,81,102,101,94,137,132,139,143,125,97,105,13
5,11,14,14,18,19,20,19,27,36,55,67,93,115,125,132,129,142,170,153,129,119,52,15
6,9,13,27,31,20,14,10,13,50,58,82,124,137,151,145,179,171,187,180,127,119,93,13
0,0,0,3,9,14,32,11,20,42,85,128,150,165,185,224,242,197,175,165,142,126,71,10
10,8,12,13,11,13,13,37,104,124,140,185,208,254,208,227,263,255,177,146,130,119,55,9
2,0,6,14,22,20,50,105,136,176,213,246,281,289,287,267,275,277,228,176,126,120,59,12
7,0,0,11,50,61,109,139,159,178,220,203,260,288,273,254,250,229,203,154,114,106,31,6
1,7,14,103,108,116,142,160,181,191,210,214,227,239,226,201,193,169,137,115,101,82,13,2
5,13,67,115,135,136,143,163,169,166,182,188,186,181,170,154,140,127,112,101,54,13,5,3
13,94,126,149,175,154,145,144,139,143,142,143,138,131,123,122,106,104,100,48,13,11,11,6
42,120,141,148,139,125,126,126,125,121,107,106,98,104,102,60,53,51,21,13,11,4,1,0
40,109,129,122,119,126,126,113,101,84,73,59,90,61,51,49,36,10,9,11,6,7,0,2
34,57,107,109,125,145,130,113,100,72,63,55,53,59,51,36,43,11,8,12,12,8,7,0
21,43,56,85,117,130,121,98,64,49,47,39,38,42,38,12,12,11,10,11,4,3,6,0
14,42,44,61,102,141,127,101,81,54,42,36,39,33,30,14,16,16,31,11,12,11,9,0
10,13,21,32,59,108,126,127,93,81,53,43,9,14,14,9,19,12,13,5,10,8,4,0
11,13,13,25,39,64,133,143,119,74,55,23,9,2,12,7,8,11,11,8,1,3,6,4
12,9,11,21,29,50,81,141,128,90,58,35,31,13,12,0,11,9,9,0,3,1,6,2
6,12,12,23,24,33,52,88,127,101,55,25,14,12,4,0,2,2,6,0,0,0,3,0
3,12,13,10,10,19,16,39,78,80,57,50,12,9,0,0,7,0,0,0,0,0,4,3
8,12,12,11,13,11,8,21,25,61,60,55,27,12,0,0,0,0,1,0,0,0,5,0
0,0,5,11,14,7,3,12,30,50,70,53,30,14,0,0,0,0,3,9,0,0,0,0
7,2,7,11,12,14,13,8,19,32,55,47,50,14,7,6,0,0,0,0,0,0,0,0
8,3,1,12,11,14,25,32,43,56,68,75,57,14,14,0,0,0,0,0,0,0,0,0
12,0,2,10,11,9,34,17,47,64,62,59,35,18,14,10,10,7,4,0,0,0,0,0
8,9,5,14,10,6,0,24,36,57,57,57,30,12,0,0,10,11,4,3,0,0,11,3
0,6,14,10,10,5,1,5,16,27,41,14,13,10,7,5,0,4,7,9,1,0,10,0
6,6,3,11,11,8,7,0,3,12,14,12,11,11,10,7,9,8,9,9,7,5,0,0
