3,0,3,0,0,0,0,0,1,8,0,0,10,29,40,39,5,0,0,0,0,0,7,0
7,0,1,0,0,0,2,0,0,6,10,9,54,66,101,60,13,0,0,7,0,0,6,0
10,0,7,4,2,3,9,8,0,5,6,62,102,106,72,62,16,7,0,7,0,0,1,1
5,6,14,5,0,4,2,0,0,0,2,9,58,52,68,37,9,10,13,0,0,0,0,8
0,0,13,9,0,0,0,1,0,0,12,2,50,61,71,61,59,32,22,28,10,0,0,1
0,0,10,10,10,11,14,5,5,30,50,55,82,139,204,210,149,101,56,22,12,6,0,0
4,1,6,11,7,7,8,5,4,13,59,85,163,282,376,373,204,158,102,56,21,10,0,0
0,0,0,0,0,6,0,2,12,52,68,117,159,231,320,310,238,179,123,70,34,6,1,0
0,0,0,0,0,0,0,0,8,58,76,125,170,207,232,208,217,174,129,75,10,8,0,0
0,0,0,0,2,0,9,9,28,73,111,156,184,203,172,197,208,194,126,76,14,12,0,0
0,0,4,0,6,7,34,64,78,87,111,113,118,110,145,209,223,198,140,86,52,0,3,7
0,0,7,13,32,58,62,107,116,111,97,67,57,115,169,222,239,212,151,104,57,10,3,0
10,14,51,79,100,92,108,115,111,102,76,57,91,124,157,199,225,175,150,114,57,24,0,0
23,57,98,100,69,62,100,101,56,58,66,74,82,123,159,190,192,182,167,119,66,14,13,0
33,69,63,13,8,27,10,7,0,1,7,47,95,112,145,166,167,173,150,111,106,51,5,4
8,9,9,4,0,0,0,0,9,12,11,54,67,104,119,145,150,157,131,113,97,51,16,0
10,10,1,10,6,8,6,0,5,11,13,50,61,61,72,100,113,128,127,102,74,104,53,9
6,23,29,32,32,32,34,33,31,35,46,41,42,62,82,135,154,146,121,110,84,60,43,15
0,42,56,71,77,77,99,82,61,75,100,80,56,57,79,134,157,165,171,181,139,83,47,13
1,14,64,88,81,95,77,121,125,115,130,136,123,102,110,126,204,254,250,222,171,97,57,12
2,18,43,81,73,66,98,104,105,109,143,161,175,169,198,197,234,309,311,262,205,105,56,13
0,13,63,100,117,118,85,79,111,130,153,189,196,245,309,285,271,273,248,204,148,96,41,27
1,7,57,85,110,112,87,59,87,111,144,167,195,250,311,346,317,312,235,183,137,79,29,13
0,0,35,93,79,105,109,74,60,106,112,130,159,193,249,309,308,295,236,177,130,98,50,10
0,0,13,83,94,106,106,92,101,101,102,109,123,141,177,240,246,224,186,148,118,46,11,7
2,0,10,37,94,104,106,105,57,100,73,77,101,107,121,144,157,149,137,121,88,20,48,10
7,0,0,9,51,104,110,75,16,26,31,62,67,84,103,107,107,105,102,52,78,18,9,10
0,2,7,5,12,65,100,57,30,48,22,70,56,58,67,86,100,100,64,12,14,27,13,13
0,0,7,9,31,48,72,100,58,32,50,14,52,58,60,70,66,54,44,42,14,27,21,7
0,1,10,6,10,7,50,63,62,73,34,12,32,33,33,30,31,36,35,11,13,13,13,22
7,10,12,11,12,11,41,51,56,52,40,17,22,17,31,13,21,26,13,14,14,10,12,9
0,6,9,11,9,10,51,65,60,10,52,10,8,34,33,39,50,14,35,27,23,14,10,6
10,1,8,0,3,13,53,70,51,8,5,9,7,14,12,14,52,42,14,12,8,10,11,9
6,0,2,0,5,15,53,45,20,12,0,10,6,28,14,51,41,50,22,6,2,1,11,11
0,0,2,0,0,1,2,7,8,13,8,9,10,10,10,25,62,52,42,13,12,6,9,9
7,7,0,0,0,0,0,5,3,0,4,0,3,8,12,30,41,48,23,11,11,10,11,3
3,0,0,0,0,3,0,8,0,0,0,6,8,9,11,16,46,52,50,12,12,14,10,1
0,0,0,0,4,3,4,5,3,1,4,6,11,14,11,12,49,52,51,25,12,8,10,5
0,0,0,0,0,5,0,0,9,10,4,0,12,21,6,14,17,53,40,56,34,9,11,3
0,0,0,0,0,6,0,0,5,8,12,11,9,10,12,14,47,42,66,67,55,13,10,10
0,0,0,0,6,5,3,11,13,8,10,9,3,11,8,11,17,51,56,62,58,14,12,14
3,0,0,0,3,12,13,13,10,4,10,11,11,1,7,14,18,26,52,57,61,12,14,13
1,0,0,2,6,10,2,5,8,8,13,8,6,8,2,0,0,8,12,51,23,19,12,7
0,0,2,2,4,7,9,12,11,10,11,9,11,7,0,0,0,13,17,21,33,8,9,8

3,0,3,0,0,0,0,0,1,8,0,0,10,27,39,39,5,0,0,0,0,0,7,0
7,0,1,0,0,0,2,0,0,6,10,9,54,65,100,60,13,0,0,7,0,0,6,0
10,0,7,4,2,3,9,8,0,5,6,61,101,106,72,61,17,7,0,7,0,0,1,1
6,6,14,5,0,4,2,0,0,0,1,8,58,51,67,37,9,10,13,0,0,0,0,8
0,0,13,9,0,0,0,1,0,0,12,2,50,60,70,61,58,32,22,28,10,0,0,2
0,0,10,10,10,11,15,5,5,30,50,55,82,138,203,209,149,101,56,22,12,6,0,0
4,1,6,11,7,7,8,5,4,13,59,85,163,280,376,374,204,159,102,57,21,10,0,0
0,0,0,0,0,6,0,2,12,52,68,117,158,232,320,312,239,180,123,71,35,6,1,0
0,0,0,0,0,0,0,0,8,58,75,125,170,208,233,210,219,175,130,76,10,8,0,0
0,0,0,0,2,0,9,9,28,72,111,155,184,204,172,198,210,194,126,76,14,12,0,0
0,0,4,0,6,7,34,64,78,87,111,113,118,109,145,209,223,198,140,85,52,0,3,7
0,0,7,13,33,58,62,107,116,111,97,67,57,114,168,221,238,210,150,104,57,11,2,0
10,14,50,79,100,92,108,115,111,102,76,57,91,124,155,198,224,173,149,113,57,23,0,0
22,57,98,100,69,62,100,101,57,58,67,73,83,123,159,189,191,181,165,119,66,14,13,0
34,69,63,13,8,28,10,7,0,1,7,47,96,112,146,166,167,173,149,110,106,51,5,4
8,9,9,4,0,0,0,0,9,11,11,54,67,105,120,145,150,157,131,113,97,51,16,0
10,10,0,10,7,8,6,0,5,11,12,50,62,61,72,101,114,129,127,103,74,104,53,9
6,23,29,32,32,31,34,33,31,35,46,42,43,62,82,136,155,147,121,111,84,60,43,15
0,41,57,71,77,77,98,81,61,75,100,79,56,57,79,134,158,165,172,182,140,83,47,13
1,14,64,88,81,95,76,121,125,115,129,136,123,102,110,126,203,254,250,223,171,97,57,12
2,17,43,80,72,66,98,104,105,109,143,160,175,169,197,196,233,308,311,262,205,105,56,13
0,13,63,100,117,117,84,80,111,130,153,189,196,244,309,285,271,273,248,204,148,96,41,27
1,7,57,85,110,111,86,59,87,111,144,167,195,250,310,346,317,312,235,183,137,79,29,13
0,0,35,92,79,105,109,73,60,106,112,130,159,193,249,310,307,296,237,177,130,98,50,10
0,0,12,82,94,106,106,90,101,101,102,110,123,142,177,241,246,224,186,148,118,46,12,7
2,0,10,37,93,104,106,105,57,100,73,80,101,107,121,145,158,150,137,121,89,20,48,10
7,0,0,9,51,104,110,76,17,26,30,62,67,84,103,108,107,105,102,52,77,19,9,10
0,2,6,5,12,66,100,57,31,48,21,70,56,59,67,86,100,100,64,12,14,27,13,13
0,0,7,9,33,50,72,100,59,32,50,14,53,58,60,72,66,54,45,43,14,28,21,7
0,0,10,6,10,7,50,63,62,74,34,12,33,33,33,30,32,36,36,11,13,13,13,22
7,10,12,12,12,11,40,51,56,52,40,17,22,16,31,14,20,26,13,14,14,10,12,9
0,6,9,11,9,10,51,65,60,10,52,10,8,34,35,37,50,14,35,27,23,14,10,6
10,1,8,0,3,13,53,70,52,8,5,9,7,14,12,14,53,43,14,12,8,10,11,9
6,0,2,0,5,15,53,46,20,12,0,10,6,28,14,51,41,50,23,6,1,1,11,11
0,0,2,0,0,1,2,7,8,13,8,9,10,10,10,26,62,52,42,13,12,6,9,9
7,7,0,0,0,0,0,5,3,1,4,0,3,8,12,30,41,49,24,11,11,10,11,3
3,0,0,0,0,3,0,8,0,0,0,6,8,9,11,16,46,52,50,12,12,14,10,1
0,0,0,0,4,3,6,5,3,1,4,5,11,14,11,12,49,51,51,25,12,8,10,5
0,0,0,0,0,5,0,1,9,10,5,0,12,21,6,15,19,53,40,56,35,9,11,3
0,0,0,0,0,6,0,0,5,8,12,11,9,11,12,14,47,42,66,67,55,13,10,10
0,0,0,0,6,5,3,11,13,8,10,9,3,11,8,11,17,51,56,62,58,14,12,14
3,0,0,0,3,12,13,13,9,4,10,11,11,1,7,14,18,28,52,58,60,12,14,13
1,0,0,2,6,10,2,5,8,8,13,8,6,8,2,0,0,8,12,52,23,19,12,7
0,0,2,2,4,7,9,12,11,10,11,9,11,7,0,0,0,13,17,21,34,8,9,9

3,0,3,0,0,0,0,0,2,8,0,0,10,28,38,38,5,0,0,0,0,0,7,0
7,0,1,0,0,0,2,0,0,6,10,8,54,65,100,60,13,0,0,7,0,0,6,0
10,0,7,4,2,3,9,8,0,5,6,61,102,105,71,61,17,7,0,7,0,0,1,1
6,6,14,5,0,4,2,0,0,0,1,8,57,51,67,36,9,10,13,0,0,0,0,8
0,0,13,9,0,0,0,1,0,0,12,2,50,61,70,61,59,33,22,28,10,0,0,2
0,0,10,10,10,11,14,5,5,30,50,55,82,138,202,208,149,101,56,22,12,6,0,0
4,1,6,11,7,7,8,5,4,13,59,85,163,280,376,373,204,159,102,57,21,11,0,0
0,0,0,0,0,6,0,2,12,52,69,117,159,233,321,312,240,180,124,71,35,6,1,0
0,0,0,0,0,0,0,0,8,58,75,125,171,209,234,212,220,175,130,76,10,8,0,0
0,0,0,0,2,0,9,9,28,72,111,156,185,205,174,199,211,194,126,76,14,12,0,0
0,0,4,0,6,7,34,64,78,87,111,113,118,110,146,210,223,197,140,85,52,0,3,7
0,0,7,13,33,58,62,107,117,111,97,67,57,114,169,221,237,209,149,103,57,11,2,0
10,14,51,79,100,92,108,115,111,102,76,57,90,124,155,197,222,171,148,113,57,23,0,0
22,57,98,100,69,62,100,101,56,58,65,74,83,123,159,189,190,179,163,119,66,14,13,0
33,69,63,13,8,30,10,8,0,1,7,48,96,113,146,167,167,173,149,110,105,50,5,4
8,9,9,4,0,0,0,0,9,11,11,54,68,105,121,145,151,157,130,112,96,51,16,0
10,10,0,10,7,7,5,0,5,11,12,50,62,62,73,102,114,129,127,103,74,104,54,9
6,23,29,33,32,31,33,33,31,35,46,41,43,62,83,137,156,148,122,112,85,60,43,15
0,38,56,71,77,77,98,81,60,75,100,79,55,58,80,135,159,166,173,182,140,83,48,13
1,14,64,87,80,95,76,120,125,115,129,136,122,102,109,125,203,254,250,223,172,97,57,12
2,17,43,79,72,66,98,104,105,109,143,160,175,169,197,196,232,307,311,262,206,106,57,13
0,13,63,100,117,117,84,80,111,130,153,189,196,245,308,285,271,273,248,204,149,96,41,27
1,7,57,85,110,111,86,60,88,111,144,167,195,251,310,346,317,312,236,183,137,79,30,13
0,0,35,92,78,105,109,73,60,106,112,130,159,193,248,310,308,295,238,177,130,99,50,10
0,0,12,82,93,106,106,90,101,101,103,110,123,142,177,241,246,225,187,148,118,46,12,7
2,0,10,37,94,104,106,105,56,100,75,81,101,107,122,145,158,150,138,122,89,20,49,10
7,0,0,9,50,104,110,77,16,26,31,62,67,84,103,107,107,105,102,52,77,19,9,10
0,2,6,5,12,66,100,57,32,49,22,70,56,59,68,86,100,100,63,12,14,27,13,13
0,0,6,9,31,48,72,100,59,33,50,14,52,59,60,72,66,54,44,42,14,27,21,7
0,0,10,6,10,7,50,63,62,74,34,12,33,32,33,30,32,36,36,11,13,13,13,22
7,10,12,12,12,11,40,51,56,52,40,17,22,16,30,14,21,26,13,14,14,10,12,9
0,6,9,11,9,10,51,65,60,10,53,10,8,35,32,40,50,14,35,27,22,14,10,6
10,1,7,0,3,13,53,70,52,8,5,9,7,14,12,14,53,42,15,12,8,10,11,9
6,0,1,0,5,16,53,46,21,13,0,10,6,29,14,51,41,50,23,7,2,1,11,11
0,0,1,0,0,2,2,7,8,13,8,9,10,10,10,26,62,52,42,13,12,6,9,9
7,7,0,0,0,0,0,5,4,1,4,0,3,8,12,30,41,50,25,11,11,10,11,3
3,0,0,0,0,3,0,8,0,0,0,6,8,9,12,16,47,52,51,12,12,14,10,1
0,0,0,0,4,3,6,5,3,1,4,5,11,14,11,12,49,52,51,25,12,8,10,5
0,0,0,0,0,5,0,0,9,10,4,0,12,21,6,14,21,53,40,56,35,9,11,3
0,0,0,0,0,6,0,0,5,8,12,11,9,11,12,14,48,42,66,67,55,13,10,10
0,0,0,0,6,5,3,11,13,8,10,9,3,11,8,11,18,52,56,62,58,14,12,15
3,0,0,0,3,12,13,13,10,4,10,11,11,1,7,14,20,29,52,57,60,12,14,13
1,0,0,2,6,10,2,5,8,8,13,8,6,9,2,0,0,8,12,52,23,19,12,7
0,0,2,2,4,7,9,12,11,10,11,9,11,7,0,0,0,13,17,22,34,8,9,8

3,0,3,0,0,0,0,0,2,8,0,0,10,28,39,38,5,0,0,0,0,0,7,0
7,0,1,0,0,0,2,0,0,6,10,8,54,65,100,60,13,0,0,7,0,0,6,0
10,0,7,4,2,3,9,8,0,5,6,61,101,106,72,61,17,7,0,7,0,0,1,1
6,6,14,5,0,4,2,0,0,0,1,8,56,51,67,36,9,10,13,0,0,0,0,8
0,0,13,9,0,0,0,1,0,0,11,1,50,60,70,62,58,33,22,29,10,0,0,2
0,0,10,10,10,11,14,5,5,30,50,55,82,138,202,209,149,101,56,22,12,6,0,0
4,1,6,11,7,7,8,5,4,13,59,85,162,280,374,372,204,159,102,57,22,11,0,0
0,0,0,0,0,6,0,2,12,52,68,117,159,232,320,311,239,180,124,71,35,6,1,0
0,0,0,0,0,0,0,0,8,58,75,125,171,208,234,212,219,175,130,76,10,8,0,0
0,0,0,0,2,0,9,9,29,72,111,156,184,205,173,199,210,193,126,76,14,12,0,0
0,0,4,0,6,7,35,64,78,87,111,113,118,110,146,210,222,197,140,85,52,0,3,7
0,0,7,13,33,58,62,107,116,111,97,67,56,114,168,221,235,209,149,103,57,11,3,0
10,14,51,79,100,93,108,115,110,102,75,57,90,123,153,196,221,171,148,113,57,24,0,0
23,56,98,100,69,62,100,101,56,58,65,74,83,123,158,189,190,178,163,119,66,14,13,0
34,69,63,13,8,30,10,7,0,1,7,47,96,113,146,166,167,172,148,110,105,50,5,4
8,9,9,4,0,0,0,0,10,11,11,54,68,105,121,146,151,157,131,112,97,51,17,0
10,10,1,10,7,7,5,0,5,11,12,50,62,62,73,102,114,129,127,103,74,104,54,9
6,23,29,33,33,31,33,33,31,35,46,42,43,63,84,138,157,148,122,112,85,61,43,15
0,37,57,72,77,77,98,81,60,74,100,79,56,58,80,135,159,167,173,182,140,83,48,13
1,13,63,86,80,95,76,120,125,114,129,136,122,101,109,125,202,254,250,223,172,97,57,12
2,17,43,78,71,66,98,104,105,109,143,160,175,169,196,195,231,307,311,262,205,106,57,13
0,13,62,100,117,117,84,79,111,130,153,189,196,245,309,285,271,273,248,204,148,96,41,27
1,7,57,84,110,111,85,60,88,111,144,168,196,251,310,346,317,312,236,183,137,80,30,13
0,0,35,92,79,104,109,72,60,106,112,130,159,193,249,310,308,297,238,178,130,99,50,10
0,0,12,82,94,106,106,90,101,101,102,110,123,142,177,241,247,226,187,149,118,46,12,7
2,0,10,37,94,104,106,105,57,100,75,81,101,107,122,145,159,151,138,122,89,21,49,10
7,0,0,9,50,104,110,76,17,26,31,62,67,84,103,108,107,105,102,53,78,19,9,10
0,2,6,5,12,66,100,57,31,49,22,71,56,59,67,86,100,100,64,12,14,26,13,13
0,0,6,9,33,50,72,100,59,35,50,14,53,58,61,72,65,56,44,43,14,27,21,7
0,1,10,6,10,7,50,64,63,74,35,12,32,32,33,30,32,37,36,11,13,13,13,22
7,10,12,12,12,11,40,51,56,52,40,17,23,16,30,14,20,26,13,14,14,10,12,9
0,6,9,11,10,10,51,65,60,10,52,10,8,34,35,40,50,14,35,27,22,14,10,6
10,1,7,0,3,13,53,70,52,8,5,9,7,14,12,14,53,43,15,12,8,10,11,9
6,0,1,0,5,17,53,48,21,13,0,10,6,29,14,51,41,50,23,6,2,1,11,11
0,0,1,0,0,2,2,7,8,13,8,9,10,10,11,26,62,52,43,13,12,6,9,9
7,7,0,0,0,0,0,5,3,1,4,0,4,8,12,30,42,50,25,11,11,10,11,3
3,0,0,0,0,4,0,8,0,0,0,6,8,10,12,17,49,52,50,12,12,14,10,1
0,0,0,0,4,3,6,5,3,1,4,6,11,14,11,12,50,52,51,25,12,8,10,5
0,0,0,0,0,5,0,1,9,10,4,0,12,22,6,15,23,53,40,56,36,9,11,3
0,0,0,0,0,6,0,0,5,8,12,11,9,11,12,14,48,42,66,67,55,13,10,10
0,0,0,0,6,5,3,11,13,8,10,9,3,11,8,11,18,52,56,62,58,14,12,15
3,0,0,0,3,12,13,13,10,4,10,11,11,1,7,14,21,30,53,58,61,12,14,13
1,0,0,1,6,10,2,5,8,8,13,9,6,9,2,0,0,9,12,52,23,19,12,7
0,0,2,2,4,7,9,12,11,10,11,9,11,7,0,0,1,13,17,22,35,8,9,9

3,0,3,0,0,0,0,0,1,8,0,0,11,34,40,38,5,0,0,0,0,0,7,0
7,0,1,0,0,0,2,0,0,6,11,12,55,67,101,61,13,0,0,7,0,0,6,0
10,0,7,4,2,3,9,8,0,5,8,72,103,107,73,61,15,7,0,6,0,0,1,1
6,6,14,5,0,4,2,0,0,0,3,11,67,54,68,31,9,9,13,0,0,0,0,8
0,0,13,9,0,0,0,1,0,0,11,3,51,61,71,61,58,32,22,28,10,0,0,1
0,0,10,10,10,11,14,5,5,28,50,54,82,138,202,208,149,101,56,22,12,6,0,0
4,1,6,11,7,7,8,5,4,13,58,85,162,277,371,369,203,158,102,57,21,10,0,0
0,0,0,0,0,6,0,2,12,52,68,116,157,229,316,307,237,179,123,71,34,6,1,0
0,0,0,0,0,0,0,0,7,58,75,124,169,206,231,208,216,174,130,76,10,8,0,0
0,0,0,0,2,0,9,9,28,72,111,155,183,203,171,196,209,194,126,76,14,12,0,0
0,0,4,0,6,7,36,64,78,86,110,113,118,109,145,208,221,198,140,86,52,0,3,7
0,0,7,13,33,58,62,107,116,111,97,67,57,114,168,220,238,210,150,104,57,11,2,0
10,14,51,81,100,93,108,115,110,102,75,57,91,124,155,197,223,173,149,114,57,24,0,0
23,57,99,100,69,62,100,101,56,58,67,74,83,124,159,189,191,180,164,119,66,14,13,0
35,70,64,13,8,31,10,7,0,1,7,50,96,112,146,165,167,173,149,110,105,51,5,4
9,9,9,4,0,0,0,0,10,11,11,54,68,105,120,145,150,157,131,112,97,51,16,0
10,10,1,10,7,7,5,0,5,11,12,50,62,62,72,101,114,129,127,103,74,104,53,9
6,23,29,33,32,31,33,33,31,35,46,42,43,62,83,137,155,147,122,112,85,60,43,15
0,33,57,70,77,78,97,81,60,74,99,79,56,58,80,135,159,166,173,182,140,83,48,13
1,13,63,86,80,95,76,120,124,114,129,136,122,101,109,125,203,254,250,223,172,97,57,12
2,16,43,77,71,65,97,104,105,109,142,159,174,168,197,196,232,309,311,262,206,106,57,13
0,13,62,100,116,116,84,80,111,130,153,189,196,244,309,286,272,273,248,204,149,96,41,27
1,7,57,84,110,111,84,60,88,111,144,168,195,251,311,346,318,312,236,184,138,80,30,13
0,0,35,92,78,105,109,72,60,106,112,130,159,194,250,312,309,297,239,178,130,99,50,10
0,0,12,82,93,106,106,89,101,101,103,110,124,142,178,242,248,226,188,149,118,46,12,7
2,0,10,37,93,103,106,105,56,100,76,81,101,107,122,145,159,151,138,122,89,21,49,10
7,0,0,9,50,104,109,76,16,28,33,62,67,84,103,108,108,105,102,53,77,18,9,10
0,2,6,5,12,65,100,57,32,49,22,70,56,58,68,86,100,101,64,12,14,27,13,13
0,0,6,9,31,50,72,100,60,35,50,14,53,58,61,72,66,55,44,43,14,28,21,7
1,0,10,6,10,7,50,64,63,74,34,12,33,32,32,30,32,36,35,11,13,13,13,22
7,10,12,12,12,11,40,51,56,52,40,18,23,16,30,13,20,26,13,14,14,10,12,9
0,6,9,11,10,10,51,65,60,10,53,10,8,34,32,41,50,14,35,27,23,14,10,6
10,0,7,0,3,13,53,70,52,8,5,9,7,14,12,14,53,43,15,12,8,10,11,9
6,0,1,0,5,18,53,47,22,13,0,10,6,28,14,51,41,50,23,6,2,1,11,11
0,0,1,0,0,2,2,8,8,13,8,9,10,10,11,26,62,53,43,13,12,6,9,9
7,7,0,0,0,0,0,5,4,1,4,0,4,8,12,30,41,50,25,11,11,10,11,3
3,0,0,0,0,4,0,8,0,0,0,6,8,10,12,16,49,52,51,12,12,14,10,1
0,0,0,0,4,3,6,5,3,1,4,6,11,14,11,12,49,52,51,25,12,8,10,5
0,0,0,0,0,5,0,1,9,10,4,0,12,22,6,14,22,53,40,56,35,9,11,3
0,0,0,0,0,6,0,0,5,8,12,11,9,11,12,14,49,42,66,67,55,13,10,10
0,0,0,0,6,5,3,11,13,8,10,9,3,11,8,11,18,52,56,62,58,14,12,14
3,0,0,0,3,12,13,13,10,4,10,11,11,1,7,15,20,30,53,58,60,12,14,13
1,0,0,1,6,10,2,5,8,8,13,8,6,8,2,0,0,9,12,52,23,19,12,7
0,0,2,2,4,7,9,12,11,10,11,9,11,7,0,0,1,13,18,22,35,8,9,9

3,0,3,0,0,0,0,0,1,8,0,0,11,33,39,38,5,0,0,0,0,0,7,0
7,0,1,0,0,0,2,0,0,6,11,12,55,67,101,61,13,0,0,7,0,0,6,0
10,0,7,4,2,3,8,8,0,5,8,71,102,107,74,62,15,7,0,6,0,0,1,1
6,6,14,5,0,4,2,0,0,0,3,11,67,54,69,30,9,9,13,0,0,0,0,8
0,0,13,9,0,0,0,1,0,0,11,3,51,61,71,61,58,31,22,28,10,0,0,1
0,0,10,10,10,11,14,5,5,28,49,54,81,136,199,204,147,100,56,22,12,6,0,0
4,1,6,11,7,7,8,5,4,12,58,85,161,275,369,365,200,158,102,57,21,10,0,0
0,0,0,0,0,6,0,2,11,52,68,116,156,228,314,305,236,178,123,71,35,5,1,0
0,0,0,0,0,0,0,0,7,58,75,124,168,205,229,208,216,174,130,76,10,8,0,0
0,0,0,0,2,0,9,9,27,72,111,154,182,202,171,196,209,194,127,76,14,12,0,0
0,0,4,0,6,7,35,64,78,86,110,112,117,109,145,209,223,200,141,86,52,0,3,7
0,0,7,13,35,58,62,107,116,110,96,67,57,114,168,221,240,214,152,105,58,10,3,0
10,14,53,81,100,93,108,115,110,102,75,57,90,124,154,198,226,176,152,114,57,24,0,0
32,59,100,100,69,63,100,101,57,58,67,74,84,123,157,188,192,183,167,120,67,16,13,0
42,72,65,13,8,30,10,7,0,1,7,50,95,111,145,164,166,174,150,111,106,51,6,4
9,10,9,4,0,0,0,0,9,11,11,54,67,104,119,144,149,156,131,113,98,51,17,0
10,10,1,10,7,8,5,0,5,11,12,50,62,61,72,100,113,128,127,103,75,104,54,9
6,23,29,33,32,31,33,33,31,35,46,42,43,62,82,135,154,146,121,111,85,61,43,15
0,31,56,70,75,76,97,80,60,74,99,79,56,57,80,134,158,165,172,182,140,83,48,13
1,13,63,85,80,95,76,120,124,114,129,135,122,101,110,126,205,256,251,225,173,98,57,12
2,16,43,76,70,65,97,104,104,109,142,158,173,167,197,197,234,310,314,265,207,106,57,13
0,13,62,100,116,116,83,80,111,130,152,188,195,243,308,285,272,275,249,206,150,97,42,27
1,7,57,83,110,111,84,60,88,111,144,167,195,250,311,345,317,314,237,185,138,80,30,13
0,0,33,92,79,104,109,72,61,106,112,130,159,194,249,311,309,297,240,179,130,100,50,11
0,0,12,82,93,106,106,89,101,101,103,110,124,142,178,242,248,227,188,149,119,46,12,7
2,0,10,36,93,103,106,105,56,100,77,81,101,107,122,145,160,152,138,122,90,22,49,10
8,0,0,9,51,104,110,76,15,26,35,62,66,84,104,108,108,106,102,54,78,19,9,10
0,2,6,5,12,66,100,57,32,50,23,70,56,59,68,86,100,100,63,12,14,27,13,13
0,0,6,9,30,48,72,100,60,36,50,14,53,58,61,72,66,55,44,43,14,27,22,7
1,1,10,6,10,7,50,64,63,74,35,12,33,32,33,30,32,36,36,11,13,13,13,23
7,10,12,12,12,11,40,51,56,52,40,18,23,15,29,14,20,26,13,14,14,10,12,9
0,7,9,11,10,10,51,65,60,10,53,10,8,33,32,41,50,14,35,27,23,14,10,6
11,1,7,0,3,13,53,70,52,8,5,9,7,14,12,14,53,43,15,12,8,10,11,9
6,0,1,0,5,19,53,47,21,13,0,10,5,28,14,51,41,50,23,6,1,1,11,11
0,0,1,0,0,2,2,8,8,13,8,9,10,10,10,26,62,53,43,13,12,6,9,9
7,7,0,0,0,0,0,5,4,1,4,0,4,8,12,29,41,50,26,11,11,10,11,3
3,0,0,0,0,4,0,8,0,0,0,6,8,9,12,16,47,52,51,12,12,14,10,1
0,0,0,0,4,3,7,5,4,1,4,6,11,14,12,12,49,52,51,25,12,8,10,5
0,0,0,0,0,5,0,1,9,10,5,0,12,21,5,14,23,53,40,56,36,10,11,3
0,0,0,0,0,6,0,0,5,8,12,11,9,11,12,14,50,42,66,67,55,13,10,10
0,0,0,0,6,5,3,11,13,8,10,9,3,11,8,11,18,52,56,62,58,14,12,15
3,0,0,0,3,12,13,13,10,4,10,11,11,1,7,14,21,31,53,58,61,12,14,13
1,0,0,2,6,10,2,5,8,8,13,8,6,9,2,0,0,9,13,52,23,19,12,7
0,0,2,2,4,7,9,12,11,10,11,8,11,7,0,0,0,13,18,22,35,8,9,9

3,0,3,0,0,0,0,0,1,8,0,0,11,30,39,39,5,0,0,0,0,0,7,0
7,0,1,0,0,0,2,0,0,7,11,11,55,67,102,62,14,0,0,7,0,0,6,0
10,0,7,4,2,3,8,8,0,5,8,69,102,107,74,63,17,7,0,6,0,0,0,1
6,6,14,5,0,4,2,0,0,0,3,11,67,55,69,33,9,9,13,0,0,0,0,8
0,0,13,9,0,0,0,1,0,0,11,2,51,61,70,61,58,30,21,28,9,0,0,1
0,0,10,10,10,11,14,4,5,27,49,54,81,136,197,199,146,100,56,22,12,6,0,0
4,1,6,11,7,7,8,4,4,12,58,85,162,274,368,364,199,158,102,57,21,10,0,0
0,0,0,0,0,5,0,2,11,52,68,117,156,227,313,305,236,178,123,71,35,5,1,0
0,0,0,0,0,0,0,0,7,58,75,124,168,203,229,207,216,174,130,76,10,8,0,0
0,0,0,0,3,0,9,9,28,72,111,153,181,200,169,196,210,195,127,77,14,12,0,0
0,0,4,0,6,7,37,65,78,87,110,112,117,108,144,209,225,202,142,86,53,0,3,7
0,0,8,12,38,58,63,107,116,110,96,67,57,114,167,223,242,216,154,105,58,10,3,0
10,14,53,81,100,94,108,115,110,102,75,57,91,123,154,198,228,179,154,115,57,25,0,0
33,59,100,100,70,63,100,100,56,57,67,74,82,122,156,188,193,184,169,120,67,20,14,0
50,76,68,13,8,31,10,7,0,1,7,50,95,111,144,164,166,174,151,111,106,52,6,4
10,10,10,4,0,0,0,0,9,11,11,54,67,104,118,143,149,156,131,113,98,51,18,0
10,10,1,10,7,8,5,0,4,11,12,50,62,61,71,99,112,128,126,103,75,104,53,9
7,22,29,33,32,31,33,32,30,35,46,42,42,61,81,134,153,145,120,111,85,60,43,15
0,28,55,70,75,76,95,80,60,74,98,77,55,57,79,134,157,164,172,182,140,83,48,13
1,13,63,84,80,95,76,119,124,113,128,135,121,101,109,126,205,256,252,224,172,98,57,12
1,16,43,75,69,65,97,104,104,108,142,158,172,165,197,197,235,311,314,265,208,106,57,13
0,12,61,100,116,116,83,80,111,130,152,188,195,243,308,285,272,275,249,206,150,97,42,27
1,7,57,83,110,111,83,60,88,111,144,167,195,250,310,346,318,313,238,185,138,80,30,13
0,0,32,91,78,104,109,71,61,106,112,130,159,193,250,311,310,298,240,179,130,100,50,11
0,0,12,83,92,106,106,89,101,101,103,110,124,142,179,243,248,227,188,149,119,46,12,7
2,0,10,37,93,103,106,105,54,100,76,84,101,107,123,145,160,152,138,122,89,21,49,11
7,0,0,9,50,104,109,76,14,26,34,62,66,85,103,108,108,106,102,53,77,18,9,10
0,2,7,5,12,66,100,58,32,50,23,70,56,60,69,86,101,101,65,12,14,27,13,13
0,0,6,9,31,48,72,100,60,36,50,14,53,58,61,72,66,55,44,42,14,27,21,7
1,1,10,6,10,7,50,64,63,74,35,12,33,32,32,30,32,36,36,11,13,13,13,22
7,10,12,12,12,11,40,51,56,52,40,17,23,15,30,13,20,26,13,14,14,10,12,9
0,7,9,11,10,11,51,65,60,10,53,10,8,34,31,43,50,14,35,27,22,14,10,6
10,1,7,0,3,13,53,70,52,8,5,9,7,14,12,14,53,43,15,12,8,10,11,9
6,0,1,0,5,19,53,49,22,13,0,10,5,29,14,51,42,51,23,7,2,1,11,11
0,0,1,0,0,2,2,8,8,13,8,9,10,10,10,26,62,52,43,13,12,6,9,9
7,7,0,0,0,0,0,5,4,1,4,0,4,8,12,30,41,50,26,11,11,10,11,3
3,0,0,0,0,4,0,8,0,0,0,6,8,9,12,16,48,52,51,12,12,14,10,1
0,0,0,0,4,3,7,6,4,1,4,6,11,14,11,12,49,52,51,25,12,8,10,5
0,0,0,0,0,5,0,1,9,10,5,0,12,21,5,15,23,53,40,56,37,10,11,3
0,0,0,0,0,6,0,0,5,8,12,11,9,11,12,14,50,42,66,66,55,14,10,10
0,0,0,0,6,5,3,11,13,8,10,9,3,11,8,11,18,52,56,62,58,14,12,15
3,0,0,0,3,12,13,13,10,4,10,11,11,1,7,15,21,33,53,58,61,12,14,13
1,0,0,2,6,10,2,5,8,8,13,8,6,9,2,0,0,9,13,52,23,19,12,7
0,0,2,2,4,7,9,12,11,10,11,9,11,7,0,0,0,13,18,22,35,8,9,9

3,0,3,0,0,0,0,0,1,8,0,0,10,31,39,38,5,0,0,0,0,0,7,0
7,0,1,0,0,0,2,0,0,6,11,11,55,66,102,62,14,0,0,7,0,0,6,0
10,0,7,4,2,3,9,8,0,5,8,69,102,107,75,63,18,7,0,7,0,0,0,1
6,6,14,5,0,4,2,0,0,0,3,11,67,55,69,35,9,8,13,0,0,0,0,8
0,0,13,9,0,0,0,1,0,0,11,2,51,61,70,61,58,29,21,28,9,0,0,1
0,0,10,10,10,11,14,4,5,27,49,54,81,136,196,199,146,100,56,22,12,6,0,0
4,1,6,11,7,7,8,4,4,12,58,85,161,275,369,365,200,158,102,57,21,10,0,0
0,0,0,0,0,6,0,2,11,52,68,117,157,227,314,307,237,179,123,71,36,5,1,0
0,0,0,0,0,0,0,0,7,58,75,124,168,203,229,207,217,175,130,77,10,8,0,0
0,0,0,0,3,0,9,9,29,72,110,153,180,199,169,196,210,195,127,77,14,12,0,0
0,0,4,0,6,7,38,64,78,87,110,112,116,108,144,209,226,203,142,86,53,0,3,7
0,0,7,11,38,58,62,107,117,110,96,67,57,113,167,222,242,217,154,105,58,11,2,0
10,14,53,81,100,94,108,115,109,102,75,57,90,123,153,198,227,178,153,115,57,25,0,0
28,57,100,100,70,64,100,101,56,57,67,74,83,122,156,188,192,184,168,120,67,20,14,0
51,77,68,13,8,32,10,7,0,1,7,50,95,111,144,164,166,174,151,111,106,52,6,4
10,10,10,4,0,0,0,0,10,11,11,54,67,104,119,144,149,157,131,113,98,51,18,0
10,10,1,10,7,8,5,0,4,11,12,50,62,61,71,100,113,128,127,103,75,104,54,9
6,22,29,32,31,31,33,33,30,35,46,42,43,61,80,133,153,145,120,111,85,60,43,15
0,27,54,69,76,76,96,80,60,74,98,77,55,57,79,134,157,164,172,182,140,83,48,13
1,13,63,83,79,95,76,119,124,113,128,134,121,101,109,126,205,256,252,224,172,98,57,12
2,16,43,74,69,65,97,103,104,108,142,157,172,166,197,197,235,311,314,265,208,106,57,13
0,13,61,99,116,115,83,80,111,130,152,188,195,243,308,285,272,275,250,206,150,97,41,27
1,7,57,82,109,110,83,60,88,111,144,167,195,250,309,346,318,313,238,185,139,80,30,13
0,0,33,92,78,104,109,71,60,106,112,130,159,194,249,312,310,298,240,179,130,100,50,11
0,0,12,82,92,106,106,89,101,101,103,110,124,142,179,243,248,228,189,150,119,46,12,7
2,0,9,37,93,103,106,105,54,98,77,82,101,107,122,146,161,152,139,122,90,21,50,11
7,0,0,9,50,104,109,75,14,26,35,62,67,83,103,108,108,106,102,53,77,19,9,10
0,2,7,5,12,66,100,57,31,49,22,70,56,59,68,86,100,100,64,12,14,27,13,13
0,0,6,9,30,50,72,100,60,37,50,14,53,58,62,72,66,54,45,43,14,27,21,7
1,1,10,6,10,7,50,64,63,74,35,12,33,32,32,30,32,36,36,11,13,13,13,22
7,10,12,12,12,11,40,51,56,52,40,18,23,15,29,13,20,26,13,14,14,10,12,9
0,7,9,11,10,11,51,65,60,11,53,10,8,33,33,42,50,14,35,27,22,14,10,6
11,1,7,0,3,13,54,70,52,8,5,9,7,14,12,14,54,43,15,12,8,9,11,9
6,0,1,0,5,19,53,48,22,13,0,10,5,28,14,51,41,50,23,6,2,1,11,11
0,0,1,0,0,2,2,8,8,13,8,9,10,10,11,26,62,52,43,13,12,6,9,9
7,7,0,0,0,0,0,5,4,1,4,0,4,9,12,30,42,50,26,11,11,10,11,3
3,0,0,0,0,4,0,8,0,0,0,6,9,10,12,17,49,52,51,12,12,14,10,1
0,0,0,0,4,3,7,6,4,1,4,6,11,14,12,12,49,52,51,25,12,8,10,5
0,0,0,0,0,5,0,1,9,10,5,0,12,22,5,15,25,53,40,56,37,10,11,3
0,0,0,0,0,6,0,0,5,8,12,11,9,11,12,15,50,42,66,66,55,13,10,10
0,0,0,0,6,6,3,11,13,8,10,9,3,11,8,11,18,52,56,62,58,14,12,15
3,0,0,0,3,12,13,13,10,4,10,11,11,1,7,14,21,34,53,58,61,12,14,13
1,0,0,2,6,10,2,5,8,8,13,8,6,9,2,0,0,9,13,52,23,19,12,7
0,0,2,2,4,7,9,12,11,10,11,9,11,7,0,0,1,13,18,22,36,8,9,9

3,0,3,0,0,0,0,0,1,8,0,0,10,28,39,38,5,0,0,0,0,0,7,0
7,0,1,0,0,0,2,0,0,6,11,11,55,66,101,62,14,0,0,7,0,0,6,0
10,0,7,4,2,3,9,8,0,5,7,68,102,107,74,63,18,7,0,6,0,0,0,1
6,6,14,5,0,4,2,0,0,0,2,10,65,55,69,33,9,9,13,0,0,0,0,8
0,0,13,9,0,0,0,1,0,0,11,2,51,61,70,61,58,31,21,28,10,0,0,1
0,0,10,10,10,11,14,4,4,27,49,54,81,135,196,199,146,100,56,22,12,6,0,0
4,1,6,11,7,7,8,5,4,12,58,85,161,274,368,364,201,159,103,57,21,11,0,0
0,0,0,0,0,6,0,2,11,52,69,117,157,227,314,307,237,179,124,71,36,6,1,0
0,0,0,0,0,0,0,0,7,58,75,124,168,203,230,208,218,175,130,77,10,8,1,0
0,0,0,0,3,0,9,9,28,73,110,153,180,199,170,197,211,195,127,77,14,12,0,0
0,0,4,0,6,7,38,65,78,87,110,111,116,108,145,210,226,201,141,86,53,0,3,7
0,0,8,12,37,58,62,107,117,110,96,67,57,113,167,221,240,214,152,104,58,11,2,0
10,14,53,81,100,94,108,115,109,101,75,57,90,123,152,196,225,176,150,114,57,25,0,0
29,58,100,100,70,64,100,101,56,57,67,74,82,123,156,187,191,182,166,120,66,16,13,0
51,78,69,14,9,33,10,7,0,1,7,50,96,112,145,164,166,174,150,111,106,52,6,4
10,10,10,4,0,0,0,0,9,11,11,54,68,105,119,144,150,156,130,113,98,51,19,0
10,10,1,10,7,8,5,0,4,11,11,50,62,61,72,101,113,128,127,103,75,104,54,9
6,22,29,33,31,31,33,32,30,35,46,42,43,61,81,135,154,147,121,112,85,61,43,15
0,27,55,70,75,76,95,80,60,73,97,77,55,57,79,134,158,165,173,183,140,83,48,13
1,13,63,84,79,95,75,119,124,113,128,135,121,101,109,126,204,256,252,224,173,98,57,12
2,15,43,73,69,65,96,104,104,108,142,158,172,166,197,196,233,309,314,266,207,106,57,13
0,12,61,99,116,115,83,80,111,130,152,188,195,243,307,285,271,275,249,206,151,97,42,27
1,7,57,82,109,110,83,60,89,111,144,167,195,250,310,345,317,314,238,185,139,81,30,13
0,0,32,91,78,104,109,70,60,106,112,130,159,193,250,311,309,298,240,180,131,100,50,11
0,0,12,83,93,106,106,89,101,101,103,110,124,142,178,243,249,228,189,150,119,47,12,7
2,0,9,36,93,103,106,104,56,98,77,84,101,107,122,146,161,153,139,123,90,21,49,11
7,0,0,9,50,104,109,75,14,25,35,62,67,84,103,108,108,106,102,53,78,19,9,10
0,2,7,5,12,66,100,57,31,49,23,70,56,58,68,86,100,100,64,12,14,27,13,13
0,0,6,9,30,50,72,100,60,38,50,14,53,58,62,72,66,55,45,43,14,28,22,7
1,1,10,6,10,7,50,64,63,74,36,12,33,32,32,30,32,36,35,11,13,13,13,22
7,10,12,12,12,11,40,51,56,52,41,19,24,15,30,14,20,26,13,14,14,10,12,9
0,7,9,11,10,11,51,65,61,11,53,10,8,31,31,42,50,14,35,27,22,14,10,6
11,1,7,0,3,13,53,71,52,8,5,9,7,14,12,14,54,43,15,12,8,10,11,9
6,0,1,0,6,19,53,48,22,13,0,10,5,28,14,51,41,51,23,7,2,1,11,11
0,0,1,0,0,3,2,8,9,13,8,9,10,10,11,26,62,53,43,13,12,6,9,9
7,7,0,0,0,0,0,5,4,1,4,0,4,9,12,30,42,50,27,11,11,10,11,3
3,0,0,0,0,4,0,8,0,0,0,6,9,10,12,17,50,52,51,12,12,14,10,1
0,0,0,0,4,4,7,6,3,1,4,6,11,14,11,13,50,52,51,25,12,8,10,5
0,0,0,0,0,5,0,1,9,10,4,0,12,21,5,15,26,53,40,56,37,10,11,3
0,0,0,0,0,6,0,0,5,8,12,11,9,11,12,15,50,42,66,66,55,14,10,10
0,0,0,0,7,6,3,11,13,8,10,9,3,11,8,11,18,52,56,62,58,14,12,15
3,0,0,0,3,12,13,13,10,4,10,11,11,1,7,15,22,34,53,58,61,12,14,13
1,0,0,2,6,10,2,5,8,8,13,8,6,9,2,0,0,9,13,52,24,19,12,7
0,0,2,2,4,7,9,12,11,10,11,9,11,7,0,0,1,13,18,22,36,8,9,9

3,0,3,0,0,0,0,0,2,8,0,0,10,27,39,39,5,0,0,0,0,0,7,0
7,0,1,0,0,0,2,0,0,6,11,10,55,66,101,62,14,0,0,7,0,0,6,0
10,0,7,4,2,3,9,8,0,5,7,67,102,106,74,64,18,7,0,6,0,0,0,1
6,6,14,5,0,4,2,0,0,0,2,10,63,54,69,36,9,9,13,0,0,0,0,8
0,0,13,9,0,0,0,1,0,0,11,2,50,61,70,61,58,31,22,28,10,0,0,1
0,0,10,10,10,11,14,5,5,29,50,54,81,135,197,199,146,100,56,22,12,6,0,0
4,1,6,11,7,7,8,5,4,13,59,85,161,278,375,372,203,159,102,57,22,11,0,0
0,0,0,0,0,6,0,2,11,52,69,117,158,233,322,313,240,180,124,71,36,6,1,0
0,0,0,0,0,0,0,0,7,58,75,125,171,209,234,213,220,175,130,77,10,8,1,0
0,0,0,0,2,0,9,9,28,72,111,156,185,205,174,199,211,194,127,77,14,12,0,0
0,0,4,0,6,7,36,65,78,87,111,113,118,109,147,210,221,197,141,86,52,0,3,7
0,0,7,11,33,58,62,107,116,111,97,67,57,114,168,219,234,209,151,105,58,11,2,0
10,13,49,78,100,92,108,115,110,102,76,57,90,123,153,195,221,171,148,114,57,25,0,0
16,54,94,96,68,62,100,101,56,58,66,73,82,123,158,189,190,178,163,119,66,14,13,0
21,67,60,13,8,31,10,8,0,1,7,47,96,113,146,166,167,172,148,110,105,51,6,4
7,8,8,3,0,0,0,0,10,11,11,54,68,106,121,145,150,157,130,112,96,51,20,0
10,10,1,10,7,7,5,0,4,10,11,50,62,62,73,102,113,129,127,102,74,104,55,9
6,22,29,33,31,30,33,32,30,35,46,42,43,63,83,137,156,148,122,112,85,60,43,16
0,27,57,71,76,76,96,80,60,74,97,77,56,57,80,135,158,166,173,182,140,83,48,13
1,13,64,84,80,96,76,119,124,113,129,135,121,101,109,125,201,254,250,223,172,97,57,12
2,16,43,74,69,65,98,104,104,108,142,158,173,166,195,195,231,308,311,262,206,106,57,13
0,13,61,100,115,115,83,80,111,130,152,188,196,244,308,285,271,274,248,204,149,96,41,27
1,7,57,82,109,111,83,60,89,111,144,168,195,251,310,346,318,314,237,183,138,80,30,13
0,0,32,92,78,104,109,71,60,106,112,130,159,194,249,311,311,299,240,179,130,100,50,11
0,0,12,82,92,106,106,89,101,101,103,110,124,142,178,243,249,229,189,150,119,47,12,7
2,0,10,37,93,103,106,105,59,100,77,86,101,108,123,146,161,153,139,123,90,22,50,11
7,0,0,9,50,104,110,77,17,28,34,62,68,84,103,108,108,106,102,54,78,19,9,10
0,2,7,5,12,67,100,58,33,49,22,70,56,59,69,86,100,100,64,12,14,29,13,13
0,0,6,9,30,50,73,100,60,38,50,14,52,59,62,72,66,54,44,43,14,27,21,7
1,1,10,5,10,7,50,65,63,74,36,12,33,32,32,31,32,36,36,11,13,13,13,22
7,10,12,12,12,11,40,51,56,52,41,18,23,14,30,14,21,27,13,14,14,10,12,9
0,7,9,11,10,11,51,65,60,11,52,10,8,33,32,44,51,16,36,27,23,14,10,6
11,0,7,0,4,13,53,71,52,9,5,9,7,14,12,14,55,44,16,12,8,9,11,9
5,0,1,0,6,19,53,49,22,13,0,10,5,28,14,52,42,51,24,6,2,1,11,11
0,0,1,0,0,3,2,8,9,13,8,9,10,10,11,27,63,53,43,13,12,6,9,9
7,7,0,0,0,0,0,5,4,1,4,0,4,9,12,30,44,50,27,11,11,10,11,3
3,0,0,0,0,4,0,8,0,0,0,6,9,10,12,17,50,52,51,12,12,14,10,1
0,0,0,0,4,3,7,5,4,1,4,6,11,14,12,13,50,52,51,25,12,8,10,5
0,0,0,0,0,5,0,1,9,10,4,0,12,22,5,16,29,53,40,56,36,9,11,2
0,0,0,0,0,6,0,0,5,8,12,11,9,11,12,15,50,43,66,67,55,14,10,10
0,0,0,0,7,6,3,11,13,8,10,9,3,11,8,11,18,52,57,62,58,14,12,14
3,0,0,0,3,12,13,13,10,4,10,11,11,1,7,15,23,36,54,58,61,12,14,13
1,0,0,2,6,10,2,5,8,8,13,9,6,9,2,0,0,9,13,53,24,19,12,7
0,0,2,2,4,7,9,12,11,10,11,9,11,7,0,0,1,13,18,22,36,8,9,9

3,0,3,0,0,0,0,0,2,8,0,0,10,25,38,38,5,0,0,0,0,0,7,0
7,0,1,0,0,0,2,1,0,6,10,9,54,64,100,61,14,0,0,7,0,0,6,0
10,0,7,4,2,3,9,9,0,5,6,64,102,106,73,63,18,7,0,7,0,0,0,1
6,6,14,5,0,3,2,0,0,0,2,9,61,54,69,37,9,9,13,0,0,0,0,8
0,0,13,9,0,0,0,2,0,0,11,2,48,61,70,61,58,32,22,28,10,0,0,2
0,0,10,10,10,11,14,5,5,30,50,54,81,135,198,204,147,100,56,22,12,6,0,0
4,1,5,11,7,7,8,5,4,13,59,85,161,279,376,376,206,160,102,57,21,11,1,0
0,0,0,0,0,5,0,2,11,52,68,117,158,231,321,313,241,181,124,71,35,6,1,0
0,0,0,0,0,0,0,0,8,58,75,124,170,207,233,211,220,176,130,77,10,8,0,0
0,0,0,0,1,0,9,9,29,73,111,154,182,202,171,197,210,194,127,77,14,12,0,0
6,0,3,0,5,6,35,65,78,87,111,113,117,109,145,208,223,199,141,86,53,0,3,7
27,10,7,10,34,58,62,107,117,111,97,67,56,113,166,219,236,212,151,105,58,11,2,0
27,27,52,79,100,93,108,115,110,102,76,57,90,122,151,195,221,173,150,114,57,25,0,0
26,58,97,98,68,62,100,101,56,58,66,74,83,122,156,187,190,179,164,119,66,14,13,0
19,68,61,13,8,31,10,7,0,2,7,47,96,112,145,165,166,172,149,110,106,51,6,4
7,9,9,3,0,0,0,0,10,11,11,54,68,105,121,145,151,157,130,113,97,51,21,0
9,10,1,10,6,7,5,0,4,11,11,50,62,62,73,101,114,129,127,103,75,104,55,9
6,21,29,32,30,30,32,32,30,35,46,42,43,63,83,137,156,148,122,112,85,61,43,16
0,23,56,70,75,76,95,80,60,73,97,76,56,57,80,135,159,166,173,183,141,83,49,13
0,13,62,82,79,95,76,119,123,113,128,135,121,101,109,125,202,255,251,224,173,98,57,13
2,15,43,73,68,65,97,104,104,108,142,157,172,165,195,196,232,309,313,265,208,106,57,13
0,12,61,99,115,115,83,80,111,130,152,188,195,243,308,285,271,275,249,206,150,98,42,27
1,6,57,82,109,110,82,60,89,111,144,168,195,250,309,346,317,313,238,185,139,81,31,13
0,0,32,92,78,104,109,71,61,106,112,130,159,194,250,311,310,298,240,180,131,100,50,11
0,0,12,82,92,106,106,88,101,101,103,110,124,143,179,244,250,229,190,151,119,47,12,7
2,0,10,36,93,103,106,105,56,100,77,85,101,108,123,146,162,154,139,123,91,22,50,11
7,0,0,9,48,104,109,76,17,26,36,63,68,83,103,108,108,106,103,54,78,20,9,10
0,2,7,5,12,66,100,57,32,50,23,70,56,59,68,86,100,100,63,12,14,26,13,13
0,0,6,9,31,48,73,100,60,38,50,14,52,58,62,72,66,54,45,43,14,27,22,7
1,1,10,5,9,7,50,65,63,74,35,12,33,32,32,31,32,36,36,11,13,13,13,22
7,10,12,12,12,11,40,51,56,52,41,18,23,14,29,14,21,27,13,14,14,10,12,9
0,7,9,11,10,11,51,65,61,11,54,10,9,33,32,42,51,15,35,27,23,14,10,6
11,1,7,0,4,13,54,71,52,8,5,9,7,14,11,14,54,44,16,12,8,10,11,9
5,0,1,0,6,20,53,49,22,14,0,10,5,29,14,51,42,51,23,6,2,1,11,11
0,0,1,0,0,3,2,8,9,13,8,9,10,10,11,26,62,53,43,13,12,6,9,9
7,7,0,0,0,0,0,5,4,1,4,0,4,9,12,28,43,50,27,11,11,10,11,3
3,0,0,0,0,4,0,8,0,0,0,6,9,10,12,16,48,52,51,12,12,14,10,1
0,0,0,0,4,4,7,5,4,1,4,6,11,14,12,13,50,52,51,25,12,8,10,5
0,0,0,0,0,5,0,1,9,10,5,0,12,22,5,16,28,53,40,56,37,10,11,2
0,0,0,0,0,6,0,0,5,8,12,11,9,11,12,16,49,42,66,66,55,13,10,10
0,0,0,0,7,6,3,11,13,8,10,9,4,11,8,11,19,52,56,62,58,14,12,15
3,0,0,0,3,12,13,13,10,4,10,11,11,1,7,15,23,34,53,58,61,12,14,13
1,0,0,2,6,10,2,5,8,8,13,8,6,9,2,0,0,9,13,52,24,19,12,7
0,0,2,2,4,7,9,12,11,10,11,9,11,7,0,0,1,13,18,22,36,8,9,9

3,0,3,0,0,0,0,0,2,8,0,0,9,24,38,37,5,0,0,0,0,0,7,0
7,0,1,0,0,0,3,0,0,6,10,8,54,64,100,61,14,0,0,7,0,0,6,0
9,0,7,4,2,3,8,8,0,5,6,59,101,105,72,62,18,7,0,7,0,0,0,1
6,5,14,5,0,3,2,0,0,0,1,7,52,51,68,35,9,9,13,0,0,0,0,8
0,0,13,9,0,0,0,1,0,0,11,1,37,60,70,61,59,33,22,28,10,0,0,1
0,0,9,10,10,11,14,4,4,28,50,54,81,136,198,205,148,101,57,22,12,6,0,0
4,0,5,11,7,6,7,4,4,13,58,85,161,275,370,368,204,161,104,57,22,11,0,0
0,0,0,0,0,2,0,1,11,52,68,117,157,226,314,308,239,181,125,72,36,6,1,0
0,0,0,0,0,0,0,0,7,58,75,124,168,203,229,208,219,176,131,77,11,8,1,0
0,0,0,0,1,0,9,9,30,73,111,153,180,199,170,196,211,197,129,77,14,12,0,0
31,14,7,0,7,7,36,65,78,87,110,112,115,108,144,209,227,204,143,87,53,0,3,7
54,28,13,6,43,59,63,108,118,111,96,67,57,112,165,221,242,218,155,105,58,11,2,0
29,41,61,85,100,94,108,116,110,102,75,57,89,121,149,195,225,178,153,115,57,26,0,0
38,61,99,99,69,62,100,101,57,58,67,73,80,121,152,184,190,183,167,120,67,20,14,0
24,67,61,13,9,32,10,8,0,2,7,41,93,111,143,161,165,173,150,111,106,52,6,4
7,9,9,3,0,0,0,0,10,11,11,53,67,103,118,143,149,155,131,113,99,52,21,0
10,10,1,10,6,7,5,0,4,10,11,49,61,60,71,100,113,128,127,103,75,104,55,9
6,21,29,32,30,30,32,32,30,35,45,42,43,61,81,134,154,146,121,112,86,61,43,16
0,17,53,68,74,75,94,79,59,73,97,76,55,57,79,134,158,165,173,183,141,84,49,13
1,13,62,82,79,95,75,119,123,113,128,134,120,101,109,125,204,257,253,225,173,98,58,13
2,14,43,72,68,64,96,103,104,108,141,156,170,164,195,196,233,310,315,267,209,107,57,13
0,12,60,98,115,115,82,80,110,130,151,187,194,243,307,285,271,275,250,207,152,99,42,28
1,6,57,82,109,110,83,60,89,111,144,167,195,250,309,345,318,314,238,186,140,82,32,13
0,0,32,91,78,104,109,70,60,107,112,130,159,193,249,311,309,299,241,181,131,100,50,11
0,0,12,83,91,106,106,87,101,101,103,110,124,143,179,244,250,229,190,152,120,47,12,8
2,0,9,36,93,103,106,104,54,98,79,85,101,108,123,146,162,154,139,123,91,22,50,11
7,0,0,9,48,104,109,75,14,26,35,62,67,83,103,108,108,106,103,54,78,20,9,10
0,2,7,4,12,66,100,57,32,49,23,70,56,60,69,86,100,100,64,12,14,29,13,13
0,0,6,9,30,48,72,100,60,38,50,14,53,58,62,72,65,55,45,43,14,27,21,7
1,1,10,5,9,7,50,65,63,74,35,12,33,31,32,30,32,36,36,11,14,13,13,22
7,10,12,12,12,11,40,51,56,52,41,18,23,14,29,13,21,26,13,14,14,10,12,9
0,7,9,11,10,11,51,65,61,11,53,10,9,31,30,43,51,15,35,27,23,14,10,6
11,1,7,0,4,13,54,71,52,8,5,9,7,14,11,14,54,44,15,12,8,10,11,9
5,0,1,0,6,21,53,49,22,13,0,10,5,29,14,51,42,51,23,6,2,1,11,11
0,0,1,0,0,3,2,8,9,13,8,9,10,10,11,26,62,53,43,13,12,6,9,9
7,7,0,0,0,0,0,5,4,1,4,0,4,9,12,28,43,50,26,11,11,10,11,3
3,0,0,0,0,4,0,8,0,0,0,6,9,10,12,16,48,52,51,12,12,14,10,1
0,0,0,0,4,4,7,5,4,1,4,6,11,14,12,12,50,52,51,25,12,8,10,5
0,0,0,0,0,5,0,1,9,10,4,0,12,21,5,16,26,53,40,56,36,9,11,2
0,0,0,0,0,6,0,0,5,8,12,11,9,11,12,15,50,42,66,66,55,14,10,10
0,0,0,0,7,6,3,11,13,8,10,9,3,11,8,11,18,52,56,62,58,14,12,15
3,0,0,0,3,12,13,13,10,4,10,11,11,1,7,15,23,36,53,58,61,12,14,13
2,0,0,2,6,10,2,5,8,8,13,8,6,9,2,0,0,9,13,53,24,19,12,7
0,0,2,2,4,7,9,12,11,10,11,9,11,7,0,0,1,13,18,22,36,8,9,9

3,0,3,0,0,0,0,0,1,8,0,0,10,25,38,38,5,0,0,0,0,0,7,0
6,0,0,0,0,0,2,0,0,6,10,9,54,64,100,61,14,0,0,7,0,0,6,0
9,0,7,3,2,3,8,8,0,5,6,61,101,105,72,63,18,7,0,6,0,0,0,1
6,5,14,5,0,3,2,0,0,0,1,8,55,52,68,35,9,9,13,0,0,0,0,8
0,0,13,9,0,0,0,0,0,0,11,1,37,60,69,61,58,32,22,28,10,0,0,1
0,0,9,10,10,11,14,4,4,27,49,54,81,136,197,201,147,101,57,22,12,6,0,0
3,0,5,11,7,6,6,4,4,12,58,85,161,275,369,366,202,159,103,57,22,11,0,0
0,0,0,0,0,2,0,1,11,52,69,117,157,227,314,308,238,180,124,71,36,6,1,0
0,0,0,0,0,0,0,0,7,58,75,124,168,204,230,208,219,176,131,77,10,8,1,0
0,0,0,0,2,0,10,9,31,73,111,153,181,199,170,197,211,197,128,77,14,12,0,0
32,15,7,1,7,7,38,65,78,87,111,112,116,108,144,210,227,205,143,86,53,0,3,7
54,29,14,6,46,59,63,108,118,111,97,67,57,112,166,224,244,219,155,105,58,11,2,0
30,43,62,85,100,94,108,116,111,102,76,57,90,121,150,197,228,180,154,115,58,26,0,0
38,60,100,100,69,63,100,101,57,58,67,73,81,121,151,184,191,184,168,120,67,22,14,0
26,68,62,13,9,32,11,8,0,2,7,41,92,110,142,161,165,174,150,111,106,52,6,4
7,9,9,4,0,0,0,0,10,10,11,53,66,103,117,142,148,155,131,113,99,52,20,0
10,10,1,10,6,7,5,0,4,10,11,49,61,60,70,99,112,127,126,103,75,104,54,9
6,22,29,32,30,30,32,32,30,35,46,42,43,61,80,134,153,145,121,112,86,61,43,15
0,16,52,68,74,75,93,78,59,73,96,76,55,57,79,134,157,165,172,182,140,83,49,13
0,13,61,81,78,95,75,119,123,112,128,134,120,100,109,126,205,256,253,225,173,98,57,13
2,14,43,71,68,64,96,103,104,108,141,156,170,164,197,197,235,312,316,268,209,106,57,13
0,12,60,97,115,114,82,80,110,129,151,187,194,243,307,285,273,276,251,207,152,99,42,28
1,6,56,82,109,110,81,60,89,111,144,167,195,251,310,346,318,315,239,187,140,82,31,13
0,0,35,91,79,104,109,70,60,107,112,130,159,193,250,312,310,300,242,181,131,100,50,11
0,0,12,82,92,106,106,89,101,101,103,110,124,143,179,244,250,230,190,151,120,47,12,8
2,0,9,35,93,103,106,104,54,98,77,84,101,107,123,146,162,154,140,123,91,22,50,11
7,0,0,9,47,104,109,75,14,26,36,62,67,84,103,108,108,106,103,54,77,19,9,10
0,2,6,4,12,66,100,57,32,49,22,70,56,59,69,86,100,100,64,12,14,27,13,13
0,0,6,9,30,48,73,100,60,38,50,14,53,58,62,73,65,55,44,43,14,27,22,7
1,1,10,5,9,7,50,65,63,74,35,12,33,32,32,30,32,36,36,11,13,13,13,23
7,10,12,12,12,11,40,51,56,52,40,18,23,14,29,13,20,26,13,14,14,10,12,9
0,7,9,11,10,11,51,65,60,11,54,10,9,33,31,43,51,15,35,27,23,14,10,6
11,1,7,0,4,13,54,71,52,9,5,9,7,13,11,14,54,44,15,12,8,10,11,9
5,0,1,0,6,23,53,50,22,14,0,10,5,29,14,51,41,51,24,6,2,1,11,11
0,0,1,0,0,3,2,8,9,13,8,9,10,10,11,26,62,53,43,13,12,6,9,9
7,7,0,0,0,0,0,5,4,1,4,0,4,9,12,28,42,50,28,11,11,10,11,3
3,0,0,0,0,4,0,8,0,0,0,6,9,10,12,16,49,52,51,12,12,14,10,1
0,0,0,0,4,4,7,6,4,1,4,6,11,14,12,13,49,52,51,25,12,8,10,5
0,0,0,0,0,5,0,1,9,10,5,0,12,21,5,15,27,53,40,56,38,10,11,2
0,0,0,0,0,6,0,0,5,8,12,11,9,11,12,15,50,42,66,66,55,14,10,10
0,0,0,0,7,6,3,12,13,8,10,9,4,11,8,11,18,52,56,62,58,14,12,15
3,0,0,0,3,12,13,13,10,4,10,11,11,1,7,15,22,35,53,58,61,12,14,13
2,0,0,2,6,10,2,5,8,8,13,8,6,9,2,0,0,9,13,53,24,19,12,7
0,0,2,2,4,7,9,12,11,10,11,9,11,7,0,0,1,13,18,22,36,8,9,9

3,0,3,0,0,0,0,0,1,8,0,0,9,21,38,38,5,0,0,0,0,0,7,0
6,0,0,0,0,0,2,0,0,6,10,8,54,64,101,62,14,0,0,7,0,0,6,0
9,0,7,4,2,3,8,8,0,5,6,60,101,105,73,64,19,7,0,7,0,0,0,1
6,5,14,5,0,3,1,0,0,0,1,8,54,51,69,36,9,9,13,0,0,0,0,8
0,0,13,8,0,0,0,1,0,0,11,1,37,60,69,61,58,32,22,28,9,0,0,2
0,0,9,10,10,11,14,4,4,27,49,54,81,135,195,198,146,100,56,22,12,6,0,0
3,0,5,11,7,6,6,4,3,12,58,85,160,272,367,365,201,159,102,57,21,11,0,0
0,0,0,0,0,3,0,1,11,52,68,117,157,226,315,308,238,180,124,71,36,6,1,0
0,0,0,0,0,0,0,0,7,58,75,123,167,203,229,208,218,175,130,77,11,8,1,0
0,0,0,0,2,0,10,9,30,72,111,153,180,199,170,197,211,197,128,77,14,12,0,0
33,17,8,1,8,7,39,65,78,87,111,112,116,108,144,210,228,205,143,86,53,0,3,7
54,30,14,6,46,59,63,108,118,111,97,67,57,113,167,225,245,220,156,105,58,11,2,0
30,43,62,84,100,94,108,116,111,102,76,57,89,122,151,198,230,181,155,115,58,26,0,0
39,60,100,100,69,62,100,101,57,58,66,73,81,121,151,185,193,186,169,121,67,25,14,0
27,68,62,13,9,32,11,8,0,2,7,41,92,110,142,161,165,174,151,111,106,53,6,4
7,9,9,4,0,0,0,0,10,10,11,53,66,102,117,142,148,155,131,113,100,52,19,0
10,10,1,9,6,7,5,0,4,10,11,48,61,60,70,99,112,127,126,103,75,104,54,9
6,21,28,32,29,29,32,32,30,35,46,41,43,60,79,132,151,144,120,111,85,61,43,15
0,15,52,67,74,75,93,78,59,73,96,76,55,57,78,134,156,164,172,183,140,83,48,13
0,13,61,81,79,95,75,118,123,112,127,134,120,101,109,126,206,258,254,226,173,98,57,13
2,14,42,70,67,64,96,103,104,108,141,156,170,163,196,197,236,313,316,268,210,107,57,13
0,12,60,97,114,114,82,80,110,129,151,186,194,243,307,285,273,276,252,208,153,99,42,28
0,6,57,81,109,110,81,60,89,111,144,167,195,250,310,346,318,315,239,187,140,82,31,13
0,0,31,90,78,104,109,69,60,107,112,130,159,194,250,311,310,300,242,181,131,100,50,11
0,0,12,83,91,106,106,87,101,101,103,110,124,143,179,244,250,230,190,151,120,47,12,8
2,0,9,36,92,103,106,104,54,100,79,85,101,107,123,146,162,154,140,123,91,22,50,11
7,0,0,9,47,104,109,73,14,26,37,62,68,85,103,108,108,106,103,55,78,19,9,10
0,2,6,4,12,66,100,57,32,50,22,70,56,60,69,87,101,100,65,12,14,27,13,13
0,0,6,9,30,48,72,100,60,38,50,14,53,58,63,72,66,55,44,43,14,28,22,7
1,1,10,5,9,7,50,65,63,73,35,12,33,32,32,30,32,36,35,11,13,13,13,23
7,10,12,12,12,11,40,51,56,52,40,18,23,14,29,13,20,26,13,14,14,10,12,9
0,7,9,11,10,11,51,65,60,11,54,10,9,30,30,43,51,15,35,27,23,14,10,6
11,1,7,0,4,13,54,71,52,9,5,9,7,14,11,14,54,44,16,12,8,10,11,9
5,0,0,0,6,22,53,50,22,14,0,10,5,29,14,51,41,51,23,6,2,1,11,11
0,0,1,0,0,3,2,8,9,13,8,9,10,9,11,26,62,53,43,13,12,6,9,9
7,7,0,0,0,0,0,5,4,1,4,0,4,9,12,28,43,50,28,11,11,10,11,3
3,0,0,0,0,4,0,8,0,0,0,6,9,10,12,16,48,52,51,12,12,14,10,1
0,0,0,0,4,4,7,6,4,1,4,6,11,14,12,13,50,52,51,25,12,8,10,5
0,0,0,0,0,5,0,1,9,10,5,0,12,21,5,17,26,53,40,56,37,10,11,2
0,0,0,0,0,6,0,0,5,8,12,11,9,11,12,17,50,42,66,66,55,14,10,10
0,0,0,0,7,6,4,12,13,8,10,9,3,11,8,11,18,52,56,62,58,14,12,15
3,0,0,0,3,12,13,13,10,4,10,11,11,1,7,15,22,35,53,58,61,12,14,13
2,0,0,2,6,10,2,5,8,8,13,8,6,9,2,0,0,9,13,53,24,19,12,7
0,0,2,2,4,7,9,12,11,10,11,9,11,7,0,0,1,13,18,22,36,8,9,9

3,0,3,0,0,0,0,0,1,8,0,0,9,24,38,38,5,0,0,0,0,0,7,0
6,0,0,0,0,0,2,0,0,6,10,8,53,64,101,61,14,0,0,7,0,0,6,0
9,0,6,3,2,3,8,8,0,5,6,61,101,105,73,63,19,7,0,6,0,0,0,1
6,5,14,5,0,3,1,0,0,0,1,8,54,51,68,37,9,9,13,0,0,0,0,8
0,0,13,8,0,0,0,0,0,0,11,1,40,60,69,61,58,31,22,28,9,0,0,1
0,0,9,10,10,11,14,4,4,26,49,54,81,134,194,198,146,100,56,22,12,6,0,0
3,0,5,11,7,6,7,4,3,12,58,84,160,273,366,365,201,158,103,57,21,11,0,0
0,0,0,0,0,3,0,1,10,51,68,116,156,226,314,307,238,180,124,71,36,6,1,0
0,0,0,0,0,0,0,0,7,58,75,123,167,203,229,208,218,175,131,77,11,8,1,0
0,0,0,0,2,0,10,9,30,72,110,153,180,199,169,197,211,197,129,77,14,12,0,0
33,18,8,1,8,7,41,65,78,87,111,112,116,108,144,210,229,207,144,87,53,0,3,7
54,32,15,6,48,59,63,108,118,111,97,67,57,112,165,224,245,221,157,106,58,11,2,0
31,44,62,85,100,94,109,116,111,102,76,57,90,121,151,198,230,182,156,116,58,27,0,0
40,60,100,100,69,63,100,101,58,58,67,73,80,120,151,185,193,186,170,121,67,25,14,0
26,68,61,13,9,31,11,8,0,2,7,41,92,109,142,161,165,175,151,111,106,53,6,4
7,9,9,4,0,0,0,0,10,10,11,53,65,102,117,142,148,155,131,113,100,52,18,0
10,10,1,9,6,7,5,0,4,10,11,48,61,60,70,98,112,127,126,103,76,104,53,9
6,21,28,32,29,29,32,32,30,35,46,41,42,60,79,132,152,144,120,112,86,61,43,15
0,15,52,67,73,75,93,78,59,72,97,76,55,57,78,134,156,164,173,183,141,83,48,13
0,13,61,80,78,94,75,118,123,112,127,133,120,100,109,126,206,258,254,226,174,98,57,13
2,14,43,70,67,64,96,103,104,108,141,155,170,163,197,197,236,313,316,270,210,107,57,13
0,12,59,97,114,114,81,80,110,129,151,186,193,243,306,285,273,276,251,208,153,99,42,28
0,6,57,81,109,110,81,60,89,111,143,167,195,250,309,346,318,315,240,187,140,82,31,13
0,0,32,91,78,104,109,70,60,106,112,130,159,193,250,312,310,300,242,182,131,100,50,11
0,0,12,82,92,106,106,87,101,101,103,110,124,142,179,244,250,230,190,152,120,47,12,8
2,0,9,35,91,103,106,104,53,96,79,85,101,107,123,146,162,154,140,123,91,23,50,11
7,0,0,9,45,104,109,75,14,25,36,62,67,83,103,108,108,106,103,54,78,20,9,10
0,2,6,4,12,66,100,57,31,49,22,70,56,60,70,86,100,100,65,12,14,27,13,13
0,0,6,9,30,48,72,100,60,38,50,14,53,58,63,73,65,56,45,43,14,27,22,7
1,1,10,5,9,7,50,65,63,75,35,12,33,32,32,30,32,36,36,11,13,13,13,23
7,10,12,12,12,11,40,51,56,52,40,18,23,14,28,13,20,26,13,14,14,10,12,9
0,7,9,11,10,11,51,65,61,11,54,10,9,33,31,44,51,15,35,27,23,14,10,6
11,1,7,0,4,13,54,71,52,9,5,9,7,14,11,14,54,44,16,12,8,10,11,9
5,0,1,0,6,22,53,49,22,14,0,10,5,29,14,51,42,51,23,7,2,1,11,11
0,0,1,0,0,3,3,8,9,13,8,9,10,10,11,26,62,53,43,13,12,6,9,9
7,7,0,0,0,0,0,5,4,1,4,0,5,9,12,29,42,50,29,11,11,10,11,3
3,0,0,0,0,4,0,8,0,0,0,6,9,10,12,17,50,52,51,12,12,14,10,1
0,0,0,0,4,4,7,6,4,1,4,6,11,14,12,13,50,52,51,26,12,8,10,5
0,0,0,0,0,5,0,1,9,10,5,0,12,21,4,15,27,53,40,56,38,10,11,3
0,0,0,0,0,6,0,0,5,8,12,11,9,11,12,17,50,42,65,66,55,14,10,10
0,0,0,0,7,6,4,12,13,8,10,9,3,11,8,11,19,52,56,62,58,14,12,15
3,0,0,0,3,12,13,13,10,4,10,11,11,1,7,15,23,35,53,58,61,12,14,13
2,0,0,2,6,10,2,5,8,8,13,8,6,9,2,0,0,9,13,53,24,20,12,7
0,0,2,2,4,7,9,12,11,10,11,9,11,7,0,0,1,13,18,22,36,8,9,9
3,55,61,11,0,5,10,8,47,81,111,148,97,59,13,4,0,0,0,0,0,0,0,0
11,86,63,12,5,0,11,24,62,109,103,133,102,64,36,0,0,0,0,0,0,0,0,3
13,73,58,9,5,0,12,24,62,93,128,128,114,73,51,14,13,33,14,11,10,3,0,4
14,78,68,14,6,12,11,5,56,73,100,105,110,108,82,56,35,73,58,50,12,12,4,0
51,68,57,42,24,13,5,8,12,54,53,104,80,82,57,91,106,138,175,118,73,52,0,0
56,66,54,29,29,9,8,16,12,16,18,56,61,90,110,137,184,392,397,182,118,69,42,12
61,80,57,45,10,1,4,9,10,10,12,56,99,139,149,164,165,170,164,143,139,102,54,11
62,61,66,44,14,0,11,15,51,14,36,59,114,159,175,171,169,128,132,125,111,100,61,4
73,65,46,5,8,13,28,11,3,50,56,80,121,163,198,195,148,100,75,82,81,88,70,51
28,52,46,39,15,14,5,9,51,56,63,81,141,186,208,204,142,97,57,14,59,70,62,52
8,13,12,12,12,10,22,32,12,51,65,70,113,186,221,215,164,98,65,10,12,54,55,52
12,10,12,14,12,3,11,27,46,54,59,68,101,155,208,236,166,90,69,54,0,0,53,67
10,12,15,13,23,23,13,8,44,82,103,102,102,136,175,195,160,114,93,80,10,0,14,67
3,0,0,6,8,0,10,17,37,93,103,107,116,131,143,150,146,123,103,63,40,0,13,68
5,9,0,27,11,10,13,13,9,70,89,108,108,106,98,122,136,107,70,59,64,0,1,62
46,34,57,35,76,33,59,33,17,63,54,71,71,74,84,121,126,89,108,97,74,0,0,37
109,111,120,106,106,120,110,92,79,70,66,80,56,56,51,70,112,115,112,109,79,1,1,20
72,84,114,123,136,136,149,167,178,141,150,167,181,164,121,127,130,101,110,84,45,12,6,10
78,68,101,131,137,125,146,169,181,173,179,240,264,302,310,286,239,181,141,111,64,10,0,5
55,81,117,142,128,110,130,153,179,195,222,275,320,367,364,340,282,177,127,82,14,12,9,8
100,119,119,142,115,64,97,115,149,177,192,218,259,301,304,360,292,180,74,38,24,23,11,16
60,93,94,105,101,51,45,48,67,94,126,145,193,283,312,292,232,142,103,50,10,7,6,10
17,78,119,107,89,54,71,80,64,69,107,107,137,166,171,159,146,106,48,27,28,18,9,10
11,69,125,117,104,76,88,39,30,59,101,103,104,111,113,110,104,104,55,23,12,6,7,5
13,34,84,104,57,43,13,81,86,75,84,100,84,102,101,102,86,26,55,13,10,5,6,12
12,16,95,102,102,24,90,67,80,52,65,27,84,100,101,101,95,29,11,13,11,9,10,9
6,24,35,105,78,13,80,59,68,48,14,52,53,59,66,77,56,13,12,9,12,5,9,5
7,12,55,66,55,90,76,76,47,45,11,35,27,52,38,43,26,20,11,10,8,7,9,10
8,14,31,51,58,56,69,68,14,10,11,39,49,59,54,31,50,52,11,4,14,12,10,7
9,12,39,56,56,54,42,14,25,13,32,28,51,60,55,17,12,22,27,1,5,8,10,5
10,27,50,59,57,20,14,11,14,21,19,32,49,59,40,23,21,23,31,12,11,10,9,6
12,30,32,32,24,13,12,10,7,11,13,28,55,84,12,12,13,14,13,5,3,4,0,0
10,19,13,7,10,10,9,8,4,12,3,50,53,51,36,10,5,6,4,0,0,9,5,7
9,12,5,0,7,11,9,6,7,13,8,14,52,51,47,9,9,8,7,7,1,7,1,3
9,9,3,7,11,11,6,0,8,13,10,13,29,48,46,10,0,0,0,8,0,0,0,0
0,4,9,3,6,4,0,1,13,12,12,0,13,51,14,10,3,0,0,0,0,0,0,6
0,7,8,11,11,0,0,3,10,12,13,14,40,50,11,3,0,5,2,0,0,0,0,0
2,1,5,8,12,0,0,7,6,13,11,14,28,40,11,6,10,7,8,4,0,0,0,0
4,7,5,8,10,7,9,5,11,11,24,30,44,38,14,12,2,0,0,0,0,0,0,0
11,6,6,12,8,14,13,13,5,8,13,50,53,30,33,9,2,0,6,0,0,0,0,0
10,4,1,11,11,11,13,7,0,12,13,51,52,50,14,20,10,0,0,6,0,0,0,0
9,11,10,13,6,8,6,12,13,13,50,70,60,51,14,12,12,11,7,0,0,0,1,5
0,10,13,9,8,7,0,0,10,27,51,99,68,54,40,11,7,4,10,3,0,0,3,6
7,8,0,11,12,5,9,6,12,14,56,100,77,60,58,12,12,10,6,6,4,6,0,6

3,55,61,11,0,5,10,8,47,82,111,148,97,59,13,3,0,0,0,0,0,0,0,0
11,85,63,12,5,0,11,24,62,109,104,133,102,64,36,0,0,0,0,0,0,0,0,3
13,74,58,9,6,0,12,24,62,94,128,128,114,73,51,14,13,34,14,11,10,3,0,4
14,79,68,14,6,12,11,5,56,73,100,105,110,108,82,56,35,72,57,50,12,12,4,0
51,68,56,42,25,14,6,8,12,54,53,104,79,82,58,92,106,138,175,119,73,52,0,0
56,66,55,29,30,9,8,16,12,16,18,55,61,90,111,138,185,390,396,182,118,69,43,12
61,80,57,45,11,1,5,10,10,10,12,56,98,139,149,166,166,170,164,143,139,103,54,11
62,62,66,45,14,0,12,16,51,14,38,59,113,158,175,172,170,129,132,125,111,100,61,4
74,65,47,5,8,13,29,11,3,50,55,79,120,162,198,196,149,101,75,82,81,87,71,51
29,52,46,39,16,14,5,9,51,56,63,79,138,184,207,205,143,98,57,15,59,70,62,52
8,13,12,12,12,10,25,33,12,51,65,69,110,182,218,214,165,98,65,10,12,54,55,52
12,10,12,14,12,2,12,27,45,54,59,67,99,151,206,237,168,90,69,54,0,0,53,67
10,11,13,13,22,23,13,8,43,81,102,102,101,135,175,196,160,114,94,81,10,0,14,67
2,0,0,4,8,0,10,17,24,87,103,107,116,131,144,152,146,124,103,63,43,0,13,68
5,9,0,21,11,9,14,13,9,68,90,108,108,106,98,122,136,107,70,60,65,0,1,62
36,23,53,20,67,20,48,15,13,63,54,71,71,74,84,121,126,89,108,98,75,0,0,37
106,105,113,100,97,115,105,87,76,68,65,79,56,56,50,70,112,115,112,109,80,2,1,20
71,84,111,117,132,134,147,165,175,138,146,162,178,164,121,127,131,102,110,84,46,13,6,10
78,65,97,127,137,125,146,169,182,175,179,237,261,302,311,287,239,182,142,111,64,11,0,5
56,78,113,137,124,111,131,154,181,198,225,276,320,367,365,340,283,178,127,82,14,12,9,8
102,118,116,138,111,63,100,116,151,179,194,219,261,301,305,361,294,181,74,38,24,23,11,16
63,93,92,104,96,50,45,48,68,96,126,145,193,283,311,291,231,142,103,50,9,7,6,10
33,80,118,105,86,54,71,81,66,71,107,107,137,166,171,159,145,106,47,27,28,18,9,10
12,73,125,115,104,75,87,30,24,58,101,103,104,111,113,110,104,104,55,24,12,6,7,5
14,38,87,103,54,38,14,83,83,75,84,100,81,102,101,101,85,24,54,13,10,4,6,12
12,22,100,101,102,16,88,67,77,50,67,24,81,100,101,101,93,27,11,13,11,9,10,9
6,28,43,105,68,12,76,56,65,47,13,50,53,60,66,78,55,13,12,9,12,5,9,5
7,13,60,67,53,85,72,75,43,44,11,35,34,52,37,43,26,21,11,10,8,7,9,10
8,14,33,51,57,54,67,61,13,9,11,42,50,59,53,30,49,52,11,4,14,12,10,7
9,12,41,56,55,54,40,20,26,11,30,37,52,60,55,16,11,21,27,1,5,8,10,5
10,28,51,59,56,19,14,11,13,20,20,32,50,59,39,22,20,23,30,12,11,10,9,6
12,30,32,32,23,12,11,10,7,11,13,32,56,84,12,12,13,14,12,5,3,4,0,0
10,19,13,7,10,10,9,8,5,12,3,50,53,51,34,10,5,6,4,0,0,9,5,7
9,12,5,0,7,11,9,6,7,13,8,15,53,51,46,8,8,8,7,7,1,7,1,3
9,9,2,6,11,11,6,0,8,13,10,13,31,47,45,9,0,0,0,9,0,0,0,0
0,3,9,3,6,4,0,1,13,12,12,0,14,51,14,10,3,0,0,0,0,0,0,6
0,7,8,11,11,0,0,4,10,13,13,14,41,50,11,3,0,5,2,0,0,0,0,0
3,1,5,7,12,0,0,8,7,13,11,14,28,38,11,6,10,8,8,4,0,0,0,0
4,7,5,8,10,7,9,5,11,11,24,30,45,38,14,12,2,0,0,0,0,0,0,0
11,6,6,12,8,14,13,13,5,8,13,50,53,30,34,9,2,0,6,0,0,0,0,0
10,4,1,11,11,11,13,7,0,12,14,51,52,50,14,20,10,0,0,6,0,0,0,0
9,11,10,13,6,8,6,11,13,13,50,70,60,51,14,12,12,11,7,0,0,0,1,5
0,10,13,9,8,8,0,0,10,27,51,99,67,54,41,11,7,4,10,3,0,0,3,6
7,8,0,11,12,5,9,7,13,14,56,100,77,60,57,12,12,10,6,6,4,6,0,6

3,55,61,11,0,5,10,8,47,81,111,149,98,59,14,3,0,0,0,0,0,0,0,0
11,86,63,12,5,0,11,24,62,109,103,133,102,64,37,0,0,0,0,0,0,0,0,3
13,74,58,9,6,0,12,24,62,93,128,128,114,73,51,14,13,37,14,11,10,3,0,4
14,79,68,14,6,12,12,5,56,73,100,105,110,108,82,56,35,73,57,50,12,12,4,0
51,68,56,42,25,14,6,8,13,54,53,103,79,82,57,92,106,138,176,119,73,52,0,0
56,66,54,29,29,9,8,16,12,16,17,55,60,90,111,138,185,391,396,183,118,69,43,12
61,80,57,45,11,1,5,10,10,10,12,56,98,139,150,166,166,170,164,143,139,103,54,11
62,61,66,44,14,0,12,15,51,14,37,59,113,159,177,173,170,128,131,125,111,100,61,4
73,64,46,5,8,13,29,11,3,50,55,79,119,162,199,197,149,101,75,82,81,88,70,51
28,52,45,39,15,14,5,9,51,56,63,79,136,183,207,204,143,98,57,15,59,70,62,52
8,13,12,12,12,10,25,33,12,51,64,69,109,180,217,214,164,98,65,10,12,54,55,52
11,10,12,14,12,2,11,25,44,53,58,67,98,150,205,237,167,90,69,53,0,0,53,67
10,11,13,12,22,22,12,7,40,80,102,102,100,135,177,198,161,114,94,80,10,0,14,67
2,0,0,4,8,0,10,16,20,86,103,107,116,132,145,154,146,124,104,63,46,0,13,68
4,8,0,20,11,9,13,13,9,68,90,108,109,107,99,123,137,107,71,60,65,0,1,62
34,22,52,19,67,19,47,14,13,63,54,73,71,74,85,122,127,90,108,98,75,0,0,41
106,104,113,100,96,115,104,87,76,68,64,79,56,56,50,70,112,116,112,110,81,2,1,20
70,84,110,116,131,133,146,164,173,138,146,162,179,165,121,127,130,101,111,85,46,13,6,10
77,64,96,126,137,126,146,169,182,174,180,237,261,302,311,287,239,182,142,111,64,11,0,5
55,78,113,137,123,111,131,154,181,198,225,277,319,367,364,340,283,179,127,82,14,12,9,8
102,117,115,137,109,63,100,116,151,180,194,220,261,301,305,361,293,181,74,38,24,23,11,17
63,93,91,104,95,50,45,48,68,96,127,146,193,282,309,290,231,142,103,51,10,7,6,10
34,80,117,105,85,54,71,81,67,73,107,107,137,165,170,158,145,105,47,27,28,18,9,10
12,73,125,115,104,75,87,30,24,59,101,103,104,111,113,110,104,104,55,23,12,6,8,5
14,38,87,103,57,39,14,83,81,75,84,100,81,101,101,101,86,24,54,13,10,5,6,12
12,22,100,101,102,17,90,67,77,51,67,27,81,100,101,101,93,29,11,13,11,9,10,9
6,29,44,106,69,12,76,55,64,47,14,50,51,58,65,76,54,13,12,9,12,5,9,5
7,13,61,67,54,85,71,73,42,44,11,29,41,52,36,43,26,20,11,10,9,7,9,10
8,14,34,51,58,53,66,61,12,9,11,38,46,59,53,30,49,52,11,4,14,12,10,7
9,12,42,56,55,55,40,20,25,12,29,35,52,60,55,16,12,21,27,1,5,8,10,5
10,28,51,58,56,20,14,11,13,20,19,30,49,59,39,23,20,23,31,12,11,10,9,6
12,30,32,32,23,12,11,10,7,11,13,25,55,84,12,12,13,14,13,5,3,4,1,0
10,19,13,7,10,10,9,8,5,12,3,50,53,51,36,10,5,6,4,0,0,9,5,7
9,12,5,0,7,11,9,6,7,13,8,14,52,51,46,9,9,8,7,7,1,7,1,3
9,9,2,6,11,11,6,0,8,13,10,13,29,47,47,10,0,0,0,8,0,0,0,0
0,3,8,3,6,4,0,1,13,12,12,0,13,51,14,10,3,0,0,0,0,0,0,6
0,7,8,11,11,0,0,4,10,13,13,14,40,50,11,3,0,5,2,0,0,0,0,0
3,1,5,7,13,0,0,8,7,13,11,14,28,40,11,6,10,8,8,4,0,0,0,0
4,6,5,8,10,7,9,5,11,11,24,30,44,39,14,12,2,0,0,0,0,0,0,0
11,6,6,12,8,14,14,13,5,9,13,50,53,30,33,9,2,0,6,0,0,0,0,0
10,4,1,11,11,11,13,7,0,13,14,51,52,50,14,20,11,1,0,6,0,0,0,0
9,11,10,13,6,8,6,12,13,13,51,70,59,51,14,13,13,11,7,0,0,0,1,6
0,10,13,9,8,8,0,0,10,27,51,98,67,55,44,11,8,4,10,3,0,0,3,6
7,8,0,11,12,5,9,7,13,14,56,100,78,60,58,12,12,10,6,6,4,6,0,6

3,55,61,11,0,5,10,8,46,81,111,149,98,59,13,4,0,0,0,0,0,0,0,0
11,86,63,12,5,0,11,23,62,109,103,133,103,64,37,0,0,0,0,0,0,0,0,3
13,73,58,9,6,0,12,23,61,93,128,128,114,73,51,14,13,34,14,11,10,3,0,4
14,78,68,14,6,12,11,5,56,73,100,104,109,108,82,56,35,73,58,50,12,12,4,0
51,68,56,42,25,14,6,8,12,54,53,103,78,81,57,92,106,138,176,119,73,52,0,0
56,66,54,29,29,9,9,16,12,16,17,55,59,90,111,138,186,392,396,183,119,69,44,12
61,80,57,45,11,1,5,10,10,10,12,55,97,139,151,168,167,170,164,143,139,103,54,11
62,61,65,43,14,0,12,15,51,14,36,59,113,159,178,175,171,128,131,125,111,100,61,4
72,64,43,5,8,13,28,11,3,50,55,78,119,162,201,198,150,100,75,81,81,87,70,51
27,51,43,38,15,14,5,9,51,56,63,77,134,182,207,205,143,98,56,15,59,70,62,52
8,13,12,12,12,10,25,32,11,51,64,68,106,177,216,214,164,97,64,10,12,54,55,52
11,10,12,14,12,2,11,23,43,53,57,66,96,148,205,238,167,89,68,53,0,0,53,67
9,11,13,12,21,21,12,7,39,79,102,102,100,135,179,200,162,114,94,80,10,0,14,68
2,0,0,4,8,0,9,15,20,86,103,107,116,133,147,156,147,124,104,63,47,0,13,68
4,9,0,20,11,9,14,13,8,68,90,108,109,108,100,124,138,108,71,60,66,0,1,62
35,22,52,19,66,20,47,14,13,62,54,72,72,74,86,122,128,90,108,99,76,0,0,39
107,105,113,100,96,115,103,87,76,68,64,79,56,56,51,71,112,116,112,110,81,2,1,20
71,85,110,116,130,132,145,162,172,137,146,163,179,164,121,126,130,101,111,86,47,13,6,10
78,64,96,125,136,125,145,167,180,172,177,237,261,302,310,285,239,183,142,111,64,11,0,5
56,78,113,137,123,111,131,153,179,195,222,275,319,365,363,338,283,179,127,82,14,12,9,8
103,118,115,137,109,62,99,117,151,178,193,220,260,300,303,359,293,181,74,38,24,23,11,16
63,93,91,104,94,50,45,48,68,97,128,146,194,281,308,289,231,142,103,50,9,7,6,10
35,80,117,105,85,54,71,82,67,75,108,107,137,164,168,157,145,106,48,27,28,18,9,10
12,73,125,115,104,75,87,29,25,59,101,103,104,111,113,110,104,104,55,24,12,6,8,5
14,39,86,103,61,39,14,81,81,76,84,100,82,102,101,102,86,24,55,13,10,4,6,12
12,20,100,101,102,20,89,64,73,46,67,27,84,100,101,101,93,29,11,13,11,9,10,9
6,28,42,105,72,13,74,54,59,43,14,48,51,60,68,76,54,13,12,9,12,5,9,5
7,13,60,67,55,85,70,71,41,41,11,35,44,52,38,43,25,21,11,10,9,7,9,10
8,14,33,51,58,54,66,59,13,9,11,34,42,58,53,31,49,52,11,4,14,12,10,7
9,12,41,56,55,55,40,20,26,12,30,32,51,60,55,17,12,21,27,1,5,8,10,5
10,28,51,58,56,19,15,12,13,20,17,28,48,59,40,24,21,23,32,12,11,10,9,6
12,30,32,32,23,12,11,10,7,11,13,19,55,85,12,12,13,14,13,5,3,4,1,0
10,19,13,7,10,10,9,8,5,12,2,50,53,51,36,10,6,6,4,0,0,9,5,7
9,12,5,0,7,11,9,6,7,13,8,14,52,51,48,10,10,9,7,7,1,7,1,3
9,9,2,6,11,11,6,0,8,13,10,12,28,47,48,11,0,0,0,8,0,0,0,0
0,3,9,3,6,4,0,1,13,12,12,0,13,51,17,11,3,0,0,0,0,0,0,6
0,7,8,11,11,0,0,4,10,12,13,14,40,50,12,4,0,5,2,0,0,0,0,0
3,1,5,7,12,0,0,8,7,13,11,14,30,41,11,6,10,8,8,4,0,0,0,0
4,6,5,8,10,7,9,5,11,11,24,30,45,40,14,12,3,0,0,0,0,0,0,0
11,6,6,12,8,14,14,13,5,9,13,50,53,31,35,9,2,0,6,0,0,0,0,0
10,4,1,11,11,11,13,7,0,13,14,51,52,50,14,21,11,1,0,6,0,0,0,0
9,11,10,13,6,8,6,12,13,13,51,70,59,51,15,13,13,11,7,0,0,0,1,5
0,10,13,9,8,8,0,0,10,27,51,98,67,55,47,12,8,4,10,3,0,0,3,6
7,8,0,11,12,6,9,7,13,14,56,100,79,61,59,13,12,10,6,6,4,6,0,6

3,55,61,11,0,5,10,8,46,81,111,149,98,59,14,4,0,0,0,0,0,0,0,0
11,85,63,12,5,0,11,24,62,109,103,133,103,64,36,0,0,0,0,0,0,0,0,3
13,73,58,9,6,0,12,23,62,93,128,128,114,73,51,14,13,34,14,11,10,3,0,4
14,78,68,13,6,12,11,5,56,73,100,104,109,108,82,56,35,73,58,50,12,12,4,0
51,68,56,41,24,13,6,8,12,54,53,103,79,81,57,92,106,138,175,118,73,52,0,0
56,66,54,29,29,9,8,15,12,16,17,55,60,90,111,138,187,395,395,182,118,69,43,12
61,80,57,45,10,1,4,10,10,10,12,56,98,140,151,167,166,170,164,143,139,102,54,11
62,61,66,43,14,0,11,15,51,14,37,59,114,160,178,174,170,128,131,125,111,100,61,4
72,64,44,5,8,13,27,11,3,50,55,79,120,164,202,197,149,100,75,81,81,88,70,51
27,52,44,38,14,14,5,9,51,56,63,78,137,185,209,205,142,97,56,15,59,70,62,52
8,13,11,12,12,10,23,32,11,50,64,69,110,181,219,214,163,97,64,10,12,54,55,52
11,10,12,14,12,2,11,23,43,53,58,66,97,150,208,238,166,89,69,53,0,0,53,67
9,11,13,12,21,20,12,7,38,79,102,102,100,136,179,199,161,114,94,80,10,0,14,67
2,0,0,4,8,0,9,14,22,83,103,107,116,133,147,156,147,124,104,64,47,0,13,68
4,9,0,21,11,9,13,13,8,66,90,108,109,108,100,124,138,108,71,60,66,0,1,62
36,23,52,22,68,20,49,14,13,62,53,72,72,74,86,122,128,90,108,99,77,0,0,40
107,106,114,100,97,115,104,87,76,68,64,77,56,55,51,71,112,116,112,110,81,2,1,21
72,85,110,115,128,130,143,160,170,135,144,160,176,162,121,127,130,101,111,86,47,13,6,10
78,65,96,125,136,124,143,164,177,167,173,233,259,300,309,286,239,182,142,111,64,11,0,5
56,79,113,137,123,111,130,152,177,191,217,271,318,365,362,338,282,178,127,82,14,12,9,8
103,118,115,137,109,62,100,117,150,176,191,218,260,300,302,358,293,182,75,38,24,23,11,16
63,93,91,104,94,50,45,47,68,97,127,147,195,283,309,290,234,144,103,51,10,7,6,10
34,80,117,105,85,54,71,81,67,75,108,107,137,164,167,157,146,107,49,28,28,19,9,10
12,72,124,115,104,75,85,27,25,58,101,103,104,111,113,110,105,104,56,25,12,6,8,5
14,38,84,103,63,38,13,79,76,71,84,100,82,101,101,101,85,26,54,13,10,4,6,12
12,18,96,101,102,21,89,62,71,41,64,27,81,100,101,101,93,29,12,13,11,9,10,9
6,27,40,105,73,13,75,53,56,43,13,50,50,60,69,77,55,13,12,9,12,5,9,5
7,13,58,66,56,85,67,68,37,40,11,36,47,54,38,43,26,20,11,10,9,7,9,10
8,14,31,51,58,54,67,57,12,9,10,37,47,59,54,31,49,51,11,4,14,12,10,7
9,12,41,56,55,55,40,19,25,12,30,35,52,61,56,17,12,21,27,1,5,8,10,5
10,28,51,58,56,15,14,12,13,19,20,32,50,59,40,23,20,23,31,12,11,10,9,6
12,30,31,31,22,12,11,10,7,11,14,33,56,86,12,12,13,14,12,5,3,4,0,0
10,18,13,7,10,10,9,8,4,12,2,50,54,52,35,10,5,6,4,0,0,9,5,7
9,12,5,0,7,11,9,6,7,13,8,16,53,52,47,10,10,9,7,7,1,7,1,3
10,9,2,6,11,11,6,0,8,13,10,13,33,49,48,10,0,0,0,9,0,0,0,0
0,4,9,3,6,4,0,1,13,12,12,0,14,51,17,10,4,0,0,0,0,0,0,6
0,7,8,11,11,0,0,4,10,13,13,14,44,50,12,4,0,5,2,0,0,0,0,0
3,1,5,7,12,0,0,8,7,13,11,14,31,41,11,6,10,8,8,4,0,0,0,0
4,6,5,8,10,8,9,5,11,11,25,31,46,41,14,12,3,0,0,0,0,0,0,0
11,6,6,12,8,14,14,14,5,9,13,51,54,31,34,9,2,0,6,0,0,0,0,0
10,4,1,11,11,11,13,8,0,13,14,51,52,50,14,21,11,2,0,6,0,0,0,0
9,11,10,13,6,8,7,12,14,13,51,70,60,51,14,13,13,11,8,0,0,0,1,5
0,10,13,9,8,8,0,0,10,27,51,98,68,55,46,12,8,4,10,3,0,0,3,6
7,8,0,11,12,6,9,7,13,14,55,100,79,61,59,12,12,10,6,6,4,6,0,6

2,55,60,10,0,5,10,8,47,82,112,150,98,59,13,4,0,0,0,0,0,0,0,0
11,83,61,12,5,0,11,24,62,109,104,134,102,64,37,0,0,0,0,0,0,0,0,3
13,72,58,9,6,0,12,24,62,94,129,128,114,73,51,17,14,34,14,11,10,3,0,4
14,78,68,13,6,12,11,5,56,74,100,105,110,108,82,55,34,72,57,50,12,12,4,0
51,68,56,41,24,13,5,8,12,54,54,103,79,81,57,91,106,138,174,118,73,52,0,0
56,66,54,29,29,9,8,15,12,16,18,56,61,90,111,138,186,394,394,181,118,69,42,12
61,80,57,45,10,1,4,9,10,10,12,56,99,140,151,166,166,170,163,143,138,102,54,11
62,61,66,45,14,0,12,14,51,14,37,59,115,161,177,172,169,127,131,125,111,100,60,4
74,65,49,5,8,13,27,10,3,50,55,79,121,165,201,196,148,100,75,81,81,87,70,51
29,52,46,39,15,14,5,8,51,56,63,80,140,187,210,204,141,97,56,15,59,70,62,52
8,13,11,12,12,10,22,30,11,50,65,70,113,186,222,213,162,97,64,10,12,54,55,52
11,10,12,14,12,2,11,23,43,53,59,67,100,155,209,236,165,89,69,53,0,0,53,67
9,11,13,12,20,19,11,7,37,79,102,102,101,137,178,197,160,114,94,81,10,0,15,68
2,0,0,4,8,0,9,14,19,83,103,107,116,133,146,154,147,124,104,63,44,0,13,68
4,9,0,21,11,9,13,13,8,66,90,108,108,107,99,123,137,107,71,60,66,0,1,62
37,24,52,24,68,21,50,14,13,62,53,71,71,74,85,121,127,90,108,98,75,0,0,40
108,107,115,101,98,115,104,88,76,68,64,75,56,55,51,70,112,116,112,109,81,2,1,20
73,86,110,115,128,129,141,158,167,132,143,159,175,161,120,126,128,100,109,84,46,12,6,10
78,65,97,125,136,123,142,162,174,162,169,232,258,299,308,284,238,180,141,111,63,10,0,5
56,79,114,137,123,110,130,151,174,189,214,269,318,367,364,340,282,178,127,82,14,12,9,8
102,118,115,137,108,62,99,117,149,176,191,218,262,303,306,361,296,183,75,39,24,23,11,16
62,92,90,104,94,50,45,47,68,98,128,148,197,289,315,295,237,145,104,51,10,7,6,10
30,79,116,105,85,53,71,81,66,76,108,108,139,167,170,160,148,107,49,28,29,19,9,10
11,71,123,114,104,75,84,26,25,59,101,103,105,112,114,111,105,104,56,25,12,6,8,5
14,36,82,103,65,37,13,77,76,70,83,100,82,101,101,102,85,27,54,13,10,4,6,12
12,15,91,101,102,21,88,61,65,41,63,24,80,100,102,101,93,29,12,13,11,9,10,9
6,26,35,105,75,13,72,52,51,37,13,48,50,60,71,77,55,13,12,9,12,5,9,5
7,12,54,64,56,85,67,65,35,40,11,39,50,55,40,43,26,20,11,10,8,7,9,10
8,13,25,50,57,55,68,57,11,8,10,40,50,60,54,29,50,51,11,4,14,12,10,7
9,11,38,56,55,55,42,19,25,12,29,30,54,62,56,15,11,22,25,1,6,8,10,5
10,26,50,57,56,15,14,13,13,20,25,38,51,60,40,22,20,22,29,12,11,9,9,6
12,29,30,31,22,12,11,10,7,11,14,46,56,87,12,12,13,14,12,5,3,4,0,0
9,16,12,6,10,10,9,8,4,12,3,51,55,52,34,10,5,6,4,0,0,9,5,7
8,12,5,0,7,12,9,6,6,13,7,22,54,52,46,8,9,8,7,7,1,6,1,3
10,9,3,6,11,11,6,0,8,13,11,14,36,50,46,9,0,0,1,9,0,0,0,0
0,4,9,2,6,4,0,1,13,12,12,0,21,52,16,10,3,0,0,0,0,0,0,6
0,7,8,11,11,0,0,4,9,13,14,15,46,51,12,3,0,5,2,0,0,0,0,0
3,1,5,8,12,0,0,8,7,13,11,14,34,41,11,6,10,8,8,4,0,0,0,0
4,6,5,8,10,8,9,5,11,12,26,31,47,41,14,12,3,0,0,0,0,0,0,0
11,6,6,12,8,14,14,14,5,9,13,51,54,31,34,9,2,0,6,0,0,0,0,0
10,4,1,11,11,11,13,8,0,13,14,51,52,50,14,20,11,2,0,6,0,0,0,0
9,11,10,13,6,8,7,12,13,13,51,69,60,51,14,13,13,11,7,0,0,0,1,6
0,10,13,9,8,8,0,0,10,27,51,97,68,55,46,12,8,4,10,3,0,0,3,6
7,9,0,11,12,6,9,7,13,14,55,99,79,60,58,12,12,10,6,6,4,6,0,6

2,54,60,10,0,5,10,9,48,83,112,150,98,59,13,4,0,0,0,0,0,0,0,0
11,83,61,12,5,0,11,25,63,110,104,133,103,64,37,0,0,0,0,0,0,0,0,3
13,73,57,8,5,0,12,24,62,94,129,128,114,74,51,14,13,33,14,11,10,3,0,4
14,78,68,13,6,12,10,5,56,74,101,105,110,108,82,55,35,72,57,50,11,12,4,0
51,68,56,41,24,13,5,7,12,54,54,104,80,82,59,93,106,138,174,118,73,52,0,0
57,66,54,29,30,9,8,15,12,17,18,56,63,93,114,139,186,386,388,179,117,68,42,12
62,81,57,45,11,0,4,10,10,10,13,59,103,145,154,168,165,168,162,141,138,102,54,11
64,62,66,48,14,0,12,18,51,15,39,61,117,165,181,173,169,127,131,124,110,100,60,4
81,66,49,6,9,14,29,11,3,51,56,82,125,169,204,196,147,99,75,81,81,87,70,51
33,52,46,40,18,16,5,9,51,56,64,83,146,192,212,204,140,96,56,14,59,70,62,51
8,13,11,12,12,9,24,31,11,51,66,73,118,192,224,212,161,96,64,9,12,54,55,52
11,10,12,13,13,2,11,23,41,53,60,69,105,160,211,233,163,89,68,52,0,0,53,66
9,10,11,12,21,17,11,6,36,79,102,104,105,139,179,195,159,113,92,79,10,0,16,67
2,0,0,3,8,0,9,21,12,66,104,109,119,135,146,152,146,123,103,62,34,0,13,68
4,8,0,18,10,9,13,12,6,64,92,110,110,108,99,123,137,107,70,59,60,0,2,62
29,18,51,20,66,23,50,14,13,62,16,67,72,74,84,121,126,89,107,95,71,0,0,42
104,103,113,97,95,114,102,87,75,68,66,74,56,56,51,70,111,115,111,108,73,1,2,23
63,78,103,110,122,123,134,149,159,127,139,156,172,157,117,123,127,98,107,78,41,12,7,10
75,63,95,123,134,121,138,156,168,155,161,224,251,297,312,291,240,178,138,108,55,10,0,6
55,77,113,137,122,110,130,150,172,184,207,264,318,368,368,348,287,177,125,76,13,12,9,8
101,117,115,137,108,60,98,118,151,177,192,219,265,310,314,368,300,181,73,36,25,23,12,16
60,89,89,104,94,50,45,47,71,103,132,153,204,305,330,301,233,140,101,50,10,8,7,10
24,76,115,105,85,53,70,81,68,85,110,111,145,177,175,158,144,104,45,28,30,20,9,10
11,69,121,114,104,74,83,26,27,62,101,103,106,114,115,111,104,103,54,24,12,6,8,5
13,35,80,103,70,38,13,77,77,67,84,100,88,102,101,102,85,26,52,14,10,5,6,12
12,14,89,101,103,27,87,62,65,45,63,30,84,100,102,101,92,27,11,13,11,9,10,9
5,26,32,105,87,16,72,54,48,35,12,44,54,61,72,77,56,13,12,10,12,5,9,5
7,12,54,66,61,91,72,65,28,36,9,50,64,58,41,43,26,18,11,11,8,6,9,10
9,13,30,52,59,58,73,61,10,7,11,50,53,61,53,27,49,51,11,4,14,12,10,7
9,12,41,57,56,56,45,22,24,11,32,50,56,61,54,14,11,21,23,2,5,8,10,5
11,28,51,58,56,15,16,14,12,17,35,51,52,58,37,21,18,20,24,13,11,9,9,7
12,31,30,31,22,12,11,11,6,11,31,53,58,80,11,11,12,14,11,5,3,3,0,0
9,17,12,7,10,10,10,7,2,11,7,54,56,50,24,10,5,6,4,0,0,9,5,7
9,12,6,0,7,12,9,7,0,13,10,42,57,51,41,6,8,8,7,7,2,6,0,3
10,9,4,6,11,11,6,1,9,13,12,17,46,47,32,7,0,0,1,9,2,0,0,0
0,4,9,2,6,6,0,0,12,13,13,5,50,51,11,8,1,0,0,1,0,0,0,6
0,7,8,11,11,0,0,4,9,13,14,24,50,50,8,0,0,6,3,0,0,0,0,0
3,1,5,8,12,0,0,8,6,14,12,27,39,37,10,5,10,8,8,4,0,0,0,0
4,6,5,8,10,7,8,4,12,12,29,34,50,36,14,12,2,0,0,0,0,0,0,0
11,6,5,12,8,14,13,14,5,10,14,52,55,29,32,8,2,0,6,0,0,0,0,0
9,4,1,11,11,11,13,8,0,13,14,52,52,50,14,18,11,2,0,6,0,0,0,0
9,11,10,13,5,8,7,12,13,13,51,69,60,51,13,12,12,11,8,0,0,0,1,6
0,10,13,8,8,8,0,0,10,27,51,97,68,54,36,10,5,2,10,3,0,0,4,6
7,9,0,11,12,6,9,7,13,14,55,99,77,58,55,11,11,10,6,6,4,6,0,6

3,56,61,11,0,5,10,11,51,86,113,152,99,59,14,4,0,0,0,0,0,0,0,0
11,87,62,12,5,0,11,26,64,110,104,133,102,64,37,1,0,0,0,0,0,0,0,3
13,76,58,8,5,0,12,24,62,95,129,128,114,73,51,15,13,31,14,11,9,3,0,4
16,80,68,13,6,12,10,5,57,74,100,105,109,108,81,55,33,72,57,50,11,12,4,0
52,69,56,41,24,13,6,8,12,54,54,104,79,82,59,93,106,138,174,118,73,52,0,0
59,67,54,29,30,9,8,16,12,18,18,55,65,94,114,138,184,378,381,176,116,68,39,12
64,81,57,45,11,1,5,10,10,11,13,61,104,146,154,167,164,166,160,140,136,101,53,11
68,63,66,46,15,0,12,21,52,18,44,61,118,166,181,173,168,126,130,123,110,99,60,4
88,67,44,6,9,14,29,11,3,51,57,83,127,170,204,196,146,99,74,80,80,86,69,50
37,52,48,41,19,17,4,9,52,57,65,86,149,193,212,203,139,95,55,14,59,70,62,51
8,13,11,12,12,9,25,29,10,51,66,76,121,194,224,210,159,95,64,9,12,54,55,51
11,10,12,13,13,2,11,19,39,52,61,71,107,162,211,232,162,88,68,51,0,0,53,66
9,10,10,12,21,15,12,6,32,80,103,105,107,140,179,194,158,113,91,78,10,0,19,67
1,0,0,2,7,0,9,21,10,56,105,110,120,135,146,152,145,123,103,61,30,0,13,68
3,7,0,18,10,9,13,12,5,62,95,111,110,108,99,123,136,106,70,58,58,0,2,62
26,16,50,19,66,24,50,14,13,62,13,66,72,73,84,120,126,88,107,94,69,0,0,41
103,103,112,96,94,113,102,86,75,68,66,73,56,55,51,70,110,114,111,107,72,1,2,23
60,77,100,108,120,121,132,148,157,126,138,154,169,154,116,122,126,98,106,77,40,12,7,10
74,62,95,123,134,121,137,155,167,154,159,222,249,296,312,292,241,178,137,108,53,10,0,6
55,77,112,137,122,110,130,149,171,184,207,262,318,369,369,350,288,177,125,75,13,12,9,9
100,116,114,136,108,61,99,118,152,178,192,220,266,311,316,370,301,183,74,36,25,24,12,17
59,88,88,104,95,50,45,47,72,103,132,153,205,307,334,305,236,141,100,50,10,8,7,10
23,76,115,105,85,54,70,81,68,86,111,111,146,180,176,160,145,105,45,28,30,20,9,10
11,69,121,114,104,74,83,29,29,62,101,103,106,115,116,111,105,103,55,24,12,6,8,5
13,34,79,103,71,40,13,77,79,69,84,100,88,102,101,102,84,26,52,13,10,5,6,12
12,14,87,101,103,30,88,62,71,46,63,31,85,100,102,101,93,29,11,13,11,9,10,9
5,25,31,105,88,22,73,57,53,38,13,47,54,62,72,78,55,13,12,10,12,5,9,5
7,12,54,66,61,93,72,67,33,37,10,50,65,61,42,43,26,20,11,11,8,6,9,10
9,13,30,52,59,58,74,63,11,7,12,51,53,61,53,28,49,51,11,4,14,12,10,7
9,12,41,57,56,56,45,23,25,11,33,50,56,61,55,14,11,21,23,2,5,8,10,5
11,29,51,58,56,16,17,15,12,16,36,52,52,58,37,21,17,20,24,13,11,9,9,7
12,31,30,31,23,12,11,11,6,11,31,53,58,82,11,11,12,14,11,5,3,3,0,0
10,17,12,7,10,10,10,7,2,11,8,54,56,51,25,10,5,6,4,0,0,8,5,7
9,13,6,0,8,12,9,7,0,13,11,41,57,51,42,6,8,9,7,7,2,6,0,3
10,9,4,6,11,11,6,1,9,13,12,16,47,47,35,7,0,0,1,9,1,0,0,0
0,4,9,3,6,6,0,0,12,13,13,5,50,51,11,8,2,0,0,1,0,0,0,6
0,8,8,11,11,0,0,4,9,13,14,26,50,50,8,0,0,6,3,0,0,0,0,0
3,2,5,8,12,0,0,8,6,13,12,25,40,37,11,5,10,8,8,4,0,0,0,0
4,6,5,8,10,7,8,4,12,12,30,34,50,36,14,12,2,0,0,0,0,0,0,0
11,6,6,12,8,14,13,14,5,10,14,52,56,30,32,8,2,0,6,0,0,0,0,0
10,4,1,11,11,11,13,9,0,14,14,52,52,50,14,18,11,2,0,6,0,0,0,0
9,11,10,13,5,8,7,13,14,14,51,70,60,51,13,12,12,11,8,0,0,0,1,6
0,10,13,8,8,8,0,0,10,27,51,97,68,54,37,10,5,2,10,3,0,0,4,6
7,9,0,11,12,6,9,7,13,14,55,99,77,58,55,11,11,10,6,6,4,6,0,6

3,56,61,11,0,5,10,11,51,86,113,152,99,59,14,4,0,0,0,0,0,0,0,0
11,87,62,12,5,0,12,27,65,111,105,133,102,64,37,1,0,0,0,0,0,0,0,4
13,76,58,9,6,0,12,24,62,95,129,128,114,73,51,16,14,31,14,11,9,3,0,4
16,80,68,13,6,12,10,6,56,74,100,105,109,108,81,55,34,72,57,50,11,12,4,0
52,69,56,42,25,13,6,8,12,54,54,104,78,82,60,95,106,138,173,117,72,52,0,0
59,67,54,29,30,9,8,16,12,18,18,55,65,95,115,140,185,376,377,175,116,68,39,12
64,82,57,45,11,1,5,10,10,11,13,62,105,147,156,169,164,165,159,140,136,101,53,11
68,63,66,47,14,0,12,21,52,19,44,62,119,167,183,175,168,125,129,123,109,99,60,4
88,67,44,6,9,14,30,11,3,51,57,82,126,171,205,197,146,98,74,80,80,86,69,50
37,52,48,41,19,15,4,9,51,56,64,84,146,192,212,203,139,94,55,14,59,69,62,51
8,13,11,12,12,9,23,28,10,51,66,75,119,191,223,210,159,94,63,8,12,54,55,51
11,10,12,13,13,2,11,19,38,52,61,71,106,160,211,233,162,87,67,50,0,0,53,66
9,10,10,12,20,14,11,6,32,80,103,105,108,141,181,197,158,113,91,76,10,0,19,67
1,0,0,2,7,0,9,21,9,58,106,111,121,137,148,154,146,123,102,61,29,0,13,68
3,7,0,17,10,9,13,12,5,63,97,112,111,109,101,124,137,106,69,58,57,0,2,62
26,16,50,19,66,24,50,14,13,62,13,67,73,74,84,121,126,88,107,94,68,0,0,41
103,102,112,96,93,113,101,86,75,68,67,73,56,55,51,70,110,114,110,107,71,1,1,23
59,76,100,108,119,121,132,147,156,126,138,155,171,155,115,120,125,96,105,76,40,12,6,10
74,62,94,122,134,120,137,155,167,153,159,223,249,296,312,292,240,177,137,108,52,10,0,6
55,77,112,137,122,110,130,149,171,184,206,262,317,369,369,350,288,176,125,74,13,12,9,8
100,116,114,137,108,61,99,118,152,178,193,220,265,310,315,369,301,182,74,36,26,24,12,17
59,88,88,104,95,50,45,47,72,104,132,154,205,307,334,305,235,140,100,49,10,7,7,10
22,76,115,105,86,54,70,82,69,87,111,111,147,180,176,160,144,104,45,28,30,20,9,10
11,69,121,114,104,75,84,30,30,62,101,103,106,115,116,111,105,103,55,24,12,6,8,5
13,34,79,103,72,40,13,77,80,70,83,101,89,102,101,102,85,24,53,13,10,5,6,12
12,14,88,101,103,31,88,62,71,46,63,30,88,100,102,101,92,27,11,13,11,9,10,9
5,25,31,105,89,23,74,57,53,37,13,44,55,61,75,78,56,13,12,10,12,5,9,5
7,12,54,66,61,94,72,67,31,40,10,50,65,62,42,43,26,18,11,11,8,6,9,10
9,13,30,52,59,58,75,64,11,8,13,51,53,61,53,30,49,51,11,4,14,12,10,7
9,12,41,57,56,56,45,23,25,11,34,51,57,61,55,15,11,22,22,2,5,8,10,5
11,28,51,58,56,15,17,16,12,16,37,52,52,58,37,21,17,20,23,13,11,9,9,7
12,30,30,31,23,12,11,11,6,11,36,54,58,83,11,11,12,14,11,5,3,3,0,0
10,16,12,7,10,10,10,7,2,10,9,54,56,51,25,10,5,6,4,0,0,8,5,7
9,12,6,0,8,12,9,7,0,13,11,42,56,51,42,6,8,9,7,7,2,6,0,3
10,9,4,6,11,11,6,1,9,13,12,17,48,48,34,7,0,0,2,9,1,0,0,0
0,4,9,3,6,6,0,0,12,13,13,6,51,52,11,8,2,0,0,2,0,0,0,6
0,8,8,11,11,0,0,4,9,13,14,23,50,50,8,0,0,6,3,0,0,0,0,0
3,1,5,8,12,0,0,8,6,14,12,27,40,37,11,5,10,8,8,4,0,0,0,0
4,6,5,8,10,7,8,4,12,13,31,35,50,38,14,12,2,0,0,0,0,0,0,0
11,6,6,12,8,13,13,14,5,10,14,52,55,30,32,8,2,0,6,0,0,0,0,0
10,4,1,11,12,11,13,9,0,14,14,52,52,50,14,18,11,2,0,6,0,0,0,0
9,11,10,13,5,8,7,12,14,14,51,70,60,51,13,12,12,11,8,0,0,0,1,6
0,10,13,8,8,8,0,0,10,27,51,97,68,54,36,10,5,2,10,3,0,1,4,6
7,9,0,11,12,7,10,7,13,14,55,98,77,58,55,11,11,9,6,6,4,6,0,6

3,56,61,11,0,5,10,11,51,86,113,152,99,59,14,4,0,0,0,0,0,0,0,0
12,87,62,12,5,0,12,27,65,110,104,133,103,64,37,1,0,0,0,0,0,0,0,3
13,76,58,9,6,0,12,25,63,95,129,128,114,73,51,14,13,31,14,11,9,3,0,4
17,80,68,13,7,12,11,6,57,74,100,104,109,107,81,55,33,73,57,50,11,11,4,0
52,69,56,41,25,13,6,8,12,54,54,103,78,81,60,95,106,138,173,117,72,51,0,0
59,67,54,29,30,9,8,17,12,18,18,54,65,94,115,140,185,377,376,174,116,68,39,11
64,81,57,45,11,1,6,10,10,11,13,62,105,147,157,169,165,165,159,139,135,100,53,11
68,63,66,46,15,0,12,21,52,18,44,62,119,167,185,176,168,125,129,123,109,98,60,4
88,67,41,6,9,14,30,11,3,51,57,83,126,171,207,198,146,98,74,79,79,86,69,50
37,51,46,41,19,16,4,9,51,56,64,84,146,192,213,203,138,94,55,14,59,69,62,51
8,13,11,12,12,9,26,30,10,51,66,74,118,191,222,209,158,93,63,8,12,54,55,51
11,9,12,13,13,2,11,19,37,52,61,70,105,159,212,234,161,87,67,46,0,0,53,66
9,10,10,12,20,14,11,6,31,79,103,105,108,142,183,198,159,113,90,76,10,0,20,67
1,0,0,1,7,0,9,22,8,59,106,112,122,139,151,157,147,123,103,61,29,0,13,68
3,7,0,17,10,9,13,12,5,67,99,113,112,111,103,125,137,107,70,58,58,0,2,63
25,16,50,19,66,24,51,15,13,63,14,68,74,75,85,122,127,89,107,94,69,0,0,42
103,102,112,96,93,113,101,86,75,69,67,75,56,56,51,70,110,114,110,107,71,1,1,23
58,76,99,107,119,120,131,147,156,127,140,157,173,156,114,118,123,95,105,76,39,11,6,10
74,62,94,122,133,120,137,154,167,153,160,224,250,297,312,291,240,176,136,108,51,9,0,6
55,77,112,136,121,110,130,149,171,184,207,262,317,368,368,349,288,176,125,73,13,12,9,9
100,116,114,136,108,60,99,118,153,178,193,219,265,309,314,369,300,182,73,35,25,23,11,17
59,88,88,104,95,50,45,47,73,105,132,155,206,305,333,303,233,139,100,49,10,7,7,10
22,76,115,105,86,54,70,81,70,88,111,112,148,180,176,158,143,104,44,27,29,20,9,10
11,69,121,114,104,75,82,33,30,62,101,103,106,115,116,111,104,103,53,23,12,6,8,5
13,34,79,103,72,41,13,78,80,69,84,100,88,102,101,102,84,24,53,13,10,5,6,12
12,14,88,101,103,32,90,63,71,47,63,31,89,100,102,101,93,27,11,13,11,9,10,9
5,25,31,105,89,26,73,58,53,36,13,44,56,63,74,78,55,13,12,10,12,5,9,5
7,12,54,66,61,94,72,67,33,38,10,50,66,62,41,43,26,18,11,11,8,6,9,10
9,13,30,52,59,58,75,64,11,8,14,52,54,61,53,25,46,51,11,4,14,12,10,7
9,12,41,57,56,56,46,23,25,12,35,51,57,61,54,15,11,21,22,2,5,8,10,5
11,28,51,58,57,15,17,17,12,17,39,52,52,58,37,21,17,20,22,13,11,9,9,7
12,31,31,31,23,12,11,11,7,11,37,54,58,81,10,11,12,13,11,6,3,3,0,0
10,17,12,7,10,10,10,7,3,10,10,55,56,51,23,10,5,6,4,0,0,8,4,7
9,13,6,0,7,12,9,7,0,14,12,46,57,51,41,6,8,9,8,7,1,6,0,3
10,9,4,6,11,11,6,1,8,13,13,21,49,48,33,7,0,0,2,10,2,0,0,0
0,4,9,3,6,6,0,0,12,13,13,7,51,51,11,8,2,0,0,2,0,0,0,6
0,8,8,11,11,0,0,4,9,13,14,26,50,50,8,0,0,6,3,0,0,0,0,0
3,2,5,8,12,0,0,8,6,14,12,29,41,37,11,5,10,8,8,4,0,0,0,0
4,6,5,8,10,7,8,5,12,13,31,35,50,36,14,12,2,0,0,0,0,0,0,0
11,6,5,12,8,13,13,14,6,10,16,52,56,30,32,8,2,0,6,0,0,0,0,0
9,4,1,11,12,11,14,9,1,14,14,52,52,50,13,18,11,2,0,6,0,0,0,0
9,11,10,13,5,8,7,13,14,14,51,69,60,51,13,12,12,11,8,0,0,0,2,6
0,10,13,8,8,8,0,0,11,27,51,97,68,54,36,10,4,2,10,3,0,1,4,6
7,9,0,11,13,7,10,7,13,14,55,99,77,58,54,11,11,9,6,6,4,7,0,6

3,56,61,11,0,5,10,11,51,85,113,152,100,59,14,4,0,0,0,0,0,0,0,0
12,87,63,12,5,0,12,27,65,110,105,133,103,64,37,1,0,0,0,0,0,0,0,3
13,76,58,9,6,0,12,25,63,95,129,128,114,74,51,15,13,33,14,11,9,3,0,4
17,80,68,13,7,12,11,6,57,74,100,104,109,107,81,55,33,72,57,50,11,11,4,0
52,69,56,41,25,13,6,8,12,54,53,102,76,81,60,95,106,138,173,117,72,51,0,0
59,67,54,29,30,9,9,17,12,18,18,54,64,94,116,140,185,376,374,174,116,68,37,11
64,81,57,45,11,1,6,10,10,11,13,61,104,146,158,170,165,165,158,139,135,100,53,11
68,62,66,45,15,0,12,22,52,18,43,61,118,168,186,177,169,125,129,123,109,98,60,4
87,66,40,5,9,14,30,11,3,51,57,82,126,172,208,198,146,97,73,79,79,86,69,50
36,51,45,40,18,15,4,9,51,56,64,83,145,192,213,201,137,93,54,14,59,69,62,51
8,13,11,12,12,9,24,28,10,51,65,74,117,189,221,207,155,92,62,8,12,54,55,51
11,9,12,13,13,2,11,18,36,51,61,70,105,159,212,233,160,86,66,41,0,0,53,66
9,9,10,12,20,14,11,6,32,79,103,105,110,143,185,199,159,113,89,75,10,0,20,67
1,0,0,1,7,0,8,22,8,62,107,113,124,141,155,159,147,124,103,61,27,0,13,68
3,7,0,17,10,9,13,12,5,70,100,114,114,112,105,127,138,107,70,58,58,0,2,63
25,16,50,19,66,25,51,16,13,63,14,71,76,76,86,123,127,89,107,94,69,0,0,41
103,102,112,95,93,113,101,86,75,69,68,77,57,56,51,71,110,114,110,107,71,1,1,24
58,76,99,107,118,120,131,147,156,127,141,160,175,156,114,117,122,94,104,75,39,11,6,10
74,62,94,122,133,120,137,155,167,154,161,226,252,297,312,290,240,176,136,107,51,9,0,6
54,77,112,137,122,110,130,149,171,185,207,263,317,368,367,349,287,175,125,73,12,12,9,8
100,116,114,136,108,61,99,118,153,179,192,219,264,308,313,367,299,181,73,35,25,23,11,16
59,88,88,104,95,50,45,47,74,105,133,155,206,305,332,302,232,139,100,49,10,7,7,10
22,76,115,105,86,53,70,81,70,90,111,112,148,181,176,158,143,104,44,27,29,19,9,10
11,69,121,114,104,75,83,32,31,62,101,103,106,115,116,111,104,103,52,23,12,6,8,5
13,35,79,103,72,40,13,78,80,73,83,101,88,102,101,102,82,24,52,13,10,5,6,12
12,14,88,101,103,33,89,62,71,47,63,31,90,100,102,101,92,26,11,13,11,9,10,9
5,25,31,105,90,26,74,57,53,37,13,48,56,62,74,77,56,13,12,10,12,5,9,5
7,12,54,66,61,94,72,67,33,38,10,50,68,62,41,43,26,18,11,11,8,6,9,10
9,13,29,52,59,58,75,64,11,8,15,52,54,62,54,26,46,51,11,4,14,12,10,7
9,12,40,57,56,56,46,23,25,12,36,51,57,61,54,14,11,21,21,2,5,8,10,5
11,28,51,58,57,15,18,18,12,17,40,53,52,58,36,21,17,19,21,13,11,9,9,7
12,30,30,31,23,12,11,11,8,10,42,54,58,82,10,11,12,13,11,6,3,2,0,0
10,17,12,7,10,10,10,9,2,2,10,55,56,51,23,10,5,6,4,0,0,8,4,7
9,13,6,0,8,12,9,8,0,14,13,47,57,51,41,6,8,9,8,7,1,6,0,3
10,9,4,6,11,11,6,2,9,13,13,22,50,48,33,7,0,0,2,10,2,0,0,0
0,4,9,3,6,6,0,0,12,13,13,7,52,52,11,8,2,0,0,2,0,0,0,6
0,8,8,11,11,0,0,4,9,13,14,26,50,50,8,0,0,6,3,0,0,0,0,0
3,2,5,8,12,0,0,8,6,14,12,30,42,38,10,5,10,8,8,4,0,0,0,0
4,6,5,8,10,7,8,5,12,13,31,36,50,37,14,12,2,0,0,0,0,0,0,0
11,6,5,12,8,13,13,14,6,10,15,52,56,29,31,7,2,0,6,0,0,0,0,0
9,4,1,11,12,11,13,9,1,14,14,52,53,50,13,18,10,2,0,6,0,0,0,0
9,11,10,13,6,8,8,13,14,14,51,69,60,51,13,12,12,11,8,0,0,0,2,6
0,10,13,8,8,8,0,0,10,27,51,97,68,54,36,9,4,2,10,3,0,1,4,6
7,9,0,11,13,7,10,7,13,14,55,99,77,58,54,11,11,9,6,6,4,7,0,6

3,56,61,11,0,5,10,10,51,85,113,152,100,59,14,4,0,0,0,0,0,0,0,0
11,87,63,12,5,0,11,26,64,110,104,133,103,64,39,1,0,0,0,0,0,0,0,3
13,76,58,9,6,0,12,25,62,95,129,128,115,74,51,15,13,33,14,11,9,3,0,4
16,80,68,13,7,12,11,6,57,74,101,104,109,108,81,55,33,73,57,50,11,11,4,0
52,69,56,41,25,13,6,8,12,54,53,103,77,81,60,95,106,139,173,117,72,51,0,0
59,67,54,29,30,9,9,16,12,18,18,54,64,94,115,140,185,376,374,174,116,68,38,11
64,81,56,45,11,1,5,10,10,11,13,62,105,147,157,169,164,165,159,139,136,101,53,11
68,63,66,45,14,0,12,20,52,17,43,61,119,168,184,175,168,125,129,123,109,98,59,4
87,66,39,5,9,14,31,11,3,51,57,83,127,172,206,197,145,97,73,80,80,86,69,50
36,51,46,40,18,15,4,9,51,56,64,84,147,193,213,200,136,93,54,14,59,69,62,51
8,13,11,12,12,9,23,27,10,51,66,75,120,192,222,206,154,92,62,8,12,54,55,51
11,9,12,13,12,2,11,17,37,51,61,71,106,161,212,231,159,86,66,43,0,0,53,66
9,9,10,12,20,14,11,6,32,79,103,106,110,143,184,197,158,112,90,76,10,0,20,67
0,0,0,1,7,0,8,24,8,64,107,113,124,140,153,157,147,123,102,61,31,0,13,68
3,8,0,18,10,9,13,12,5,70,100,114,113,112,104,126,138,107,70,58,58,0,2,63
27,17,50,20,67,25,52,17,13,63,14,71,75,76,86,122,127,89,107,94,69,0,0,40
104,103,112,96,93,113,102,86,75,69,68,76,57,55,51,71,110,114,110,107,72,1,1,24
60,78,101,107,119,121,132,147,156,127,140,158,173,155,114,117,123,94,104,75,39,11,6,10
75,62,94,122,134,121,137,155,167,154,160,225,250,296,311,290,240,176,136,107,50,9,0,6
55,77,112,137,121,110,130,150,172,185,207,263,317,368,368,348,287,175,125,73,13,12,9,8
100,116,114,136,108,61,99,118,153,178,193,220,266,310,315,368,300,182,73,35,25,24,11,16
59,88,88,103,95,50,45,47,73,105,133,155,206,307,333,303,234,139,100,48,10,7,7,10
22,76,115,105,86,54,70,82,70,89,111,112,148,181,176,159,144,104,44,27,29,19,9,10
11,69,121,114,104,75,84,32,33,63,101,103,106,115,116,111,105,103,54,21,12,6,8,5
13,34,79,102,72,40,13,77,80,71,83,100,89,102,101,102,84,24,53,13,10,5,6,12
12,14,86,101,103,31,89,61,71,46,62,33,89,100,102,101,92,27,11,13,11,9,10,9
6,25,30,105,89,24,72,59,51,37,13,45,56,62,75,78,55,13,12,10,12,5,9,5
7,12,53,65,60,92,73,66,33,41,11,50,67,63,43,43,26,18,11,11,8,6,9,10
9,13,27,51,59,58,74,62,11,8,15,52,54,62,54,26,48,51,11,4,14,12,10,7
9,11,39,57,56,56,45,23,25,12,35,52,57,62,55,15,11,21,22,2,5,8,10,5
11,27,50,57,56,15,17,17,12,17,39,52,52,59,36,21,17,18,22,13,11,9,9,7
12,30,30,31,23,12,11,11,8,10,40,54,58,83,10,11,12,13,11,5,3,2,0,0
9,16,12,6,10,10,10,9,1,2,10,55,56,51,23,9,5,6,4,0,0,8,4,7
9,12,5,0,8,12,9,8,0,14,13,46,57,51,42,6,8,9,8,7,2,5,0,3
10,9,4,6,11,11,6,2,9,13,13,21,50,50,35,7,0,0,2,10,2,0,0,0
0,4,9,3,6,6,0,0,12,13,13,7,52,52,12,8,2,0,0,2,0,0,0,6
0,8,8,11,11,0,0,4,9,13,14,27,50,50,8,0,0,6,3,0,0,0,0,0
3,2,5,8,12,0,0,8,7,14,12,31,42,38,10,5,10,8,8,4,0,0,0,0
4,6,5,8,10,7,8,5,12,13,31,36,50,38,14,12,2,0,0,0,0,0,0,0
11,6,6,12,8,13,13,14,6,10,17,52,56,30,32,8,2,0,6,0,0,0,0,0
9,4,1,11,11,11,14,9,1,14,14,52,53,50,14,18,11,2,0,6,0,0,0,0
9,11,10,13,6,8,8,13,14,14,51,68,60,51,13,12,12,11,8,0,0,0,2,6
0,10,13,8,8,8,0,0,11,27,51,97,68,54,38,10,4,2,10,3,0,1,4,6
7,9,0,11,13,7,10,7,13,14,55,99,77,58,55,11,11,9,6,6,4,6,0,6

3,56,61,11,0,5,10,10,50,85,113,153,100,59,14,4,0,0,0,0,0,0,0,0
12,87,63,12,5,0,12,26,64,110,104,133,103,65,40,1,0,0,0,0,0,0,0,3
13,77,58,9,6,0,12,24,63,95,129,129,115,75,51,14,13,31,14,11,9,3,0,4
17,80,67,13,7,12,11,6,57,74,101,104,109,108,82,55,33,72,57,50,11,11,4,0
52,69,56,41,25,13,6,8,12,54,53,103,78,81,59,94,106,138,173,117,72,52,0,0
59,67,54,29,30,9,8,16,12,18,18,54,63,93,114,138,185,380,377,174,116,68,37,12
64,81,56,44,11,1,5,10,10,11,13,61,104,145,154,167,164,166,159,140,136,100,53,10
68,63,66,45,15,0,12,20,52,17,41,62,119,166,182,173,167,125,129,123,109,99,59,4
87,67,41,6,9,14,29,11,3,51,57,83,127,172,205,196,145,97,74,79,80,86,69,50
37,52,48,41,18,15,4,9,51,56,64,85,149,194,213,200,137,93,54,14,59,69,62,51
8,13,11,12,12,9,23,27,10,51,66,76,122,194,224,207,156,92,63,8,12,54,55,51
11,9,12,13,13,2,11,18,37,52,62,72,108,162,212,231,160,86,67,47,0,0,53,66
9,10,10,12,20,14,11,6,32,79,103,106,110,143,182,196,157,113,90,76,10,0,18,67
1,0,0,1,7,0,9,21,9,63,107,112,123,139,150,155,146,123,103,61,29,0,13,68
4,8,0,19,10,9,13,12,5,68,100,113,112,111,103,125,137,106,69,58,58,0,1,62
27,18,50,21,67,26,52,17,13,62,14,70,75,75,85,121,127,89,107,94,69,0,0,41
104,103,113,96,94,113,102,86,76,69,68,76,56,55,51,70,110,114,110,107,71,1,1,23
61,79,101,108,119,121,132,148,156,126,139,156,172,155,114,119,123,94,104,75,40,11,6,10
75,62,94,122,134,121,138,155,168,153,159,224,249,294,310,290,240,176,136,108,51,9,0,6
55,77,112,136,121,110,130,150,172,185,207,262,317,368,368,348,286,175,125,74,13,12,9,8
100,116,114,136,108,61,100,118,153,178,192,220,266,311,316,369,301,182,73,35,25,24,11,16
59,88,88,103,94,50,45,47,73,105,132,154,206,307,334,304,235,140,100,49,10,7,7,10
22,76,115,105,86,53,70,81,69,89,111,112,148,181,177,160,144,104,44,28,29,20,9,10
11,69,121,114,104,75,83,32,33,62,101,103,106,115,117,112,105,103,54,21,12,6,8,5
13,34,79,102,71,40,13,78,77,71,84,100,89,102,101,102,82,23,53,13,10,5,6,12
12,14,86,101,103,30,89,60,68,43,61,33,89,100,102,101,90,27,11,13,11,9,10,9
5,25,29,105,88,22,75,57,51,38,13,48,56,64,74,77,58,13,12,10,12,5,9,5
7,12,52,65,60,92,72,66,31,40,11,50,67,62,43,42,27,18,11,11,8,6,9,10
9,13,26,51,59,58,74,62,11,8,14,52,54,62,53,25,48,50,11,4,14,12,10,7
9,11,38,56,56,56,45,23,25,12,34,51,57,62,54,15,11,21,21,2,5,8,10,5
11,26,50,57,56,14,17,17,12,17,38,52,52,59,36,21,17,19,22,13,10,9,9,7
12,29,30,31,22,12,10,11,7,10,37,54,58,83,11,11,12,13,11,6,3,2,0,0
9,15,12,6,10,10,10,9,1,1,10,55,56,51,23,10,5,6,4,0,0,8,4,7
9,12,5,0,8,12,9,7,0,14,12,46,57,51,42,6,8,9,8,7,2,6,0,3
10,9,3,6,11,11,6,2,9,13,13,21,50,50,36,7,0,0,2,10,2,0,0,0
0,4,9,3,6,6,0,0,12,13,13,8,52,52,12,8,2,0,1,2,0,0,0,6
0,8,8,11,11,0,0,4,9,13,14,26,50,50,8,0,0,6,3,0,0,0,0,0
3,2,5,8,12,0,0,8,7,14,12,30,42,39,11,5,10,8,8,4,0,0,0,0
4,6,5,8,10,7,8,5,12,13,31,36,50,38,14,12,2,0,0,0,0,0,0,0
11,6,6,12,8,13,13,15,6,10,18,52,56,30,32,8,2,0,6,0,0,0,0,0
9,4,1,11,11,11,14,9,1,14,14,52,53,50,14,18,11,2,0,6,0,0,0,0
9,11,10,13,6,9,8,13,14,14,51,68,60,51,13,12,12,11,8,0,0,0,2,6
0,10,13,8,8,8,1,0,11,28,51,97,68,55,37,10,5,2,10,3,0,1,4,6
7,9,0,11,13,7,10,7,13,14,55,99,77,58,55,11,11,9,6,6,4,7,0,6

3,56,61,11,0,5,10,11,50,84,112,148,96,59,13,4,0,0,0,0,0,0,0,0
12,87,63,12,5,0,12,27,64,111,105,131,103,64,35,0,0,0,0,0,0,0,0,4
13,76,58,9,6,0,12,25,63,96,130,129,115,75,50,14,13,31,14,11,10,3,0,4
17,80,68,13,7,12,11,6,57,75,101,106,111,108,81,55,33,72,57,50,11,12,4,0
52,69,56,41,24,13,6,8,12,54,54,104,80,84,59,95,106,138,171,116,72,51,0,0
59,67,54,29,30,9,8,16,12,17,18,55,66,95,116,140,187,385,378,173,115,67,36,11
64,81,56,44,11,0,5,10,10,11,13,63,106,147,156,168,165,167,159,140,135,100,53,10
68,63,66,45,15,0,12,22,52,16,44,62,121,169,183,174,168,125,130,123,109,98,59,4
90,67,43,6,9,14,30,11,3,51,57,83,128,173,207,197,146,98,74,80,80,86,69,50
39,52,48,41,19,15,4,9,52,57,65,85,149,194,214,203,138,94,55,14,59,69,62,51
8,13,11,12,12,9,24,28,10,51,66,76,121,193,224,209,157,93,63,8,12,54,55,51
11,10,12,13,13,2,11,19,39,52,62,71,108,162,211,231,161,87,67,50,0,0,53,66
9,10,10,12,20,14,11,6,31,79,103,105,109,142,180,195,157,113,90,76,10,0,17,67
1,0,0,1,7,0,9,20,9,62,107,112,122,138,148,153,146,123,103,61,29,0,13,68
4,8,0,19,10,9,13,12,5,67,98,113,112,110,101,124,137,106,69,58,58,0,1,62
28,18,50,21,67,26,53,18,13,62,13,70,75,75,85,121,126,88,107,94,69,0,0,39
104,103,113,96,94,113,102,86,75,68,67,75,56,55,51,70,110,114,110,107,71,1,1,22
61,79,101,108,119,121,132,148,156,126,138,155,170,154,114,120,124,95,104,76,39,11,6,10
75,62,94,122,134,121,138,155,167,153,158,222,248,294,310,290,240,176,136,108,52,10,0,6
55,77,112,136,121,110,130,150,172,184,207,262,317,368,368,348,286,176,125,74,13,12,9,9
100,116,114,136,108,60,99,118,152,178,192,219,266,312,317,370,301,182,73,35,25,23,11,16
59,88,88,103,94,50,45,47,73,104,132,154,206,308,335,305,236,141,100,50,10,7,7,10
22,76,115,105,86,53,70,82,69,88,111,111,148,181,177,160,145,105,44,27,29,19,9,10
11,69,121,114,104,74,83,32,31,62,101,103,106,115,117,112,105,103,53,23,12,6,8,5
13,34,78,102,71,40,13,77,77,70,83,100,88,102,101,102,84,24,52,13,10,4,6,12
12,14,86,101,103,30,88,61,68,42,60,33,88,100,102,101,92,27,11,13,11,9,10,9
6,24,29,105,87,23,72,55,48,35,13,45,56,63,74,77,56,13,12,10,12,5,9,5
7,12,52,64,60,92,72,64,30,39,11,50,67,63,43,43,26,18,11,11,8,6,9,10
9,13,26,51,59,57,73,61,11,8,14,52,54,62,54,26,48,51,11,4,14,12,10,7
9,11,38,56,56,56,45,22,25,11,34,51,57,62,54,15,11,22,22,2,5,8,10,5
11,26,50,57,56,15,16,16,12,16,38,52,52,59,37,21,17,19,22,13,10,9,9,7
12,29,30,31,22,12,10,11,7,10,39,54,58,83,11,11,12,13,11,6,3,2,0,0
9,15,12,6,10,10,10,9,0,1,10,55,56,51,25,10,5,6,4,0,0,8,4,7
9,12,5,0,8,12,9,7,0,14,12,47,57,51,43,7,9,9,8,7,2,6,0,3
10,9,3,6,11,11,6,2,9,13,13,21,50,50,37,7,0,0,2,10,2,0,0,0
0,4,9,3,6,6,0,0,12,13,13,7,52,52,12,8,2,0,1,2,0,0,0,7
0,8,8,11,11,0,0,4,9,13,14,27,50,50,8,0,0,6,3,0,0,0,0,0
3,2,5,8,12,0,0,8,7,14,12,32,42,38,11,5,10,8,8,4,0,0,0,0
4,6,5,8,10,7,8,5,12,13,31,35,50,38,14,12,2,0,0,0,0,0,0,0
11,6,6,12,8,13,13,14,6,10,17,52,56,30,32,8,2,0,6,0,0,0,0,0
10,4,1,11,12,11,13,9,1,14,14,52,53,50,14,18,11,2,0,6,0,0,0,0
9,11,10,13,6,9,8,13,14,14,51,68,60,51,14,12,12,11,8,0,0,0,2,6
0,10,13,8,8,8,1,0,11,27,51,97,68,54,39,10,5,2,10,3,0,1,4,6
7,9,0,11,13,7,10,7,13,14,55,99,77,58,55,11,11,9,6,6,4,7,0,6

3,56,61,11,0,5,10,10,49,83,111,148,97,59,13,4,0,0,0,0,0,0,0,0
12,87,63,12,5,0,11,27,64,110,104,131,103,64,36,0,0,0,0,0,0,0,0,3
13,76,58,9,6,0,12,25,63,95,129,129,115,75,50,14,13,33,14,11,9,3,0,4
17,80,68,13,7,12,11,6,57,75,101,106,111,108,81,55,33,72,57,50,11,11,4,0
52,69,56,41,25,13,6,8,12,54,54,105,81,85,60,95,106,138,171,116,72,51,0,0
59,67,54,29,30,9,9,17,12,18,18,56,67,96,117,141,188,385,377,173,115,67,36,11
64,82,56,45,11,0,5,10,10,11,13,64,108,149,157,169,166,167,160,139,135,100,53,10
68,63,66,46,15,0,12,23,52,17,46,62,121,170,184,174,169,126,130,123,109,98,59,4
91,67,43,6,9,14,30,11,3,51,57,84,129,174,207,197,147,98,74,80,80,86,69,50
41,52,49,41,19,16,5,9,52,57,65,86,151,195,215,205,139,94,55,15,59,70,62,51
8,13,11,12,12,9,25,30,10,51,66,76,122,195,225,210,159,94,63,8,12,54,55,51
11,9,12,13,13,2,11,19,39,52,61,71,107,161,210,231,161,87,67,50,0,0,53,66
9,10,10,12,21,14,11,6,32,79,103,105,108,141,178,194,157,113,91,76,10,0,17,67
1,0,0,1,7,0,9,18,9,58,106,111,121,136,147,152,145,123,102,61,27,0,12,68
4,8,0,19,10,9,13,12,5,66,96,112,111,109,100,123,136,106,69,58,58,0,1,62
28,18,50,21,68,26,53,18,13,63,13,68,74,74,84,120,126,88,107,93,69,0,0,41
105,104,113,96,94,113,102,86,75,68,67,74,56,54,51,70,110,114,110,107,71,1,1,22
61,79,101,108,119,121,132,147,155,125,137,152,169,153,115,121,125,95,105,76,40,11,6,10
75,62,94,122,134,121,137,155,167,152,158,221,247,294,310,291,240,177,136,108,52,10,0,6
55,77,112,136,121,110,130,150,171,184,206,262,317,369,369,349,287,177,125,75,13,12,9,9
100,116,114,135,108,60,99,118,152,177,192,219,267,313,318,371,302,183,74,35,25,23,11,16
59,88,88,103,93,50,45,47,73,104,132,154,206,308,336,306,237,141,100,50,10,8,7,10
22,76,115,105,85,53,70,82,69,88,111,111,148,181,178,161,145,105,45,28,29,20,9,10
11,69,120,113,104,75,83,33,31,62,101,103,106,115,117,112,105,104,54,24,12,6,8,5
13,34,78,102,71,40,13,77,79,71,85,100,88,102,101,102,82,24,54,13,10,5,6,12
12,14,86,101,103,30,88,60,67,42,63,33,89,100,102,101,92,29,11,13,11,9,10,9
5,24,29,105,88,22,72,56,48,36,13,45,56,61,74,77,55,13,12,10,12,5,9,5
7,12,52,64,60,92,72,65,31,40,11,50,67,64,42,43,26,18,11,11,8,6,9,10
9,13,25,51,59,57,73,61,11,8,14,52,54,62,54,27,48,51,11,4,14,12,10,7
9,11,38,56,56,56,45,22,25,11,34,51,57,62,54,15,11,22,22,2,5,8,10,5
11,25,50,57,56,14,16,16,12,16,38,52,52,59,37,21,17,20,22,13,10,9,9,7
12,29,30,31,22,12,10,11,7,9,36,54,58,83,11,11,12,13,11,5,3,2,0,0
9,15,12,6,10,10,10,9,0,1,10,55,56,51,25,10,5,6,4,0,0,8,4,7
9,12,5,0,7,12,9,7,0,13,12,45,57,51,42,7,9,9,8,7,2,6,0,3
10,9,3,6,11,11,6,2,9,13,13,21,50,50,36,7,0,0,2,10,2,0,0,0
0,4,9,3,6,6,0,0,12,13,13,8,52,52,12,8,2,0,1,2,0,0,0,6
0,8,8,11,11,0,0,4,9,13,14,28,50,50,9,0,0,6,3,0,0,0,0,0
3,2,5,8,12,0,0,8,7,14,12,31,42,39,11,5,10,8,8,4,0,0,0,0
4,6,5,8,10,7,8,5,12,13,31,35,50,39,16,12,2,0,0,0,0,0,0,0
11,6,6,12,8,13,13,15,6,10,19,52,56,30,33,8,2,0,6,0,0,0,0,0
9,4,1,11,11,11,14,9,2,14,14,52,53,50,14,18,11,2,0,6,0,0,0,0
9,11,10,13,6,9,8,13,14,14,51,68,60,51,14,12,12,11,8,0,0,0,2,5
0,10,13,8,8,8,1,0,11,28,52,97,68,54,38,10,5,2,10,3,0,1,4,6
7,9,0,11,13,8,10,7,13,14,55,99,77,58,55,11,11,9,6,6,4,7,0,6
