8,10,11,10,12,13,13,14,19,14,10,11,8,7,11,13,3,6,4,5,10,7,11,6
11,8,10,12,14,50,52,50,50,14,17,41,24,10,14,16,13,10,11,13,13,9,8,9
7,8,9,11,11,37,38,32,13,11,54,70,100,78,53,14,18,14,9,2,0,3,9,0
11,8,14,12,13,19,35,13,12,100,148,197,162,127,66,52,43,30,14,11,9,8,4,9
0,0,2,0,0,5,13,11,52,106,174,229,250,196,122,67,56,50,22,17,11,8,12,12
0,2,13,14,12,12,12,16,62,107,192,264,293,227,183,80,54,44,31,28,9,1,0,0
5,0,7,12,13,10,13,26,65,108,167,197,205,124,164,129,64,50,6,9,11,0,0,0
0,0,0,0,1,8,1,13,90,121,138,145,104,76,113,108,74,58,19,29,12,13,11,6
2,0,3,6,2,0,11,54,92,119,128,114,87,92,110,113,111,88,61,14,14,14,12,7
0,0,10,13,10,23,51,72,115,125,107,81,91,151,159,148,131,108,69,26,13,5,10,8
2,2,17,25,50,55,82,132,173,109,74,59,84,172,193,190,162,138,104,63,38,6,8,7
2,10,46,58,75,99,139,202,168,76,56,56,79,142,229,215,183,167,130,78,40,11,1,0
19,50,78,110,139,157,136,113,70,27,55,55,106,122,148,170,161,126,118,78,48,14,0,0
69,108,109,126,111,110,61,0,0,6,12,14,75,109,126,125,132,127,123,102,57,3,0,0
79,114,122,83,13,2,7,10,15,33,14,8,50,13,77,105,121,123,115,104,64,11,0,0
92,79,52,31,0,1,50,76,71,63,68,72,86,101,91,102,108,137,129,114,51,17,14,7
34,66,56,74,82,90,95,102,70,72,91,84,134,116,121,168,147,161,162,101,68,37,11,14
14,27,36,49,84,73,55,61,66,81,122,128,182,235,270,360,349,225,194,114,62,33,19,13
5,12,29,102,107,108,88,72,67,115,136,181,211,201,264,328,306,238,187,151,92,37,24,13
0,7,12,63,93,79,60,75,73,78,119,150,188,219,299,331,286,248,174,132,97,21,13,10
4,4,14,29,37,52,77,59,53,56,103,123,142,156,221,205,216,195,142,102,44,36,19,13
0,0,9,18,52,57,64,47,37,41,29,68,61,96,73,116,115,112,86,45,26,27,13,6
0,0,10,7,28,42,75,60,33,36,44,32,34,31,38,48,69,56,39,36,44,3,6,7
0,0,0,0,9,29,107,100,65,63,14,70,12,14,13,24,14,13,30,7,6,6,6,5
0,0,0,0,11,25,69,107,103,23,84,62,12,40,41,15,12,0,17,11,2,0,0,0
0,0,0,6,13,17,67,102,102,109,108,86,30,14,3,2,14,2,0,0,3,0,11,0
0,0,0,7,11,32,64,102,103,112,70,40,10,12,8,6,0,5,0,1,0,13,4,0
0,0,4,8,28,68,106,106,80,30,10,13,14,44,12,35,6,0,10,12,0,10,11,10
0,0,0,14,81,128,131,87,14,14,0,1,6,0,7,0,11,9,1,16,12,10,6,8
0,0,1,11,40,46,52,27,10,14,0,9,0,7,6,12,14,22,11,13,10,9,13,1
5,0,2,10,14,38,40,18,32,33,14,11,8,6,9,2,11,18,13,13,12,12,5,13
0,0,0,10,7,13,14,9,13,8,7,10,0,0,0,0,7,3,11,12,13,3,6,0
7,0,2,0,6,10,7,3,11,2,0,3,0,0,0,0,9,12,8,9,1,0,0,0
0,0,0,0,0,8,2,0,0,0,0,6,0,0,8,8,0,5,8,4,3,0,0,0
0,0,0,0,0,0,0,0,0,2,8,2,0,0,11,4,0,1,10,3,5,4,6,4
0,0,0,0,0,0,0,0,0,0,0,0,0,0,11,0,5,13,10,0,0,4,8,0
0,0,0,0,0,0,0,0,0,5,0,2,10,2,0,5,7,11,4,8,10,5,0,3
0,5,0,0,4,3,0,0,0,2,8,6,7,7,5,4,5,6,0,2,7,7,3,0
0,0,0,0,0,0,0,0,7,6,0,1,10,12,0,4,0,5,0,8,0,9,0,0
0,0,0,0,0,3,0,0,0,9,12,8,0,6,4,0,0,6,5,10,6,9,8,0
2,3,2,0,3,6,7,8,6,13,10,12,12,10,0,0,13,0,0,9,14,6,9,0
6,3,0,0,5,8,10,12,0,4,5,14,6,0,0,8,0,0,6,8,8,12,13,9
2,4,0,2,7,9,0,0,0,6,11,3,0,0,0,2,0,10,5,0,5,12,11,0
2,0,6,2,6,0,4,9,7,5,3,3,4,10,3,0,0,8,2,11,11,4,10,9

8,10,11,10,12,14,13,14,23,14,11,11,8,7,11,13,3,6,4,5,10,7,11,6
11,8,10,12,14,51,53,50,51,17,15,41,29,10,14,16,13,10,12,13,13,9,8,9
8,8,9,11,11,39,40,36,13,11,50,70,101,83,54,14,18,14,9,1,0,3,9,0
11,9,14,13,13,19,36,13,11,94,142,196,172,134,73,54,46,30,14,11,9,8,4,9
0,0,3,1,2,1,14,11,50,103,168,224,250,205,130,73,57,50,23,17,11,8,12,12
0,2,13,13,11,14,13,15,61,105,188,257,287,226,188,88,57,46,31,28,9,1,0,0
5,0,7,12,12,11,14,22,64,107,164,194,202,123,163,133,67,52,7,9,11,0,0,0
0,0,0,0,0,8,1,13,89,120,136,144,104,76,113,109,76,59,25,31,12,13,11,6
3,0,2,5,2,0,10,54,91,117,127,113,86,91,110,114,112,89,61,14,14,14,12,6
0,0,10,13,9,18,51,72,114,121,105,80,91,154,162,149,132,109,69,28,13,6,10,8
2,2,15,25,50,56,85,135,167,102,73,58,84,175,198,193,162,138,106,64,40,6,8,7
3,11,46,60,77,101,139,195,152,70,57,56,80,143,233,219,184,170,133,81,42,11,1,0
22,51,80,112,140,153,133,108,61,29,57,56,107,123,149,170,162,128,121,81,50,15,0,0
71,110,111,128,112,109,57,0,0,7,14,29,81,110,127,125,132,128,124,103,58,3,0,0
81,115,124,84,13,3,8,11,23,37,20,11,55,14,82,105,121,124,115,104,64,11,0,0
93,81,54,54,0,2,51,79,71,64,68,73,87,101,90,101,108,136,129,114,51,16,14,7
35,67,57,80,87,92,97,103,70,73,92,85,135,117,121,166,146,159,161,101,67,36,11,14
14,28,37,51,86,74,56,62,66,82,124,131,185,236,268,357,347,222,191,111,61,32,19,13
6,13,34,103,108,108,89,73,67,116,137,182,212,201,262,326,303,236,185,149,90,36,23,13
0,7,14,69,96,82,60,76,74,79,120,151,189,218,297,327,282,244,171,130,95,20,13,10
5,5,14,32,39,52,79,59,53,56,103,124,142,156,219,202,212,191,140,101,43,35,19,13
0,0,9,23,54,60,65,47,39,42,28,70,62,97,73,116,113,110,83,43,25,27,13,6
0,0,9,7,29,45,76,59,34,38,46,34,35,32,39,47,69,55,38,36,44,3,6,7
0,0,0,0,8,40,108,100,66,63,17,72,13,14,13,24,14,13,30,7,6,6,6,4
0,0,0,0,12,32,71,106,103,23,85,61,12,43,40,15,12,0,15,11,1,0,0,0
0,0,0,9,14,28,70,102,102,107,107,82,24,14,3,1,14,2,0,0,3,0,11,0
0,0,0,9,13,37,65,102,104,113,77,44,10,11,7,5,0,5,0,1,0,12,4,0
0,0,6,10,35,71,107,110,99,34,11,12,14,45,11,33,6,0,9,12,0,10,11,10
0,0,4,25,85,133,139,101,25,17,0,1,6,1,7,0,10,9,1,16,12,10,6,8
0,0,3,12,48,50,53,42,10,14,0,8,0,6,6,11,13,22,12,13,10,9,13,1
5,0,3,11,14,38,41,20,32,32,14,11,7,4,8,1,11,18,13,13,12,11,5,13
0,0,0,10,8,13,14,9,13,7,7,9,0,0,0,0,7,3,11,12,13,3,6,0
7,0,2,0,6,11,8,4,12,1,0,3,0,0,0,0,9,12,8,9,1,0,0,0
0,0,0,0,1,9,2,0,0,0,0,6,0,0,8,8,0,5,8,4,3,0,0,0
0,0,0,0,0,0,0,0,0,1,7,1,0,0,11,4,0,1,10,3,5,4,6,4
0,0,0,0,0,0,0,0,0,0,0,0,0,0,10,0,5,12,10,0,0,4,8,0
0,0,0,0,0,0,0,0,0,5,0,1,10,2,0,5,7,11,4,8,10,5,0,3
0,4,0,0,4,2,0,0,0,2,8,6,7,7,5,4,5,6,0,1,7,7,3,0
0,0,0,0,0,0,0,0,7,6,0,1,9,12,0,4,0,5,0,8,0,9,0,0
0,0,0,0,0,3,0,0,0,8,12,8,0,6,4,0,0,6,5,10,6,9,8,0
2,3,2,0,3,6,6,8,6,13,10,12,12,10,0,0,13,0,0,9,14,6,9,0
5,2,0,0,5,8,10,12,0,3,5,14,6,0,0,8,0,0,6,8,8,12,13,9
2,4,0,2,7,9,0,0,0,6,11,3,0,0,0,2,0,9,5,0,5,12,11,0
2,0,6,2,6,0,4,9,7,5,3,3,4,10,3,0,0,8,2,11,11,4,10,9

9,10,11,10,12,13,14,14,23,14,11,11,8,7,11,13,3,6,4,5,10,7,11,6
11,8,10,12,14,51,53,50,51,17,15,41,28,10,14,16,13,10,12,13,13,8,8,9
8,8,9,11,11,41,43,38,13,11,50,70,101,85,54,14,18,14,9,1,0,3,9,0
11,9,14,13,13,19,36,13,11,92,141,195,173,135,74,54,46,30,14,11,9,8,4,9
0,0,3,2,2,6,13,10,50,103,167,222,252,210,132,74,58,50,22,17,11,8,12,12
0,2,13,13,11,13,13,14,61,104,186,253,284,226,190,92,58,47,32,28,9,1,0,0
5,0,6,12,12,11,14,22,64,106,163,192,199,123,163,135,68,53,7,10,11,0,0,0
0,0,0,0,0,8,1,13,89,119,136,143,103,76,113,110,77,60,27,30,12,13,11,5
3,0,1,5,3,0,9,54,91,116,126,112,86,90,110,115,113,90,62,14,14,14,12,6
0,0,10,13,9,19,52,73,114,119,103,80,90,153,162,150,133,110,70,30,13,6,10,8
2,2,15,26,50,56,86,135,161,99,73,58,84,174,197,193,163,139,108,65,42,6,8,7
4,11,48,60,78,102,140,192,147,68,57,56,80,143,232,218,184,171,135,84,43,11,1,0
25,52,81,113,141,153,133,107,59,35,59,56,107,123,149,170,161,128,122,83,51,16,0,0
71,110,112,129,112,109,56,0,0,8,14,33,82,110,127,125,132,128,124,103,58,4,0,0
83,116,125,84,13,3,8,11,26,39,27,12,56,25,84,105,121,124,116,105,66,12,0,0
96,81,54,56,0,2,51,81,72,64,68,74,89,101,91,102,109,137,130,114,52,17,14,7
37,67,57,80,88,92,98,103,71,73,93,86,136,117,121,167,146,160,162,101,68,36,11,14
14,29,37,51,88,74,56,62,67,83,125,132,186,237,268,357,346,221,192,113,62,33,19,13
6,13,37,104,108,109,89,73,67,116,138,183,212,200,261,324,301,234,184,149,90,36,23,13
0,7,14,71,97,82,60,78,74,79,120,151,188,218,294,324,280,244,171,130,96,20,13,10
5,5,15,33,39,52,79,59,53,56,103,124,142,155,217,200,209,190,139,101,43,35,18,13
0,0,10,25,54,60,65,48,40,43,29,70,61,95,73,115,113,109,83,43,25,26,13,6
0,0,9,8,30,45,78,59,35,39,47,35,36,33,40,47,69,55,38,36,43,3,6,7
0,0,0,0,9,47,108,100,66,65,19,73,13,14,13,27,14,13,28,7,6,6,6,4
0,0,0,0,12,35,72,106,102,20,84,61,12,46,43,16,12,0,16,11,1,0,0,0
0,0,0,10,14,31,75,102,101,106,106,78,22,14,3,1,14,1,0,0,3,0,10,0
0,0,0,10,13,39,66,101,103,112,75,43,9,11,7,5,0,4,0,1,0,12,4,0
0,0,7,11,36,71,107,110,100,34,12,12,15,47,11,30,5,0,9,11,0,10,11,10
0,0,6,33,86,134,142,102,30,18,0,0,6,2,7,0,10,9,1,15,12,10,6,8
0,0,5,13,50,50,53,47,9,14,0,8,0,6,5,10,13,22,12,13,10,9,13,1
5,1,4,11,14,39,41,21,31,32,13,10,7,4,8,1,11,18,13,13,12,11,4,13
0,0,0,10,8,13,14,9,13,7,7,8,0,0,0,0,7,3,11,11,13,3,6,0
7,0,2,0,6,11,8,4,12,1,0,3,0,0,0,0,9,12,8,9,1,0,0,0
0,0,0,0,1,9,2,0,0,0,0,6,0,0,8,8,0,4,8,4,2,0,0,0
0,0,0,0,0,0,0,0,0,1,7,1,0,0,11,3,0,1,10,3,5,4,6,4
0,0,0,0,0,0,0,0,0,0,0,0,0,0,10,0,4,12,10,0,0,4,8,0
0,0,0,0,0,0,0,0,0,5,0,1,10,2,0,5,7,11,4,8,10,5,0,3
0,4,0,0,4,2,0,0,0,2,8,6,7,7,5,4,5,6,0,1,7,7,3,0
0,0,0,0,0,0,0,0,7,6,0,1,9,12,0,4,0,5,0,8,0,9,0,0
0,0,0,0,0,3,0,0,0,8,12,8,0,6,4,0,0,6,5,10,6,9,8,0
1,2,2,0,3,6,6,8,6,13,10,12,12,10,0,0,12,0,0,9,13,6,9,0
5,2,0,0,5,8,10,12,0,3,5,14,6,0,0,8,0,0,6,8,8,12,13,9
2,3,0,2,7,9,0,0,0,6,11,3,0,0,0,2,0,9,4,0,5,12,11,0
2,0,6,2,6,0,4,9,7,5,3,3,4,10,3,0,0,8,2,10,11,4,10,9

8,10,11,10,12,14,14,15,23,14,11,11,8,7,11,13,3,6,4,5,10,7,11,6
11,8,10,13,14,51,53,50,51,19,15,41,29,10,14,16,13,10,11,13,13,8,8,9
8,8,9,11,11,43,43,38,13,11,50,70,101,83,54,14,18,14,9,1,0,3,9,0
11,9,14,13,13,21,37,13,11,91,141,195,174,136,74,54,45,30,14,11,9,8,3,9
0,0,4,3,3,8,13,10,48,103,166,222,251,210,132,74,57,50,23,17,11,8,12,12
0,2,13,13,11,13,13,14,61,104,185,250,283,225,190,92,58,47,32,28,9,1,0,0
5,0,6,12,12,11,14,23,64,106,163,191,197,122,162,135,68,53,7,10,11,0,0,0
0,0,0,0,0,8,2,14,89,118,135,142,103,75,112,110,77,60,26,31,12,13,11,5
2,0,1,5,3,0,9,54,91,116,125,111,86,90,110,115,113,90,62,14,14,14,12,6
0,0,11,14,9,20,52,73,113,119,103,79,91,154,163,151,133,110,71,32,13,6,10,8
2,2,16,26,50,56,86,135,161,99,73,58,84,175,197,193,164,140,109,65,42,6,8,7
5,11,48,60,77,102,140,193,147,68,58,56,80,142,232,218,185,172,136,84,44,11,2,0
27,52,82,113,141,153,133,107,59,36,59,57,107,123,148,170,161,128,122,83,51,16,0,0
71,110,112,130,113,109,56,0,0,8,14,33,82,110,126,125,132,128,124,103,58,3,0,0
85,117,127,89,13,3,8,12,27,40,30,12,57,27,86,105,121,124,115,105,65,12,0,0
97,82,54,59,0,2,51,82,72,64,68,73,89,101,92,102,109,137,130,114,52,17,14,7
36,68,58,81,89,94,99,103,71,73,93,86,136,117,122,168,147,160,163,101,68,37,11,14
14,30,37,52,88,74,56,62,67,83,126,132,187,238,269,358,347,222,192,113,62,33,19,13
7,13,40,104,108,109,89,74,68,117,138,184,213,200,262,325,301,235,184,149,90,36,23,13
0,7,16,73,98,84,60,78,75,79,121,152,189,218,295,325,280,244,171,130,96,20,13,10
5,5,16,33,40,53,79,59,53,56,103,124,142,155,217,199,208,190,139,101,43,35,18,13
0,0,10,28,54,61,66,48,40,44,30,70,62,96,73,115,113,109,83,43,25,26,13,6
0,0,10,8,31,46,78,59,35,39,47,35,37,34,40,48,68,55,37,36,44,3,6,7
0,0,0,0,9,50,109,100,67,65,19,71,13,14,13,27,14,13,28,7,6,6,5,4
0,0,0,0,12,35,73,105,102,19,81,60,13,46,43,16,12,0,15,11,1,0,0,0
0,0,0,10,14,31,77,102,101,106,105,76,19,14,3,1,14,1,0,0,3,0,10,0
0,0,0,10,14,39,64,101,104,112,75,40,9,11,7,5,0,4,0,1,0,12,4,0
0,1,8,11,38,71,107,111,101,34,12,12,17,48,11,30,6,0,9,11,0,9,11,10
0,0,5,40,87,135,144,102,32,17,0,0,5,2,6,0,10,9,1,15,11,10,6,8
0,0,5,13,50,50,53,50,9,14,0,7,0,6,5,10,13,22,12,13,10,9,13,1
5,1,5,11,15,39,41,22,31,31,13,9,6,4,7,1,10,17,13,13,12,11,4,13
0,0,0,10,8,13,14,10,13,7,6,8,0,0,0,0,7,3,11,11,13,2,6,0
7,0,2,0,6,11,8,4,11,0,0,3,0,0,0,0,9,12,8,9,1,0,0,0
0,0,0,0,1,9,2,0,0,0,0,6,0,0,8,7,0,4,8,4,2,0,0,0
0,0,0,0,0,0,0,0,0,1,7,1,0,0,11,3,0,0,10,2,5,3,5,4
0,0,0,0,0,0,0,0,0,0,0,0,0,0,10,0,3,12,10,0,0,4,7,0
0,0,0,0,0,0,0,0,0,4,0,1,10,2,0,5,7,10,4,8,9,5,0,3
0,4,0,0,4,2,0,0,0,1,8,6,7,7,4,3,5,5,0,1,7,7,3,0
0,0,0,0,0,0,0,0,7,5,0,1,9,12,0,4,0,5,0,8,0,9,0,0
0,0,0,0,0,3,0,0,0,8,12,8,0,6,4,0,0,6,4,10,6,9,8,0
2,2,2,0,3,6,6,8,6,13,10,12,12,10,0,0,12,0,0,9,13,6,9,0
5,2,0,0,5,8,10,12,0,3,5,14,6,0,0,8,0,0,6,8,8,12,13,9
2,3,0,2,7,9,0,0,0,6,11,3,0,0,0,2,0,9,4,0,5,12,11,0
2,0,6,1,6,0,4,9,7,5,3,3,4,10,3,0,0,8,2,10,11,4,10,9

8,10,11,10,12,14,14,15,24,14,11,11,8,8,12,13,3,5,4,5,10,7,11,6
11,9,10,13,14,51,53,50,51,19,16,40,29,10,14,16,13,10,11,13,13,8,8,9
8,8,9,11,11,43,44,40,14,11,50,70,101,84,54,14,18,14,9,1,0,3,9,0
12,9,14,13,13,21,38,13,11,90,140,195,175,136,75,54,47,30,14,11,8,8,3,8
0,0,4,4,3,8,14,11,46,102,166,222,252,211,133,75,58,51,22,17,11,8,12,12
0,1,13,13,11,13,13,14,61,104,184,250,283,225,191,93,58,47,32,28,9,1,0,0
5,0,6,12,12,11,14,25,64,106,162,191,197,122,163,135,69,54,7,10,11,0,0,0
0,0,0,0,0,8,3,14,89,118,135,142,103,75,113,110,77,60,29,31,12,13,11,5
2,0,1,5,3,0,10,55,90,115,125,111,86,90,111,115,114,91,62,14,14,14,12,6
0,0,11,14,10,22,52,73,113,118,103,79,91,155,164,152,134,112,72,34,13,6,11,8
2,2,17,27,50,56,86,135,161,98,73,58,84,174,197,195,166,142,110,66,43,7,8,7
6,11,49,60,77,101,140,194,147,68,58,56,79,141,231,219,186,173,137,85,44,11,2,0
27,52,82,113,141,153,133,107,59,38,59,57,106,122,148,170,161,128,122,83,50,16,0,0
72,111,112,131,113,109,56,0,0,8,14,33,81,110,125,125,131,128,124,103,58,4,0,0
86,117,128,92,13,4,8,12,30,41,30,12,57,28,85,105,121,124,115,105,65,12,0,0
97,82,55,61,0,2,52,82,72,64,67,73,88,102,92,102,109,137,131,114,53,18,14,7
38,68,58,82,91,94,100,103,71,74,93,86,136,118,123,169,147,161,163,101,69,38,11,14
14,30,37,52,89,74,56,62,67,84,126,132,187,238,270,358,347,223,193,114,62,33,19,13
7,14,43,104,108,109,88,74,68,117,138,184,214,201,262,324,301,235,184,149,91,36,23,13
1,7,20,75,98,85,60,79,75,79,121,152,189,218,294,323,278,243,171,130,96,21,13,10
5,5,16,34,40,53,80,59,53,56,103,124,141,155,216,199,207,189,139,101,43,35,18,13
0,0,10,30,55,62,67,48,41,44,30,70,62,95,73,115,112,108,82,43,24,26,13,6
0,0,10,9,31,46,78,58,36,40,48,36,37,34,40,48,68,54,37,36,43,3,6,7
0,0,0,0,9,50,109,100,66,66,23,72,13,14,14,29,14,13,27,7,6,6,5,4
0,0,0,0,13,36,72,105,102,20,81,60,13,46,43,19,12,0,16,11,1,0,0,0
0,0,0,10,15,33,78,102,101,106,105,76,19,15,3,1,14,1,0,0,3,0,10,0
0,0,0,10,14,41,65,101,104,112,75,41,9,11,7,6,0,4,0,1,0,12,4,0
0,1,8,11,38,72,107,111,101,36,12,12,16,47,11,29,5,0,9,11,0,9,11,10
0,0,7,45,87,136,145,103,33,15,0,0,5,2,6,0,10,9,1,15,11,10,6,8
0,0,6,14,51,51,54,50,10,14,0,7,0,6,5,10,13,22,12,13,10,9,13,1
5,1,5,12,17,39,41,22,30,30,12,9,6,3,7,0,10,17,13,13,12,11,4,13
0,0,0,10,8,13,14,10,13,6,6,7,0,0,0,0,7,3,11,11,13,2,6,0
7,0,2,0,6,11,8,4,12,0,0,3,0,0,0,0,9,12,8,9,1,0,0,0
0,0,0,0,2,9,2,0,0,0,0,6,0,0,7,7,0,4,8,4,2,0,0,0
0,0,0,0,0,0,0,0,0,1,7,1,0,0,11,2,0,0,9,2,5,3,5,4
0,0,0,0,0,0,0,0,0,0,0,0,0,0,10,0,3,12,10,0,0,4,7,0
0,0,0,0,0,0,0,0,0,4,0,1,10,2,0,4,6,10,3,8,9,5,0,3
0,3,0,0,3,2,0,0,0,1,8,6,7,7,4,3,4,5,0,0,6,7,3,0
0,0,0,0,0,0,0,0,7,5,0,1,9,12,0,4,0,4,0,8,0,9,0,0
0,0,0,0,0,3,0,0,0,7,12,8,0,6,4,0,0,6,4,10,6,9,8,0
1,2,2,0,2,6,6,8,6,13,10,12,12,10,0,0,12,0,0,9,13,6,9,0
5,2,0,0,5,8,10,12,0,3,5,14,6,0,0,8,0,0,6,8,8,12,13,9
2,3,0,2,7,9,0,0,0,6,11,3,0,0,0,2,0,9,4,0,5,12,11,0
2,0,6,2,6,0,4,9,7,5,3,3,4,10,3,0,0,8,2,10,11,3,10,9

8,10,11,10,12,14,14,14,23,14,11,11,8,7,12,13,3,5,3,5,10,7,11,6
12,9,10,13,15,51,53,50,52,21,16,41,31,10,14,17,13,10,11,13,13,8,8,9
8,8,9,12,11,44,43,40,14,11,50,70,101,85,54,14,18,14,9,1,0,3,9,0
12,9,14,13,13,21,38,13,11,90,140,195,175,136,75,54,47,30,14,11,8,8,3,9
0,0,4,4,3,8,13,11,46,102,166,222,252,212,134,75,58,50,22,17,11,8,12,12
0,1,13,13,11,13,13,14,61,104,185,250,283,225,191,93,59,47,32,28,9,1,0,0
5,0,6,12,12,11,14,23,64,106,162,190,197,122,163,135,69,53,7,10,11,0,0,0
0,0,0,0,0,8,3,14,89,118,135,142,102,76,113,111,77,60,29,31,12,13,11,6
2,0,1,5,3,0,10,55,90,115,125,111,86,90,111,116,114,91,63,14,14,14,12,6
0,0,11,14,10,24,52,73,114,118,102,79,91,155,165,153,135,112,72,34,13,6,11,8
3,2,17,28,50,56,86,136,161,98,73,59,84,174,197,196,168,143,111,66,45,7,8,7
6,12,50,60,78,102,140,194,147,68,58,56,79,139,231,220,187,175,138,86,44,11,2,0
27,52,82,113,141,154,133,107,59,31,60,56,106,121,147,170,162,129,123,83,51,16,0,0
72,111,112,132,113,109,56,0,0,8,15,33,80,110,125,124,132,128,124,103,58,4,0,0
87,118,129,94,12,3,9,12,31,43,33,12,57,29,83,105,121,123,115,105,65,12,0,0
98,83,56,63,0,2,52,83,72,64,67,73,88,102,93,102,109,137,131,115,53,18,14,7
38,68,58,83,91,95,100,103,71,74,93,85,136,118,123,169,147,161,164,101,69,38,11,14
14,30,37,52,89,74,56,62,67,84,126,133,187,238,269,357,347,222,193,114,63,33,19,13
7,14,43,105,108,109,89,75,68,117,138,184,214,200,262,324,300,234,184,149,91,36,23,13
1,7,22,75,99,85,60,79,75,79,121,152,189,218,294,322,278,243,171,130,96,21,13,10
6,6,16,34,40,53,80,59,54,56,103,124,141,155,215,198,206,189,139,101,43,35,17,13
0,0,11,30,55,63,67,48,41,45,30,70,62,95,73,115,112,108,82,43,24,26,12,6
0,0,10,9,31,46,79,58,36,40,49,37,37,35,41,48,69,55,37,36,43,3,6,7
0,0,0,0,9,53,109,100,68,67,24,73,13,14,14,28,14,13,28,7,6,6,5,4
0,0,0,0,13,37,73,105,102,23,81,58,13,46,41,20,12,0,15,11,1,0,0,0
0,1,2,10,15,33,78,102,101,106,105,76,20,15,3,2,14,1,0,0,3,0,10,0
0,0,0,10,14,39,66,101,104,112,75,40,9,11,7,5,0,4,0,1,0,12,3,0
0,1,8,11,40,72,107,112,101,38,12,12,16,50,11,28,6,0,9,11,0,9,11,10
0,0,6,42,87,136,146,103,34,16,0,0,5,2,6,0,10,9,1,14,11,10,6,8
0,0,6,14,51,51,54,50,10,14,0,7,0,6,5,10,13,21,12,13,10,9,13,1
5,1,5,12,17,39,40,23,31,30,12,9,6,3,6,0,10,17,13,13,12,11,4,13
0,0,0,10,9,13,14,10,13,6,6,7,0,0,0,0,7,3,10,11,12,2,6,0
7,0,2,0,6,11,8,5,11,0,0,2,0,0,0,0,8,12,8,9,1,0,0,0
0,0,0,0,2,9,2,0,0,0,0,6,0,0,7,7,0,4,7,4,2,0,0,0
0,0,0,0,0,0,0,0,0,1,7,1,0,0,11,2,0,0,9,2,5,3,5,4
0,0,0,0,0,0,0,0,0,0,0,0,0,0,10,0,2,12,10,0,0,4,7,0
0,0,0,0,0,0,0,0,0,4,0,1,10,2,0,4,6,10,3,8,9,5,0,3
0,3,0,0,3,2,0,0,0,1,8,6,7,7,4,3,5,5,0,0,6,7,3,0
0,0,0,0,0,0,0,0,6,5,0,1,9,12,0,4,0,4,0,8,0,9,0,0
0,0,0,0,0,2,0,0,0,7,12,8,0,6,4,0,0,6,4,10,6,9,7,0
1,2,1,0,2,6,6,8,6,13,10,12,12,10,0,0,12,0,0,9,13,6,9,0
5,2,0,0,5,8,10,12,0,3,5,14,6,0,0,8,0,0,6,8,8,12,13,9
2,3,0,2,7,9,0,0,0,6,11,3,0,0,0,2,0,9,4,0,5,12,11,0
2,0,6,1,6,0,4,9,7,5,3,2,4,10,3,0,0,8,1,10,11,3,10,9

8,10,11,10,12,14,14,15,23,14,11,11,8,7,11,13,3,5,4,5,10,7,11,6
12,9,10,13,15,51,53,50,51,23,15,40,28,10,14,16,13,10,11,13,13,8,8,9
8,8,9,12,11,44,43,41,14,11,48,70,101,84,54,15,18,14,9,1,0,3,9,0
12,9,14,13,13,21,39,13,11,91,140,194,175,136,75,54,48,30,14,11,9,8,4,9
0,0,4,4,3,8,14,10,46,102,166,222,252,212,134,75,58,51,22,17,11,8,12,12
0,1,13,13,11,13,13,14,61,103,184,249,282,225,191,94,59,47,32,28,9,1,0,0
5,0,6,12,12,11,14,24,64,106,162,190,197,122,163,136,69,54,7,10,11,0,0,0
0,0,0,0,0,8,3,14,89,118,135,141,103,75,113,111,77,60,29,32,12,13,11,6
2,0,1,5,4,1,10,55,90,115,125,111,86,90,111,116,114,91,63,14,14,14,12,6
0,0,11,14,10,25,53,73,113,118,102,79,91,155,165,153,135,112,72,35,13,6,11,8
3,2,17,28,50,56,86,136,161,98,73,59,83,174,197,196,169,144,111,67,45,7,8,8
7,12,50,60,78,102,140,195,147,67,58,56,78,139,231,221,188,176,138,86,44,11,2,0
28,53,83,114,142,154,133,107,58,34,60,57,106,121,147,170,163,129,123,83,51,17,0,0
72,111,113,132,114,109,56,0,0,8,19,33,80,109,125,124,132,128,124,103,58,4,0,0
88,118,130,96,12,4,9,12,31,41,31,12,57,28,83,105,121,124,115,105,66,13,0,0
99,83,56,64,0,3,52,83,72,64,67,73,89,102,93,102,109,137,131,115,53,18,14,7
40,68,59,84,93,96,100,104,72,74,93,85,136,118,123,170,147,162,164,102,69,38,11,14
15,30,37,53,90,74,57,62,67,84,126,133,188,239,269,357,347,221,192,115,63,33,19,13
8,14,44,105,108,109,90,75,68,117,139,184,214,200,261,323,299,233,183,149,91,36,23,13
2,7,25,76,100,86,60,79,75,80,121,152,189,218,294,322,277,242,170,130,96,20,13,10
6,6,17,35,40,53,80,59,54,56,103,124,142,155,215,198,205,188,138,101,43,35,17,13
0,0,11,30,55,63,67,48,41,45,30,70,62,95,73,115,112,107,82,42,24,26,12,6
0,0,11,9,31,47,80,59,36,40,49,37,38,35,41,48,68,54,36,36,43,3,6,7
0,0,0,0,9,56,109,100,70,67,24,75,14,15,14,31,14,13,30,7,6,6,5,4
0,0,0,0,13,37,75,105,102,24,81,60,13,48,43,20,12,0,15,11,1,0,0,0
0,1,2,10,15,33,78,102,102,106,105,78,19,14,3,2,14,1,0,0,3,0,10,0
0,0,0,10,14,40,65,101,104,112,75,43,9,11,7,5,0,4,0,1,0,12,3,0
0,1,8,11,38,72,107,112,101,37,12,12,17,47,10,29,5,0,9,11,0,9,11,10
0,0,6,41,87,136,146,103,35,17,0,0,5,2,6,0,10,9,2,15,11,10,6,8
0,0,5,14,51,51,53,50,10,14,0,7,0,6,4,10,13,21,12,13,10,9,13,0
5,1,5,12,17,39,41,23,31,30,12,9,6,3,6,0,10,17,13,13,12,11,4,12
0,0,0,10,9,13,14,10,13,6,6,7,0,0,0,0,7,3,10,11,12,2,6,0
7,0,2,0,6,11,8,5,11,0,0,2,0,0,0,0,8,12,8,9,1,0,0,0
0,0,0,0,2,9,2,0,0,0,0,6,0,0,7,7,0,4,7,4,2,0,0,0
0,0,0,0,0,0,0,0,0,0,6,1,0,0,11,2,0,0,9,2,5,3,5,4
0,0,0,0,0,0,0,0,0,0,0,0,0,0,10,0,2,12,10,0,0,4,7,0
0,0,0,0,0,0,0,0,0,4,0,0,10,2,0,4,6,10,3,8,9,5,0,3
0,3,0,0,3,1,0,0,0,1,8,6,7,7,4,3,4,5,0,0,6,7,3,0
0,0,0,0,0,0,0,0,6,5,0,1,9,12,0,3,0,4,0,7,0,9,0,0
0,0,0,0,0,2,0,0,0,7,12,8,0,6,4,0,0,6,4,10,6,8,7,0
1,1,1,0,2,6,6,8,6,13,10,12,12,10,0,0,12,0,0,9,13,6,9,0
5,2,0,0,5,8,10,12,0,3,5,14,6,0,0,8,0,0,6,8,8,12,13,9
2,3,0,2,7,9,0,0,0,6,11,3,0,0,0,2,0,9,4,0,5,12,11,0
2,0,6,1,6,0,4,9,7,5,3,2,3,10,3,0,0,8,1,10,11,3,10,9

9,10,11,10,12,14,14,14,23,14,11,11,8,7,12,13,3,5,4,5,10,7,11,6
11,9,11,13,15,51,53,50,52,22,15,41,29,10,14,16,13,10,12,13,13,8,8,9
8,8,9,11,11,43,44,40,14,11,48,70,101,85,54,14,18,14,9,1,0,3,9,0
12,9,14,13,13,21,38,13,11,90,140,193,175,137,75,54,47,30,14,11,9,8,4,8
0,0,5,5,4,9,14,10,44,102,166,221,252,213,134,75,58,51,22,17,11,8,12,12
0,1,13,13,11,13,13,15,61,103,184,249,283,226,192,95,59,47,32,28,9,1,0,0
5,0,6,12,12,11,14,24,64,106,162,190,197,123,164,136,69,54,7,10,11,0,0,0
0,0,0,0,0,8,3,14,89,118,135,142,102,76,113,111,78,60,30,30,12,13,11,6
2,1,1,5,4,1,10,55,90,115,124,110,85,90,111,116,114,91,63,14,14,14,12,6
0,0,11,14,10,25,53,73,113,117,102,78,90,154,165,152,134,112,72,34,13,6,11,8
3,2,18,27,50,56,87,136,161,97,72,58,83,174,198,195,166,142,111,66,45,7,8,8
7,12,50,60,78,102,141,194,146,67,58,56,79,140,232,220,186,174,138,87,44,11,2,0
29,53,83,114,142,154,133,106,58,37,60,57,106,122,148,170,162,129,123,84,51,17,0,0
72,112,113,133,114,109,56,0,0,8,22,36,81,110,126,124,132,128,124,103,59,5,0,0
89,119,131,98,12,4,9,12,34,43,36,13,58,34,86,105,121,124,116,105,67,13,0,0
99,83,56,64,0,3,52,85,72,64,67,73,89,102,93,102,109,138,132,115,53,19,14,7
41,68,59,85,93,97,100,104,72,74,93,86,137,118,123,170,147,162,165,102,69,38,11,14
15,30,37,53,90,74,56,62,68,84,127,134,189,239,268,357,345,221,193,115,63,33,19,13
8,14,45,105,108,109,90,75,68,118,139,185,214,200,260,323,298,233,183,149,91,36,24,13
2,7,26,77,100,86,60,79,76,80,121,152,189,218,292,320,275,241,170,130,96,19,13,10
6,6,16,36,41,53,80,59,54,56,103,124,141,154,214,197,203,187,138,100,43,35,17,13
0,0,11,31,56,63,67,49,42,45,30,70,62,95,73,115,111,107,81,42,23,26,12,5
0,0,11,10,32,47,80,59,36,40,49,37,38,36,41,48,68,54,36,36,43,3,6,7
0,0,0,0,10,56,109,100,69,67,24,74,14,15,14,29,14,13,27,7,6,6,5,4
0,0,0,0,13,39,75,105,102,26,81,60,13,46,41,20,12,0,14,11,1,0,0,0
0,2,3,10,15,35,79,102,101,106,105,76,20,15,3,2,14,1,0,0,3,0,10,0
0,0,0,10,14,40,66,101,104,112,76,41,9,11,7,5,0,4,0,1,0,12,3,0
0,1,8,11,38,71,107,113,101,38,12,12,16,48,10,28,5,0,9,11,0,9,11,10
0,0,6,42,87,136,147,103,35,17,0,0,5,2,6,0,10,9,2,14,11,10,5,8
0,0,5,14,51,51,54,50,10,14,0,7,0,6,4,9,13,22,12,13,10,9,13,0
5,1,5,12,18,39,41,24,31,30,12,9,6,3,6,0,10,17,13,13,12,11,4,12
0,0,0,10,9,13,14,10,13,6,6,7,0,0,0,0,6,3,10,11,12,2,6,0
7,0,2,0,7,11,8,5,11,0,0,2,0,0,0,0,8,12,8,9,1,0,0,0
0,0,0,0,2,9,2,0,0,0,0,6,0,0,7,7,0,4,7,4,2,0,0,0
0,0,0,0,0,0,0,0,0,0,6,1,0,0,11,1,0,0,9,2,5,3,5,4
0,0,0,0,0,0,0,0,0,0,0,0,0,0,10,0,1,11,10,0,0,4,7,0
0,0,0,0,0,0,0,0,0,4,0,0,10,2,0,4,6,10,3,8,9,5,0,3
0,3,0,0,3,1,0,0,0,1,8,6,7,7,4,3,4,5,0,0,6,7,3,0
0,0,0,0,0,0,0,0,6,5,0,1,9,12,0,3,0,4,0,7,0,9,0,0
0,0,0,0,0,2,0,0,0,7,12,8,0,6,4,0,0,6,4,10,6,8,7,0
1,1,1,0,2,6,6,8,6,13,10,12,12,10,0,0,12,0,0,9,13,6,9,0
5,2,0,0,5,8,10,12,0,3,5,14,6,0,0,8,0,0,6,8,7,12,13,9
2,3,0,2,7,9,0,0,0,6,11,3,0,0,0,2,0,9,4,0,5,12,11,0
2,0,6,1,6,0,4,9,7,5,3,2,4,10,3,0,0,8,1,10,11,3,10,9

9,10,11,10,12,14,14,16,25,14,11,11,8,7,12,13,3,5,4,5,10,7,11,6
12,9,10,13,14,51,53,50,51,23,15,40,32,10,14,17,13,10,11,13,13,8,8,9
8,9,10,12,11,44,44,40,14,11,48,70,101,85,54,15,18,14,9,1,0,3,9,0
12,9,14,13,13,22,38,13,11,89,139,193,175,137,76,54,48,31,14,11,8,8,4,8
0,0,5,5,4,9,14,11,47,102,166,221,253,214,135,76,58,51,22,18,11,8,12,12
0,1,13,13,11,13,13,15,61,104,184,250,284,227,192,95,59,48,32,28,9,1,0,0
5,0,6,12,12,11,14,25,64,106,162,191,199,123,163,136,69,54,7,10,11,0,0,0
0,0,0,0,0,8,3,16,89,119,136,142,103,76,113,111,78,61,30,31,12,13,11,5
2,1,1,5,4,1,11,55,90,115,125,111,85,90,111,116,114,91,63,14,14,14,12,6
0,0,11,14,10,24,53,73,113,117,102,78,90,153,163,150,133,111,72,34,13,6,10,8
3,3,18,28,50,56,87,137,160,97,72,58,82,174,198,194,165,141,111,66,44,7,8,7
7,12,50,60,78,102,141,194,145,67,58,56,79,141,232,219,185,173,138,87,44,11,2,0
28,53,84,114,143,155,133,106,58,38,60,57,107,122,148,170,161,128,123,84,52,18,0,0
73,112,113,133,114,109,55,0,0,8,22,39,82,110,126,124,131,128,125,103,59,5,0,0
90,120,131,99,14,6,9,13,29,43,36,13,59,37,88,105,121,124,116,105,67,14,0,0
99,84,56,65,0,3,52,85,73,64,68,74,89,102,92,102,109,138,132,115,54,19,14,7
40,68,59,86,95,97,100,104,72,74,94,87,137,118,123,169,147,162,165,102,69,39,11,14
16,30,37,53,91,74,56,62,68,85,128,134,190,240,268,356,345,221,192,115,63,33,19,13
8,14,48,105,108,109,89,75,69,118,139,185,215,201,261,323,298,233,183,149,91,36,23,13
3,7,29,77,100,87,60,79,76,80,122,152,189,218,292,319,275,241,169,130,96,19,13,10
6,6,17,36,41,54,80,59,54,56,103,125,141,155,215,197,203,187,138,100,43,35,17,13
0,0,11,32,56,63,68,48,42,45,30,71,62,94,73,114,111,107,81,42,23,26,12,5
0,0,11,10,32,47,81,59,36,40,50,38,38,36,41,48,68,54,36,35,43,3,6,7
0,0,0,0,10,57,109,100,69,68,26,74,14,15,14,29,14,13,27,7,6,6,5,4
0,0,0,0,13,40,76,105,102,24,82,61,13,47,40,21,12,0,14,11,0,0,0,0
0,3,4,10,16,36,79,102,102,106,105,77,20,15,3,1,14,0,0,0,2,0,10,0
0,0,0,11,14,41,67,101,104,112,77,41,9,12,7,5,0,4,0,1,0,12,3,0
0,2,8,12,38,71,107,113,102,38,13,12,16,47,10,25,5,0,8,11,0,9,11,10
0,0,6,42,86,136,148,104,37,16,0,0,5,2,6,0,10,9,2,14,11,10,5,8
0,0,6,14,51,51,54,50,10,14,0,7,0,6,4,9,13,21,12,13,10,8,13,0
5,1,5,12,18,39,41,24,31,30,12,9,6,3,6,0,10,17,13,13,11,11,4,12
0,0,0,10,9,13,14,10,13,6,5,6,0,0,0,0,6,3,10,11,12,2,5,0
7,0,2,0,7,11,8,5,11,0,0,2,0,0,0,0,8,12,8,9,1,0,0,0
0,0,0,0,2,9,2,0,0,0,0,6,0,0,7,7,0,3,7,4,2,0,0,0
0,0,0,0,0,0,0,0,0,0,6,0,0,0,11,1,0,0,9,2,5,3,5,4
0,0,0,0,0,0,0,0,0,0,0,0,0,0,10,0,1,11,10,0,0,4,7,0
0,0,0,0,0,0,0,0,0,4,0,0,10,2,0,4,6,10,3,8,9,5,0,3
0,3,0,0,3,1,0,0,0,1,8,6,7,7,4,3,4,5,0,0,6,7,2,0
0,0,0,0,0,0,0,0,6,5,0,1,9,12,0,3,0,4,0,7,0,9,0,0
0,0,0,0,0,3,0,0,0,7,12,8,0,6,4,0,0,6,4,10,6,8,7,0
1,1,1,0,2,6,6,8,6,13,10,12,12,10,0,0,12,0,0,9,13,6,9,0
5,2,0,0,5,8,10,12,0,3,5,14,6,0,0,8,0,0,6,8,7,12,13,9
2,3,0,2,7,9,0,0,0,6,11,3,0,0,0,2,0,9,4,0,5,12,11,0
2,0,6,1,6,0,4,9,7,5,3,2,3,10,3,0,0,8,1,10,11,3,10,9

9,10,11,10,12,14,14,14,23,14,11,11,8,7,12,13,3,5,3,5,10,7,11,6
11,9,11,13,14,51,53,50,51,23,16,41,31,10,14,16,13,10,11,13,13,8,8,9
8,9,9,12,11,45,43,42,15,11,48,70,101,84,54,15,18,14,9,1,0,3,9,0
12,9,14,13,13,21,38,13,11,90,139,193,176,137,76,54,48,30,14,11,8,8,3,8
0,0,5,5,4,9,14,11,46,102,166,221,252,215,135,76,58,51,22,17,11,8,12,12
0,1,13,13,11,13,13,15,61,104,184,249,283,226,192,95,59,47,32,28,9,1,0,0
5,0,6,12,12,11,14,24,64,106,162,191,198,123,163,136,69,54,7,10,11,0,0,0
0,0,0,0,0,8,4,16,89,119,135,142,103,76,113,111,78,61,31,31,12,13,11,5
2,1,1,5,4,2,11,55,90,115,125,111,85,90,111,116,114,92,63,14,14,14,12,6
0,0,11,14,10,27,53,73,113,117,102,78,90,154,164,151,134,112,72,35,13,6,10,8
3,3,19,28,51,56,87,137,160,97,72,58,83,173,197,194,164,142,112,67,44,7,8,8
8,12,50,61,78,103,142,194,145,67,58,56,79,141,231,219,185,174,138,88,45,11,2,0
29,53,83,114,143,155,133,106,58,40,61,57,106,122,148,169,161,128,123,85,52,18,0,0
73,112,114,134,114,109,55,0,0,8,25,39,83,110,126,124,131,128,125,103,59,5,0,0
90,120,132,100,14,6,9,13,30,44,38,13,59,40,88,105,121,124,116,105,67,14,0,0
100,84,56,66,0,3,52,86,72,64,68,74,89,102,93,102,109,138,133,116,54,19,14,7
41,69,59,86,95,98,100,104,72,75,94,87,137,118,123,170,147,162,166,102,70,39,11,14
16,31,37,54,91,74,57,62,68,85,128,135,190,240,269,357,346,221,193,115,63,33,19,13
8,14,48,105,108,109,90,75,69,118,139,185,215,201,261,323,298,233,183,149,91,36,23,13
3,7,31,78,100,87,60,80,76,80,122,153,189,218,291,319,274,240,169,130,96,21,13,10
6,6,17,36,41,54,81,59,54,56,103,125,141,154,214,196,202,187,138,100,43,35,16,13
0,0,11,33,55,64,67,48,43,46,31,70,62,95,73,114,111,106,80,42,23,26,12,5
0,0,11,10,32,48,81,59,37,41,51,38,39,37,42,48,69,54,36,36,43,3,6,7
0,0,0,0,10,58,109,100,69,68,27,75,14,15,14,30,14,13,27,7,6,6,5,4
0,0,0,0,13,40,76,105,102,29,81,60,14,48,43,20,12,0,14,11,0,0,0,0
0,3,5,10,16,36,81,102,102,106,105,78,20,16,3,1,14,0,0,0,2,0,10,0
0,0,0,11,14,40,66,101,104,112,77,43,9,11,7,5,0,4,0,0,0,12,3,0
0,2,9,12,38,72,107,114,102,38,13,12,18,50,10,27,5,0,8,11,0,9,11,10
0,0,6,43,87,136,148,104,37,18,0,0,5,2,6,0,10,9,2,14,11,10,5,8
0,0,6,14,52,51,54,51,10,14,0,7,0,6,4,9,13,21,12,13,10,8,13,0
5,1,5,12,18,39,41,25,31,30,12,9,6,3,6,0,10,16,13,13,11,11,4,12
0,0,0,10,9,13,14,10,13,6,5,7,0,0,0,0,6,3,10,11,12,2,5,0
7,0,2,0,7,11,8,5,11,0,0,2,0,0,0,0,8,12,8,9,1,0,0,0
0,0,0,0,3,10,2,0,0,0,0,6,0,0,7,7,0,3,7,3,2,0,0,0
0,0,0,0,0,0,0,0,0,0,6,0,0,0,11,1,0,0,9,2,5,3,5,3
0,0,0,0,0,0,0,0,0,0,0,0,0,0,10,0,0,11,10,0,0,4,7,0
0,0,0,0,0,0,0,0,0,4,0,0,10,2,0,4,6,10,2,8,9,5,0,2
0,3,0,0,3,1,0,0,0,1,8,6,7,6,4,3,4,5,0,0,6,7,2,0
0,0,0,0,0,0,0,0,6,5,0,0,9,12,0,3,0,4,0,7,0,9,0,0
0,0,0,0,0,2,0,0,0,7,12,8,0,6,4,0,0,6,4,10,6,8,7,0
1,1,1,0,2,6,6,8,6,13,10,12,12,10,0,0,12,0,0,9,13,6,9,0
5,2,0,0,5,8,10,12,0,3,5,14,6,0,0,8,0,0,6,7,7,12,13,9
2,3,0,2,7,9,0,0,0,6,11,3,0,0,0,2,0,9,4,0,5,12,11,0
2,0,6,1,6,0,4,9,7,5,3,2,4,10,3,0,0,8,1,10,11,3,10,9

9,10,11,10,12,14,14,14,23,14,11,11,8,7,12,13,3,5,4,5,10,7,11,6
12,9,11,13,14,51,53,51,51,24,16,41,31,10,14,16,13,10,11,13,13,8,8,9
8,9,10,12,11,45,44,41,15,11,47,70,101,85,54,15,18,14,9,1,0,3,9,0
12,9,14,13,13,21,39,13,11,90,139,194,177,137,76,54,46,30,14,11,8,8,3,9
0,0,5,5,4,9,14,11,46,102,166,221,253,214,134,76,58,51,22,17,11,8,12,12
0,2,13,13,12,13,13,16,61,104,184,249,282,225,191,94,59,48,32,28,9,1,0,0
5,0,6,12,12,11,14,25,64,106,162,190,197,122,162,135,69,54,7,10,11,0,0,0
0,0,0,0,0,8,4,18,89,119,136,142,103,75,112,111,77,60,31,31,12,13,11,5
2,1,1,5,4,2,11,55,91,115,125,110,85,90,110,115,114,91,63,14,14,14,12,6
0,0,12,14,10,28,53,74,114,117,102,78,91,154,164,151,134,112,72,36,13,6,10,8
3,3,18,28,50,56,87,137,160,97,72,58,83,173,197,194,166,143,112,67,45,7,8,8
8,12,50,61,78,103,142,194,145,67,58,56,79,140,231,219,186,175,139,89,45,11,2,0
29,53,83,115,143,155,133,106,58,42,61,57,106,122,147,169,161,128,124,85,52,18,0,0
73,112,114,134,115,109,55,0,0,8,25,41,83,110,126,124,131,128,125,103,59,6,0,0
91,120,132,100,15,6,9,13,31,44,38,13,60,41,88,105,121,124,116,105,67,14,0,0
100,84,56,66,0,3,52,86,73,64,67,74,90,102,94,102,110,138,133,116,54,20,14,7
42,68,59,86,95,97,100,104,72,75,94,87,137,119,123,170,148,163,166,102,69,39,11,14
16,30,37,53,91,74,57,62,68,85,128,135,190,240,268,357,346,221,193,116,63,33,19,13
8,14,47,105,108,109,90,76,69,118,139,185,215,201,262,323,299,233,183,149,91,36,23,13
3,8,33,79,100,87,60,80,76,80,122,153,189,218,292,319,274,241,170,130,96,20,13,10
6,6,17,37,41,54,81,59,54,56,103,125,141,154,214,196,202,186,138,100,43,34,16,13
0,0,11,34,56,64,68,48,42,46,31,71,62,95,74,114,111,106,80,42,23,26,12,5
0,0,11,10,32,48,81,59,37,41,51,38,39,37,42,48,68,54,36,36,43,2,6,7
0,0,0,0,10,59,109,100,70,70,29,75,14,17,14,30,14,13,27,7,6,6,5,4
0,0,0,0,13,41,76,105,102,29,81,60,14,48,43,21,12,0,14,11,0,0,0,0
0,4,5,10,16,36,82,102,102,106,105,77,22,17,3,1,14,0,0,0,2,0,10,0
0,0,1,11,14,40,66,101,104,112,75,40,9,11,7,5,0,4,0,0,0,12,3,0
0,2,9,12,41,72,108,114,102,38,13,12,17,45,10,27,5,0,8,11,0,9,11,10
0,0,6,46,87,137,149,104,37,16,0,0,5,2,5,0,10,9,2,14,11,10,5,8
0,0,6,14,52,51,54,51,10,14,0,7,0,6,4,9,12,21,12,13,10,8,13,0
5,1,6,12,19,39,41,24,31,29,11,8,6,3,6,0,10,16,13,13,11,11,3,12
0,0,0,10,9,13,14,10,13,6,5,6,0,0,0,0,7,3,10,11,12,1,5,0
7,0,2,0,7,11,8,5,11,0,0,2,0,0,0,0,8,12,8,9,1,0,0,0
0,0,0,0,2,9,1,0,0,0,0,6,0,0,7,7,0,3,7,3,2,0,0,0
0,0,0,0,0,0,0,0,0,0,6,0,0,0,11,1,0,0,9,2,5,3,5,3
0,0,0,0,0,0,0,0,0,0,0,0,0,0,10,0,0,11,10,0,0,4,7,0
0,0,0,0,0,0,0,0,0,4,0,0,10,2,0,4,6,10,2,7,9,5,0,2
0,3,0,0,3,1,0,0,0,0,8,6,7,6,4,3,4,4,0,0,6,7,2,0
0,0,0,0,0,0,0,0,6,4,0,0,9,12,0,3,0,4,0,7,0,9,0,0
0,0,0,0,0,2,0,0,0,7,12,8,0,6,4,0,0,6,4,10,6,8,7,0
1,1,1,0,2,5,6,8,6,13,10,12,12,10,0,0,12,0,0,9,13,6,9,0
5,2,0,0,5,8,10,12,0,3,5,14,6,0,0,8,0,0,6,7,7,12,13,9
2,3,0,2,7,9,0,0,0,6,11,3,0,0,0,2,0,9,3,0,5,12,11,0
2,0,6,1,6,0,4,9,7,5,3,3,4,10,3,0,0,8,1,10,11,3,10,9

9,10,11,10,12,14,14,15,24,14,11,11,8,7,12,13,3,5,3,5,10,7,11,6
12,9,11,13,14,51,53,51,52,24,17,39,31,10,14,16,13,10,11,13,13,8,8,9
8,9,10,12,11,45,44,42,15,11,47,70,101,83,54,14,18,14,9,1,0,3,9,0
12,10,14,13,13,22,38,13,11,90,140,194,177,137,76,54,47,31,14,11,8,8,4,8
0,0,6,6,4,9,14,11,46,102,166,222,252,213,134,75,58,51,22,17,11,8,12,12
0,2,13,13,12,13,13,15,61,104,184,248,282,225,191,95,59,48,32,28,9,1,0,0
5,0,6,12,12,12,14,27,64,107,162,190,197,122,162,135,69,54,7,10,11,0,0,0
0,0,0,0,1,8,4,20,89,119,135,142,103,75,113,111,78,61,31,32,12,13,11,6
3,1,1,5,5,2,11,55,91,115,125,110,85,90,111,116,115,92,63,14,14,14,12,6
0,0,12,14,10,31,53,74,114,117,101,78,91,155,165,153,135,113,73,37,13,6,11,8
4,3,19,28,51,56,88,138,160,97,72,58,83,173,197,195,167,144,113,67,45,7,8,8
8,12,50,61,79,103,143,195,145,66,58,56,78,139,230,220,186,176,140,89,45,11,2,0
30,53,83,115,144,156,133,106,58,43,61,57,106,121,147,169,161,129,124,85,52,18,0,0
73,112,115,135,115,109,55,0,0,8,25,41,82,110,125,124,131,128,125,103,59,5,0,0
92,120,132,100,16,7,9,13,31,45,40,13,60,42,87,105,121,124,116,105,67,14,0,0
101,84,56,66,0,3,52,86,73,64,67,74,90,102,94,102,110,138,133,116,54,20,14,7
43,68,59,86,95,98,100,104,72,75,94,86,137,119,124,171,148,164,167,102,70,39,11,14
16,30,37,54,91,74,57,62,68,85,128,135,190,240,269,357,346,222,194,116,63,34,19,13
8,14,48,105,108,109,89,76,68,118,139,185,215,201,260,323,298,233,183,149,91,36,23,13
3,8,33,79,100,87,60,81,76,80,122,152,189,217,291,318,274,241,170,130,97,20,13,10
6,6,17,37,42,54,81,59,54,56,103,125,141,154,213,196,201,186,138,100,43,34,16,13
0,0,11,34,56,64,68,48,43,46,31,70,62,94,73,114,111,106,80,41,23,25,12,5
0,0,12,10,32,48,82,59,37,41,51,39,39,37,42,48,68,54,36,36,42,2,6,7
0,0,0,0,10,60,109,100,69,71,27,75,14,17,14,30,14,13,27,7,6,6,5,4
0,0,0,0,13,41,77,105,102,27,80,61,14,47,40,23,12,0,14,11,0,0,0,0
0,4,5,10,18,36,81,102,102,106,105,77,22,16,3,2,14,0,0,0,2,0,10,0
0,0,1,11,14,41,66,102,104,112,76,40,8,11,7,5,0,4,0,0,0,12,3,0
0,2,9,12,40,73,108,114,102,39,13,12,18,45,10,27,5,0,8,11,0,9,11,10
0,0,7,46,88,137,149,104,37,17,0,0,5,2,5,0,10,9,2,14,11,10,5,8
0,0,6,14,52,51,54,51,10,14,0,7,0,6,4,9,13,21,12,13,10,8,13,0
5,1,6,12,20,39,41,25,31,29,11,8,6,3,6,0,10,16,13,13,11,11,3,12
0,0,0,10,9,13,14,10,13,6,5,6,0,0,0,0,6,3,10,11,12,1,5,0
7,0,2,0,7,11,8,5,11,0,0,2,0,0,0,0,8,12,8,9,1,0,0,0
0,0,0,0,3,10,1,0,0,0,0,6,0,0,7,6,0,3,7,3,2,0,0,0
0,0,0,0,0,0,0,0,0,0,6,0,0,0,11,1,0,0,9,2,5,3,5,3
0,0,0,0,0,0,0,0,0,0,0,0,0,0,10,0,0,11,10,0,0,4,7,0
0,0,0,0,0,0,0,0,0,4,0,0,10,2,0,3,5,10,2,7,9,5,0,2
0,3,0,0,3,1,0,0,0,0,8,6,7,6,4,3,4,4,0,0,6,7,2,0
0,0,0,0,0,0,0,0,6,4,0,0,9,12,0,3,0,4,0,7,0,9,0,0
0,0,0,0,0,2,0,0,0,7,12,8,0,6,4,0,0,6,4,10,6,8,7,0
1,1,1,0,2,5,6,8,6,13,10,12,12,10,0,0,12,0,0,9,13,6,9,0
5,2,0,0,5,8,10,12,0,3,5,14,6,0,0,8,0,0,6,7,7,12,13,9
2,3,0,2,7,9,0,0,0,6,11,3,0,0,0,2,0,9,3,0,5,12,11,0
2,0,6,1,6,0,4,9,7,5,3,2,4,10,3,0,0,8,1,10,11,3,10,9

9,10,11,10,12,14,14,16,24,14,11,11,8,7,12,13,2,5,3,5,10,7,11,6
12,9,11,13,16,52,53,51,52,23,16,41,32,10,14,17,13,10,11,13,13,8,8,9
8,9,10,12,12,45,45,42,16,11,47,70,101,84,54,14,18,14,9,1,0,3,9,0
12,10,14,13,13,22,38,14,11,90,139,194,177,137,76,54,47,30,14,11,8,8,3,8
0,0,6,6,4,9,14,11,46,102,166,222,253,214,135,76,58,51,22,17,11,8,12,12
0,2,13,13,12,14,13,16,61,104,184,248,281,225,191,95,59,47,32,28,9,1,0,0
5,0,6,12,12,12,14,27,64,107,162,190,197,123,163,136,70,54,7,10,11,0,0,0
0,0,0,0,1,8,4,20,89,119,135,142,103,76,113,111,78,61,32,31,12,13,11,6
3,1,1,5,5,2,11,55,90,115,125,110,85,90,111,116,115,92,63,14,14,14,12,6
0,0,12,14,10,31,53,74,114,117,101,78,91,155,166,154,136,114,73,37,13,6,11,8
4,3,19,29,51,56,88,138,160,97,72,58,83,173,197,196,170,146,114,68,47,7,8,8
8,13,50,61,79,103,143,195,145,66,58,56,78,138,230,220,188,177,141,90,46,11,2,0
30,53,85,115,144,156,133,106,58,43,61,57,106,120,147,169,162,129,124,85,52,18,0,0
73,113,114,135,115,109,55,0,0,8,25,41,81,109,125,124,131,127,124,103,59,5,0,0
92,121,133,100,16,7,9,13,31,45,41,13,59,41,86,105,121,124,116,105,67,14,0,0
101,84,57,66,0,3,53,87,73,64,67,74,89,102,94,102,109,138,133,116,54,20,14,7
43,69,59,86,97,99,100,104,72,75,94,86,137,119,124,171,148,164,168,103,70,39,11,14
16,30,37,53,91,74,57,62,68,85,128,135,190,240,269,357,347,222,195,117,64,34,19,13
9,14,50,106,108,110,90,76,69,118,139,185,215,201,260,323,299,233,183,149,92,36,23,13
4,8,35,80,100,88,60,80,76,80,122,152,189,217,291,318,273,241,170,130,97,20,13,10
6,6,17,37,42,54,81,59,54,56,103,125,141,154,213,195,200,185,138,100,43,34,16,13
0,0,11,34,56,65,68,48,43,46,31,70,62,94,73,114,110,106,80,41,23,25,12,5
0,0,12,11,33,49,82,60,37,41,52,39,40,37,42,49,68,54,36,35,43,2,6,7
0,0,0,0,10,60,109,100,70,70,29,75,14,20,14,30,14,13,27,7,6,6,5,4
0,0,0,0,13,43,78,105,102,29,80,61,14,48,41,24,12,0,14,11,0,0,0,0
0,4,5,10,16,36,81,102,102,106,105,76,20,16,3,1,13,0,0,0,2,0,10,0
0,0,2,11,14,40,67,102,104,112,75,41,9,11,7,5,0,3,0,0,0,12,3,0
0,2,9,12,41,72,108,115,102,40,13,12,18,48,10,25,5,0,8,11,0,9,11,10
0,0,7,48,89,138,150,104,38,17,0,0,6,2,5,0,10,9,2,14,11,10,5,8
0,0,7,14,53,51,54,51,10,14,0,7,0,6,4,9,13,21,12,13,10,8,13,0
5,1,6,12,20,39,41,25,32,29,11,9,5,3,5,0,10,16,13,13,11,11,3,12
0,0,0,10,9,13,14,10,13,5,5,6,0,0,0,0,6,3,10,11,12,1,5,0
7,0,2,0,7,11,9,5,11,0,0,2,0,0,0,0,8,12,8,9,1,0,0,0
0,0,0,0,3,10,1,0,0,0,0,6,0,0,7,6,0,3,7,3,2,0,0,0
0,0,0,0,0,0,0,0,0,0,6,0,0,0,11,1,0,0,9,2,5,3,5,3
0,0,0,0,0,0,0,0,0,0,0,0,0,0,10,0,0,11,10,0,0,4,7,0
0,0,0,0,0,0,0,0,0,4,0,0,10,2,0,3,5,9,2,7,9,5,0,2
0,3,0,0,3,1,0,0,0,0,8,6,7,6,4,3,4,4,0,0,6,6,2,0
0,0,0,0,0,0,0,0,6,4,0,0,9,12,0,3,0,4,0,7,0,9,0,0
0,0,0,0,0,2,0,0,0,7,12,8,0,5,4,0,0,6,4,10,6,8,7,0
1,1,1,0,2,5,6,8,6,13,10,12,12,10,0,0,12,0,0,9,13,6,9,0
5,2,0,0,5,8,10,12,0,3,5,14,6,0,0,8,0,0,6,8,7,12,13,9
2,3,0,2,7,9,0,0,0,6,11,3,0,0,0,2,0,9,3,0,5,12,11,0
2,0,6,1,6,0,4,9,7,5,3,2,3,10,3,0,0,8,1,9,11,3,10,9

9,10,11,10,12,14,14,15,24,14,11,11,8,7,12,13,2,5,3,5,10,7,11,5
12,9,11,13,16,51,53,50,52,24,16,40,32,10,14,17,13,10,11,13,13,8,8,9
8,9,10,12,11,44,45,41,17,11,48,70,101,85,54,16,18,14,9,1,0,3,9,0
12,10,14,13,13,21,39,13,11,90,139,194,177,137,76,54,48,30,14,11,8,8,3,9
0,0,6,6,4,9,14,11,46,102,166,221,253,215,135,76,58,51,23,17,11,8,12,12
0,2,13,13,12,14,13,16,61,104,184,248,282,226,192,96,60,48,32,28,9,1,0,0
5,0,6,13,13,12,15,27,64,107,162,190,197,123,164,137,70,54,7,10,11,0,0,0
0,0,0,0,1,8,4,21,89,119,135,142,103,76,114,112,78,61,32,33,12,13,11,6
3,2,1,6,5,3,11,55,90,115,125,110,85,90,112,117,115,93,63,14,14,14,13,6
0,0,12,14,10,33,53,74,114,117,101,78,91,155,167,155,137,114,74,39,13,6,11,8
4,3,19,29,51,56,87,138,159,96,72,59,83,173,197,197,171,147,115,68,48,7,8,8
8,13,50,61,78,103,143,195,145,66,58,56,78,138,230,221,189,178,141,91,46,11,2,0
31,53,84,115,144,156,133,106,58,44,61,57,106,120,147,170,164,130,125,85,52,19,0,0
73,112,115,135,115,109,55,0,0,8,25,41,81,109,125,124,131,128,125,103,59,6,0,0
92,121,133,100,18,7,10,13,29,43,40,13,59,44,87,105,121,124,116,106,67,15,0,0
101,84,57,67,0,3,52,86,72,64,67,73,89,102,94,102,109,138,134,116,55,20,14,7
43,69,59,86,96,99,100,104,72,74,93,86,136,118,124,171,148,164,168,103,71,40,11,14
16,30,37,54,92,74,57,63,68,85,127,134,188,239,268,357,346,222,195,117,64,34,19,13
9,14,48,106,108,109,90,76,69,118,139,184,213,198,256,320,296,232,183,149,92,36,24,13
4,8,36,80,100,88,60,80,76,80,121,151,187,215,286,313,271,239,170,130,97,19,13,10
6,6,17,37,42,54,82,59,54,56,103,124,140,153,211,194,199,185,137,100,43,34,15,13
0,0,11,34,56,65,68,49,43,46,31,70,62,93,72,114,110,105,79,41,22,25,12,5
0,0,12,11,33,49,83,60,37,41,52,38,40,37,42,48,67,54,35,35,43,2,6,7
0,0,0,0,10,62,109,100,71,70,30,75,14,17,14,29,14,13,26,7,6,6,5,4
0,0,0,0,13,43,79,105,103,33,81,60,14,48,36,21,12,0,14,11,0,0,0,0
0,5,6,9,17,36,82,103,102,106,105,78,23,14,2,1,13,0,0,0,2,0,10,0
0,0,3,10,14,41,68,102,104,112,76,44,9,11,7,5,0,3,0,0,0,12,3,0
0,2,9,12,40,73,108,116,103,42,13,12,15,47,9,23,5,0,8,10,0,9,11,10
0,0,7,50,90,138,152,105,37,20,0,0,6,3,5,0,10,9,3,14,11,10,5,7
0,0,8,14,53,52,54,51,10,17,2,7,0,6,4,8,12,21,12,13,10,8,13,0
5,1,6,12,22,40,42,26,31,29,12,9,5,2,5,0,10,16,13,13,11,11,3,12
0,0,0,10,9,13,14,10,13,5,5,7,0,0,0,0,6,3,10,11,12,1,5,0
7,0,2,0,7,11,9,5,11,0,0,2,0,0,0,0,8,12,8,9,1,0,0,0
0,0,0,0,3,10,2,0,0,0,0,6,0,0,7,6,0,3,7,3,2,0,0,0
0,0,0,0,0,0,0,0,0,0,6,0,0,0,11,1,0,0,9,2,5,3,5,3
0,0,0,0,0,0,0,0,0,0,0,0,0,0,10,0,0,11,10,0,0,4,7,0
0,0,0,0,0,0,0,0,0,4,0,0,9,2,0,3,5,10,2,7,9,5,0,2
0,3,0,0,3,1,0,0,0,0,8,6,7,6,4,3,4,4,0,0,6,6,2,0
0,0,0,0,0,0,0,0,6,4,0,0,9,12,0,3,0,4,0,6,0,9,0,0
0,0,0,0,0,2,0,0,0,6,12,8,0,5,4,0,0,5,4,10,6,8,7,0
1,1,1,0,2,5,6,8,6,13,10,12,12,10,0,0,12,0,0,9,13,6,9,0
5,2,0,0,5,8,10,11,0,3,5,14,6,0,0,8,0,0,6,7,7,12,13,9
2,3,0,2,7,10,0,0,0,6,11,3,0,0,0,2,0,9,3,0,5,12,11,0
2,0,6,1,6,0,4,9,7,5,3,2,3,10,3,0,0,8,1,9,11,3,10,9

9,10,11,10,12,14,14,15,24,14,11,11,8,7,12,13,3,5,3,5,10,7,11,6
12,9,11,13,15,51,53,51,52,24,16,40,32,10,14,17,13,10,11,13,13,8,8,9
8,9,10,12,11,45,45,41,17,11,48,70,101,85,54,15,18,14,9,1,0,3,9,0
12,10,14,13,13,22,39,14,11,89,139,194,177,137,76,54,48,30,14,11,8,8,4,8
0,0,7,6,5,9,14,11,45,102,166,221,254,215,135,76,58,51,23,17,11,8,12,12
0,2,13,13,12,14,13,16,61,104,184,248,282,227,193,96,60,48,32,28,9,1,0,0
5,0,6,13,13,12,15,27,64,106,162,190,197,123,164,137,70,55,7,10,11,0,0,0
0,0,0,0,1,8,4,22,89,119,135,142,103,76,114,112,78,61,34,33,12,13,11,6
3,2,1,6,5,3,12,55,90,115,125,110,86,91,112,117,116,93,63,14,14,14,13,6
0,0,12,14,10,35,53,74,114,117,101,78,91,156,168,155,137,115,74,39,13,6,11,8
4,3,19,29,51,56,87,138,160,96,72,59,83,174,198,198,172,147,115,68,48,7,8,8
9,13,50,61,78,103,143,196,145,66,59,56,78,138,231,223,190,179,142,90,47,11,2,0
29,53,85,115,144,156,133,105,58,45,61,57,106,120,147,170,164,130,125,86,52,19,0,0
73,112,115,136,116,109,55,0,0,8,27,41,80,109,124,124,131,128,125,103,59,6,0,0
92,121,133,100,19,7,10,13,29,43,40,13,59,42,85,105,121,124,116,106,68,15,0,0
101,84,57,67,0,3,52,86,72,64,67,73,89,102,94,102,109,139,134,116,55,20,14,7
43,68,60,87,97,99,100,104,72,74,93,86,137,118,124,171,148,164,168,103,71,40,11,14
17,30,37,54,92,75,57,62,68,85,127,134,188,239,268,357,346,222,195,117,64,34,19,13
9,14,50,106,108,109,90,76,69,118,139,184,213,198,256,320,296,232,183,150,92,36,24,13
4,8,39,80,100,89,61,80,76,80,121,151,187,214,285,312,270,239,169,130,97,19,13,10
6,6,17,37,42,54,82,60,54,56,103,124,140,152,210,194,198,184,137,100,43,34,15,12
0,0,11,35,56,65,68,49,43,46,31,70,62,93,72,113,109,104,79,41,22,25,12,5
0,0,12,11,33,49,84,60,37,41,53,39,40,37,42,48,67,53,35,35,43,2,6,6
0,0,0,0,10,62,109,100,72,71,30,75,14,16,14,31,14,13,26,7,6,5,5,3
0,0,0,0,13,44,79,105,103,34,82,61,14,48,36,23,12,0,14,11,0,0,0,0
0,5,6,10,16,38,86,103,102,106,105,77,22,18,2,1,13,0,0,0,2,0,10,0
0,0,3,10,15,40,69,102,104,112,76,44,9,11,7,5,0,3,0,0,0,12,2,0
0,2,9,12,41,72,108,116,103,43,13,12,16,48,9,23,5,0,8,10,0,9,11,10
0,0,7,50,90,139,152,105,40,19,0,0,6,3,5,0,10,9,3,14,11,10,5,7
0,0,8,15,54,51,54,51,10,20,5,8,0,6,4,8,12,20,12,13,9,8,13,0
5,1,6,12,21,40,42,26,31,28,12,9,5,2,5,0,10,16,13,13,11,11,3,12
0,0,0,10,9,13,14,10,13,5,5,7,0,0,0,0,6,3,10,11,12,1,5,0
7,0,2,0,7,11,9,5,11,0,0,3,0,0,0,0,8,12,8,9,1,0,0,0
0,0,0,0,4,10,2,0,0,0,0,6,0,0,7,6,0,3,7,3,2,0,0,0
0,0,0,0,0,0,0,0,0,0,6,0,0,0,11,1,0,0,9,2,5,3,5,3
0,0,0,0,0,0,0,0,0,0,0,0,0,0,10,0,0,11,10,0,0,4,7,0
0,0,0,0,0,0,0,0,0,3,0,0,9,2,0,3,5,9,2,7,9,5,0,2
0,3,0,0,3,1,0,0,0,0,8,6,7,6,4,3,4,4,0,0,6,6,2,0
0,0,0,0,0,0,0,0,6,4,0,0,9,12,0,3,0,4,0,7,0,9,0,0
0,0,0,0,0,2,0,0,0,7,12,8,0,6,4,0,0,5,4,10,6,8,7,0
1,1,1,0,2,5,6,8,6,13,10,12,12,10,0,0,12,0,0,9,13,6,9,0
5,2,0,0,5,8,10,12,0,3,5,14,6,0,0,8,0,0,6,7,7,12,13,9
2,3,0,2,7,9,0,0,0,6,11,3,0,0,0,2,0,9,3,0,5,12,11,0
2,0,6,1,6,0,4,9,7,5,3,2,3,10,3,0,0,8,1,9,11,3,10,8
5,14,12,14,14,14,15,14,16,13,11,0,10,8,12,9,7,3,9,2,2,5,7,5
10,14,36,51,55,68,79,42,25,22,11,11,9,8,4,9,10,1,1,1,0,0,0,10
7,13,13,50,55,55,53,25,14,52,67,12,8,10,7,1,0,0,0,4,0,0,0,2
9,10,6,12,12,24,16,20,65,91,91,81,55,25,11,6,8,4,6,0,2,6,7,6
6,12,11,11,15,20,41,87,175,239,224,159,101,71,56,13,11,12,6,7,0,0,1,0
0,0,0,8,20,15,53,130,265,362,289,230,143,83,59,47,41,29,14,12,11,10,8,7
0,0,0,4,8,12,74,105,180,209,195,197,171,129,81,59,52,14,12,11,13,9,8,10
3,2,0,5,12,12,62,89,125,127,99,107,142,144,109,81,64,18,2,7,8,4,0,0
7,8,7,2,2,21,70,106,120,118,105,102,121,134,126,103,78,55,30,13,1,0,0,0
8,1,5,12,15,51,84,126,123,110,104,99,167,156,132,134,102,77,54,12,1,8,0,5
6,8,6,9,14,56,105,130,117,72,81,124,163,213,215,185,152,104,68,33,17,12,7,0
4,5,11,20,34,57,85,122,101,60,77,90,151,220,238,241,165,106,77,64,33,8,4,0
0,0,13,22,46,74,89,107,52,59,98,104,128,168,192,181,135,114,100,100,73,10,0,9
0,4,6,48,95,111,117,72,33,24,100,100,106,122,123,122,125,106,102,80,93,26,0,0
0,3,12,64,100,114,104,48,15,13,60,54,50,68,66,80,109,82,71,84,73,66,0,0
12,12,18,50,106,105,111,50,51,52,13,37,15,55,59,87,122,106,131,118,107,50,1,6
6,9,26,66,94,115,66,52,53,32,52,77,64,85,94,130,174,184,161,145,105,42,14,14
16,22,40,53,57,63,52,37,51,56,109,135,120,172,205,242,250,230,214,169,110,40,21,13
18,23,44,215,273,147,61,86,108,118,225,181,169,195,237,241,250,231,199,153,110,59,13,11
12,13,56,129,244,140,101,103,118,122,149,144,174,202,237,309,291,208,177,130,103,55,14,11
10,59,93,133,129,83,52,103,106,110,121,133,149,177,171,202,214,189,120,65,44,34,19,15
17,50,104,147,150,82,68,66,55,52,75,71,113,116,118,125,113,115,106,67,50,21,9,3
6,14,54,107,103,56,87,103,62,43,62,50,68,63,65,84,46,44,25,30,14,13,10,7
3,11,10,11,63,15,105,103,101,51,52,101,98,100,93,89,54,17,11,12,5,2,0,1
0,0,13,6,11,12,61,102,106,82,75,100,101,100,100,23,10,10,6,9,2,6,4,1
0,7,0,10,5,0,7,13,100,101,95,78,101,101,66,13,3,0,0,4,9,10,5,6
0,0,3,4,4,0,2,0,51,100,85,78,70,94,69,22,1,0,2,1,6,2,9,0
2,9,0,3,1,6,0,0,17,59,73,64,100,114,108,12,0,7,9,0,0,11,5,10
2,9,8,5,14,6,8,10,6,14,61,76,94,84,47,3,0,2,9,3,2,0,4,0
0,6,8,3,7,13,2,24,34,41,63,140,84,32,11,5,6,0,6,5,0,0,7,1
7,11,0,0,11,9,7,31,38,73,207,139,48,30,30,9,14,11,10,10,10,9,10,7
0,0,0,13,20,10,12,14,52,81,56,41,27,13,7,8,6,10,10,6,1,2,5,0
0,0,6,9,10,9,12,14,50,22,49,26,13,10,0,2,4,3,4,7,0,0,2,4
9,2,7,4,2,7,4,12,18,13,18,14,2,9,0,4,7,8,8,9,0,0,1,3
6,4,0,3,0,11,4,1,15,10,8,1,5,7,0,10,4,8,9,7,0,0,0,0
0,2,0,0,2,2,9,1,9,11,11,0,4,0,0,0,5,3,1,0,0,0,0,0
0,0,0,0,0,5,0,10,12,2,1,8,10,0,0,2,0,3,5,0,0,0,0,0
0,0,0,1,0,0,0,0,0,3,4,10,11,3,0,6,0,0,9,2,0,0,0,0
0,3,3,0,6,0,2,0,0,0,4,10,11,0,9,3,0,0,0,0,0,0,0,0
0,8,0,6,3,9,6,5,2,5,0,2,6,12,5,2,0,0,9,0,0,0,0,0
0,5,4,10,6,8,10,6,0,2,0,4,11,11,11,9,6,0,9,4,8,1,0,6
7,6,6,1,10,13,7,0,0,0,0,8,13,8,0,0,3,8,7,9,4,0,10,4
0,9,8,6,5,8,5,0,3,3,4,7,11,11,5,6,0,4,10,4,3,0,7,4
7,7,3,11,8,0,6,0,0,6,10,6,4,5,5,5,9,6,1,5,6,4,0,3

5,14,12,14,14,14,17,14,17,13,11,0,10,8,12,9,8,3,9,2,2,5,7,5
10,14,37,51,55,68,79,41,25,20,11,11,9,8,4,9,10,1,1,1,0,0,0,10
7,13,13,50,55,55,53,26,14,52,67,12,9,10,7,1,0,0,0,4,0,0,0,2
9,10,6,12,12,24,16,21,65,91,91,81,55,26,11,6,8,4,6,0,2,6,7,6
6,12,11,11,15,20,42,87,175,239,224,160,101,71,56,13,12,12,6,7,0,0,1,0
0,0,0,8,20,14,53,130,266,362,290,232,144,83,59,47,41,29,14,12,11,10,8,7
0,0,0,4,8,12,74,104,180,208,195,197,171,129,81,59,52,14,12,11,13,9,8,10
3,2,0,5,12,12,62,88,124,126,99,107,142,144,109,81,64,18,2,7,7,4,0,0
7,8,7,2,2,20,70,106,119,117,104,102,121,134,126,103,79,55,31,13,1,0,0,0
8,1,5,12,14,51,84,125,122,110,104,99,166,156,132,134,102,77,54,12,1,8,0,5
6,8,6,9,14,57,105,130,117,72,81,124,163,213,216,187,153,104,68,34,17,12,7,0
3,5,11,20,34,57,85,122,101,60,77,89,150,220,239,242,166,106,77,64,33,9,4,0
0,0,13,22,46,74,89,107,52,58,100,104,128,168,192,182,135,115,100,100,74,10,0,9
0,4,7,48,94,111,117,71,33,22,99,100,106,122,123,122,126,106,102,80,93,26,0,0
0,3,12,64,100,114,104,48,15,13,59,55,52,67,66,80,109,82,71,84,73,67,0,0
12,12,18,50,106,105,111,50,50,52,13,31,29,55,59,87,122,106,131,118,107,50,1,6
6,9,26,66,95,115,66,51,53,33,52,77,64,86,94,130,174,185,161,145,105,41,14,14
16,22,40,53,57,63,52,37,51,56,109,136,120,172,205,243,250,230,214,169,110,40,21,13
18,23,43,215,274,148,61,87,108,119,226,181,169,195,238,241,250,231,199,153,109,59,13,11
12,13,56,129,244,140,100,103,118,122,149,144,174,202,236,308,291,208,177,130,103,55,13,11
10,59,93,133,130,84,53,103,106,111,121,133,149,177,171,202,213,188,120,65,44,34,20,15
17,50,105,147,150,82,68,65,55,52,75,71,113,116,118,125,113,115,106,66,50,21,9,3
6,15,54,107,104,56,88,103,62,44,61,51,69,63,65,84,46,44,25,30,14,13,10,7
3,11,10,11,62,15,105,103,101,51,53,101,98,100,92,88,54,19,11,12,5,2,0,1
0,0,13,6,11,12,62,102,107,83,77,100,101,100,100,23,10,10,6,9,2,6,4,1
0,7,0,10,5,0,7,14,100,101,95,79,100,101,65,13,3,0,0,4,9,10,5,6
0,0,3,4,4,0,2,0,51,98,86,78,70,94,69,22,1,0,2,1,6,2,9,0
2,9,0,3,1,6,0,0,16,59,73,64,100,114,108,12,0,7,8,0,0,11,5,10
2,9,8,5,14,6,8,10,6,14,61,76,94,84,47,3,0,2,9,3,2,0,4,0
0,6,8,3,7,13,2,24,34,41,63,140,84,32,11,5,6,0,6,5,0,0,7,1
7,11,0,0,10,9,7,32,37,73,207,139,48,31,30,9,14,11,10,10,10,9,10,7
0,0,0,13,20,10,12,14,52,81,56,41,26,13,7,8,6,10,10,6,1,2,5,0
0,0,6,10,10,9,12,14,50,22,49,26,13,10,0,2,4,3,4,7,0,0,2,4
9,2,7,4,2,7,4,12,18,13,17,14,2,9,0,4,7,8,9,9,0,0,1,3
6,4,0,3,0,11,4,1,15,10,8,1,6,7,0,9,4,8,9,7,0,0,0,0
0,2,0,0,2,2,9,1,9,11,11,0,4,0,0,0,5,2,1,0,0,0,0,0
0,0,0,0,0,5,0,10,12,2,1,8,10,0,0,2,0,3,5,0,0,0,0,0
0,0,0,1,0,0,0,0,0,3,4,10,11,3,0,6,0,0,9,2,0,0,0,0
0,3,3,0,6,0,2,0,0,0,4,11,11,0,9,3,0,0,0,0,0,0,0,0
1,8,0,6,3,9,6,5,2,5,0,2,6,12,5,1,0,0,9,0,0,0,0,0
0,5,4,10,6,8,10,6,0,2,0,4,11,11,11,9,6,0,9,4,8,1,0,6
7,6,6,0,10,12,8,0,0,0,0,8,13,8,0,0,3,8,7,9,4,0,10,4
0,9,8,6,5,8,5,0,3,3,4,7,11,11,5,6,0,4,10,4,3,0,7,3
7,7,3,11,8,0,6,0,0,6,10,6,4,5,4,5,9,6,1,5,6,4,0,3

5,14,12,14,14,14,16,14,17,13,11,0,10,8,12,9,7,3,9,2,2,5,7,5
10,14,39,51,55,68,78,42,25,23,11,10,9,8,5,8,10,1,1,1,0,0,0,10
7,13,14,50,55,56,54,26,14,52,68,12,9,10,7,1,0,0,0,4,0,0,0,2
9,10,6,12,12,24,16,21,65,91,91,81,55,25,11,6,8,4,6,0,2,6,7,6
6,12,11,12,16,20,43,87,176,240,225,160,101,71,56,13,12,12,6,7,0,0,2,0
0,0,0,8,20,14,53,131,268,363,293,233,144,83,59,47,41,29,14,12,11,10,8,7
0,0,0,4,8,12,74,105,180,209,195,198,172,130,81,59,52,14,12,11,13,9,8,10
3,2,0,5,12,12,62,89,124,126,99,107,142,144,109,81,64,18,2,7,8,4,0,0
7,8,7,2,2,21,70,106,119,117,104,102,121,134,126,103,79,55,32,13,1,0,0,0
8,1,5,12,15,51,84,125,122,110,104,99,166,156,132,134,102,77,54,12,1,8,0,5
6,8,6,9,14,56,105,130,117,71,81,124,162,213,216,187,154,104,68,34,17,13,8,0
3,5,11,20,35,57,85,122,101,60,76,89,150,220,239,243,167,106,77,64,32,8,4,0
0,0,13,22,46,74,89,107,52,59,98,103,127,168,192,182,136,115,100,100,73,9,0,9
0,4,6,47,94,111,117,71,33,24,99,99,106,122,123,122,125,106,101,80,93,26,0,0
0,3,12,64,100,114,104,48,15,13,59,56,53,68,66,80,109,82,71,84,73,66,0,0
12,12,18,50,106,105,111,50,50,52,13,31,33,55,59,87,122,106,131,118,107,50,1,6
6,9,26,66,95,115,66,52,53,33,52,78,64,86,94,130,175,185,161,145,105,42,14,14
16,22,39,53,57,64,52,37,51,56,109,136,120,172,205,243,250,230,214,169,110,40,21,13
18,23,43,216,274,148,61,86,109,119,225,181,169,195,238,241,250,231,199,153,109,59,13,11
12,13,56,129,244,140,100,103,118,122,149,144,174,202,236,307,290,207,177,130,103,55,13,11
10,60,93,133,130,84,52,103,106,111,121,133,149,177,170,201,213,188,119,65,44,34,19,14
17,50,105,148,151,82,68,65,56,52,74,72,113,116,117,125,113,115,106,67,50,20,9,3
6,15,54,107,104,56,87,103,62,44,62,50,69,63,65,84,46,44,25,30,14,13,10,7
3,11,10,11,62,16,105,103,101,51,55,101,97,100,92,88,55,19,11,12,5,2,0,1
0,0,14,6,11,12,62,102,107,82,76,100,101,100,100,23,10,10,6,9,2,6,4,1
0,7,0,10,5,0,7,14,100,101,94,79,100,101,66,13,3,0,0,4,9,10,5,6
0,0,3,4,4,0,2,0,53,100,86,78,70,94,69,22,1,0,2,1,6,2,9,0
2,9,0,3,1,6,0,0,18,60,73,64,100,114,108,12,1,7,8,0,0,11,5,10
2,9,8,5,14,6,8,10,6,14,61,77,94,84,48,3,0,2,9,2,2,0,4,0
0,6,8,3,7,13,3,24,34,41,63,140,85,32,11,5,6,0,6,5,0,0,7,1
7,11,0,0,10,9,7,32,38,73,208,140,48,31,30,9,14,11,10,10,10,9,10,7
0,0,0,13,20,10,12,14,52,82,56,40,27,13,7,8,6,10,10,6,1,2,5,0
0,0,6,10,10,9,12,14,50,23,49,28,13,10,0,2,4,3,4,7,0,0,2,4
9,2,7,4,2,7,4,12,18,13,17,14,2,9,0,4,7,8,8,9,0,0,1,3
6,4,0,3,0,11,5,1,15,10,8,1,6,7,0,9,4,8,8,7,0,0,0,0
0,2,0,0,2,2,9,1,9,11,11,0,4,0,0,0,5,2,1,0,0,0,0,0
0,0,0,0,0,5,0,10,12,2,1,8,10,0,0,2,0,3,5,0,0,0,0,0
0,0,0,1,0,0,0,0,0,3,4,10,11,3,0,6,0,0,9,2,0,0,0,0
0,3,3,0,6,0,3,0,0,0,4,10,11,0,9,3,0,0,0,0,0,0,0,0
0,8,0,6,3,9,6,5,2,5,0,2,6,12,5,1,0,0,9,0,0,0,0,0
0,5,4,10,6,8,10,6,0,2,0,4,11,11,11,9,6,0,9,4,8,1,0,6
7,6,6,1,10,13,7,0,0,0,0,8,13,9,0,0,3,8,7,9,4,0,10,4
0,9,8,6,5,8,5,0,3,3,4,7,11,11,5,6,0,4,10,4,3,0,7,4
7,7,3,11,8,0,6,0,0,6,10,6,4,5,5,5,9,6,1,5,6,4,0,3

5,14,12,14,14,14,15,14,16,13,11,0,10,8,12,9,7,3,9,2,2,5,7,5
10,15,37,51,55,68,79,41,25,23,11,11,9,8,5,9,10,1,1,1,0,0,0,10
7,13,14,50,55,55,53,26,14,52,68,12,9,10,7,1,0,0,0,4,0,0,0,2
9,10,6,12,12,24,16,22,65,91,92,82,55,26,11,6,8,4,7,0,2,6,7,6
6,12,11,11,15,20,43,87,176,240,227,161,102,71,56,13,12,12,6,7,0,0,1,0
0,0,0,8,20,15,53,131,268,363,292,234,145,83,59,48,41,29,14,12,11,10,8,7
0,0,0,4,8,12,74,105,180,209,196,199,173,130,81,59,52,14,12,11,13,9,8,10
3,2,0,5,12,12,62,88,124,126,99,107,142,145,110,81,64,18,2,7,8,4,0,0
7,8,7,2,2,20,70,106,120,117,104,102,121,134,126,103,78,55,31,13,1,0,0,0
8,1,5,12,15,51,84,125,122,110,103,98,165,155,132,134,101,77,54,12,1,8,0,5
6,8,6,9,14,56,105,131,117,72,80,122,162,213,215,186,152,104,68,35,18,13,8,0
3,5,11,20,35,57,85,122,101,60,75,89,152,221,240,241,166,106,78,64,33,9,4,0
0,0,13,22,46,74,89,107,52,58,99,103,129,169,193,183,136,115,100,100,74,10,0,9
0,4,7,47,94,111,118,71,33,24,100,100,107,122,124,123,126,107,102,80,94,26,0,0
0,3,12,64,100,115,104,48,15,13,60,55,54,68,66,80,109,83,72,84,73,67,0,0
12,12,18,50,106,105,111,50,51,52,13,31,36,55,59,87,123,106,131,118,107,50,1,6
6,9,26,66,95,115,67,51,53,34,51,78,64,86,94,130,174,185,161,145,105,42,14,14
16,22,39,53,57,64,53,37,51,56,109,136,121,173,205,242,249,229,214,169,110,40,21,13
18,23,43,216,275,148,61,87,109,119,226,181,169,195,237,240,249,231,199,153,109,59,13,11
12,13,56,130,244,140,101,103,118,122,149,144,174,202,235,306,290,207,176,130,103,55,13,11
10,60,93,134,130,84,52,103,106,111,122,133,149,177,170,201,212,188,119,65,44,34,19,14
18,50,105,149,152,83,68,66,56,52,75,71,113,116,117,125,113,114,106,66,50,21,9,3
7,14,54,107,104,56,87,103,62,43,62,51,69,63,65,84,46,44,25,30,14,13,10,7
3,11,10,11,65,17,105,103,101,53,57,101,98,100,95,89,54,20,11,12,5,2,0,1
0,0,14,6,11,12,63,102,107,87,77,100,101,100,100,25,10,9,6,8,2,6,4,0
0,7,0,10,5,0,7,14,100,101,94,79,100,101,66,13,3,0,0,4,9,10,5,6
0,0,3,4,4,0,2,0,53,100,88,78,71,94,69,21,1,0,2,1,6,2,9,0
2,9,0,4,1,6,0,0,17,59,73,64,100,114,108,12,1,7,8,0,0,11,5,10
2,9,8,5,14,6,8,10,6,14,61,76,94,84,47,3,0,2,8,2,1,0,4,0
0,6,8,3,7,13,3,24,34,41,63,141,85,32,12,5,6,0,6,5,0,0,7,1
7,11,0,0,11,9,7,32,37,73,209,140,48,31,31,9,14,11,10,10,10,9,10,7
0,0,0,13,20,10,12,14,52,82,56,42,28,13,7,8,6,10,10,6,1,2,5,0
0,0,6,10,10,9,12,14,50,22,47,28,13,10,0,2,4,3,4,7,0,0,2,4
9,2,7,4,2,7,4,12,18,13,17,14,2,9,0,4,7,8,9,9,0,0,1,3
6,4,0,3,0,11,4,1,15,10,8,1,6,7,0,10,4,8,9,7,0,0,0,0
0,2,0,0,2,2,9,1,9,11,11,0,4,0,0,0,5,3,1,0,0,0,0,0
0,0,0,0,0,5,0,10,12,2,1,8,10,0,0,2,0,3,5,0,0,0,0,0
0,0,0,1,0,0,0,0,0,3,4,10,11,3,0,6,0,0,9,2,0,0,0,0
0,3,3,0,6,0,2,0,0,0,4,10,11,0,9,3,0,0,0,0,0,0,0,0
1,8,0,6,3,9,6,5,2,5,0,2,6,12,5,1,0,0,9,0,0,0,0,0
0,5,4,10,6,8,10,6,0,2,0,4,11,11,11,9,6,0,9,4,8,1,0,6
7,6,6,1,11,13,8,0,0,0,0,8,13,8,0,0,3,8,7,9,4,0,10,4
0,9,8,6,5,8,5,0,3,3,4,7,11,11,5,6,0,4,10,4,3,0,7,3
7,7,3,11,8,0,6,0,0,6,10,6,4,5,4,5,9,6,1,5,6,4,0,3

5,14,12,14,14,14,14,14,17,13,11,0,10,8,12,9,7,3,9,2,2,5,7,5
10,14,36,51,55,68,78,41,25,23,11,11,9,8,5,9,10,2,1,1,0,0,0,10
7,13,13,50,55,55,53,26,14,52,68,12,9,10,7,1,0,0,0,4,0,0,0,2
9,10,6,12,12,24,16,21,65,92,92,82,56,28,11,6,8,4,6,0,2,6,7,6
6,12,11,11,15,20,43,87,176,241,228,162,102,71,56,13,12,12,6,7,0,0,2,0
0,0,0,8,20,15,53,131,267,362,293,235,146,84,59,48,41,29,14,12,11,10,8,7
0,0,0,4,8,12,74,105,180,209,196,199,173,130,81,59,52,14,12,11,13,9,8,10
3,2,0,5,12,12,62,89,125,127,99,107,142,145,110,82,64,19,2,7,8,4,0,0
7,8,7,2,2,21,70,106,120,117,104,102,121,134,126,103,79,55,31,13,1,0,0,0
8,1,5,12,15,51,84,125,123,110,103,98,164,154,131,133,101,77,54,12,1,8,0,5
6,8,6,9,14,56,105,130,117,72,80,122,162,212,214,184,151,104,68,35,17,13,8,0
3,5,11,20,35,57,85,122,101,60,76,89,154,222,239,240,165,106,78,64,34,9,4,0
0,0,13,22,46,73,89,107,51,59,99,104,130,170,193,182,135,115,100,100,74,9,0,9
0,4,7,48,93,111,118,71,34,22,100,100,107,123,124,123,126,107,102,81,94,27,0,0
0,3,12,64,100,114,104,48,15,13,60,56,55,68,66,81,109,83,72,85,74,67,0,0
12,13,18,50,106,105,111,50,51,52,13,31,40,55,59,87,123,106,131,118,107,50,1,6
6,9,26,66,95,115,67,51,53,34,52,78,64,86,94,130,174,184,161,145,105,41,14,14
16,22,40,53,57,64,53,37,51,56,109,136,121,173,205,241,248,229,214,169,110,40,21,13
18,23,44,216,275,148,61,87,109,119,226,181,169,195,236,239,248,230,198,153,109,59,13,10
12,13,56,130,244,140,100,103,118,122,149,144,174,202,235,305,289,206,176,129,103,55,14,11
10,60,93,134,130,85,52,103,106,111,122,133,149,177,170,200,212,187,119,65,44,34,19,14
18,50,105,149,152,82,68,66,56,52,75,72,113,116,117,125,113,114,106,67,50,21,9,3
7,15,54,107,104,56,88,103,62,44,62,50,69,63,65,84,46,44,25,30,14,13,10,7
3,11,10,11,63,18,105,103,101,53,57,101,99,100,95,89,55,17,11,12,5,2,0,1
0,0,14,6,11,12,63,102,107,84,77,100,101,100,100,25,10,10,6,8,2,6,4,0
0,7,0,10,5,0,7,14,100,101,96,79,100,101,68,13,3,0,0,4,8,10,5,6
0,0,3,4,4,0,2,0,53,100,88,78,71,94,69,21,1,0,2,1,6,2,9,0
2,9,0,4,1,6,0,0,18,59,73,65,100,114,108,12,1,6,8,0,0,11,5,10
2,9,8,5,14,6,8,10,6,14,61,76,94,84,48,3,0,2,8,2,1,0,4,0
0,6,8,3,7,13,3,24,34,41,63,141,85,32,12,5,6,0,6,5,0,0,7,2
7,11,0,0,11,9,7,32,37,73,209,141,48,31,31,9,14,11,10,10,10,9,10,7
0,0,0,14,20,10,12,14,52,83,56,43,30,13,7,9,6,10,10,6,1,2,5,0
0,0,6,10,10,9,12,14,50,23,48,27,13,10,0,2,4,3,4,7,0,0,2,4
9,2,7,4,2,7,4,12,18,13,18,14,2,9,0,4,7,8,8,9,0,0,1,3
6,4,0,3,0,11,4,1,15,10,8,1,6,7,0,9,4,8,8,7,0,0,0,0
0,2,0,0,2,2,9,1,9,11,11,0,4,0,0,0,5,2,1,0,0,0,0,0
0,0,0,0,0,5,0,10,12,2,1,8,10,0,0,1,0,3,5,0,0,0,0,0
0,0,0,1,0,0,0,0,0,3,4,10,11,3,0,6,0,0,9,2,0,0,0,0
0,3,3,0,6,0,3,0,0,0,4,11,11,0,9,3,0,0,0,0,0,0,0,0
1,8,0,6,3,9,6,5,2,6,0,2,6,12,5,1,0,0,9,0,0,0,0,0
0,5,4,10,6,8,10,6,0,2,0,4,11,11,11,9,6,0,9,4,8,1,0,6
7,6,6,1,10,13,8,0,0,0,0,8,13,8,0,0,3,8,7,9,4,0,10,4
0,9,8,6,5,8,5,0,3,3,4,7,11,11,5,6,0,4,10,4,3,0,6,3
7,7,3,11,8,0,6,0,0,6,10,6,4,5,5,5,9,6,1,5,6,4,0,3

5,14,12,14,14,14,15,14,16,13,11,0,10,8,12,9,7,3,9,2,2,5,7,5
10,14,37,51,55,67,78,42,25,23,11,11,9,8,5,9,10,2,1,1,0,0,0,10
7,13,13,50,55,55,53,26,14,52,69,12,9,10,7,1,0,0,0,4,0,0,0,2
9,10,6,12,12,23,16,21,66,92,93,83,57,28,11,6,8,4,6,0,2,6,7,6
6,12,11,11,15,20,42,88,177,241,229,162,102,71,56,13,12,12,6,7,0,0,2,0
0,0,0,8,21,15,53,131,268,363,293,235,146,84,59,48,41,29,14,12,11,10,8,7
0,0,0,4,8,12,74,105,181,209,196,199,172,130,81,59,52,14,12,11,13,9,8,10
3,2,0,5,12,12,62,89,125,127,99,107,142,144,110,82,64,19,2,8,8,4,0,0
7,8,7,3,2,20,70,106,120,117,104,102,121,134,126,103,79,55,31,13,1,0,0,0
8,1,5,12,16,51,84,126,123,110,103,97,164,154,131,134,102,77,54,12,1,8,0,5
6,8,6,9,14,56,105,131,117,71,80,123,162,211,214,184,151,104,68,36,17,13,8,0
3,5,11,20,35,57,86,122,101,61,75,89,153,221,238,240,165,106,78,64,34,9,4,0
0,0,13,22,46,73,89,107,52,59,100,104,129,169,192,181,135,115,100,100,74,10,0,9
0,4,7,47,94,111,118,71,33,25,100,100,107,122,124,123,126,107,102,81,95,27,0,0
0,3,12,64,100,115,104,49,15,13,60,56,56,68,66,81,109,83,72,85,73,67,0,0
12,13,18,50,106,105,111,50,51,52,13,34,40,55,59,87,123,106,131,118,107,50,1,6
6,9,26,66,95,115,67,52,53,33,52,78,64,86,95,130,174,185,162,145,105,41,14,14
16,22,39,53,57,64,53,37,51,56,110,137,121,173,205,241,248,229,214,170,111,40,21,13
18,23,43,216,275,148,61,87,109,119,227,181,169,195,236,239,248,230,198,153,110,59,13,10
12,13,56,130,244,140,100,103,118,122,150,144,174,202,235,306,289,206,176,129,103,55,13,11
10,60,93,134,130,85,53,103,106,111,122,133,149,177,170,200,212,187,119,65,44,34,19,14
18,50,105,150,153,83,68,65,56,52,75,72,113,116,117,125,113,114,106,67,50,21,9,3
7,15,54,107,104,56,88,103,62,44,62,51,69,62,65,84,46,44,25,30,14,13,10,7
3,11,10,11,63,18,105,103,101,53,58,101,98,100,93,89,55,19,11,12,5,2,0,1
0,0,14,6,11,13,63,102,107,85,78,100,101,100,100,25,10,9,6,8,2,6,4,0
0,7,0,11,5,0,7,14,100,101,96,79,100,101,66,13,3,0,0,4,8,10,5,5
0,0,3,4,4,0,2,0,56,100,89,78,70,95,74,22,1,0,2,1,6,2,9,0
2,9,0,4,1,6,0,0,18,59,73,65,100,114,108,12,1,6,8,0,0,11,5,10
2,9,8,5,14,6,8,10,6,14,61,76,94,84,47,3,0,2,8,2,1,0,4,0
0,6,8,3,7,13,3,24,34,41,63,141,85,32,12,5,6,0,7,5,0,0,7,1
7,11,0,0,11,9,7,32,37,73,210,141,48,31,31,9,14,11,10,9,10,8,10,7
0,0,0,14,20,10,12,14,52,83,56,43,28,13,7,8,6,10,10,6,1,1,5,0
0,0,6,10,10,9,12,14,50,23,50,27,13,10,0,2,4,3,4,7,0,0,2,4
9,2,7,4,2,8,4,12,18,13,18,14,2,9,0,4,7,8,8,9,0,0,1,3
6,4,0,3,0,11,4,1,15,10,8,1,6,7,0,9,4,8,8,7,0,0,0,0
0,2,0,0,2,2,9,1,9,11,11,0,4,0,0,0,5,3,1,0,0,0,0,0
0,0,0,0,0,5,0,10,12,1,1,8,10,0,0,2,0,3,5,0,0,0,0,0
0,0,0,1,0,0,0,0,0,3,4,10,11,3,0,6,0,0,9,2,0,0,0,0
0,3,3,0,6,0,2,0,0,0,4,10,11,0,9,3,0,0,0,0,0,0,0,0
1,8,0,6,3,9,6,5,2,5,0,2,6,12,5,1,0,0,9,0,0,0,0,0
0,5,4,10,6,8,10,6,0,2,0,4,11,11,11,9,6,0,9,4,8,1,0,6
7,6,6,1,10,13,8,0,0,0,0,8,13,8,0,0,3,8,7,9,4,0,10,4
0,9,8,6,5,8,5,0,3,3,4,7,11,11,5,6,0,4,10,4,3,0,7,3
7,7,3,11,8,0,6,0,0,6,10,6,4,5,4,5,9,6,1,5,6,4,0,3

5,14,12,14,14,14,14,14,16,13,11,0,10,8,12,9,7,3,9,2,2,5,7,5
10,14,39,51,55,68,78,42,25,23,11,11,9,8,5,9,10,2,1,1,0,0,0,10
7,13,13,50,55,55,53,26,14,52,69,12,9,10,7,1,0,0,0,4,0,0,0,2
9,10,6,12,12,24,16,22,65,92,93,83,56,28,11,6,8,4,7,0,2,6,7,6
6,12,11,11,16,20,42,88,177,241,229,162,102,71,56,13,12,12,6,7,0,0,2,0
0,0,0,8,20,15,53,131,267,362,292,235,146,84,59,48,41,29,14,12,11,10,8,7
0,0,0,4,8,12,74,105,180,208,196,199,173,130,81,59,52,14,12,11,13,9,8,10
3,2,0,5,12,12,62,89,125,126,99,107,142,145,110,82,64,20,2,7,8,4,0,0
7,8,7,2,2,22,70,106,120,117,104,102,121,134,126,104,79,55,36,13,2,0,0,0
8,1,5,12,16,51,84,125,123,110,103,98,166,155,132,134,102,77,54,12,1,8,0,5
6,8,6,9,14,56,105,131,117,72,81,123,162,213,215,186,153,104,68,38,18,13,8,0
4,5,12,20,35,57,86,122,101,61,76,89,152,221,239,241,166,106,78,64,34,9,4,0
0,0,13,22,46,73,89,107,52,59,99,104,128,168,193,182,135,115,100,100,75,10,0,9
0,4,7,48,94,111,118,71,34,22,100,100,106,122,123,122,126,107,102,81,95,28,0,0
0,3,12,64,100,115,104,49,15,13,60,55,57,68,66,80,109,83,72,85,74,68,1,0
12,13,18,50,106,105,111,50,51,52,13,33,39,55,59,87,123,106,131,118,108,50,1,6
6,9,26,66,95,115,66,52,53,33,52,78,64,86,94,130,174,185,162,145,105,42,14,14
16,22,39,53,57,64,53,37,51,56,109,136,121,172,205,241,248,228,214,170,111,40,21,13
18,23,44,217,276,149,61,87,109,119,226,181,169,194,236,238,248,229,198,153,110,60,13,11
12,13,56,130,245,141,101,103,118,122,149,144,173,201,233,304,287,205,176,129,103,55,13,11
10,60,94,134,130,85,52,103,106,111,122,133,149,176,169,199,211,187,119,65,44,34,19,14
18,50,105,151,153,83,69,66,56,53,75,71,113,116,117,124,113,114,106,66,50,20,9,3
7,15,54,107,104,56,88,103,62,44,62,51,69,63,65,83,46,44,25,30,14,13,10,7
3,12,10,11,63,20,105,103,101,53,59,102,99,100,93,88,55,16,11,12,5,2,0,0
0,0,14,6,11,13,63,103,107,87,79,100,101,100,100,23,10,9,6,8,2,6,4,0
0,7,0,11,5,0,7,14,101,101,96,79,100,101,66,13,3,0,0,4,8,10,5,5
0,0,3,4,4,0,2,0,56,100,91,78,70,95,69,22,1,0,2,1,5,2,9,0
2,9,0,3,1,6,0,0,18,60,74,65,101,114,108,12,1,6,8,0,0,11,5,10
2,9,8,5,14,6,8,10,6,14,61,77,94,84,49,3,0,2,8,2,1,0,4,0
0,6,8,3,7,14,3,24,34,41,63,141,85,32,12,5,6,0,7,4,0,0,7,1
7,11,0,0,11,9,8,32,37,73,211,141,48,31,31,9,15,11,10,9,10,8,10,7
0,0,0,14,20,10,12,14,52,83,56,42,29,13,7,8,6,10,10,5,0,1,5,0
0,0,6,10,10,9,12,14,50,24,50,27,13,10,0,2,4,3,4,6,0,0,2,4
9,2,7,4,2,8,4,12,18,13,17,14,2,9,0,4,7,8,8,9,0,0,1,3
6,4,0,3,0,11,5,1,15,10,8,1,6,7,0,9,4,8,8,7,0,0,0,0
0,2,0,0,2,2,9,1,9,11,11,0,4,0,0,0,5,3,0,0,0,0,0,0
0,0,0,0,0,5,0,10,12,1,1,8,10,0,0,1,0,3,5,0,0,0,0,0
0,0,0,1,0,0,0,0,0,3,4,10,11,3,0,6,0,0,9,2,0,0,0,0
0,3,3,0,6,0,2,0,0,0,4,11,11,0,9,3,0,0,0,0,0,0,0,0
0,8,0,6,3,9,6,5,2,5,0,2,6,12,5,1,0,0,9,0,0,0,0,0
0,5,4,10,6,8,10,7,0,2,0,5,11,11,11,9,6,0,9,4,8,1,0,6
7,6,6,1,10,13,8,0,0,0,0,8,13,8,0,0,3,8,7,9,4,0,10,4
0,9,8,6,5,8,5,0,3,3,4,7,11,11,5,6,0,4,10,4,3,0,6,3
7,7,3,11,8,0,6,0,0,6,10,6,4,5,4,5,9,6,1,5,6,4,0,3

5,14,12,14,14,14,16,14,17,13,11,0,10,8,12,9,8,3,9,2,2,6,7,5
10,14,37,51,55,68,78,41,25,23,11,11,9,8,5,9,10,2,1,1,0,0,0,10
7,13,13,51,55,55,53,25,14,52,68,12,9,10,7,1,0,0,0,4,0,0,0,2
9,10,6,12,13,24,16,22,66,92,93,83,56,28,11,6,8,4,7,0,2,6,7,6
6,12,11,12,15,20,43,88,176,241,229,162,103,71,56,13,12,12,6,7,0,0,2,0
0,0,0,8,20,15,53,131,268,362,292,235,146,84,59,48,41,29,14,12,11,10,8,7
0,0,0,4,8,12,74,105,180,208,195,199,173,130,81,59,52,15,12,11,13,9,8,10
3,2,0,5,12,12,62,89,124,126,99,107,142,145,110,82,64,20,2,8,8,4,0,0
7,8,7,3,2,21,70,106,119,117,104,102,121,134,126,104,79,55,33,13,2,0,0,0
8,1,5,12,16,51,84,125,122,110,103,99,166,156,133,135,102,77,54,12,1,8,0,5
6,8,6,9,14,56,105,131,117,72,81,124,163,213,217,187,154,105,68,38,19,13,8,0
4,5,11,21,36,57,86,122,101,61,76,89,151,220,240,243,167,107,78,65,35,9,4,0
0,0,13,22,46,73,89,107,52,59,98,104,128,168,193,182,136,115,100,100,74,10,0,9
0,4,7,48,94,111,118,71,35,22,100,99,106,122,123,122,126,107,102,81,94,28,0,0
0,3,13,64,100,115,104,49,16,13,60,55,57,68,66,80,109,83,72,85,74,68,1,0
12,13,18,50,106,105,111,50,51,52,13,33,39,55,59,87,123,106,132,119,108,50,1,6
6,9,26,66,95,115,67,52,53,34,51,78,64,86,94,130,174,185,162,146,105,43,14,14
16,22,40,53,57,64,53,37,51,56,109,136,121,172,204,241,248,228,214,170,111,40,21,13
18,23,43,217,276,149,61,87,109,119,227,181,169,194,236,238,247,229,198,153,110,60,13,11
12,13,56,130,245,141,101,103,118,122,149,144,173,200,233,303,286,205,176,129,103,55,14,11
10,60,94,134,130,85,53,103,107,111,122,133,149,176,169,199,210,186,119,65,44,34,20,14
18,50,106,152,154,83,68,65,56,52,75,71,113,116,117,124,113,114,105,66,50,20,9,3
7,15,54,107,104,56,88,103,62,44,63,51,69,63,65,83,46,44,25,30,14,13,10,7
3,11,10,11,63,21,105,103,101,53,60,101,97,100,93,89,55,17,11,12,5,2,0,0
0,0,14,6,11,13,64,103,107,88,80,100,101,100,100,23,10,9,6,8,2,6,4,0
0,8,0,11,5,0,7,14,101,101,97,79,100,101,66,13,3,0,0,4,8,10,5,6
0,0,3,4,4,0,2,0,56,100,92,79,70,95,69,22,1,0,2,1,5,2,9,0
2,9,0,3,1,6,0,0,16,60,73,65,101,114,108,12,1,6,8,0,0,11,5,10
2,9,8,5,14,6,9,10,6,14,61,77,95,84,49,3,0,2,8,2,1,0,4,0
0,6,8,3,7,14,4,24,34,41,63,141,85,33,12,5,6,0,7,4,0,0,7,2
7,12,0,0,11,9,8,32,38,73,211,141,48,31,31,9,15,11,10,9,10,8,10,7
0,0,0,14,20,10,12,14,52,83,56,43,29,13,7,8,6,10,9,5,0,1,5,0
0,0,6,10,10,9,12,14,50,23,49,29,13,10,0,2,4,3,4,6,0,0,2,4
9,2,7,4,2,7,4,13,18,13,18,14,2,9,0,4,7,8,8,9,0,0,1,3
6,4,0,3,0,11,5,1,16,10,8,1,6,7,0,9,4,8,8,7,0,0,0,0
0,2,0,0,2,2,9,1,9,11,11,0,4,0,0,0,5,2,0,0,0,0,0,0
0,0,0,0,0,5,0,10,12,2,1,8,10,0,0,1,0,3,5,0,0,0,0,0
0,0,0,1,0,0,0,0,0,3,4,10,11,3,0,6,0,0,9,2,0,0,0,0
0,3,3,0,6,0,3,0,0,0,4,11,11,0,9,3,0,0,0,0,0,0,0,0
1,8,0,6,3,9,6,5,2,6,0,2,6,12,5,1,0,0,9,0,0,0,0,0
0,5,4,10,6,8,10,7,0,2,0,4,11,11,11,9,6,0,9,4,8,1,0,6
7,6,6,1,10,13,8,0,0,0,0,8,13,8,0,0,3,8,7,9,4,0,10,4
0,9,8,6,5,8,5,0,3,4,4,7,11,11,5,6,0,4,10,4,3,0,6,3
7,7,3,11,8,0,6,0,0,6,10,6,4,5,4,5,9,6,1,5,6,4,0,3

5,14,12,14,14,14,16,14,16,13,11,0,10,8,12,9,7,3,9,2,2,5,7,5
10,14,37,51,55,68,78,41,25,23,11,11,9,8,5,9,10,2,1,1,0,0,0,10
7,13,13,51,55,56,53,26,14,52,68,12,9,10,7,1,0,0,0,4,0,0,0,2
9,10,6,12,12,24,16,21,65,92,93,83,56,28,11,6,8,4,7,0,2,6,7,6
6,12,11,12,15,20,43,88,176,241,228,163,103,71,56,13,12,12,6,7,0,0,2,0
0,0,0,8,20,14,53,131,267,361,292,234,146,84,59,48,41,29,14,12,11,10,8,7
0,0,0,4,8,12,74,105,180,208,195,199,173,131,81,59,52,15,12,11,13,9,8,10
3,2,0,5,12,12,62,88,124,126,99,107,143,145,110,82,64,20,3,8,8,4,0,0
7,8,7,3,2,22,70,105,119,117,104,102,121,134,127,104,79,55,34,14,2,0,0,0
8,1,5,12,16,51,84,125,122,110,103,99,166,156,133,136,103,78,54,13,1,8,0,5
6,8,6,9,14,56,105,130,117,72,81,124,163,214,218,189,156,105,68,38,19,13,8,0
4,5,11,20,35,57,85,122,101,60,76,89,150,220,240,244,168,107,78,64,36,9,4,0
0,0,14,22,46,73,89,107,52,60,98,104,127,167,193,183,136,115,100,100,75,10,0,9
0,4,7,48,93,111,118,71,35,22,99,98,106,121,123,122,126,107,102,81,95,30,0,0
0,3,12,64,100,115,104,49,16,13,60,55,57,68,66,80,109,83,72,86,74,68,1,0
12,13,19,50,106,105,111,50,51,52,13,31,37,55,59,87,123,106,132,119,108,50,1,6
6,9,26,66,95,115,67,52,53,33,51,77,64,86,94,130,174,185,162,146,105,42,14,14
16,23,39,53,57,64,53,37,51,56,109,136,120,171,204,240,248,228,214,171,112,40,22,13
18,23,43,217,277,149,61,87,109,119,226,181,168,194,235,238,246,228,198,153,110,61,13,10
12,13,56,130,245,141,101,103,118,122,149,144,172,200,232,301,286,204,176,129,103,55,13,11
10,60,94,135,131,85,53,103,106,111,121,133,148,175,168,198,210,186,119,65,44,34,19,14
18,50,106,152,154,83,69,66,56,52,75,72,113,115,117,124,113,114,105,66,50,21,9,3
7,15,54,107,104,56,88,103,62,44,62,50,69,62,65,83,46,43,25,30,14,13,10,7
3,12,10,11,64,21,105,103,101,54,60,101,96,100,93,89,54,16,11,12,5,2,0,0
0,0,14,6,11,13,64,103,107,89,80,100,101,100,100,23,10,9,6,8,2,5,4,0
0,8,0,11,5,0,6,14,101,101,98,81,101,101,66,13,3,0,0,4,8,10,5,6
0,0,3,4,4,0,2,0,57,100,93,80,71,95,69,22,1,0,2,0,5,2,9,0
2,9,0,4,0,6,0,0,16,59,74,65,101,114,108,12,1,7,8,0,0,11,5,10
2,9,8,5,14,6,9,10,6,14,61,77,95,84,48,3,0,1,8,1,1,0,4,0
0,6,8,3,7,14,4,24,34,41,63,141,85,33,12,5,6,0,7,4,0,0,7,2
7,11,0,0,11,9,8,32,37,73,211,141,48,31,31,9,14,11,10,9,10,8,9,7
0,0,0,14,20,10,12,14,52,83,56,43,29,13,7,8,6,10,10,5,0,1,5,0
0,0,6,10,10,9,12,14,50,24,50,29,13,10,0,2,4,3,4,6,0,0,2,4
9,2,7,4,2,8,4,12,18,13,17,13,2,9,0,4,7,8,8,9,0,0,1,3
6,4,0,3,0,11,5,1,16,10,8,1,6,7,0,9,4,8,8,7,0,0,0,0
0,2,0,0,2,2,9,1,9,11,11,0,4,0,0,0,5,3,0,0,0,0,0,0
0,0,0,0,0,6,0,10,12,1,1,8,10,0,0,1,0,3,5,0,0,0,0,0
0,0,0,1,0,0,0,0,0,3,4,10,11,3,0,6,0,0,9,2,0,0,0,0
0,3,3,0,6,0,3,0,0,0,4,11,11,0,9,3,0,0,0,0,0,0,0,0
0,8,0,6,4,9,6,5,2,5,0,2,6,12,5,1,0,0,9,0,0,0,0,0
0,5,4,10,6,8,10,7,0,2,0,5,11,11,11,9,6,0,9,4,8,1,0,6
7,6,6,1,10,13,8,0,0,0,0,8,13,8,0,0,3,8,7,9,4,0,10,4
0,9,8,6,5,8,5,0,3,4,4,7,11,11,5,6,0,4,10,4,3,0,6,3
7,7,3,11,8,0,6,0,0,6,10,6,4,5,4,5,9,6,1,5,5,4,0,3

5,14,12,14,14,14,15,14,17,13,11,0,10,8,12,9,7,3,9,2,2,5,7,5
10,15,39,51,56,68,80,42,25,26,11,11,9,8,5,9,10,2,1,1,0,0,0,10
7,13,14,51,55,56,53,26,14,52,70,12,9,10,7,1,0,0,0,4,0,0,0,2
9,10,6,12,13,24,16,21,65,92,93,83,56,29,11,6,8,4,6,0,2,6,7,6
6,12,11,11,15,20,42,87,176,241,228,163,103,71,56,13,12,12,6,7,0,0,2,0
0,0,0,8,20,15,53,131,267,361,292,235,146,84,59,48,41,30,14,12,11,10,8,7
0,0,0,4,8,12,74,104,180,208,196,199,174,131,81,59,52,15,12,11,13,9,8,10
3,2,0,5,12,12,62,88,124,126,99,107,143,146,110,82,65,20,3,8,8,4,0,0
7,8,7,2,2,22,70,105,119,117,104,102,122,135,127,104,80,55,37,14,2,0,0,0
8,1,5,12,16,51,84,125,122,109,103,99,167,157,134,136,103,78,55,13,1,8,0,5
6,8,6,9,14,56,105,131,117,72,81,124,162,214,219,189,156,105,68,39,19,13,8,0
4,5,12,20,35,57,85,122,101,60,76,89,149,220,241,245,169,107,78,64,36,9,4,0
0,0,13,22,46,73,89,107,52,59,97,103,127,167,193,183,136,115,100,100,74,10,0,9
0,4,7,48,94,111,118,71,35,24,99,97,106,121,123,122,126,107,102,81,95,29,0,0
0,3,12,64,100,115,104,48,16,13,60,55,57,67,66,80,109,83,72,86,74,69,1,0
12,13,19,50,106,105,111,50,51,52,13,30,36,55,59,87,123,107,132,119,108,50,1,6
6,9,26,66,95,115,67,51,53,33,51,77,64,85,94,130,175,186,162,146,105,43,14,14
16,23,39,53,57,64,53,37,51,56,109,136,120,171,204,241,249,229,215,171,112,40,21,13
18,23,43,217,277,149,61,87,109,119,226,181,168,194,235,238,247,229,198,153,110,59,13,10
12,13,56,130,246,141,101,103,118,122,149,144,172,199,232,301,285,204,175,129,103,55,14,11
10,60,94,135,131,85,53,103,106,111,121,133,148,175,167,198,209,186,118,65,44,34,19,14
18,50,106,152,154,83,68,66,56,52,75,71,113,115,117,124,113,113,105,66,50,20,9,3
7,15,54,107,104,56,88,103,62,44,63,51,69,62,65,82,46,43,25,30,14,13,10,7
3,12,10,11,65,21,105,103,101,56,60,101,98,100,93,89,54,17,11,12,5,2,0,0
0,0,14,6,11,13,64,103,107,89,81,100,101,100,100,23,10,9,6,8,2,5,4,0
0,8,0,11,5,0,7,14,101,101,100,80,100,101,68,13,3,0,0,4,8,10,5,6
0,0,3,4,4,0,2,0,57,100,93,80,71,94,69,22,1,0,2,0,5,2,9,0
2,9,0,4,0,6,0,0,18,60,74,65,101,114,108,12,1,6,8,0,0,11,5,10
2,9,8,5,14,6,9,10,6,14,61,77,95,84,48,3,0,1,8,1,1,0,4,0
0,6,9,3,7,14,4,25,34,41,64,142,85,33,12,5,6,0,7,4,0,0,7,1
7,11,0,0,11,9,8,32,38,73,212,142,48,31,31,9,15,11,10,9,10,8,9,7
0,0,0,14,20,10,12,14,52,83,57,43,29,13,7,8,6,10,10,5,0,1,5,0
0,0,6,10,10,9,12,14,50,24,49,29,14,10,0,2,4,3,4,6,0,0,2,4
9,2,7,4,2,8,4,12,18,13,18,14,2,9,0,4,7,8,8,9,0,0,1,3
6,5,0,3,0,11,5,1,16,10,8,1,6,7,0,9,4,8,8,7,0,0,0,0
0,2,0,0,2,2,9,1,9,11,11,0,4,0,0,0,5,3,0,0,0,0,0,0
0,0,0,0,0,6,0,10,12,2,1,8,10,0,0,1,0,3,5,0,0,0,0,0
0,0,0,1,0,0,0,0,0,3,4,10,11,3,0,6,0,0,8,2,0,0,0,0
0,3,3,0,6,0,3,0,0,0,4,11,11,0,9,3,0,0,0,0,0,0,0,0
1,8,0,6,3,9,6,5,2,6,0,2,6,12,5,1,0,0,9,0,0,0,0,0
0,5,4,10,6,8,10,7,0,2,0,5,11,11,11,9,6,0,9,4,8,1,0,6
7,6,6,1,10,13,8,0,0,0,0,8,13,9,0,0,3,8,7,9,4,0,10,4
0,9,8,6,5,8,5,0,4,4,4,7,11,11,5,6,0,4,10,4,3,0,6,3
7,7,3,11,8,0,6,0,0,6,10,6,4,5,4,5,9,6,1,5,6,4,0,3

5,14,12,14,14,14,16,14,16,13,12,0,10,8,12,9,7,3,9,2,2,5,6,5
10,15,39,52,55,68,78,42,25,24,11,11,9,8,5,9,10,2,1,1,0,0,0,10
7,13,14,51,55,55,53,26,14,52,70,12,9,10,7,1,0,0,0,4,0,0,0,2
9,10,6,12,13,24,16,21,65,92,93,83,57,29,11,6,8,4,7,0,2,6,7,6
6,12,11,11,15,20,43,87,176,240,229,163,103,71,56,13,12,12,6,7,0,0,1,0
0,0,0,8,20,14,53,131,266,361,294,236,147,85,59,48,41,29,14,12,11,10,8,7
0,0,0,4,8,12,74,104,180,208,196,200,175,132,82,59,52,15,12,11,13,9,8,10
3,2,0,5,12,12,62,88,124,126,99,108,143,146,111,82,65,22,3,8,8,4,0,0
7,8,7,2,2,20,70,105,119,117,104,103,122,135,127,104,79,55,36,14,2,0,0,1
8,1,5,12,17,51,84,125,122,109,103,99,166,157,134,136,103,78,55,13,2,9,0,5
6,8,6,9,14,56,105,131,117,71,80,123,162,214,219,189,157,106,68,40,19,13,8,0
4,5,12,20,36,57,86,122,101,61,75,88,150,220,241,245,169,108,79,65,37,9,4,0
0,0,13,22,46,73,89,107,52,60,98,103,127,167,193,183,136,115,100,100,75,10,0,9
0,4,7,48,94,111,118,72,35,25,99,98,106,121,123,122,126,107,102,82,96,31,0,0
0,3,12,64,100,114,104,48,16,14,60,55,57,67,66,80,109,83,72,86,74,68,1,0
12,13,19,50,106,105,111,50,51,53,13,30,39,55,59,88,123,107,132,119,108,50,1,6
6,9,26,66,95,115,67,52,53,34,51,77,64,85,94,130,175,186,162,146,105,42,14,14
16,22,40,53,57,64,53,37,51,56,109,135,120,172,204,241,249,229,215,171,112,40,22,13
18,23,43,217,278,149,61,87,109,119,226,181,168,194,235,237,246,228,198,153,110,60,13,10
12,13,56,130,245,141,101,103,118,122,149,144,173,199,231,300,284,204,175,129,103,55,14,11
10,60,94,135,131,86,53,103,106,111,122,133,148,175,167,197,208,185,118,64,44,34,19,14
18,50,106,152,155,83,68,66,56,52,75,72,113,115,116,124,112,113,105,66,49,20,9,3
7,15,54,107,105,56,88,103,62,44,63,50,69,63,65,82,46,43,24,30,14,13,10,7
3,12,10,11,64,23,105,103,101,56,61,101,98,100,93,89,55,16,11,12,4,2,0,0
0,0,14,6,11,13,64,102,107,88,79,100,101,100,100,25,10,9,6,8,2,5,4,0
0,8,0,11,5,0,6,14,101,101,100,79,100,101,68,13,3,0,0,4,8,10,5,5
0,0,3,4,4,0,2,0,57,100,95,80,70,94,71,22,1,0,2,0,5,2,8,0
2,9,0,3,0,6,0,0,16,60,74,65,101,114,108,12,1,6,7,0,0,11,5,10
2,9,8,5,14,6,9,10,6,14,61,77,95,85,49,3,0,1,8,1,0,0,4,0
0,6,8,3,7,14,4,24,34,41,63,143,85,34,12,5,6,0,7,4,0,0,7,1
7,11,0,0,11,9,8,32,38,73,213,142,48,31,31,9,14,11,10,9,10,8,9,7
0,0,0,14,20,10,12,14,52,84,56,43,30,13,6,9,6,10,9,5,0,1,5,0
0,0,6,10,10,9,12,14,50,25,50,28,13,10,0,2,4,3,4,6,0,0,2,4
9,2,7,4,2,8,4,13,18,13,18,14,2,9,0,4,7,8,8,9,0,0,1,3
6,5,0,3,0,11,5,1,16,10,8,1,6,7,0,9,4,8,8,7,0,0,0,0
0,2,0,0,2,2,9,1,9,11,11,0,4,0,0,0,5,3,0,0,0,0,0,0
0,0,0,0,0,6,0,10,12,2,1,8,10,0,0,1,0,3,4,0,0,0,0,0
0,0,0,1,0,0,0,0,0,3,4,10,11,3,0,6,0,0,9,2,0,0,0,0
0,3,3,0,6,0,3,0,0,0,4,11,11,0,9,3,0,0,0,0,0,0,0,0
1,8,0,6,3,9,6,5,2,5,0,2,6,12,5,1,0,0,9,0,0,0,0,0
0,5,4,10,6,8,10,7,0,2,0,5,11,11,11,9,6,0,9,4,8,1,0,6
7,6,6,0,10,13,8,0,0,0,0,8,13,8,0,0,3,8,7,9,4,0,10,4
0,9,8,6,5,8,5,0,3,4,4,7,11,11,5,6,0,4,10,4,3,0,6,3
7,7,3,11,8,0,6,0,0,6,10,6,4,5,4,5,9,6,1,5,5,4,0,3

5,14,12,14,14,14,15,14,17,13,12,0,10,8,12,9,7,3,9,2,2,6,7,5
10,14,37,51,55,68,78,42,25,23,11,11,9,9,5,9,10,2,1,1,0,0,0,10
7,13,14,50,55,55,53,26,14,52,70,12,9,10,7,1,0,0,0,4,0,0,0,2
9,10,6,12,13,24,16,20,65,92,93,84,57,29,11,6,8,4,7,0,2,6,7,6
6,12,11,11,15,19,42,87,175,241,228,163,103,71,56,14,12,12,6,7,0,0,2,0
0,0,0,8,20,14,53,130,265,361,292,235,147,85,59,48,41,30,14,12,11,10,8,7
0,0,0,4,8,12,74,104,180,208,197,201,175,132,82,59,52,15,12,11,13,9,8,10
3,2,0,5,12,12,62,88,125,127,99,108,144,146,111,83,65,22,3,8,8,4,0,0
7,8,7,2,2,21,70,105,120,117,105,102,122,135,127,104,80,55,34,14,2,0,0,1
8,1,5,12,17,51,84,125,122,110,103,98,165,155,133,136,103,78,55,13,2,9,0,5
6,8,6,9,15,56,105,131,117,72,80,123,162,213,217,187,155,105,68,40,20,13,8,0
4,5,12,20,36,57,85,122,101,60,75,89,152,222,241,243,168,108,79,65,37,9,4,0
0,0,14,22,46,73,89,107,52,60,98,103,129,169,193,182,136,115,101,100,77,10,0,9
0,4,7,48,92,111,118,71,35,22,100,99,106,122,123,123,126,107,102,82,96,30,0,0
0,3,12,64,100,115,104,49,16,14,60,56,58,68,66,80,109,84,72,86,74,69,1,0
12,13,19,50,106,105,111,50,51,53,13,29,39,55,59,87,123,107,132,119,108,50,1,6
6,9,26,66,95,115,67,52,53,34,52,77,64,86,94,130,175,186,163,146,105,42,14,14
16,22,39,53,57,64,53,37,51,56,109,136,120,172,204,241,248,228,215,171,112,40,21,13
18,23,43,217,278,149,61,87,109,119,227,181,169,194,235,236,246,228,198,153,110,60,13,10
12,13,56,130,245,141,101,103,118,122,149,144,173,199,231,299,284,203,175,129,103,55,13,11
10,60,94,135,131,86,52,103,107,111,121,133,148,175,167,197,208,185,118,64,44,34,19,14
18,50,106,153,155,83,68,66,56,52,75,71,113,115,116,124,112,113,105,65,48,19,9,3
7,15,54,107,104,56,88,103,63,44,63,52,69,62,65,82,46,43,25,30,14,13,10,7
3,12,10,11,65,22,105,103,101,56,60,102,98,100,93,88,54,16,11,12,4,1,0,0
0,0,15,6,11,13,64,103,107,88,82,100,101,100,100,23,10,9,6,8,2,5,3,0
0,8,0,11,5,0,6,14,101,101,98,81,100,101,68,13,3,0,0,4,8,10,5,5
0,0,3,4,4,0,2,0,57,100,96,79,71,94,71,22,1,0,2,0,5,2,9,0
2,9,0,4,0,6,0,0,16,60,74,65,101,114,108,12,1,6,7,0,0,11,5,10
2,9,8,5,14,6,9,10,6,14,61,77,95,85,50,3,0,1,8,1,0,0,4,0
0,6,8,3,8,14,4,24,34,41,63,143,86,33,12,5,6,0,7,4,0,0,7,1
8,11,0,0,11,9,8,32,37,74,214,142,48,32,31,9,15,11,10,9,10,8,9,7
0,0,0,14,20,10,12,14,52,84,56,42,30,13,6,8,6,10,9,5,0,1,5,0
0,0,6,10,10,9,12,14,50,26,49,29,14,10,0,2,4,3,4,6,0,0,2,4
9,2,7,4,2,8,4,13,19,13,18,14,2,9,0,3,7,8,8,9,0,0,1,2
6,5,0,3,0,11,5,1,16,10,8,1,6,7,0,9,4,8,8,7,0,0,0,0
0,2,0,0,2,2,9,1,9,11,11,0,4,0,0,0,5,3,0,0,0,0,0,0
0,0,0,0,0,6,0,10,12,2,1,8,10,0,0,1,0,3,4,0,0,0,0,0
0,0,0,1,0,0,0,0,0,3,4,10,11,3,0,6,0,0,8,2,0,0,0,0
0,3,3,0,6,0,3,0,0,0,4,11,11,0,9,3,0,0,0,0,0,0,0,0
1,8,0,6,3,9,6,5,2,6,0,3,6,12,5,1,0,0,9,0,0,0,0,0
0,5,4,10,6,8,10,7,0,2,0,5,11,11,11,9,6,0,9,4,8,1,0,6
7,6,6,1,10,13,8,0,0,0,0,8,13,8,0,0,3,8,7,9,4,0,10,4
0,9,8,6,5,8,5,0,4,4,4,8,11,11,5,6,0,4,10,4,3,0,6,3
7,7,3,11,8,0,6,0,0,6,10,6,4,5,4,5,9,6,1,5,5,4,0,3

5,14,12,14,14,14,16,14,17,13,12,0,10,8,12,9,8,3,9,2,2,6,7,5
10,15,36,51,55,68,78,42,25,23,11,11,9,8,5,9,10,2,1,1,0,0,0,10
7,13,14,50,55,55,54,26,14,52,70,12,9,10,7,1,0,0,0,4,0,0,0,2
9,10,6,12,13,24,16,20,65,92,94,84,57,29,11,6,8,4,6,0,2,6,7,6
6,12,11,11,15,19,43,87,175,241,229,163,103,72,56,14,12,12,6,7,0,0,2,0
0,0,0,8,20,14,53,130,264,361,291,234,147,85,59,48,41,30,14,12,11,10,8,7
0,0,0,4,8,12,74,105,180,209,197,201,174,132,82,60,52,16,12,11,13,9,8,10
3,2,0,5,12,12,62,89,125,127,100,108,143,146,111,83,65,23,3,8,8,4,0,0
7,8,7,3,2,22,70,106,120,118,105,102,121,134,127,105,80,55,36,14,2,0,0,1
8,1,5,12,17,51,84,125,123,110,104,97,164,154,132,135,103,78,54,13,2,8,0,5
6,8,6,9,15,57,105,131,117,72,80,122,161,211,215,186,154,105,68,42,19,13,8,0
4,5,12,20,35,57,85,122,101,61,75,89,152,222,240,241,167,108,79,65,38,9,4,0
0,0,14,22,46,73,89,107,52,60,98,104,129,169,193,182,136,115,101,100,75,10,0,9
0,4,7,48,94,111,118,71,35,24,100,99,106,122,124,123,126,107,103,82,96,30,0,0
0,3,13,64,100,115,104,49,16,14,61,55,58,68,66,80,109,84,72,86,74,69,1,0
12,13,19,50,106,105,111,50,51,52,13,30,37,55,59,87,123,107,132,119,108,50,1,6
6,9,26,67,95,115,67,52,53,34,51,78,64,86,95,130,175,186,163,146,105,43,14,14
16,22,39,53,57,64,53,37,51,56,109,136,121,172,204,241,249,229,215,171,112,40,21,13
18,23,44,217,277,149,61,87,109,119,228,182,169,194,235,237,246,229,198,153,110,60,13,10
12,13,56,130,245,141,101,103,118,122,149,144,173,200,232,300,284,204,175,129,103,55,14,11
10,60,94,135,131,86,52,103,107,111,122,133,148,175,167,197,208,185,118,64,44,34,19,14
19,50,106,153,155,83,68,67,56,52,76,72,113,115,117,124,112,113,105,66,50,19,9,3
7,15,54,107,105,56,88,103,62,44,64,51,70,62,65,83,46,43,25,30,14,13,10,7
3,12,10,11,64,23,105,103,101,56,63,101,98,100,93,89,54,16,11,12,5,1,0,0
0,0,15,7,12,13,64,103,107,89,83,100,101,100,100,25,10,9,6,8,2,5,3,0
0,8,0,11,5,0,6,15,101,101,97,80,100,101,68,13,3,0,0,4,8,10,5,5
0,0,3,4,4,0,2,0,57,100,95,80,71,95,71,22,1,0,2,0,5,2,8,0
2,9,0,4,0,6,0,0,16,60,74,65,101,114,108,12,1,6,7,0,0,11,5,10
2,9,8,5,15,6,9,10,6,14,61,77,95,85,49,4,0,1,8,1,0,0,4,0
0,6,8,3,8,14,4,24,34,41,63,143,85,33,12,5,6,0,7,4,0,0,7,2
7,12,0,0,11,9,8,32,38,74,214,143,48,31,31,9,15,11,10,9,10,8,9,7
0,0,0,14,20,10,12,14,52,84,57,44,30,13,6,8,6,10,9,5,0,1,5,0
0,0,6,10,10,9,12,14,50,24,50,29,14,10,0,2,4,3,4,6,0,0,2,4
9,2,7,4,2,8,4,13,18,13,18,14,2,9,0,3,7,8,8,9,0,0,1,3
6,5,0,3,0,11,5,1,16,10,8,1,6,7,0,9,4,8,8,7,0,0,0,0
0,2,0,0,2,2,9,1,9,11,11,0,4,0,0,0,5,3,0,0,0,0,0,0
0,0,0,0,0,6,0,10,12,2,1,8,10,0,0,1,0,3,4,0,0,0,0,0
0,0,0,1,0,0,0,0,0,3,4,10,11,3,0,6,0,0,8,2,0,0,0,0
0,3,3,0,6,0,3,0,0,0,4,11,11,0,9,3,0,0,0,0,0,0,0,0
0,8,0,6,3,9,6,5,2,6,0,3,6,12,5,1,0,0,9,0,0,0,0,0
0,5,4,10,6,8,10,7,0,2,0,5,11,11,11,9,6,0,9,4,8,1,0,6
8,6,6,1,10,13,8,0,0,0,0,8,13,8,0,0,3,8,7,9,4,0,10,4
0,9,8,6,5,8,5,0,4,4,4,8,11,11,5,6,0,4,10,4,3,0,6,3
7,7,3,11,7,0,6,0,0,6,10,6,4,5,4,5,9,6,1,5,5,4,0,3

5,14,12,14,14,14,16,14,17,13,12,0,10,8,12,9,7,3,9,2,2,5,7,5
10,14,37,51,55,68,78,42,25,23,11,11,9,8,5,9,10,2,1,1,0,0,0,10
7,13,14,51,55,56,54,26,14,52,70,12,9,10,7,1,0,0,0,4,0,0,0,2
9,10,6,12,13,24,16,22,65,93,94,84,57,30,11,6,8,4,6,0,2,6,7,6
6,12,11,11,15,19,41,87,175,241,230,164,103,72,56,13,12,12,6,7,0,0,1,0
0,0,0,8,20,14,53,130,264,359,290,234,147,85,59,48,41,30,14,12,11,10,8,7
0,0,0,4,8,12,74,104,180,208,196,200,174,131,82,60,52,16,12,11,13,9,8,10
3,2,0,5,12,12,62,88,125,127,100,108,143,146,111,83,65,23,3,8,8,4,0,0
7,8,7,3,2,22,70,106,120,118,105,102,121,135,127,105,80,55,37,14,2,0,0,1
8,1,5,12,18,51,84,125,123,110,104,98,165,155,133,136,103,78,55,13,2,9,0,5
6,9,6,9,15,57,105,131,117,72,81,123,162,213,217,187,155,106,68,42,19,13,8,0
4,5,12,20,36,57,85,122,101,61,75,89,151,221,240,242,167,108,79,65,38,9,4,0
0,0,14,22,46,73,89,107,52,59,99,103,128,167,192,181,136,115,101,100,75,10,0,9
0,4,7,48,94,111,118,71,34,25,100,98,106,122,123,122,126,107,102,82,95,30,0,0
0,3,12,64,100,115,104,49,16,13,60,55,58,68,66,80,109,84,72,86,74,69,1,0
12,13,19,50,106,105,111,50,51,53,13,31,39,55,59,87,123,107,132,119,108,50,1,6
6,9,26,66,95,116,67,52,53,35,52,77,64,86,95,130,175,186,163,146,105,44,14,14
16,23,39,53,57,64,53,37,51,56,109,136,121,172,205,241,250,230,216,171,112,40,21,13
18,23,43,217,278,149,61,87,109,119,228,182,169,194,236,238,247,230,198,153,110,60,13,10
12,13,56,130,246,141,100,103,118,122,149,144,173,200,232,301,285,204,175,129,103,55,13,11
10,60,94,135,131,86,52,103,107,111,122,133,148,175,167,197,208,185,118,64,44,34,19,14
19,50,106,154,155,83,68,66,56,52,76,71,113,115,116,124,112,113,105,65,50,19,9,3
7,15,54,107,105,56,88,103,62,44,63,52,70,63,65,82,46,43,25,30,14,13,10,7
3,12,10,11,63,23,105,103,101,56,62,102,98,100,93,88,55,17,11,12,5,2,0,0
0,0,15,7,12,13,64,103,107,89,81,100,101,100,100,23,9,9,6,8,2,5,3,0
0,8,0,11,5,0,6,15,101,101,100,79,100,101,66,13,3,0,0,4,8,10,5,5
0,0,3,4,4,0,2,0,59,100,96,80,71,95,71,22,1,0,2,0,5,2,9,0
2,9,0,4,0,6,0,0,18,60,75,65,101,114,108,12,1,6,7,0,0,11,4,10
2,9,8,5,15,6,9,10,6,14,61,77,95,84,49,3,0,1,8,1,0,0,4,0
0,6,9,3,8,14,4,24,34,41,63,142,86,34,12,5,6,0,7,4,0,0,7,2
7,11,0,0,11,9,8,32,37,73,214,143,48,31,31,9,15,11,10,9,10,8,9,7
0,0,0,14,20,10,12,14,52,84,57,44,29,13,6,8,6,10,9,5,0,1,5,0
0,0,6,10,10,9,12,14,50,25,50,30,14,10,0,2,4,3,4,6,0,0,2,4
9,2,7,4,2,8,4,13,18,13,18,14,2,9,0,3,7,8,8,9,0,0,1,3
6,5,0,3,1,11,5,1,16,10,8,1,6,7,0,9,4,8,8,7,0,0,0,0
0,2,0,0,2,2,9,1,9,11,11,0,4,0,0,0,5,3,0,0,0,0,0,0
0,0,0,0,0,6,0,10,12,2,1,8,10,0,0,1,0,3,4,0,0,0,0,0
0,0,0,1,0,0,0,0,0,3,4,10,11,3,0,6,0,0,9,2,0,0,0,0
0,3,3,0,6,0,3,0,0,0,4,11,11,0,9,3,0,0,0,0,0,0,0,0
1,8,0,6,3,9,6,5,2,5,0,3,6,12,5,1,0,0,9,0,0,0,0,0
0,5,4,10,6,8,10,7,0,2,0,5,11,11,11,9,6,0,9,4,8,1,0,6
7,6,6,1,10,13,8,0,0,0,0,8,13,8,0,0,3,8,7,9,4,0,10,4
0,9,8,6,5,8,5,0,4,4,4,7,11,11,5,6,0,4,10,4,3,0,6,3
7,7,3,11,8,0,6,0,0,6,10,6,4,5,4,5,9,6,1,5,5,4,0,3

5,14,12,14,14,14,16,14,17,13,12,0,10,8,12,9,7,3,9,2,2,5,7,5
10,15,39,52,55,68,78,42,25,22,11,11,9,8,5,9,10,2,1,1,0,0,0,10
7,13,14,51,55,56,54,26,14,52,70,12,9,10,7,1,0,0,0,4,0,0,0,2
9,10,6,12,13,24,16,22,65,92,94,84,57,29,11,6,8,4,7,0,2,6,7,6
6,12,11,12,15,19,41,87,175,241,229,163,103,72,56,13,12,12,6,7,0,0,1,0
0,0,0,8,20,14,53,130,264,360,290,234,147,85,59,48,41,30,14,12,11,10,8,7
0,0,0,4,8,12,74,105,180,208,196,200,174,132,82,60,52,15,12,11,13,9,8,10
3,2,0,5,12,12,62,88,125,127,100,108,143,146,111,83,65,24,3,8,8,4,0,0
7,8,7,3,2,21,70,106,120,118,105,103,122,135,128,105,81,55,37,14,2,0,0,1
8,1,5,12,18,51,84,125,123,110,104,98,166,156,134,137,104,78,55,13,2,9,0,5
6,9,6,9,15,56,105,131,117,72,81,123,161,213,218,189,156,106,69,43,19,13,8,0
4,5,12,20,36,57,85,122,101,61,76,89,150,220,240,243,168,109,79,65,38,9,4,0
0,0,14,22,46,73,89,107,52,60,98,103,127,167,192,181,136,115,101,100,75,10,0,9
0,4,7,50,94,111,118,71,35,22,98,98,106,121,123,122,126,107,102,82,95,30,0,0
0,3,12,64,100,115,104,49,16,14,60,56,58,68,66,80,109,84,72,86,74,69,1,0
12,13,19,50,106,105,111,50,51,53,13,31,36,55,59,87,123,107,133,120,108,50,1,6
6,9,26,66,95,116,67,52,53,34,52,77,64,86,95,130,175,187,164,146,105,43,14,14
17,22,39,53,57,65,53,37,51,56,109,136,121,172,205,242,250,230,216,172,112,40,21,13
18,23,43,218,278,149,61,87,109,119,228,182,169,194,236,238,247,229,198,153,110,60,13,10
12,13,56,130,246,141,101,104,118,122,149,144,173,200,232,300,284,204,175,129,103,55,14,11
10,60,94,135,131,86,52,103,107,111,122,133,148,175,167,197,208,184,118,64,44,34,19,14
19,50,107,154,156,83,69,66,56,53,75,72,113,115,116,124,112,113,105,66,50,19,9,3
7,15,54,107,105,56,88,103,62,44,65,51,70,63,65,82,46,43,25,30,14,13,10,7
3,12,10,11,64,23,105,103,101,57,62,102,98,100,93,89,55,16,11,12,5,1,0,0
0,0,15,7,12,13,65,103,107,92,82,100,101,100,100,26,9,9,6,8,2,5,4,0
0,8,0,11,5,0,6,15,101,101,100,81,100,101,69,13,3,0,0,4,8,10,5,5
0,0,3,4,4,0,2,0,57,100,97,79,71,94,69,22,1,0,2,0,5,2,8,0
2,9,0,4,0,6,0,0,17,60,75,65,101,114,108,12,1,6,8,0,0,11,4,10
2,9,8,5,15,6,9,10,6,14,61,77,94,84,49,4,0,1,8,0,0,0,4,0
0,6,9,3,8,14,4,24,34,41,63,142,85,33,12,5,6,0,7,4,0,0,7,1
7,12,0,0,11,9,8,32,37,73,214,143,48,31,31,9,15,11,10,9,10,8,9,7
0,0,0,14,20,10,12,15,52,84,57,42,30,13,6,8,6,10,9,5,0,1,5,0
0,0,6,10,10,9,12,14,50,26,50,28,14,10,0,2,4,3,4,6,0,0,2,4
9,2,7,4,2,8,4,13,19,13,18,14,2,9,0,3,7,8,8,9,0,0,1,3
6,5,0,3,0,11,5,1,16,10,8,1,6,7,0,9,4,8,8,7,0,0,0,0
0,2,0,0,2,2,9,1,9,11,11,0,4,0,0,0,5,3,0,0,0,0,0,0
0,0,0,0,0,6,0,10,12,1,1,8,10,0,0,1,0,3,4,0,0,0,0,0
0,0,0,1,0,0,0,0,0,3,4,10,11,3,0,6,0,0,8,2,0,0,0,0
0,3,3,0,6,0,3,0,0,0,4,11,11,0,9,3,0,0,0,0,0,0,0,0
1,8,0,6,3,9,6,5,2,5,0,3,6,12,5,1,0,0,9,0,0,0,0,0
0,5,4,10,6,8,10,7,0,2,0,5,11,11,11,9,6,0,9,4,8,1,0,6
7,6,6,1,10,13,8,0,0,0,0,8,13,8,0,0,3,8,7,9,4,0,10,4
0,9,8,6,5,8,5,0,4,4,4,8,11,11,5,6,0,4,10,4,3,0,6,3
7,7,3,11,8,0,6,0,0,6,10,6,4,5,4,5,9,6,1,5,5,4,0,3
