0,0,0,0,0,0,0,8,11,57,86,119,128,107,28,14,0,0,0,0,0,0,0,0
0,0,0,0,0,0,0,8,12,55,92,121,109,76,13,0,5,0,0,0,0,0,0,0
0,0,0,0,0,0,0,0,0,62,100,110,110,102,7,4,5,5,0,0,0,0,0,0
0,0,0,0,0,0,0,0,0,10,63,83,100,61,21,50,11,0,9,0,0,0,0,2
0,0,0,0,0,0,0,1,8,69,87,98,108,80,79,69,61,55,35,23,3,0,0,0
0,0,8,10,6,11,52,62,85,88,105,109,115,101,112,105,106,96,75,60,39,23,0,0
0,0,6,10,13,56,67,81,109,114,130,131,125,129,138,144,123,127,95,77,59,40,3,0
0,0,0,19,62,72,77,103,116,143,145,136,112,109,135,148,157,140,116,84,57,63,12,0
0,0,0,15,59,68,72,92,120,150,143,131,128,122,129,142,160,143,116,79,52,55,39,12
0,9,5,8,61,59,67,91,111,127,138,152,152,154,154,156,161,146,103,79,44,56,60,38
2,0,3,50,63,57,57,97,103,116,132,136,153,165,165,168,152,144,112,70,22,52,71,67
0,0,13,65,74,64,52,69,110,119,132,132,135,173,176,178,167,131,105,75,20,11,61,121
5,18,55,102,102,76,52,55,87,114,129,141,152,153,151,169,167,112,104,74,13,16,45,97
8,24,70,107,105,76,72,72,70,101,121,134,143,140,140,149,145,129,121,100,0,0,14,54
3,25,78,105,58,54,12,9,56,61,89,121,136,128,127,128,123,126,117,87,12,0,6,0
7,3,8,16,25,48,16,13,20,61,78,103,132,130,115,116,121,120,108,69,14,12,3,0
11,10,9,8,11,12,11,2,39,60,87,96,134,100,98,103,99,109,120,100,73,25,14,0
1,4,11,14,19,26,27,38,51,76,131,146,147,143,155,190,164,138,94,86,68,38,20,10
0,0,4,10,6,4,11,53,71,124,165,191,224,169,180,209,207,170,159,142,112,58,34,13
0,4,10,9,9,11,26,74,109,137,187,228,258,267,260,265,267,239,205,184,146,84,52,10
0,0,6,12,12,12,42,64,100,132,206,244,259,285,296,269,279,272,238,203,165,93,52,7
0,0,5,10,11,11,36,56,116,162,221,266,293,313,308,252,287,305,244,225,173,92,51,30
0,3,7,12,11,13,32,53,105,146,206,239,239,233,219,168,221,231,193,181,145,95,39,12
0,0,0,0,2,4,19,87,108,135,160,184,199,189,141,126,158,182,165,147,128,103,54,14
0,0,0,0,0,5,13,61,104,113,131,139,144,132,110,106,117,127,134,121,106,70,21,14
2,0,7,5,8,7,10,68,102,107,109,116,117,105,64,52,102,113,112,105,87,81,38,15
0,1,0,3,8,12,10,13,100,104,105,102,104,93,103,11,101,106,102,98,87,40,12,10
0,0,6,2,5,9,8,24,72,103,104,110,79,78,80,14,84,102,101,66,57,37,13,13
0,0,0,0,2,8,13,8,61,66,73,72,63,55,58,14,69,66,58,54,41,39,13,8
0,0,0,0,8,3,0,8,50,69,68,57,50,48,29,27,32,40,46,38,38,10,9,4
0,0,9,8,12,9,7,10,30,50,51,44,14,37,20,12,21,27,13,13,10,10,1,1
0,0,0,6,10,5,11,2,12,34,57,46,15,16,30,2,11,13,16,10,14,7,6,1
0,0,0,0,4,5,2,0,13,32,40,13,10,53,14,2,10,14,11,7,3,0,0,3
0,0,0,0,8,9,9,0,23,54,55,54,50,52,11,10,14,16,12,11,12,6,4,7
0,0,0,0,6,12,6,9,15,56,56,62,53,52,36,13,50,49,14,14,14,1,10,6
0,0,0,0,0,5,4,5,26,59,55,76,54,52,44,27,36,30,11,13,21,13,8,4
0,0,0,0,1,5,9,10,13,52,65,60,57,62,47,20,28,13,8,7,14,14,5,1
0,0,0,0,0,4,11,11,13,50,63,54,57,59,47,27,12,8,10,12,9,8,10,0
0,0,0,0,0,0,0,9,10,21,55,56,54,56,53,33,8,21,8,11,1,6,10,0
0,0,0,0,0,1,2,9,12,19,51,63,66,63,55,50,39,16,13,10,9,0,2,5
0,0,0,0,0,4,0,12,13,14,54,60,65,61,63,50,26,26,10,12,11,0,0,5
0,0,0,0,0,10,9,12,7,12,53,78,79,59,53,33,36,8,8,5,13,8,2,10
8,3,6,0,5,8,4,0,6,13,54,91,105,65,38,54,27,13,10,5,4,13,11,0
6,0,0,0,0,2,7,11,12,13,51,125,122,120,101,55,47,14,13,12,10,0,10,8

0,0,0,0,0,0,0,8,11,57,86,120,128,107,28,14,0,0,0,0,0,0,0,0
0,0,0,0,0,0,0,8,13,55,92,121,109,77,13,0,5,0,0,0,0,0,0,0
0,0,0,0,0,0,0,0,0,62,100,110,110,102,7,4,5,5,0,0,0,0,0,0
0,0,0,0,0,0,0,0,0,10,62,81,100,60,19,50,10,0,9,0,0,0,0,2
0,0,0,0,0,0,0,1,8,69,86,97,108,79,79,69,61,55,35,23,3,0,0,0
0,0,8,10,6,11,52,62,85,88,105,108,114,100,111,104,106,96,74,60,39,22,0,0
0,0,6,10,13,56,67,81,109,113,129,130,124,128,138,143,122,127,95,76,59,40,3,0
0,0,0,19,62,72,77,103,116,143,144,136,111,108,134,148,157,140,116,84,57,63,12,0
0,0,0,15,59,68,72,93,120,150,143,131,128,122,129,142,160,143,116,79,52,55,39,12
0,9,5,8,61,59,67,91,111,127,138,152,152,154,155,156,161,146,103,79,45,56,60,38
2,0,3,50,63,57,57,97,103,116,132,136,154,165,165,168,152,144,112,70,22,52,71,67
0,0,13,65,74,64,52,70,110,119,133,132,135,173,176,178,167,132,106,75,21,11,61,121
5,18,54,102,102,76,52,56,88,114,129,141,152,153,151,169,167,111,104,74,13,17,45,98
8,24,70,107,105,76,72,73,70,101,121,134,143,139,140,148,144,128,121,100,0,0,14,54
4,25,77,105,58,54,13,9,56,61,89,121,135,128,126,127,122,126,117,87,12,0,6,0
7,3,8,16,26,48,16,13,20,61,78,103,131,130,115,116,121,120,108,69,14,13,3,0
11,10,9,8,11,12,11,2,40,60,87,96,134,99,98,103,99,109,120,100,73,26,14,0
1,4,11,14,19,25,27,38,51,76,130,146,147,143,155,189,164,138,93,86,68,38,20,10
0,0,4,10,6,4,12,53,71,124,165,191,222,168,179,209,207,169,159,141,112,58,34,13
0,4,10,9,9,11,27,74,108,137,187,228,257,265,259,264,266,239,205,184,146,84,52,10
0,0,6,12,12,12,42,64,100,132,205,243,258,284,296,268,279,272,238,203,165,93,52,7
0,0,5,10,11,10,36,56,116,162,220,265,292,312,307,253,286,304,244,226,173,92,51,30
0,3,7,12,11,13,32,53,105,146,206,239,238,233,219,169,221,231,193,181,146,95,40,12
0,0,0,0,2,4,19,87,107,134,160,184,199,189,142,126,158,183,165,147,128,103,54,14
0,0,0,0,0,5,13,62,104,113,131,139,144,132,110,106,117,127,134,121,106,70,21,14
2,0,7,5,8,7,10,67,102,106,109,116,117,105,63,52,102,113,112,105,87,82,38,16
0,1,0,3,8,12,10,13,100,104,105,102,104,94,103,11,101,106,102,98,88,40,12,10
0,0,6,2,5,9,8,24,72,103,104,110,79,79,80,14,85,102,100,66,57,38,14,13
0,0,0,0,2,8,13,8,61,66,73,72,63,55,58,14,68,66,58,54,41,40,13,8
0,0,0,0,8,3,0,8,50,69,68,56,50,49,29,27,32,40,46,39,38,10,9,4
0,0,9,8,12,9,7,10,31,50,51,44,14,36,19,12,21,27,13,13,11,10,1,2
0,0,0,6,10,5,10,2,12,35,58,46,17,16,30,2,11,13,17,11,14,7,6,1
0,0,0,0,4,5,2,0,13,32,41,13,10,53,14,2,10,14,11,7,3,0,0,3
0,0,0,0,8,9,9,0,22,54,55,54,50,53,12,10,14,17,12,11,12,6,4,7
0,0,0,0,6,12,6,9,16,56,55,62,53,52,39,13,50,50,14,14,14,1,10,6
0,0,0,0,0,5,4,5,26,59,55,76,54,52,44,28,37,30,12,14,21,13,8,4
0,0,0,0,1,5,10,10,13,52,66,60,58,62,47,20,29,13,8,7,14,14,5,1
0,0,0,0,0,4,11,11,13,50,63,54,57,59,48,27,12,8,11,12,8,8,10,0
0,0,0,0,0,0,0,9,10,22,55,56,54,56,53,35,9,22,8,11,1,6,10,0
0,0,0,0,0,1,3,9,13,19,51,63,66,62,55,50,37,16,13,10,8,0,2,5
0,0,0,0,0,4,0,12,13,15,54,60,65,60,63,50,26,26,10,12,11,0,0,5
0,0,0,0,0,10,9,13,8,12,53,78,79,59,54,34,40,9,8,5,13,8,1,10
9,3,7,0,5,8,4,0,7,13,54,91,105,65,38,54,29,13,10,5,4,13,11,0
6,0,0,0,0,3,7,11,12,13,51,125,122,120,101,55,50,14,13,12,10,0,10,8

0,0,0,0,0,0,0,8,11,57,86,120,128,107,27,14,0,0,0,0,0,0,0,0
0,0,0,0,0,0,0,8,13,55,93,121,109,77,13,0,6,0,0,0,0,0,0,0
0,0,0,0,0,0,0,0,0,62,100,110,110,102,7,4,5,5,0,0,0,0,0,0
0,0,0,0,0,0,0,0,0,10,62,81,100,60,19,50,11,0,9,0,0,0,0,2
0,0,0,0,0,0,0,1,8,69,86,97,108,79,79,69,61,55,35,23,3,0,0,0
0,0,8,10,6,11,52,62,85,88,105,108,114,100,111,104,106,95,74,60,38,22,0,0
0,0,6,10,13,56,67,81,109,113,129,130,124,128,137,143,122,127,95,76,59,40,3,0
0,0,0,18,62,72,77,103,116,143,144,136,111,109,134,148,157,141,116,84,57,63,12,0
0,0,0,14,59,68,72,93,120,151,143,131,128,122,129,143,161,144,116,79,52,55,39,12
0,9,5,8,61,59,67,91,111,128,138,153,152,154,155,156,162,146,103,79,45,56,60,38
3,0,4,50,63,57,57,97,103,117,132,137,154,166,165,169,153,144,112,70,23,52,71,68
0,0,13,65,74,64,52,70,110,119,133,133,135,173,176,178,167,132,105,75,21,11,61,122
5,20,55,102,102,76,52,56,88,114,129,141,152,152,151,169,167,111,103,74,13,17,46,98
8,24,70,107,106,76,72,73,70,101,121,134,143,139,140,148,144,128,120,100,0,0,14,54
4,27,77,106,58,54,13,9,56,61,89,120,135,128,126,127,122,125,117,87,12,0,6,0
8,3,8,19,28,48,18,13,21,61,78,103,131,129,114,116,121,120,107,69,14,13,3,0
11,10,9,8,11,12,11,2,40,60,87,95,133,99,98,103,98,108,120,100,73,26,14,0
1,4,11,14,20,26,27,38,51,76,130,145,146,142,154,188,164,138,93,86,68,38,20,10
0,0,5,10,7,4,12,53,71,124,164,190,222,167,178,209,206,169,159,141,112,58,34,13
0,4,10,9,9,11,27,74,108,137,186,227,257,264,258,263,266,239,205,184,146,84,52,10
0,0,6,12,12,12,42,63,100,131,205,243,258,283,294,268,278,272,238,204,165,93,52,7
0,0,5,10,11,10,36,56,116,162,220,265,292,311,306,253,286,304,245,226,174,92,51,30
0,3,7,12,11,13,32,53,105,146,205,238,239,232,219,169,221,232,194,181,146,95,40,12
0,0,0,0,2,4,19,87,107,134,160,184,199,189,142,126,159,183,166,147,129,103,54,14
0,0,0,0,0,5,13,61,104,113,131,139,143,132,110,106,117,127,134,121,106,71,21,14
2,0,7,5,9,7,10,71,102,106,109,116,117,105,67,55,102,113,112,105,88,81,38,17
0,1,0,3,8,12,10,13,100,104,105,102,104,94,103,11,101,106,102,98,87,41,12,10
0,0,6,2,5,9,8,26,72,103,104,110,79,79,80,14,85,102,100,66,57,37,14,13
0,0,0,0,2,8,13,8,61,66,73,72,63,54,60,14,70,67,58,54,41,40,13,8
0,0,0,0,8,3,0,8,50,69,68,57,50,49,30,27,32,40,46,39,38,10,9,4
0,0,9,8,12,9,7,10,31,50,51,45,14,37,19,12,21,28,13,13,11,10,1,2
0,0,0,6,10,5,11,2,13,37,58,47,16,16,27,2,11,13,17,11,14,7,6,1
0,0,0,0,4,5,2,0,13,33,42,13,11,53,14,2,11,14,11,7,3,0,0,3
0,0,0,0,8,9,9,0,23,54,55,54,50,53,12,10,14,17,12,11,12,6,4,7
0,0,0,0,6,12,6,10,18,56,56,62,53,52,38,13,50,50,14,14,14,1,10,6
0,0,0,0,0,5,4,5,26,59,55,76,54,52,44,28,36,30,12,14,21,13,8,4
0,0,0,0,1,5,10,10,13,52,66,60,58,62,47,21,30,13,8,7,14,14,5,1
0,0,0,0,0,4,11,11,13,50,63,54,56,60,47,28,12,8,11,12,8,8,10,0
0,0,0,0,0,0,0,9,11,22,55,57,54,56,53,36,9,23,8,11,0,6,10,0
0,0,0,0,0,1,3,9,13,20,51,63,66,62,55,50,39,16,13,11,8,0,1,5
0,0,0,0,0,4,0,12,13,15,54,60,65,60,63,50,26,28,10,12,11,0,0,5
0,0,0,0,0,10,9,13,8,12,53,78,79,59,53,34,40,9,8,5,13,7,1,10
9,3,7,0,5,9,5,0,7,13,54,91,105,65,38,54,30,13,10,5,4,13,11,0
6,0,0,0,0,3,7,11,12,13,51,125,122,120,102,55,50,14,13,12,10,0,10,8

0,0,0,0,0,0,0,8,11,57,86,120,129,107,28,14,0,0,0,0,0,0,0,0
0,0,0,0,0,0,0,8,13,55,93,121,109,77,13,0,6,0,0,0,0,0,0,0
0,0,0,0,0,0,0,0,0,62,100,110,110,102,7,4,5,5,0,0,0,0,0,0
0,0,0,0,0,0,0,0,0,10,62,81,100,60,20,50,11,0,9,0,0,0,0,2
0,0,0,0,0,0,0,1,9,70,87,97,108,79,79,69,61,55,35,23,3,0,0,0
0,0,8,10,6,11,52,62,85,88,105,108,113,100,111,104,106,96,75,60,38,22,0,0
0,0,6,10,13,56,67,81,109,114,129,130,124,127,138,144,123,127,95,76,59,40,3,0
0,0,0,18,62,72,77,103,116,143,145,136,111,108,135,148,158,141,116,84,57,63,12,0
0,0,0,15,59,68,72,93,120,151,143,131,128,121,129,142,161,144,116,79,52,55,39,12
0,9,5,8,61,59,68,91,111,128,138,152,151,154,155,156,161,146,103,79,44,56,60,38
2,0,4,50,63,57,57,97,103,116,132,136,153,165,165,168,153,144,112,70,22,52,71,68
0,0,13,65,74,64,52,70,110,119,132,132,135,172,177,178,167,132,105,75,20,11,61,121
5,19,54,102,102,76,52,55,88,114,129,141,152,153,151,169,168,111,104,74,13,17,46,97
8,24,70,107,106,76,72,73,70,101,121,134,143,139,140,149,144,129,121,100,0,0,14,54
4,25,77,105,59,54,13,9,56,61,89,120,135,129,126,127,123,126,117,88,12,0,6,0
7,3,8,16,26,48,16,13,21,61,78,103,131,129,115,116,122,120,108,69,14,13,3,0
11,10,9,8,11,12,11,2,39,60,87,96,133,100,98,103,99,109,120,100,73,26,14,0
1,4,11,14,19,26,27,38,51,76,130,145,146,142,154,189,164,138,93,86,68,38,21,10
0,0,5,10,7,4,11,53,71,124,164,190,222,167,179,208,207,170,159,142,112,58,34,13
0,4,10,9,9,12,27,74,108,136,186,226,255,263,257,263,266,239,206,185,146,84,53,10
0,0,6,12,12,12,42,64,100,131,205,242,257,283,294,268,279,272,239,204,166,93,52,7
0,0,5,10,11,11,36,56,116,161,220,264,290,312,306,253,287,305,245,227,174,92,51,30
0,3,7,12,11,13,32,53,105,146,205,238,238,232,219,169,222,232,194,182,146,95,40,12
0,0,0,0,2,4,19,87,107,134,159,183,199,190,142,126,160,184,167,148,129,103,54,14
0,0,0,0,0,5,13,62,104,113,131,139,144,132,110,106,118,128,134,121,106,70,20,14
2,0,7,5,8,7,11,70,102,107,109,116,117,105,65,53,102,113,112,105,86,78,37,17
0,1,0,3,8,12,10,13,100,104,105,102,105,95,103,11,101,106,102,98,87,38,12,10
0,0,6,2,5,9,9,26,74,103,104,110,79,79,80,14,85,102,100,65,57,34,13,13
0,0,0,0,2,8,13,9,61,67,73,72,63,55,58,14,68,64,58,54,40,39,13,8
0,0,0,0,8,3,0,8,51,69,68,57,50,49,29,27,32,39,45,37,36,10,9,4
0,0,9,8,12,9,8,11,32,50,51,45,14,37,20,12,22,28,13,13,10,10,1,2
0,0,0,6,10,5,11,3,13,39,58,48,17,18,31,2,12,14,17,11,14,7,6,1
0,0,0,0,4,5,2,0,13,34,43,13,11,53,14,2,11,14,11,7,3,0,0,3
0,0,0,0,8,9,10,1,25,54,56,54,51,53,12,11,14,16,12,11,12,6,4,7
0,0,0,0,6,12,6,10,19,56,56,62,53,52,39,13,50,50,14,14,14,1,10,6
0,0,0,0,0,5,4,5,28,59,55,76,54,52,45,27,36,28,11,13,19,13,8,4
0,0,0,0,1,5,10,10,13,52,66,60,58,62,48,20,28,13,8,7,14,14,5,1
0,0,0,0,0,4,11,11,13,50,63,54,56,60,48,26,12,8,10,12,8,8,10,0
0,0,0,0,0,0,0,9,11,25,55,56,54,56,53,35,9,22,8,11,0,5,10,0
0,0,0,0,0,1,3,9,13,20,51,63,66,62,55,50,39,16,13,11,7,0,1,6
0,0,0,0,0,4,0,12,13,16,54,60,65,61,63,51,26,29,10,12,11,0,0,5
0,0,0,0,0,10,9,13,8,13,54,78,79,59,53,34,39,9,8,5,12,7,1,10
9,3,7,0,5,9,5,0,8,14,54,91,105,64,38,54,28,13,10,5,4,13,11,0
6,0,0,0,0,3,7,11,12,14,51,127,123,120,101,55,50,14,13,12,10,0,10,8

0,0,0,0,0,0,0,8,11,57,86,120,129,108,28,14,0,0,0,0,0,0,0,0
0,0,0,0,0,0,0,8,13,55,93,122,110,77,13,0,6,0,0,0,0,0,0,0
0,0,0,0,0,0,0,0,0,62,100,110,110,102,7,4,5,5,0,0,0,0,0,0
0,0,0,0,0,0,0,0,0,10,63,81,100,60,20,50,11,0,9,0,0,0,0,2
0,0,0,0,0,0,0,2,9,70,86,97,107,79,79,69,61,55,35,23,3,0,0,0
0,0,8,10,6,11,52,62,86,88,105,108,113,100,110,104,106,96,75,61,39,23,0,0
0,0,6,10,13,56,67,81,109,114,129,130,123,127,137,143,123,127,95,77,59,41,3,0
0,0,0,19,62,72,77,103,116,143,144,135,111,108,134,148,157,141,116,84,57,63,12,0
0,0,0,15,59,68,72,93,120,150,142,130,127,121,128,142,159,143,116,79,52,55,39,12
0,9,5,8,61,59,68,91,111,126,137,151,151,153,154,155,161,145,102,79,44,56,60,38
2,0,3,50,63,57,57,97,103,116,131,135,152,165,164,167,152,143,112,69,22,52,71,67
0,0,13,65,74,64,52,70,110,119,132,132,135,172,176,178,167,131,105,75,20,11,61,121
5,17,55,102,102,76,51,55,87,114,129,141,152,153,151,170,168,111,104,74,13,16,46,97
8,24,70,107,105,76,72,73,70,101,121,135,144,140,141,149,145,129,121,100,0,0,14,54
3,21,77,104,58,54,12,9,56,61,89,121,136,129,127,128,123,126,117,88,12,0,6,0
7,3,8,15,23,46,15,13,19,61,78,103,131,130,115,116,122,121,108,69,14,13,3,0
11,10,9,8,11,12,11,2,38,60,87,96,133,99,98,103,99,109,120,100,73,26,14,0
1,4,11,14,19,26,26,38,51,76,129,145,145,142,154,189,165,139,94,86,68,39,21,10
0,0,5,10,6,4,11,53,71,123,163,190,220,167,179,208,208,171,161,142,113,58,34,13
0,4,10,9,9,12,28,74,108,136,185,226,254,263,257,264,267,240,207,186,147,85,53,10
0,0,6,12,12,12,41,64,100,131,204,241,256,282,294,268,280,275,240,206,167,94,52,7
0,0,5,10,11,11,36,56,116,160,219,264,291,312,308,254,289,307,247,229,175,93,51,30
0,3,7,12,12,13,32,53,105,145,205,237,238,233,221,170,223,234,195,183,146,95,39,12
0,0,0,0,2,4,20,88,107,134,159,183,199,191,143,127,161,186,168,148,129,103,53,14
0,0,0,0,0,5,13,63,104,113,131,139,144,132,110,106,118,128,135,122,106,68,20,14
2,0,7,5,9,7,11,71,102,107,109,116,117,105,71,56,102,114,112,105,84,75,35,16
0,1,0,3,8,12,10,13,100,104,105,102,105,96,103,11,101,106,102,97,85,34,11,10
0,0,6,2,5,9,9,29,73,103,104,110,79,79,81,14,85,102,100,65,56,26,13,13
0,0,0,0,2,8,13,9,61,67,73,72,63,55,60,15,70,65,57,53,37,36,13,8
0,0,0,0,8,3,0,8,51,70,68,57,50,50,30,28,32,39,43,33,33,9,9,5
0,0,9,8,12,9,8,11,33,51,51,45,14,37,19,13,22,27,13,13,10,10,1,2
0,0,0,6,10,5,11,3,13,42,59,48,17,22,32,2,12,14,16,11,14,7,6,1
0,0,0,0,4,5,2,0,14,37,44,13,11,53,14,2,11,14,11,7,3,0,0,3
0,0,0,0,8,9,10,1,26,54,56,54,51,53,12,11,14,14,11,11,12,6,4,7
0,0,0,0,6,12,6,10,20,56,56,62,54,52,39,13,50,45,14,14,14,1,10,6
0,0,0,0,0,5,5,6,30,59,56,77,54,52,45,24,35,25,10,13,17,13,8,4
0,0,0,0,1,6,10,10,13,52,66,60,58,62,48,20,25,12,8,6,14,14,5,1
0,0,0,0,0,4,11,11,13,50,64,54,57,60,48,23,12,8,10,12,8,8,10,0
0,0,0,0,0,0,0,10,11,25,55,56,54,56,53,34,9,22,8,11,0,5,10,0
0,0,0,0,0,1,4,9,13,20,51,63,66,63,55,50,39,16,13,11,7,0,1,6
0,0,0,0,0,4,0,12,13,17,55,60,65,61,63,50,27,26,10,12,11,0,0,5
0,0,0,0,0,10,9,13,8,13,54,78,79,60,54,34,40,9,8,5,12,7,1,10
9,3,7,0,5,9,5,0,8,14,54,92,105,65,38,53,28,13,10,5,4,13,11,0
6,0,0,0,0,3,7,11,12,14,51,128,123,120,100,55,50,14,13,12,10,0,10,8

0,0,0,0,0,0,0,8,11,57,86,121,129,108,28,14,0,0,0,0,0,0,0,0
0,0,0,0,0,0,0,8,13,55,93,122,110,77,13,0,6,0,0,0,0,0,0,0
0,0,0,0,0,0,0,0,0,62,100,110,110,102,7,4,5,5,0,0,0,0,0,0
0,0,0,0,0,0,0,0,0,10,62,81,100,60,21,50,11,0,9,0,0,0,0,2
0,0,0,0,0,0,0,2,9,70,86,97,107,79,79,69,61,55,35,23,3,0,0,0
0,0,8,10,6,11,52,62,85,88,105,108,113,100,110,104,106,96,75,60,39,22,0,0
0,0,6,10,13,56,67,81,109,114,129,130,123,127,137,143,122,127,95,76,59,40,3,0
0,0,0,19,62,72,77,103,116,143,144,135,111,108,133,147,156,140,116,83,57,63,12,0
0,0,0,15,59,68,72,93,120,150,142,130,127,121,128,142,160,143,115,79,52,55,39,12
0,9,6,8,61,59,67,91,111,127,137,151,151,153,154,155,161,145,102,79,44,56,60,38
2,0,3,50,63,57,57,97,103,116,131,135,152,165,164,168,152,143,112,69,22,52,71,67
0,0,13,65,74,64,52,70,110,119,133,132,135,172,176,178,167,131,105,75,20,11,61,121
5,18,54,102,102,76,52,55,88,114,129,141,152,153,151,169,168,111,103,74,13,17,45,97
8,23,70,107,105,76,72,73,70,102,121,135,143,140,140,149,144,129,121,100,0,0,14,54
3,23,77,105,58,54,12,9,56,61,89,121,135,129,126,127,123,126,117,88,12,0,6,0
7,3,8,16,25,48,17,13,19,61,78,103,131,130,114,116,122,120,108,69,14,13,3,0
11,10,9,8,11,12,11,2,39,60,87,95,133,99,98,103,99,109,120,100,73,26,14,0
1,4,11,14,19,25,26,38,51,76,129,144,145,142,154,188,164,139,94,86,68,39,21,10
0,0,5,10,6,4,11,54,71,123,163,189,220,166,178,208,207,171,160,142,113,58,34,13
0,4,10,9,9,11,28,74,108,136,185,225,254,262,257,263,267,240,206,185,147,85,52,10
0,0,6,12,12,12,42,64,100,131,204,242,256,282,294,268,280,274,240,206,166,94,52,7
0,0,5,10,11,11,36,56,116,161,219,264,291,311,307,255,288,307,247,229,175,92,51,30
0,3,8,12,12,13,32,53,105,145,205,238,239,233,221,171,224,234,196,183,146,95,39,12
0,0,0,0,2,4,20,87,107,134,159,184,199,191,143,127,162,186,168,148,129,103,53,14
0,0,0,0,0,5,13,63,104,113,131,139,144,132,110,107,118,128,135,122,106,69,20,14
2,0,7,5,8,7,11,71,102,107,109,116,117,105,69,56,102,114,112,105,84,75,35,16
0,1,0,3,8,12,10,13,100,104,105,102,104,95,103,11,101,106,102,97,85,34,11,10
0,0,6,2,5,9,9,29,74,103,104,110,79,79,82,14,86,102,100,65,56,26,13,13
0,0,0,0,2,8,13,9,62,67,73,72,63,55,60,14,68,64,57,53,37,36,13,8
0,0,0,0,8,3,0,8,51,70,68,57,50,49,29,27,32,39,43,33,33,10,9,5
0,0,9,8,12,9,8,11,33,51,51,45,14,37,19,13,22,28,13,13,10,10,1,1
0,0,0,6,10,5,11,3,13,43,60,48,17,21,30,2,12,14,17,11,14,7,6,1
0,0,0,0,4,5,2,0,14,38,46,14,11,53,14,2,11,14,11,7,3,0,0,3
0,0,0,0,8,9,10,1,27,54,56,55,51,53,12,11,14,14,11,11,12,6,4,7
0,0,0,0,6,12,6,10,20,56,56,63,54,52,39,13,50,46,14,14,14,1,10,6
0,0,0,0,0,5,5,6,31,59,56,77,54,52,46,26,36,26,10,13,17,13,8,4
0,0,0,0,1,6,10,10,13,52,66,60,58,62,47,20,26,12,8,6,13,14,5,1
0,0,0,0,0,4,11,11,13,50,64,54,57,60,47,25,12,8,10,12,8,8,10,0
0,0,0,0,0,0,0,10,11,26,55,56,54,56,53,35,9,21,8,11,0,5,10,0
0,0,0,0,0,1,4,9,13,20,51,63,66,63,55,50,39,16,13,11,6,0,1,6
0,0,0,0,0,5,0,12,14,17,55,60,65,60,63,51,27,27,10,12,11,0,0,5
0,0,0,0,0,11,10,13,8,13,54,78,79,59,54,34,40,9,8,5,13,7,1,10
9,3,7,0,5,9,5,0,8,14,54,92,105,65,38,54,29,13,10,5,4,13,11,0
6,0,0,0,0,3,7,12,12,14,51,128,123,120,100,55,50,14,13,12,10,0,10,8

0,0,0,0,0,0,0,8,11,57,86,121,130,108,28,14,0,0,0,0,0,0,0,0
0,0,0,0,0,0,0,8,13,55,93,122,110,77,13,0,6,0,0,0,0,0,0,0
0,0,0,0,0,0,0,0,1,62,100,110,110,102,7,4,5,5,0,0,0,0,0,0
0,0,0,0,0,0,0,0,0,10,62,81,100,61,20,50,11,0,9,0,0,0,0,2
0,0,0,0,0,0,0,1,9,69,86,97,107,79,79,69,61,55,34,22,3,0,0,0
0,0,8,10,6,11,52,62,85,88,105,108,113,100,110,104,105,95,74,60,38,22,0,0
0,0,6,10,13,56,67,81,109,113,129,130,124,127,137,143,122,127,95,76,59,40,3,0
0,0,0,18,62,72,77,103,116,143,144,135,111,108,134,148,157,140,116,84,57,63,12,0
0,0,0,15,59,68,72,93,120,150,143,130,127,122,129,142,160,143,116,79,52,55,39,12
0,9,5,8,61,58,67,91,111,127,138,152,151,154,155,156,161,146,103,79,44,56,60,38
2,0,3,50,63,57,57,97,103,116,132,136,153,165,165,168,153,144,112,70,23,52,71,68
0,0,13,65,74,64,52,70,110,119,133,132,135,172,176,178,167,132,105,75,21,11,61,121
5,19,54,102,102,76,52,56,88,114,129,141,151,152,151,169,167,111,103,73,13,17,46,98
8,24,70,107,105,77,72,73,71,101,121,134,143,139,140,148,144,128,120,100,0,0,14,54
3,24,77,105,58,54,13,9,56,61,89,120,135,128,126,127,122,125,117,88,12,0,6,0
7,3,8,17,28,48,17,13,20,61,78,103,131,129,114,115,121,120,107,69,14,13,3,0
11,10,10,8,11,12,11,2,39,60,87,95,133,99,98,102,99,108,120,100,73,26,14,0
1,4,11,14,20,26,27,38,51,76,129,144,144,141,152,187,163,138,93,86,68,39,21,10
0,0,5,10,7,4,11,53,71,123,163,189,219,166,178,207,207,170,160,142,112,58,35,13
0,4,10,9,9,12,27,74,108,136,185,225,254,261,256,263,266,240,207,185,147,85,53,10
0,0,6,12,12,12,42,64,100,131,204,241,257,281,294,268,279,274,240,206,167,94,52,7
0,0,5,10,11,11,37,56,116,160,219,264,290,311,306,254,288,307,247,229,176,93,51,30
0,3,7,12,12,13,32,53,105,145,204,238,238,233,221,171,224,235,196,184,147,95,39,12
0,0,0,0,2,4,20,88,107,134,159,183,199,190,143,127,162,187,169,148,129,103,53,14
0,0,0,0,0,5,13,64,104,113,131,139,144,132,110,106,118,128,135,122,106,69,20,14
2,0,8,5,9,7,11,71,102,107,109,116,117,105,71,57,102,114,112,105,85,75,36,15
0,1,0,3,8,12,10,13,100,104,105,102,104,96,103,11,102,106,102,97,85,34,11,10
0,0,6,3,5,9,9,30,74,103,104,110,79,80,81,14,86,102,100,65,56,26,13,13
0,0,0,0,2,8,13,9,62,66,73,72,63,55,59,14,70,64,57,53,38,37,13,8
0,0,0,0,8,3,0,8,52,70,68,57,50,49,30,27,32,39,43,33,34,10,9,5
0,0,9,8,12,9,8,11,33,51,51,45,14,37,19,12,22,28,13,13,10,10,1,1
0,0,0,6,10,5,11,3,14,44,61,48,16,23,30,2,12,14,17,11,14,7,6,1
0,0,0,0,4,5,2,0,14,38,46,14,11,53,14,2,11,14,11,8,3,0,0,3
0,0,0,0,8,9,10,1,29,54,56,55,51,54,12,11,14,15,12,11,12,6,4,7
0,0,0,0,6,12,6,10,21,56,56,63,54,52,40,13,50,47,14,14,14,0,10,6
0,0,0,0,0,5,5,6,32,59,56,77,54,52,45,26,36,26,10,13,17,13,8,4
0,0,0,0,1,6,10,10,13,52,66,60,58,62,48,20,26,13,8,6,13,14,5,1
0,0,0,0,0,4,11,11,13,50,64,54,57,60,48,26,12,8,10,12,8,8,10,0
0,0,0,0,0,0,0,10,11,27,55,56,54,57,53,35,9,22,8,11,0,5,10,0
0,0,0,0,0,1,4,9,14,20,51,63,66,62,55,50,39,16,13,11,6,0,1,6
0,0,0,0,0,5,0,12,14,20,55,60,65,61,63,51,28,29,10,12,11,0,0,5
0,0,0,0,0,11,10,13,8,13,54,78,79,59,53,34,39,9,8,5,12,7,1,10
9,4,7,0,5,9,5,1,9,14,54,92,105,64,38,54,29,13,10,5,4,13,11,0
6,0,0,0,0,3,7,12,12,14,51,128,123,120,100,55,50,14,13,12,10,0,10,8

0,0,0,0,0,0,0,8,11,57,86,121,130,108,29,14,0,0,0,0,0,0,0,0
0,0,0,0,0,0,0,8,13,55,93,122,110,77,13,0,6,0,0,0,0,0,0,0
0,0,0,0,0,0,0,0,0,62,100,110,110,102,7,4,5,5,0,0,0,0,0,0
0,0,0,0,0,0,0,0,0,10,62,81,100,60,19,50,11,0,9,0,0,0,0,2
0,0,0,0,0,0,0,1,8,70,86,97,107,79,79,69,61,55,34,22,3,0,0,0
0,0,8,10,6,11,52,62,85,88,105,108,113,100,110,104,106,96,74,60,38,22,0,0
0,0,6,10,13,56,67,81,109,113,129,130,124,127,137,143,122,127,95,76,59,40,3,0
0,0,0,18,62,72,77,103,116,143,144,136,111,108,134,148,157,141,116,84,57,63,12,0
0,0,0,15,59,68,72,93,120,151,143,131,128,122,129,143,161,144,116,79,52,55,39,12
0,9,6,8,61,59,67,91,112,128,138,152,153,155,156,157,162,146,103,79,45,56,60,38
3,0,4,50,63,57,57,97,103,117,132,136,154,166,166,169,153,144,112,70,24,52,71,68
0,0,13,65,74,64,52,70,110,119,133,132,135,173,177,178,167,131,105,75,21,11,62,122
5,19,54,102,102,76,52,56,88,114,129,141,151,152,151,169,166,111,103,74,13,17,46,98
8,24,70,107,106,76,72,73,71,101,121,134,143,139,140,148,144,128,120,100,0,0,14,54
4,27,77,105,58,54,13,9,56,61,89,120,135,128,126,127,122,125,116,87,12,0,6,0
7,3,8,17,26,48,17,13,20,61,78,103,130,129,114,115,121,120,107,69,14,13,3,0
11,10,10,8,11,12,11,2,39,60,87,95,132,99,97,102,98,108,120,100,73,26,14,0
1,4,11,14,20,26,27,38,51,76,129,144,144,140,152,187,163,137,93,86,68,39,21,10
0,0,5,10,7,4,11,53,71,123,162,189,219,166,178,207,207,170,159,141,112,58,34,13
0,4,10,9,9,11,28,74,108,136,184,225,254,261,256,263,267,239,206,185,147,85,52,10
0,0,6,12,12,12,42,64,100,131,204,241,257,281,293,268,279,274,240,206,166,94,52,7
0,0,5,10,11,11,36,56,116,161,219,264,290,311,307,254,288,307,247,229,176,93,51,30
0,3,8,12,11,13,32,53,105,146,205,238,239,233,221,171,224,235,196,183,147,95,40,12
0,0,0,0,2,4,20,88,107,134,159,183,199,191,143,127,162,187,169,148,129,103,53,14
0,0,0,0,0,5,13,64,104,113,131,139,143,132,110,106,118,128,135,122,106,69,20,14
2,0,8,5,9,7,11,73,102,107,109,116,117,105,71,57,102,114,112,106,84,75,36,16
0,1,0,3,9,12,10,13,100,104,105,102,105,96,103,12,102,106,102,97,86,35,11,10
0,0,6,3,5,9,9,30,74,103,104,110,79,80,81,14,86,102,100,65,56,27,13,13
0,0,0,0,2,8,14,9,62,67,73,72,63,55,60,15,70,64,57,53,38,37,13,8
0,0,0,0,8,3,0,8,51,70,68,57,50,49,29,27,32,39,44,34,34,10,9,5
0,0,9,8,12,9,8,11,34,51,52,45,14,37,20,12,22,28,13,13,10,10,1,1
0,0,0,6,10,5,11,3,14,44,61,50,15,24,31,2,12,14,17,11,14,7,6,1
0,0,0,0,4,5,2,0,14,38,46,14,11,53,14,2,11,14,11,7,3,0,0,3
0,0,0,0,8,9,10,1,27,54,56,55,51,53,12,11,14,15,12,11,12,6,4,7
0,0,0,0,6,12,6,10,22,56,56,63,54,52,40,13,50,48,14,14,14,0,10,6
0,0,0,0,0,5,5,6,31,59,56,77,54,52,45,26,36,26,10,13,17,13,8,4
0,0,0,0,1,6,10,10,14,52,66,60,58,62,48,20,25,12,7,6,13,14,4,1
0,0,0,0,0,4,12,11,13,50,64,54,57,60,48,27,12,8,10,12,8,8,10,0
0,0,0,0,0,0,1,10,11,28,55,56,54,56,53,35,9,22,8,11,0,5,10,0
0,0,0,0,0,2,4,10,14,21,51,63,66,62,55,50,39,16,13,11,6,0,1,6
0,0,0,0,0,5,0,12,14,18,55,60,65,61,63,51,27,28,11,12,11,0,0,5
0,0,0,0,0,11,10,13,9,13,54,78,79,59,54,34,42,9,8,5,13,7,0,10
9,4,7,0,5,9,5,1,9,14,54,91,105,64,38,54,30,13,10,5,4,13,11,0
6,0,0,0,0,3,7,12,12,14,51,128,123,120,100,55,50,14,13,13,10,0,10,8

0,0,0,0,0,0,0,8,11,57,86,121,130,108,28,14,0,0,0,0,0,0,0,0
0,0,0,0,0,0,0,8,13,55,93,122,110,77,13,0,6,0,0,0,0,0,0,0
0,0,0,0,0,0,0,0,0,62,100,110,110,102,7,4,6,5,0,0,0,0,0,0
0,0,0,0,0,0,0,0,0,10,62,81,100,60,20,50,11,0,9,0,0,0,0,2
0,0,0,0,0,0,0,1,9,70,87,97,107,79,79,69,61,55,35,22,3,0,0,0
0,0,8,10,6,11,52,62,85,88,105,108,113,100,110,104,106,96,75,60,38,22,0,0
0,0,6,10,13,56,67,81,109,113,129,130,124,127,137,143,123,127,95,76,59,40,3,0
0,0,0,18,62,72,77,103,116,143,144,135,111,108,134,147,157,141,116,83,57,63,12,0
0,0,0,15,59,68,72,93,120,151,143,130,127,121,128,142,160,144,116,79,52,55,39,12
0,10,6,8,61,59,68,91,111,127,137,151,151,154,155,156,161,146,103,79,45,56,60,38
2,0,4,50,63,57,57,97,103,116,132,136,153,165,165,168,152,144,112,70,23,52,71,68
0,0,13,65,74,64,52,70,110,119,133,132,135,172,176,178,167,131,105,75,21,11,61,121
5,20,56,102,102,77,52,56,88,114,129,141,152,153,151,169,167,111,103,74,13,17,46,98
8,24,70,107,105,76,72,73,70,101,121,134,143,139,140,148,144,128,120,100,0,0,14,54
3,25,78,105,58,54,13,9,56,61,89,120,135,128,126,127,122,126,117,88,12,0,6,0
7,3,8,16,26,48,16,13,20,61,78,103,131,129,114,116,121,120,107,69,14,13,3,0
11,10,10,8,11,12,11,2,40,60,87,95,133,99,98,102,99,108,120,100,73,26,14,0
1,4,11,14,20,26,27,38,51,76,129,144,144,141,152,187,163,138,93,85,68,39,21,10
0,0,5,10,7,4,11,53,71,123,163,189,219,165,177,207,206,169,159,141,112,58,35,13
0,4,10,9,9,11,28,74,108,136,185,225,253,261,255,262,266,239,206,185,147,85,53,10
0,0,6,12,12,12,42,64,100,131,204,241,257,281,294,267,279,274,239,206,166,94,52,7
0,0,5,10,11,11,36,56,116,161,219,264,291,311,307,255,288,307,247,230,176,93,51,30
0,3,7,12,12,13,32,53,105,145,205,238,238,233,221,171,224,234,196,184,147,95,39,12
0,0,0,0,2,4,21,87,107,134,160,184,200,190,143,127,162,187,170,148,129,103,53,14
0,0,0,0,0,5,13,64,104,113,131,139,144,132,111,107,119,129,135,122,106,69,20,14
2,0,8,5,9,7,11,75,102,107,109,116,117,105,72,59,102,114,112,106,84,75,36,16
0,1,0,3,8,12,10,13,100,104,105,102,105,96,103,12,102,106,102,97,85,35,11,10
0,0,6,3,5,9,9,31,74,103,104,110,79,80,82,14,88,102,100,65,56,29,13,13
0,0,0,0,2,8,13,9,62,67,73,72,63,55,60,16,70,66,57,53,38,37,13,8
0,0,0,0,8,3,0,8,51,70,68,57,51,49,30,27,32,40,44,33,34,10,9,5
0,0,9,8,12,9,8,11,34,51,51,46,15,38,20,13,22,28,13,13,10,10,1,1
0,0,0,6,10,5,11,3,14,46,60,50,16,24,32,2,12,14,17,11,14,7,6,1
0,0,0,0,4,5,2,0,14,38,47,14,11,54,14,2,11,14,11,8,3,0,0,3
0,0,0,0,8,9,10,1,28,54,56,55,51,54,12,11,15,15,12,11,12,6,4,7
0,0,0,0,6,12,6,10,23,56,56,63,53,52,39,13,50,46,14,14,14,0,10,6
0,0,0,0,0,5,5,6,31,59,56,77,55,52,46,26,36,27,10,13,17,13,8,4
0,0,0,0,1,6,10,10,14,52,66,60,58,62,47,20,27,13,8,6,13,14,4,1
0,0,0,0,0,4,12,11,13,50,64,54,57,60,48,27,12,8,10,12,8,8,10,0
0,0,0,0,0,0,1,10,11,27,55,56,54,57,53,36,9,23,8,11,0,5,10,0
0,0,0,0,0,2,4,9,14,21,51,63,66,62,55,50,39,16,13,11,6,0,1,6
0,0,0,0,0,5,0,12,14,19,55,60,65,60,63,51,27,29,11,12,11,0,0,5
0,0,0,0,0,11,10,13,9,13,54,78,78,59,53,34,40,9,8,5,12,7,0,10
9,4,7,0,5,9,5,1,9,14,54,92,104,64,38,53,30,13,10,5,4,13,11,0
6,0,0,0,0,4,7,12,12,14,51,128,123,120,100,55,50,14,13,13,10,0,10,8

0,0,0,0,0,0,0,8,11,57,86,121,130,108,29,14,0,0,0,0,0,0,0,0
0,0,0,0,0,0,0,8,13,55,94,123,110,77,13,0,6,0,0,0,0,0,0,0
0,0,0,0,0,0,0,0,1,62,100,110,110,102,7,4,5,5,0,0,0,0,0,0
0,0,0,0,0,0,0,0,0,10,62,80,100,60,20,50,11,0,9,0,0,0,0,2
0,0,0,0,0,0,0,1,9,70,86,97,107,79,79,69,61,55,35,23,3,0,0,0
0,0,8,10,6,11,52,62,86,88,105,108,112,100,110,104,106,96,75,60,38,23,0,0
0,0,6,10,13,56,67,81,109,114,129,130,123,127,137,143,123,127,95,77,59,41,3,0
0,0,0,20,62,72,77,103,116,143,144,135,110,107,134,148,157,141,116,84,57,63,12,0
0,0,0,15,59,68,72,93,120,150,142,130,127,121,128,142,160,143,115,79,52,55,39,12
0,10,6,8,61,59,67,91,111,127,136,151,151,153,154,155,161,145,102,79,45,56,60,38
2,0,3,50,63,57,57,97,103,116,131,135,152,164,164,168,152,143,112,70,22,52,71,67
0,0,13,65,74,64,52,70,110,119,132,132,135,172,176,178,167,131,105,75,20,11,61,121
5,18,54,102,102,76,52,56,88,114,129,142,152,153,152,170,168,112,103,74,13,17,46,97
8,23,70,107,105,76,72,73,70,101,121,135,144,140,140,149,145,129,120,100,0,0,14,54
3,21,76,104,58,54,12,9,56,61,89,121,135,128,126,127,123,126,117,88,12,0,6,0
8,3,8,15,25,46,15,13,20,61,78,103,131,130,115,116,122,121,108,69,14,12,3,0
11,10,9,8,11,12,11,2,39,60,87,95,133,99,98,102,99,109,120,100,73,26,14,0
1,4,11,14,20,26,26,38,51,76,129,144,145,142,153,188,164,138,94,86,68,39,21,10
0,0,4,10,6,4,11,53,71,123,163,189,219,166,178,207,206,170,160,142,112,58,34,13
0,4,10,9,9,12,29,74,108,136,184,225,253,262,256,262,267,240,206,185,147,85,53,10
0,0,6,12,12,12,42,64,100,131,204,241,257,280,293,267,279,273,239,206,166,94,52,7
0,0,5,10,11,11,37,56,116,161,220,264,290,311,307,254,288,307,247,230,176,93,51,31
0,3,8,12,12,13,32,53,105,145,205,238,239,233,221,171,224,234,196,184,147,95,39,12
0,0,0,0,2,4,23,88,107,134,160,184,199,191,143,127,162,187,170,148,129,103,54,14
0,0,0,0,0,5,13,65,104,113,131,139,144,132,111,107,118,129,135,122,106,69,20,14
2,0,8,5,9,7,11,75,102,107,109,116,117,105,69,59,102,114,112,106,85,76,36,16
0,1,0,3,8,12,10,13,100,105,105,102,104,95,103,12,102,106,102,98,85,35,11,10
0,0,6,3,5,9,9,30,74,103,104,110,79,79,81,14,86,102,100,65,56,29,13,13
0,0,0,0,2,8,13,9,62,67,73,72,63,55,60,19,70,66,57,53,38,37,14,8
0,0,0,0,8,3,0,9,52,70,68,57,50,50,30,27,33,40,44,34,35,10,9,5
0,0,9,8,12,9,8,11,34,51,52,46,14,38,19,12,22,28,13,13,10,10,1,1
0,0,0,6,10,5,11,3,14,46,61,50,14,24,31,2,12,14,18,11,14,7,6,1
0,0,0,0,4,5,2,0,14,39,47,14,11,53,14,2,11,14,11,8,4,0,0,3
0,0,0,0,8,9,10,1,27,54,56,55,51,54,12,11,15,15,12,11,12,6,4,7
0,0,0,0,6,12,6,10,22,56,56,63,53,52,39,13,50,48,14,14,14,0,10,6
0,0,0,0,0,5,5,6,31,59,56,77,54,52,45,26,36,26,10,13,17,13,8,4
0,0,0,0,1,6,10,10,13,52,66,60,58,62,48,20,27,13,8,6,13,14,4,1
0,0,0,0,0,4,12,11,13,50,64,54,57,60,47,27,12,8,10,12,8,8,10,0
0,0,0,0,0,0,1,10,11,28,55,56,54,56,53,35,9,22,8,11,0,5,10,0
0,0,0,0,0,2,5,9,14,22,51,63,66,62,55,50,41,17,13,11,6,0,1,6
0,0,0,0,0,5,0,12,14,20,55,60,65,61,63,51,28,29,11,12,11,0,0,5
0,0,0,0,0,11,10,13,9,13,54,77,79,59,54,34,41,9,8,5,12,7,0,10
9,4,7,0,5,9,5,1,9,14,54,91,105,64,37,54,29,13,10,5,4,13,11,0
6,0,0,0,0,4,7,12,12,14,51,128,123,120,101,55,48,14,13,12,10,0,10,8

0,0,0,0,0,0,0,8,11,57,86,121,130,108,29,14,0,0,0,0,0,0,0,0
0,0,0,0,0,0,0,8,13,56,94,123,111,78,13,0,6,0,0,0,0,0,0,0
0,0,0,0,0,0,0,0,1,63,100,110,110,102,7,4,5,5,0,0,0,0,0,0
0,0,0,0,0,0,0,0,0,10,62,80,100,60,18,50,11,0,9,0,0,0,0,2
0,0,0,0,0,0,0,2,9,70,86,97,107,79,79,69,61,55,35,23,3,0,0,0
0,0,8,10,6,11,52,62,86,88,105,108,112,100,110,104,106,96,75,60,39,23,0,0
0,0,6,10,13,56,67,81,109,114,129,130,123,127,137,143,122,127,95,76,59,41,3,0
0,0,0,19,62,72,77,103,116,143,144,135,111,107,133,147,156,140,116,84,57,63,12,0
0,0,0,16,59,68,72,93,120,150,142,130,127,121,128,142,160,143,115,79,52,55,40,12
0,9,6,8,61,59,68,91,111,127,137,151,151,154,154,155,161,145,102,79,45,56,60,38
2,0,4,50,63,57,57,97,103,116,131,136,152,165,164,168,152,143,112,69,22,52,71,67
0,0,13,65,74,64,52,69,110,119,132,132,135,172,176,178,167,131,105,75,20,11,61,121
5,18,54,102,102,76,52,56,88,114,129,142,152,153,151,169,168,111,103,74,13,17,46,97
8,24,70,107,105,77,72,72,70,101,121,134,144,140,140,149,144,128,120,100,0,0,14,54
3,23,77,105,58,54,12,9,56,61,89,121,136,129,126,127,122,126,117,88,12,0,6,0
7,3,8,17,25,48,15,13,20,61,78,103,131,129,114,116,122,120,107,69,14,13,3,0
11,10,9,8,11,12,11,2,39,60,87,95,133,99,98,102,99,108,120,100,73,26,14,0
1,4,11,14,20,26,26,38,51,76,129,144,145,142,153,188,164,138,93,86,68,39,21,10
0,0,4,10,6,4,11,53,71,123,163,189,218,165,177,207,206,169,159,141,112,58,34,13
0,4,10,9,9,11,28,74,108,136,184,225,253,261,255,262,266,239,206,185,147,85,52,10
0,0,6,12,12,12,42,63,100,131,204,241,256,280,293,267,279,273,239,206,167,94,52,7
0,0,5,10,11,11,36,56,116,161,220,264,291,311,307,255,288,307,247,230,176,93,51,31
0,3,8,12,12,13,32,53,105,146,205,238,239,233,222,172,225,235,197,184,147,95,39,12
0,0,0,0,2,4,21,88,107,134,160,184,200,191,143,127,163,188,170,149,129,103,53,14
0,0,0,0,0,5,13,65,104,113,131,139,144,132,111,107,119,129,136,123,106,69,20,14
2,0,8,5,9,7,11,75,102,107,109,116,117,105,68,59,102,114,112,106,85,76,36,17
0,1,0,3,8,12,10,14,100,104,105,102,105,96,103,12,102,106,102,98,86,36,11,10
0,0,6,3,5,9,9,32,74,103,104,110,79,79,81,14,87,102,100,65,57,29,13,13
0,0,0,0,2,8,14,9,62,67,73,72,63,55,59,16,70,66,57,53,38,37,14,8
0,0,0,0,8,3,0,9,52,71,68,57,51,50,30,27,33,40,45,34,35,10,9,5
0,0,9,8,12,9,8,11,34,51,51,46,14,37,20,12,22,28,13,13,10,10,1,2
0,0,0,6,10,5,11,3,14,47,61,50,17,25,33,2,12,14,18,11,14,7,6,1
0,0,0,0,4,5,2,0,14,39,48,14,11,53,14,2,11,14,11,8,4,0,0,3
0,0,0,0,8,9,10,1,29,55,56,55,51,54,12,11,15,15,12,11,12,6,4,7
0,0,0,0,6,12,6,10,23,56,56,63,54,52,39,13,50,48,14,14,14,0,10,6
0,0,0,0,0,5,5,6,32,59,56,77,54,52,46,27,37,27,10,13,17,13,8,4
0,0,0,0,1,6,10,10,14,52,66,60,58,62,48,21,29,13,8,6,13,14,4,1
0,0,0,0,0,4,12,11,13,50,64,54,57,60,48,27,12,8,10,12,8,8,10,0
0,0,0,0,0,0,1,10,11,28,55,56,54,56,53,35,9,22,8,11,0,5,10,0
0,0,0,0,0,2,5,10,14,21,51,63,66,62,55,50,39,17,13,11,6,0,1,6
0,0,0,0,0,5,0,12,14,19,55,60,65,61,63,50,28,30,10,12,11,0,0,5
0,0,0,0,0,11,10,13,9,13,54,77,79,60,54,35,42,9,8,5,12,7,0,10
9,4,7,0,5,9,5,1,9,14,54,91,105,65,38,54,31,13,10,5,4,12,11,0
7,0,0,0,0,4,7,12,12,14,51,128,123,120,101,55,50,14,14,13,10,0,10,8

0,0,0,0,0,0,0,8,11,57,85,121,131,109,30,14,0,0,0,0,0,0,0,0
0,0,0,0,0,0,0,8,13,55,94,124,112,79,14,0,6,0,0,0,0,0,0,0
0,0,0,0,0,0,0,0,1,63,100,110,110,102,7,4,5,5,0,0,0,0,0,0
0,0,0,0,0,0,0,0,0,10,62,80,100,61,20,50,11,0,9,0,0,0,0,2
0,0,0,0,0,0,0,1,9,69,86,97,107,79,79,69,61,55,35,22,3,0,0,0
0,0,8,10,6,11,52,62,85,88,105,108,113,100,110,104,106,96,75,60,38,22,0,0
0,0,6,10,13,56,67,81,109,113,129,130,123,127,137,142,122,127,95,76,59,40,3,0
0,0,0,18,62,72,77,103,116,143,144,135,111,108,133,147,156,140,116,84,57,63,12,0
0,0,0,14,59,68,72,93,120,150,143,130,127,121,128,142,160,143,116,79,52,55,39,12
0,10,6,8,61,59,67,91,111,127,138,152,151,154,154,155,161,145,103,79,45,56,60,39
2,0,4,50,63,57,57,97,103,116,132,136,153,165,165,168,152,144,112,70,23,52,71,68
0,0,13,65,74,64,52,70,110,119,133,132,135,173,177,178,167,131,105,75,20,11,61,121
5,19,55,102,102,76,52,56,88,114,129,141,152,153,151,169,167,111,103,74,13,17,46,98
8,24,70,107,105,77,72,73,71,102,121,134,143,139,140,148,144,128,120,100,0,0,14,54
3,25,77,105,58,54,12,9,56,61,89,120,135,128,126,127,122,125,117,88,12,0,6,0
7,3,8,19,26,48,17,13,20,61,78,103,131,129,114,115,121,120,107,69,14,13,3,0
11,10,10,8,11,12,11,2,39,60,87,95,132,99,98,102,98,108,120,100,73,26,14,0
1,4,11,14,20,26,26,38,51,76,129,144,144,141,152,187,163,138,93,85,68,39,21,10
0,0,5,10,7,4,11,53,71,123,162,188,218,165,177,206,205,169,159,141,112,58,34,13
0,4,10,9,9,12,27,74,108,136,184,225,252,260,254,261,265,239,206,185,147,85,53,10
0,0,6,12,12,12,42,64,100,131,204,241,255,280,292,266,278,273,239,205,167,94,52,7
0,0,5,10,11,11,37,56,116,161,220,264,290,311,307,254,288,306,247,230,176,93,51,30
0,3,8,12,12,13,32,53,105,145,205,238,238,232,221,171,224,235,196,184,147,95,40,12
0,0,0,0,2,4,21,88,107,134,160,184,199,190,143,127,163,188,170,148,129,103,53,14
0,0,0,0,0,5,14,64,104,113,131,139,144,132,111,107,119,129,136,123,106,69,20,14
2,0,8,5,9,7,11,75,102,107,109,116,117,105,71,60,102,114,112,106,85,75,36,17
0,1,0,3,8,12,10,14,100,104,105,102,104,95,103,12,102,106,102,97,86,36,11,10
0,0,6,3,5,9,9,31,74,103,104,110,79,79,82,15,90,102,100,65,57,30,13,13
0,0,0,0,2,8,14,9,62,67,73,72,63,55,60,18,70,66,57,54,39,37,14,8
0,0,0,0,8,3,0,9,52,70,68,57,51,50,30,28,33,40,46,35,35,10,9,5
0,0,9,8,12,9,8,11,34,51,52,46,14,38,20,12,23,28,13,13,10,10,1,2
0,0,0,6,10,5,11,3,14,48,61,50,14,23,28,2,12,14,18,11,14,7,6,1
0,0,0,0,4,5,2,0,14,41,48,14,11,53,15,2,12,14,11,8,3,0,0,3
0,0,0,0,8,9,10,1,29,55,56,55,51,54,12,11,15,16,12,11,12,6,4,7
0,0,0,0,7,12,6,10,24,56,56,63,54,52,40,13,50,50,14,14,14,0,10,6
0,0,0,0,0,5,5,6,32,59,56,77,55,52,47,28,37,29,10,13,18,13,8,4
0,0,0,0,1,6,10,10,14,52,66,60,58,62,47,21,28,13,8,6,13,14,4,1
0,0,0,0,0,4,12,11,13,50,64,54,57,60,48,29,12,8,10,12,8,8,10,0
0,0,0,0,0,0,1,10,11,28,55,56,54,56,53,36,10,22,8,11,0,4,10,0
0,0,0,0,0,2,5,10,14,21,51,63,66,62,55,50,39,17,13,11,5,0,1,5
0,0,0,0,0,5,0,12,14,20,55,60,65,61,63,51,28,30,11,12,11,0,0,5
0,0,0,0,0,11,10,13,9,13,54,77,79,59,54,34,42,9,8,5,13,7,0,10
9,4,7,0,5,9,6,1,9,14,54,91,104,64,38,54,31,13,10,5,4,13,11,0
6,0,0,0,0,4,7,12,12,14,51,128,123,120,101,55,50,14,13,13,10,0,10,8

0,0,0,0,0,0,0,8,11,57,86,121,130,109,29,14,0,0,0,0,0,0,0,0
0,0,0,0,0,0,0,8,13,55,94,124,112,78,13,0,6,0,0,0,0,0,0,0
0,0,0,0,0,0,0,0,1,63,100,110,110,102,7,4,5,5,0,0,0,0,0,0
0,0,0,0,0,0,0,0,0,10,61,80,100,60,20,50,10,0,9,0,0,0,0,2
0,0,0,0,0,0,0,1,8,69,86,97,107,79,79,69,61,55,34,22,3,0,0,0
0,0,8,10,6,11,52,62,85,88,105,108,113,99,109,104,105,95,75,60,38,22,0,0
0,0,6,10,13,56,67,81,109,113,129,130,124,127,137,142,122,127,95,76,59,40,3,0
0,0,0,19,62,72,77,103,116,143,144,135,111,108,134,147,157,141,116,84,57,63,12,0
0,0,0,15,59,68,72,93,120,151,144,131,127,122,129,142,161,144,116,79,52,55,39,12
0,10,6,8,61,59,67,91,112,128,138,152,152,154,155,156,162,146,103,79,45,56,60,38
3,0,4,50,63,57,57,97,104,116,132,136,154,166,166,169,153,144,112,70,24,52,71,68
0,0,13,65,74,64,52,70,110,119,133,132,135,173,177,178,167,131,105,75,21,11,62,121
5,19,56,102,102,77,52,56,88,114,129,141,152,152,151,169,167,111,103,73,13,17,47,98
8,25,71,107,106,77,72,73,71,101,121,134,143,139,140,148,144,128,120,100,0,0,14,55
4,27,78,105,58,54,13,9,56,61,89,120,135,128,126,127,122,125,116,87,12,0,6,0
7,3,8,19,28,48,17,13,19,61,78,103,131,129,114,115,121,120,107,68,14,13,3,0
11,10,10,9,11,12,11,2,39,60,87,95,132,98,97,102,98,108,119,100,73,26,14,0
1,4,11,14,20,26,27,38,51,75,129,143,144,140,151,186,162,137,93,85,68,39,21,10
0,0,5,10,7,4,11,53,71,123,162,188,218,165,177,206,206,169,159,141,112,58,35,13
0,4,10,9,9,12,27,74,108,136,184,224,252,260,254,261,265,239,206,185,147,85,52,10
0,0,6,12,12,12,42,64,100,131,204,241,256,280,292,266,278,273,239,206,167,94,52,7
0,0,5,10,11,11,36,56,116,161,220,263,291,311,307,254,288,306,247,230,176,93,51,30
0,3,8,12,12,13,32,53,105,146,205,238,239,233,222,172,224,235,197,184,147,95,40,12
0,0,0,0,2,4,23,88,107,134,160,184,199,191,143,127,163,188,170,149,129,103,53,14
0,0,0,0,0,5,14,63,104,113,131,139,144,132,111,107,119,129,136,123,106,69,20,14
2,0,8,5,9,7,11,75,102,107,109,116,117,105,71,59,102,114,112,106,85,75,36,17
0,1,0,3,8,12,10,14,100,104,105,102,105,96,103,12,102,106,102,98,86,36,11,10
0,0,6,3,5,9,9,32,74,103,104,110,79,79,82,14,88,102,100,65,57,30,13,13
0,0,0,0,2,8,14,10,62,67,73,72,63,55,60,19,72,66,58,54,39,37,14,9
0,0,0,0,8,3,0,9,52,70,69,57,50,49,30,28,33,40,45,35,35,10,9,5
0,0,9,8,12,9,8,11,35,51,52,46,15,38,20,12,23,28,13,13,10,10,1,2
0,0,0,6,10,6,11,3,14,47,61,50,15,25,32,2,12,14,18,11,14,7,6,1
0,0,0,0,4,5,3,0,14,41,49,15,12,53,16,2,12,14,11,8,4,0,0,3
0,0,0,0,8,9,10,2,29,55,56,55,51,54,12,11,14,16,12,11,12,6,4,7
0,0,0,0,7,12,6,10,25,56,56,63,54,52,39,13,50,48,14,14,14,0,10,6
0,0,0,0,0,5,5,6,32,59,56,77,55,52,46,29,37,28,10,13,18,13,8,4
0,0,0,0,1,6,10,10,14,52,66,60,58,63,48,21,30,13,8,6,13,14,4,1
0,0,0,0,0,4,12,11,13,50,64,54,57,60,48,27,12,8,10,12,8,8,10,0
0,0,0,0,0,0,1,10,11,30,56,56,54,56,53,38,10,24,8,11,0,4,10,0
0,0,0,0,0,2,5,10,14,22,51,63,66,62,55,50,41,17,13,11,5,0,1,6
0,0,0,0,0,5,0,12,14,20,55,60,65,61,63,51,28,30,11,12,11,0,0,5
0,0,0,0,0,11,10,13,9,13,54,77,79,59,54,35,41,9,8,5,13,7,0,10
9,4,7,0,5,9,6,2,9,14,54,92,104,64,38,54,30,13,10,5,4,13,11,0
6,0,0,0,0,4,7,12,12,14,51,129,123,120,100,55,50,14,14,13,10,0,10,8

0,0,0,0,0,0,0,8,11,57,86,121,130,109,29,14,0,0,0,0,0,0,0,0
0,0,0,0,0,0,0,8,13,55,94,123,111,78,13,0,6,0,0,0,0,0,0,0
0,0,0,0,0,0,0,0,1,63,100,110,110,102,7,4,5,5,0,0,0,0,0,0
0,0,0,0,0,0,0,0,0,10,62,80,100,60,20,50,10,0,9,0,0,0,0,2
0,0,0,0,0,0,0,1,8,69,86,97,107,79,79,69,61,55,34,22,3,0,0,0
0,0,8,10,6,11,52,62,85,88,105,108,113,100,110,104,106,96,74,60,38,22,0,0
0,0,6,10,13,56,67,81,109,114,129,130,123,127,137,143,123,127,95,77,59,40,3,0
0,0,0,19,62,72,77,103,116,143,145,135,111,108,134,148,158,141,116,84,57,63,12,0
0,0,0,15,59,68,72,93,121,151,143,131,127,121,128,142,160,144,116,79,52,55,39,12
0,10,6,8,61,59,67,91,112,128,138,152,151,154,154,156,161,146,103,79,45,56,60,39
3,0,4,50,63,57,57,97,103,116,132,136,153,165,165,168,152,144,112,70,23,52,71,68
0,0,13,65,74,64,52,70,110,119,133,132,135,172,176,178,167,131,105,75,21,11,61,121
5,20,55,102,102,76,52,56,88,114,129,141,152,152,151,169,167,111,103,74,13,17,46,98
8,24,70,107,105,77,72,73,71,101,121,134,143,139,140,148,144,128,120,100,0,0,14,54
3,24,77,105,58,54,13,9,56,61,89,120,135,128,126,127,122,125,117,88,12,0,6,0
8,3,8,19,26,48,17,13,19,61,78,103,131,129,114,115,121,120,107,69,14,13,3,0
11,10,10,8,11,12,11,2,40,60,87,95,132,98,97,102,98,108,120,100,73,26,14,0
1,4,11,14,20,26,27,38,51,76,129,143,144,141,151,187,162,137,93,85,68,39,21,10
0,0,5,10,7,4,11,53,71,123,162,188,218,165,176,206,205,169,159,141,112,58,34,13
0,4,10,9,9,11,28,74,108,136,184,224,252,260,253,261,265,238,206,185,147,85,53,10
0,0,6,12,12,12,42,64,100,131,204,241,256,279,292,266,278,273,240,206,167,94,52,7
0,0,5,10,11,11,37,56,116,161,220,263,291,310,307,255,288,307,247,230,176,93,51,30
0,3,8,12,12,13,33,53,105,146,205,237,238,233,222,172,225,235,197,184,147,95,39,12
0,0,0,0,2,4,23,88,107,134,160,184,200,191,143,127,163,188,170,149,129,103,53,14
0,0,0,0,0,5,14,65,104,113,131,139,143,133,111,107,119,129,136,123,106,69,20,14
2,0,8,5,9,7,11,76,102,107,109,116,117,105,72,59,102,114,112,106,85,76,36,16
0,1,0,3,9,12,10,14,100,105,105,102,104,95,103,12,102,106,102,98,86,36,11,10
0,0,6,3,5,9,9,32,75,103,104,110,80,79,82,16,90,102,101,65,57,31,13,13
0,0,0,0,2,8,14,10,63,67,73,72,63,55,61,19,72,66,57,54,39,38,14,9
0,0,0,0,8,3,0,9,52,70,68,57,51,50,30,28,33,40,46,35,35,10,9,5
0,0,9,8,12,9,8,11,35,51,51,46,15,37,20,12,23,28,13,13,10,10,1,2
0,0,0,6,10,6,11,4,14,47,62,50,15,24,33,1,12,14,18,12,14,8,6,1
0,0,0,0,4,5,3,0,14,41,49,15,12,54,16,2,12,14,11,8,4,0,0,3
0,0,0,0,8,9,10,1,29,55,56,55,51,54,12,11,14,16,12,11,12,6,4,7
0,0,0,0,7,12,6,10,24,56,56,63,54,52,40,13,50,50,14,14,14,0,10,6
0,0,0,0,0,5,5,6,32,59,56,77,54,52,45,28,37,27,10,13,17,13,8,4
0,0,0,0,1,6,10,10,14,52,66,60,58,62,47,21,28,13,8,6,13,14,4,1
0,0,0,0,0,4,12,11,13,50,64,54,57,60,48,27,13,8,10,12,8,8,10,0
0,0,0,0,0,0,1,10,11,30,55,56,54,56,53,39,10,24,8,11,0,4,10,0
0,0,0,0,0,2,5,10,14,21,51,63,66,62,55,50,41,17,13,11,5,0,0,6
0,0,0,0,0,5,0,12,14,20,55,60,65,61,63,51,28,29,11,12,11,0,0,5
0,0,0,0,0,11,10,13,9,14,54,77,79,59,54,35,42,10,8,5,12,7,0,10
9,4,7,0,5,9,6,2,9,14,54,91,104,64,38,54,33,13,10,5,4,13,11,0
7,0,0,0,1,4,7,12,12,14,52,129,123,120,100,54,50,14,14,13,10,0,10,8

0,0,0,0,0,0,0,8,11,57,86,121,130,109,29,14,0,0,0,0,0,0,0,0
0,0,0,0,0,0,0,8,13,55,94,124,112,78,13,0,6,0,0,0,0,0,0,0
0,0,0,0,0,0,0,0,1,62,100,110,110,102,7,4,5,5,0,0,0,0,0,0
0,0,0,0,0,0,0,0,0,10,62,80,100,60,21,50,11,0,9,0,0,0,0,2
0,0,0,0,0,0,0,1,9,69,86,97,107,79,79,69,61,55,35,23,3,0,0,0
0,0,8,10,6,11,52,62,86,88,105,108,113,99,110,105,106,96,75,60,39,22,0,0
0,0,6,10,13,56,67,81,109,114,129,130,123,127,137,143,123,127,95,77,59,40,3,0
0,0,0,19,62,72,77,103,116,143,144,135,110,107,134,148,157,141,116,84,57,63,12,0
0,0,0,15,59,68,72,93,120,150,142,130,127,121,128,142,160,143,116,79,52,55,39,12
0,10,6,8,61,59,68,91,111,127,137,151,151,153,154,155,160,145,103,79,45,56,60,38
3,0,4,50,63,57,57,97,103,116,131,135,152,165,164,168,152,143,112,70,22,52,71,68
0,0,13,65,74,64,52,70,110,119,132,132,135,172,177,178,167,131,105,75,20,11,61,121
5,18,54,102,102,76,52,56,88,114,129,141,152,153,152,170,168,111,103,73,13,17,46,97
8,23,70,107,105,76,72,73,70,101,121,135,144,139,140,149,145,129,120,100,0,0,14,54
3,23,77,104,58,54,12,9,56,61,89,121,136,128,126,127,123,126,117,88,12,0,6,0
7,3,8,16,23,48,15,13,20,61,78,103,132,130,115,116,122,121,107,69,14,13,3,0
11,10,10,8,11,12,11,2,39,60,87,95,133,99,98,102,99,108,120,100,73,26,14,0
1,4,11,14,20,25,26,38,51,76,129,144,144,142,153,187,164,138,93,85,68,39,21,10
0,0,5,10,7,4,11,53,71,123,162,188,218,165,177,207,205,169,159,141,112,58,34,13
0,4,10,9,9,11,27,75,108,136,184,225,252,259,254,261,265,239,206,185,147,85,53,10
0,0,6,12,12,12,43,64,100,131,204,241,255,279,291,266,278,273,239,206,167,94,52,7
0,0,5,10,11,11,36,56,116,161,220,264,291,310,307,255,288,307,247,230,176,93,51,31
0,3,8,12,12,13,33,53,105,146,205,238,239,234,222,172,226,235,197,185,147,96,40,12
0,0,0,0,2,4,23,88,107,134,160,184,199,191,144,127,163,188,170,149,129,103,53,14
0,0,0,0,0,5,14,65,104,113,131,139,143,132,110,107,119,129,136,123,106,69,20,14
2,0,8,5,9,8,11,76,102,107,109,116,117,105,69,60,102,114,112,106,85,76,36,17
0,1,0,3,8,12,10,14,100,104,105,102,104,95,103,12,102,106,102,97,86,36,11,10
1,0,6,3,5,9,9,32,75,103,104,110,79,79,82,15,90,102,100,65,57,30,13,13
0,0,0,0,2,8,14,10,63,67,73,72,64,55,60,23,72,66,58,54,39,39,14,9
0,0,0,0,8,3,0,9,52,71,68,57,51,49,30,28,33,40,46,36,36,10,9,5
0,0,9,8,12,9,8,11,35,51,52,46,15,38,20,12,23,29,13,13,11,10,1,2
0,0,0,6,10,6,11,4,14,48,61,50,17,23,32,1,12,14,18,12,14,8,6,1
0,0,0,0,4,5,3,0,14,41,48,15,12,53,17,1,12,14,11,8,4,0,0,3
0,0,0,0,8,9,10,1,29,55,56,55,51,54,12,11,14,16,12,11,12,6,4,7
0,0,0,0,7,12,6,10,25,56,56,63,54,52,39,13,50,49,14,14,14,0,10,6
0,0,0,0,0,5,5,6,33,59,56,77,54,52,45,28,37,27,10,13,17,13,8,4
0,0,0,0,1,6,10,10,14,52,66,60,58,62,48,21,30,13,8,6,13,14,4,1
0,0,0,0,0,4,12,11,13,50,64,54,57,60,48,28,12,8,10,12,8,8,10,0
0,0,0,0,0,0,1,10,11,29,55,56,54,57,53,38,10,24,8,11,0,4,10,0
0,0,0,0,0,2,5,10,14,21,51,63,66,62,55,50,40,17,13,11,5,0,1,6
0,0,0,0,0,5,0,12,14,20,55,60,65,60,63,51,28,30,11,12,11,0,0,5
0,0,0,0,0,11,10,13,9,14,54,77,78,60,54,35,45,10,8,5,13,7,0,10
9,4,7,0,5,9,6,2,9,14,54,91,104,64,38,54,34,13,10,5,4,13,11,0
7,0,0,0,0,4,8,12,12,14,52,129,123,120,101,54,50,14,14,13,10,0,10,8
0,0,0,0,0,0,0,0,14,28,107,128,119,86,57,11,8,0,0,0,0,0,0,0
0,0,0,0,0,0,0,5,0,13,76,109,121,92,55,12,8,0,0,0,0,0,0,0
0,0,0,0,0,0,5,5,4,7,102,110,110,100,62,0,0,0,0,0,0,0,0,0
2,0,0,0,0,9,0,11,50,21,61,100,83,63,10,0,0,0,0,0,0,0,0,0
0,0,0,3,23,35,55,61,69,79,80,108,98,87,69,8,1,0,0,0,0,0,0,0
0,0,23,39,60,75,96,106,105,112,101,115,109,105,88,85,62,52,11,6,10,8,0,0
0,3,40,59,77,95,127,123,144,138,129,125,131,130,114,109,81,67,56,13,10,6,0,0
0,12,63,57,84,116,140,157,148,135,109,112,136,145,143,116,103,77,72,62,19,0,0,0
12,39,55,52,79,116,143,160,142,129,122,128,131,143,150,120,92,72,68,59,15,0,0,0
38,60,56,44,79,103,146,161,156,154,154,152,152,138,127,111,91,67,59,61,8,5,9,0
67,71,52,22,70,112,144,152,168,165,165,153,136,132,116,103,97,57,57,63,50,3,0,2
121,61,11,20,75,105,131,167,178,176,173,135,132,132,119,110,69,52,64,74,65,13,0,0
97,45,16,13,74,104,112,167,169,151,153,152,141,129,114,87,55,52,76,102,102,55,18,5
54,14,0,0,100,121,129,145,149,140,140,143,134,121,101,70,72,72,76,105,107,70,24,8
0,6,0,12,87,117,126,123,128,127,128,136,121,89,61,56,9,12,54,58,105,78,25,3
0,3,12,14,69,108,120,121,116,115,130,132,103,78,61,20,13,16,48,25,16,8,3,7
0,14,25,73,100,120,109,99,103,98,100,134,96,87,60,39,2,11,12,11,8,9,10,11
10,20,38,68,86,94,138,164,190,155,143,147,146,131,76,51,38,27,26,19,14,11,4,1
13,34,58,112,142,159,170,207,209,180,169,224,191,165,124,71,53,11,4,6,10,4,0,0
10,52,84,146,184,205,239,267,265,260,267,258,228,187,137,109,74,26,11,9,9,10,4,0
7,52,93,165,203,238,272,279,269,296,285,259,244,206,132,100,64,42,12,12,12,6,0,0
30,51,92,173,225,244,305,287,252,308,313,293,266,221,162,116,56,36,11,11,10,5,0,0
12,39,95,145,181,193,231,221,168,219,233,239,239,206,146,105,53,32,13,11,12,7,3,0
14,54,103,128,147,165,182,158,126,141,189,199,184,160,135,108,87,19,4,2,0,0,0,0
14,21,70,106,121,134,127,117,106,110,132,144,139,131,113,104,61,13,5,0,0,0,0,0
15,38,81,87,105,112,113,102,52,64,105,117,116,109,107,102,68,10,7,8,5,7,0,2
10,12,40,87,98,102,106,101,11,103,93,104,102,105,104,100,13,10,12,8,3,0,1,0
13,13,37,57,66,101,102,84,14,80,78,79,110,104,103,72,24,8,9,5,2,6,0,0
8,13,39,41,54,58,66,69,14,58,55,63,72,73,66,61,8,13,8,2,0,0,0,0
4,9,10,38,38,46,40,32,27,29,48,50,57,68,69,50,8,0,3,8,0,0,0,0
1,1,10,10,13,13,27,21,12,20,37,14,44,51,50,30,10,7,9,12,8,9,0,0
1,6,7,14,10,16,13,11,2,30,16,15,46,57,34,12,2,11,5,10,6,0,0,0
3,0,0,3,7,11,14,10,2,14,53,10,13,40,32,13,0,2,5,4,0,0,0,0
7,4,6,12,11,12,16,14,10,11,52,50,54,55,54,23,0,9,9,8,0,0,0,0
6,10,1,14,14,14,49,50,13,36,52,53,62,56,56,15,9,6,12,6,0,0,0,0
4,8,13,21,13,11,30,36,27,44,52,54,76,55,59,26,5,4,5,0,0,0,0,0
1,5,14,14,7,8,13,28,20,47,62,57,60,65,52,13,10,9,5,1,0,0,0,0
0,10,8,9,12,10,8,12,27,47,59,57,54,63,50,13,11,11,4,0,0,0,0,0
0,10,6,1,11,8,21,8,33,53,56,54,56,55,21,10,9,0,0,0,0,0,0,0
5,2,0,9,10,13,16,39,50,55,63,66,63,51,19,12,9,2,1,0,0,0,0,0
5,0,0,11,12,10,26,26,50,63,61,65,60,54,14,13,12,0,4,0,0,0,0,0
10,2,8,13,5,8,8,36,33,53,59,79,78,53,12,7,12,9,10,0,0,0,0,0
0,11,13,4,5,10,13,27,54,38,65,105,91,54,13,6,0,4,8,5,0,6,3,8
8,10,0,10,12,13,14,47,55,101,120,122,125,51,13,12,11,7,2,0,0,0,0,6

0,0,0,0,0,0,0,0,14,28,107,128,120,86,57,11,8,0,0,0,0,0,0,0
0,0,0,0,0,0,0,5,0,13,77,109,121,92,55,13,8,0,0,0,0,0,0,0
0,0,0,0,0,0,5,5,4,7,102,110,110,100,62,0,0,0,0,0,0,0,0,0
2,0,0,0,0,9,0,10,50,19,60,100,81,62,10,0,0,0,0,0,0,0,0,0
0,0,0,3,23,35,55,61,69,79,79,108,97,86,69,8,1,0,0,0,0,0,0,0
0,0,22,39,60,74,96,106,104,111,100,114,108,105,88,85,62,52,11,6,10,8,0,0
0,3,40,59,76,95,127,122,143,138,128,124,130,129,113,109,81,67,56,13,10,6,0,0
0,12,63,57,84,116,140,157,148,134,108,111,136,144,143,116,103,77,72,62,19,0,0,0
12,39,55,52,79,116,143,160,142,129,122,128,131,143,150,120,93,72,68,59,15,0,0,0
38,60,56,45,79,103,146,161,156,155,154,152,152,138,127,111,91,67,59,61,8,5,9,0
67,71,52,22,70,112,144,152,168,165,165,154,136,132,116,103,97,57,57,63,50,3,0,2
121,61,11,21,75,106,132,167,178,176,173,135,132,133,119,110,70,52,64,74,65,13,0,0
98,45,17,13,74,104,111,167,169,151,153,152,141,129,114,88,56,52,76,102,102,54,18,5
54,14,0,0,100,121,128,144,148,140,139,143,134,121,101,70,73,72,76,105,107,70,24,8
0,6,0,12,87,117,126,122,127,126,128,135,121,89,61,56,9,13,54,58,105,77,25,4
0,3,13,14,69,108,120,121,116,115,130,131,103,78,61,20,13,16,48,26,16,8,3,7
0,14,26,73,100,120,109,99,103,98,99,134,96,87,60,40,2,11,12,11,8,9,10,11
10,20,38,68,86,93,138,164,189,155,143,147,146,130,76,51,38,27,25,19,14,11,4,1
13,34,58,112,141,159,169,207,209,179,168,222,191,165,124,71,53,12,4,6,10,4,0,0
10,52,84,146,184,205,239,266,264,259,265,257,228,187,137,108,74,27,11,9,9,10,4,0
7,52,93,165,203,238,272,279,268,296,284,258,243,205,132,100,64,42,12,12,12,6,0,0
30,51,92,173,226,244,304,286,253,307,312,292,265,220,162,116,56,36,10,11,10,5,0,0
12,40,95,146,181,193,231,221,169,219,233,238,239,206,146,105,53,32,13,11,12,7,3,0
14,54,103,128,147,165,183,158,126,142,189,199,184,160,134,107,87,19,4,2,0,0,0,0
14,21,70,106,121,134,127,117,106,110,132,144,139,131,113,104,62,13,5,0,0,0,0,0
16,38,82,87,105,112,113,102,52,63,105,117,116,109,106,102,67,10,7,8,5,7,0,2
10,12,40,88,98,102,106,101,11,103,94,104,102,105,104,100,13,10,12,8,3,0,1,0
13,14,38,57,66,100,102,85,14,80,79,79,110,104,103,72,24,8,9,5,2,6,0,0
8,13,40,41,54,58,66,68,14,58,55,63,72,73,66,61,8,13,8,2,0,0,0,0
4,9,10,38,39,46,40,32,27,29,49,50,56,68,69,50,8,0,3,8,0,0,0,0
2,1,10,11,13,13,27,21,12,19,36,14,44,51,50,31,10,7,9,12,8,9,0,0
1,6,7,14,11,17,13,11,2,30,16,17,46,58,35,12,2,10,5,10,6,0,0,0
3,0,0,3,7,11,14,10,2,14,53,10,13,41,32,13,0,2,5,4,0,0,0,0
7,4,6,12,11,12,17,14,10,12,53,50,54,55,54,22,0,9,9,8,0,0,0,0
6,10,1,14,14,14,50,50,13,39,52,53,62,55,56,16,9,6,12,6,0,0,0,0
4,8,13,21,14,12,30,37,28,44,52,54,76,55,59,26,5,4,5,0,0,0,0,0
1,5,14,14,7,8,13,29,20,47,62,58,60,66,52,13,10,10,5,1,0,0,0,0
0,10,8,8,12,11,8,12,27,48,59,57,54,63,50,13,11,11,4,0,0,0,0,0
0,10,6,1,11,8,22,9,35,53,56,54,56,55,22,10,9,0,0,0,0,0,0,0
5,2,0,8,10,13,16,37,50,55,62,66,63,51,19,13,9,3,1,0,0,0,0,0
5,0,0,11,12,10,26,26,50,63,60,65,60,54,15,13,12,0,4,0,0,0,0,0
10,1,8,13,5,8,9,40,34,54,59,79,78,53,12,8,13,9,10,0,0,0,0,0
0,11,13,4,5,10,13,29,54,38,65,105,91,54,13,7,0,4,8,5,0,7,3,9
8,10,0,10,12,13,14,50,55,101,120,122,125,51,13,12,11,7,3,0,0,0,0,6

0,0,0,0,0,0,0,0,14,27,107,128,120,86,57,11,8,0,0,0,0,0,0,0
0,0,0,0,0,0,0,6,0,13,77,109,121,93,55,13,8,0,0,0,0,0,0,0
0,0,0,0,0,0,5,5,4,7,102,110,110,100,62,0,0,0,0,0,0,0,0,0
2,0,0,0,0,9,0,11,50,19,60,100,81,62,10,0,0,0,0,0,0,0,0,0
0,0,0,3,23,35,55,61,69,79,79,108,97,86,69,8,1,0,0,0,0,0,0,0
0,0,22,38,60,74,95,106,104,111,100,114,108,105,88,85,62,52,11,6,10,8,0,0
0,3,40,59,76,95,127,122,143,137,128,124,130,129,113,109,81,67,56,13,10,6,0,0
0,12,63,57,84,116,141,157,148,134,109,111,136,144,143,116,103,77,72,62,18,0,0,0
12,39,55,52,79,116,144,161,143,129,122,128,131,143,151,120,93,72,68,59,14,0,0,0
38,60,56,45,79,103,146,162,156,155,154,152,153,138,128,111,91,67,59,61,8,5,9,0
68,71,52,23,70,112,144,153,169,165,166,154,137,132,117,103,97,57,57,63,50,4,0,3
122,61,11,21,75,105,132,167,178,176,173,135,133,133,119,110,70,52,64,74,65,13,0,0
98,46,17,13,74,103,111,167,169,151,152,152,141,129,114,88,56,52,76,102,102,55,20,5
54,14,0,0,100,120,128,144,148,140,139,143,134,121,101,70,73,72,76,106,107,70,24,8
0,6,0,12,87,117,125,122,127,126,128,135,120,89,61,56,9,13,54,58,106,77,27,4
0,3,13,14,69,107,120,121,116,114,129,131,103,78,61,21,13,18,48,28,19,8,3,8
0,14,26,73,100,120,108,98,103,98,99,133,95,87,60,40,2,11,12,11,8,9,10,11
10,20,38,68,86,93,138,164,188,154,142,146,145,130,76,51,38,27,26,20,14,11,4,1
13,34,58,112,141,159,169,206,209,178,167,222,190,164,124,71,53,12,4,7,10,5,0,0
10,52,84,146,184,205,239,266,263,258,264,257,227,186,137,108,74,27,11,9,9,10,4,0
7,52,93,165,204,238,272,278,268,294,283,258,243,205,131,100,63,42,12,12,12,6,0,0
30,51,92,174,226,245,304,286,253,306,311,292,265,220,162,116,56,36,10,11,10,5,0,0
12,40,95,146,181,194,232,221,169,219,232,239,238,205,146,105,53,32,13,11,12,7,3,0
14,54,103,129,147,166,183,159,126,142,189,199,184,160,134,107,87,19,4,2,0,0,0,0
14,21,71,106,121,134,127,117,106,110,132,143,139,131,113,104,61,13,5,0,0,0,0,0
17,38,81,88,105,112,113,102,55,67,105,117,116,109,106,102,71,10,7,9,5,7,0,2
10,12,41,87,98,102,106,101,11,103,94,104,102,105,104,100,13,10,12,8,3,0,1,0
13,14,37,57,66,100,102,85,14,80,79,79,110,104,103,72,26,8,9,5,2,6,0,0
8,13,40,41,54,58,67,70,14,60,54,63,72,73,66,61,8,13,8,2,0,0,0,0
4,9,10,38,39,46,40,32,27,30,49,50,57,68,69,50,8,0,3,8,0,0,0,0
2,1,10,11,13,13,28,21,12,19,37,14,45,51,50,31,10,7,9,12,8,9,0,0
1,6,7,14,11,17,13,11,2,27,16,16,47,58,37,13,2,11,5,10,6,0,0,0
3,0,0,3,7,11,14,11,2,14,53,11,13,42,33,13,0,2,5,4,0,0,0,0
7,4,6,12,11,12,17,14,10,12,53,50,54,55,54,23,0,9,9,8,0,0,0,0
6,10,1,14,14,14,50,50,13,38,52,53,62,56,56,18,10,6,12,6,0,0,0,0
4,8,13,21,14,12,30,36,28,44,52,54,76,55,59,26,5,4,5,0,0,0,0,0
1,5,14,14,7,8,13,30,21,47,62,58,60,66,52,13,10,10,5,1,0,0,0,0
0,10,8,8,12,11,8,12,28,47,60,56,54,63,50,13,11,11,4,0,0,0,0,0
0,10,6,0,11,8,23,9,36,53,56,54,57,55,22,11,9,0,0,0,0,0,0,0
5,1,0,8,11,13,16,39,50,55,62,66,63,51,20,13,9,3,1,0,0,0,0,0
5,0,0,11,12,10,28,26,50,63,60,65,60,54,15,13,12,0,4,0,0,0,0,0
10,1,7,13,5,8,9,40,34,53,59,79,78,53,12,8,13,9,10,0,0,0,0,0
0,11,13,4,5,10,13,30,54,38,65,105,91,54,13,7,0,5,9,5,0,7,3,9
8,10,0,10,12,13,14,50,55,102,120,122,125,51,13,12,11,7,3,0,0,0,0,6

0,0,0,0,0,0,0,0,14,28,107,129,120,86,57,11,8,0,0,0,0,0,0,0
0,0,0,0,0,0,0,6,0,13,77,109,121,93,55,13,8,0,0,0,0,0,0,0
0,0,0,0,0,0,5,5,4,7,102,110,110,100,62,0,0,0,0,0,0,0,0,0
2,0,0,0,0,9,0,11,50,20,60,100,81,62,10,0,0,0,0,0,0,0,0,0
0,0,0,3,23,35,55,61,69,79,79,108,97,87,70,9,1,0,0,0,0,0,0,0
0,0,22,38,60,75,96,106,104,111,100,113,108,105,88,85,62,52,11,6,10,8,0,0
0,3,40,59,76,95,127,123,144,138,127,124,130,129,114,109,81,67,56,13,10,6,0,0
0,12,63,57,84,116,141,158,148,135,108,111,136,145,143,116,103,77,72,62,18,0,0,0
12,39,55,52,79,116,144,161,142,129,121,128,131,143,151,120,93,72,68,59,15,0,0,0
38,60,56,44,79,103,146,161,156,155,154,151,152,138,128,111,91,68,59,61,8,5,9,0
68,71,52,22,70,112,144,153,168,165,165,153,136,132,116,103,97,57,57,63,50,4,0,2
121,61,11,20,75,105,132,167,178,177,172,135,132,132,119,110,70,52,64,74,65,13,0,0
97,46,17,13,74,104,111,168,169,151,153,152,141,129,114,88,55,52,76,102,102,54,19,5
54,14,0,0,100,121,129,144,149,140,139,143,134,121,101,70,73,72,76,106,107,70,24,8
0,6,0,12,88,117,126,123,127,126,129,135,120,89,61,56,9,13,54,59,105,77,25,4
0,3,13,14,69,108,120,122,116,115,129,131,103,78,61,21,13,16,48,26,16,8,3,7
0,14,26,73,100,120,109,99,103,98,100,133,96,87,60,39,2,11,12,11,8,9,10,11
10,21,38,68,86,93,138,164,189,154,142,146,145,130,76,51,38,27,26,19,14,11,4,1
13,34,58,112,142,159,170,207,208,179,167,222,190,164,124,71,53,11,4,7,10,5,0,0
10,53,84,146,185,206,239,266,263,257,263,255,226,186,136,108,74,27,12,9,9,10,4,0
7,52,93,166,204,239,272,279,268,294,283,257,242,205,131,100,64,42,12,12,12,6,0,0
30,51,92,174,227,245,305,287,253,306,312,290,264,220,161,116,56,36,11,11,10,5,0,0
12,40,95,146,182,194,232,222,169,219,232,238,238,205,146,105,53,32,13,11,12,7,3,0
14,54,103,129,148,167,184,160,126,142,190,199,183,159,134,107,87,19,4,2,0,0,0,0
14,20,70,106,121,134,128,118,106,110,132,144,139,131,113,104,62,13,5,0,0,0,0,0
17,37,78,86,105,112,113,102,53,65,105,117,116,109,107,102,70,11,7,8,5,7,0,2
10,12,38,87,98,102,106,101,11,103,95,105,102,105,104,100,13,10,12,8,3,0,1,0
13,13,34,57,65,100,102,85,14,80,79,79,110,104,103,74,26,9,9,5,2,6,0,0
8,13,39,40,54,58,64,68,14,58,55,63,72,73,67,61,9,13,8,2,0,0,0,0
4,9,10,36,37,45,39,32,27,29,49,50,57,68,69,51,8,0,3,8,0,0,0,0
2,1,10,10,13,13,28,22,12,20,37,14,45,51,50,32,11,8,9,12,8,9,0,0
1,6,7,14,11,17,14,12,2,31,18,17,48,58,39,13,3,11,5,10,6,0,0,0
3,0,0,3,7,11,14,11,2,14,53,11,13,43,34,13,0,2,5,4,0,0,0,0
7,4,6,12,11,12,16,14,11,12,53,51,54,56,54,25,1,10,9,8,0,0,0,0
6,10,1,14,14,14,50,50,13,39,52,53,62,56,56,19,10,6,12,6,0,0,0,0
4,8,13,19,13,11,28,36,27,45,52,54,76,55,59,28,5,4,5,0,0,0,0,0
1,5,14,14,7,8,13,28,20,48,62,58,60,66,52,13,10,10,5,1,0,0,0,0
0,10,8,8,12,10,8,12,26,48,60,56,54,63,50,13,11,11,4,0,0,0,0,0
0,10,5,0,11,8,22,9,35,53,56,54,56,55,25,11,9,0,0,0,0,0,0,0
6,1,0,7,11,13,16,39,50,55,62,66,63,51,20,13,9,3,1,0,0,0,0,0
5,0,0,11,12,10,29,26,51,63,61,65,60,54,16,13,12,0,4,0,0,0,0,0
10,1,7,12,5,8,9,39,34,53,59,79,78,54,13,8,13,9,10,0,0,0,0,0
0,11,13,4,5,10,13,28,54,38,64,105,91,54,14,8,0,5,9,5,0,7,3,9
8,10,0,10,12,13,14,50,55,101,120,123,127,51,14,12,11,7,3,0,0,0,0,6

0,0,0,0,0,0,0,0,14,28,108,129,120,86,57,11,8,0,0,0,0,0,0,0
0,0,0,0,0,0,0,6,0,13,77,110,122,93,55,13,8,0,0,0,0,0,0,0
0,0,0,0,0,0,5,5,4,7,102,110,110,100,62,0,0,0,0,0,0,0,0,0
2,0,0,0,0,9,0,11,50,20,60,100,81,63,10,0,0,0,0,0,0,0,0,0
0,0,0,3,23,35,55,61,69,79,79,107,97,86,70,9,2,0,0,0,0,0,0,0
0,0,23,39,61,75,96,106,104,110,100,113,108,105,88,86,62,52,11,6,10,8,0,0
0,3,41,59,77,95,127,123,143,137,127,123,130,129,114,109,81,67,56,13,10,6,0,0
0,12,63,57,84,116,141,157,148,134,108,111,135,144,143,116,103,77,72,62,19,0,0,0
12,39,55,52,79,116,143,159,142,128,121,127,130,142,150,120,93,72,68,59,15,0,0,0
38,60,56,44,79,102,145,161,155,154,153,151,151,137,126,111,91,68,59,61,8,5,9,0
67,71,52,22,69,112,143,152,167,164,165,152,135,131,116,103,97,57,57,63,50,3,0,2
121,61,11,20,75,105,131,167,178,176,172,135,132,132,119,110,70,52,64,74,65,13,0,0
97,46,16,13,74,104,111,168,170,151,153,152,141,129,114,87,55,51,76,102,102,55,17,5
54,14,0,0,100,121,129,145,149,141,140,144,135,121,101,70,73,72,76,105,107,70,24,8
0,6,0,12,88,117,126,123,128,127,129,136,121,89,61,56,9,12,54,58,104,77,21,3
0,3,13,14,69,108,121,122,116,115,130,131,103,78,61,19,13,15,46,23,15,8,3,7
0,14,26,73,100,120,109,99,103,98,99,133,96,87,60,38,2,11,12,11,8,9,10,11
10,21,39,68,86,94,139,165,189,154,142,145,145,129,76,51,38,26,26,19,14,11,4,1
13,34,58,113,142,161,171,208,208,179,167,220,190,163,123,71,53,11,4,6,10,5,0,0
10,53,85,147,186,207,240,267,264,257,263,254,226,185,136,108,74,28,12,9,9,10,4,0
7,52,94,167,206,240,275,280,268,294,282,256,241,204,131,100,64,41,12,12,12,6,0,0
30,51,93,175,229,247,307,289,254,308,312,291,264,219,160,116,56,36,11,11,10,5,0,0
12,39,95,146,183,195,234,223,170,221,233,238,237,205,145,105,53,32,13,12,12,7,3,0
14,53,103,129,148,168,186,161,127,143,191,199,183,159,134,107,88,20,4,2,0,0,0,0
14,20,68,106,122,135,128,118,106,110,132,144,139,131,113,104,63,13,5,0,0,0,0,0
16,35,75,84,105,112,114,102,56,71,105,117,116,109,107,102,71,11,7,9,5,7,0,2
10,11,34,85,97,102,106,101,11,103,96,105,102,105,104,100,13,10,12,8,3,0,1,0
13,13,26,56,65,100,102,85,14,81,79,79,110,104,103,73,29,9,9,5,2,6,0,0
8,13,36,37,53,57,65,70,15,60,55,63,72,73,67,61,9,13,8,2,0,0,0,0
5,9,9,33,33,43,39,32,28,30,50,50,57,68,70,51,8,0,3,8,0,0,0,0
2,1,10,10,13,13,27,22,13,19,37,14,45,51,51,33,11,8,9,12,8,9,0,0
1,6,7,14,11,16,14,12,2,32,22,17,48,59,42,13,3,11,5,10,6,0,0,0
3,0,0,3,7,11,14,11,2,14,53,11,13,44,37,14,0,2,5,4,0,0,0,0
7,4,6,12,11,11,14,14,11,12,53,51,54,56,54,26,1,10,9,8,0,0,0,0
6,10,1,14,14,14,45,50,13,39,52,54,62,56,56,20,10,6,12,6,0,0,0,0
4,8,13,17,13,10,25,35,24,45,52,54,77,56,59,30,6,5,5,0,0,0,0,0
1,5,14,14,6,8,12,25,20,48,62,58,60,66,52,13,10,10,6,1,0,0,0,0
0,10,8,8,12,10,8,12,23,48,60,57,54,64,50,13,11,11,4,0,0,0,0,0
0,10,5,0,11,8,22,9,34,53,56,54,56,55,25,11,10,0,0,0,0,0,0,0
6,1,0,7,11,13,16,39,50,55,63,66,63,51,20,13,9,4,1,0,0,0,0,0
5,0,0,11,12,10,26,27,50,63,61,65,60,55,17,13,12,0,4,0,0,0,0,0
10,1,7,12,5,8,9,40,34,54,60,79,78,54,13,8,13,9,10,0,0,0,0,0
0,11,13,4,5,10,13,28,53,38,65,105,92,54,14,8,0,5,9,5,0,7,3,9
8,10,0,10,12,13,14,50,55,100,120,123,128,51,14,12,11,7,3,0,0,0,0,6

0,0,0,0,0,0,0,0,14,28,108,129,121,86,57,11,8,0,0,0,0,0,0,0
0,0,0,0,0,0,0,6,0,13,77,110,122,93,55,13,8,0,0,0,0,0,0,0
0,0,0,0,0,0,5,5,4,7,102,110,110,100,62,0,0,0,0,0,0,0,0,0
2,0,0,0,0,9,0,11,50,21,60,100,81,62,10,0,0,0,0,0,0,0,0,0
0,0,0,3,23,35,55,61,69,79,79,107,97,86,70,9,2,0,0,0,0,0,0,0
0,0,22,39,60,75,96,106,104,110,100,113,108,105,88,85,62,52,11,6,10,8,0,0
0,3,40,59,76,95,127,122,143,137,127,123,130,129,114,109,81,67,56,13,10,6,0,0
0,12,63,57,83,116,140,156,147,133,108,111,135,144,143,116,103,77,72,62,19,0,0,0
12,39,55,52,79,115,143,160,142,128,121,127,130,142,150,120,93,72,68,59,15,0,0,0
38,60,56,44,79,102,145,161,155,154,153,151,151,137,127,111,91,67,59,61,8,6,9,0
67,71,52,22,69,112,143,152,168,164,165,152,135,131,116,103,97,57,57,63,50,3,0,2
121,61,11,20,75,105,131,167,178,176,172,135,132,133,119,110,70,52,64,74,65,13,0,0
97,45,17,13,74,103,111,168,169,151,153,152,141,129,114,88,55,52,76,102,102,54,18,5
54,14,0,0,100,121,129,144,149,140,140,143,135,121,102,70,73,72,76,105,107,70,23,8
0,6,0,12,88,117,126,123,127,126,129,135,121,89,61,56,9,12,54,58,105,77,23,3
0,3,13,14,69,108,120,122,116,114,130,131,103,78,61,19,13,17,48,25,16,8,3,7
0,14,26,73,100,120,109,99,103,98,99,133,95,87,60,39,2,11,12,11,8,9,10,11
10,21,39,68,86,94,139,164,188,154,142,145,144,129,76,51,38,26,25,19,14,11,4,1
13,34,58,113,142,160,171,207,208,178,166,220,189,163,123,71,54,11,4,6,10,5,0,0
10,52,85,147,185,206,240,267,263,257,262,254,225,185,136,108,74,28,11,9,9,10,4,0
7,52,94,166,206,240,274,280,268,294,282,256,242,204,131,100,64,42,12,12,12,6,0,0
30,51,92,175,229,247,307,288,255,307,311,291,264,219,161,116,56,36,11,11,10,5,0,0
12,39,95,146,183,196,234,224,171,221,233,239,238,205,145,105,53,32,13,12,12,8,3,0
14,53,103,129,148,168,186,162,127,143,191,199,184,159,134,107,87,20,4,2,0,0,0,0
14,20,69,106,122,135,128,118,107,110,132,144,139,131,113,104,63,13,5,0,0,0,0,0
16,35,75,84,105,112,114,102,56,69,105,117,116,109,107,102,71,11,7,8,5,7,0,2
10,11,34,85,97,102,106,101,11,103,95,104,102,105,104,100,13,10,12,8,3,0,1,0
13,13,26,56,65,100,102,86,14,82,79,79,110,104,103,74,29,9,9,5,2,6,0,0
8,13,36,37,53,57,64,68,14,60,55,63,72,73,67,62,9,13,8,2,0,0,0,0
5,9,10,33,33,43,39,32,27,29,49,50,57,68,70,51,8,0,3,8,0,0,0,0
1,1,10,10,13,13,28,22,13,19,37,14,45,51,51,33,11,8,9,12,8,9,0,0
1,6,7,14,11,17,14,12,2,30,21,17,48,60,43,13,3,11,5,10,6,0,0,0
3,0,0,3,7,11,14,11,2,14,53,11,14,46,38,14,0,2,5,4,0,0,0,0
7,4,6,12,11,11,14,14,11,12,53,51,55,56,54,27,1,10,9,8,0,0,0,0
6,10,1,14,14,14,46,50,13,39,52,54,63,56,56,20,10,6,12,6,0,0,0,0
4,8,13,17,13,10,26,36,26,46,52,54,77,56,59,31,6,5,5,0,0,0,0,0
1,5,14,13,6,8,12,26,20,47,62,58,60,66,52,13,10,10,6,1,0,0,0,0
0,10,8,8,12,10,8,12,25,47,60,57,54,64,50,13,11,11,4,0,0,0,0,0
0,10,5,0,11,8,21,9,35,53,56,54,56,55,26,11,10,0,0,0,0,0,0,0
6,1,0,6,11,13,16,39,50,55,63,66,63,51,20,13,9,4,1,0,0,0,0,0
5,0,0,11,12,10,27,27,51,63,60,65,60,55,17,14,12,0,5,0,0,0,0,0
10,1,7,13,5,8,9,40,34,54,59,79,78,54,13,8,13,10,11,0,0,0,0,0
0,11,13,4,5,10,13,29,54,38,65,105,92,54,14,8,0,5,9,5,0,7,3,9
8,10,0,10,12,13,14,50,55,100,120,123,128,51,14,12,12,7,3,0,0,0,0,6

0,0,0,0,0,0,0,0,14,28,108,130,121,86,57,11,8,0,0,0,0,0,0,0
0,0,0,0,0,0,0,6,0,13,77,110,122,93,55,13,8,0,0,0,0,0,0,0
0,0,0,0,0,0,5,5,4,7,102,110,110,100,62,1,0,0,0,0,0,0,0,0
2,0,0,0,0,9,0,11,50,20,61,100,81,62,10,0,0,0,0,0,0,0,0,0
0,0,0,3,22,34,55,61,69,79,79,107,97,86,69,9,1,0,0,0,0,0,0,0
0,0,22,38,60,74,95,105,104,110,100,113,108,105,88,85,62,52,11,6,10,8,0,0
0,3,40,59,76,95,127,122,143,137,127,124,130,129,113,109,81,67,56,13,10,6,0,0
0,12,63,57,84,116,140,157,148,134,108,111,135,144,143,116,103,77,72,62,18,0,0,0
12,39,55,52,79,116,143,160,142,129,122,127,130,143,150,120,93,72,68,59,15,0,0,0
38,60,56,44,79,103,146,161,156,155,154,151,152,138,127,111,91,67,58,61,8,5,9,0
68,71,52,23,70,112,144,153,168,165,165,153,136,132,116,103,97,57,57,63,50,3,0,2
121,61,11,21,75,105,132,167,178,176,172,135,132,133,119,110,70,52,64,74,65,13,0,0
98,46,17,13,73,103,111,167,169,151,152,151,141,129,114,88,56,52,76,102,102,54,19,5
54,14,0,0,100,120,128,144,148,140,139,143,134,121,101,71,73,72,77,105,107,70,24,8
0,6,0,12,88,117,125,122,127,126,128,135,120,89,61,56,9,13,54,58,105,77,24,3
0,3,13,14,69,107,120,121,115,114,129,131,103,78,61,20,13,17,48,28,17,8,3,7
0,14,26,73,100,120,108,99,102,98,99,133,95,87,60,39,2,11,12,11,8,10,10,11
10,21,39,68,86,93,138,163,187,152,141,144,144,129,76,51,38,27,26,20,14,11,4,1
13,35,58,112,142,160,170,207,207,178,166,219,189,163,123,71,53,11,4,7,10,5,0,0
10,53,85,147,185,207,240,266,263,256,261,254,225,185,136,108,74,27,12,9,9,10,4,0
7,52,94,167,206,240,274,279,268,294,281,257,241,204,131,100,64,42,12,12,12,6,0,0
30,51,93,176,229,247,307,288,254,306,311,290,264,219,160,116,56,37,11,11,10,5,0,0
12,39,95,147,184,196,235,224,171,221,233,238,238,204,145,105,53,32,13,12,12,7,3,0
14,53,103,129,148,169,187,162,127,143,190,199,183,159,134,107,88,20,4,2,0,0,0,0
14,20,69,106,122,135,128,118,106,110,132,144,139,131,113,104,64,13,5,0,0,0,0,0
15,36,75,85,105,112,114,102,57,71,105,117,116,109,107,102,71,11,7,9,5,8,0,2
10,11,34,85,97,102,106,102,11,103,96,104,102,105,104,100,13,10,12,8,3,0,1,0
13,13,26,56,65,100,102,86,14,81,80,79,110,104,103,74,30,9,9,5,3,6,0,0
8,13,37,38,53,57,64,70,14,59,55,63,72,73,66,62,9,13,8,2,0,0,0,0
5,9,10,34,33,43,39,32,27,30,49,50,57,68,70,52,8,0,3,8,0,0,0,0
1,1,10,10,13,13,28,22,12,19,37,14,45,51,51,33,11,8,9,12,8,9,0,0
1,6,7,14,11,17,14,12,2,30,23,16,48,61,44,14,3,11,5,10,6,0,0,0
3,0,0,3,8,11,14,11,2,14,53,11,14,46,38,14,0,2,5,4,0,0,0,0
7,4,6,12,11,12,15,14,11,12,54,51,55,56,54,29,1,10,9,8,0,0,0,0
6,10,0,14,14,14,47,50,13,40,52,54,63,56,56,21,10,6,12,6,0,0,0,0
4,8,13,17,13,10,26,36,26,45,52,54,77,56,59,32,6,5,5,0,0,0,0,0
1,5,14,13,6,8,13,26,20,48,62,58,60,66,52,13,10,10,6,1,0,0,0,0
0,10,8,8,12,10,8,12,26,48,60,57,54,64,50,13,11,11,4,0,0,0,0,0
0,10,5,0,11,8,22,9,35,53,57,54,56,55,27,11,10,0,0,0,0,0,0,0
6,1,0,6,11,13,16,39,50,55,62,66,63,51,20,14,9,4,1,0,0,0,0,0
5,0,0,11,12,10,29,28,51,63,61,65,60,55,20,14,12,0,5,0,0,0,0,0
10,1,7,12,5,8,9,39,34,53,59,79,78,54,13,8,13,10,11,0,0,0,0,0
0,11,13,4,5,10,13,29,54,38,64,105,92,54,14,9,1,5,9,5,0,7,4,9
8,10,0,10,12,13,14,50,55,100,120,123,128,51,14,12,12,7,3,0,0,0,0,6

0,0,0,0,0,0,0,0,14,29,108,130,121,86,57,11,8,0,0,0,0,0,0,0
0,0,0,0,0,0,0,6,0,13,77,110,122,93,55,13,8,0,0,0,0,0,0,0
0,0,0,0,0,0,5,5,4,7,102,110,110,100,62,0,0,0,0,0,0,0,0,0
2,0,0,0,0,9,0,11,50,19,60,100,81,62,10,0,0,0,0,0,0,0,0,0
0,0,0,3,22,34,55,61,69,79,79,107,97,86,70,8,1,0,0,0,0,0,0,0
0,0,22,38,60,74,96,106,104,110,100,113,108,105,88,85,62,52,11,6,10,8,0,0
0,3,40,59,76,95,127,122,143,137,127,124,130,129,113,109,81,67,56,13,10,6,0,0
0,12,63,57,84,116,141,157,148,134,108,111,136,144,143,116,103,77,72,62,18,0,0,0
12,39,55,52,79,116,144,161,143,129,122,128,131,143,151,120,93,72,68,59,15,0,0,0
38,60,56,45,79,103,146,162,157,156,155,153,152,138,128,112,91,67,59,61,8,6,9,0
68,71,52,24,70,112,144,153,169,166,166,154,136,132,117,103,97,57,57,63,50,4,0,3
122,62,11,21,75,105,131,167,178,177,173,135,132,133,119,110,70,52,64,74,65,13,0,0
98,46,17,13,74,103,111,166,169,151,152,151,141,129,114,88,56,52,76,102,102,54,19,5
54,14,0,0,100,120,128,144,148,140,139,143,134,121,101,71,73,72,76,106,107,70,24,8
0,6,0,12,87,116,125,122,127,126,128,135,120,89,61,56,9,13,54,58,105,77,27,4
0,3,13,14,69,107,120,121,115,114,129,130,103,78,61,20,13,17,48,26,17,8,3,7
0,14,26,73,100,120,108,98,102,97,99,132,95,87,60,39,2,11,12,11,8,10,10,11
10,21,39,68,86,93,137,163,187,152,140,144,144,129,76,51,38,27,26,20,14,11,4,1
13,34,58,112,141,159,170,207,207,178,166,219,189,162,123,71,53,11,4,7,10,5,0,0
10,52,85,147,185,206,239,267,263,256,261,254,225,184,136,108,74,28,11,9,9,10,4,0
7,52,94,166,206,240,274,279,268,293,281,257,241,204,131,100,64,42,12,12,12,6,0,0
30,51,93,176,229,247,307,288,254,307,311,290,264,219,161,116,56,36,11,11,10,5,0,0
12,40,95,147,183,196,235,224,171,221,233,239,238,205,146,105,53,32,13,11,12,8,3,0
14,53,103,129,148,169,187,162,127,143,191,199,183,159,134,107,88,20,4,2,0,0,0,0
14,20,69,106,122,135,128,118,106,110,132,143,139,131,113,104,64,13,5,0,0,0,0,0
16,36,75,84,106,112,114,102,57,71,105,117,116,109,107,102,73,11,7,9,5,8,0,2
10,11,35,86,97,102,106,102,12,103,96,105,102,105,104,100,13,10,12,9,3,0,1,0
13,13,27,56,65,100,102,86,14,81,80,79,110,104,103,74,30,9,9,5,3,6,0,0
8,13,37,38,53,57,64,70,15,60,55,63,72,73,67,62,9,14,8,2,0,0,0,0
5,9,10,34,34,44,39,32,27,29,49,50,57,68,70,51,8,0,3,8,0,0,0,0
1,1,10,10,13,13,28,22,12,20,37,14,45,52,51,34,11,8,9,12,8,9,0,0
1,6,7,14,11,17,14,12,2,31,24,15,50,61,44,14,3,11,5,10,6,0,0,0
3,0,0,3,7,11,14,11,2,14,53,11,14,46,38,14,0,2,5,4,0,0,0,0
7,4,6,12,11,12,15,14,11,12,53,51,55,56,54,27,1,10,9,8,0,0,0,0
6,10,0,14,14,14,48,50,13,40,52,54,63,56,56,22,10,6,12,6,0,0,0,0
4,8,13,17,13,10,26,36,26,45,52,54,77,56,59,31,6,5,5,0,0,0,0,0
1,4,14,13,6,7,12,25,20,48,62,58,60,66,52,14,10,10,6,1,0,0,0,0
0,10,8,8,12,10,8,12,27,48,60,57,54,64,50,13,11,12,4,0,0,0,0,0
0,10,5,0,11,8,22,9,35,53,56,54,56,55,28,11,10,1,0,0,0,0,0,0
6,1,0,6,11,13,16,39,50,55,62,66,63,51,21,14,10,4,2,0,0,0,0,0
5,0,0,11,12,11,28,27,51,63,61,65,60,55,18,14,12,0,5,0,0,0,0,0
10,0,7,13,5,8,9,42,34,54,59,79,78,54,13,9,13,10,11,0,0,0,0,0
0,11,13,4,5,10,13,30,54,38,64,105,91,54,14,9,1,5,9,5,0,7,4,9
8,10,0,10,13,13,14,50,55,100,120,123,128,51,14,12,12,7,3,0,0,0,0,6

0,0,0,0,0,0,0,0,14,28,108,130,121,86,57,11,8,0,0,0,0,0,0,0
0,0,0,0,0,0,0,6,0,13,77,110,122,93,55,13,8,0,0,0,0,0,0,0
0,0,0,0,0,0,5,6,4,7,102,110,110,100,62,0,0,0,0,0,0,0,0,0
2,0,0,0,0,9,0,11,50,20,60,100,81,62,10,0,0,0,0,0,0,0,0,0
0,0,0,3,22,35,55,61,69,79,79,107,97,87,70,9,1,0,0,0,0,0,0,0
0,0,22,38,60,75,96,106,104,110,100,113,108,105,88,85,62,52,11,6,10,8,0,0
0,3,40,59,76,95,127,123,143,137,127,124,130,129,113,109,81,67,56,13,10,6,0,0
0,12,63,57,83,116,141,157,147,134,108,111,135,144,143,116,103,77,72,62,18,0,0,0
12,39,55,52,79,116,144,160,142,128,121,127,130,143,151,120,93,72,68,59,15,0,0,0
38,60,56,45,79,103,146,161,156,155,154,151,151,137,127,111,91,68,59,61,8,6,10,0
68,71,52,23,70,112,144,152,168,165,165,153,136,132,116,103,97,57,57,63,50,4,0,2
121,61,11,21,75,105,131,167,178,176,172,135,132,133,119,110,70,52,64,74,65,13,0,0
98,46,17,13,74,103,111,167,169,151,153,152,141,129,114,88,56,52,77,102,102,56,20,5
54,14,0,0,100,120,128,144,148,140,139,143,134,121,101,70,73,72,76,105,107,70,24,8
0,6,0,12,88,117,126,122,127,126,128,135,120,89,61,56,9,13,54,58,105,78,25,3
0,3,13,14,69,107,120,121,116,114,129,131,103,78,61,20,13,16,48,26,16,8,3,7
0,14,26,73,100,120,108,99,102,98,99,133,95,87,60,40,2,11,12,11,8,10,10,11
10,21,39,68,85,93,138,163,187,152,141,144,144,129,76,51,38,27,26,20,14,11,4,1
13,35,58,112,141,159,169,206,207,177,165,219,189,163,123,71,53,11,4,7,10,5,0,0
10,53,85,147,185,206,239,266,262,255,261,253,225,185,136,108,74,28,11,9,9,10,4,0
7,52,94,166,206,239,274,279,267,294,281,257,241,204,131,100,64,42,12,12,12,6,0,0
30,51,93,176,230,247,307,288,255,307,311,291,264,219,161,116,56,36,11,11,10,5,0,0
12,39,95,147,184,196,234,224,171,221,233,238,238,205,145,105,53,32,13,12,12,7,3,0
14,53,103,129,148,170,187,162,127,143,190,200,184,160,134,107,87,21,4,2,0,0,0,0
14,20,69,106,122,135,129,119,107,111,132,144,139,131,113,104,64,13,5,0,0,0,0,0
16,36,75,84,106,112,114,102,59,72,105,117,116,109,107,102,75,11,7,9,5,8,0,2
10,11,35,85,97,102,106,102,12,103,96,105,102,105,104,100,13,10,12,8,3,0,1,0
13,13,29,56,65,100,102,88,14,82,80,79,110,104,103,74,31,9,9,5,3,6,0,0
8,13,37,38,53,57,66,70,16,60,55,63,72,73,67,62,9,13,8,2,0,0,0,0
5,9,10,34,33,44,40,32,27,30,49,51,57,68,70,51,8,0,3,8,0,0,0,0
1,1,10,10,13,13,28,22,13,20,38,15,46,51,51,34,11,8,9,12,8,9,0,0
1,6,7,14,11,17,14,12,2,32,24,16,50,60,46,14,3,11,5,10,6,0,0,0
3,0,0,3,8,11,14,11,2,14,54,11,14,47,38,14,0,2,5,4,0,0,0,0
7,4,6,12,11,12,15,15,11,12,54,51,55,56,54,28,1,10,9,8,0,0,0,0
6,10,0,14,14,14,46,50,13,39,52,53,63,56,56,23,10,6,12,6,0,0,0,0
4,8,13,17,13,10,27,36,26,46,52,55,77,56,59,31,6,5,5,0,0,0,0,0
1,4,14,13,6,8,13,27,20,47,62,58,60,66,52,14,10,10,6,1,0,0,0,0
0,10,8,8,12,10,8,12,27,48,60,57,54,64,50,13,11,12,4,0,0,0,0,0
0,10,5,0,11,8,23,9,36,53,57,54,56,55,27,11,10,1,0,0,0,0,0,0
6,1,0,6,11,13,16,39,50,55,62,66,63,51,21,14,9,4,2,0,0,0,0,0
5,0,0,11,12,11,29,27,51,63,60,65,60,55,19,14,12,0,5,0,0,0,0,0
10,0,7,12,5,8,9,40,34,53,59,78,78,54,13,9,13,10,11,0,0,0,0,0
0,11,13,4,5,10,13,30,53,38,64,104,92,54,14,9,1,5,9,5,0,7,4,9
8,10,0,10,13,13,14,50,55,100,120,123,128,51,14,12,12,7,4,0,0,0,0,6

0,0,0,0,0,0,0,0,14,29,108,130,121,86,57,11,8,0,0,0,0,0,0,0
0,0,0,0,0,0,0,6,0,13,77,110,123,94,55,13,8,0,0,0,0,0,0,0
0,0,0,0,0,0,5,5,4,7,102,110,110,100,62,1,0,0,0,0,0,0,0,0
2,0,0,0,0,9,0,11,50,20,60,100,80,62,10,0,0,0,0,0,0,0,0,0
0,0,0,3,23,35,55,61,69,79,79,107,97,86,70,9,1,0,0,0,0,0,0,0
0,0,23,38,60,75,96,106,104,110,100,112,108,105,88,86,62,52,11,6,10,8,0,0
0,3,41,59,77,95,127,123,143,137,127,123,130,129,114,109,81,67,56,13,10,6,0,0
0,12,63,57,84,116,141,157,148,134,107,110,135,144,143,116,103,77,72,62,20,0,0,0
12,39,55,52,79,115,143,160,142,128,121,127,130,142,150,120,93,72,68,59,15,0,0,0
38,60,56,45,79,102,145,161,155,154,153,151,151,136,127,111,91,67,59,61,8,6,10,0
67,71,52,22,70,112,143,152,168,164,164,152,135,131,116,103,97,57,57,63,50,3,0,2
121,61,11,20,75,105,131,167,178,176,172,135,132,132,119,110,70,52,64,74,65,13,0,0
97,46,17,13,74,103,112,168,170,152,153,152,142,129,114,88,56,52,76,102,102,54,18,5
54,14,0,0,100,120,129,145,149,140,140,144,135,121,101,70,73,72,76,105,107,70,23,8
0,6,0,12,88,117,126,123,127,126,128,135,121,89,61,56,9,12,54,58,104,76,21,3
0,3,12,14,69,108,121,122,116,115,130,131,103,78,61,20,13,15,46,25,15,8,3,8
0,14,26,73,100,120,109,99,102,98,99,133,95,87,60,39,2,11,12,11,8,9,10,11
10,21,39,68,86,94,138,164,188,153,142,145,144,129,76,51,38,26,26,20,14,11,4,1
13,34,58,112,142,160,170,206,207,178,166,219,189,163,123,71,53,11,4,6,10,4,0,0
10,53,85,147,185,206,240,267,262,256,262,253,225,184,136,108,74,29,12,9,9,10,4,0
7,52,94,166,206,239,273,279,267,293,280,257,241,204,131,100,64,42,12,12,12,6,0,0
31,51,93,176,230,247,307,288,254,307,311,290,264,220,161,116,56,37,11,11,10,5,0,0
12,39,95,147,184,196,234,224,171,221,233,239,238,205,145,105,53,32,13,12,12,8,3,0
14,54,103,129,148,170,187,162,127,143,191,199,184,160,134,107,88,23,4,2,0,0,0,0
14,20,69,106,122,135,129,118,107,111,132,144,139,131,113,104,65,13,5,0,0,0,0,0
16,36,76,85,106,112,114,102,59,69,105,117,116,109,107,102,75,11,7,9,5,8,0,2
10,11,35,85,98,102,106,102,12,103,95,104,102,105,105,100,13,10,12,8,3,0,1,0
13,13,29,56,65,100,102,86,14,81,79,79,110,104,103,74,30,9,9,5,3,6,0,0
8,14,37,38,53,57,66,70,19,60,55,63,72,73,67,62,9,13,8,2,0,0,0,0
5,9,10,35,34,44,40,33,27,30,50,50,57,68,70,52,9,0,3,8,0,0,0,0
1,1,10,10,13,13,28,22,12,19,38,14,46,52,51,34,11,8,9,12,8,9,0,0
1,6,7,14,11,18,14,12,2,31,24,14,50,61,46,14,3,11,5,10,6,0,0,0
3,0,0,4,8,11,14,11,2,14,53,11,14,47,39,14,0,2,5,4,0,0,0,0
7,4,6,12,11,12,15,15,11,12,54,51,55,56,54,27,1,10,9,8,0,0,0,0
6,10,0,14,14,14,48,50,13,39,52,53,63,56,56,22,10,6,12,6,0,0,0,0
4,8,13,17,13,10,26,36,26,45,52,54,77,56,59,31,6,5,5,0,0,0,0,0
1,4,14,13,6,8,13,27,20,48,62,58,60,66,52,13,10,10,6,1,0,0,0,0
0,10,8,8,12,10,8,12,27,47,60,57,54,64,50,13,11,12,4,0,0,0,0,0
0,10,5,0,11,8,22,9,35,53,56,54,56,55,28,11,10,1,0,0,0,0,0,0
6,1,0,6,11,13,17,41,50,55,62,66,63,51,22,14,9,5,2,0,0,0,0,0
5,0,0,11,12,11,29,28,51,63,61,65,60,55,20,14,12,0,5,0,0,0,0,0
10,0,7,12,5,8,9,41,34,54,59,79,77,54,13,9,13,10,11,0,0,0,0,0
0,11,13,4,5,10,13,29,54,37,64,105,91,54,14,9,1,5,9,5,0,7,4,9
8,10,0,10,12,13,14,48,55,101,120,123,128,51,14,12,12,7,4,0,0,0,0,6

0,0,0,0,0,0,0,0,14,29,108,130,121,86,57,11,8,0,0,0,0,0,0,0
0,0,0,0,0,0,0,6,0,13,78,111,123,94,56,13,8,0,0,0,0,0,0,0
0,0,0,0,0,0,5,5,4,7,102,110,110,100,63,1,0,0,0,0,0,0,0,0
2,0,0,0,0,9,0,11,50,18,60,100,80,62,10,0,0,0,0,0,0,0,0,0
0,0,0,3,23,35,55,61,69,79,79,107,97,86,70,9,2,0,0,0,0,0,0,0
0,0,23,39,60,75,96,106,104,110,100,112,108,105,88,86,62,52,11,6,10,8,0,0
0,3,41,59,76,95,127,122,143,137,127,123,130,129,114,109,81,67,56,13,10,6,0,0
0,12,63,57,84,116,140,156,147,133,107,111,135,144,143,116,103,77,72,62,19,0,0,0
12,40,55,52,79,115,143,160,142,128,121,127,130,142,150,120,93,72,68,59,16,0,0,0
38,60,56,45,79,102,145,161,155,154,154,151,151,137,127,111,91,68,59,61,8,6,9,0
67,71,52,22,69,112,143,152,168,164,165,152,136,131,116,103,97,57,57,63,50,4,0,2
121,61,11,20,75,105,131,167,178,176,172,135,132,132,119,110,69,52,64,74,65,13,0,0
97,46,17,13,74,103,111,168,169,151,153,152,142,129,114,88,56,52,76,102,102,54,18,5
54,14,0,0,100,120,128,144,149,140,140,144,134,121,101,70,72,72,77,105,107,70,24,8
0,6,0,12,88,117,126,122,127,126,129,136,121,89,61,56,9,12,54,58,105,77,23,3
0,3,13,14,69,107,120,122,116,114,129,131,103,78,61,20,13,15,48,25,17,8,3,7
0,14,26,73,100,120,108,99,102,98,99,133,95,87,60,39,2,11,12,11,8,9,10,11
10,21,39,68,86,93,138,164,188,153,142,145,144,129,76,51,38,26,26,20,14,11,4,1
13,34,58,112,141,159,169,206,207,177,165,218,189,163,123,71,53,11,4,6,10,4,0,0
10,52,85,147,185,206,239,266,262,255,261,253,225,184,136,108,74,28,11,9,9,10,4,0
7,52,94,167,206,239,273,279,267,293,280,256,241,204,131,100,63,42,12,12,12,6,0,0
31,51,93,176,230,247,307,288,255,307,311,291,264,220,161,116,56,36,11,11,10,5,0,0
12,39,95,147,184,197,235,225,172,222,233,239,238,205,146,105,53,32,13,12,12,8,3,0
14,53,103,129,149,170,188,163,127,143,191,200,184,160,134,107,88,21,4,2,0,0,0,0
14,20,69,106,123,136,129,119,107,111,132,144,139,131,113,104,65,13,5,0,0,0,0,0
17,36,76,85,106,112,114,102,59,68,105,117,116,109,107,102,75,11,7,9,5,8,0,2
10,11,36,86,98,102,106,102,12,103,96,105,102,105,104,100,14,10,12,8,3,0,1,0
13,13,29,57,65,100,102,87,14,81,79,79,110,104,103,74,32,9,9,5,3,6,0,0
8,14,37,38,53,57,66,70,16,59,55,63,72,73,67,62,9,14,8,2,0,0,0,0
5,9,10,35,34,45,40,33,27,30,50,51,57,68,71,52,9,0,3,8,0,0,0,0
2,1,10,10,13,13,28,22,12,20,37,14,46,51,51,34,11,8,9,12,8,9,0,0
1,6,7,14,11,18,14,12,2,33,25,17,50,61,47,14,3,11,5,10,6,0,0,0
3,0,0,4,8,11,14,11,2,14,53,11,14,48,39,14,0,2,5,4,0,0,0,0
7,4,6,12,11,12,15,15,11,12,54,51,55,56,55,29,1,10,9,8,0,0,0,0
6,10,0,14,14,14,48,50,13,39,52,54,63,56,56,23,10,6,12,6,0,0,0,0
4,8,13,17,13,10,27,37,27,46,52,54,77,56,59,32,6,5,5,0,0,0,0,0
1,4,14,13,6,8,13,29,21,48,62,58,60,66,52,14,10,10,6,1,0,0,0,0
0,10,8,8,12,10,8,12,27,48,60,57,54,64,50,13,11,12,4,0,0,0,0,0
0,10,5,0,11,8,22,9,35,53,56,54,56,55,28,11,10,1,0,0,0,0,0,0
6,1,0,6,11,13,17,39,50,55,62,66,63,51,21,14,10,5,2,0,0,0,0,0
5,0,0,11,12,10,30,28,50,63,61,65,60,55,19,14,12,0,5,0,0,0,0,0
10,0,7,12,5,8,9,42,35,54,60,79,77,54,13,9,13,10,11,0,0,0,0,0
0,11,12,4,5,10,13,31,54,38,65,105,91,54,14,9,1,5,9,5,0,7,4,9
8,10,0,10,13,14,14,50,55,101,120,123,128,51,14,12,12,7,4,0,0,0,0,7

0,0,0,0,0,0,0,0,14,30,109,131,121,85,57,11,8,0,0,0,0,0,0,0
0,0,0,0,0,0,0,6,0,14,79,112,124,94,55,13,8,0,0,0,0,0,0,0
0,0,0,0,0,0,5,5,4,7,102,110,110,100,63,1,0,0,0,0,0,0,0,0
2,0,0,0,0,9,0,11,50,20,61,100,80,62,10,0,0,0,0,0,0,0,0,0
0,0,0,3,22,35,55,61,69,79,79,107,97,86,69,9,1,0,0,0,0,0,0,0
0,0,22,38,60,75,96,106,104,110,100,113,108,105,88,85,62,52,11,6,10,8,0,0
0,3,40,59,76,95,127,122,142,137,127,123,130,129,113,109,81,67,56,13,10,6,0,0
0,12,63,57,84,116,140,156,147,133,108,111,135,144,143,116,103,77,72,62,18,0,0,0
12,39,55,52,79,116,143,160,142,128,121,127,130,143,150,120,93,72,68,59,14,0,0,0
39,60,56,45,79,103,145,161,155,154,154,151,152,138,127,111,91,67,59,61,8,6,10,0
68,71,52,23,70,112,144,152,168,165,165,153,136,132,116,103,97,57,57,63,50,4,0,2
121,61,11,20,75,105,131,167,178,177,173,135,132,133,119,110,70,52,64,74,65,13,0,0
98,46,17,13,74,103,111,167,169,151,153,152,141,129,114,88,56,52,76,102,102,55,19,5
54,14,0,0,100,120,128,144,148,140,139,143,134,121,102,71,73,72,77,105,107,70,24,8
0,6,0,12,88,117,125,122,127,126,128,135,120,89,61,56,9,12,54,58,105,77,25,3
0,3,13,14,69,107,120,121,115,114,129,131,103,78,61,20,13,17,48,26,19,8,3,7
0,14,26,73,100,120,108,98,102,98,99,132,95,87,60,39,2,11,12,11,8,10,10,11
10,21,39,68,85,93,138,163,187,152,141,144,144,129,76,51,38,26,26,20,14,11,4,1
13,34,58,112,141,159,169,205,206,177,165,218,188,162,123,71,53,11,4,7,10,5,0,0
10,53,85,147,185,206,239,265,261,254,260,252,225,184,136,108,74,27,12,9,9,10,4,0
7,52,94,167,205,239,273,278,266,292,280,255,241,204,131,100,64,42,12,12,12,6,0,0
30,51,93,176,230,247,306,288,254,307,311,290,264,220,161,116,56,37,11,11,10,5,0,0
12,40,95,147,184,196,235,224,171,221,232,238,238,205,145,105,53,32,13,12,12,8,3,0
14,53,103,129,148,170,188,163,127,143,190,199,184,160,134,107,88,21,4,2,0,0,0,0
14,20,69,106,123,136,129,119,107,111,132,144,139,131,113,104,64,14,5,0,0,0,0,0
17,36,75,85,106,112,114,102,60,71,105,117,116,109,107,102,75,11,7,9,5,8,0,2
10,11,36,86,97,102,106,102,12,103,95,104,102,105,104,100,14,10,12,8,3,0,1,0
13,13,30,57,65,100,102,90,15,82,79,79,110,104,103,74,31,9,9,5,3,6,0,0
8,14,37,39,54,57,66,70,18,60,55,63,72,73,67,62,9,14,8,2,0,0,0,0
5,9,10,35,35,46,40,33,28,30,50,51,57,68,70,52,9,0,3,8,0,0,0,0
2,1,10,10,13,13,28,23,12,20,38,14,46,52,51,34,11,8,9,12,8,9,0,0
1,6,7,14,11,18,14,12,2,28,23,14,50,61,48,14,3,11,5,10,6,0,0,0
3,0,0,3,8,11,14,12,2,15,53,11,14,48,41,14,0,2,5,4,0,0,0,0
7,4,6,12,11,12,16,15,11,12,54,51,55,56,55,29,1,10,9,8,0,0,0,0
6,10,0,14,14,14,50,50,13,40,52,54,63,56,56,24,10,6,12,7,0,0,0,0
4,8,13,18,13,10,29,37,28,47,52,55,77,56,59,32,6,5,5,0,0,0,0,0
1,4,14,13,6,8,13,28,21,47,62,58,60,66,52,14,10,10,6,1,0,0,0,0
0,10,8,8,12,10,8,12,29,48,60,57,54,64,50,13,11,12,4,0,0,0,0,0
0,10,4,0,11,8,22,10,36,53,56,54,56,55,28,11,10,1,0,0,0,0,0,0
5,1,0,5,11,13,17,39,50,55,62,66,63,51,21,14,10,5,2,0,0,0,0,0
5,0,0,11,12,11,30,28,51,63,61,65,60,55,20,14,12,0,5,0,0,0,0,0
10,0,7,13,5,8,9,42,34,54,59,79,77,54,13,9,13,10,11,0,0,0,0,0
0,11,13,4,5,10,13,31,54,38,64,104,91,54,14,9,1,6,9,5,0,7,4,9
8,10,0,10,13,13,14,50,55,101,120,123,128,51,14,12,12,7,4,0,0,0,0,6

0,0,0,0,0,0,0,0,14,29,109,130,121,86,57,11,8,0,0,0,0,0,0,0
0,0,0,0,0,0,0,6,0,13,78,112,124,94,55,13,8,0,0,0,0,0,0,0
0,0,0,0,0,0,5,5,4,7,102,110,110,100,63,1,0,0,0,0,0,0,0,0
2,0,0,0,0,9,0,10,50,20,60,100,80,61,10,0,0,0,0,0,0,0,0,0
0,0,0,3,22,34,55,61,69,79,79,107,97,86,69,8,1,0,0,0,0,0,0,0
0,0,22,38,60,75,95,105,104,109,99,113,108,105,88,85,62,52,11,6,10,8,0,0
0,3,40,59,76,95,127,122,142,137,127,124,130,129,113,109,81,67,56,13,10,6,0,0
0,12,63,57,84,116,141,157,147,134,108,111,135,144,143,116,103,77,72,62,19,0,0,0
12,39,55,52,79,116,144,161,142,129,122,127,131,144,151,120,93,72,68,59,15,0,0,0
38,60,56,45,79,103,146,162,156,155,154,152,152,138,128,112,91,67,59,61,8,6,10,0
68,71,52,24,70,112,144,153,169,166,166,154,136,132,116,104,97,57,57,63,50,4,0,3
121,62,11,21,75,105,131,167,178,177,173,135,132,133,119,110,70,52,64,74,65,13,0,0
98,47,17,13,73,103,111,167,169,151,152,152,141,129,114,88,56,52,77,102,102,56,19,5
55,14,0,0,100,120,128,144,148,140,139,143,134,121,101,71,73,72,77,106,107,71,25,8
0,6,0,12,87,116,125,122,127,126,128,135,120,89,61,56,9,13,54,58,105,78,27,4
0,3,13,14,68,107,120,121,115,114,129,131,103,78,61,19,13,17,48,28,19,8,3,7
0,14,26,73,100,119,108,98,102,97,98,132,95,87,60,39,2,11,12,11,9,10,10,11
10,21,39,68,85,93,137,162,186,151,140,144,143,129,75,51,38,27,26,20,14,11,4,1
13,35,58,112,141,159,169,206,206,177,165,218,188,162,123,71,53,11,4,7,10,5,0,0
10,52,85,147,185,206,239,265,261,254,260,252,224,184,136,108,74,27,12,9,9,10,4,0
7,52,94,167,206,239,273,278,266,292,280,256,241,204,131,100,64,42,12,12,12,6,0,0
30,51,93,176,230,247,306,288,254,307,311,291,263,220,161,116,56,36,11,11,10,5,0,0
12,40,95,147,184,197,235,224,172,222,233,239,238,205,146,105,53,32,13,12,12,8,3,0
14,53,103,129,149,170,188,163,127,143,191,199,184,160,134,107,88,23,4,2,0,0,0,0
14,20,69,106,123,136,129,119,107,111,132,144,139,131,113,104,63,14,5,0,0,0,0,0
17,36,75,85,106,112,114,102,59,71,105,117,116,109,107,102,75,11,7,9,5,8,0,2
10,11,36,86,98,102,106,102,12,103,96,105,102,105,104,100,14,10,12,8,3,0,1,0
13,13,30,57,65,100,102,88,14,82,79,79,110,104,103,74,32,9,9,5,3,6,0,0
9,14,37,39,54,58,66,72,19,60,55,63,72,73,67,62,10,14,8,2,0,0,0,0
5,9,10,35,35,45,40,33,28,30,49,50,57,69,70,52,9,0,3,8,0,0,0,0
2,1,10,10,13,13,28,23,12,20,38,15,46,52,51,35,11,8,9,12,8,9,0,0
1,6,7,14,11,18,14,12,2,32,25,15,50,61,47,14,3,11,6,10,6,0,0,0
3,0,0,4,8,11,14,12,2,16,53,12,15,49,41,14,0,3,5,4,0,0,0,0
7,4,6,12,11,12,16,14,11,12,54,51,55,56,55,29,2,10,9,8,0,0,0,0
6,10,0,14,14,14,48,50,13,39,52,54,63,56,56,25,10,6,12,7,0,0,0,0
4,8,13,18,13,10,28,37,29,46,52,55,77,56,59,32,6,5,5,0,0,0,0,0
1,4,14,13,6,8,13,30,21,48,63,58,60,66,52,14,10,10,6,1,0,0,0,0
0,10,8,8,12,10,8,12,27,48,60,57,54,64,50,13,11,12,4,0,0,0,0,0
0,10,4,0,11,8,24,10,38,53,56,54,56,56,30,11,10,1,0,0,0,0,0,0
6,1,0,5,11,13,17,41,50,55,62,66,63,51,22,14,10,5,2,0,0,0,0,0
5,0,0,11,12,11,30,28,51,63,61,65,60,55,20,14,12,0,5,0,0,0,0,0
10,0,7,13,5,8,9,41,35,54,59,79,77,54,13,9,13,10,11,0,0,0,0,0
0,11,13,4,5,10,13,30,54,38,64,104,92,54,14,9,2,6,9,5,0,7,4,9
8,10,0,10,13,14,14,50,55,100,120,123,129,51,14,12,12,7,4,0,0,0,0,6

0,0,0,0,0,0,0,0,14,29,109,130,121,86,57,11,8,0,0,0,0,0,0,0
0,0,0,0,0,0,0,6,0,13,78,111,123,94,55,13,8,0,0,0,0,0,0,0
0,0,0,0,0,0,5,5,4,7,102,110,110,100,63,1,0,0,0,0,0,0,0,0
2,0,0,0,0,9,0,10,50,20,60,100,80,62,10,0,0,0,0,0,0,0,0,0
0,0,0,3,22,34,55,61,69,79,79,107,97,86,69,8,1,0,0,0,0,0,0,0
0,0,22,38,60,74,96,106,104,110,100,113,108,105,88,85,62,52,11,6,10,8,0,0
0,3,40,59,77,95,127,123,143,137,127,123,130,129,114,109,81,67,56,13,10,6,0,0
0,12,63,57,84,116,141,158,148,134,108,111,135,145,143,116,103,77,72,62,19,0,0,0
12,39,55,52,79,116,144,160,142,128,121,127,131,143,151,121,93,72,68,59,15,0,0,0
39,60,56,45,79,103,146,161,156,154,154,151,152,138,128,112,91,67,59,61,8,6,10,0
68,71,52,23,70,112,144,152,168,165,165,153,136,132,116,103,97,57,57,63,50,4,0,3
121,61,11,21,75,105,131,167,178,176,172,135,132,133,119,110,70,52,64,74,65,13,0,0
98,46,17,13,74,103,111,167,169,151,152,152,141,129,114,88,56,52,76,102,102,55,20,5
54,14,0,0,100,120,128,144,148,140,139,143,134,121,101,71,73,72,77,105,107,70,24,8
0,6,0,12,88,117,125,122,127,126,128,135,120,89,61,56,9,13,54,58,105,77,24,3
0,3,13,14,69,107,120,121,115,114,129,131,103,78,61,19,13,17,48,26,19,8,3,8
0,14,26,73,100,120,108,98,102,97,98,132,95,87,60,40,2,11,12,11,8,10,10,11
10,21,39,68,85,93,137,162,187,151,141,144,143,129,76,51,38,27,26,20,14,11,4,1
13,34,58,112,141,159,169,205,206,176,165,218,188,162,123,71,53,11,4,7,10,5,0,0
10,53,85,147,185,206,238,265,261,253,260,252,224,184,136,108,74,28,11,9,9,10,4,0
7,52,94,167,206,240,273,278,266,292,279,256,241,204,131,100,64,42,12,12,12,6,0,0
30,51,93,176,230,247,307,288,255,307,310,291,263,220,161,116,56,37,11,11,10,5,0,0
12,39,95,147,184,197,235,225,172,222,233,238,237,205,146,105,53,33,13,12,12,8,3,0
14,53,103,129,149,170,188,163,127,143,191,200,184,160,134,107,88,23,4,2,0,0,0,0
14,20,69,106,123,136,129,119,107,111,133,143,139,131,113,104,65,14,5,0,0,0,0,0
16,36,76,85,106,112,114,102,59,72,105,117,116,109,107,102,76,11,7,9,5,8,0,2
10,11,36,86,98,102,106,102,12,103,95,104,102,105,105,100,14,10,12,9,3,0,1,0
13,13,31,57,65,101,102,90,16,82,79,80,110,104,103,75,32,9,9,5,3,6,0,0
9,14,38,39,54,57,66,72,19,61,55,63,72,73,67,63,10,14,8,2,0,0,0,0
5,9,10,35,35,46,40,33,28,30,50,51,57,68,70,52,9,0,3,8,0,0,0,0
2,1,10,10,13,13,28,23,12,20,37,15,46,51,51,35,11,8,9,12,8,9,0,0
1,6,8,14,12,18,14,12,1,33,24,15,50,62,47,14,4,11,6,10,6,0,0,0
3,0,0,4,8,11,14,12,2,16,54,12,15,49,41,14,0,3,5,4,0,0,0,0
7,4,6,12,11,12,16,14,11,12,54,51,55,56,55,29,1,10,9,8,0,0,0,0
6,10,0,14,14,14,50,50,13,40,52,54,63,56,56,24,10,6,12,7,0,0,0,0
4,8,13,17,13,10,27,37,28,45,52,54,77,56,59,32,6,5,5,0,0,0,0,0
1,4,14,13,6,8,13,28,21,47,62,58,60,66,52,14,10,10,6,1,0,0,0,0
0,10,8,8,12,10,8,13,27,48,60,57,54,64,50,13,11,12,4,0,0,0,0,0
0,10,4,0,11,8,24,10,39,53,56,54,56,55,30,11,10,1,0,0,0,0,0,0
6,0,0,5,11,13,17,41,50,55,62,66,63,51,21,14,10,5,2,0,0,0,0,0
5,0,0,11,12,11,29,28,51,63,61,65,60,55,20,14,12,0,5,0,0,0,0,0
10,0,7,12,5,8,10,42,35,54,59,79,77,54,14,9,13,10,11,0,0,0,0,0
0,11,13,4,5,10,13,33,54,38,64,104,91,54,14,9,2,6,9,5,0,7,4,9
8,10,0,10,13,14,14,50,54,100,120,123,129,52,14,12,12,7,4,1,0,0,0,7

0,0,0,0,0,0,0,0,14,29,109,130,121,86,57,11,8,0,0,0,0,0,0,0
0,0,0,0,0,0,0,6,0,13,78,112,124,94,55,13,8,0,0,0,0,0,0,0
0,0,0,0,0,0,5,5,4,7,102,110,110,100,62,1,0,0,0,0,0,0,0,0
2,0,0,0,0,9,0,11,50,21,60,100,80,62,10,0,0,0,0,0,0,0,0,0
0,0,0,3,23,35,55,61,69,79,79,107,97,86,69,9,1,0,0,0,0,0,0,0
0,0,22,39,60,75,96,106,105,110,99,113,108,105,88,86,62,52,11,6,10,8,0,0
0,3,40,59,77,95,127,123,143,137,127,123,130,129,114,109,81,67,56,13,10,6,0,0
0,12,63,57,84,116,141,157,148,134,107,110,135,144,143,116,103,77,72,62,19,0,0,0
12,39,55,52,79,116,143,160,142,128,121,127,130,142,150,120,93,72,68,59,15,0,0,0
38,60,56,45,79,103,145,160,155,154,153,151,151,137,127,111,91,68,59,61,8,6,10,0
68,71,52,22,70,112,143,152,168,164,165,152,135,131,116,103,97,57,57,63,50,4,0,3
121,61,11,20,75,105,131,167,178,177,172,135,132,132,119,110,70,52,64,74,65,13,0,0
97,46,17,13,73,103,111,168,170,152,153,152,141,129,114,88,56,52,76,102,102,54,18,5
54,14,0,0,100,120,129,145,149,140,139,144,135,121,101,70,73,72,76,105,107,70,23,8
0,6,0,12,88,117,126,123,127,126,128,136,121,89,61,56,9,12,54,58,104,77,23,3
0,3,13,14,69,107,121,122,116,115,130,132,103,78,61,20,13,15,48,23,16,8,3,7
0,14,26,73,100,120,108,99,102,98,99,133,95,87,60,39,2,11,12,11,8,10,10,11
10,21,39,68,85,93,138,164,187,153,142,144,144,129,76,51,38,26,25,20,14,11,4,1
13,34,58,112,141,159,169,205,207,177,165,218,188,162,123,71,53,11,4,7,10,5,0,0
10,53,85,147,185,206,239,265,261,254,259,252,225,184,136,108,75,27,11,9,9,10,4,0
7,52,94,167,206,239,273,278,266,291,279,255,241,204,131,100,64,43,12,12,12,6,0,0
31,51,93,176,230,247,307,288,255,307,310,291,264,220,161,116,56,36,11,11,10,5,0,0
12,40,96,147,185,197,235,226,172,222,234,239,238,205,146,105,53,33,13,12,12,8,3,0
14,53,103,129,149,170,188,163,127,144,191,199,184,160,134,107,88,23,4,2,0,0,0,0
14,20,69,106,123,136,129,119,107,110,132,143,139,131,113,104,65,14,5,0,0,0,0,0
17,36,76,85,106,112,114,102,60,69,105,117,116,109,107,102,76,11,8,9,5,8,0,2
10,11,36,86,97,102,106,102,12,103,95,104,102,105,104,100,14,10,12,8,3,0,1,0
13,13,30,57,65,100,102,90,15,82,79,79,110,104,103,75,32,9,9,5,3,6,0,1
9,14,39,39,54,58,66,72,23,60,55,64,72,73,67,63,10,14,8,2,0,0,0,0
5,9,10,36,36,46,40,33,28,30,49,51,57,68,71,52,9,0,3,8,0,0,0,0
2,1,10,11,13,13,29,23,12,20,38,15,46,52,51,35,11,8,9,12,8,9,0,0
1,6,8,14,12,18,14,12,1,32,23,17,50,61,48,14,4,11,6,10,6,0,0,0
3,0,0,4,8,11,14,12,1,17,53,12,15,48,41,14,0,3,5,4,0,0,0,0
7,4,6,12,11,12,16,14,11,12,54,51,55,56,55,29,1,10,9,8,0,0,0,0
6,10,0,14,14,14,49,50,13,39,52,54,63,56,56,25,10,6,12,7,0,0,0,0
4,8,13,17,13,10,27,37,28,45,52,54,77,56,59,33,6,5,5,0,0,0,0,0
1,4,14,13,6,8,13,30,21,48,62,58,60,66,52,14,10,10,6,1,0,0,0,0
0,10,8,8,12,10,8,12,28,48,60,57,54,64,50,13,11,12,4,0,0,0,0,0
0,10,4,0,11,8,24,10,38,53,57,54,56,55,29,11,10,1,0,0,0,0,0,0
6,1,0,5,11,13,17,40,50,55,62,66,63,51,21,14,10,5,2,0,0,0,0,0
5,0,0,11,12,11,30,28,51,63,60,65,60,55,20,14,12,0,5,0,0,0,0,0
10,0,7,13,5,8,10,45,35,54,60,78,77,54,14,9,13,10,11,0,0,0,0,0
0,11,13,4,5,10,13,34,54,38,64,104,91,54,14,9,2,6,9,5,0,7,4,9
8,10,0,10,13,14,14,50,54,101,120,123,129,52,14,12,12,8,4,0,0,0,0,7
