4,0,2,0,1,7,2,0,2,5,0,0,2,11,6,3,3,5,1,2,3,1,5,0
9,0,0,5,2,0,0,0,0,8,12,43,15,22,12,1,12,0,0,7,10,3,0,0
8,0,2,8,10,5,3,4,11,25,66,67,104,95,54,53,28,12,13,25,25,0,12,0
0,0,0,9,8,7,11,20,38,85,108,109,107,107,81,61,51,10,7,7,6,0,0,0
0,0,0,0,6,0,8,10,39,71,93,89,101,72,72,71,61,14,0,9,0,0,5,0
0,0,0,3,2,4,1,12,55,59,64,70,73,65,58,51,44,13,1,0,0,0,0,0
0,0,0,2,6,1,0,12,14,23,53,16,60,58,50,51,27,6,0,0,0,0,0,0
0,0,0,0,0,0,0,13,8,54,58,67,63,64,68,63,45,9,0,0,0,0,1,0
0,0,0,0,0,9,25,50,63,70,72,84,84,77,79,85,77,69,35,15,0,0,0,0
0,0,0,0,11,52,58,61,68,82,99,115,106,118,116,100,100,97,66,60,14,14,9,5
0,0,0,11,52,59,71,93,113,126,132,125,135,149,143,147,126,113,90,70,58,43,13,5
0,0,0,53,57,59,67,123,188,194,168,144,140,169,178,193,175,112,89,71,56,58,36,0
0,5,55,66,52,54,81,117,169,178,166,171,177,169,159,157,144,90,67,31,50,52,33,11
2,12,69,71,14,9,75,108,117,133,154,160,158,167,157,139,117,101,79,13,13,66,62,8
2,29,71,54,10,11,13,92,83,84,126,140,145,150,152,131,107,70,8,10,8,30,19,5
9,54,60,7,0,0,5,53,78,81,90,101,127,138,123,104,78,71,0,0,0,5,12,12
23,57,58,37,11,9,0,47,63,70,87,93,106,82,80,67,62,55,11,6,5,14,35,56
15,34,37,28,6,4,25,48,65,91,118,113,81,113,110,99,60,34,12,12,13,14,23,29
9,35,19,4,10,0,50,77,78,123,135,135,113,104,111,128,111,73,28,14,7,14,24,23
0,20,5,8,7,0,11,97,114,112,128,138,142,144,137,135,134,107,76,41,13,8,13,13
11,16,29,9,5,8,10,71,77,93,124,135,150,147,144,148,133,111,43,12,14,10,12,11
0,5,11,4,0,6,42,97,133,136,155,169,179,195,175,183,145,111,81,42,28,23,14,13
0,10,13,10,0,10,56,112,137,160,190,209,201,206,199,192,165,134,79,65,38,11,12,8
4,8,7,3,5,13,103,126,147,170,196,210,220,237,223,198,170,134,104,90,47,29,12,9
9,11,9,1,8,21,105,124,143,158,187,207,212,234,208,191,155,119,88,46,27,23,14,18
14,11,9,11,12,42,105,121,138,150,167,176,149,146,163,143,124,105,101,57,35,33,39,12
12,10,10,14,11,31,100,104,116,138,132,124,107,91,108,107,102,100,56,34,22,12,14,13
8,12,13,8,11,31,88,77,103,101,103,101,54,45,41,79,96,45,13,10,1,11,14,13
3,8,0,6,1,10,83,100,88,70,62,49,48,46,47,73,80,48,21,16,8,11,14,13
6,0,2,0,0,13,58,71,89,84,66,50,42,42,45,49,52,36,17,9,5,5,10,0
7,1,4,9,11,10,51,60,58,62,54,48,34,46,51,79,87,54,13,11,7,3,9,6
0,0,1,9,8,3,53,57,65,76,83,45,30,53,81,149,239,107,36,30,19,0,7,0
7,0,0,0,4,2,52,57,65,54,13,15,22,50,54,69,113,93,38,25,13,10,11,9
6,0,0,0,0,6,27,53,56,32,0,14,12,12,33,53,48,67,71,51,13,10,11,12
0,0,0,0,0,13,15,48,26,11,6,2,2,10,14,29,66,78,83,51,13,14,8,9
0,0,0,0,0,9,50,50,34,0,0,0,0,5,11,37,60,64,77,46,11,10,14,0
0,0,0,0,4,11,62,61,51,12,5,6,8,5,3,10,50,55,44,12,3,7,7,5
1,0,0,0,5,15,58,57,51,14,9,10,5,7,7,4,8,1,6,8,11,6,5,0
0,0,0,3,4,11,53,52,52,22,8,10,4,3,0,7,10,9,12,7,7,11,6,0
0,0,0,4,5,8,52,54,57,14,12,13,10,1,5,4,10,17,12,7,8,11,9,10
0,0,0,3,11,14,53,55,34,11,4,2,9,11,6,9,10,10,8,12,6,0,8,5
6,2,1,5,11,14,42,52,11,0,7,11,6,0,0,0,3,12,14,10,7,0,5,7
4,6,0,8,10,13,54,50,9,12,9,0,0,0,5,0,0,11,10,0,9,11,5,0
4,0,9,7,7,11,38,23,11,6,8,0,1,5,4,0,0,8,11,11,10,0,6,4

4,0,2,0,1,7,2,0,2,4,0,0,2,12,6,4,3,5,1,2,3,1,5,0
10,0,0,5,2,0,0,0,0,8,12,43,15,24,12,1,12,0,0,7,10,3,0,0
8,0,2,8,10,5,3,5,11,25,66,67,103,95,54,53,28,12,13,25,26,0,12,0
0,0,0,9,8,7,11,21,38,85,108,109,107,107,81,61,51,10,7,7,6,0,0,0
0,0,0,0,6,0,8,10,38,71,93,89,101,72,72,71,61,15,0,9,0,0,5,0
0,0,0,4,2,5,1,12,55,59,63,70,73,65,59,51,44,13,1,0,0,0,0,0
0,0,0,2,6,1,0,12,14,23,53,16,60,58,50,51,26,6,0,0,0,0,0,0
0,0,0,0,0,0,0,13,8,54,58,67,63,64,67,63,46,9,0,0,0,0,1,0
0,0,0,0,0,9,26,50,63,70,72,84,84,77,78,85,77,69,36,15,0,0,0,0
0,0,0,0,11,53,58,61,69,82,99,115,106,118,116,100,100,97,66,60,14,14,9,5
0,0,0,11,52,59,71,93,113,125,131,125,135,149,143,147,126,113,90,70,58,43,13,5
0,0,0,53,56,59,67,123,188,194,168,144,140,168,177,193,175,112,89,71,56,57,36,0
0,5,54,66,53,54,82,117,169,178,166,171,177,170,159,157,144,90,67,31,50,52,33,11
2,12,68,72,14,9,75,108,117,133,154,160,158,167,157,139,117,101,79,13,13,66,62,8
2,29,69,54,10,11,13,93,83,84,126,140,145,150,152,131,107,70,8,11,8,30,19,5
9,54,60,7,0,0,5,53,78,81,90,101,127,138,123,104,78,71,0,0,0,5,12,12
22,56,58,38,11,9,0,48,63,70,87,94,106,82,80,67,62,55,11,6,5,14,36,56
15,34,37,28,6,4,25,48,65,91,118,113,81,113,110,99,60,34,12,12,13,14,23,29
9,35,17,4,10,0,50,76,78,123,135,135,113,104,111,128,111,73,28,14,7,14,24,23
0,21,6,9,7,0,11,97,115,113,128,138,142,144,137,135,134,107,75,41,13,8,13,13
11,16,29,9,5,8,10,71,77,93,124,135,149,147,144,148,133,111,43,12,14,10,12,11
0,5,11,4,0,6,43,97,133,136,155,169,180,195,176,183,145,111,81,43,29,22,14,13
0,9,13,10,0,10,56,112,137,160,190,209,201,206,199,192,165,134,79,65,38,11,12,8
4,8,7,3,5,13,103,126,147,170,196,210,221,238,223,199,170,134,104,89,47,29,12,9
9,11,9,1,8,23,105,124,143,158,187,207,213,235,209,191,155,119,87,46,27,22,13,18
14,11,9,11,12,44,105,121,138,150,168,177,149,146,163,143,124,105,101,58,35,33,39,12
12,10,10,14,11,32,100,104,116,138,132,124,108,91,108,107,102,100,56,34,21,12,14,13
8,13,14,9,11,33,88,77,103,101,103,101,54,43,43,80,95,44,14,10,1,11,14,13
3,8,0,6,1,10,83,100,88,70,62,48,48,47,47,74,80,49,21,16,8,11,14,13
6,0,2,0,0,13,58,71,89,84,66,51,42,42,45,49,52,36,17,9,5,5,10,0
7,1,4,9,11,10,51,60,58,62,54,48,34,46,51,79,87,54,14,11,7,2,9,6
0,0,1,9,8,3,53,57,65,76,84,45,30,53,81,150,239,107,35,30,19,0,7,0
7,0,0,0,4,2,52,57,65,54,14,17,22,50,54,70,113,92,38,25,13,11,11,9
6,0,0,0,0,6,27,53,56,32,0,14,12,12,32,53,48,67,70,51,13,10,11,12
0,0,0,0,0,13,16,48,27,11,6,2,2,10,14,30,67,77,83,51,13,14,8,9
0,0,0,0,0,9,50,50,33,0,0,0,0,5,11,38,59,64,77,44,11,10,15,0
0,0,0,0,4,11,62,62,51,12,5,7,8,5,3,10,50,55,43,12,3,7,7,5
1,0,0,0,5,15,58,57,51,14,9,10,5,7,7,4,8,2,6,8,11,6,5,0
0,0,0,3,4,11,53,52,51,21,8,10,4,3,0,7,10,9,12,7,8,11,6,0
0,0,0,4,5,8,52,54,57,14,12,13,10,1,5,4,9,17,12,7,8,11,9,10
0,0,0,3,11,14,53,54,34,11,4,2,9,11,5,9,10,10,8,12,6,0,8,5
6,2,1,5,11,14,42,52,11,0,7,11,6,0,0,0,3,12,14,10,7,0,5,7
4,6,0,8,10,13,54,50,9,12,9,0,0,0,4,0,0,11,10,0,9,11,5,0
4,0,9,7,7,11,38,23,11,6,8,0,1,5,4,0,0,8,11,11,10,0,6,4

5,0,2,1,1,7,2,0,2,5,0,0,2,12,6,4,3,5,1,2,3,1,5,0
9,0,0,5,2,0,0,0,0,8,13,44,20,22,12,2,12,0,0,7,10,3,0,0
8,0,2,8,10,5,4,5,11,25,66,67,104,95,54,53,28,12,13,25,25,0,12,0
0,0,0,9,8,8,10,20,38,85,108,109,107,107,81,61,51,10,7,7,6,0,0,0
0,0,0,0,7,0,8,10,39,71,93,89,101,71,72,71,61,15,0,9,0,0,5,0
0,0,0,4,2,5,1,12,55,59,64,70,74,65,59,51,44,13,1,0,0,0,0,0
0,0,0,2,6,1,0,12,14,22,53,15,60,58,50,51,26,6,0,0,0,0,0,0
0,0,0,0,0,0,0,13,8,54,58,66,63,64,67,63,47,9,0,0,0,0,1,0
0,0,0,0,0,9,26,50,63,70,72,84,84,77,79,85,77,69,35,15,0,0,0,0
0,0,0,0,11,52,58,62,69,82,99,115,106,118,116,100,100,97,66,60,14,14,9,5
0,0,0,11,52,59,71,93,113,126,131,125,135,149,144,148,126,113,90,70,58,43,13,5
0,0,0,54,56,59,67,123,189,194,168,144,141,169,177,193,175,112,89,71,56,57,37,0
0,5,55,66,52,54,82,117,169,177,166,171,177,170,159,157,144,90,67,31,50,52,33,11
1,12,69,72,14,9,75,107,117,133,154,160,159,167,157,139,117,101,79,13,13,65,62,8
2,31,71,54,10,11,13,92,83,84,126,140,145,150,152,131,107,69,8,10,8,29,19,5
9,54,60,7,0,0,5,53,78,81,90,101,127,138,124,104,77,71,0,0,0,5,12,12
23,57,58,38,11,9,0,48,63,71,87,94,106,82,80,67,62,55,11,6,5,14,35,56
15,34,37,29,6,4,25,48,65,91,119,114,82,115,111,99,60,34,12,12,13,14,23,29
9,35,17,4,10,0,50,76,78,123,135,135,114,105,111,129,111,73,27,14,7,14,24,23
0,20,5,9,7,0,11,98,115,113,128,138,142,144,137,135,134,107,76,41,13,8,13,13
11,17,28,10,5,8,10,71,77,93,124,135,150,147,144,148,134,111,43,12,14,10,12,11
0,5,11,4,0,6,42,97,133,136,155,169,180,195,176,183,146,111,81,43,28,22,14,13
0,10,13,10,0,10,56,112,137,160,190,210,202,206,200,193,166,134,79,64,38,11,12,8
4,9,7,3,5,14,103,126,147,170,196,210,221,238,223,199,170,134,104,89,45,29,12,9
10,11,9,2,8,21,105,124,143,158,188,207,213,236,209,191,156,119,87,46,27,23,14,18
13,11,9,11,12,44,105,121,138,150,168,177,149,146,163,143,124,105,101,55,35,33,39,12
12,10,10,14,11,33,100,104,116,138,132,124,108,91,108,107,102,100,56,37,22,12,14,13
8,12,13,8,11,33,88,78,103,101,103,101,54,44,41,80,97,47,14,10,1,11,14,13
3,8,0,6,1,10,83,100,88,70,62,49,46,47,47,73,81,49,21,16,8,11,14,13
6,0,2,0,0,13,58,71,90,83,66,51,42,42,45,49,52,36,18,9,5,5,10,0
7,1,4,9,11,10,51,60,58,62,54,48,34,46,52,79,86,54,14,11,7,3,9,6
0,0,2,9,8,3,53,57,65,76,83,45,32,53,81,151,239,106,35,30,19,0,7,0
7,0,0,0,4,2,52,57,65,54,13,16,22,50,54,70,113,91,37,25,13,10,11,9
6,0,0,0,0,6,27,53,56,31,0,14,12,12,34,54,48,67,70,51,13,11,11,12
0,0,0,0,0,13,16,48,26,11,6,2,2,10,14,30,67,77,83,51,13,14,8,9
0,0,0,0,0,9,50,50,35,0,0,0,0,5,11,39,60,64,77,44,11,10,15,0
0,0,0,0,5,11,62,61,51,12,5,7,8,5,3,10,50,55,43,12,3,7,7,5
1,0,0,0,5,15,59,57,51,14,9,10,5,7,8,5,8,2,6,8,11,6,5,0
0,0,0,3,4,11,53,52,52,21,8,10,4,3,0,7,10,9,12,7,8,11,6,0
0,0,0,4,5,8,52,54,57,14,12,13,10,1,5,4,10,18,12,7,8,11,9,10
0,0,0,3,11,14,53,54,34,11,4,2,9,11,5,9,10,10,8,12,6,0,8,5
6,2,1,5,11,14,42,52,11,0,7,11,6,0,0,0,3,12,14,10,7,0,5,7
4,6,0,8,10,13,54,50,9,12,9,0,0,0,4,0,0,11,10,0,9,11,5,0
4,0,9,7,7,11,38,22,11,6,8,0,1,4,4,0,0,8,11,11,10,0,6,4

5,0,2,0,1,7,2,0,2,5,0,0,2,12,6,4,3,5,1,2,3,1,5,0
9,0,0,5,2,0,0,0,0,8,13,43,19,23,13,2,12,0,0,7,10,3,0,0
9,0,2,8,10,5,4,5,11,27,66,68,104,95,54,53,28,12,13,27,26,0,12,0
0,0,0,9,8,7,11,21,38,86,108,109,107,107,81,61,51,10,7,7,6,0,0,0
0,0,0,0,7,0,8,10,39,71,94,89,101,72,72,71,61,15,0,9,0,0,5,0
0,0,0,4,2,5,1,12,55,59,64,70,74,65,59,51,44,13,1,0,0,0,0,0
0,0,0,2,7,1,0,12,14,22,53,16,60,58,50,51,27,6,0,0,0,0,0,0
0,0,0,0,0,0,0,13,8,54,57,66,63,63,68,63,46,9,0,0,0,0,1,0
0,0,0,0,0,9,27,50,63,70,72,84,84,77,78,85,77,69,35,15,0,0,0,0
0,0,0,0,11,53,58,62,69,82,99,114,106,118,116,100,100,97,66,61,14,14,9,5
0,0,0,11,53,59,71,94,113,125,131,125,135,149,144,147,126,113,90,70,58,43,13,5
0,0,0,53,57,58,67,123,188,193,168,144,140,169,177,193,174,112,89,71,56,57,36,0
0,5,54,67,52,54,82,117,168,177,166,171,177,170,159,156,144,90,67,31,50,52,33,11
2,12,68,72,14,9,75,107,117,133,154,160,159,167,157,139,116,101,78,13,13,66,62,8
2,31,70,54,10,11,13,91,83,83,126,140,145,150,152,131,106,68,8,10,8,30,19,5
9,54,60,7,0,0,5,53,77,81,90,101,127,138,124,104,78,71,0,0,0,5,12,12
23,56,58,38,11,9,0,48,63,71,87,94,106,82,80,67,62,55,11,6,5,14,36,56
14,34,37,29,6,4,25,48,65,91,119,114,82,115,111,100,60,34,12,12,13,14,23,29
9,35,16,4,10,0,50,77,79,123,135,135,114,105,112,129,112,73,28,14,8,14,24,23
0,20,5,9,7,0,11,98,115,113,128,138,143,144,138,135,134,107,76,41,13,8,13,13
12,16,29,10,6,8,10,71,77,94,124,135,150,147,144,148,134,111,43,12,14,10,12,11
0,6,11,4,0,6,42,97,133,136,155,169,180,195,177,184,146,112,81,42,29,22,14,13
0,10,13,10,0,10,56,112,137,161,190,210,202,207,200,193,166,134,79,65,38,12,12,8
4,9,7,3,5,14,103,126,147,170,197,210,221,238,224,199,171,134,104,88,47,29,12,9
10,11,9,1,8,24,105,124,143,158,188,207,213,236,210,192,155,119,88,46,27,23,14,18
13,11,9,11,12,44,105,121,138,150,168,177,149,146,164,143,125,105,101,55,35,34,39,12
12,10,10,14,11,32,100,104,116,138,133,124,108,91,108,107,102,100,55,35,22,12,14,13
8,12,13,8,11,31,87,77,103,101,103,101,53,43,45,80,96,47,14,10,0,11,14,13
4,8,0,6,1,10,83,100,88,70,62,49,48,48,50,74,81,51,22,16,8,11,14,13
6,0,3,0,0,13,58,71,89,83,66,51,42,42,45,49,52,35,18,9,5,5,10,0
7,1,4,9,11,10,51,60,58,62,54,48,34,46,52,79,86,55,14,11,7,3,9,6
0,0,2,9,8,3,53,57,65,76,83,45,32,53,80,151,239,106,35,30,19,0,7,0
7,0,0,0,4,2,52,57,65,54,14,16,22,50,54,70,113,91,37,25,13,11,11,9
6,0,0,0,0,6,27,53,56,32,0,14,12,12,35,54,48,67,70,51,13,10,11,12
0,0,0,0,0,13,16,49,28,11,6,2,2,10,14,30,67,77,82,50,13,14,8,9
0,0,0,0,0,9,50,50,33,0,0,0,0,5,11,39,60,64,77,44,11,10,14,0
0,0,0,0,5,11,62,62,51,12,5,7,8,5,4,10,50,55,44,12,3,7,7,5
1,0,0,0,5,15,58,57,51,14,9,10,5,7,7,5,8,2,6,8,11,6,5,0
0,0,0,3,4,11,53,52,52,21,8,10,4,3,0,7,10,9,12,7,8,11,6,0
0,0,0,4,5,8,52,54,57,14,12,13,10,1,5,4,10,18,12,7,8,11,9,10
0,0,0,3,11,15,53,55,34,11,4,2,9,11,5,9,9,10,8,12,6,0,8,5
6,2,1,5,11,14,43,52,11,0,7,10,6,0,0,0,3,12,14,10,7,0,5,7
4,6,0,8,10,13,54,50,9,12,9,0,0,0,4,0,0,11,10,0,9,11,5,0
4,0,9,7,7,11,38,22,11,6,8,0,1,4,4,0,0,8,11,11,10,0,6,4

5,0,2,1,1,7,2,0,2,5,0,0,2,12,6,4,3,5,1,2,4,1,5,0
9,0,0,5,2,0,0,0,0,8,13,44,19,24,12,2,12,0,0,7,10,3,0,0
9,0,3,8,10,5,4,5,11,27,66,68,104,96,54,53,29,13,13,26,26,0,12,0
0,0,0,9,8,8,11,20,38,86,108,109,107,107,81,62,51,10,7,7,6,0,0,0
0,0,0,0,7,0,8,11,40,71,94,89,101,72,72,71,61,19,0,9,0,0,5,0
0,0,0,4,2,5,1,12,55,59,64,70,74,65,59,51,45,13,1,0,0,0,0,0
0,0,0,2,7,1,0,12,14,21,53,16,60,58,50,51,27,6,0,0,0,0,0,0
0,0,0,0,0,0,0,13,8,54,57,66,63,63,67,63,45,9,0,0,0,0,1,0
0,0,0,0,0,10,27,50,63,70,72,84,84,77,79,85,77,69,36,15,0,0,0,0
0,0,0,0,11,53,58,62,69,82,98,114,105,118,115,100,100,97,66,60,14,14,9,5
0,0,0,11,53,59,71,93,113,125,131,124,135,149,144,147,126,113,90,70,58,43,13,5
0,0,0,53,56,59,67,123,187,192,167,144,141,169,177,193,174,112,89,71,56,57,36,0
0,5,55,67,52,54,82,117,167,176,167,170,177,170,159,156,143,89,67,31,50,52,33,11
2,12,68,72,14,9,75,107,117,133,154,160,158,167,157,138,116,101,77,13,13,65,62,8
2,32,70,54,10,11,13,91,83,84,126,140,145,150,152,131,106,69,8,10,8,30,18,5
9,54,60,7,0,0,5,53,78,81,90,101,127,138,123,104,77,70,0,0,0,5,12,12
23,56,58,38,11,9,0,48,63,71,87,94,107,83,80,67,62,55,11,6,5,14,35,56
14,34,37,28,6,4,25,48,65,91,119,114,83,115,111,100,60,34,12,12,13,14,23,29
9,36,17,4,10,0,51,77,79,124,135,136,115,106,112,129,112,73,28,14,8,14,24,23
0,20,5,8,7,0,11,97,115,113,128,138,143,145,138,136,134,107,76,41,13,8,13,13
11,16,29,10,6,8,10,71,77,94,124,136,150,147,144,148,134,111,43,12,14,10,12,11
0,5,11,4,0,6,42,97,133,137,156,169,180,195,176,184,146,112,81,43,29,22,14,13
0,10,13,10,0,10,56,112,137,161,190,210,202,207,199,193,166,134,79,65,38,11,12,8
4,8,7,3,5,13,103,126,147,171,197,210,221,238,224,199,170,134,104,88,46,29,12,9
10,11,9,1,8,24,105,124,143,158,188,207,213,236,210,192,155,119,89,46,27,23,14,18
13,11,9,11,12,42,105,121,138,150,168,177,150,146,164,143,125,105,101,55,35,33,39,12
12,10,10,14,11,31,100,104,116,139,132,124,108,91,108,107,102,100,56,35,21,12,14,13
8,12,13,9,11,32,87,77,103,101,103,101,54,44,45,81,97,47,14,10,0,11,14,13
3,8,0,6,1,10,83,100,88,70,62,49,47,47,46,73,81,50,22,17,8,11,14,13
6,0,2,0,0,13,58,71,89,83,66,51,42,42,45,49,52,36,18,9,6,5,10,0
7,1,4,9,11,10,51,60,58,62,54,48,34,46,52,80,86,55,14,11,7,3,9,6
0,0,2,9,8,3,53,57,65,76,83,45,33,53,81,151,238,106,35,30,19,0,7,0
7,0,0,0,4,2,52,57,65,54,14,17,21,50,54,70,113,91,37,25,13,11,11,9
6,0,0,0,0,6,28,53,56,32,0,14,12,12,35,54,48,67,70,51,13,11,11,12
0,0,0,0,0,13,15,49,28,11,6,2,2,10,14,31,67,77,82,50,14,14,8,9
0,0,0,0,0,9,49,50,34,0,0,0,0,5,11,40,60,64,77,44,11,10,15,0
0,0,0,0,5,11,62,62,51,12,5,7,8,5,3,10,51,55,44,12,3,7,7,5
1,0,0,0,5,16,58,57,51,14,9,10,5,7,8,5,8,2,6,8,11,6,5,0
0,0,0,3,4,11,53,52,52,22,8,10,4,3,0,7,10,9,12,7,8,11,6,0
0,0,0,4,5,8,52,54,57,14,12,13,10,1,5,4,9,17,12,7,8,11,9,10
0,0,0,3,11,14,53,54,34,11,4,2,9,10,5,9,9,10,8,12,6,0,8,5
6,2,1,5,11,14,43,52,11,0,7,10,6,0,0,0,3,12,14,10,7,0,5,7
4,6,0,8,10,13,54,50,9,12,9,0,0,0,4,0,0,11,10,0,9,11,5,0
4,0,9,7,7,11,38,24,11,6,8,0,1,4,3,0,0,8,11,11,10,0,6,4

5,0,2,1,1,7,2,0,2,5,0,0,2,12,6,4,3,5,1,2,4,1,5,0
10,0,0,5,2,0,0,0,0,8,13,43,17,26,13,2,12,0,0,7,10,3,0,0
9,0,3,8,10,5,4,5,11,27,66,68,104,96,54,53,29,13,13,26,26,0,12,0
0,0,0,9,8,8,10,20,38,86,108,109,108,107,82,62,51,10,7,7,7,0,0,0
0,0,0,0,7,0,8,10,39,71,94,89,101,72,72,71,61,15,0,9,0,0,5,0
0,0,0,4,2,5,1,12,55,59,64,70,73,65,59,51,45,13,1,0,0,0,0,0
0,0,0,2,7,1,0,12,14,23,53,17,60,58,50,51,29,6,0,0,0,0,0,0
0,0,0,0,0,0,0,13,8,54,57,66,63,63,68,63,45,9,0,0,0,0,1,0
0,0,0,0,0,9,26,50,63,69,72,84,84,77,79,85,77,69,35,15,0,0,0,0
0,0,0,0,11,53,58,61,69,82,99,114,106,118,116,100,100,97,66,60,14,14,9,5
0,0,0,11,52,59,71,93,113,125,131,124,135,149,143,147,126,113,90,70,58,43,13,5
0,0,0,53,57,59,67,123,187,193,168,144,140,168,177,193,174,112,88,71,56,58,37,0
0,5,55,66,52,54,82,117,168,177,167,170,177,169,159,156,143,90,67,30,50,52,33,11
2,12,69,72,14,9,75,107,117,133,154,160,159,167,157,139,116,101,77,13,13,65,62,8
2,31,71,54,10,11,13,91,83,84,126,140,145,150,152,131,106,68,8,10,8,30,19,5
9,54,60,7,0,0,5,53,78,81,90,101,127,139,123,104,77,70,0,0,0,5,12,12
22,57,58,37,11,9,0,48,63,71,87,94,107,82,80,67,61,55,11,6,5,14,36,57
15,34,37,29,6,4,25,48,65,92,119,115,83,116,111,99,60,34,12,12,13,14,23,29
9,35,19,4,10,0,51,77,79,124,135,136,115,106,112,129,112,73,28,14,8,14,24,23
0,20,5,8,7,0,11,98,115,113,128,139,143,145,138,136,134,107,76,41,13,8,13,13
11,17,29,10,6,8,10,71,77,94,124,136,151,148,144,149,134,111,43,12,14,11,12,11
0,6,11,4,0,6,43,97,133,137,156,169,180,195,176,184,146,112,81,43,29,22,14,13
0,10,13,10,0,10,56,112,137,161,190,210,202,206,200,193,166,134,79,64,38,12,12,8
4,9,7,3,5,13,103,126,147,170,197,210,221,238,224,199,171,134,104,89,46,27,12,9
10,11,9,2,8,24,105,124,143,158,188,207,213,236,210,192,156,120,89,47,27,23,13,18
14,11,9,11,12,42,105,121,138,150,168,177,149,146,163,143,125,105,101,57,35,33,39,12
12,10,10,14,11,33,100,104,116,138,132,124,108,92,108,107,102,100,56,35,22,12,14,13
8,13,14,9,11,31,89,77,103,101,103,101,54,43,44,80,97,45,14,10,1,11,14,13
3,8,0,6,1,10,83,100,88,70,62,49,48,48,48,74,83,50,22,17,8,11,14,13
6,0,3,0,0,13,58,71,89,83,67,50,42,42,45,49,52,36,18,10,6,5,10,0
7,1,5,9,11,10,51,60,58,62,54,48,35,47,52,79,86,54,14,11,7,3,9,6
0,0,2,9,8,3,53,57,65,76,83,45,31,53,80,152,239,106,35,31,19,0,7,0
7,0,0,0,4,2,52,57,65,54,14,17,21,50,54,70,113,90,37,25,13,11,11,9
6,0,0,0,0,6,28,53,56,32,0,14,12,12,36,54,48,67,70,51,13,11,11,12
0,0,0,0,0,13,15,49,28,11,6,2,2,10,14,31,67,77,82,50,14,14,8,9
0,0,0,0,0,10,50,50,35,0,0,0,0,6,12,41,60,64,77,45,11,10,14,0
0,0,0,0,5,11,62,62,51,12,5,7,8,5,4,10,50,55,44,12,3,7,7,5
1,0,0,0,5,15,59,57,51,14,9,10,5,7,8,5,8,2,6,8,11,6,5,0
0,0,0,3,4,11,53,52,52,21,8,10,4,3,0,7,10,9,12,7,8,11,6,0
0,0,0,4,5,9,52,54,57,14,12,13,10,1,5,4,10,18,12,7,8,11,9,10
0,0,0,3,11,14,53,54,34,11,4,2,10,10,5,9,9,10,8,12,6,0,8,5
6,2,1,5,11,14,43,52,11,0,7,11,6,0,0,0,3,12,14,10,7,0,5,7
4,6,0,8,10,13,54,50,9,12,9,0,0,0,4,0,0,11,10,0,9,11,5,0
4,0,10,7,7,11,38,22,11,6,8,0,1,4,3,0,0,8,11,11,10,0,6,4

5,0,2,1,1,7,2,0,2,5,0,0,2,12,6,4,3,5,1,2,4,1,5,0
10,0,0,5,2,0,0,0,0,8,13,44,16,23,13,2,12,0,0,7,10,3,0,0
9,0,3,8,10,5,4,5,11,30,66,68,104,96,54,53,28,13,13,27,26,0,12,0
0,0,0,9,8,7,11,20,38,86,108,109,108,107,82,62,51,10,7,7,7,0,0,0
0,0,0,0,7,0,8,10,40,71,94,89,101,72,72,71,61,17,0,9,0,0,5,0
0,0,0,4,2,5,1,12,55,60,64,71,74,65,59,51,44,13,2,0,0,0,0,0
0,0,0,2,7,1,0,12,14,21,53,17,60,58,50,51,26,6,0,0,0,0,0,0
0,0,0,0,0,0,0,13,8,54,57,66,63,64,68,63,47,9,0,0,0,0,1,0
0,0,0,0,0,9,26,50,63,70,72,84,84,77,78,85,77,69,35,15,0,0,0,0
0,0,0,0,11,53,58,62,69,83,99,114,106,118,116,100,100,97,66,61,14,14,9,5
0,0,0,11,52,59,71,93,113,125,131,125,135,149,143,147,126,113,90,70,58,43,13,5
0,0,0,53,56,59,67,123,188,193,167,144,140,169,177,192,174,112,88,71,56,58,36,0
0,5,55,67,52,54,82,117,168,177,167,170,177,169,159,156,144,90,67,31,50,52,34,11
2,12,68,72,14,9,75,107,117,133,154,160,158,167,157,138,116,101,77,13,13,65,62,9
2,31,70,54,10,11,13,92,83,84,126,140,145,150,152,131,106,68,8,10,8,30,19,5
9,54,60,7,0,0,5,54,78,81,91,102,128,139,124,104,77,70,0,0,0,5,12,12
22,57,58,37,11,9,0,49,63,71,87,95,107,83,80,67,62,55,11,6,5,14,35,57
15,34,37,29,6,5,26,48,65,92,119,115,83,116,111,100,60,34,12,12,13,14,23,29
9,36,20,4,10,0,51,77,79,124,135,136,115,106,112,129,112,73,29,14,8,14,24,23
0,21,5,9,7,0,11,98,115,113,128,139,143,145,138,136,134,107,76,41,13,8,13,13
11,16,29,10,6,8,10,71,78,94,124,136,151,147,144,149,134,111,43,12,14,10,12,11
0,6,11,4,0,6,43,97,133,137,156,170,181,195,176,184,146,112,81,43,28,23,14,13
0,10,14,10,0,10,56,112,137,161,190,210,202,207,200,193,166,134,79,65,38,12,12,8
4,9,7,3,5,13,103,126,147,170,197,210,221,238,224,199,171,134,104,88,46,27,12,9
10,11,9,1,8,23,105,124,143,158,188,207,213,236,210,192,156,119,88,46,27,22,14,18
14,12,9,11,12,44,105,121,138,150,168,177,150,146,163,143,124,105,101,55,35,33,39,12
12,10,10,14,11,32,100,104,116,138,132,124,108,91,108,107,102,100,56,35,20,12,14,13
8,13,14,9,11,32,88,77,103,101,103,101,54,41,44,81,97,44,14,10,1,11,14,13
4,8,0,6,1,10,83,100,88,70,62,48,46,47,47,74,83,50,22,17,8,11,14,13
6,0,3,0,0,13,58,71,89,83,66,50,42,42,45,49,52,36,18,10,6,5,10,0
7,1,5,9,11,10,51,60,58,62,54,48,34,46,52,79,86,55,14,11,7,3,9,6
0,0,2,9,8,3,53,57,65,76,84,46,34,53,80,152,239,106,35,31,19,0,7,0
7,0,0,0,4,2,52,57,65,54,14,18,21,50,54,70,113,90,37,25,13,11,11,9
6,0,0,0,0,6,27,53,56,32,0,14,12,13,36,54,48,67,70,51,13,11,11,12
0,0,0,0,0,13,16,48,27,11,6,2,2,10,14,31,67,77,82,50,14,14,8,9
0,0,0,0,0,9,50,50,35,0,0,0,0,6,12,41,60,64,77,46,11,10,15,0
0,0,0,0,5,11,62,62,51,12,5,7,8,5,4,10,50,55,44,12,3,7,7,5
1,0,0,0,5,16,59,57,51,14,9,10,5,7,8,5,8,2,6,8,11,6,5,0
0,0,0,3,4,11,53,52,52,22,8,10,4,3,0,7,10,10,12,7,8,11,6,0
0,0,0,4,5,8,52,54,57,14,12,13,10,1,5,4,9,17,12,7,8,11,9,10
0,0,0,3,11,14,53,54,34,11,4,2,9,10,5,9,9,10,8,12,5,0,8,5
6,2,1,5,11,14,43,52,11,0,7,10,6,0,0,0,3,12,14,10,7,0,5,7
4,6,0,8,10,13,54,50,9,12,9,0,0,0,4,0,0,11,10,0,9,11,5,0
4,0,9,7,7,11,39,24,11,6,7,0,1,4,3,0,0,8,11,11,10,0,6,4

5,0,3,1,1,7,2,0,2,5,0,0,2,12,6,4,3,5,1,2,3,1,6,0
10,0,0,5,2,0,0,0,0,8,13,44,19,24,13,2,12,0,0,7,10,3,0,0
9,0,3,8,10,5,4,5,11,29,66,68,104,96,54,53,28,13,13,27,26,0,12,0
0,0,0,9,8,8,11,22,39,86,108,109,108,108,82,62,51,11,7,7,7,0,0,0
0,0,0,0,7,0,8,11,40,71,94,89,101,72,72,72,61,18,0,9,0,0,5,0
0,0,0,4,2,5,1,12,55,60,64,71,74,65,59,51,45,13,2,0,0,0,0,0
0,0,0,3,7,1,0,12,14,22,53,18,60,58,51,51,27,6,0,0,0,0,0,0
0,0,0,0,0,0,0,13,8,54,57,66,63,64,68,63,47,9,0,0,0,0,1,0
0,0,0,0,0,9,27,50,63,70,72,84,84,77,78,85,77,69,36,16,0,0,0,0
0,0,0,0,11,53,58,61,69,82,99,115,105,118,115,100,100,97,66,61,14,14,9,5
0,0,0,11,52,59,71,93,113,125,131,124,135,149,143,146,126,113,90,70,58,43,13,5
0,0,0,53,57,59,67,123,188,193,167,144,140,168,177,191,174,112,89,71,56,58,37,0
0,5,54,67,53,54,82,117,168,177,166,170,177,170,159,156,144,90,67,31,50,52,34,11
2,12,68,72,14,9,75,108,117,133,154,160,158,167,157,139,116,101,78,13,13,66,62,8
2,31,71,54,10,11,13,92,83,84,126,140,145,151,152,131,106,69,8,10,8,30,19,6
9,54,60,7,0,0,5,54,78,81,91,102,128,139,124,104,77,70,0,0,0,5,12,12
24,57,58,39,11,9,0,50,63,71,87,95,107,83,80,67,62,55,11,6,5,14,36,57
15,34,37,29,6,5,26,48,65,92,119,115,83,116,111,99,60,34,12,12,13,14,23,29
9,35,19,4,10,0,51,77,79,124,135,136,115,106,112,129,112,73,28,14,8,14,24,23
0,21,5,9,7,0,11,98,115,113,128,139,144,145,138,136,134,107,77,41,13,8,13,13
12,17,29,10,6,8,10,71,78,94,124,136,151,148,144,149,134,111,43,12,14,10,12,11
0,6,11,4,0,6,43,97,133,137,156,170,181,195,177,184,146,112,81,43,28,22,14,13
0,10,14,10,0,10,56,112,137,160,190,210,202,207,200,193,166,134,79,64,38,11,12,8
4,9,8,3,5,14,103,126,147,170,197,211,221,239,224,199,171,134,104,89,46,27,12,9
10,11,9,2,8,24,105,124,143,158,188,207,213,236,210,192,155,120,89,46,27,22,14,17
14,12,9,11,12,44,105,121,138,150,168,177,149,146,163,143,125,105,101,57,34,33,39,12
12,10,10,14,11,31,100,104,116,138,132,124,108,91,107,107,102,100,54,35,21,12,14,13
8,13,14,9,11,31,88,77,103,101,103,101,53,43,44,80,97,44,14,10,1,11,14,13
4,8,0,6,1,10,83,100,88,70,62,49,49,46,48,75,82,50,22,17,8,11,14,13
6,0,3,0,0,14,58,71,89,84,66,51,42,42,45,49,52,36,19,10,6,5,10,0
7,1,5,9,11,10,51,60,58,62,54,48,34,46,52,79,86,54,14,11,7,3,9,6
0,0,2,9,8,3,53,57,65,76,84,46,33,53,80,152,239,106,35,31,19,0,7,0
7,0,0,0,4,2,52,57,65,54,14,17,22,50,54,70,113,90,37,26,13,11,11,9
6,0,0,0,0,6,27,53,56,32,0,14,13,12,36,54,48,67,70,51,13,11,11,12
0,0,0,0,0,13,16,50,28,11,6,2,2,10,14,31,67,77,82,50,14,14,8,9
0,0,0,0,0,10,50,50,35,0,0,0,0,6,12,41,60,64,77,46,11,10,15,0
0,0,0,0,5,11,63,62,51,12,5,7,8,5,4,10,51,55,43,12,3,7,7,5
1,0,0,0,5,16,59,57,51,14,9,10,5,7,8,5,8,2,6,8,11,6,5,0
0,0,0,3,4,11,53,52,52,22,8,10,4,4,0,7,10,10,12,7,8,11,6,0
0,0,0,4,5,9,52,54,57,14,12,13,10,1,5,4,9,18,12,7,8,11,9,10
0,0,0,3,11,14,53,54,34,11,4,2,9,11,5,9,9,10,8,12,6,0,8,5
6,2,1,5,11,14,43,52,11,0,7,10,6,0,0,0,3,12,14,10,7,0,5,7
4,6,0,8,10,13,54,50,9,12,9,0,0,0,3,0,0,11,10,0,9,11,5,0
4,0,9,7,7,11,39,23,11,6,8,0,1,4,3,0,0,8,11,11,10,0,6,4

5,0,3,1,1,7,2,0,2,5,0,0,2,12,6,4,3,5,1,2,4,1,6,0
10,0,0,5,2,0,0,0,0,8,13,44,19,24,13,3,12,0,0,7,10,3,0,0
9,0,3,8,10,5,4,5,11,30,66,68,104,96,54,53,28,12,13,27,26,0,12,0
0,0,0,9,8,8,11,21,38,86,108,109,107,108,82,62,51,10,7,7,7,0,0,0
0,0,0,0,7,0,8,11,39,71,94,89,101,72,72,71,61,17,0,9,0,0,5,0
0,0,0,4,2,5,1,12,55,60,64,71,74,65,59,51,45,13,2,0,0,0,0,0
0,0,0,3,7,1,0,12,14,21,53,18,60,58,50,51,27,6,0,0,0,0,0,0
0,0,0,0,0,0,0,13,8,54,57,66,63,63,67,63,46,9,0,0,0,0,1,0
0,0,0,0,0,9,26,50,63,69,72,84,84,77,78,85,77,69,36,16,0,0,0,0
0,0,0,0,11,53,58,61,69,82,99,114,106,118,115,100,100,97,66,61,14,14,9,5
0,0,0,11,52,59,71,93,113,125,131,124,135,149,143,146,126,113,90,70,58,43,13,5
0,0,0,53,56,59,67,123,187,192,167,144,140,169,178,191,173,112,89,71,56,58,37,0
0,5,54,67,52,54,82,117,168,177,167,170,177,170,159,157,144,90,67,31,50,52,34,11
2,12,69,71,14,9,75,108,117,134,155,160,159,168,157,139,117,101,79,13,13,66,62,8
2,31,70,54,10,11,13,93,84,84,127,141,145,151,152,131,106,69,8,11,8,30,19,6
9,54,60,7,0,0,6,54,78,81,91,102,128,139,124,104,77,71,0,0,0,5,12,12
23,57,58,38,12,9,0,50,63,71,87,95,107,82,80,67,62,55,11,6,5,14,35,56
15,34,37,29,6,5,26,48,66,92,119,115,83,115,111,99,60,34,12,12,13,14,23,29
9,37,19,4,10,0,51,77,79,124,135,136,115,106,112,129,112,73,28,14,8,14,24,23
0,21,6,9,7,0,11,98,115,113,128,139,144,144,138,135,134,107,76,41,13,8,13,13
11,16,29,10,6,8,10,72,78,94,124,136,151,147,144,149,134,111,43,12,14,10,12,11
0,6,11,4,0,6,43,97,133,137,156,170,181,195,176,184,146,112,82,43,29,23,14,13
0,10,14,10,0,10,56,112,137,160,190,210,203,207,200,193,166,134,79,64,38,12,12,8
4,9,7,3,5,13,103,126,147,170,197,211,221,239,224,199,171,134,104,88,46,29,12,9
10,11,9,2,8,24,105,124,143,158,188,208,213,236,210,192,156,120,89,46,27,22,13,18
14,12,9,11,12,44,105,121,138,150,168,177,149,146,163,143,125,105,101,57,35,33,39,12
12,10,10,14,11,32,100,104,116,138,133,124,108,91,107,107,102,100,56,37,22,12,14,13
8,13,14,9,11,32,88,77,103,101,103,101,53,41,43,80,98,44,14,10,1,11,14,13
4,8,0,7,2,10,83,100,88,70,62,48,49,47,50,75,82,51,22,17,8,11,14,13
6,0,3,0,0,13,58,71,89,84,66,51,41,42,45,48,52,36,19,10,6,5,10,0
7,1,5,9,11,10,51,60,58,62,54,48,34,46,51,79,86,55,14,11,7,3,9,6
0,0,2,9,8,3,53,57,65,76,84,46,35,54,81,152,240,106,35,30,20,0,7,0
7,0,0,0,4,2,52,57,65,54,14,18,21,50,54,70,113,90,37,26,13,11,11,9
6,0,0,0,0,6,28,53,56,31,0,14,13,13,36,54,48,67,70,51,13,11,11,12
0,0,0,0,0,13,17,49,27,11,6,2,2,10,14,30,67,77,82,50,14,14,8,9
0,0,0,0,0,10,50,50,35,0,0,0,0,6,12,41,60,64,77,46,11,10,14,0
0,0,0,0,5,11,63,62,51,12,5,7,8,5,4,10,50,55,44,12,3,7,7,5
1,0,0,0,5,15,59,57,51,14,9,10,5,7,8,5,8,2,7,8,11,6,5,0
0,0,0,3,4,11,53,52,52,23,8,10,4,4,0,7,10,10,13,7,8,11,6,0
0,0,0,4,5,9,52,54,57,14,12,13,10,1,5,4,9,17,12,7,8,11,9,10
0,0,0,3,11,15,53,54,34,11,4,2,9,10,5,9,9,10,8,12,6,0,8,5
6,2,1,5,11,14,42,52,11,0,7,10,6,0,0,0,3,12,14,10,7,0,5,7
4,6,0,8,10,13,54,50,9,12,9,0,0,0,3,0,0,11,10,0,9,11,5,0
4,0,9,7,7,11,38,23,11,6,7,0,1,4,3,0,0,8,11,11,10,0,6,4

5,0,3,1,1,7,3,0,2,5,0,0,2,12,7,4,3,6,1,2,4,1,6,0
10,0,0,5,2,0,0,0,0,8,13,44,17,27,13,3,12,0,0,7,10,3,0,0
9,0,3,8,10,5,4,5,11,30,66,68,104,96,54,53,28,13,13,27,25,0,12,0
0,0,0,9,8,8,11,21,39,86,108,109,108,108,82,62,51,10,7,7,7,0,0,0
0,0,0,0,7,0,8,11,40,71,94,89,101,72,72,72,62,19,0,9,0,0,5,0
0,0,0,4,2,5,1,12,55,60,64,71,74,65,59,51,44,13,2,0,0,0,0,0
0,0,0,3,7,1,0,12,14,22,53,17,60,58,51,51,27,6,0,0,0,0,0,0
0,0,0,0,0,0,0,13,8,54,58,66,63,63,67,63,47,9,0,0,0,0,2,0
0,0,0,0,0,9,27,50,63,69,72,84,84,76,78,85,77,69,35,16,0,0,0,0
0,0,0,0,11,52,58,61,69,82,99,114,105,118,115,100,100,97,66,61,14,14,9,5
0,0,0,11,52,59,71,93,113,125,131,124,135,149,143,146,125,113,90,70,58,43,13,5
0,0,0,53,57,59,67,123,188,193,167,144,140,169,177,191,174,112,89,71,56,58,36,0
0,5,55,67,53,55,82,117,169,178,167,170,177,170,160,157,144,90,67,31,50,52,34,11
2,12,68,72,14,10,76,108,117,134,155,160,159,168,158,139,117,101,80,13,13,66,62,8
2,33,71,54,10,11,13,93,84,84,127,141,146,151,153,131,107,69,8,11,8,30,19,5
9,54,60,7,0,0,6,54,78,81,91,102,128,139,124,104,78,71,0,0,0,5,12,12
23,57,58,39,12,9,0,50,63,71,88,95,107,83,80,67,62,55,11,6,5,14,36,56
15,34,37,29,6,5,26,48,66,92,119,114,83,116,111,99,60,34,12,12,13,14,23,29
9,35,17,4,10,0,51,77,79,124,135,136,115,106,112,129,112,73,28,14,8,14,24,23
0,20,5,9,7,0,11,98,115,113,128,139,143,144,138,135,134,107,76,41,13,8,13,13
12,17,29,10,6,8,10,72,78,94,124,136,151,148,145,149,134,111,43,12,14,11,12,11
0,6,11,4,0,6,43,97,133,136,156,170,181,195,176,184,146,112,81,43,29,23,14,13
0,10,14,10,0,10,56,112,137,160,190,210,203,207,201,193,166,134,78,65,38,11,12,8
5,9,8,3,5,13,103,126,147,170,196,211,221,239,224,199,171,134,104,89,45,27,12,9
10,11,10,2,8,24,105,124,143,158,188,207,213,237,210,192,156,120,88,46,27,23,13,18
14,12,9,11,12,44,105,121,138,150,168,177,149,146,163,143,125,105,101,57,35,33,39,12
12,10,10,14,11,33,100,104,116,139,133,124,108,90,107,107,102,100,56,35,22,12,15,13
8,13,14,9,11,32,88,77,103,101,103,101,54,43,45,81,100,45,14,10,1,11,14,13
4,8,0,7,2,10,83,100,88,70,62,49,49,48,50,75,84,51,22,17,8,11,14,13
6,0,3,0,0,13,58,71,89,83,67,50,42,42,45,49,52,36,19,10,6,5,10,0
7,1,5,9,11,10,51,60,58,62,54,48,35,47,52,79,86,55,14,11,7,3,9,6
0,0,2,9,8,3,53,58,65,76,83,45,33,54,81,152,240,106,35,31,19,0,7,0
7,0,0,0,4,2,52,57,65,54,14,18,22,50,54,70,113,90,38,26,13,11,11,9
6,0,0,0,0,7,29,53,55,30,0,14,13,13,37,54,48,67,70,51,13,11,11,12
0,0,0,0,0,13,17,50,27,11,6,2,2,10,14,30,67,77,82,50,14,14,8,9
0,0,0,0,0,10,50,50,34,0,0,0,0,6,12,40,60,64,77,46,11,10,15,0
0,0,0,0,5,11,63,62,51,12,5,7,8,5,4,10,50,55,44,12,3,7,7,5
1,0,0,0,5,17,59,57,51,14,9,10,5,7,8,5,9,3,7,8,11,6,5,0
0,0,0,3,4,11,53,52,51,22,8,10,4,4,0,7,10,10,13,7,8,11,6,0
0,0,0,4,5,9,52,54,57,14,12,13,10,1,5,4,9,18,12,7,8,11,9,10
0,0,0,3,11,15,53,54,34,11,4,2,10,10,5,9,9,10,8,12,6,0,8,5
6,2,1,5,11,14,42,52,11,0,7,10,6,0,0,0,3,12,14,10,7,0,5,7
4,6,0,8,10,14,54,50,9,12,9,0,0,0,3,0,0,11,10,0,9,11,5,0
4,0,9,7,7,11,40,22,11,6,8,0,1,4,3,0,0,8,11,11,10,0,6,4

5,0,3,1,1,7,2,0,2,5,0,0,2,12,6,4,3,5,1,2,4,1,6,0
10,0,0,5,2,0,0,0,0,8,13,44,19,26,13,3,12,0,0,7,10,3,0,0
9,0,3,8,10,5,4,5,11,30,67,68,104,97,54,53,29,13,13,27,26,0,12,0
0,0,0,9,8,8,11,21,39,87,108,109,108,108,82,62,51,11,7,7,7,0,1,0
0,0,0,0,7,0,8,11,40,71,94,89,101,72,72,72,61,18,0,10,0,0,5,0
0,0,0,4,2,5,1,12,55,60,64,70,74,65,59,52,44,13,2,0,0,0,0,0
0,0,0,3,7,1,0,12,14,22,53,17,60,58,50,51,26,6,0,0,0,0,0,0
0,0,0,0,0,0,0,13,8,54,57,66,63,63,67,63,47,9,0,0,0,0,1,0
0,0,0,0,0,9,27,50,63,70,72,84,84,77,78,85,77,69,36,17,0,0,0,0
0,0,0,0,11,53,58,61,69,82,99,115,106,118,115,100,100,97,66,61,14,14,9,5
0,0,0,11,53,59,71,93,113,125,131,124,135,149,143,146,126,113,90,70,58,43,13,5
0,0,0,53,57,59,67,123,188,193,167,144,140,169,177,192,174,112,89,71,56,57,37,0
0,5,56,67,53,54,82,118,169,178,167,170,177,170,160,157,144,90,67,31,50,52,34,11
2,12,69,72,14,10,76,108,117,134,155,160,159,168,157,139,117,101,78,13,13,66,62,9
2,32,71,54,10,11,13,94,84,84,127,141,145,151,153,131,107,70,8,11,8,30,19,6
9,54,60,7,0,0,6,55,79,81,91,103,128,139,124,104,78,71,0,0,0,5,12,12
23,57,58,38,12,9,0,50,63,71,87,95,107,83,80,67,62,56,11,6,5,14,35,56
15,34,37,29,6,5,26,48,66,91,119,115,83,116,111,100,60,34,12,12,13,14,23,29
9,36,17,5,10,0,51,77,79,123,135,136,115,106,112,129,112,73,27,14,8,14,24,23
0,21,5,9,7,0,11,98,115,113,128,138,143,145,138,135,134,107,76,42,13,8,13,13
12,16,29,10,6,8,10,72,78,94,124,136,151,148,144,149,134,111,43,12,14,11,12,11
0,6,11,4,0,6,43,97,133,137,156,169,181,195,176,184,146,112,81,43,28,23,14,13
0,10,14,11,0,10,56,112,137,160,190,210,203,207,200,194,167,134,79,65,38,12,12,8
5,9,8,3,5,14,103,126,147,170,197,211,221,239,225,199,171,134,104,89,47,29,12,9
10,11,10,2,8,24,105,124,143,158,188,207,213,237,210,192,156,120,89,47,27,23,13,18
14,12,9,11,12,44,105,121,138,150,168,177,149,146,163,143,125,105,101,57,35,33,39,12
12,10,10,14,11,32,100,104,116,139,133,124,108,90,107,107,102,100,56,35,21,12,14,13
8,13,14,9,11,33,88,77,103,101,103,101,54,43,46,81,100,45,14,10,1,11,13,13
4,8,0,7,2,10,83,100,88,70,62,49,47,48,50,75,83,52,22,17,8,11,14,13
6,0,3,0,0,14,58,71,89,83,66,51,42,42,45,49,52,36,19,10,6,5,10,0
7,1,5,9,11,10,51,60,58,62,54,48,34,46,51,79,86,55,14,11,7,3,9,6
0,0,2,9,8,4,53,57,65,76,83,46,33,54,81,152,240,106,35,31,19,0,7,0
7,0,0,0,4,3,52,57,65,54,14,18,23,50,54,70,113,90,37,26,13,11,11,9
6,0,0,0,0,7,29,53,55,31,0,14,13,13,37,54,48,67,70,51,13,11,11,12
0,0,0,0,0,13,17,50,28,11,6,2,3,10,15,31,67,78,83,51,14,14,8,9
0,0,0,0,0,10,50,50,35,0,0,0,0,6,12,42,60,64,77,47,11,10,15,0
0,0,0,0,5,12,63,62,51,12,5,7,9,5,4,10,50,55,44,12,3,7,7,5
1,0,0,0,5,17,59,57,51,14,9,10,5,7,8,5,9,3,7,8,11,6,5,0
0,0,0,3,4,11,53,52,52,21,8,10,4,4,0,7,10,10,13,7,8,11,6,0
0,0,0,4,5,9,52,54,57,14,12,13,10,1,5,4,9,17,12,7,8,11,9,10
0,0,0,3,11,15,53,55,34,11,4,2,9,10,5,9,9,10,8,12,6,0,8,5
6,2,1,5,11,15,43,52,11,0,7,10,6,0,0,0,3,12,14,10,7,0,5,7
4,6,0,8,10,14,54,50,9,12,9,0,0,0,3,0,0,11,10,0,9,11,5,0
4,0,9,7,7,11,41,23,11,6,8,0,1,4,3,0,0,8,11,11,10,0,6,4

5,0,3,1,1,7,2,0,2,5,0,0,2,12,6,4,3,6,1,2,4,1,6,0
10,0,0,5,2,0,0,0,0,8,13,45,19,26,13,3,12,0,0,7,10,3,0,0
9,0,3,8,10,5,4,5,11,30,66,68,104,96,54,53,29,13,13,26,26,0,12,0
0,0,0,9,8,8,11,21,39,86,108,109,108,108,82,62,52,10,7,7,7,0,1,0
0,0,0,0,7,0,8,11,42,71,94,89,101,72,72,72,62,19,0,10,0,0,5,0
0,0,0,4,2,5,2,12,55,60,64,70,74,65,59,51,45,13,2,0,0,0,0,0
0,0,0,3,7,1,0,12,14,21,53,18,60,58,50,51,27,6,0,0,0,0,0,0
0,0,0,0,0,0,0,13,8,54,57,66,63,63,67,63,47,9,0,0,0,0,1,0
0,0,0,0,0,9,27,50,63,69,72,84,84,76,78,85,77,69,36,16,0,0,0,0
0,0,0,0,11,52,58,61,69,82,99,114,105,118,115,100,100,97,66,61,14,14,9,5
0,0,0,11,53,59,71,93,114,125,131,124,135,149,143,146,126,113,90,70,58,43,13,5
0,0,0,53,57,59,67,123,188,193,167,144,140,169,177,191,173,112,89,71,56,58,37,0
0,5,56,68,53,54,82,117,168,177,167,171,178,170,159,157,144,90,67,31,50,52,34,11
2,12,69,72,14,9,75,107,117,134,155,160,159,168,157,139,116,101,77,13,13,65,62,8
2,32,70,54,10,11,13,92,83,84,127,141,145,151,152,131,106,69,8,11,8,30,18,6
9,54,60,7,0,0,6,54,78,81,91,102,128,139,124,104,78,71,0,0,0,5,12,12
23,57,58,38,12,9,0,50,63,71,88,95,107,83,80,67,62,55,11,6,5,14,35,56
15,34,37,29,6,5,26,48,65,92,119,115,84,117,112,100,60,34,12,12,13,14,23,29
9,35,17,4,10,0,51,77,79,124,135,136,116,107,113,129,112,73,28,14,8,14,24,23
0,22,5,9,7,0,11,98,115,113,128,139,144,145,138,136,134,107,77,42,13,8,13,13
12,17,29,10,6,8,10,71,78,94,124,136,151,148,144,149,134,111,43,12,14,10,12,11
0,6,11,4,0,6,43,97,133,137,156,170,181,195,177,185,146,112,82,43,29,23,14,13
0,10,14,10,0,10,56,112,137,160,190,210,202,207,200,193,166,134,79,64,38,12,12,8
5,9,8,4,5,14,103,126,147,170,197,211,221,239,225,199,171,134,104,89,46,29,12,9
10,11,9,2,8,25,105,124,143,158,188,208,213,236,210,192,156,120,89,46,27,23,13,17
14,12,9,11,12,44,105,121,138,151,168,177,149,146,163,143,125,105,101,57,34,33,39,12
12,10,10,14,11,33,100,104,116,139,133,124,108,91,107,107,102,100,55,34,21,12,14,13
8,13,14,9,11,33,89,77,103,101,103,101,54,43,45,83,100,45,14,10,1,11,14,13
3,8,0,7,2,10,83,100,88,70,62,49,47,46,47,75,82,51,22,17,8,11,14,13
6,0,3,0,0,14,58,71,89,83,67,50,42,42,45,49,52,36,19,10,6,5,10,0
7,1,5,9,11,10,51,60,58,62,54,48,34,46,51,79,86,55,14,11,7,3,9,6
0,0,2,9,9,4,53,57,65,76,83,48,36,53,81,152,240,106,35,31,20,0,7,0
7,0,0,0,4,2,52,57,65,54,14,19,23,50,54,70,113,90,37,26,13,11,11,9
6,0,0,0,0,7,30,53,55,30,0,14,13,13,38,54,48,67,69,51,13,11,11,12
0,0,0,0,0,13,18,50,26,11,6,2,3,10,14,31,67,77,82,50,14,14,8,9
0,0,0,0,0,10,50,50,34,0,0,0,0,6,12,42,60,64,77,47,11,10,15,0
0,0,0,0,5,11,63,62,51,12,5,7,9,5,4,10,50,55,44,12,3,7,7,5
1,0,0,0,5,17,59,57,51,14,9,10,5,7,8,5,9,3,7,8,11,6,5,0
0,0,0,3,4,11,53,52,52,21,8,10,5,4,0,7,10,10,13,7,8,11,6,0
0,0,0,4,5,9,52,54,57,14,12,13,10,1,5,4,9,18,12,7,8,11,9,10
0,0,0,3,11,15,53,54,34,11,4,2,9,10,5,9,9,10,8,12,6,0,8,5
6,2,1,5,11,15,43,52,11,0,7,11,6,0,0,0,3,12,14,10,7,0,5,7
4,6,0,8,10,14,54,50,9,12,9,0,0,0,3,0,0,11,10,0,9,11,5,0
4,0,9,7,7,11,40,22,11,6,8,0,1,4,3,0,0,8,11,11,10,0,6,4

5,0,3,1,1,7,3,0,2,5,0,0,2,12,7,4,3,6,1,2,4,1,6,0
10,0,0,5,2,0,0,0,0,8,13,45,19,29,13,3,12,0,0,7,10,3,0,0
9,0,3,8,10,5,4,5,11,30,66,68,104,96,54,53,29,13,13,27,26,0,12,0
0,0,0,9,8,8,11,21,39,87,108,109,108,108,82,62,51,11,7,7,7,0,1,0
0,0,0,0,7,0,8,11,42,71,94,89,101,72,72,72,62,19,0,10,0,0,6,0
0,0,0,4,2,5,2,12,55,60,64,71,74,66,59,51,45,13,2,0,0,0,0,0
0,0,0,3,7,1,0,12,14,22,53,17,60,58,50,51,26,6,0,0,0,0,0,0
0,0,0,0,0,0,0,13,9,54,57,66,63,63,67,63,46,9,0,0,0,0,1,0
0,0,0,0,0,10,27,50,63,69,72,84,84,76,78,85,77,69,36,17,0,0,0,0
0,0,0,0,11,53,58,62,69,82,98,114,105,118,115,100,100,97,66,61,14,14,9,5
0,0,0,12,53,59,71,94,114,125,130,124,135,149,144,147,126,113,90,70,58,44,13,5
0,0,0,53,57,59,67,123,188,192,168,144,141,169,178,191,173,112,89,71,56,58,37,0
0,5,55,67,53,54,82,117,167,177,167,171,178,170,159,156,144,90,67,31,50,52,34,11
2,12,70,72,14,9,75,107,117,134,155,161,160,168,158,139,116,101,78,13,13,65,62,9
2,31,71,54,10,11,13,92,83,84,127,141,146,151,153,131,106,69,8,11,8,30,18,5
10,54,60,7,0,0,6,54,78,81,91,102,128,139,124,104,77,70,0,0,0,5,12,12
23,56,58,38,12,9,0,50,63,71,88,95,108,83,80,67,62,55,11,6,5,14,35,57
15,34,37,29,6,5,26,48,65,92,119,115,84,117,112,100,60,34,12,12,13,14,23,29
9,36,19,4,10,0,51,77,79,124,135,136,116,107,113,129,112,73,28,14,8,14,23,23
0,21,6,9,7,0,11,98,115,113,129,139,144,145,138,136,134,107,76,42,13,8,13,14
12,17,29,10,6,8,10,71,78,94,124,136,152,148,145,149,134,111,43,12,14,10,12,11
0,6,11,5,0,6,43,97,133,137,156,170,181,195,177,184,146,112,81,43,29,23,14,13
0,10,14,10,0,10,56,112,137,160,191,210,202,207,200,193,166,134,78,64,38,12,12,8
5,9,8,4,5,13,103,126,147,170,197,211,221,239,224,199,171,134,104,89,46,29,12,9
10,11,9,2,8,23,105,125,144,158,188,208,213,237,210,192,156,120,88,47,27,22,13,18
14,12,9,11,12,44,105,121,138,150,168,177,150,146,164,143,125,105,101,55,34,33,39,12
12,10,10,14,12,33,100,104,116,139,133,124,108,91,108,107,102,100,55,35,20,12,14,13
8,13,14,9,11,32,89,77,103,101,103,101,53,41,44,81,100,45,14,10,1,11,14,13
4,8,0,7,2,10,84,100,88,70,62,49,48,47,47,75,84,51,22,17,8,11,14,13
6,0,3,0,0,14,58,71,89,84,66,51,42,42,45,49,52,36,20,10,6,5,10,0
7,1,5,10,11,10,51,60,58,62,54,48,34,47,51,79,86,55,14,11,7,3,9,6
0,0,2,9,9,4,53,57,65,76,83,46,34,54,80,152,241,106,35,31,20,0,7,0
7,0,0,0,5,2,52,57,65,54,14,18,22,50,54,70,113,90,37,26,13,11,11,9
7,0,0,0,0,7,29,53,56,31,0,14,13,13,39,54,48,67,70,51,13,11,11,12
0,0,0,0,0,13,18,49,28,11,6,2,3,10,15,31,67,77,82,50,14,14,8,9
0,0,0,0,0,10,50,50,35,0,0,0,0,6,12,42,61,64,77,47,11,11,15,0
0,0,0,0,5,12,63,62,51,12,5,7,9,5,4,10,50,55,45,12,3,7,7,5
1,0,0,0,5,17,59,57,51,14,9,10,5,7,8,5,9,3,7,8,11,6,5,0
0,0,0,3,4,11,53,52,51,22,8,10,4,4,0,7,10,10,13,7,8,11,6,0
0,0,0,4,5,9,52,54,57,14,12,13,10,1,5,4,9,18,12,7,8,11,9,10
0,1,0,4,12,15,53,55,34,11,4,2,10,11,5,9,9,10,8,12,6,0,8,5
6,2,1,5,11,15,43,52,11,0,7,11,6,0,0,0,3,12,14,10,7,0,5,7
4,6,0,8,10,14,54,50,9,12,9,0,0,0,3,0,0,11,10,0,9,11,5,0
4,0,9,7,7,11,39,22,11,6,8,0,1,4,3,0,0,8,11,11,10,0,6,4

5,0,3,1,1,7,3,0,2,5,0,0,2,12,7,4,3,6,1,2,4,1,6,0
10,0,0,5,2,0,0,0,0,8,13,45,20,26,13,3,12,0,0,7,10,3,0,0
9,0,3,8,10,5,4,5,11,31,66,68,104,95,54,53,28,13,13,27,26,0,12,0
0,0,0,9,8,8,11,22,39,87,108,109,108,108,82,62,52,11,7,7,7,0,1,0
0,0,0,0,7,0,8,11,42,71,94,89,101,72,72,71,61,18,0,10,0,0,6,0
0,0,0,4,2,5,2,12,56,60,64,71,74,66,60,52,45,13,2,0,0,0,0,0
0,0,0,3,7,1,0,12,14,21,53,18,60,58,50,51,26,6,0,0,0,0,0,0
0,0,0,0,0,0,0,13,8,54,57,66,63,63,67,63,46,9,0,0,0,0,1,0
0,0,0,0,0,10,28,50,63,69,72,84,84,76,78,85,77,69,35,17,0,0,0,0
0,0,0,0,11,53,58,62,69,82,98,114,105,117,115,100,100,97,66,61,14,14,9,5
0,0,0,12,53,59,71,93,113,125,130,124,135,149,143,146,126,113,90,70,58,43,13,5
0,0,1,53,57,59,67,123,187,192,167,144,141,169,178,191,173,112,89,71,56,58,37,0
0,5,56,68,52,54,82,117,167,177,167,171,178,171,160,156,144,90,67,31,50,52,34,11
2,12,69,71,14,9,75,107,117,134,155,161,159,168,157,139,116,101,77,13,13,65,62,8
3,31,69,54,10,11,13,92,83,84,127,141,145,151,152,131,106,69,8,11,8,30,19,6
9,54,60,7,0,0,6,55,78,81,91,103,128,139,124,104,77,71,0,0,0,5,12,12
23,56,58,39,12,9,0,50,63,71,88,95,108,83,80,67,62,55,11,6,5,14,36,57
15,34,37,29,6,5,26,48,65,92,119,115,84,117,112,100,60,34,12,12,13,14,23,29
9,36,20,4,10,0,51,77,79,124,135,136,117,107,113,129,112,73,29,14,8,14,24,23
0,21,6,9,7,0,11,99,115,113,129,139,144,145,139,136,134,107,77,42,13,8,13,14
12,17,29,10,6,8,10,72,78,94,124,136,151,148,145,149,134,111,43,12,14,10,12,11
0,6,11,5,0,6,43,97,133,137,156,170,181,195,177,185,146,112,81,43,29,23,14,13
0,10,14,10,0,10,56,112,137,161,191,210,202,207,200,193,166,134,78,64,38,12,12,8
5,9,8,4,6,14,103,126,147,171,197,211,221,239,224,200,171,134,104,89,46,29,12,9
10,11,9,2,8,24,105,124,144,158,188,208,214,237,210,192,156,120,89,47,27,22,13,17
14,12,10,11,12,44,105,121,138,150,168,177,150,146,163,143,125,105,101,55,34,32,39,12
12,10,10,14,11,32,100,104,116,139,133,124,108,91,107,107,102,100,55,37,21,12,14,13
8,13,14,9,11,33,88,77,103,101,103,101,54,44,46,81,100,47,14,10,1,11,14,13
4,8,0,7,2,11,83,100,88,70,62,50,48,46,48,76,83,52,23,17,8,11,14,13
6,0,3,0,0,14,58,71,89,83,67,51,42,42,45,49,52,36,19,10,6,5,10,0
7,1,5,10,11,10,51,60,58,62,54,48,35,47,52,79,86,55,14,11,7,3,9,6
0,0,2,9,9,4,53,57,65,76,84,46,35,53,81,153,241,106,35,31,20,0,7,0
7,0,0,0,5,3,52,57,65,54,14,19,23,50,54,70,113,90,37,26,13,11,11,9
6,0,0,0,0,7,29,53,56,30,0,14,13,13,36,54,48,67,69,51,13,11,11,12
0,0,0,0,0,13,18,50,26,11,6,2,3,10,15,31,67,77,82,51,14,14,8,9
0,0,0,0,0,10,50,50,35,0,0,0,0,6,12,42,60,64,77,48,11,10,15,0
0,0,0,0,5,11,63,62,51,12,5,7,9,6,4,10,50,55,44,12,3,8,7,5
1,0,0,0,5,16,59,57,51,14,9,10,5,7,8,5,9,3,7,8,11,6,5,0
0,0,0,3,4,11,53,52,51,22,8,10,4,4,0,7,10,10,13,7,8,11,6,0
0,0,0,4,5,9,52,54,57,14,12,13,10,1,5,4,9,18,12,7,8,11,9,10
0,1,0,4,11,15,53,55,34,11,4,2,9,10,5,9,9,10,8,12,6,0,8,5
6,2,1,5,11,15,43,52,11,0,7,10,6,0,0,0,3,12,14,10,7,0,5,7
4,6,0,8,10,14,54,50,9,12,9,0,0,0,3,0,0,11,10,0,9,11,5,0
4,0,10,7,7,11,39,22,11,6,8,0,1,4,3,0,0,8,11,11,10,0,6,4

5,0,3,1,1,7,3,0,2,5,0,0,2,12,6,4,3,6,1,2,4,1,6,0
10,0,0,5,2,0,0,0,0,8,13,45,20,26,13,3,12,0,0,7,10,3,0,0
9,0,3,8,10,5,4,5,11,31,66,68,104,98,55,53,29,13,13,27,26,0,12,0
0,0,0,9,8,8,11,22,40,88,108,109,108,108,83,62,52,11,7,7,7,0,1,0
0,0,0,0,7,0,8,11,42,71,94,90,101,72,72,72,62,19,0,10,0,0,6,0
0,0,0,4,2,5,2,12,55,60,64,71,74,66,60,51,45,13,2,0,0,0,0,0
0,0,0,3,7,1,0,12,14,21,53,18,60,58,50,51,27,6,0,0,0,0,0,0
0,0,0,0,0,0,0,13,8,54,57,66,63,63,67,63,47,9,0,0,0,0,1,0
0,0,0,0,0,10,26,50,63,69,72,84,84,77,78,85,76,69,35,16,0,0,0,0
0,0,0,0,11,53,58,61,69,82,99,114,105,118,115,100,100,97,66,61,14,14,9,5
0,0,0,12,52,59,71,93,113,125,130,124,135,149,143,145,125,112,90,70,58,44,13,5
0,0,0,53,57,59,67,123,187,192,167,143,140,168,177,190,172,112,89,71,56,58,37,0
0,5,56,67,53,54,82,117,168,178,167,170,177,170,159,156,144,90,67,31,50,52,34,11
2,12,68,71,14,9,76,108,117,134,155,160,159,168,157,139,117,101,79,13,13,66,63,9
3,32,71,54,10,11,13,93,84,84,127,141,146,151,153,131,107,70,8,11,8,30,20,6
9,54,60,7,0,0,6,55,78,81,91,103,128,139,124,104,78,71,0,0,0,5,12,12
23,57,58,39,12,9,0,51,63,71,88,95,108,83,80,67,62,56,11,6,5,14,36,57
15,34,37,29,6,5,26,48,66,92,119,115,84,116,111,99,60,34,12,12,13,14,23,29
9,35,19,4,10,0,52,77,79,124,135,136,116,107,113,129,112,73,28,14,8,14,24,23
0,20,5,9,7,0,11,98,115,113,128,139,144,145,138,136,134,107,77,41,13,8,13,14
12,17,29,10,6,8,10,72,78,94,124,136,152,148,145,149,134,111,43,12,14,10,12,11
0,6,11,5,0,6,43,97,133,137,156,170,181,195,177,185,146,112,82,43,29,23,14,13
0,10,14,10,0,11,56,112,137,161,191,210,203,207,200,193,166,134,78,64,38,12,12,8
5,9,8,4,6,14,103,126,147,171,197,211,221,239,225,199,171,134,104,88,45,27,12,9
10,11,9,2,8,24,105,125,144,158,188,208,213,237,210,192,156,120,88,47,27,22,13,17
14,12,9,11,12,42,105,121,138,150,168,177,149,146,163,143,125,105,101,55,34,32,39,12
12,10,10,14,11,33,100,104,116,139,133,124,108,91,108,107,102,100,55,35,20,12,14,13
8,13,14,9,11,33,88,77,103,101,103,101,54,43,45,81,100,44,14,10,0,11,14,13
4,8,0,7,2,10,83,100,88,70,62,49,49,47,50,75,84,51,22,17,8,11,14,13
6,0,3,0,0,14,58,71,89,83,66,51,42,42,45,48,52,36,20,10,6,5,10,0
7,1,5,10,11,10,51,60,58,62,54,48,34,47,52,79,86,55,14,11,7,3,9,6
0,0,2,9,9,4,53,57,65,76,84,46,35,53,81,153,240,106,35,31,20,0,7,0
7,0,0,0,5,3,52,57,65,54,14,19,22,50,54,70,113,90,37,26,13,11,11,9
6,0,0,0,0,7,30,53,56,31,0,14,13,13,36,54,48,67,69,51,13,11,11,12
0,0,0,0,0,13,18,50,28,11,7,2,3,10,14,31,67,77,82,50,14,14,8,9
0,0,0,0,0,10,50,50,35,0,0,0,0,6,12,42,60,64,77,47,11,10,15,0
0,0,0,0,5,12,63,62,51,12,5,7,9,6,5,10,50,55,45,12,3,8,7,5
1,0,0,0,5,16,59,57,51,14,9,10,5,7,8,6,9,3,7,8,12,6,5,0
0,0,0,3,4,11,53,52,51,22,8,10,4,4,0,7,10,10,13,7,8,11,6,0
0,0,0,4,5,9,52,54,57,14,12,13,10,1,5,4,9,18,12,7,8,11,9,10
0,1,0,4,11,16,53,55,34,11,4,2,9,10,5,9,9,10,8,12,6,0,8,5
6,2,1,5,11,15,42,52,11,0,7,10,6,0,0,0,2,12,14,10,7,0,5,7
4,6,0,8,11,14,54,50,9,12,9,0,0,0,3,0,0,11,10,0,9,11,5,0
4,0,9,7,7,11,40,21,11,6,8,0,1,4,3,0,0,8,11,11,10,0,6,4
0,5,1,3,2,1,5,3,3,6,11,2,0,0,5,2,0,2,7,1,0,2,0,4
0,0,3,10,7,0,0,12,1,12,22,15,43,12,8,0,0,0,0,2,5,0,0,9
0,12,0,25,25,13,12,28,53,54,95,104,67,66,25,11,4,3,5,10,8,2,0,8
0,0,0,6,7,7,10,51,61,81,107,107,109,108,85,38,20,11,7,8,9,0,0,0
0,5,0,0,9,0,14,61,71,72,72,101,89,93,71,39,10,8,0,6,0,0,0,0
0,0,0,0,0,1,13,44,51,58,65,73,70,64,59,55,12,1,4,2,3,0,0,0
0,0,0,0,0,0,6,27,51,50,58,60,16,53,23,14,12,0,1,6,2,0,0,0
0,1,0,0,0,0,9,45,63,68,64,63,67,58,54,8,13,0,0,0,0,0,0,0
0,0,0,0,15,35,69,77,85,79,77,84,84,72,70,63,50,25,9,0,0,0,0,0
5,9,14,14,60,66,97,100,100,116,118,106,115,99,82,68,61,58,52,11,0,0,0,0
5,13,43,58,70,90,113,126,147,143,149,135,125,132,126,113,93,71,59,52,11,0,0,0
0,36,58,56,71,89,112,175,193,178,169,140,144,168,194,188,123,67,59,57,53,0,0,0
11,33,52,50,31,67,90,144,157,159,169,177,171,166,178,169,117,81,54,52,66,55,5,0
8,62,66,13,13,79,101,117,139,157,167,158,160,154,133,117,108,75,9,14,71,69,12,2
5,19,30,8,10,8,70,107,131,152,150,145,140,126,84,83,92,13,11,10,54,71,29,2
12,12,5,0,0,0,71,78,104,123,138,127,101,90,81,78,53,5,0,0,7,60,54,9
56,35,14,5,6,11,55,62,67,80,82,106,93,87,70,63,47,0,9,11,37,58,57,23
29,23,14,13,12,12,34,60,99,110,113,81,113,118,91,65,48,25,4,6,28,37,34,15
23,24,14,7,14,28,73,111,128,111,104,113,135,135,123,78,77,50,0,10,4,19,35,9
13,13,8,13,41,76,107,134,135,137,144,142,138,128,112,114,97,11,0,7,8,5,20,0
11,12,10,14,12,43,111,133,148,144,147,150,135,124,93,77,71,10,8,5,9,29,16,11
13,14,23,28,42,81,111,145,183,175,195,179,169,155,136,133,97,42,6,0,4,11,5,0
8,12,11,38,65,79,134,165,192,199,206,201,209,190,160,137,112,56,10,0,10,13,10,0
9,12,29,47,90,104,134,170,198,223,237,220,210,196,170,147,126,103,13,5,3,7,8,4
18,14,23,27,46,88,119,155,191,208,234,212,207,187,158,143,124,105,21,8,1,9,11,9
12,39,33,35,57,101,105,124,143,163,146,149,176,167,150,138,121,105,42,12,11,9,11,14
13,14,12,22,34,56,100,102,107,108,91,107,124,132,138,116,104,100,31,11,14,10,10,12
13,14,11,1,10,13,45,96,79,41,45,54,101,103,101,103,77,88,31,11,8,13,12,8
13,14,11,8,16,21,48,80,73,47,46,48,49,62,70,88,100,83,10,1,6,0,8,3
0,10,5,5,9,17,36,52,49,45,42,42,50,66,84,89,71,58,13,0,0,2,0,6
6,9,3,7,11,13,54,87,79,51,46,34,48,54,62,58,60,51,10,11,9,4,1,7
0,7,0,19,30,36,107,239,149,81,53,30,45,83,76,65,57,53,3,8,9,1,0,0
9,11,10,13,25,38,93,113,69,54,50,22,15,13,54,65,57,52,2,4,0,0,0,7
12,11,10,13,51,71,67,48,53,33,12,12,14,0,32,56,53,27,6,0,0,0,0,6
9,8,14,13,51,83,78,66,29,14,10,2,2,6,11,26,48,15,13,0,0,0,0,0
0,14,10,11,46,77,64,60,37,11,5,0,0,0,0,34,50,50,9,0,0,0,0,0
5,7,7,3,12,44,55,50,10,3,5,8,6,5,12,51,61,62,11,4,0,0,0,0
0,5,6,11,8,6,1,8,4,7,7,5,10,9,14,51,57,58,15,5,0,0,0,1
0,6,11,7,7,12,9,10,7,0,3,4,10,8,22,52,52,53,11,4,3,0,0,0
10,9,11,8,7,12,17,10,4,5,1,10,13,12,14,57,54,52,8,5,4,0,0,0
5,8,0,6,12,8,10,10,9,6,11,9,2,4,11,34,55,53,14,11,3,0,0,0
7,5,0,7,10,14,12,3,0,0,0,6,11,7,0,11,52,42,14,11,5,1,2,6
0,5,11,9,0,10,11,0,0,5,0,0,0,9,12,9,50,54,13,10,8,0,6,4
4,6,0,10,11,11,8,0,0,4,5,1,0,8,6,11,23,38,11,7,7,9,0,4

0,5,1,3,2,1,5,3,4,6,12,2,0,0,4,2,0,2,7,1,0,2,0,4
0,0,3,10,7,0,0,12,1,12,24,15,43,12,8,0,0,0,0,2,5,0,0,10
0,12,0,26,25,13,12,28,53,54,95,103,67,66,25,11,5,3,5,10,8,2,0,8
0,0,0,6,7,7,10,51,61,81,107,107,109,108,85,38,21,11,7,8,9,0,0,0
0,5,0,0,9,0,15,61,71,72,72,101,89,93,71,38,10,8,0,6,0,0,0,0
0,0,0,0,0,1,13,44,51,59,65,73,70,63,59,55,12,1,5,2,4,0,0,0
0,0,0,0,0,0,6,26,51,50,58,60,16,53,23,14,12,0,1,6,2,0,0,0
0,1,0,0,0,0,9,46,63,67,64,63,67,58,54,8,13,0,0,0,0,0,0,0
0,0,0,0,15,36,69,77,85,78,77,84,84,72,70,63,50,26,9,0,0,0,0,0
5,9,14,14,60,66,97,100,100,116,118,106,115,99,82,69,61,58,53,11,0,0,0,0
5,13,43,58,70,90,113,126,147,143,149,135,125,131,125,113,93,71,59,52,11,0,0,0
0,36,57,56,71,89,112,175,193,177,168,140,144,168,194,188,123,67,59,56,53,0,0,0
11,33,52,50,31,67,90,144,157,159,170,177,171,166,178,169,117,82,54,53,66,54,5,0
8,62,66,13,13,79,101,117,139,157,167,158,160,154,133,117,108,75,9,14,72,68,12,2
5,19,30,8,11,8,70,107,131,152,150,145,140,126,84,83,93,13,11,10,54,69,29,2
12,12,5,0,0,0,71,78,104,123,138,127,101,90,81,78,53,5,0,0,7,60,54,9
56,36,14,5,6,11,55,62,67,80,82,106,94,87,70,63,48,0,9,11,38,58,56,22
29,23,14,13,12,12,34,60,99,110,113,81,113,118,91,65,48,25,4,6,28,37,34,15
23,24,14,7,14,28,73,111,128,111,104,113,135,135,123,78,76,50,0,10,4,17,35,9
13,13,8,13,41,75,107,134,135,137,144,142,138,128,113,115,97,11,0,7,9,6,21,0
11,12,10,14,12,43,111,133,148,144,147,149,135,124,93,77,71,10,8,5,9,29,16,11
13,14,22,29,43,81,111,145,183,176,195,180,169,155,136,133,97,43,6,0,4,11,5,0
8,12,11,38,65,79,134,165,192,199,206,201,209,190,160,137,112,56,10,0,10,13,9,0
9,12,29,47,89,104,134,170,199,223,238,221,210,196,170,147,126,103,13,5,3,7,8,4
18,13,22,27,46,87,119,155,191,209,235,213,207,187,158,143,124,105,23,8,1,9,11,9
12,39,33,35,58,101,105,124,143,163,146,149,177,168,150,138,121,105,44,12,11,9,11,14
13,14,12,21,34,56,100,102,107,108,91,108,124,132,138,116,104,100,32,11,14,10,10,12
13,14,11,1,10,14,44,95,80,43,43,54,101,103,101,103,77,88,33,11,9,14,13,8
13,14,11,8,16,21,49,80,74,47,47,48,48,62,70,88,100,83,10,1,6,0,8,3
0,10,5,5,9,17,36,52,49,45,42,42,51,66,84,89,71,58,13,0,0,2,0,6
6,9,2,7,11,14,54,87,79,51,46,34,48,54,62,58,60,51,10,11,9,4,1,7
0,7,0,19,30,35,107,239,150,81,53,30,45,84,76,65,57,53,3,8,9,1,0,0
9,11,11,13,25,38,92,113,70,54,50,22,17,14,54,65,57,52,2,4,0,0,0,7
12,11,10,13,51,70,67,48,53,32,12,12,14,0,32,56,53,27,6,0,0,0,0,6
9,8,14,13,51,83,77,67,30,14,10,2,2,6,11,27,48,16,13,0,0,0,0,0
0,15,10,11,44,77,64,59,38,11,5,0,0,0,0,33,50,50,9,0,0,0,0,0
5,7,7,3,12,43,55,50,10,3,5,8,7,5,12,51,62,62,11,4,0,0,0,0
0,5,6,11,8,6,2,8,4,7,7,5,10,9,14,51,57,58,15,5,0,0,0,1
0,6,11,8,7,12,9,10,7,0,3,4,10,8,21,51,52,53,11,4,3,0,0,0
10,9,11,8,7,12,17,9,4,5,1,10,13,12,14,57,54,52,8,5,4,0,0,0
5,8,0,6,12,8,10,10,9,5,11,9,2,4,11,34,54,53,14,11,3,0,0,0
7,5,0,7,10,14,12,3,0,0,0,6,11,7,0,11,52,42,14,11,5,1,2,6
0,5,11,9,0,10,11,0,0,4,0,0,0,9,12,9,50,54,13,10,8,0,6,4
4,6,0,10,11,11,8,0,0,4,5,1,0,8,6,11,23,38,11,7,7,9,0,4

0,5,1,3,2,1,5,3,4,6,12,2,0,0,5,2,0,2,7,1,1,2,0,5
0,0,3,10,7,0,0,12,2,12,22,20,44,13,8,0,0,0,0,2,5,0,0,9
0,12,0,25,25,13,12,28,53,54,95,104,67,66,25,11,5,4,5,10,8,2,0,8
0,0,0,6,7,7,10,51,61,81,107,107,109,108,85,38,20,10,8,8,9,0,0,0
0,5,0,0,9,0,15,61,71,72,71,101,89,93,71,39,10,8,0,7,0,0,0,0
0,0,0,0,0,1,13,44,51,59,65,74,70,64,59,55,12,1,5,2,4,0,0,0
0,0,0,0,0,0,6,26,51,50,58,60,15,53,22,14,12,0,1,6,2,0,0,0
0,1,0,0,0,0,9,47,63,67,64,63,66,58,54,8,13,0,0,0,0,0,0,0
0,0,0,0,15,35,69,77,85,79,77,84,84,72,70,63,50,26,9,0,0,0,0,0
5,9,14,14,60,66,97,100,100,116,118,106,115,99,82,69,62,58,52,11,0,0,0,0
5,13,43,58,70,90,113,126,148,144,149,135,125,131,126,113,93,71,59,52,11,0,0,0
0,37,57,56,71,89,112,175,193,177,169,141,144,168,194,189,123,67,59,56,54,0,0,0
11,33,52,50,31,67,90,144,157,159,170,177,171,166,177,169,117,82,54,52,66,55,5,0
8,62,65,13,13,79,101,117,139,157,167,159,160,154,133,117,107,75,9,14,72,69,12,1
5,19,29,8,10,8,69,107,131,152,150,145,140,126,84,83,92,13,11,10,54,71,31,2
12,12,5,0,0,0,71,77,104,124,138,127,101,90,81,78,53,5,0,0,7,60,54,9
56,35,14,5,6,11,55,62,67,80,82,106,94,87,71,63,48,0,9,11,38,58,57,23
29,23,14,13,12,12,34,60,99,111,115,82,114,119,91,65,48,25,4,6,29,37,34,15
23,24,14,7,14,27,73,111,129,111,105,114,135,135,123,78,76,50,0,10,4,17,35,9
13,13,8,13,41,76,107,134,135,137,144,142,138,128,113,115,98,11,0,7,9,5,20,0
11,12,10,14,12,43,111,134,148,144,147,150,135,124,93,77,71,10,8,5,10,28,17,11
13,14,22,28,43,81,111,146,183,176,195,180,169,155,136,133,97,42,6,0,4,11,5,0
8,12,11,38,64,79,134,166,193,200,206,202,210,190,160,137,112,56,10,0,10,13,10,0
9,12,29,45,89,104,134,170,199,223,238,221,210,196,170,147,126,103,14,5,3,7,9,4
18,14,23,27,46,87,119,156,191,209,236,213,207,188,158,143,124,105,21,8,2,9,11,10
12,39,33,35,55,101,105,124,143,163,146,149,177,168,150,138,121,105,44,12,11,9,11,13
13,14,12,22,37,56,100,102,107,108,91,108,124,132,138,116,104,100,33,11,14,10,10,12
13,14,11,1,10,14,47,97,80,41,44,54,101,103,101,103,78,88,33,11,8,13,12,8
13,14,11,8,16,21,49,81,73,47,47,46,49,62,70,88,100,83,10,1,6,0,8,3
0,10,5,5,9,18,36,52,49,45,42,42,51,66,83,90,71,58,13,0,0,2,0,6
6,9,3,7,11,14,54,86,79,52,46,34,48,54,62,58,60,51,10,11,9,4,1,7
0,7,0,19,30,35,106,239,151,81,53,32,45,83,76,65,57,53,3,8,9,2,0,0
9,11,10,13,25,37,91,113,70,54,50,22,16,13,54,65,57,52,2,4,0,0,0,7
12,11,11,13,51,70,67,48,54,34,12,12,14,0,31,56,53,27,6,0,0,0,0,6
9,8,14,13,51,83,77,67,30,14,10,2,2,6,11,26,48,16,13,0,0,0,0,0
0,15,10,11,44,77,64,60,39,11,5,0,0,0,0,35,50,50,9,0,0,0,0,0
5,7,7,3,12,43,55,50,10,3,5,8,7,5,12,51,61,62,11,5,0,0,0,0
0,5,6,11,8,6,2,8,5,8,7,5,10,9,14,51,57,59,15,5,0,0,0,1
0,6,11,8,7,12,9,10,7,0,3,4,10,8,21,52,52,53,11,4,3,0,0,0
10,9,11,8,7,12,18,10,4,5,1,10,13,12,14,57,54,52,8,5,4,0,0,0
5,8,0,6,12,8,10,10,9,5,11,9,2,4,11,34,54,53,14,11,3,0,0,0
7,5,0,7,10,14,12,3,0,0,0,6,11,7,0,11,52,42,14,11,5,1,2,6
0,5,11,9,0,10,11,0,0,4,0,0,0,9,12,9,50,54,13,10,8,0,6,4
4,6,0,10,11,11,8,0,0,4,4,1,0,8,6,11,22,38,11,7,7,9,0,4

0,5,1,3,2,1,5,3,4,6,12,2,0,0,5,2,0,2,7,1,0,2,0,5
0,0,3,10,7,0,0,12,2,13,23,19,43,13,8,0,0,0,0,2,5,0,0,9
0,12,0,26,27,13,12,28,53,54,95,104,68,66,27,11,5,4,5,10,8,2,0,9
0,0,0,6,7,7,10,51,61,81,107,107,109,108,86,38,21,11,7,8,9,0,0,0
0,5,0,0,9,0,15,61,71,72,72,101,89,94,71,39,10,8,0,7,0,0,0,0
0,0,0,0,0,1,13,44,51,59,65,74,70,64,59,55,12,1,5,2,4,0,0,0
0,0,0,0,0,0,6,27,51,50,58,60,16,53,22,14,12,0,1,7,2,0,0,0
0,1,0,0,0,0,9,46,63,68,63,63,66,57,54,8,13,0,0,0,0,0,0,0
0,0,0,0,15,35,69,77,85,78,77,84,84,72,70,63,50,27,9,0,0,0,0,0
5,9,14,14,61,66,97,100,100,116,118,106,114,99,82,69,62,58,53,11,0,0,0,0
5,13,43,58,70,90,113,126,147,144,149,135,125,131,125,113,94,71,59,53,11,0,0,0
0,36,57,56,71,89,112,174,193,177,169,140,144,168,193,188,123,67,58,57,53,0,0,0
11,33,52,50,31,67,90,144,156,159,170,177,171,166,177,168,117,82,54,52,67,54,5,0
8,62,66,13,13,78,101,116,139,157,167,159,160,154,133,117,107,75,9,14,72,68,12,2
5,19,30,8,10,8,68,106,131,152,150,145,140,126,83,83,91,13,11,10,54,70,31,2
12,12,5,0,0,0,71,78,104,124,138,127,101,90,81,77,53,5,0,0,7,60,54,9
56,36,14,5,6,11,55,62,67,80,82,106,94,87,71,63,48,0,9,11,38,58,56,23
29,23,14,13,12,12,34,60,100,111,115,82,114,119,91,65,48,25,4,6,29,37,34,14
23,24,14,8,14,28,73,112,129,112,105,114,135,135,123,79,77,50,0,10,4,16,35,9
13,13,8,13,41,76,107,134,135,138,144,143,138,128,113,115,98,11,0,7,9,5,20,0
11,12,10,14,12,43,111,134,148,144,147,150,135,124,94,77,71,10,8,6,10,29,16,12
13,14,22,29,42,81,112,146,184,177,195,180,169,155,136,133,97,42,6,0,4,11,6,0
8,12,12,38,65,79,134,166,193,200,207,202,210,190,161,137,112,56,10,0,10,13,10,0
9,12,29,47,88,104,134,171,199,224,238,221,210,197,170,147,126,103,14,5,3,7,9,4
18,14,23,27,46,88,119,155,192,210,236,213,207,188,158,143,124,105,24,8,1,9,11,10
12,39,34,35,55,101,105,125,143,164,146,149,177,168,150,138,121,105,44,12,11,9,11,13
13,14,12,22,35,55,100,102,107,108,91,108,124,133,138,116,104,100,32,11,14,10,10,12
13,14,11,0,10,14,47,96,80,45,43,53,101,103,101,103,77,87,31,11,8,13,12,8
13,14,11,8,16,22,51,81,74,50,48,48,49,62,70,88,100,83,10,1,6,0,8,4
0,10,5,5,9,18,35,52,49,45,42,42,51,66,83,89,71,58,13,0,0,3,0,6
6,9,3,7,11,14,55,86,79,52,46,34,48,54,62,58,60,51,10,11,9,4,1,7
0,7,0,19,30,35,106,239,151,80,53,32,45,83,76,65,57,53,3,8,9,2,0,0
9,11,11,13,25,37,91,113,70,54,50,22,16,14,54,65,57,52,2,4,0,0,0,7
12,11,10,13,51,70,67,48,54,35,12,12,14,0,32,56,53,27,6,0,0,0,0,6
9,8,14,13,50,82,77,67,30,14,10,2,2,6,11,28,49,16,13,0,0,0,0,0
0,14,10,11,44,77,64,60,39,11,5,0,0,0,0,33,50,50,9,0,0,0,0,0
5,7,7,3,12,44,55,50,10,4,5,8,7,5,12,51,62,62,11,5,0,0,0,0
0,5,6,11,8,6,2,8,5,7,7,5,10,9,14,51,57,58,15,5,0,0,0,1
0,6,11,8,7,12,9,10,7,0,3,4,10,8,21,52,52,53,11,4,3,0,0,0
10,9,11,8,7,12,18,10,4,5,1,10,13,12,14,57,54,52,8,5,4,0,0,0
5,8,0,6,12,8,10,9,9,5,11,9,2,4,11,34,55,53,15,11,3,0,0,0
7,5,0,7,10,14,12,3,0,0,0,6,10,7,0,11,52,43,14,11,5,1,2,6
0,5,11,9,0,10,11,0,0,4,0,0,0,9,12,9,50,54,13,10,8,0,6,4
4,6,0,10,11,11,8,0,0,4,4,1,0,8,6,11,22,38,11,7,7,9,0,4

0,5,1,4,2,1,5,3,4,6,12,2,0,0,5,2,0,2,7,1,1,2,0,5
0,0,3,10,7,0,0,12,2,12,24,19,44,13,8,0,0,0,0,2,5,0,0,9
0,12,0,26,26,13,13,29,53,54,96,104,68,66,27,11,5,4,5,10,8,3,0,9
0,0,0,6,7,7,10,51,62,81,107,107,109,108,86,38,20,11,8,8,9,0,0,0
0,5,0,0,9,0,19,61,71,72,72,101,89,94,71,40,11,8,0,7,0,0,0,0
0,0,0,0,0,1,13,45,51,59,65,74,70,64,59,55,12,1,5,2,4,0,0,0
0,0,0,0,0,0,6,27,51,50,58,60,16,53,21,14,12,0,1,7,2,0,0,0
0,1,0,0,0,0,9,45,63,67,63,63,66,57,54,8,13,0,0,0,0,0,0,0
0,0,0,0,15,36,69,77,85,79,77,84,84,72,70,63,50,27,10,0,0,0,0,0
5,9,14,14,60,66,97,100,100,115,118,105,114,98,82,69,62,58,53,11,0,0,0,0
5,13,43,58,70,90,113,126,147,144,149,135,124,131,125,113,93,71,59,53,11,0,0,0
0,36,57,56,71,89,112,174,193,177,169,141,144,167,192,187,123,67,59,56,53,0,0,0
11,33,52,50,31,67,89,143,156,159,170,177,170,167,176,167,117,82,54,52,67,55,5,0
8,62,65,13,13,77,101,116,138,157,167,158,160,154,133,117,107,75,9,14,72,68,12,2
5,18,30,8,10,8,69,106,131,152,150,145,140,126,84,83,91,13,11,10,54,70,32,2
12,12,5,0,0,0,70,77,104,123,138,127,101,90,81,78,53,5,0,0,7,60,54,9
56,35,14,5,6,11,55,62,67,80,83,107,94,87,71,63,48,0,9,11,38,58,56,23
29,23,14,13,12,12,34,60,100,111,115,83,114,119,91,65,48,25,4,6,28,37,34,14
23,24,14,8,14,28,73,112,129,112,106,115,136,135,124,79,77,51,0,10,4,17,36,9
13,13,8,13,41,76,107,134,136,138,145,143,138,128,113,115,97,11,0,7,8,5,20,0
11,12,10,14,12,43,111,134,148,144,147,150,136,124,94,77,71,10,8,6,10,29,16,11
13,14,22,29,43,81,112,146,184,176,195,180,169,156,137,133,97,42,6,0,4,11,5,0
8,12,11,38,65,79,134,166,193,199,207,202,210,190,161,137,112,56,10,0,10,13,10,0
9,12,29,46,88,104,134,170,199,224,238,221,210,197,171,147,126,103,13,5,3,7,8,4
18,14,23,27,46,89,119,155,192,210,236,213,207,188,158,143,124,105,24,8,1,9,11,10
12,39,33,35,55,101,105,125,143,164,146,150,177,168,150,138,121,105,42,12,11,9,11,13
13,14,12,21,35,56,100,102,107,108,91,108,124,132,139,116,104,100,31,11,14,10,10,12
13,14,11,0,10,14,47,97,81,45,44,54,101,103,101,103,77,87,32,11,9,13,12,8
13,14,11,8,17,22,50,81,73,46,47,47,49,62,70,88,100,83,10,1,6,0,8,3
0,10,5,6,9,18,36,52,49,45,42,42,51,66,83,89,71,58,13,0,0,2,0,6
6,9,3,7,11,14,55,86,80,52,46,34,48,54,62,58,60,51,10,11,9,4,1,7
0,7,0,19,30,35,106,238,151,81,53,33,45,83,76,65,57,53,3,8,9,2,0,0
9,11,11,13,25,37,91,113,70,54,50,21,17,14,54,65,57,52,2,4,0,0,0,7
12,11,11,13,51,70,67,48,54,35,12,12,14,0,32,56,53,28,6,0,0,0,0,6
9,8,14,14,50,82,77,67,31,14,10,2,2,6,11,28,49,15,13,0,0,0,0,0
0,15,10,11,44,77,64,60,40,11,5,0,0,0,0,34,50,49,9,0,0,0,0,0
5,7,7,3,12,44,55,51,10,3,5,8,7,5,12,51,62,62,11,5,0,0,0,0
0,5,6,11,8,6,2,8,5,8,7,5,10,9,14,51,57,58,16,5,0,0,0,1
0,6,11,8,7,12,9,10,7,0,3,4,10,8,22,52,52,53,11,4,3,0,0,0
10,9,11,8,7,12,17,9,4,5,1,10,13,12,14,57,54,52,8,5,4,0,0,0
5,8,0,6,12,8,10,9,9,5,10,9,2,4,11,34,54,53,14,11,3,0,0,0
7,5,0,7,10,14,12,3,0,0,0,6,10,7,0,11,52,43,14,11,5,1,2,6
0,5,11,9,0,10,11,0,0,4,0,0,0,9,12,9,50,54,13,10,8,0,6,4
4,6,0,10,11,11,8,0,0,3,4,1,0,8,6,11,24,38,11,7,7,9,0,4

0,5,1,4,2,1,5,3,4,6,12,2,0,0,5,2,0,2,7,1,1,2,0,5
0,0,3,10,7,0,0,12,2,13,26,17,43,13,8,0,0,0,0,2,5,0,0,10
0,12,0,26,26,13,13,29,53,54,96,104,68,66,27,11,5,4,5,10,8,3,0,9
0,0,0,7,7,7,10,51,62,82,107,108,109,108,86,38,20,10,8,8,9,0,0,0
0,5,0,0,9,0,15,61,71,72,72,101,89,94,71,39,10,8,0,7,0,0,0,0
0,0,0,0,0,1,13,45,51,59,65,73,70,64,59,55,12,1,5,2,4,0,0,0
0,0,0,0,0,0,6,29,51,50,58,60,17,53,23,14,12,0,1,7,2,0,0,0
0,1,0,0,0,0,9,45,63,68,63,63,66,57,54,8,13,0,0,0,0,0,0,0
0,0,0,0,15,35,69,77,85,79,77,84,84,72,69,63,50,26,9,0,0,0,0,0
5,9,14,14,60,66,97,100,100,116,118,106,114,99,82,69,61,58,53,11,0,0,0,0
5,13,43,58,70,90,113,126,147,143,149,135,124,131,125,113,93,71,59,52,11,0,0,0
0,37,58,56,71,88,112,174,193,177,168,140,144,168,193,187,123,67,59,57,53,0,0,0
11,33,52,50,30,67,90,143,156,159,169,177,170,167,177,168,117,82,54,52,66,55,5,0
8,62,65,13,13,77,101,116,139,157,167,159,160,154,133,117,107,75,9,14,72,69,12,2
5,19,30,8,10,8,68,106,131,152,150,145,140,126,84,83,91,13,11,10,54,71,31,2
12,12,5,0,0,0,70,77,104,123,139,127,101,90,81,78,53,5,0,0,7,60,54,9
57,36,14,5,6,11,55,61,67,80,82,107,94,87,71,63,48,0,9,11,37,58,57,22
29,23,14,13,12,12,34,60,99,111,116,83,115,119,92,65,48,25,4,6,29,37,34,15
23,24,14,8,14,28,73,112,129,112,106,115,136,135,124,79,77,51,0,10,4,19,35,9
13,13,8,13,41,76,107,134,136,138,145,143,139,128,113,115,98,11,0,7,8,5,20,0
11,12,11,14,12,43,111,134,149,144,148,151,136,124,94,77,71,10,8,6,10,29,17,11
13,14,22,29,43,81,112,146,184,176,195,180,169,156,137,133,97,43,6,0,4,11,6,0
8,12,12,38,64,79,134,166,193,200,206,202,210,190,161,137,112,56,10,0,10,13,10,0
9,12,27,46,89,104,134,171,199,224,238,221,210,197,170,147,126,103,13,5,3,7,9,4
18,13,23,27,47,89,120,156,192,210,236,213,207,188,158,143,124,105,24,8,2,9,11,10
12,39,33,35,57,101,105,125,143,163,146,149,177,168,150,138,121,105,42,12,11,9,11,14
13,14,12,22,35,56,100,102,107,108,92,108,124,132,138,116,104,100,33,11,14,10,10,12
13,14,11,1,10,14,45,97,80,44,43,54,101,103,101,103,77,89,31,11,9,14,13,8
13,14,11,8,17,22,50,83,74,48,48,48,49,62,70,88,100,83,10,1,6,0,8,3
0,10,5,6,10,18,36,52,49,45,42,42,50,67,83,89,71,58,13,0,0,3,0,6
6,9,3,7,11,14,54,86,79,52,47,35,48,54,62,58,60,51,10,11,9,5,1,7
0,7,0,19,31,35,106,239,152,80,53,31,45,83,76,65,57,53,3,8,9,2,0,0
9,11,11,13,25,37,90,113,70,54,50,21,17,14,54,65,57,52,2,4,0,0,0,7
12,11,11,13,51,70,67,48,54,36,12,12,14,0,32,56,53,28,6,0,0,0,0,6
9,8,14,14,50,82,77,67,31,14,10,2,2,6,11,28,49,15,13,0,0,0,0,0
0,14,10,11,45,77,64,60,41,12,6,0,0,0,0,35,50,50,10,0,0,0,0,0
5,7,7,3,12,44,55,50,10,4,5,8,7,5,12,51,62,62,11,5,0,0,0,0
0,5,6,11,8,6,2,8,5,8,7,5,10,9,14,51,57,59,15,5,0,0,0,1
0,6,11,8,7,12,9,10,7,0,3,4,10,8,21,52,52,53,11,4,3,0,0,0
10,9,11,8,7,12,18,10,4,5,1,10,13,12,14,57,54,52,9,5,4,0,0,0
5,8,0,6,12,8,10,9,9,5,10,10,2,4,11,34,54,53,14,11,3,0,0,0
7,5,0,7,10,14,12,3,0,0,0,6,11,7,0,11,52,43,14,11,5,1,2,6
0,5,11,9,0,10,11,0,0,4,0,0,0,9,12,9,50,54,13,10,8,0,6,4
4,6,0,10,11,11,8,0,0,3,4,1,0,8,6,11,22,38,11,7,7,10,0,4

0,5,1,4,2,1,5,3,4,6,12,2,0,0,5,2,0,2,7,1,1,2,0,5
0,0,3,10,7,0,0,12,2,13,23,16,44,13,8,0,0,0,0,2,5,0,0,10
0,12,0,26,27,13,13,28,53,54,96,104,68,66,30,11,5,4,5,10,8,3,0,9
0,0,0,7,7,7,10,51,62,82,107,108,109,108,86,38,20,11,7,8,9,0,0,0
0,5,0,0,9,0,17,61,71,72,72,101,89,94,71,40,10,8,0,7,0,0,0,0
0,0,0,0,0,2,13,44,51,59,65,74,71,64,60,55,12,1,5,2,4,0,0,0
0,0,0,0,0,0,6,26,51,50,58,60,17,53,21,14,12,0,1,7,2,0,0,0
0,1,0,0,0,0,9,47,63,68,64,63,66,57,54,8,13,0,0,0,0,0,0,0
0,0,0,0,15,35,69,77,85,78,77,84,84,72,70,63,50,26,9,0,0,0,0,0
5,9,14,14,61,66,97,100,100,116,118,106,114,99,83,69,62,58,53,11,0,0,0,0
5,13,43,58,70,90,113,126,147,143,149,135,125,131,125,113,93,71,59,52,11,0,0,0
0,36,58,56,71,88,112,174,192,177,169,140,144,167,193,188,123,67,59,56,53,0,0,0
11,34,52,50,31,67,90,144,156,159,169,177,170,167,177,168,117,82,54,52,67,55,5,0
9,62,65,13,13,77,101,116,138,157,167,158,160,154,133,117,107,75,9,14,72,68,12,2
5,19,30,8,10,8,68,106,131,152,150,145,140,126,84,83,92,13,11,10,54,70,31,2
12,12,5,0,0,0,70,77,104,124,139,128,102,91,81,78,54,5,0,0,7,60,54,9
57,35,14,5,6,11,55,62,67,80,83,107,95,87,71,63,49,0,9,11,37,58,57,22
29,23,14,13,12,12,34,60,100,111,116,83,115,119,92,65,48,26,5,6,29,37,34,15
23,24,14,8,14,29,73,112,129,112,106,115,136,135,124,79,77,51,0,10,4,20,36,9
13,13,8,13,41,76,107,134,136,138,145,143,139,128,113,115,98,11,0,7,9,5,21,0
11,12,10,14,12,43,111,134,149,144,147,151,136,124,94,78,71,10,8,6,10,29,16,11
13,14,23,28,43,81,112,146,184,176,195,181,170,156,137,133,97,43,6,0,4,11,6,0
8,12,12,38,65,79,134,166,193,200,207,202,210,190,161,137,112,56,10,0,10,14,10,0
9,12,27,46,88,104,134,171,199,224,238,221,210,197,170,147,126,103,13,5,3,7,9,4
18,14,22,27,46,88,119,156,192,210,236,213,207,188,158,143,124,105,23,8,1,9,11,10
12,39,33,35,55,101,105,124,143,163,146,150,177,168,150,138,121,105,44,12,11,9,12,14
13,14,12,20,35,56,100,102,107,108,91,108,124,132,138,116,104,100,32,11,14,10,10,12
13,14,11,1,10,14,44,97,81,44,41,54,101,103,101,103,77,88,32,11,9,14,13,8
13,14,11,8,17,22,50,83,74,47,47,46,48,62,70,88,100,83,10,1,6,0,8,4
0,10,5,6,10,18,36,52,49,45,42,42,50,66,83,89,71,58,13,0,0,3,0,6
6,9,3,7,11,14,55,86,79,52,46,34,48,54,62,58,60,51,10,11,9,5,1,7
0,7,0,19,31,35,106,239,152,80,53,34,46,84,76,65,57,53,3,8,9,2,0,0
9,11,11,13,25,37,90,113,70,54,50,21,18,14,54,65,57,52,2,4,0,0,0,7
12,11,11,13,51,70,67,48,54,36,13,12,14,0,32,56,53,27,6,0,0,0,0,6
9,8,14,14,50,82,77,67,31,14,10,2,2,6,11,27,48,16,13,0,0,0,0,0
0,15,10,11,46,77,64,60,41,12,6,0,0,0,0,35,50,50,9,0,0,0,0,0
5,7,7,3,12,44,55,50,10,4,5,8,7,5,12,51,62,62,11,5,0,0,0,0
0,5,6,11,8,6,2,8,5,8,7,5,10,9,14,51,57,59,16,5,0,0,0,1
0,6,11,8,7,12,10,10,7,0,3,4,10,8,22,52,52,53,11,4,3,0,0,0
10,9,11,8,7,12,17,9,4,5,1,10,13,12,14,57,54,52,8,5,4,0,0,0
5,8,0,5,12,8,10,9,9,5,10,9,2,4,11,34,54,53,14,11,3,0,0,0
7,5,0,7,10,14,12,3,0,0,0,6,10,7,0,11,52,43,14,11,5,1,2,6
0,5,11,9,0,10,11,0,0,4,0,0,0,9,12,9,50,54,13,10,8,0,6,4
4,6,0,10,11,11,8,0,0,3,4,1,0,7,6,11,24,39,11,7,7,9,0,4

0,6,1,3,2,1,5,3,4,6,12,2,0,0,5,2,0,2,7,1,1,3,0,5
0,0,3,10,7,0,0,12,2,13,24,19,44,13,8,0,0,0,0,2,5,0,0,10
0,12,0,26,27,13,13,28,53,54,96,104,68,66,29,11,5,4,5,10,8,3,0,9
0,0,0,7,7,7,11,51,62,82,108,108,109,108,86,39,22,11,8,8,9,0,0,0
0,5,0,0,9,0,18,61,72,72,72,101,89,94,71,40,11,8,0,7,0,0,0,0
0,0,0,0,0,2,13,45,51,59,65,74,71,64,60,55,12,1,5,2,4,0,0,0
0,0,0,0,0,0,6,27,51,51,58,60,18,53,22,14,12,0,1,7,3,0,0,0
0,1,0,0,0,0,9,47,63,68,64,63,66,57,54,8,13,0,0,0,0,0,0,0
0,0,0,0,16,36,69,77,85,78,77,84,84,72,70,63,50,27,9,0,0,0,0,0
5,9,14,14,61,66,97,100,100,115,118,105,115,99,82,69,61,58,53,11,0,0,0,0
5,13,43,58,70,90,113,126,146,143,149,135,124,131,125,113,93,71,59,52,11,0,0,0
0,37,58,56,71,89,112,174,191,177,168,140,144,167,193,188,123,67,59,57,53,0,0,0
11,34,52,50,31,67,90,144,156,159,170,177,170,166,177,168,117,82,54,53,67,54,5,0
8,62,66,13,13,78,101,116,139,157,167,158,160,154,133,117,108,75,9,14,72,68,12,2
6,19,30,8,10,8,69,106,131,152,151,145,140,126,84,83,92,13,11,10,54,71,31,2
12,12,5,0,0,0,70,77,104,124,139,128,102,91,81,78,54,5,0,0,7,60,54,9
57,36,14,5,6,11,55,62,67,80,83,107,95,87,71,63,50,0,9,11,39,58,57,24
29,23,14,13,12,12,34,60,99,111,116,83,115,119,92,65,48,26,5,6,29,37,34,15
23,24,14,8,14,28,73,112,129,112,106,115,136,135,124,79,77,51,0,10,4,19,35,9
13,13,8,13,41,77,107,134,136,138,145,144,139,128,113,115,98,11,0,7,9,5,21,0
11,12,10,14,12,43,111,134,149,144,148,151,136,124,94,78,71,10,8,6,10,29,17,12
13,14,22,28,43,81,112,146,184,177,195,181,170,156,137,133,97,43,6,0,4,11,6,0
8,12,11,38,64,79,134,166,193,200,207,202,210,190,160,137,112,56,10,0,10,14,10,0
9,12,27,46,89,104,134,171,199,224,239,221,211,197,170,147,126,103,14,5,3,8,9,4
17,14,22,27,46,89,120,155,192,210,236,213,207,188,158,143,124,105,24,8,2,9,11,10
12,39,33,34,57,101,105,125,143,163,146,149,177,168,150,138,121,105,44,12,11,9,12,14
13,14,12,21,35,54,100,102,107,107,91,108,124,132,138,116,104,100,31,11,14,10,10,12
13,14,11,1,10,14,44,97,80,44,43,53,101,103,101,103,77,88,31,11,9,14,13,8
13,14,11,8,17,22,50,82,75,48,46,49,49,62,70,88,100,83,10,1,6,0,8,4
0,10,5,6,10,19,36,52,49,45,42,42,51,66,84,89,71,58,14,0,0,3,0,6
6,9,3,7,11,14,54,86,79,52,46,34,48,54,62,58,60,51,10,11,9,5,1,7
0,7,0,19,31,35,106,239,152,80,53,33,46,84,76,65,57,53,3,8,9,2,0,0
9,11,11,13,26,37,90,113,70,54,50,22,17,14,54,65,57,52,2,4,0,0,0,7
12,11,11,13,51,70,67,48,54,36,12,13,14,0,32,56,53,27,6,0,0,0,0,6
9,8,14,14,50,82,77,67,31,14,10,2,2,6,11,28,50,16,13,0,0,0,0,0
0,15,10,11,46,77,64,60,41,12,6,0,0,0,0,35,50,50,10,0,0,0,0,0
5,7,7,3,12,43,55,51,10,4,5,8,7,5,12,51,62,63,11,5,0,0,0,0
0,5,6,11,8,6,2,8,5,8,7,5,10,9,14,51,57,59,16,5,0,0,0,1
0,6,11,8,7,12,10,10,7,0,4,4,10,8,22,52,52,53,11,4,3,0,0,0
10,9,11,8,7,12,18,9,4,5,1,10,13,12,14,57,54,52,9,5,4,0,0,0
5,8,0,6,12,8,10,9,9,5,11,9,2,4,11,34,54,53,14,11,3,0,0,0
7,5,0,7,10,14,12,3,0,0,0,6,10,7,0,11,52,43,14,11,5,1,2,6
0,5,11,9,0,10,11,0,0,3,0,0,0,9,12,9,50,54,13,10,8,0,6,4
4,6,0,10,11,11,8,0,0,3,4,1,0,8,6,11,23,39,11,7,7,9,0,4

0,6,1,4,2,1,5,3,4,6,12,2,0,0,5,2,0,2,7,1,1,3,0,5
0,0,3,10,7,0,0,12,3,13,24,19,44,13,8,0,0,0,0,2,5,0,0,10
0,12,0,26,27,13,12,28,53,54,96,104,68,66,30,11,5,4,5,10,8,3,0,9
0,0,0,7,7,7,10,51,62,82,108,107,109,108,86,38,21,11,8,8,9,0,0,0
0,5,0,0,9,0,17,61,71,72,72,101,89,94,71,39,11,8,0,7,0,0,0,0
0,0,0,0,0,2,13,45,51,59,65,74,71,64,60,55,12,1,5,2,4,0,0,0
0,0,0,0,0,0,6,27,51,50,58,60,18,53,21,14,12,0,1,7,3,0,0,0
0,1,0,0,0,0,9,46,63,67,63,63,66,57,54,8,13,0,0,0,0,0,0,0
0,0,0,0,16,36,69,77,85,78,77,84,84,72,69,63,50,26,9,0,0,0,0,0
5,9,14,14,61,66,97,100,100,115,118,106,114,99,82,69,61,58,53,11,0,0,0,0
5,13,43,58,70,90,113,126,146,143,149,135,124,131,125,113,93,71,59,52,11,0,0,0
0,37,58,56,71,89,112,173,191,178,169,140,144,167,192,187,123,67,59,56,53,0,0,0
11,34,52,50,31,67,90,144,157,159,170,177,170,167,177,168,117,82,54,52,67,54,5,0
8,62,66,13,13,79,101,117,139,157,168,159,160,155,134,117,108,75,9,14,71,69,12,2
6,19,30,8,11,8,69,106,131,152,151,145,141,127,84,84,93,13,11,10,54,70,31,2
12,12,5,0,0,0,71,77,104,124,139,128,102,91,81,78,54,6,0,0,7,60,54,9
56,35,14,5,6,11,55,62,67,80,82,107,95,87,71,63,50,0,9,12,38,58,57,23
29,23,14,13,12,12,34,60,99,111,115,83,115,119,92,66,48,26,5,6,29,37,34,15
23,24,14,8,14,28,73,112,129,112,106,115,136,135,124,79,77,51,0,10,4,19,37,9
13,13,8,13,41,76,107,134,135,138,144,144,139,128,113,115,98,11,0,7,9,6,21,0
11,12,10,14,12,43,111,134,149,144,147,151,136,124,94,78,72,10,8,6,10,29,16,11
13,14,23,29,43,82,112,146,184,176,195,181,170,156,137,133,97,43,6,0,4,11,6,0
8,12,12,38,64,79,134,166,193,200,207,203,210,190,160,137,112,56,10,0,10,14,10,0
9,12,29,46,88,104,134,171,199,224,239,221,211,197,170,147,126,103,13,5,3,7,9,4
18,13,22,27,46,89,120,156,192,210,236,213,208,188,158,143,124,105,24,8,2,9,11,10
12,39,33,35,57,101,105,125,143,163,146,149,177,168,150,138,121,105,44,12,11,9,12,14
13,14,12,22,37,56,100,102,107,107,91,108,124,133,138,116,104,100,32,11,14,10,10,12
13,14,11,1,10,14,44,98,80,43,41,53,101,103,101,103,77,88,32,11,9,14,13,8
13,14,11,8,17,22,51,82,75,50,47,49,48,62,70,88,100,83,10,2,7,0,8,4
0,10,5,6,10,19,36,52,48,45,42,41,51,66,84,89,71,58,13,0,0,3,0,6
6,9,3,7,11,14,55,86,79,51,46,34,48,54,62,58,60,51,10,11,9,5,1,7
0,7,0,20,30,35,106,240,152,81,54,35,46,84,76,65,57,53,3,8,9,2,0,0
9,11,11,13,26,37,90,113,70,54,50,21,18,14,54,65,57,52,2,4,0,0,0,7
12,11,11,13,51,70,67,48,54,36,13,13,14,0,31,56,53,28,6,0,0,0,0,6
9,8,14,14,50,82,77,67,30,14,10,2,2,6,11,27,49,17,13,0,0,0,0,0
0,14,10,11,46,77,64,60,41,12,6,0,0,0,0,35,50,50,10,0,0,0,0,0
5,7,7,3,12,44,55,50,10,4,5,8,7,5,12,51,62,63,11,5,0,0,0,0
0,5,6,11,8,7,2,8,5,8,7,5,10,9,14,51,57,59,15,5,0,0,0,1
0,6,11,8,7,13,10,10,7,0,4,4,10,8,23,52,52,53,11,4,3,0,0,0
10,9,11,8,7,12,17,9,4,5,1,10,13,12,14,57,54,52,9,5,4,0,0,0
5,8,0,6,12,8,10,9,9,5,10,9,2,4,11,34,54,53,15,11,3,0,0,0
7,5,0,7,10,14,12,3,0,0,0,6,10,7,0,11,52,42,14,11,5,1,2,6
0,5,11,9,0,10,11,0,0,3,0,0,0,9,12,9,50,54,13,10,8,0,6,4
4,6,0,10,11,11,8,0,0,3,4,1,0,7,6,11,23,38,11,7,7,9,0,4

0,6,1,4,2,1,6,3,4,7,12,2,0,0,5,2,0,3,7,1,1,3,0,5
0,0,3,10,7,0,0,12,3,13,27,17,44,13,8,0,0,0,0,2,5,0,0,10
0,12,0,25,27,13,13,28,53,54,96,104,68,66,30,11,5,4,5,10,8,3,0,9
0,0,0,7,7,7,10,51,62,82,108,108,109,108,86,39,21,11,8,8,9,0,0,0
0,5,0,0,9,0,19,62,72,72,72,101,89,94,71,40,11,8,0,7,0,0,0,0
0,0,0,0,0,2,13,44,51,59,65,74,71,64,60,55,12,1,5,2,4,0,0,0
0,0,0,0,0,0,6,27,51,51,58,60,17,53,22,14,12,0,1,7,3,0,0,0
0,2,0,0,0,0,9,47,63,67,63,63,66,58,54,8,13,0,0,0,0,0,0,0
0,0,0,0,16,35,69,77,85,78,76,84,84,72,69,63,50,27,9,0,0,0,0,0
5,9,14,14,61,66,97,100,100,115,118,105,114,99,82,69,61,58,52,11,0,0,0,0
5,13,43,58,70,90,113,125,146,143,149,135,124,131,125,113,93,71,59,52,11,0,0,0
0,36,58,56,71,89,112,174,191,177,169,140,144,167,193,188,123,67,59,57,53,0,0,0
11,34,52,50,31,67,90,144,157,160,170,177,170,167,178,169,117,82,55,53,67,55,5,0
8,62,66,13,13,80,101,117,139,158,168,159,160,155,134,117,108,76,10,14,72,68,12,2
5,19,30,8,11,8,69,107,131,153,151,146,141,127,84,84,93,13,11,10,54,71,33,2
12,12,5,0,0,0,71,78,104,124,139,128,102,91,81,78,54,6,0,0,7,60,54,9
56,36,14,5,6,11,55,62,67,80,83,107,95,88,71,63,50,0,9,12,39,58,57,23
29,23,14,13,12,12,34,60,99,111,116,83,114,119,92,66,48,26,5,6,29,37,34,15
23,24,14,8,14,28,73,112,129,112,106,115,136,135,124,79,77,51,0,10,4,17,35,9
13,13,8,13,41,76,107,134,135,138,144,143,139,128,113,115,98,11,0,7,9,5,20,0
11,12,11,14,12,43,111,134,149,145,148,151,136,124,94,78,72,10,8,6,10,29,17,12
13,14,23,29,43,81,112,146,184,176,195,181,170,156,136,133,97,43,6,0,4,11,6,0
8,12,11,38,65,78,134,166,193,201,207,203,210,190,160,137,112,56,10,0,10,14,10,0
9,12,27,45,89,104,134,171,199,224,239,221,211,196,170,147,126,103,13,5,3,8,9,5
18,13,23,27,46,88,120,156,192,210,237,213,207,188,158,143,124,105,24,8,2,10,11,10
12,39,33,35,57,101,105,125,143,163,146,149,177,168,150,138,121,105,44,12,11,9,12,14
13,15,12,22,35,56,100,102,107,107,90,108,124,133,139,116,104,100,33,11,14,10,10,12
13,14,11,1,10,14,45,100,81,45,43,54,101,103,101,103,77,88,32,11,9,14,13,8
13,14,11,8,17,22,51,84,75,50,48,49,49,62,70,88,100,83,10,2,7,0,8,4
0,10,5,6,10,19,36,52,49,45,42,42,50,67,83,89,71,58,13,0,0,3,0,6
6,9,3,7,11,14,55,86,79,52,47,35,48,54,62,58,60,51,10,11,9,5,1,7
0,7,0,19,31,35,106,240,152,81,54,33,45,83,76,65,58,53,3,8,9,2,0,0
9,11,11,13,26,38,90,113,70,54,50,22,18,14,54,65,57,52,2,4,0,0,0,7
12,11,11,13,51,70,67,48,54,37,13,13,14,0,30,55,53,29,7,0,0,0,0,6
9,8,14,14,50,82,77,67,30,14,10,2,2,6,11,27,50,17,13,0,0,0,0,0
0,15,10,11,46,77,64,60,40,12,6,0,0,0,0,34,50,50,10,0,0,0,0,0
5,7,7,3,12,44,55,50,10,4,5,8,7,5,12,51,62,63,11,5,0,0,0,0
0,5,6,11,8,7,3,9,5,8,7,5,10,9,14,51,57,59,17,5,0,0,0,1
0,6,11,8,7,13,10,10,7,0,4,4,10,8,22,51,52,53,11,4,3,0,0,0
10,9,11,8,7,12,18,9,4,5,1,10,13,12,14,57,54,52,9,5,4,0,0,0
5,8,0,6,12,8,10,9,9,5,10,10,2,4,11,34,54,53,15,11,3,0,0,0
7,5,0,7,10,14,12,3,0,0,0,6,10,7,0,11,52,42,14,11,5,1,2,6
0,5,11,9,0,10,11,0,0,3,0,0,0,9,12,9,50,54,14,10,8,0,6,4
4,6,0,10,11,11,8,0,0,3,4,1,0,8,6,11,22,40,11,7,7,9,0,4

0,6,1,4,2,1,5,3,4,6,12,2,0,0,5,2,0,2,7,1,1,3,0,5
0,0,3,10,7,0,0,12,3,13,26,19,44,13,8,0,0,0,0,2,5,0,0,10
0,12,0,26,27,13,13,29,53,54,97,104,68,67,30,11,5,4,5,10,8,3,0,9
0,1,0,7,7,7,11,51,62,82,108,108,109,108,87,39,21,11,8,8,9,0,0,0
0,5,0,0,10,0,18,61,72,72,72,101,89,94,71,40,11,8,0,7,0,0,0,0
0,0,0,0,0,2,13,44,52,59,65,74,70,64,60,55,12,1,5,2,4,0,0,0
0,0,0,0,0,0,6,26,51,50,58,60,17,53,22,14,12,0,1,7,3,0,0,0
0,1,0,0,0,0,9,47,63,67,63,63,66,57,54,8,13,0,0,0,0,0,0,0
0,0,0,0,17,36,69,77,85,78,77,84,84,72,70,63,50,27,9,0,0,0,0,0
5,9,14,14,61,66,97,100,100,115,118,106,115,99,82,69,61,58,53,11,0,0,0,0
5,13,43,58,70,90,113,126,146,143,149,135,124,131,125,113,93,71,59,53,11,0,0,0
0,37,57,56,71,89,112,174,192,177,169,140,144,167,193,188,123,67,59,57,53,0,0,0
11,34,52,50,31,67,90,144,157,160,170,177,170,167,178,169,118,82,54,53,67,56,5,0
9,62,66,13,13,78,101,117,139,157,168,159,160,155,134,117,108,76,10,14,72,69,12,2
6,19,30,8,11,8,70,107,131,153,151,145,141,127,84,84,94,13,11,10,54,71,32,2
12,12,5,0,0,0,71,78,104,124,139,128,103,91,81,79,55,6,0,0,7,60,54,9
56,35,14,5,6,11,56,62,67,80,83,107,95,87,71,63,50,0,9,12,38,58,57,23
29,23,14,13,12,12,34,60,100,111,116,83,115,119,91,66,48,26,5,6,29,37,34,15
23,24,14,8,14,27,73,112,129,112,106,115,136,135,123,79,77,51,0,10,5,17,36,9
13,13,8,13,42,76,107,134,135,138,145,143,138,128,113,115,98,11,0,7,9,5,21,0
11,12,11,14,12,43,111,134,149,144,148,151,136,124,94,78,72,10,8,6,10,29,16,12
13,14,23,28,43,81,112,146,184,176,195,181,169,156,137,133,97,43,6,0,4,11,6,0
8,12,12,38,65,79,134,167,194,200,207,203,210,190,160,137,112,56,10,0,11,14,10,0
9,12,29,47,89,104,134,171,199,225,239,221,211,197,170,147,126,103,14,5,3,8,9,5
18,13,23,27,47,89,120,156,192,210,237,213,207,188,158,143,124,105,24,8,2,10,11,10
12,39,33,35,57,101,105,125,143,163,146,149,177,168,150,138,121,105,44,12,11,9,12,14
13,14,12,21,35,56,100,102,107,107,90,108,124,133,139,116,104,100,32,11,14,10,10,12
13,13,11,1,10,14,45,100,81,46,43,54,101,103,101,103,77,88,33,11,9,14,13,8
13,14,11,8,17,22,52,83,75,50,48,47,49,62,70,88,100,83,10,2,7,0,8,4
0,10,5,6,10,19,36,52,49,45,42,42,51,66,83,89,71,58,14,0,0,3,0,6
6,9,3,7,11,14,55,86,79,51,46,34,48,54,62,58,60,51,10,11,9,5,1,7
0,7,0,19,31,35,106,240,152,81,54,33,46,83,76,65,57,53,4,8,9,2,0,0
9,11,11,13,26,37,90,113,70,54,50,23,18,14,54,65,57,52,3,4,0,0,0,7
12,11,11,13,51,70,67,48,54,37,13,13,14,0,31,55,53,29,7,0,0,0,0,6
9,8,14,14,51,83,78,67,31,15,10,3,2,6,11,28,50,17,13,0,0,0,0,0
0,15,10,11,47,77,64,60,42,12,6,0,0,0,0,35,50,50,10,0,0,0,0,0
5,7,7,3,12,44,55,50,10,4,5,9,7,5,12,51,62,63,12,5,0,0,0,0
0,5,6,11,8,7,3,9,5,8,7,5,10,9,14,51,57,59,17,5,0,0,0,1
0,6,11,8,7,13,10,10,7,0,4,4,10,8,21,52,52,53,11,4,3,0,0,0
10,9,11,8,7,12,17,9,4,5,1,10,13,12,14,57,54,52,9,5,4,0,0,0
5,8,0,6,12,8,10,9,9,5,10,9,2,4,11,34,55,53,15,11,3,0,0,0
7,5,0,7,10,14,12,3,0,0,0,6,10,7,0,11,52,43,15,11,5,1,2,6
0,5,11,9,0,10,11,0,0,3,0,0,0,9,12,9,50,54,14,10,8,0,6,4
4,6,0,10,11,11,8,0,0,3,4,1,0,8,6,11,23,41,11,7,7,9,0,4

0,6,1,4,2,1,6,3,4,6,12,2,0,0,5,2,0,2,7,1,1,3,0,5
0,0,3,10,7,0,0,12,3,13,26,19,45,13,8,0,0,0,0,2,5,0,0,10
0,12,0,26,26,13,13,29,53,54,96,104,68,66,30,11,5,4,5,10,8,3,0,9
0,1,0,7,7,7,10,52,62,82,108,108,109,108,86,39,21,11,8,8,9,0,0,0
0,5,0,0,10,0,19,62,72,72,72,101,89,94,71,42,11,8,0,7,0,0,0,0
0,0,0,0,0,2,13,45,51,59,65,74,70,64,60,55,12,2,5,2,4,0,0,0
0,0,0,0,0,0,6,27,51,50,58,60,18,53,21,14,12,0,1,7,3,0,0,0
0,1,0,0,0,0,9,47,63,67,63,63,66,57,54,8,13,0,0,0,0,0,0,0
0,0,0,0,16,36,69,77,85,78,76,84,84,72,69,63,50,27,9,0,0,0,0,0
5,9,14,14,61,66,97,100,100,115,118,105,114,99,82,69,61,58,52,11,0,0,0,0
5,13,43,58,70,90,113,126,146,143,149,135,124,131,125,114,93,71,59,53,11,0,0,0
0,37,58,56,71,89,112,173,191,177,169,140,144,167,193,188,123,67,59,57,53,0,0,0
11,34,52,50,31,67,90,144,157,159,170,178,171,167,177,168,117,82,54,53,68,56,5,0
8,62,65,13,13,77,101,116,139,157,168,159,160,155,134,117,107,75,9,14,72,69,12,2
6,18,30,8,11,8,69,106,131,152,151,145,141,127,84,83,92,13,11,10,54,70,32,2
12,12,5,0,0,0,71,78,104,124,139,128,102,91,81,78,54,6,0,0,7,60,54,9
56,35,14,5,6,11,55,62,67,80,83,107,95,88,71,63,50,0,9,12,38,58,57,23
29,23,14,13,12,12,34,60,100,112,117,84,115,119,92,65,48,26,5,6,29,37,34,15
23,24,14,8,14,28,73,112,129,113,107,116,136,135,124,79,77,51,0,10,4,17,35,9
13,13,8,13,42,77,107,134,136,138,145,144,139,128,113,115,98,11,0,7,9,5,22,0
11,12,10,14,12,43,111,134,149,144,148,151,136,124,94,78,71,10,8,6,10,29,17,12
13,14,23,29,43,82,112,146,185,177,195,181,170,156,137,133,97,43,6,0,4,11,6,0
8,12,12,38,64,79,134,166,193,200,207,202,210,190,160,137,112,56,10,0,10,14,10,0
9,12,29,46,89,104,134,171,199,225,239,221,211,197,170,147,126,103,14,5,4,8,9,5
17,13,23,27,46,89,120,156,192,210,236,213,208,188,158,143,124,105,25,8,2,9,11,10
12,39,33,34,57,101,105,125,143,163,146,149,177,168,151,138,121,105,44,12,11,9,12,14
13,14,12,21,34,55,100,102,107,107,91,108,124,133,139,116,104,100,33,11,14,10,10,12
13,14,11,1,10,14,45,100,83,45,43,54,101,103,101,103,77,89,33,11,9,14,13,8
13,14,11,8,17,22,51,82,75,47,46,47,49,62,70,88,100,83,10,2,7,0,8,3
0,10,5,6,10,19,36,52,49,45,42,42,50,67,83,89,71,58,14,0,0,3,0,6
6,9,3,7,11,14,55,86,79,51,46,34,48,54,62,58,60,51,10,11,9,5,1,7
0,7,0,20,31,35,106,240,152,81,53,36,48,83,76,65,57,53,4,9,9,2,0,0
9,11,11,13,26,37,90,113,70,54,50,23,19,14,54,65,57,52,2,4,0,0,0,7
12,11,11,13,51,69,67,48,54,38,13,13,14,0,30,55,53,30,7,0,0,0,0,6
9,8,14,14,50,82,77,67,31,14,10,3,2,6,11,26,50,18,13,0,0,0,0,0
0,15,10,11,47,77,64,60,42,12,6,0,0,0,0,34,50,50,10,0,0,0,0,0
5,7,7,3,12,44,55,50,10,4,5,9,7,5,12,51,62,63,11,5,0,0,0,0
0,5,6,11,8,7,3,9,5,8,7,5,10,9,14,51,57,59,17,5,0,0,0,1
0,6,11,8,7,13,10,10,7,0,4,5,10,8,21,52,52,53,11,4,3,0,0,0
10,9,11,8,7,12,18,9,4,5,1,10,13,12,14,57,54,52,9,5,4,0,0,0
5,8,0,6,12,8,10,9,9,5,10,9,2,4,11,34,54,53,15,11,3,0,0,0
7,5,0,7,10,14,12,3,0,0,0,6,11,7,0,11,52,43,15,11,5,1,2,6
0,5,11,9,0,10,11,0,0,3,0,0,0,9,12,9,50,54,14,10,8,0,6,4
4,6,0,10,11,11,8,0,0,3,4,1,0,8,6,11,22,40,11,7,7,9,0,4

0,6,1,4,2,1,6,3,4,7,12,2,0,0,5,2,0,3,7,1,1,3,0,5
0,0,3,10,7,0,0,12,3,13,29,19,45,13,8,0,0,0,0,2,5,0,0,10
0,12,0,26,27,13,13,29,53,54,96,104,68,66,30,11,5,4,5,10,8,3,0,9
0,1,0,7,7,7,11,51,62,82,108,108,109,108,87,39,21,11,8,8,9,0,0,0
0,6,0,0,10,0,19,62,72,72,72,101,89,94,71,42,11,8,0,7,0,0,0,0
0,0,0,0,0,2,13,45,51,59,66,74,71,64,60,55,12,2,5,2,4,0,0,0
0,0,0,0,0,0,6,26,51,50,58,60,17,53,22,14,12,0,1,7,3,0,0,0
0,1,0,0,0,0,9,46,63,67,63,63,66,57,54,9,13,0,0,0,0,0,0,0
0,0,0,0,17,36,69,77,85,78,76,84,84,72,69,63,50,27,10,0,0,0,0,0
5,9,14,14,61,66,97,100,100,115,118,105,114,98,82,69,62,58,53,11,0,0,0,0
5,13,44,58,70,90,113,126,147,144,149,135,124,130,125,114,94,71,59,53,12,0,0,0
0,37,58,56,71,89,112,173,191,178,169,141,144,168,192,188,123,67,59,57,53,0,0,0
11,34,52,50,31,67,90,144,156,159,170,178,171,167,177,167,117,82,54,53,67,55,5,0
9,62,65,13,13,78,101,116,139,158,168,160,161,155,134,117,107,75,9,14,72,70,12,2
5,18,30,8,11,8,69,106,131,153,151,146,141,127,84,83,92,13,11,10,54,71,31,2
12,12,5,0,0,0,70,77,104,124,139,128,102,91,81,78,54,6,0,0,7,60,54,10
57,35,14,5,6,11,55,62,67,80,83,108,95,88,71,63,50,0,9,12,38,58,56,23
29,23,14,13,12,12,34,60,100,112,117,84,115,119,92,65,48,26,5,6,29,37,34,15
23,23,14,8,14,28,73,112,129,113,107,116,136,135,124,79,77,51,0,10,4,19,36,9
14,13,8,13,42,76,107,134,136,138,145,144,139,129,113,115,98,11,0,7,9,6,21,0
11,12,10,14,12,43,111,134,149,145,148,152,136,124,94,78,71,10,8,6,10,29,17,12
13,14,23,29,43,81,112,146,184,177,195,181,170,156,137,133,97,43,6,0,5,11,6,0
8,12,12,38,64,78,134,166,193,200,207,202,210,191,160,137,112,56,10,0,10,14,10,0
9,12,29,46,89,104,134,171,199,224,239,221,211,197,170,147,126,103,13,5,4,8,9,5
18,13,22,27,47,88,120,156,192,210,237,213,208,188,158,144,125,105,23,8,2,9,11,10
12,39,33,34,55,101,105,125,143,164,146,150,177,168,150,138,121,105,44,12,11,9,12,14
13,14,12,20,35,55,100,102,107,108,91,108,124,133,139,116,104,100,33,12,14,10,10,12
13,14,11,1,10,14,45,100,81,44,41,53,101,103,101,103,77,89,32,11,9,14,13,8
13,14,11,8,17,22,51,84,75,47,47,48,49,62,70,88,100,84,10,2,7,0,8,4
0,10,5,6,10,20,36,52,49,45,42,42,51,66,84,89,71,58,14,0,0,3,0,6
6,9,3,7,11,14,55,86,79,51,47,34,48,54,62,58,60,51,10,11,10,5,1,7
0,7,0,20,31,35,106,241,152,80,54,34,46,83,76,65,57,53,4,9,9,2,0,0
9,11,11,13,26,37,90,113,70,54,50,22,18,14,54,65,57,52,2,5,0,0,0,7
12,11,11,13,51,70,67,48,54,39,13,13,14,0,31,56,53,29,7,0,0,0,0,7
9,8,14,14,50,82,77,67,31,15,10,3,2,6,11,28,49,18,13,0,0,0,0,0
0,15,11,11,47,77,64,61,42,12,6,0,0,0,0,35,50,50,10,0,0,0,0,0
5,7,7,3,12,45,55,50,10,4,5,9,7,5,12,51,62,63,12,5,0,0,0,0
0,5,6,11,8,7,3,9,5,8,7,5,10,9,14,51,57,59,17,5,0,0,0,1
0,6,11,8,7,13,10,10,7,0,4,4,10,8,22,51,52,53,11,4,3,0,0,0
10,9,11,8,7,12,18,9,4,5,1,10,13,12,14,57,54,52,9,5,4,0,0,0
5,8,0,6,12,8,10,9,9,5,11,10,2,4,11,34,55,53,15,12,4,0,1,0
7,5,0,7,10,14,12,3,0,0,0,6,11,7,0,11,52,43,15,11,5,1,2,6
0,5,11,9,0,10,11,0,0,3,0,0,0,9,12,9,50,54,14,10,8,0,6,4
4,6,0,10,11,11,8,0,0,3,4,1,0,8,6,11,22,39,11,7,7,9,0,4

0,6,1,4,2,1,6,3,4,7,12,2,0,0,5,2,0,3,7,1,1,3,0,5
0,0,3,10,7,0,0,12,3,13,26,20,45,13,8,0,0,0,0,2,5,0,0,10
0,12,0,26,27,13,13,28,53,54,95,104,68,66,31,11,5,4,5,10,8,3,0,9
0,1,0,7,7,7,11,52,62,82,108,108,109,108,87,39,22,11,8,8,9,0,0,0
0,6,0,0,10,0,18,61,71,72,72,101,89,94,71,42,11,8,0,7,0,0,0,0
0,0,0,0,0,2,13,45,52,60,66,74,71,64,60,56,12,2,5,2,4,0,0,0
0,0,0,0,0,0,6,26,51,50,58,60,18,53,21,14,12,0,1,7,3,0,0,0
0,1,0,0,0,0,9,46,63,67,63,63,66,57,54,8,13,0,0,0,0,0,0,0
0,0,0,0,17,35,69,77,85,78,76,84,84,72,69,63,50,28,10,0,0,0,0,0
5,9,14,14,61,66,97,100,100,115,117,105,114,98,82,69,62,58,53,11,0,0,0,0
5,13,43,58,70,90,113,126,146,143,149,135,124,130,125,113,93,71,59,53,12,0,0,0
0,37,58,56,71,89,112,173,191,178,169,141,144,167,192,187,123,67,59,57,53,1,0,0
11,34,52,50,31,67,90,144,156,160,171,178,171,167,177,167,117,82,54,52,68,56,5,0
8,62,65,13,13,77,101,116,139,157,168,159,161,155,134,117,107,75,9,14,71,69,12,2
6,19,30,8,11,8,69,106,131,152,151,145,141,127,84,83,92,13,11,10,54,69,31,3
12,12,5,0,0,0,71,77,104,124,139,128,103,91,81,78,55,6,0,0,7,60,54,9
57,36,14,5,6,11,55,62,67,80,83,108,95,88,71,63,50,0,9,12,39,58,56,23
29,23,14,13,12,12,34,60,100,112,117,84,115,119,92,65,48,26,5,6,29,37,34,15
23,24,14,8,14,29,73,112,129,113,107,117,136,135,124,79,77,51,0,10,4,20,36,9
14,13,8,13,42,77,107,134,136,139,145,144,139,129,113,115,99,11,0,7,9,6,21,0
11,12,10,14,12,43,111,134,149,145,148,151,136,124,94,78,72,10,8,6,10,29,17,12
13,14,23,29,43,81,112,146,185,177,195,181,170,156,137,133,97,43,6,0,5,11,6,0
8,12,12,38,64,78,134,166,193,200,207,202,210,191,161,137,112,56,10,0,10,14,10,0
9,12,29,46,89,104,134,171,200,224,239,221,211,197,171,147,126,103,14,6,4,8,9,5
17,13,22,27,47,89,120,156,192,210,237,214,208,188,158,144,124,105,24,8,2,9,11,10
12,39,32,34,55,101,105,125,143,163,146,150,177,168,150,138,121,105,44,12,11,10,12,14
13,14,12,21,37,55,100,102,107,107,91,108,124,133,139,116,104,100,32,11,14,10,10,12
13,14,11,1,10,14,47,100,81,46,44,54,101,103,101,103,77,88,33,11,9,14,13,8
13,14,11,8,17,23,52,83,76,48,46,48,50,62,70,88,100,83,11,2,7,0,8,4
0,10,5,6,10,19,36,52,49,45,42,42,51,67,83,89,71,58,14,0,0,3,0,6
6,9,3,7,11,14,55,86,79,52,47,35,48,54,62,58,60,51,10,11,10,5,1,7
0,7,0,20,31,35,106,241,153,81,53,35,46,84,76,65,57,53,4,9,9,2,0,0
9,11,11,13,26,37,90,113,70,54,50,23,19,14,54,65,57,52,3,5,0,0,0,7
12,11,11,13,51,69,67,48,54,36,13,13,14,0,30,56,53,29,7,0,0,0,0,6
9,8,14,14,51,82,77,67,31,15,10,3,2,6,11,26,50,18,13,0,0,0,0,0
0,15,10,11,48,77,64,60,42,12,6,0,0,0,0,35,50,50,10,0,0,0,0,0
5,7,8,3,12,44,55,50,10,4,6,9,7,5,12,51,62,63,11,5,0,0,0,0
0,5,6,11,8,7,3,9,5,8,7,5,10,9,14,51,57,59,16,5,0,0,0,1
0,6,11,8,7,13,10,10,7,0,4,4,10,8,22,51,52,53,11,4,3,0,0,0
10,9,11,8,7,12,18,9,4,5,1,10,13,12,14,57,54,52,9,5,4,0,0,0
5,8,0,6,12,8,10,9,9,5,10,9,2,4,11,34,55,53,15,11,4,0,1,0
7,5,0,7,10,14,12,3,0,0,0,6,10,7,0,11,52,43,15,11,5,1,2,6
0,5,11,9,0,10,11,0,0,3,0,0,0,9,12,9,50,54,14,10,8,0,6,4
4,6,0,10,11,11,8,0,0,3,4,1,0,8,6,11,22,39,11,7,7,10,0,4

0,6,1,4,2,1,6,3,4,6,12,2,0,0,5,2,0,3,7,1,1,3,0,5
0,0,3,10,7,0,0,12,3,13,26,20,45,13,8,0,0,0,0,2,5,0,0,10
0,12,0,26,27,13,13,29,53,55,98,104,68,66,31,11,5,4,5,10,8,3,0,9
0,1,0,7,7,7,11,52,62,83,108,108,109,108,88,40,22,11,8,8,9,0,0,0
0,6,0,0,10,0,19,62,72,72,72,101,90,94,71,42,11,8,0,7,0,0,0,0
0,0,0,0,0,2,13,45,51,60,66,74,71,64,60,55,12,2,5,2,4,0,0,0
0,0,0,0,0,0,6,27,51,50,58,60,18,53,21,14,12,0,1,7,3,0,0,0
0,1,0,0,0,0,9,47,63,67,63,63,66,57,54,8,13,0,0,0,0,0,0,0
0,0,0,0,16,35,69,76,85,78,77,84,84,72,69,63,50,26,10,0,0,0,0,0
5,9,14,14,61,66,97,100,100,115,118,105,114,99,82,69,61,58,53,11,0,0,0,0
5,13,44,58,70,90,112,125,145,143,149,135,124,130,125,113,93,71,59,52,12,0,0,0
0,37,58,56,71,89,112,172,190,177,168,140,143,167,192,187,123,67,59,57,53,0,0,0
11,34,52,50,31,67,90,144,156,159,170,177,170,167,178,168,117,82,54,53,67,56,5,0
9,63,66,13,13,79,101,117,139,157,168,159,160,155,134,117,108,76,9,14,71,68,12,2
6,20,30,8,11,8,70,107,131,153,151,146,141,127,84,84,93,13,11,10,54,71,32,3
12,12,5,0,0,0,71,78,104,124,139,128,103,91,81,78,55,6,0,0,7,60,54,9
57,36,14,5,6,11,56,62,67,80,83,108,95,88,71,63,51,0,9,12,39,58,57,23
29,23,14,13,12,12,34,60,99,111,116,84,115,119,92,66,48,26,5,6,29,37,34,15
23,24,14,8,14,28,73,112,129,113,107,116,136,135,124,79,77,52,0,10,4,19,35,9
14,13,8,13,41,77,107,134,136,138,145,144,139,128,113,115,98,11,0,7,9,5,20,0
11,12,10,14,12,43,111,134,149,145,148,152,136,124,94,78,72,10,8,6,10,29,17,12
13,14,23,29,43,82,112,146,185,177,195,181,170,156,137,133,97,43,6,0,5,11,6,0
8,12,12,38,64,78,134,166,193,200,207,203,210,191,161,137,112,56,11,0,10,14,10,0
9,12,27,45,88,104,134,171,199,225,239,221,211,197,171,147,126,103,14,6,4,8,9,5
17,13,22,27,47,88,120,156,192,210,237,213,208,188,158,144,125,105,24,8,2,9,11,10
12,39,32,34,55,101,105,125,143,163,146,149,177,168,150,138,121,105,42,12,11,9,12,14
13,14,12,20,35,55,100,102,107,108,91,108,124,133,139,116,104,100,33,11,14,10,10,12
13,14,11,0,10,14,44,100,81,45,43,54,101,103,101,103,77,88,33,11,9,14,13,8
13,14,11,8,17,22,51,84,75,50,47,49,49,62,70,88,100,83,10,2,7,0,8,4
0,10,5,6,10,20,36,52,48,45,42,42,51,66,83,89,71,58,14,0,0,3,0,6
6,9,3,7,11,14,55,86,79,52,47,34,48,54,62,58,60,51,10,11,10,5,1,7
0,7,0,20,31,35,106,240,153,81,53,35,46,84,76,65,57,53,4,9,9,2,0,0
9,11,11,13,26,37,90,113,70,54,50,22,19,14,54,65,57,52,3,5,0,0,0,7
12,11,11,13,51,69,67,48,54,36,13,13,14,0,31,56,53,30,7,0,0,0,0,6
9,8,14,14,50,82,77,67,31,14,10,3,2,7,11,28,50,18,13,0,0,0,0,0
0,15,10,11,47,77,64,60,42,12,6,0,0,0,0,35,50,50,10,0,0,0,0,0
5,7,8,3,12,45,55,50,10,5,6,9,7,5,12,51,62,63,12,5,0,0,0,0
0,5,6,12,8,7,3,9,6,8,7,5,10,9,14,51,57,59,16,5,0,0,0,1
0,6,11,8,7,13,10,10,7,0,4,4,10,8,22,51,52,53,11,4,3,0,0,0
10,9,11,8,7,12,18,9,4,5,1,10,13,12,14,57,54,52,9,5,4,0,0,0
5,8,0,6,12,8,10,9,9,5,10,9,2,4,11,34,55,53,16,11,4,0,1,0
7,5,0,7,10,14,12,2,0,0,0,6,10,7,0,11,52,42,15,11,5,1,2,6
0,5,11,9,0,10,11,0,0,3,0,0,0,9,12,9,50,54,14,11,8,0,6,4
4,6,0,10,11,11,8,0,0,3,4,1,0,8,6,11,21,40,11,7,7,9,0,4
