51,62,68,56,50,41,22,14,13,13,9,0,0,9,13,9,4,2,3,3,5,4,11,0
62,91,73,64,56,64,57,50,41,13,11,8,12,12,8,7,12,1,0,9,11,5,6,5
58,62,64,62,61,78,69,56,14,13,9,0,10,6,5,0,10,16,10,14,10,0,8,3
31,37,37,33,36,51,53,14,82,107,108,77,51,3,0,2,0,4,11,1,0,0,0,3
10,12,28,50,42,38,51,73,125,270,248,145,105,49,37,11,4,0,0,7,1,0,5,7
13,14,29,49,52,56,68,102,132,217,246,209,159,66,13,28,7,0,0,0,3,0,0,0
9,14,38,55,63,71,89,117,139,145,129,140,140,105,68,7,0,3,0,5,11,4,0,0
17,41,52,66,76,87,103,130,140,115,96,100,90,83,76,60,7,0,0,0,9,3,5,0
27,54,62,63,83,99,109,124,134,98,72,66,74,72,75,69,2,0,3,0,0,0,0,0
31,54,62,70,93,105,142,133,121,101,74,60,56,73,83,78,55,1,0,0,0,0,0,2
25,51,64,77,104,122,135,143,157,127,89,61,53,58,64,80,82,4,0,0,0,0,0,2
28,53,83,109,112,107,118,157,178,168,122,62,55,58,67,79,107,76,13,0,1,8,1,0
14,68,103,109,112,114,125,155,182,192,138,90,100,100,76,62,103,72,56,3,0,0,10,5
22,69,103,110,103,111,123,147,162,167,142,117,104,101,101,99,93,100,104,11,0,0,1,0
14,65,86,101,66,63,88,117,105,85,113,107,111,93,84,55,56,70,100,39,4,0,0,4
12,38,57,75,80,101,71,112,119,86,96,93,105,80,56,29,34,54,68,56,11,10,9,0
12,12,28,85,107,103,103,118,82,81,82,77,86,60,51,13,28,24,76,73,39,12,9,0
14,25,14,41,47,59,69,74,79,77,102,90,100,84,41,26,25,28,29,39,35,26,12,1
21,6,12,18,14,56,71,76,69,111,127,167,154,87,63,14,14,13,27,56,41,14,7,0
35,14,15,12,11,13,50,104,117,118,159,194,180,119,85,100,98,14,34,23,10,8,4,5
69,46,27,18,19,29,74,105,126,142,182,184,153,115,103,53,11,5,6,12,13,8,0,10
55,54,43,15,14,37,55,123,173,204,212,184,144,105,61,39,16,7,7,9,5,7,4,6
35,36,43,24,28,32,71,140,184,204,220,175,123,101,55,32,15,0,0,9,9,1,7,8
11,15,23,12,29,67,113,147,171,181,179,146,116,103,50,10,8,2,0,0,7,8,3,0
8,8,11,11,40,86,113,148,161,172,153,125,109,82,5,14,9,7,8,9,3,1,2,10
9,13,13,27,57,101,122,145,159,146,132,113,103,14,14,2,0,0,8,11,8,5,14,9
6,13,9,33,65,101,124,133,141,147,121,88,62,25,8,6,10,14,10,11,10,5,5,9
12,13,32,44,84,107,129,143,158,139,112,50,13,11,9,2,11,3,9,12,8,10,12,8
12,25,48,59,100,175,346,176,162,113,62,12,31,28,10,8,12,6,7,18,13,9,11,11
12,12,14,50,69,116,173,153,152,118,62,29,29,28,25,15,25,16,0,11,13,11,10,5
14,13,13,37,51,53,91,165,134,99,65,39,20,14,13,14,16,15,5,11,7,8,9,9
5,6,10,12,26,50,74,119,123,117,104,51,13,13,12,10,14,10,10,2,12,0,7,0
10,8,4,8,13,16,57,106,122,104,75,45,13,8,12,10,11,10,10,10,10,6,6,8
8,0,8,7,10,11,50,91,100,74,56,32,17,7,11,12,13,11,8,7,0,0,11,7
0,0,0,0,9,9,8,54,63,58,40,12,10,9,11,13,11,7,7,10,10,8,6,8
1,0,0,0,1,5,0,14,52,53,14,12,3,12,11,5,13,11,6,6,2,0,6,0
0,0,6,7,6,0,0,8,28,42,13,5,13,8,4,3,10,11,0,3,4,0,2,0
0,5,0,8,8,7,0,0,7,8,13,13,9,14,9,4,6,2,3,6,7,2,0,5
0,0,0,0,2,0,0,0,14,20,14,22,22,23,12,8,0,5,8,1,3,7,9,5
0,0,0,0,2,6,0,0,8,13,20,14,24,43,14,9,10,4,8,0,0,3,3,1
0,0,2,0,3,8,0,14,14,14,14,9,52,63,58,10,8,5,4,6,7,0,0,0
1,7,0,0,6,6,11,35,7,14,20,44,64,61,55,25,11,1,8,6,4,8,0,6
6,7,3,5,11,12,11,33,50,48,57,64,64,41,26,12,8,12,3,0,6,9,5,0
5,6,9,9,7,4,12,34,39,51,82,57,16,13,9,3,5,7,1,7,7,0,6,5

51,62,68,56,50,41,23,14,13,13,9,0,0,9,13,9,4,2,3,3,5,4,11,0
62,92,73,64,56,64,57,50,42,13,11,8,12,12,8,7,12,1,0,9,11,5,7,5
58,62,64,62,61,78,69,56,14,13,9,0,10,6,5,0,10,16,11,14,10,0,8,3
30,38,39,33,37,51,53,14,82,107,108,76,51,3,0,2,0,4,11,1,0,0,0,3
10,12,29,50,43,39,51,73,125,269,247,145,105,50,40,11,4,0,0,7,1,0,5,7
13,14,30,49,52,56,68,102,132,217,245,209,159,66,13,28,7,0,0,0,3,0,0,0
9,14,37,55,63,71,89,117,139,144,129,140,139,105,68,7,0,3,0,5,11,4,0,0
20,43,52,66,77,88,103,129,140,114,95,100,90,83,76,60,7,0,0,0,9,3,5,0
27,54,61,64,84,100,109,124,134,97,72,66,73,72,75,68,2,0,3,0,0,0,0,0
31,55,62,70,94,106,144,133,122,100,74,60,56,72,83,78,55,1,0,0,0,0,0,2
25,51,64,78,104,123,137,144,157,127,89,60,53,58,64,80,82,4,0,0,0,0,0,2
30,53,83,110,113,108,118,158,177,167,120,61,55,57,67,79,107,76,13,0,1,8,1,0
14,69,103,109,112,114,125,154,181,191,137,90,98,100,77,62,103,72,56,3,0,0,10,5
23,69,103,111,103,111,123,147,161,165,141,117,104,101,101,98,93,100,104,11,0,0,1,0
14,65,87,101,66,63,88,116,104,85,112,107,111,93,83,55,56,70,100,39,4,0,0,4
12,39,57,75,80,101,71,112,119,86,96,93,105,80,56,31,33,54,68,55,11,10,9,0
12,12,28,85,106,103,103,117,82,80,82,77,87,60,51,13,29,24,77,73,38,12,9,0
15,25,14,41,47,58,69,74,78,77,102,91,102,85,41,26,26,28,30,39,35,25,12,1
23,6,12,16,14,55,70,76,69,111,127,168,156,88,64,14,14,13,27,57,41,14,7,0
36,14,15,12,10,13,50,104,117,118,159,194,181,120,86,100,99,14,35,23,10,8,4,5
69,46,27,18,19,29,74,105,126,142,182,185,153,115,104,53,11,5,6,12,13,8,0,10
55,55,42,15,15,37,55,123,174,204,212,185,145,106,62,38,16,7,7,9,5,7,4,6
35,36,42,25,28,31,71,140,184,204,220,175,123,102,55,33,15,0,0,9,8,1,7,8
11,15,25,12,28,66,113,147,172,181,179,146,116,103,50,10,8,2,0,0,7,8,3,0
8,8,11,11,40,84,113,149,162,172,153,126,109,84,5,14,9,7,8,9,3,1,2,10
9,12,13,29,56,101,122,145,160,146,132,113,103,14,14,2,0,0,8,11,8,5,14,9
6,13,10,31,64,101,124,133,141,148,121,89,62,22,8,6,10,13,10,11,10,4,5,9
12,13,34,44,83,107,129,143,158,139,112,50,13,11,9,2,11,3,9,12,8,10,12,8
12,24,50,60,100,175,346,177,162,113,62,12,32,29,10,8,12,6,7,18,13,9,11,11
12,12,14,50,69,117,174,153,152,118,62,30,30,28,25,15,25,16,0,11,13,11,10,5
14,13,13,37,51,53,91,165,134,98,65,39,20,14,13,14,17,15,5,11,7,8,9,9
5,6,10,12,27,50,74,119,123,117,104,51,13,13,12,10,14,10,10,2,12,0,7,0
10,8,4,8,13,15,57,105,122,104,75,44,13,8,12,10,11,10,10,10,10,6,6,8
8,0,8,7,9,11,50,91,100,74,56,31,20,7,11,12,13,11,8,8,0,0,11,7
0,0,0,0,9,9,8,54,63,58,40,12,10,9,11,13,11,7,7,10,10,8,6,8
1,0,0,0,1,6,0,14,52,53,14,12,3,13,11,6,13,11,6,6,2,0,6,0
0,0,6,7,6,0,0,8,26,41,13,5,13,7,4,3,10,11,0,3,4,0,2,0
0,6,0,8,8,7,0,0,7,8,13,13,9,14,9,4,6,2,3,6,7,2,0,5
0,0,0,0,2,0,0,0,14,20,14,21,22,21,12,8,0,5,8,1,3,7,9,5
0,0,0,0,2,6,0,0,8,13,20,14,20,43,14,8,10,4,8,0,0,3,3,1
0,0,2,0,3,8,0,14,14,14,14,9,52,62,57,10,8,5,4,6,7,0,0,0
1,7,0,0,6,6,11,35,7,14,20,44,64,61,55,25,11,1,8,6,4,8,0,6
6,7,4,5,11,12,11,33,50,47,57,64,64,41,26,11,8,12,3,0,6,9,5,0
5,6,9,9,7,4,12,34,41,51,82,57,15,13,9,3,5,7,1,7,7,0,6,5

51,63,68,56,50,40,22,14,13,13,9,0,0,9,13,9,4,2,3,3,5,4,11,0
62,92,73,64,56,64,57,50,43,13,11,8,12,12,8,7,12,1,0,9,11,5,6,5
58,62,63,62,61,77,70,56,14,13,9,0,10,6,6,0,10,17,11,14,10,0,8,3
32,38,39,33,37,51,53,14,82,107,108,77,51,3,0,2,0,4,11,1,0,0,0,3
10,12,30,50,43,40,51,73,125,268,248,145,105,49,38,11,4,0,0,7,1,0,5,7
13,14,30,50,53,56,68,102,132,218,246,209,159,66,13,28,7,0,0,0,3,0,0,0
9,14,40,55,63,72,89,118,139,144,129,140,140,104,67,7,0,3,0,5,11,4,0,0
21,44,52,66,77,88,103,130,140,115,96,99,90,83,76,60,7,0,0,0,9,3,5,0
29,54,63,64,84,100,109,125,134,97,72,66,74,72,75,68,2,0,3,0,0,1,0,0
36,55,63,70,95,107,144,134,123,101,74,60,56,73,84,78,55,1,0,0,0,0,0,2
27,51,65,78,105,124,138,145,157,126,88,60,53,58,64,80,82,4,0,0,0,0,0,2
31,53,84,110,113,108,119,158,177,164,118,61,55,57,67,79,108,76,13,0,1,8,1,0
14,68,103,109,112,114,125,154,180,188,135,88,97,100,75,62,103,72,56,3,0,0,10,5
23,69,103,110,103,110,122,147,160,163,140,116,103,101,101,98,93,100,104,11,0,0,1,0
13,63,87,101,65,62,87,116,104,84,112,107,110,92,82,54,56,69,100,39,3,0,0,4
13,40,56,74,79,100,70,111,118,86,96,93,105,80,56,34,36,55,68,56,11,10,9,0
12,12,23,81,106,103,102,117,81,80,82,77,88,60,51,13,28,25,77,73,40,12,9,0
15,25,14,40,46,58,68,73,77,76,102,92,105,85,41,26,26,29,30,39,35,26,12,1
27,6,12,17,14,53,68,74,68,111,127,171,159,88,64,14,15,13,28,58,41,14,7,0
36,14,16,12,10,13,50,104,117,117,160,196,183,120,86,100,100,14,36,24,10,8,4,5
69,47,27,18,19,30,74,105,126,142,183,186,154,115,104,53,11,5,6,12,13,8,0,10
55,56,43,15,17,37,56,123,174,205,213,186,145,106,62,38,16,7,7,9,5,7,4,6
35,36,43,25,28,32,72,140,184,205,221,176,124,102,54,32,15,0,0,9,9,1,7,8
11,16,27,12,31,68,113,148,172,181,180,147,116,103,50,11,8,2,0,0,7,8,3,0
8,8,11,11,43,84,113,149,162,172,154,126,109,82,6,14,9,7,8,9,3,1,2,10
9,12,13,29,56,101,122,145,160,146,133,113,103,14,13,2,0,0,8,11,8,5,14,9
6,13,9,33,65,101,124,133,141,148,121,88,63,22,8,6,11,14,10,11,10,5,5,9
12,14,33,45,84,107,129,144,159,139,112,50,13,11,9,2,11,3,9,12,8,10,12,8
12,22,50,60,100,175,346,177,162,114,62,12,32,29,10,9,12,6,7,18,13,9,11,11
12,13,14,50,69,117,174,153,152,118,62,30,30,28,25,16,25,16,0,11,13,11,10,5
14,13,13,38,51,53,91,165,134,99,65,39,20,14,13,14,16,15,5,11,7,8,9,9
5,6,10,12,27,50,74,118,123,117,104,51,13,13,12,10,14,10,10,2,12,0,7,0
10,8,4,8,13,16,57,105,122,104,75,44,13,8,12,10,11,10,10,10,10,6,6,8
8,0,8,7,10,11,50,91,100,74,56,32,17,6,11,12,13,11,9,8,0,0,11,7
0,0,0,0,9,9,8,54,63,58,40,12,10,9,11,13,11,7,7,10,10,8,6,8
1,0,0,0,1,6,0,14,52,53,14,12,3,12,11,6,12,11,6,6,2,0,6,0
0,0,6,7,6,0,0,8,26,41,12,5,13,7,4,3,10,11,0,3,4,0,2,0
0,6,0,8,8,7,0,0,7,8,13,12,9,14,8,4,6,2,3,6,7,2,0,5
0,0,0,0,2,0,0,0,14,20,14,21,21,22,12,8,0,5,8,1,3,7,9,5
0,0,0,0,2,6,0,0,8,13,20,14,22,40,14,8,10,4,8,0,0,3,3,1
0,0,2,0,3,8,0,14,13,14,14,9,51,62,58,10,8,5,4,6,7,0,0,0
2,7,0,0,6,6,11,35,7,14,21,44,64,61,55,24,11,1,8,6,4,8,0,6
6,7,3,5,11,12,11,33,50,47,57,64,64,40,25,11,8,12,3,0,6,9,5,0
5,6,8,9,7,4,12,35,40,51,82,56,15,12,9,3,5,7,1,7,7,0,6,5

52,63,68,56,50,40,24,14,13,13,9,0,0,9,13,9,4,2,3,3,5,4,11,0
62,93,73,64,56,64,57,50,43,13,12,8,12,12,8,7,12,1,0,9,11,5,6,5
59,63,63,62,61,78,69,57,14,13,9,0,10,7,5,0,10,17,11,14,10,0,8,3
33,38,39,33,37,51,53,14,82,107,108,76,51,3,0,2,0,4,11,1,0,0,0,3
10,12,29,51,47,38,51,73,124,267,249,145,104,50,38,11,4,0,0,7,1,0,6,7
13,14,31,50,52,56,68,102,132,218,247,209,159,66,13,28,7,0,0,0,3,0,0,0
9,14,39,55,63,72,89,117,139,145,130,141,140,105,67,7,0,3,0,5,11,4,0,0
20,44,52,66,77,88,103,130,140,115,96,100,90,83,76,60,7,0,0,0,9,3,5,0
30,54,63,64,84,100,109,125,134,97,72,67,74,72,75,68,2,0,3,0,0,1,0,0
38,56,63,70,95,107,145,134,122,100,74,60,57,73,84,78,55,1,0,0,0,0,0,2
28,52,66,79,105,125,139,145,157,126,88,60,53,58,65,80,82,4,0,0,0,0,0,2
31,54,84,110,114,109,120,159,177,164,118,61,55,57,67,80,108,76,13,0,1,8,1,0
14,69,103,109,112,114,125,154,180,187,135,87,97,100,76,63,103,72,56,3,0,0,10,5
22,69,103,110,102,110,122,147,160,162,139,116,103,101,101,100,93,100,104,11,0,0,1,0
13,64,87,100,65,62,87,116,104,84,111,107,110,92,82,55,55,70,100,39,3,0,0,4
13,39,56,75,79,100,70,111,118,86,96,92,105,80,56,34,36,54,68,56,11,10,9,0
12,12,23,80,106,103,102,116,81,80,82,77,89,60,52,14,28,25,77,73,40,12,9,0
16,25,14,40,46,57,67,73,77,76,102,93,106,86,41,26,26,29,30,39,35,26,12,1
28,7,12,16,14,52,68,74,68,111,127,171,159,89,64,14,15,13,28,57,41,13,7,0
35,15,16,12,10,13,50,104,118,117,160,196,183,120,88,100,100,14,37,25,10,8,4,5
70,47,28,19,19,30,75,105,126,142,183,186,155,116,104,53,11,5,6,13,13,8,0,10
55,56,43,16,17,37,56,124,174,205,213,186,146,106,62,38,16,7,7,9,5,7,4,6
36,36,43,25,28,32,72,140,184,205,221,176,124,101,54,32,15,0,0,9,9,1,7,8
11,19,26,12,31,67,113,148,172,182,180,147,116,103,50,10,8,2,0,0,7,8,3,0
8,8,11,11,41,84,113,149,162,172,154,126,109,83,6,14,9,8,8,10,3,1,2,10
9,12,13,28,56,101,122,145,160,146,132,113,103,14,14,2,0,0,8,11,8,5,14,9
7,13,9,34,65,101,124,133,141,148,121,89,62,25,8,6,11,14,10,11,10,4,5,9
12,14,32,46,85,107,129,144,159,139,112,50,13,11,9,2,11,3,9,12,8,10,12,8
12,25,48,60,100,174,347,177,162,114,62,12,31,29,10,9,12,6,7,18,13,9,11,11
12,13,14,50,69,117,174,153,152,118,63,30,30,28,25,16,25,16,0,11,12,11,10,5
14,13,13,37,51,53,91,165,134,99,65,39,20,14,13,14,17,15,5,11,7,8,9,9
5,6,10,12,27,50,74,118,123,117,104,51,13,13,12,10,14,11,10,2,12,0,7,0
10,8,4,8,13,16,57,105,122,104,75,45,13,8,12,10,11,10,10,10,10,6,6,8
8,0,8,7,10,11,50,91,100,74,56,32,19,6,11,12,13,11,9,8,0,0,10,7
0,0,0,0,9,9,8,54,63,58,39,12,10,9,11,13,11,7,7,10,10,9,6,8
1,0,0,0,1,6,0,14,52,53,14,12,3,12,11,5,12,11,6,6,2,0,6,0
0,0,6,7,7,0,0,8,26,42,12,5,12,7,4,3,10,11,0,3,4,0,2,0
0,5,0,8,8,7,0,0,7,8,13,12,9,14,8,4,6,2,3,6,7,2,0,5
0,0,0,0,2,0,0,0,14,21,14,21,21,22,12,8,0,5,8,1,3,7,9,5
0,0,0,0,2,6,0,0,8,13,19,14,21,40,14,8,10,4,8,0,0,3,3,1
0,0,2,0,3,8,0,14,13,14,14,9,52,62,57,10,8,5,4,6,7,0,0,0
1,7,0,0,6,6,11,35,7,14,20,44,64,61,55,25,10,1,8,6,4,8,0,6
6,7,3,5,11,12,11,33,50,47,58,64,64,41,26,11,8,12,3,0,6,9,5,0
5,6,9,9,7,4,12,35,40,51,82,56,16,12,9,3,5,7,1,7,7,0,6,5

52,63,68,56,50,41,23,14,13,13,9,0,0,9,13,9,4,2,3,3,5,4,11,0
62,93,74,64,56,65,57,50,42,13,11,8,12,12,8,7,12,1,0,9,11,5,6,5
58,63,64,62,61,78,69,56,15,13,9,1,10,7,6,0,10,17,11,14,10,0,8,3
32,38,38,33,37,51,53,14,81,107,108,76,50,3,0,2,0,4,11,1,0,0,0,3
11,13,30,51,45,39,51,73,124,267,248,145,104,50,38,11,4,0,0,7,1,0,6,7
13,14,31,50,53,56,68,102,132,218,246,209,159,67,13,28,7,0,0,0,3,0,0,0
10,14,41,55,63,72,88,117,139,145,130,141,140,105,68,7,0,3,0,5,11,4,0,0
21,45,52,66,77,88,102,129,139,115,96,100,90,83,75,60,7,0,0,0,9,3,5,0
33,55,63,64,84,100,109,124,134,98,72,67,73,72,75,68,2,0,3,0,0,1,0,0
40,56,63,70,94,107,144,133,122,101,74,60,57,73,84,78,55,1,0,0,0,0,0,2
29,52,66,79,105,124,138,145,158,127,89,60,53,59,64,80,82,4,0,0,0,0,0,2
30,54,84,110,114,109,120,160,178,166,119,61,55,57,68,80,108,76,13,0,1,8,2,0
14,69,104,109,112,114,125,155,181,189,136,88,97,100,76,62,103,72,56,3,0,0,10,5
23,69,103,111,103,110,122,147,161,164,140,116,103,101,101,97,94,100,104,11,0,0,1,0
14,66,89,101,66,63,87,116,104,85,112,107,111,92,83,55,55,70,100,39,4,0,0,4
13,40,57,75,79,101,71,111,118,86,96,93,105,80,56,31,36,55,68,56,11,10,9,0
12,12,24,82,106,103,102,117,82,80,82,77,87,60,51,13,28,25,77,73,41,12,10,0
16,25,14,40,46,58,68,73,77,76,101,92,104,85,41,26,26,29,30,39,35,26,12,1
28,7,12,17,14,54,68,74,68,111,127,170,158,88,64,14,15,13,28,58,41,14,7,0
37,15,17,12,10,13,50,104,118,118,160,195,182,120,86,100,100,14,37,27,10,8,4,5
70,47,28,19,19,30,74,105,126,142,183,185,154,115,104,53,11,5,6,12,13,8,0,10
55,55,44,17,15,38,56,123,174,205,213,185,145,106,61,38,16,7,8,9,5,7,4,6
36,37,43,25,28,31,72,140,184,205,220,176,123,102,53,31,15,0,0,9,9,1,7,8
12,20,25,12,32,66,113,148,172,181,179,146,116,103,51,10,8,2,0,0,7,8,3,0
8,8,11,11,43,84,113,149,162,172,153,126,109,84,5,14,9,7,8,10,3,1,2,10
9,12,13,28,56,101,122,145,160,145,132,113,103,14,14,2,0,0,8,11,8,5,14,9
6,13,9,34,66,101,124,133,141,148,121,89,62,26,8,6,11,14,10,11,10,5,5,9
12,13,33,44,84,107,129,143,158,139,112,50,13,11,9,2,11,4,9,12,8,10,12,8
12,25,50,59,100,174,345,176,162,114,62,12,32,28,10,9,12,6,7,18,13,9,11,11
12,12,14,50,67,116,172,153,152,118,62,30,30,27,25,16,25,16,0,11,13,11,10,5
14,13,13,37,51,52,91,164,134,99,65,39,20,14,13,14,17,15,5,11,7,8,9,9
5,6,10,12,29,51,74,119,124,118,104,51,13,13,12,10,14,11,10,2,12,0,7,0
10,8,4,8,13,17,57,106,122,104,75,44,13,8,12,10,11,10,10,10,10,6,6,8
8,0,8,7,9,11,50,92,101,74,56,32,19,7,11,12,13,11,9,8,0,0,11,7
0,0,0,0,9,9,8,54,63,58,40,12,10,9,11,13,11,7,7,10,10,9,6,8
1,0,0,0,1,6,0,14,52,53,14,12,3,12,11,6,12,11,6,6,2,0,6,0
0,0,6,7,6,0,0,8,30,42,12,5,12,7,5,3,10,12,0,3,4,0,2,0
0,5,0,8,8,7,0,0,7,8,13,12,9,14,8,4,6,2,3,6,7,2,0,5
0,0,0,0,2,0,0,0,14,22,14,22,22,22,12,8,0,5,8,1,3,7,9,5
0,0,0,0,2,6,0,0,8,13,20,14,20,42,14,8,10,4,8,0,0,3,3,1
0,0,2,0,3,8,0,14,14,14,14,9,52,63,58,10,8,5,5,6,7,0,0,0
1,7,0,0,6,6,11,36,7,14,20,44,64,61,55,25,11,1,8,6,4,8,0,6
6,7,4,5,11,12,11,34,50,47,57,64,64,42,26,12,8,12,3,0,6,9,5,0
5,6,8,9,7,4,12,35,39,51,83,57,15,13,9,3,5,7,1,7,7,0,6,5

52,63,68,56,50,40,23,14,13,13,9,0,0,9,13,9,4,2,3,3,5,4,11,0
62,92,73,64,56,64,57,50,42,13,11,8,12,12,8,7,12,1,0,9,11,5,6,5
58,62,63,62,61,78,69,57,14,13,9,0,10,7,6,0,10,17,11,14,10,0,8,3
33,38,39,34,38,51,53,14,82,107,108,76,51,3,0,2,0,4,11,1,0,0,0,3
10,13,30,50,43,38,51,74,124,266,248,145,104,49,38,11,4,0,0,7,1,0,6,7
13,14,32,50,52,56,68,102,132,216,245,209,160,67,13,28,7,0,0,0,3,0,0,0
10,14,41,55,63,72,88,117,139,145,130,141,140,105,68,7,0,3,0,6,11,4,0,0
21,45,52,66,77,88,102,129,140,115,97,100,90,83,75,59,7,0,0,0,9,3,5,0
31,55,63,64,84,100,109,124,134,98,72,67,74,72,75,68,2,0,3,0,0,1,0,0
40,56,63,70,94,106,143,133,122,101,74,60,57,73,84,78,55,1,0,0,0,0,0,2
28,52,66,79,105,123,137,144,158,127,89,61,54,59,65,80,82,4,0,0,0,0,0,2
31,54,84,110,113,108,119,160,179,168,121,62,55,58,68,80,107,75,13,0,1,8,1,0
14,70,104,110,113,115,126,156,183,192,137,89,99,100,76,63,103,72,56,3,0,0,10,5
25,70,103,111,104,111,123,148,163,167,141,117,104,101,101,98,93,100,104,11,0,0,1,0
14,66,89,101,66,63,89,117,105,85,113,107,111,93,83,55,56,70,100,39,4,0,0,4
13,43,57,75,80,101,71,112,120,86,96,93,105,80,56,29,35,55,68,55,11,10,9,0
12,12,28,86,107,103,103,118,82,81,82,77,87,60,51,13,29,25,77,73,40,12,10,0
16,25,14,41,47,59,69,74,79,77,102,90,101,84,41,26,26,29,30,39,35,26,12,1
27,7,12,20,14,56,70,76,69,111,127,167,155,87,64,14,14,13,28,58,41,14,7,0
37,14,18,12,11,13,50,104,117,118,160,194,180,119,85,100,98,14,36,27,10,8,4,5
70,47,28,19,18,30,74,105,126,142,182,184,153,115,103,52,11,5,6,12,13,8,0,10
55,56,43,15,16,37,55,123,174,204,212,184,144,105,61,38,16,7,8,9,5,7,4,6
36,37,43,24,28,32,71,140,184,204,219,175,123,101,53,31,15,0,0,9,9,1,7,8
12,20,23,12,31,66,113,147,172,181,178,146,116,103,50,10,8,2,0,0,7,8,3,0
8,8,11,11,40,85,113,148,161,171,153,125,109,83,6,14,9,7,8,10,3,1,2,10
9,12,13,28,57,101,122,145,159,145,132,113,103,14,14,2,0,0,8,11,8,5,14,9
6,13,9,34,64,101,124,132,141,147,121,89,64,24,8,6,10,13,10,11,10,5,5,9
12,14,32,43,84,107,129,143,158,139,112,50,13,11,9,2,11,4,9,12,8,10,12,8
12,24,50,60,100,174,345,176,161,114,62,12,32,28,10,8,12,6,7,18,13,9,11,11
12,12,14,50,68,116,170,153,152,118,63,30,30,28,25,16,26,16,0,11,13,11,10,5
14,13,13,36,51,53,91,164,134,99,65,39,20,14,13,14,17,15,5,11,8,9,9,9
5,6,10,12,27,50,74,119,124,118,104,51,13,13,12,10,14,11,10,2,12,0,7,0
10,8,4,8,13,17,57,106,123,104,75,45,13,8,12,10,11,10,10,10,10,6,6,8
8,0,8,7,9,11,50,92,101,74,56,32,20,7,11,13,13,11,9,8,0,0,11,7
0,0,0,0,9,9,8,54,63,58,40,12,10,9,11,13,11,7,7,10,10,9,6,8
1,0,0,0,1,5,0,14,52,53,14,12,3,12,11,6,13,11,6,6,2,0,6,0
0,0,6,7,6,0,0,8,31,44,13,5,13,8,5,3,10,12,0,3,4,0,2,0
0,5,0,8,8,7,0,0,7,8,13,12,9,14,8,4,6,2,3,6,7,2,0,5
0,0,0,0,2,0,0,0,14,22,14,22,22,24,12,8,0,5,8,1,3,7,9,5
0,0,0,0,2,6,0,0,9,13,20,14,23,43,14,9,10,4,8,0,0,3,3,1
0,0,2,0,3,8,0,15,14,14,14,10,52,63,58,10,8,5,5,6,7,0,0,0
1,7,0,0,6,6,11,36,8,14,21,45,64,61,55,25,11,1,8,6,4,8,0,6
6,7,3,6,11,12,11,37,50,50,58,64,64,42,26,12,9,12,3,0,6,9,5,0
5,6,8,9,7,4,12,35,42,51,83,57,17,13,9,3,5,7,1,7,7,0,6,5

52,62,68,56,50,39,22,14,13,13,9,0,0,9,13,9,4,2,3,3,5,4,11,0
62,92,74,64,56,65,57,51,43,13,12,8,12,12,8,7,12,1,0,9,11,5,6,5
58,62,63,62,61,78,69,56,14,13,9,0,10,7,5,0,10,16,11,14,10,0,8,3
33,38,38,33,37,52,53,14,82,107,108,76,51,3,0,2,0,4,11,1,0,0,0,3
10,13,33,50,43,39,51,73,124,266,248,145,105,50,41,11,4,0,0,7,1,0,6,7
13,14,31,50,52,56,68,102,132,216,245,209,160,67,13,28,7,0,0,0,3,0,0,0
10,14,40,55,63,72,88,117,139,145,130,141,140,105,68,7,0,3,0,6,11,4,0,0
21,47,53,66,77,88,103,129,140,116,97,100,90,83,76,60,7,0,0,0,9,3,5,0
30,55,63,64,84,100,109,124,134,98,72,67,74,72,75,68,2,0,3,0,0,1,0,0
41,56,63,70,94,106,143,133,122,101,74,60,57,73,84,78,55,1,0,0,0,0,0,2
28,52,66,79,104,123,136,144,157,127,89,61,54,59,65,81,82,4,0,0,0,0,0,2
32,54,84,110,113,108,120,160,179,168,121,62,56,59,68,81,108,76,13,0,1,8,2,0
14,70,104,110,113,115,126,157,183,192,138,90,99,100,76,63,103,72,56,3,0,0,10,5
27,71,104,111,104,111,124,148,163,167,141,117,104,101,101,99,93,100,104,11,0,0,1,0
15,67,89,101,67,63,89,117,105,86,113,107,111,94,84,55,56,70,100,39,4,0,0,4
13,44,57,77,81,101,72,112,120,87,96,93,105,80,56,28,35,54,68,55,11,10,9,0
12,12,29,88,107,104,103,118,83,81,82,77,86,60,51,13,28,24,77,73,40,12,10,0
16,26,15,41,47,60,70,75,79,77,102,90,100,84,41,26,26,29,30,39,35,26,12,1
28,7,12,20,14,56,71,76,69,111,127,167,154,87,64,14,15,13,28,58,42,14,7,0
37,15,18,12,11,13,50,104,118,118,160,193,180,119,85,100,97,14,36,27,10,8,4,5
70,48,28,18,19,30,74,105,126,142,182,184,153,115,103,52,11,5,6,12,13,8,0,10
56,56,43,16,17,38,55,123,174,204,212,184,144,105,61,38,16,7,8,9,5,7,4,6
36,37,43,24,28,31,71,140,184,204,219,175,123,101,54,31,15,0,0,9,9,1,7,8
12,20,25,12,29,66,113,147,171,181,179,145,116,103,50,10,8,2,0,0,7,8,3,0
8,8,11,11,41,84,113,148,161,171,152,125,109,84,6,14,9,8,8,10,3,1,2,10
9,12,13,27,57,100,122,145,159,145,132,113,103,14,14,2,0,0,8,11,8,5,14,9
6,13,9,33,64,101,124,132,141,147,121,89,64,22,8,6,10,14,10,11,10,5,5,9
12,14,34,44,84,107,128,142,158,139,112,50,13,11,9,2,11,4,9,12,8,10,12,8
12,24,50,59,100,174,344,176,161,113,62,12,32,27,10,8,12,6,7,18,13,9,11,11
12,12,14,50,68,116,170,152,152,118,62,30,30,28,25,16,25,16,0,11,13,11,10,5
14,13,13,36,51,52,91,164,134,100,65,39,20,14,13,14,17,15,5,11,8,8,9,9
5,6,10,12,26,51,74,119,124,118,104,51,13,13,12,10,14,10,10,2,12,0,7,0
10,8,4,8,13,18,57,106,123,104,75,44,14,8,12,10,11,10,10,10,10,6,6,8
8,0,8,7,9,11,50,92,101,75,56,32,20,7,11,13,13,11,9,8,0,0,11,7
0,0,0,0,9,9,8,54,63,58,40,12,10,9,11,13,11,7,7,10,10,9,6,8
1,0,0,0,1,6,0,14,52,53,14,12,3,13,11,6,13,11,6,6,2,0,6,0
0,0,6,7,6,0,0,8,31,44,13,5,13,8,5,3,10,12,0,3,4,0,2,0
0,6,0,8,8,7,0,0,7,8,13,12,9,14,9,4,6,2,3,6,7,2,0,5
0,0,0,0,2,0,0,0,14,23,14,22,22,24,13,8,0,5,8,1,3,7,9,5
0,0,0,0,2,6,0,0,9,13,20,14,23,43,14,9,10,4,8,0,0,3,3,1
0,0,2,0,3,8,0,15,14,14,14,10,52,63,58,11,8,5,5,6,7,0,0,0
1,7,0,0,6,6,11,36,8,14,22,45,64,61,55,26,11,1,8,6,4,8,0,6
6,7,4,6,11,12,11,34,50,50,57,64,64,42,26,11,9,12,3,0,6,9,5,0
5,6,9,9,7,4,12,36,43,51,83,57,18,13,9,3,5,7,2,7,7,0,6,5

52,63,68,56,50,39,23,14,13,13,9,0,0,9,13,9,4,2,3,3,5,4,11,0
62,93,74,64,56,64,57,50,45,13,11,8,12,12,8,7,12,1,0,9,11,5,7,5
58,62,63,62,61,77,69,56,14,13,9,0,10,7,6,0,10,17,11,14,10,0,8,3
33,38,39,34,37,51,54,14,81,107,108,77,51,3,0,2,0,4,11,1,0,0,0,3
10,13,30,51,45,39,51,74,124,266,248,145,105,49,39,11,4,0,0,7,1,0,6,7
13,14,32,50,52,56,68,103,132,217,246,209,160,67,13,28,7,0,0,0,3,0,0,0
10,14,41,56,63,72,89,118,139,145,130,141,140,105,67,7,0,3,0,6,11,4,0,0
23,47,53,66,77,88,103,129,140,116,97,100,90,83,76,60,7,0,0,0,9,3,5,0
31,55,64,65,84,100,109,124,134,98,72,67,74,72,75,68,1,0,3,0,0,1,0,0
43,56,63,71,95,107,143,133,122,101,75,60,57,73,84,78,55,1,0,0,0,0,0,2
29,52,66,79,105,123,137,145,158,127,89,61,54,59,65,81,82,4,0,0,0,0,0,2
32,54,85,110,114,108,120,160,179,167,120,61,55,58,69,80,108,76,13,0,1,8,2,0
14,70,104,110,113,115,126,156,182,190,136,89,99,100,77,63,103,72,56,3,0,0,10,5
28,70,104,112,104,111,123,148,161,165,141,117,104,101,101,98,94,100,104,11,0,0,1,0
15,66,88,101,67,63,89,116,105,85,112,107,111,93,84,55,56,70,100,39,4,0,0,4
13,41,57,76,80,101,72,112,119,86,96,93,105,80,56,29,35,54,68,55,11,10,9,0
12,12,28,86,107,103,103,118,82,81,82,77,87,60,51,13,29,25,77,73,40,12,10,0
16,26,15,41,47,59,69,74,79,77,102,91,102,85,41,26,26,29,30,39,35,26,12,1
29,7,12,20,14,56,70,75,69,111,127,168,156,88,64,14,15,13,28,58,42,14,7,0
37,16,19,13,11,13,50,104,118,118,160,194,181,120,87,100,99,15,37,27,10,8,4,5
70,48,28,19,19,30,74,105,126,142,183,185,153,115,104,53,11,5,6,12,13,8,0,10
56,56,44,16,17,38,55,123,174,205,212,185,145,105,62,38,16,7,8,9,5,7,4,6
36,37,43,25,28,31,71,140,184,204,220,175,123,102,55,31,15,0,0,9,9,1,7,8
12,20,26,12,32,68,113,147,172,181,179,146,116,103,52,10,8,2,0,0,7,8,3,0
8,8,11,11,40,86,113,149,161,171,153,126,109,84,5,14,9,7,8,10,3,1,2,10
9,12,13,29,56,101,122,145,159,145,132,113,103,14,13,2,0,0,8,11,8,5,14,9
6,13,9,34,66,101,124,133,141,147,121,89,63,25,8,6,11,14,10,11,10,5,5,9
12,14,32,45,84,107,129,143,158,139,112,50,13,11,9,2,11,4,9,12,8,10,12,8
12,24,50,59,100,174,344,176,162,114,63,12,31,27,10,8,12,6,7,18,13,9,11,11
12,13,14,50,68,116,171,152,152,118,63,30,30,28,25,16,25,16,0,11,13,11,10,5
14,13,13,36,51,52,91,164,134,99,65,39,20,14,13,14,16,15,5,11,7,8,9,9
5,6,11,12,29,51,74,119,124,118,104,51,13,13,12,10,14,11,10,2,12,0,7,0
10,8,4,8,13,17,57,106,123,104,75,44,13,8,12,10,11,10,10,10,10,6,6,8
7,0,8,7,9,11,50,92,101,74,56,32,20,7,11,13,13,11,8,8,0,0,11,7
0,0,0,0,9,9,8,54,63,58,39,12,10,9,11,13,11,7,7,10,10,9,6,8
1,0,0,0,1,6,0,14,52,53,14,12,3,13,11,6,13,11,6,6,2,0,6,0
0,0,6,7,6,0,0,8,30,43,13,5,13,7,5,3,10,12,0,3,4,0,2,0
0,6,0,8,8,7,0,0,7,8,13,12,9,14,9,4,6,2,3,6,7,2,0,5
0,0,0,0,2,0,0,0,14,22,14,22,21,23,12,8,0,5,8,1,3,7,9,5
0,0,0,0,2,6,0,0,9,13,20,14,21,42,14,9,10,4,8,0,0,3,3,1
0,0,2,0,3,8,0,14,14,14,14,9,52,62,58,10,8,5,5,6,7,0,0,0
1,7,0,0,6,7,11,35,7,14,21,46,64,61,55,25,11,1,8,6,4,8,0,6
6,7,4,5,11,12,11,34,50,50,57,64,64,41,26,11,8,12,3,0,6,9,5,0
5,6,9,9,7,4,12,35,41,51,83,57,17,13,9,3,5,7,1,7,7,0,6,5

52,63,68,56,50,39,24,14,13,13,9,0,0,9,13,9,4,2,3,3,5,4,11,0
62,92,73,64,56,64,57,50,42,13,11,8,12,12,8,7,12,1,0,9,11,5,7,5
58,62,63,62,61,77,69,57,14,13,9,0,10,7,5,0,10,17,10,14,10,0,8,3
33,38,39,34,37,51,53,14,82,107,108,76,51,3,0,2,0,4,11,1,0,0,0,3
10,13,30,50,46,39,51,74,124,267,248,145,104,49,39,11,4,0,0,7,1,0,6,7
13,14,33,50,53,56,69,103,133,218,246,209,160,67,13,28,7,1,0,0,3,0,0,0
10,15,43,56,64,72,89,118,140,145,130,141,140,105,67,7,0,3,0,6,11,4,0,0
24,48,53,67,77,88,103,130,140,116,97,100,90,83,75,59,7,0,0,0,9,3,5,0
35,55,64,65,85,100,110,125,135,99,73,67,74,72,75,68,1,0,3,0,0,1,0,0
45,56,64,71,95,108,145,135,123,101,75,60,57,73,84,78,55,1,0,0,0,0,0,2
30,52,67,80,105,125,138,146,158,127,89,61,54,59,65,81,82,4,0,0,0,0,0,2
32,54,85,111,114,109,120,160,179,166,119,61,55,58,68,81,107,75,13,0,1,8,2,0
15,70,104,110,113,114,125,155,181,188,135,88,98,100,77,63,103,72,55,3,0,0,10,5
27,71,104,112,104,110,123,147,160,164,140,116,104,101,101,98,94,100,104,11,0,0,1,0
16,67,88,101,66,63,88,116,104,85,112,107,111,93,83,55,56,71,100,39,4,0,0,4
13,41,57,75,80,101,71,112,119,86,96,93,105,80,56,30,35,54,68,56,11,10,9,0
12,12,26,83,106,103,103,117,82,80,82,77,88,60,51,13,29,26,77,73,40,12,10,0
17,26,14,40,46,59,68,73,78,76,101,92,104,85,41,26,26,29,30,39,35,26,12,1
31,7,12,20,14,54,70,75,68,111,127,169,158,88,64,14,16,13,28,59,41,14,7,0
36,16,20,13,11,13,50,104,118,118,160,195,182,120,87,101,98,14,37,27,11,8,4,5
70,48,29,20,19,30,74,105,126,142,183,185,154,115,103,52,11,5,6,13,13,8,0,10
56,57,43,16,17,38,56,123,174,205,212,185,145,105,61,38,16,7,8,9,5,7,4,6
37,37,44,25,28,32,71,140,184,205,220,175,123,101,54,31,15,0,0,9,9,1,7,8
12,21,27,12,32,67,113,148,172,181,179,146,116,103,50,10,8,2,0,0,7,8,3,0
8,8,11,11,41,85,113,149,162,172,153,125,109,84,6,14,9,8,8,10,4,1,2,10
9,12,13,29,57,101,122,145,159,145,132,113,103,14,13,2,0,0,8,11,8,5,14,9
6,13,9,35,64,101,124,133,141,148,121,89,64,25,8,6,11,14,10,11,10,5,5,9
12,14,34,44,84,107,129,143,158,139,112,50,13,11,9,2,11,4,9,12,8,10,12,8
12,24,50,60,100,175,345,176,162,114,63,12,30,28,10,8,12,6,7,18,13,9,11,11
12,12,14,50,68,116,172,153,152,118,63,30,30,28,25,16,26,16,0,11,13,11,10,5
14,13,13,37,51,53,91,163,134,99,65,39,21,14,13,14,17,16,5,11,7,9,9,9
5,6,10,12,27,51,74,119,124,118,104,51,13,13,12,10,14,11,10,3,12,0,7,0
10,8,4,8,13,19,57,106,122,104,75,44,14,8,12,10,11,10,10,10,10,6,6,8
8,0,8,7,10,11,50,92,101,74,56,32,20,7,11,13,13,11,9,8,0,0,10,7
0,0,0,0,9,9,8,54,63,58,41,13,10,9,11,13,11,7,7,10,10,9,6,8
1,0,0,0,1,6,0,14,52,53,14,12,3,12,11,6,13,11,6,6,2,0,6,0
0,0,6,7,7,0,0,8,31,43,13,5,13,7,5,3,10,12,0,3,4,0,2,0
0,6,0,8,8,7,0,0,7,8,13,12,9,14,8,4,6,2,3,6,7,2,0,5
0,0,0,0,2,0,0,0,14,22,14,21,21,21,12,8,0,6,8,1,3,7,9,5
0,0,0,0,2,6,0,0,8,13,20,14,20,40,14,8,10,4,8,0,0,3,3,1
0,0,2,0,3,8,0,14,14,14,14,9,52,62,58,10,8,5,5,6,7,0,0,0
1,7,0,0,6,7,11,35,7,14,20,45,64,61,55,25,11,1,8,6,4,8,0,6
6,7,4,6,11,12,11,34,50,50,58,64,64,40,25,11,8,12,3,0,6,9,5,0
5,6,8,9,7,4,12,35,40,51,83,57,15,12,9,3,5,7,1,7,7,0,6,5

52,63,68,56,50,39,22,14,13,12,9,0,0,9,13,9,4,2,3,3,5,4,11,0
62,93,73,64,56,64,57,50,42,13,11,8,12,12,8,7,12,1,0,9,12,5,6,5
59,63,64,62,61,78,69,57,14,13,9,0,10,7,6,0,10,17,11,15,10,0,8,3
33,38,39,33,37,51,53,14,82,107,108,76,51,3,0,2,0,4,11,1,0,0,0,3
11,13,33,51,46,39,51,74,124,269,249,145,104,50,39,11,4,0,0,7,1,0,6,7
13,14,33,50,52,56,69,103,133,220,247,209,160,67,13,28,7,1,0,0,3,0,0,0
10,15,43,56,64,73,89,118,139,146,130,141,141,105,68,7,0,3,0,6,11,4,0,0
23,47,53,66,77,88,103,130,140,116,97,101,90,83,75,59,7,0,0,0,9,3,5,0
36,55,64,65,85,100,110,125,135,99,73,67,74,72,75,68,1,0,3,0,0,1,0,0
45,56,64,71,95,108,145,135,124,102,75,60,58,73,84,78,55,1,0,0,0,0,0,2
30,52,67,80,105,125,139,146,159,128,89,61,54,59,65,81,82,3,0,0,0,0,0,2
33,54,85,111,115,109,120,160,179,166,119,61,56,59,69,81,107,75,12,0,1,8,2,0
14,70,104,110,113,114,125,155,181,189,135,88,98,100,77,63,103,72,55,3,0,0,10,5
25,69,103,112,103,110,123,148,161,163,140,116,103,101,101,98,94,100,104,11,0,0,1,0
15,66,88,101,66,63,87,116,104,85,112,107,110,93,82,54,56,70,100,39,4,0,0,4
13,41,57,75,79,101,71,111,119,86,96,93,105,80,56,30,36,55,68,55,11,10,9,0
12,12,24,83,106,103,103,117,82,80,82,77,88,60,52,13,29,26,78,73,40,12,10,0
17,26,14,40,46,58,68,73,77,76,101,92,105,85,41,26,26,29,30,39,35,26,12,1
35,7,12,19,14,54,69,75,68,111,127,170,159,89,64,14,16,13,29,59,42,14,7,0
36,17,20,13,11,13,50,104,117,118,160,195,183,120,86,100,98,14,37,28,10,8,4,5
69,48,29,20,19,30,75,106,127,142,183,186,154,115,103,50,11,5,6,13,13,8,0,10
56,57,43,18,17,38,56,124,174,205,213,185,145,105,60,37,16,7,8,9,5,7,4,6
37,37,43,25,28,31,72,141,185,205,220,175,123,101,52,31,15,0,0,9,9,1,7,8
12,23,27,12,33,67,113,148,172,181,179,146,116,103,50,10,8,2,0,0,7,8,3,0
8,8,11,11,43,84,113,149,162,172,153,125,109,83,6,14,9,7,8,10,4,1,2,10
9,12,13,29,57,101,122,145,160,146,132,113,103,14,14,2,0,0,8,11,8,5,14,9
6,13,9,34,65,101,124,133,141,148,121,89,64,25,8,6,11,14,10,11,10,5,5,9
12,14,33,44,84,107,129,143,158,139,112,50,13,11,9,2,11,4,9,12,8,10,12,8
12,26,50,60,100,174,346,177,162,114,63,12,32,28,10,8,12,6,7,18,13,9,11,11
12,13,14,50,68,116,172,152,152,118,63,31,31,28,25,16,26,16,0,11,13,11,10,5
14,13,13,38,51,52,91,164,134,99,65,39,20,15,13,14,17,16,5,11,8,9,9,9
5,6,10,12,27,50,74,119,124,118,104,51,13,13,12,10,14,11,10,3,12,0,7,0
10,8,4,8,13,18,57,106,123,104,75,44,13,8,12,10,11,10,10,10,10,6,6,8
8,0,9,7,10,11,50,92,101,74,56,31,20,7,11,13,13,11,9,8,0,0,11,7
0,0,0,0,9,9,8,54,63,58,40,12,10,9,11,13,11,7,7,10,10,9,6,8
1,0,0,0,1,6,0,14,52,53,14,12,3,12,11,5,13,11,6,6,2,0,6,0
0,0,6,7,7,0,0,8,30,44,13,5,12,7,5,3,10,12,0,3,4,0,3,0
0,6,0,8,8,7,0,0,7,8,13,12,9,14,8,4,6,2,3,6,7,2,0,5
0,0,0,0,2,0,0,0,14,22,14,21,21,21,12,8,0,6,8,1,3,7,9,5
0,0,0,0,2,6,0,0,8,13,20,14,20,41,14,8,10,4,8,0,0,3,3,1
0,0,2,0,3,8,0,14,14,14,14,9,52,62,57,10,8,5,5,6,7,0,0,0
1,7,0,0,6,6,11,36,7,14,21,45,64,60,54,24,11,0,8,6,4,8,0,6
6,7,4,6,11,12,11,37,50,48,58,64,64,40,26,11,8,12,3,0,6,9,5,0
5,6,8,9,7,4,12,36,39,51,82,56,16,12,9,3,5,7,1,7,7,0,6,5

52,63,68,56,50,39,23,14,13,12,9,0,0,9,13,9,4,2,3,3,5,4,11,0
62,92,73,64,56,64,57,50,42,13,11,8,12,12,8,7,12,1,0,9,11,5,7,5
58,63,63,61,61,77,69,56,14,13,9,0,10,7,6,0,10,17,11,14,10,0,8,3
33,38,38,34,37,51,53,14,82,107,108,76,51,3,0,3,0,4,11,1,0,0,0,3
11,13,34,51,46,40,51,74,124,269,249,145,105,50,40,11,4,0,0,7,1,0,6,7
13,14,34,50,52,56,68,102,132,220,247,208,160,67,13,28,7,1,0,0,3,0,0,0
10,15,42,56,63,72,89,117,139,145,130,141,141,105,67,7,0,3,0,6,11,4,0,0
25,50,53,66,77,88,103,129,140,116,97,100,90,83,75,59,7,0,0,0,9,3,5,0
36,55,64,65,85,100,110,125,135,99,73,67,74,72,75,68,2,0,3,0,0,1,0,0
47,56,64,71,95,108,145,135,124,102,75,60,58,73,83,78,55,1,0,0,0,0,0,2
30,52,67,81,106,126,139,146,160,129,89,61,54,59,65,81,81,3,0,0,0,0,0,2
34,54,86,111,115,109,121,161,181,168,120,61,56,59,68,81,107,75,12,0,1,8,2,0
14,70,104,110,113,115,126,156,182,191,136,88,99,100,76,63,103,72,55,3,0,0,10,5
28,70,104,112,104,111,123,148,161,165,140,117,104,101,101,97,94,100,104,11,0,0,2,0
16,66,89,101,66,63,88,116,105,85,112,107,111,93,82,54,56,70,100,39,4,0,0,4
13,43,57,75,79,101,71,111,119,86,96,93,105,80,56,29,33,54,68,55,11,10,9,0
12,12,26,83,106,103,103,117,82,80,82,77,88,60,51,13,29,26,78,73,40,12,10,0
18,26,14,40,46,58,68,74,78,77,101,91,103,85,41,26,26,29,30,39,35,26,12,1
33,7,12,20,14,53,69,74,68,110,127,169,157,88,64,14,15,13,29,58,41,14,7,0
37,18,20,13,11,13,50,104,117,118,160,195,182,120,86,100,98,14,37,28,11,8,4,5
69,49,30,20,19,30,74,105,126,142,183,185,153,115,103,50,11,5,6,13,13,8,0,10
56,57,43,18,18,38,56,124,174,204,212,184,144,105,60,37,16,7,8,9,5,7,4,6
37,37,43,25,28,32,72,140,184,204,219,175,123,101,53,31,15,0,0,9,9,1,7,8
12,21,26,12,31,67,113,148,172,181,179,146,116,103,48,10,8,2,0,0,7,9,3,0
8,8,11,11,41,85,113,149,161,171,153,125,109,83,6,14,9,8,8,10,3,1,2,10
9,12,13,29,56,101,122,145,159,145,132,113,103,14,14,2,0,0,8,11,8,5,14,9
6,13,9,33,65,101,124,132,141,147,121,89,64,22,8,6,10,14,10,11,10,5,5,9
12,13,32,44,84,107,129,143,158,139,112,50,13,11,9,2,11,4,9,12,8,10,12,8
12,25,50,60,100,174,345,176,162,114,63,12,31,29,10,8,13,6,7,18,13,9,11,11
12,12,14,50,68,116,171,153,152,118,63,30,30,29,25,16,26,17,0,12,13,11,10,5
14,13,13,37,51,53,91,164,134,99,65,39,20,15,13,14,17,16,5,11,8,9,9,9
5,6,10,12,27,51,74,119,124,118,104,51,13,13,12,10,14,11,10,3,12,0,7,0
10,8,4,8,13,19,57,106,123,105,75,45,14,8,12,10,11,10,10,10,10,7,6,8
8,0,9,7,9,11,50,92,101,75,56,32,20,7,11,13,13,11,9,8,0,0,11,7
0,0,0,0,9,9,8,54,63,58,40,12,10,9,11,13,11,7,7,10,10,9,7,8
1,0,0,0,1,6,0,14,52,53,14,12,3,12,11,6,13,11,6,6,2,0,6,0
0,0,6,7,7,0,0,8,33,42,13,5,12,7,5,3,10,12,0,3,4,0,2,0
0,6,0,8,8,7,0,0,7,8,13,12,9,14,8,4,6,2,3,6,7,2,0,5
0,0,0,0,2,0,0,0,14,23,14,22,22,21,12,8,0,5,8,1,3,7,9,5
0,0,0,0,2,6,0,0,9,13,20,14,21,40,14,8,10,4,8,0,0,3,3,1
0,0,2,0,3,8,0,15,14,14,14,9,52,62,57,10,8,5,5,6,7,0,0,0
1,7,0,0,6,6,11,37,8,14,21,45,64,61,55,25,11,1,8,6,4,8,0,6
6,7,4,5,11,12,11,36,50,50,58,64,64,41,26,11,8,12,3,0,6,9,5,0
5,6,8,9,7,4,12,38,41,51,83,57,16,13,9,3,5,7,1,7,7,0,6,5

52,63,68,56,49,37,22,14,13,12,9,0,0,9,13,9,4,2,3,3,5,4,11,0
62,92,73,64,56,64,57,50,42,13,11,8,12,12,8,7,12,1,0,9,11,6,7,5
58,63,63,62,61,78,69,56,14,13,9,0,10,7,6,0,10,17,11,15,10,0,8,3
33,40,39,34,37,52,53,14,82,107,108,76,51,3,0,3,0,4,11,1,0,0,0,3
11,13,33,51,46,40,51,74,125,269,248,144,105,50,41,11,4,0,0,7,1,0,6,7
13,14,33,50,52,56,68,102,132,220,247,208,160,67,13,28,7,1,0,0,3,0,0,0
10,15,42,55,63,72,89,117,139,145,130,141,141,105,67,7,0,3,0,6,11,4,0,0
25,50,53,66,77,88,103,129,140,116,97,101,91,83,76,59,7,0,0,0,9,3,5,0
36,55,64,65,84,100,109,124,135,99,73,67,74,72,75,68,2,0,3,0,0,1,0,0
46,56,63,71,95,107,143,134,123,102,75,60,58,73,84,78,55,1,0,0,0,0,0,2
30,52,66,80,105,124,138,146,160,129,90,61,54,59,65,81,81,3,0,0,0,0,0,2
34,54,85,111,115,109,121,162,182,170,121,62,56,59,69,81,107,75,12,0,1,8,2,0
15,71,105,110,114,115,126,157,184,193,138,90,100,100,77,64,103,72,55,3,0,0,10,5
29,71,104,113,104,111,124,148,163,167,141,117,104,101,101,97,93,100,104,11,0,0,2,0
18,67,90,102,67,63,89,117,105,86,113,107,111,93,83,54,56,70,100,39,4,0,0,4
13,45,58,76,81,101,72,112,120,87,96,93,105,80,56,28,34,54,68,55,11,10,9,0
12,12,29,87,107,103,103,118,82,81,82,77,87,60,51,13,29,26,78,73,40,12,10,0
18,26,15,41,47,59,69,74,79,77,101,90,100,84,41,26,26,29,30,39,35,26,12,2
31,7,12,22,14,55,70,75,69,111,127,167,155,88,64,14,16,13,29,58,42,14,7,0
37,17,20,13,11,13,50,104,118,118,159,193,180,119,86,100,97,14,36,27,11,8,4,5
69,49,29,20,19,30,74,105,127,142,182,184,152,115,103,49,11,5,6,13,13,8,0,10
56,57,45,16,17,38,55,123,174,205,212,184,144,104,60,37,15,7,8,9,6,7,4,6
37,37,43,24,28,32,71,140,184,204,219,174,123,101,53,30,14,0,0,9,9,1,7,8
12,23,28,12,31,67,113,147,171,180,178,145,116,103,50,10,8,2,0,0,7,9,3,0
8,8,11,11,41,85,113,148,161,171,152,125,109,84,6,14,9,8,8,10,4,1,2,10
9,12,13,29,57,101,122,145,159,145,132,113,103,14,14,2,0,0,9,11,8,5,14,9
6,13,9,31,64,101,124,132,140,147,121,89,64,22,8,6,10,14,10,11,10,5,5,9
12,14,32,46,85,107,129,143,158,139,112,50,13,11,9,2,11,4,9,12,8,10,12,8
12,22,50,59,100,175,345,176,161,113,62,12,32,27,10,8,12,6,7,18,13,9,11,11
12,12,14,50,69,116,170,153,152,118,63,30,30,28,25,16,26,17,0,12,13,11,10,5
14,13,13,37,51,52,92,164,134,100,65,39,20,14,13,14,17,15,5,11,8,8,9,9
5,6,10,12,29,50,74,119,124,118,104,51,13,13,12,10,14,11,10,3,12,0,7,0
10,8,4,8,13,19,57,106,123,105,75,45,14,8,12,10,11,10,10,10,10,6,6,8
8,0,9,7,10,11,50,93,102,75,56,32,20,7,11,13,13,11,9,8,0,0,11,7
0,0,0,0,9,9,8,54,63,58,40,13,10,9,11,13,11,7,7,10,10,9,6,8
1,0,0,0,1,6,0,14,52,53,14,12,3,12,11,6,12,11,6,6,2,0,6,0
0,0,6,7,6,0,0,8,34,43,13,5,13,7,5,3,10,12,0,3,4,0,2,0
0,6,0,8,8,7,0,1,7,8,13,12,9,14,8,4,6,2,3,6,7,2,0,5
0,0,0,0,2,0,0,0,14,23,14,22,21,23,12,8,0,5,8,1,3,7,9,5
0,0,0,0,2,6,0,0,9,13,20,14,21,42,14,8,10,4,8,0,0,3,3,1
0,0,2,0,3,8,0,16,14,14,14,9,52,62,57,10,8,5,5,6,7,0,0,0
1,7,0,0,6,7,11,36,8,14,21,47,64,61,55,25,11,1,8,6,4,8,0,6
6,7,3,6,11,12,11,37,50,50,58,64,64,42,26,11,8,12,3,0,6,9,5,0
5,6,9,9,7,4,12,37,42,51,83,57,17,13,9,3,5,7,2,7,7,0,6,5

52,63,67,56,50,38,22,14,13,12,9,0,0,9,13,9,4,2,3,3,5,4,11,0
62,93,73,64,56,63,57,50,41,13,11,8,12,12,8,7,12,1,0,9,12,6,7,5
58,62,63,61,60,77,69,56,14,13,9,0,10,7,5,0,10,16,10,14,10,0,8,3
33,39,39,34,37,51,53,14,82,107,108,76,51,4,0,3,0,4,11,1,0,0,0,3
11,13,31,50,42,39,51,74,124,269,248,144,105,50,40,11,4,0,0,7,1,0,6,7
13,14,33,50,52,56,68,102,132,219,246,208,160,67,13,28,7,1,0,0,3,0,0,0
10,15,42,56,63,72,89,117,139,145,130,141,141,105,68,7,0,3,0,6,11,4,0,0
25,50,53,66,77,88,103,129,140,116,97,101,91,83,76,59,7,0,0,0,9,3,5,0
36,55,64,65,84,100,109,124,135,99,73,67,74,72,75,68,2,0,3,0,0,1,0,0
46,56,64,71,95,107,143,134,123,102,75,60,58,73,84,78,55,1,0,0,0,0,0,2
30,52,67,80,105,124,137,145,159,130,91,61,55,59,65,81,82,3,0,0,0,0,0,2
33,54,86,111,115,109,120,161,182,171,123,62,56,60,69,81,108,75,13,0,1,8,2,0
18,71,105,110,114,116,126,157,185,194,139,91,100,100,78,64,103,72,55,3,0,0,10,5
29,72,104,112,105,112,124,148,164,169,142,118,104,101,101,98,93,100,104,11,0,0,2,0
20,68,90,102,67,64,90,117,106,86,113,108,111,94,84,55,56,70,100,38,4,0,0,4
13,44,58,77,81,102,72,112,120,87,96,93,105,80,56,28,33,54,68,55,11,10,9,0
12,13,31,90,107,104,103,118,83,81,82,77,86,60,51,13,29,26,78,73,40,12,10,0
18,26,16,41,47,60,70,75,80,77,101,90,99,84,41,26,26,29,30,39,35,26,12,1
33,7,13,23,14,57,72,76,69,111,127,165,154,87,64,14,15,13,29,58,41,14,7,0
36,17,20,13,11,13,50,104,118,118,159,193,179,119,85,100,97,14,37,28,11,8,4,5
69,49,29,20,19,30,74,105,126,142,182,183,152,115,103,50,11,5,6,13,13,8,0,10
56,57,44,17,17,38,55,123,174,204,211,183,144,105,61,37,15,7,8,9,6,7,4,6
37,37,43,25,28,31,71,140,184,203,218,174,122,101,53,30,14,0,0,9,9,1,7,8
12,21,27,12,31,67,113,147,171,181,178,145,116,103,51,10,8,2,0,0,7,8,3,0
8,8,11,11,41,85,113,148,161,171,152,125,109,84,6,14,9,8,8,10,3,1,2,10
9,12,13,29,56,100,122,145,159,145,132,113,103,14,13,2,0,0,9,11,8,5,14,9
6,13,9,35,65,101,124,132,140,147,120,89,63,25,8,6,10,13,10,11,10,5,5,9
12,14,34,44,84,107,129,142,158,139,112,50,13,11,9,2,11,4,9,12,8,10,12,8
12,24,48,60,100,175,344,176,161,113,62,12,30,28,10,8,13,6,7,18,13,9,11,11
12,12,14,50,68,116,169,152,152,118,63,30,30,27,25,16,25,16,0,12,13,11,10,5
14,13,13,37,51,53,92,163,134,100,65,39,20,15,13,14,17,16,5,11,8,9,9,9
5,6,10,12,27,51,74,119,124,118,104,51,13,13,12,10,14,11,10,3,12,0,7,0
10,8,4,8,13,19,57,106,123,105,75,44,14,8,12,10,11,10,10,10,10,6,6,8
8,0,8,7,9,11,50,93,102,75,56,32,20,7,11,13,13,11,9,8,0,0,11,7
0,0,0,0,9,9,8,54,63,58,40,13,10,9,11,13,11,7,7,10,10,9,6,8
1,0,0,0,1,6,0,14,52,53,14,12,3,13,11,6,13,11,6,6,2,0,6,0
0,0,6,7,7,0,0,8,33,44,13,5,12,7,5,3,10,12,0,3,4,0,2,0
0,6,0,8,8,7,0,1,8,8,13,12,9,14,8,4,6,2,3,6,7,2,0,5
0,0,0,0,2,0,0,0,14,24,15,22,22,23,12,8,0,5,8,1,3,7,9,5
0,0,0,0,2,6,0,0,9,13,20,14,23,41,14,9,10,4,8,0,0,3,3,1
0,0,2,0,3,8,0,16,14,14,14,10,52,62,58,10,8,5,5,6,7,0,0,0
1,7,0,0,6,7,11,36,8,14,22,47,64,61,55,25,11,1,8,6,4,8,0,6
6,7,4,5,11,12,11,38,50,50,58,65,64,42,26,11,8,12,3,0,6,9,5,0
5,6,9,9,7,4,12,38,42,51,83,57,18,13,9,3,5,7,1,7,7,0,6,5

52,63,68,56,50,37,22,14,13,12,9,0,0,9,13,9,4,2,3,3,5,4,11,0
62,93,73,64,56,64,57,50,41,13,11,8,12,12,8,7,12,1,0,9,11,6,7,5
58,62,63,62,60,77,69,56,14,13,9,0,10,7,5,0,10,16,11,14,10,0,8,3
33,39,38,34,37,51,53,14,82,107,108,76,50,3,0,3,0,4,11,1,0,0,0,3
11,13,34,50,45,41,51,74,124,268,246,144,105,50,40,11,4,0,0,7,1,0,6,7
13,14,33,50,52,56,69,103,132,218,245,207,159,67,13,28,7,1,0,0,3,0,0,0
10,16,44,56,63,72,89,118,139,145,130,141,140,105,67,7,0,3,0,6,11,4,0,0
27,50,53,67,78,88,103,130,140,116,97,101,90,83,75,59,7,0,0,0,9,3,5,0
38,55,64,65,85,100,109,125,135,99,73,67,74,72,75,68,2,0,3,0,0,1,0,0
45,56,63,71,95,107,144,134,123,102,75,60,58,73,84,78,55,0,0,0,0,0,0,2
31,52,66,81,105,125,138,146,160,129,90,61,55,59,65,81,82,3,0,0,0,0,0,2
33,54,85,111,115,109,121,161,182,170,122,62,56,60,69,81,107,75,13,0,1,8,2,0
18,71,105,111,114,115,126,157,184,193,138,90,100,100,77,64,103,72,55,3,0,0,11,5
29,72,104,113,105,111,124,148,163,168,142,117,104,101,101,96,93,100,104,11,0,0,2,0
23,69,90,102,67,63,89,117,105,86,113,107,111,94,84,54,56,71,100,39,4,0,0,4
13,44,58,77,81,101,72,112,120,86,96,93,105,81,56,29,34,54,68,55,11,10,9,0
12,13,30,88,107,104,103,118,82,81,82,77,86,60,51,13,28,26,78,73,40,12,10,0
18,26,16,41,47,60,70,75,79,77,101,90,101,85,41,26,26,29,30,39,35,26,12,1
33,7,13,23,14,57,72,75,69,111,127,167,156,88,64,14,16,13,29,58,41,14,7,0
35,16,20,13,11,13,50,104,117,118,159,193,181,120,86,100,97,14,36,28,11,8,4,5
69,49,29,20,19,30,74,105,127,142,182,184,153,115,103,51,11,5,6,13,13,8,0,10
56,56,43,17,17,37,56,124,174,204,212,184,144,105,61,38,16,7,8,9,6,7,4,6
37,37,43,25,28,31,71,140,184,204,219,174,123,101,54,31,15,0,0,9,9,1,7,8
11,19,25,12,29,67,113,148,172,181,178,145,116,103,50,10,8,2,0,0,7,9,3,0
8,8,11,11,40,85,113,149,161,171,153,125,109,84,6,14,9,7,8,10,4,1,2,10
9,12,13,28,56,101,122,145,159,145,132,113,103,14,13,2,0,0,8,11,8,5,14,9
6,13,9,34,66,101,124,132,141,147,121,90,64,24,8,6,10,14,10,11,10,5,5,9
12,14,34,43,84,107,128,142,158,139,112,50,13,11,9,2,11,4,9,12,8,10,12,8
12,24,50,60,100,175,343,175,161,114,63,12,32,26,10,8,12,6,7,18,13,9,11,11
12,12,14,50,68,116,169,152,152,118,63,30,30,28,25,16,26,16,0,11,13,11,10,5
14,13,13,37,51,52,92,163,134,100,65,39,20,14,13,14,17,16,5,11,8,9,9,9
5,6,10,12,27,50,74,119,124,118,104,51,13,13,12,10,14,11,10,3,12,0,7,0
10,8,4,8,13,18,57,106,123,105,75,44,13,8,12,10,11,10,10,10,10,6,6,8
8,0,8,7,9,11,50,92,102,75,56,32,20,7,11,13,13,11,9,8,0,0,10,7
0,0,0,0,9,9,8,54,63,58,40,13,10,9,11,13,11,7,7,10,10,9,7,8
1,0,0,0,1,5,0,14,52,53,14,12,3,13,11,5,13,11,6,6,2,0,6,0
0,0,6,7,7,0,0,8,33,44,13,5,13,7,5,3,10,12,0,3,4,0,2,0
0,6,1,8,8,7,0,1,8,8,13,12,9,14,8,4,6,2,3,6,7,2,0,5
0,0,0,0,2,0,0,0,14,24,14,22,21,22,13,8,0,6,8,1,3,7,9,5
0,0,0,0,2,6,0,0,9,13,20,14,20,42,14,8,10,4,8,0,0,3,3,1
0,0,2,0,3,8,0,15,14,14,14,9,52,62,57,10,8,5,5,6,7,0,0,0
1,7,0,0,6,7,11,36,8,14,21,46,64,61,55,25,11,1,8,6,4,8,0,6
6,7,4,6,11,12,11,37,50,50,58,64,64,41,26,11,8,12,3,0,6,9,5,0
5,6,9,9,7,4,12,38,41,51,83,57,16,13,9,3,5,7,1,7,7,0,6,5

52,63,68,56,49,37,22,14,13,12,9,0,0,9,13,9,4,2,3,3,5,4,11,0
62,93,73,64,56,64,57,50,40,13,11,8,12,12,8,7,12,1,0,9,12,6,7,5
58,62,63,62,61,77,69,56,14,13,9,0,10,7,6,0,10,17,11,14,10,0,8,3
34,39,39,33,37,51,53,14,82,107,108,76,50,3,0,3,0,4,11,1,0,0,0,3
11,13,34,51,47,41,51,74,125,268,246,144,104,49,40,11,4,0,0,7,1,0,6,7
13,14,33,50,53,57,69,103,133,220,246,207,159,67,13,28,7,1,0,0,3,0,0,0
10,17,45,56,64,73,90,118,139,145,130,141,140,105,67,7,0,3,0,6,11,4,0,0
28,50,53,67,78,89,104,130,140,116,97,101,90,83,75,59,7,0,0,0,9,3,5,0
39,55,65,66,85,101,110,125,135,99,73,67,74,72,75,68,1,0,3,0,0,1,0,0
46,56,64,72,96,108,145,135,124,102,75,60,58,73,84,78,55,1,0,0,0,0,0,2
30,52,67,82,106,126,140,147,160,128,89,61,55,59,65,81,81,3,0,0,0,0,0,2
35,55,86,112,116,110,121,162,182,169,120,62,56,60,69,81,107,75,12,0,1,8,2,0
17,71,105,111,114,115,126,156,183,191,137,89,100,100,78,64,103,72,55,3,0,0,10,5
30,71,104,113,104,111,123,148,162,166,141,117,104,101,101,96,94,100,104,11,0,0,2,0
20,69,90,102,67,63,88,116,105,86,112,107,111,94,84,54,56,71,100,37,4,0,0,4
13,43,58,76,80,101,71,112,119,86,96,93,105,81,56,29,35,54,68,55,11,10,9,0
13,13,29,87,107,103,103,118,82,80,82,77,88,60,51,13,30,25,78,73,39,12,10,0
19,26,15,41,47,59,69,74,78,77,101,91,104,86,41,26,27,29,30,39,35,26,12,2
35,7,12,22,14,56,71,75,69,111,127,168,158,89,64,14,16,13,29,59,41,14,7,0
37,17,20,13,11,13,50,104,118,118,160,194,182,120,87,100,99,14,37,28,11,8,4,5
69,48,29,20,19,30,74,105,126,142,183,185,153,115,103,50,11,5,6,13,13,8,0,10
56,56,43,16,18,38,56,124,174,205,212,184,144,105,61,37,16,7,8,9,6,7,4,6
36,37,44,24,28,32,72,140,184,204,219,175,123,101,54,31,14,0,0,9,9,1,7,8
12,19,26,12,29,67,113,148,171,181,179,146,116,103,50,10,8,2,0,0,7,8,3,0
8,8,11,11,43,84,113,148,161,171,153,125,109,85,6,14,9,8,8,10,4,1,2,10
9,12,13,29,56,101,122,145,159,145,132,113,103,14,13,2,0,0,9,11,8,5,14,9
6,13,10,33,65,101,123,132,141,147,121,90,65,25,8,6,10,14,10,11,10,5,5,9
12,14,33,44,84,106,128,143,158,139,112,51,13,11,9,2,11,4,9,12,8,10,12,8
12,25,50,59,100,174,343,176,161,114,63,12,31,27,10,8,12,6,7,18,13,9,11,11
12,12,14,50,68,116,169,152,152,118,63,30,30,28,25,16,26,16,0,12,13,11,10,5
14,13,13,37,51,53,91,163,134,100,65,39,21,15,13,14,17,16,5,11,8,9,9,9
5,6,10,12,27,50,74,119,124,118,104,51,13,13,12,10,14,11,10,3,12,0,7,0
10,8,4,8,13,20,57,106,123,105,75,44,14,8,12,10,11,10,10,10,10,6,6,8
8,0,8,7,9,11,50,93,102,75,56,33,20,7,11,13,13,11,9,8,0,0,10,7
0,0,0,0,9,9,8,54,63,58,41,13,10,9,11,13,11,7,7,10,10,9,6,8
1,0,0,0,1,6,0,14,52,53,14,12,3,12,11,6,13,11,6,6,2,0,6,0
0,0,6,7,7,0,0,8,35,43,13,5,13,7,5,3,10,12,0,3,4,0,2,0
0,6,0,8,8,7,0,1,7,8,13,12,9,14,8,4,6,2,3,6,7,2,0,5
0,0,0,0,2,0,0,0,14,24,14,21,22,21,12,8,0,5,8,2,3,7,9,5
0,0,0,0,2,6,0,0,9,13,20,14,21,41,14,8,10,4,8,0,0,3,3,1
0,0,2,0,3,8,0,15,14,14,14,10,52,62,58,10,8,5,5,6,7,0,0,0
1,7,0,0,6,7,11,36,8,14,21,46,64,61,55,25,11,1,8,6,4,8,0,6
6,7,4,6,11,12,11,36,50,50,58,64,64,41,26,11,8,12,3,0,6,9,5,0
5,6,9,9,7,4,13,38,41,51,83,57,15,13,9,3,5,7,1,7,7,0,6,5
51,51,50,45,30,22,12,5,14,21,7,8,6,9,11,9,6,1,3,0,1,3,4,8
54,83,65,56,57,56,53,31,19,10,6,9,4,12,10,8,4,0,0,0,6,1,4,10
58,80,71,59,63,62,51,12,12,13,14,12,12,12,9,0,0,1,0,0,6,7,4,8
28,57,55,45,21,14,20,12,63,90,95,59,18,9,0,0,0,0,0,0,6,6,6,6
11,12,13,10,12,10,22,70,135,215,133,119,69,11,1,5,1,0,4,0,0,0,0,0
5,7,3,12,5,32,71,96,118,132,118,97,81,67,44,20,6,5,9,11,2,4,2,8
0,0,0,5,51,83,129,133,142,120,94,80,86,81,64,50,31,12,11,12,11,10,9,7
5,6,3,11,65,114,170,223,192,114,61,57,60,70,61,57,16,2,3,6,1,4,4,1
8,0,11,51,78,134,204,265,186,107,71,60,53,41,45,45,46,45,11,0,0,0,0,1
7,12,51,69,118,183,262,304,201,130,91,62,55,46,12,13,50,58,23,13,10,8,1,0
10,52,62,89,135,253,254,251,227,165,110,65,55,53,35,13,31,57,55,12,4,6,4,1
2,35,71,115,162,221,239,268,262,212,125,67,58,55,51,26,14,42,52,20,17,0,0,0
12,26,58,111,141,155,169,246,246,198,141,106,63,68,52,21,26,37,55,32,6,7,7,4
4,12,102,102,125,150,170,234,240,199,147,113,97,98,56,45,38,50,57,50,6,0,9,0
12,21,68,104,109,136,150,179,191,175,144,124,77,55,30,50,15,14,15,50,13,2,8,0
7,10,46,102,113,115,136,140,135,131,138,116,71,54,11,11,0,3,8,13,5,0,8,6
4,30,81,81,77,117,130,114,95,94,90,97,50,12,5,5,8,12,19,36,22,12,9,9
11,16,50,48,55,81,96,130,121,97,133,89,70,50,34,34,31,30,32,34,21,13,19,8
12,11,38,59,99,69,86,113,127,102,125,176,120,100,12,6,1,12,8,6,0,0,4,1
10,6,14,14,95,104,115,121,130,148,230,236,127,100,58,13,9,4,10,2,0,0,2,5
6,3,10,40,59,95,110,123,150,202,241,226,134,103,50,14,10,14,18,15,11,0,7,6
15,22,15,40,106,68,95,148,187,247,252,223,135,86,57,42,14,15,13,12,6,7,5,1
12,15,6,30,71,58,119,150,191,219,226,187,128,75,49,20,23,20,9,12,9,10,10,10
6,13,13,12,38,59,110,148,185,204,213,169,123,101,100,16,14,1,10,3,0,0,0,0
14,14,12,13,28,48,105,141,177,188,190,155,106,102,69,12,8,3,8,0,0,0,0,0
7,14,11,13,13,37,108,139,157,163,156,130,106,100,16,9,10,7,9,9,1,10,5,9
8,11,10,12,13,45,104,127,145,148,124,113,81,47,13,8,3,10,11,9,10,0,9,1
10,12,12,6,11,25,105,123,126,128,114,76,92,22,10,12,14,10,7,6,0,7,0,0
9,11,8,15,13,31,100,120,119,124,125,67,54,13,9,0,9,8,13,4,10,1,0,0
8,9,8,10,11,19,53,92,101,84,101,59,36,13,10,0,7,11,2,2,1,0,10,11
6,0,9,8,13,13,47,88,132,103,77,50,34,13,30,10,12,14,11,6,10,6,4,8
4,9,0,1,10,16,22,78,112,122,79,61,48,13,8,1,7,12,10,9,0,10,0,0
1,0,0,10,12,13,29,58,96,116,88,68,52,12,0,2,2,6,0,0,0,0,0,8
0,7,7,3,11,13,25,32,102,127,86,66,52,9,0,5,2,9,0,8,0,0,0,2
7,13,9,11,11,12,30,51,82,130,76,55,29,8,2,4,7,5,0,5,0,0,0,0
4,8,2,6,9,13,22,36,62,115,73,53,13,0,0,0,6,0,0,0,0,0,0,6
1,1,7,10,11,8,16,40,32,80,78,50,13,0,0,0,2,0,4,0,3,0,0,0
1,7,0,11,8,6,7,14,43,78,68,47,12,6,2,2,0,3,5,2,0,0,0,0
9,6,8,5,7,9,13,35,49,65,63,31,13,0,3,1,0,0,0,0,0,0,0,0
2,0,8,9,10,5,7,27,50,61,57,13,12,9,5,0,0,1,1,0,0,0,0,0
0,0,0,8,8,0,0,12,37,82,60,37,3,2,3,12,14,9,5,5,4,1,2,0
7,0,0,0,1,0,0,4,32,62,53,13,11,0,0,2,11,11,9,2,2,0,6,4
0,5,10,6,5,2,12,16,55,39,39,9,0,0,1,6,0,0,6,8,8,6,7,6
5,7,3,14,13,6,8,11,50,54,34,10,5,3,2,5,4,3,0,8,8,6,0,5

51,51,50,45,27,20,12,5,14,21,7,8,6,9,11,9,6,1,3,0,1,3,4,7
54,83,65,56,56,56,52,30,20,10,6,9,4,12,10,8,4,0,0,0,6,1,4,10
59,81,72,59,64,63,52,13,12,13,14,12,12,13,9,0,1,2,0,0,6,7,4,8
31,58,55,50,23,16,20,13,65,92,97,60,23,9,0,0,0,0,0,0,6,6,6,6
11,12,13,10,13,12,37,74,153,248,140,122,73,13,2,5,0,0,3,0,0,0,0,0
8,8,4,12,4,29,72,99,129,149,129,105,87,71,51,24,6,4,8,10,2,4,1,7
0,0,0,4,50,83,129,131,143,124,100,85,90,86,69,55,43,11,11,11,11,10,8,7
5,6,2,11,64,112,164,214,189,116,63,57,62,74,65,62,51,4,3,5,1,2,3,0
9,0,10,50,76,128,194,248,179,106,70,60,52,41,49,51,52,51,12,1,0,0,0,0
6,10,27,66,113,174,246,287,193,129,91,61,54,41,12,13,51,61,50,13,9,7,0,0
8,25,57,83,129,242,245,243,219,165,112,65,54,52,32,12,34,59,57,13,4,5,3,0
0,13,66,109,153,216,231,257,256,215,128,68,58,55,51,25,14,50,54,33,18,0,0,0
12,17,53,108,136,153,164,237,242,197,143,108,64,68,52,22,29,41,59,44,7,8,7,3
3,10,100,100,124,149,167,226,235,200,149,115,100,98,56,45,40,52,60,51,7,0,8,0
11,20,66,103,109,136,149,176,189,177,146,126,80,55,29,50,19,23,35,51,13,2,7,0
7,9,46,102,113,115,135,140,135,131,139,118,73,54,10,11,0,4,10,28,6,0,8,6
4,32,82,81,78,117,131,114,94,93,90,99,51,12,5,5,8,12,30,50,27,12,9,9
11,17,50,49,55,82,97,131,121,97,132,92,74,53,33,33,30,30,34,36,23,13,18,8
11,11,39,60,100,70,87,113,128,102,124,180,124,102,13,6,0,12,7,5,0,0,3,0
9,6,14,14,100,104,116,122,131,149,228,240,130,101,58,13,9,4,10,1,0,0,2,4
6,2,9,40,61,96,111,123,153,204,240,228,136,105,51,14,10,14,17,14,11,0,7,5
11,17,13,40,108,69,97,151,190,248,252,224,139,90,57,42,15,16,13,12,6,6,4,0
11,13,0,31,73,58,120,153,193,220,227,188,130,80,50,21,23,21,9,12,8,10,9,9
5,11,12,11,38,59,111,150,187,205,214,170,124,101,100,16,14,1,10,2,0,0,0,0
14,13,10,13,27,48,105,142,178,189,190,156,107,102,69,12,8,3,8,0,0,0,0,0
5,13,10,12,13,37,108,140,158,163,156,130,107,100,20,9,10,7,9,9,0,10,5,9
8,11,10,12,13,45,104,127,145,149,124,113,81,48,13,8,2,10,11,9,10,0,9,1
10,12,12,6,11,26,105,123,126,128,114,77,93,24,11,12,14,10,7,6,0,7,0,0
10,12,9,15,13,31,100,121,120,125,126,67,54,14,9,0,9,8,13,4,10,0,0,0
8,9,6,9,11,19,53,91,104,84,101,59,37,13,11,0,7,11,2,1,1,0,10,11
6,0,8,9,13,13,48,89,135,104,76,51,34,14,30,9,12,14,10,6,10,6,4,8
4,10,0,1,12,18,24,79,114,121,77,60,47,13,7,1,7,12,10,9,0,9,0,0
1,0,0,10,12,14,29,58,99,117,86,67,51,12,0,3,2,6,0,0,0,0,0,8
0,7,7,4,12,13,26,32,103,128,85,65,52,9,0,4,3,9,0,7,0,0,0,2
7,13,9,11,11,12,30,51,84,132,76,55,26,7,2,4,7,5,0,5,0,0,0,0
4,8,2,6,9,13,23,36,63,119,73,53,12,0,0,0,6,0,0,0,0,0,0,6
1,1,7,10,11,8,19,41,33,83,79,50,12,0,0,0,1,0,4,0,3,0,0,0
1,7,0,10,8,6,8,15,47,81,69,45,12,6,2,2,0,3,5,2,0,0,0,0
9,6,8,5,7,9,13,31,50,67,63,29,13,0,3,2,0,0,0,0,0,0,0,0
2,0,8,9,10,4,7,28,51,63,58,13,11,10,5,0,0,1,2,0,0,0,0,0
0,0,0,8,8,0,0,11,43,88,60,33,2,1,3,12,14,9,5,5,4,1,2,0
7,0,0,0,1,0,0,5,35,63,53,11,9,0,0,2,12,11,9,2,2,0,6,4
0,4,10,6,5,2,12,14,55,40,38,8,0,0,0,5,0,0,6,8,8,7,7,6
5,7,3,14,13,7,9,11,50,53,33,10,5,2,3,5,4,3,0,8,9,5,0,5

52,51,51,44,28,21,12,5,14,22,7,8,6,9,11,9,6,1,3,0,1,3,4,8
55,85,66,56,57,56,53,31,19,10,6,9,4,13,10,8,4,0,0,0,6,1,4,10
59,83,73,59,64,62,52,12,12,13,14,12,12,13,9,0,1,2,0,0,6,7,4,8
34,59,55,50,23,16,20,13,64,90,94,59,18,9,0,0,0,0,0,0,6,6,6,6
11,12,13,10,13,12,36,74,150,247,138,120,71,13,2,5,0,0,3,0,0,0,0,0
7,8,4,12,6,37,71,96,128,149,128,104,85,70,50,23,6,4,8,10,2,4,1,7
0,0,0,5,53,85,128,129,140,121,99,85,89,85,68,53,40,12,11,11,11,10,8,7
4,5,2,12,66,115,166,210,183,113,62,56,62,74,65,62,50,4,3,5,1,2,3,1
8,0,10,51,79,134,198,247,174,103,70,59,52,41,48,51,51,50,11,1,0,0,0,1
6,10,41,69,119,183,253,287,190,126,90,62,54,39,12,13,51,61,50,13,10,8,0,0
8,44,59,88,136,255,248,241,214,160,109,65,54,52,30,12,35,59,58,13,4,5,3,0
0,14,69,112,157,222,234,257,249,203,123,66,58,54,50,23,14,50,55,33,19,0,0,0
11,21,55,109,136,155,167,237,237,192,139,106,63,68,51,21,28,42,60,47,7,7,7,3
3,11,101,100,123,150,170,229,231,195,146,113,97,98,56,45,40,53,60,52,8,0,8,0
11,21,68,104,109,136,151,178,189,174,144,124,78,55,26,50,19,27,41,51,13,2,7,0
7,10,49,103,113,115,136,141,134,130,138,116,72,54,10,11,0,4,11,35,7,0,8,6
5,35,82,81,77,118,131,114,94,93,90,98,51,12,5,5,8,12,34,52,26,12,9,8
11,18,50,49,55,82,98,131,120,96,132,91,73,53,33,32,30,30,34,36,23,13,18,8
11,11,42,60,99,70,87,113,127,102,124,179,123,102,13,6,0,11,7,5,0,0,3,0
8,6,14,14,100,104,116,122,130,148,225,236,128,101,58,13,8,3,10,1,0,0,2,4
6,3,9,42,62,97,112,124,154,204,239,225,135,104,51,14,10,14,17,14,11,0,7,5
11,16,14,42,112,71,99,154,191,248,251,221,137,87,57,41,14,15,13,12,6,6,4,1
10,13,1,35,74,59,122,156,194,220,227,187,129,78,49,19,22,20,9,11,8,9,9,9
5,11,12,12,45,60,112,152,188,206,214,170,124,101,100,14,14,1,10,2,0,0,0,0
13,13,10,13,27,48,106,143,179,189,190,156,107,102,69,11,8,3,8,0,0,0,0,0
5,13,10,12,13,40,109,141,159,164,157,130,107,100,16,9,10,7,9,9,0,10,5,9
8,11,9,12,13,47,105,128,146,149,124,113,81,48,13,8,2,10,11,9,10,0,9,1
10,12,12,7,11,29,105,124,127,129,114,77,93,24,10,12,14,10,7,6,0,7,0,0
10,13,9,15,13,31,100,121,121,125,125,67,54,13,9,0,9,8,13,4,10,0,0,0
8,9,6,9,12,21,53,91,105,85,102,60,37,13,11,0,7,11,2,2,1,0,10,11
6,0,8,9,13,13,48,89,136,104,75,51,34,14,30,9,12,14,10,6,10,6,4,8
4,10,0,1,13,18,24,79,114,121,76,60,46,13,7,1,7,12,10,9,0,10,0,0
2,0,0,10,12,13,29,58,99,116,85,67,51,12,0,2,2,5,0,0,0,0,0,8
0,7,7,4,12,13,26,32,103,128,84,65,52,9,0,4,3,9,0,7,0,0,0,3
7,13,9,11,11,13,31,51,84,133,76,55,26,8,2,4,6,4,0,5,0,0,0,0
4,8,2,6,9,13,23,36,64,119,74,53,11,0,0,0,5,0,0,0,0,0,0,6
1,1,7,10,11,7,18,41,33,84,79,50,12,0,0,0,1,0,3,0,2,0,0,0
1,7,0,10,8,6,7,14,48,81,69,45,12,6,2,2,0,3,5,2,0,0,0,0
9,6,8,5,7,9,13,35,50,68,63,29,13,0,3,2,0,0,0,0,0,0,0,0
2,0,8,9,10,4,7,29,51,64,58,13,11,10,5,0,0,1,2,0,0,0,0,0
0,0,0,8,8,0,0,11,44,89,60,31,2,1,4,12,14,9,5,5,4,1,2,0
7,0,0,0,1,0,0,5,35,63,53,11,10,0,0,2,12,11,8,2,2,0,6,4
0,4,10,5,4,2,12,14,56,40,38,8,0,0,0,5,0,0,6,8,8,7,7,6
5,7,3,14,12,9,9,11,50,53,34,10,5,2,3,5,4,3,0,8,9,5,0,5

52,51,50,43,25,21,12,5,14,21,7,8,6,9,11,9,6,1,3,0,1,3,4,7
55,84,66,56,56,57,53,31,20,10,6,9,4,13,10,8,4,0,0,0,6,2,4,10
59,82,72,59,63,62,52,12,12,13,14,12,12,13,9,0,1,2,0,0,6,7,4,8
35,59,55,46,22,15,19,13,64,89,92,58,17,9,0,0,0,0,0,0,6,6,6,6
11,12,13,10,12,11,41,77,161,250,136,119,70,12,2,4,0,0,3,0,0,0,0,0
7,7,4,12,6,39,72,100,133,151,127,102,84,69,50,22,6,4,8,10,2,4,1,7
0,0,0,5,54,85,130,131,141,121,99,84,88,84,67,52,37,12,11,11,11,10,8,7
4,5,2,12,66,115,168,213,185,112,62,56,61,73,64,61,43,3,3,5,1,3,3,1
8,0,11,52,79,133,198,252,176,103,70,59,52,40,48,50,51,50,11,0,0,0,0,1
6,10,45,69,119,181,254,292,190,124,88,61,54,40,12,13,50,60,40,13,10,8,1,0
9,50,60,89,137,255,249,245,215,157,108,64,54,52,30,12,32,58,57,12,4,5,3,0
1,23,70,114,162,225,237,259,251,202,121,66,58,54,50,23,14,50,54,27,17,0,0,0
11,25,57,111,140,157,169,240,239,191,137,106,62,67,51,20,27,40,59,43,7,7,7,3
2,12,102,102,125,150,170,231,235,195,145,112,97,98,56,46,40,52,60,52,7,0,9,0
12,23,72,105,110,137,150,177,191,176,144,124,77,55,28,50,19,25,38,51,13,2,7,0
7,11,52,104,114,115,136,140,135,130,137,116,71,54,10,11,0,4,11,33,7,0,8,6
5,40,84,83,79,118,131,113,94,92,89,96,50,12,5,5,8,12,34,51,27,12,9,9
11,21,51,50,57,83,99,131,120,95,128,89,70,52,33,32,30,30,35,36,23,13,19,8
11,12,45,61,100,70,87,114,127,101,121,175,120,101,13,6,0,11,6,5,0,0,3,0
8,6,25,22,100,104,116,122,130,147,218,230,126,100,57,12,8,3,10,1,0,0,2,4
5,3,9,45,63,98,113,125,154,201,235,220,132,102,50,13,9,14,17,14,11,0,7,5
11,16,15,45,115,73,101,156,191,246,249,217,132,81,55,40,14,14,13,12,6,7,4,1
10,13,1,38,77,60,123,157,195,221,227,184,125,73,49,18,21,19,9,11,8,10,9,9
4,11,12,12,51,60,113,153,189,207,214,167,122,101,100,14,14,1,11,2,0,0,0,0
13,13,10,13,28,48,106,144,180,190,190,155,106,102,69,11,8,3,8,0,0,0,0,0
5,13,10,12,14,41,109,142,160,165,157,130,106,100,15,9,10,7,9,9,0,10,5,9
8,11,9,12,13,50,105,128,146,149,124,113,79,47,13,8,2,10,11,8,10,0,9,1
10,12,12,6,11,35,105,124,127,129,114,76,90,23,10,12,14,10,7,6,0,7,0,0
10,13,9,16,13,32,100,122,121,125,125,66,53,13,9,0,9,8,13,4,11,0,0,0
8,9,6,10,12,23,54,93,106,84,101,59,37,13,10,0,8,11,2,2,1,0,10,11
6,0,8,9,13,13,48,91,137,104,75,50,33,14,29,9,12,14,10,6,10,6,4,8
4,10,0,1,13,19,25,80,115,121,76,60,45,13,7,1,7,12,10,9,0,10,0,0
2,0,0,10,12,14,30,59,100,117,85,66,51,12,0,2,2,5,0,0,0,0,0,8
0,7,8,4,12,13,26,32,103,128,84,65,52,9,0,4,3,10,0,7,0,0,0,2
7,13,9,11,12,13,31,51,85,133,76,55,26,8,2,3,6,4,0,5,0,0,0,0
4,8,2,6,9,13,23,37,64,120,74,53,11,0,0,0,6,0,0,0,0,0,0,6
1,1,7,10,11,7,17,41,33,84,79,50,12,0,0,0,1,0,3,0,2,0,0,0
1,7,0,10,7,6,8,14,50,81,69,46,12,6,2,2,0,3,5,2,0,0,0,0
9,6,8,4,6,8,13,34,50,69,63,30,13,0,3,2,0,1,0,0,0,0,0,0
3,0,8,9,10,4,6,29,51,64,58,13,12,10,6,0,0,1,2,0,0,0,0,0
0,0,0,7,8,0,0,11,45,90,61,33,2,1,3,12,14,9,5,5,4,1,2,0
7,0,0,0,2,0,0,4,35,63,53,11,9,0,0,2,12,11,8,2,2,0,6,4
0,4,10,5,4,3,12,14,56,40,37,8,0,0,0,5,0,0,6,8,8,7,7,6
5,7,3,14,12,9,9,11,50,53,32,11,5,3,4,5,4,3,0,8,9,5,0,5

52,51,51,44,28,20,12,5,14,22,7,8,5,9,11,9,6,1,3,0,1,3,4,8
55,85,65,56,56,56,53,30,19,10,6,9,4,12,10,8,4,0,0,0,6,1,4,10
60,82,72,59,64,62,52,12,12,13,14,12,12,13,9,0,1,2,0,0,6,7,4,8
39,58,55,48,22,15,20,13,63,88,91,57,16,9,0,0,0,0,0,0,6,6,6,6
11,12,13,10,13,12,39,75,154,248,136,119,70,12,2,5,0,0,3,0,0,0,0,0
8,8,4,12,5,37,72,99,132,151,127,103,84,69,49,22,6,4,8,10,2,4,2,7
0,0,0,5,53,84,128,130,140,120,98,84,89,85,68,52,36,11,11,11,11,10,8,7
4,5,2,12,66,114,165,210,182,111,61,56,62,73,64,61,45,3,2,5,1,2,3,0
8,0,11,52,79,132,196,246,173,102,69,59,52,38,46,50,51,50,11,0,0,0,0,1
6,11,47,70,120,182,250,286,188,123,87,61,53,39,12,13,50,60,41,13,10,7,1,0
9,51,60,91,138,258,249,242,210,155,107,64,54,52,31,12,32,59,57,12,4,5,2,0
1,27,70,116,164,226,237,257,248,202,122,66,58,54,50,23,14,50,54,30,17,0,0,0
11,30,58,113,141,158,168,239,238,191,138,106,63,68,51,20,26,40,59,42,7,7,7,3
2,13,104,104,126,152,170,230,238,198,146,113,98,98,56,47,38,53,60,52,7,0,8,0
12,26,76,107,111,138,151,178,191,178,145,124,78,55,29,50,20,25,40,51,13,2,7,0
5,12,54,105,116,116,137,141,135,130,138,116,71,54,10,11,0,4,11,33,7,0,8,6
5,43,85,84,80,119,132,114,95,93,89,96,50,12,4,5,8,12,34,52,27,12,9,9
12,22,51,50,58,85,101,133,121,96,128,89,71,52,33,32,29,30,35,37,24,13,18,8
11,12,46,61,100,72,89,114,128,101,120,174,120,101,13,6,0,11,6,5,0,0,3,0
8,6,28,25,100,105,117,123,131,147,217,227,125,100,57,12,8,3,10,0,0,0,2,4
6,3,10,45,64,98,113,125,154,201,234,218,131,103,50,13,9,14,17,14,11,0,6,5
11,16,15,44,115,73,101,156,191,245,248,215,132,82,56,40,14,14,12,12,6,6,4,0
10,12,1,37,76,59,123,157,194,220,226,183,125,74,49,18,21,19,9,11,8,9,9,9
4,11,12,12,47,61,113,153,189,206,213,167,122,101,100,15,14,0,11,2,0,0,0,0
13,13,10,13,27,49,106,144,180,190,190,154,106,102,69,11,8,3,8,0,0,0,0,0
5,13,10,12,14,41,109,141,160,164,156,129,106,100,15,9,10,7,9,9,0,10,5,8
8,11,10,12,13,48,105,128,146,149,124,113,80,47,13,8,2,10,11,8,10,0,9,1
10,12,12,7,11,33,105,124,127,129,113,76,91,23,10,12,14,10,7,6,0,7,0,0
10,13,9,15,13,32,100,121,121,125,125,66,53,13,9,0,9,8,13,4,10,0,0,0
8,9,6,9,11,21,54,92,105,84,101,59,36,13,10,0,8,10,2,1,1,0,10,11
7,0,8,9,13,13,48,89,136,104,75,50,33,14,30,10,12,14,10,6,10,6,4,8
4,11,0,1,13,19,24,79,115,121,76,59,46,13,7,1,7,12,10,9,0,9,0,0
2,0,0,10,12,14,30,58,100,117,85,66,51,12,0,2,1,5,0,0,0,0,0,8
0,7,7,4,12,13,26,32,103,128,85,65,52,9,0,4,2,9,0,7,0,0,0,2
7,13,9,11,11,13,30,51,85,134,76,55,29,8,2,3,6,4,0,5,0,0,0,0
4,8,2,6,9,13,23,36,64,120,74,53,11,0,0,0,5,0,0,0,0,0,0,6
1,1,7,10,11,7,19,42,34,85,80,50,12,0,0,0,1,0,3,0,2,0,0,0
1,7,0,10,7,6,8,14,50,82,69,47,12,6,2,2,0,3,5,2,0,0,0,0
9,6,8,4,7,8,13,38,50,69,64,31,13,0,3,2,0,1,0,0,0,0,0,0
2,0,8,9,10,4,6,30,51,64,58,13,12,10,5,0,0,1,2,0,0,0,0,0
0,0,0,7,8,0,0,11,48,91,61,34,2,0,4,12,14,9,5,5,4,1,2,0
7,0,0,0,2,0,1,5,35,63,53,11,9,0,0,3,12,11,8,2,2,0,6,4
0,4,10,5,4,3,12,14,56,40,39,8,0,0,1,5,0,0,6,8,8,7,7,6
5,7,3,14,12,10,9,11,50,53,33,11,6,3,4,5,4,3,0,8,9,5,0,5

52,51,51,43,25,20,12,5,14,22,7,8,6,9,11,9,6,1,3,0,1,3,4,8
55,85,65,56,57,56,52,31,19,10,6,9,4,13,10,8,4,0,0,0,6,1,4,10
60,83,72,59,64,62,52,12,12,13,14,12,12,13,9,0,1,2,0,0,6,7,4,8
37,58,55,48,22,15,20,13,63,87,90,56,15,9,0,0,0,0,0,0,6,6,6,6
11,12,13,10,13,12,38,75,153,246,135,118,70,12,2,5,0,0,3,0,0,0,0,0
8,8,5,12,6,38,71,99,131,151,127,102,84,69,49,22,6,4,8,10,2,4,1,7
0,0,0,5,54,85,128,129,139,119,98,84,89,85,68,52,35,12,11,11,11,10,8,7
4,5,2,12,66,115,165,207,180,110,61,56,61,73,64,61,44,3,2,5,1,2,3,0
8,0,11,52,80,133,197,245,171,101,69,59,52,39,47,50,50,50,11,0,0,0,0,1
6,11,50,70,121,183,252,286,187,122,87,61,53,38,12,13,50,60,42,13,9,7,1,0
10,52,60,92,140,263,250,241,208,151,106,64,54,52,30,12,32,58,57,12,4,5,2,0
2,29,71,117,165,231,238,257,246,196,119,66,58,54,50,23,14,50,54,29,18,0,0,0
11,30,58,113,141,160,171,239,236,189,136,106,62,68,51,20,26,41,60,43,7,7,7,3
1,13,104,104,126,153,174,233,234,194,144,112,96,98,56,47,38,52,60,52,7,0,8,0
12,25,76,107,111,138,153,180,192,175,144,123,78,55,30,50,19,25,40,51,13,2,7,0
4,12,55,105,116,117,137,141,136,130,138,115,71,54,10,11,0,5,11,33,7,0,8,6
5,44,85,85,81,119,133,115,95,93,90,95,50,12,4,5,8,12,34,52,27,12,9,9
12,23,51,51,59,86,103,134,121,96,128,89,71,53,33,32,29,30,35,37,22,12,18,8
11,13,47,61,100,72,89,115,128,101,121,175,120,101,13,6,0,11,6,5,0,0,3,0
8,6,32,28,101,105,117,124,131,147,219,226,125,100,57,12,8,3,9,0,0,0,2,4
6,3,10,45,64,99,113,125,155,202,234,217,131,102,50,13,9,14,16,14,10,0,6,5
11,16,16,45,116,74,102,158,193,247,249,216,131,80,55,40,14,14,12,12,5,6,4,0
10,13,2,40,78,60,124,160,196,221,227,182,124,73,48,17,21,19,9,11,8,9,9,9
4,11,12,12,52,61,114,155,190,207,213,166,121,101,100,14,14,0,11,2,0,0,0,0
13,13,10,13,28,51,107,145,181,190,190,154,106,102,70,11,7,3,8,0,0,0,0,0
5,13,10,12,14,43,109,142,161,165,156,129,106,100,16,8,10,7,9,9,0,10,5,8
8,11,9,12,13,50,105,129,146,149,124,112,79,46,13,7,2,10,11,9,10,0,9,1
10,12,12,6,10,38,105,124,127,129,114,75,90,22,10,12,14,10,7,6,0,7,0,0
10,13,9,15,13,33,100,122,121,125,125,66,53,13,9,0,9,8,13,4,10,0,0,0
8,9,6,10,12,23,54,93,106,84,101,59,36,13,10,0,7,10,2,1,1,0,10,11
7,0,8,9,13,13,48,91,137,104,75,50,33,14,29,9,12,14,10,6,10,6,4,8
4,10,0,1,13,19,25,80,115,121,75,59,43,13,7,1,7,12,10,9,0,9,0,0
2,0,0,10,12,14,30,58,101,117,84,66,51,12,0,2,1,5,0,0,0,0,0,8
0,7,7,4,12,13,26,32,104,128,84,65,52,9,0,4,2,9,0,7,0,0,0,2
7,13,9,11,11,12,30,51,85,134,76,55,30,8,2,3,6,4,0,5,0,0,0,0
4,8,2,6,9,13,23,36,64,120,74,53,11,0,0,0,5,0,0,0,0,0,0,6
1,1,7,10,11,7,18,42,34,85,80,50,12,0,0,0,1,0,3,0,2,0,0,0
1,7,0,10,7,5,7,14,50,82,69,45,12,6,2,3,0,3,5,2,0,0,0,0
9,6,8,5,7,8,13,40,50,69,64,29,13,0,4,2,0,1,0,0,0,0,0,0
3,0,8,9,10,4,7,30,52,65,58,13,12,10,6,0,0,1,2,0,0,0,0,0
0,0,0,8,8,0,0,11,48,92,61,31,1,0,3,12,14,9,5,5,4,1,2,0
7,0,0,0,2,0,1,5,36,64,53,11,9,0,0,3,12,11,8,2,2,0,6,4
0,4,10,5,4,3,12,15,56,41,39,8,0,0,1,5,0,0,6,8,8,7,7,6
5,7,3,14,12,10,9,11,50,53,33,11,6,3,4,5,4,3,0,8,9,5,0,5

52,51,51,44,28,21,12,5,14,22,7,9,6,9,11,9,6,1,3,0,1,3,4,8
55,86,66,56,56,56,52,31,19,10,6,9,4,13,10,8,4,0,0,0,6,1,4,10
60,84,73,59,64,63,52,12,12,13,14,12,12,13,9,0,1,2,0,0,6,7,4,8
39,59,56,46,22,15,19,12,63,87,88,56,14,9,0,0,0,0,0,0,6,6,6,6
11,13,14,10,13,12,40,76,154,242,133,117,69,12,2,4,0,0,3,0,0,0,0,0
8,8,5,12,6,40,72,99,131,149,125,101,83,68,48,21,6,4,8,10,2,4,2,7
0,0,0,6,54,85,128,129,138,119,98,84,88,84,67,52,33,12,11,11,11,10,8,7
4,5,3,12,67,115,165,207,179,110,61,56,61,73,64,61,38,2,2,5,1,2,3,1
8,0,11,52,80,133,196,245,171,101,69,59,52,39,47,50,50,50,11,0,0,0,0,1
6,11,50,70,121,184,252,287,186,121,86,61,53,37,11,13,50,60,39,13,9,7,0,0
10,52,61,92,140,262,250,241,208,151,105,63,54,52,29,12,31,58,57,12,3,5,2,0
2,33,71,117,166,231,238,258,246,196,119,66,58,54,50,22,13,50,54,27,17,0,0,0
11,32,58,114,142,161,171,240,238,189,136,106,63,68,50,20,26,40,60,42,7,7,7,3
2,13,104,105,127,153,173,234,235,194,144,112,96,98,56,47,37,53,60,51,7,0,8,0
13,27,77,107,111,139,153,180,193,176,144,123,78,55,29,50,20,25,40,51,13,2,7,0
3,13,55,106,116,117,137,141,136,131,138,115,71,54,10,11,0,5,12,35,7,0,8,6
5,46,87,86,81,119,133,115,95,93,89,95,50,12,4,5,9,12,35,52,27,12,9,8
12,24,51,51,59,86,103,134,121,96,127,89,71,53,33,32,29,30,35,36,21,12,18,8
11,13,48,61,100,73,90,115,128,102,121,174,120,101,13,6,0,11,6,5,0,0,3,0
9,6,34,29,101,105,117,124,132,148,218,225,125,100,57,12,8,3,9,0,0,0,2,4
6,3,10,46,64,99,113,126,156,203,234,217,130,102,50,13,9,14,16,14,11,0,6,5
11,16,16,46,117,75,102,159,194,248,249,215,130,79,55,40,14,14,12,12,5,6,4,0
10,13,3,40,78,60,125,160,197,222,227,182,124,72,48,17,21,19,9,11,7,9,9,9
4,11,12,12,53,60,114,156,190,208,214,166,121,101,100,14,14,0,10,2,0,0,0,0
13,13,10,13,28,50,107,146,181,190,190,153,106,102,68,11,7,3,8,0,0,0,0,0
5,13,10,12,14,43,109,143,161,165,156,129,106,100,14,8,10,7,9,9,0,10,5,8
8,11,10,12,13,50,105,129,146,149,124,112,79,46,13,7,2,10,11,8,10,0,9,1
10,12,12,6,11,36,105,124,127,129,113,75,89,22,10,12,14,10,7,6,0,7,0,0
10,13,9,16,13,34,100,122,121,126,125,66,53,13,9,0,9,8,13,4,10,0,0,0
8,9,6,10,12,22,54,93,106,84,101,59,36,13,10,0,7,10,2,1,1,0,10,11
7,0,8,9,13,13,48,90,137,104,74,50,33,14,29,9,12,14,10,6,10,6,4,8
4,10,0,1,13,19,25,79,115,120,74,59,44,13,7,1,7,12,10,9,0,9,0,0
2,0,0,10,12,14,30,58,100,117,84,66,51,12,0,2,1,5,0,0,0,0,0,8
0,7,7,4,12,13,26,32,104,129,84,65,52,9,0,4,2,9,0,7,0,0,0,2
7,13,9,11,12,12,31,51,86,134,76,55,30,8,2,3,6,4,0,5,0,0,0,0
4,8,2,6,9,13,22,36,65,120,74,53,11,0,0,0,5,0,0,0,0,0,0,6
1,1,7,10,11,7,19,42,34,86,80,50,12,0,0,0,1,0,3,0,2,0,0,0
1,7,0,10,7,6,7,15,50,82,69,45,12,6,2,3,0,3,5,2,0,0,0,0
9,6,8,5,6,8,13,38,50,69,63,28,13,0,4,2,0,1,0,0,0,0,0,0
3,0,8,9,10,4,7,31,52,65,58,13,12,10,6,0,0,1,2,0,0,0,0,0
0,0,0,8,8,0,0,11,47,91,61,31,1,0,4,12,15,9,5,5,4,1,2,0
7,0,0,0,2,0,1,4,36,64,53,11,9,0,0,3,12,11,8,2,2,0,6,5
0,4,10,5,4,4,12,14,56,41,38,8,0,0,1,4,0,0,6,8,8,7,7,6
5,7,3,14,13,10,10,11,50,52,33,11,6,3,4,5,4,3,0,8,9,5,0,5

52,51,51,43,27,21,12,5,14,22,7,9,6,9,11,9,6,1,3,0,1,3,4,7
55,86,65,56,56,56,53,31,19,10,6,9,4,13,10,8,4,0,0,0,6,2,4,10
60,84,73,59,64,62,52,12,12,13,13,12,12,13,9,0,1,2,0,0,6,7,4,8
39,59,56,47,23,15,19,13,63,86,88,55,14,9,0,0,0,0,0,0,6,6,6,6
11,13,14,10,13,11,39,76,154,239,132,117,69,12,2,4,0,0,3,0,0,0,0,0
8,8,5,13,6,40,72,99,131,148,125,101,83,68,48,20,6,4,8,10,2,4,1,7
0,0,0,6,55,85,128,128,137,118,97,84,88,84,67,51,33,12,11,11,11,10,8,7
4,5,3,13,67,115,165,205,177,109,61,56,61,73,64,61,37,2,2,5,1,2,3,1
8,0,11,53,80,134,196,244,169,100,69,59,52,36,45,50,50,50,11,0,0,0,0,1
6,12,50,71,122,185,251,284,185,120,85,61,53,38,11,13,50,60,38,13,9,7,0,0
10,53,61,94,142,268,251,241,206,150,105,63,54,52,30,12,31,59,57,12,3,5,2,0
2,36,72,119,169,234,240,258,246,195,119,66,58,54,50,23,14,50,54,27,17,0,0,0
11,34,59,115,143,161,172,241,238,187,135,105,62,67,50,20,26,41,60,40,7,7,7,2
1,14,104,105,127,154,174,234,237,194,143,111,96,97,56,47,37,53,60,52,7,0,8,0
13,28,79,108,112,139,153,180,193,177,143,122,77,55,30,50,22,27,41,51,13,2,7,0
2,13,56,106,117,118,138,142,136,131,137,114,71,54,10,11,0,5,12,35,7,0,8,6
5,47,87,86,82,120,133,115,95,93,89,93,50,12,4,5,9,12,35,52,28,12,9,9
12,25,51,51,60,87,104,134,121,95,126,87,69,53,32,32,29,30,35,36,21,12,18,8
11,13,49,62,101,73,90,115,128,101,120,172,119,101,13,6,0,11,6,5,0,0,3,0
9,6,40,32,101,105,117,124,132,147,216,222,123,98,56,12,7,3,9,0,0,0,2,4
6,3,10,47,65,100,114,126,156,202,232,214,129,102,50,13,9,13,16,14,10,0,6,5
11,16,17,47,118,76,103,159,193,246,247,213,128,78,55,39,14,14,12,12,5,6,3,0
10,13,3,42,79,60,125,160,196,221,226,181,122,71,48,16,20,19,8,10,7,9,9,9
4,11,12,12,55,60,114,156,191,209,215,165,120,101,100,14,14,0,10,2,0,0,0,0
13,13,10,13,28,49,107,146,182,191,190,153,105,102,69,11,7,3,8,0,0,0,0,0
5,13,10,12,14,42,109,143,162,165,157,129,106,100,14,8,10,7,9,9,0,10,5,8
8,11,10,12,13,50,105,129,147,150,124,112,79,45,12,7,2,10,11,8,10,0,9,1
10,12,12,7,11,35,105,125,127,129,113,75,89,22,10,11,14,10,7,6,0,7,0,0
10,13,9,15,13,33,100,122,121,125,124,66,53,13,9,0,9,8,13,4,10,0,0,0
8,9,6,10,12,22,54,93,106,84,100,59,35,13,10,0,8,10,2,2,1,0,10,11
7,0,8,9,13,13,47,90,137,103,74,50,33,14,29,9,12,14,10,6,10,6,4,8
5,11,0,2,13,19,25,80,115,120,75,59,45,13,7,1,7,12,10,9,0,9,0,0
2,0,0,10,12,14,30,59,100,117,84,66,51,12,0,2,1,5,0,0,0,0,0,8
0,7,8,4,12,13,25,32,104,128,84,65,52,9,0,4,2,9,0,7,0,0,0,2
7,13,9,11,11,13,31,51,86,135,76,55,30,8,2,3,6,4,0,5,0,0,0,0
4,8,2,6,9,13,23,37,65,121,74,53,11,0,0,0,5,0,0,0,0,0,0,6
1,1,7,10,11,7,18,41,34,86,80,50,12,0,0,0,1,0,3,0,2,0,0,0
1,7,0,10,7,6,8,14,50,82,69,46,12,6,2,2,0,3,5,2,0,0,0,0
9,6,8,5,7,8,13,36,50,70,63,30,13,0,4,2,0,1,0,0,0,0,0,0
3,0,8,9,10,4,7,32,52,65,58,13,12,10,6,0,0,1,2,0,0,0,0,0
0,0,0,8,8,0,0,11,50,93,61,32,1,0,4,12,15,9,5,5,4,1,2,0
7,0,0,0,2,0,1,5,36,64,54,11,9,0,0,3,12,11,8,2,2,0,6,5
0,4,10,5,4,4,12,14,57,41,38,8,0,0,1,5,0,0,6,8,8,7,7,6
5,7,3,14,12,10,10,11,50,53,33,11,6,3,4,5,4,3,0,8,9,5,0,5

52,51,51,43,27,21,12,5,14,22,7,9,6,9,11,9,6,1,3,0,1,3,4,7
55,86,66,56,56,56,52,30,19,10,5,9,4,13,10,8,4,0,0,0,6,1,4,10
60,84,73,59,64,63,52,12,12,13,13,12,12,13,9,0,0,2,0,0,6,7,4,8
40,59,55,46,22,15,20,13,64,87,88,55,14,9,0,0,0,0,0,0,6,6,6,6
11,13,14,10,12,12,41,76,156,240,132,117,69,12,2,5,0,0,3,0,0,0,0,0
9,8,5,13,6,40,72,99,130,147,125,101,84,68,48,20,6,4,8,10,2,4,1,7
0,0,0,6,54,84,128,128,137,118,96,84,88,85,67,51,32,11,11,11,11,10,8,7
5,5,3,12,66,115,165,205,178,109,61,56,61,73,64,61,38,2,2,5,1,2,3,0
8,0,11,52,80,132,195,244,169,100,69,59,52,36,45,50,50,50,11,0,0,0,0,1
6,12,50,71,121,183,249,284,185,120,85,61,53,38,11,13,50,60,39,13,9,7,0,0
10,52,61,93,141,262,248,240,207,151,105,64,54,52,29,12,30,58,56,12,3,5,2,0
2,36,72,118,168,232,239,258,246,197,120,66,58,54,50,23,13,50,54,25,17,0,0,0
11,35,59,115,143,163,172,241,239,189,135,106,63,68,51,20,25,40,59,39,6,7,7,3
1,14,105,106,128,156,175,235,238,195,144,112,97,98,56,50,37,53,60,51,7,0,8,0
13,29,80,109,113,140,155,181,193,177,144,122,77,55,31,50,19,25,37,51,13,1,7,0
2,13,58,107,118,119,139,143,137,131,138,114,71,54,9,11,0,5,11,31,6,0,8,6
6,48,87,88,83,120,134,116,96,93,89,93,50,13,4,5,9,12,33,50,26,12,9,9
12,26,52,52,61,89,107,136,122,96,125,86,69,52,32,31,29,30,36,36,20,12,18,8
11,13,50,62,101,74,91,116,128,102,119,171,118,101,14,6,0,11,6,5,0,0,3,0
9,6,43,35,101,105,118,125,132,147,215,220,123,98,56,12,7,2,9,0,0,0,2,4
6,3,11,48,66,100,114,126,156,201,232,212,128,102,50,12,9,13,15,14,10,0,6,5
11,16,17,47,118,76,103,160,193,246,247,211,127,77,54,39,13,14,12,12,5,6,4,0
10,13,3,42,79,60,125,160,196,221,226,180,122,71,48,15,20,18,8,10,7,9,9,9
4,11,12,12,56,60,114,156,190,209,214,164,120,100,100,14,14,0,11,2,0,0,0,0
13,13,10,13,29,49,107,146,182,191,190,152,105,102,68,11,7,3,8,0,0,0,0,0
5,13,10,12,14,42,109,143,163,166,157,129,106,100,14,8,10,7,9,9,0,10,5,8
8,11,10,12,13,50,105,129,147,150,124,112,78,43,12,7,2,10,11,8,10,0,9,1
10,12,12,7,11,36,105,125,127,129,113,74,89,20,10,11,14,10,7,6,0,7,0,0
10,13,9,15,13,33,100,122,121,125,124,66,53,13,9,0,9,8,13,4,10,0,0,0
8,9,6,10,12,20,54,92,105,83,100,59,35,13,10,0,7,10,2,1,1,0,10,11
7,0,8,9,13,13,47,89,136,103,74,50,33,14,29,9,12,14,10,6,10,6,4,8
5,11,0,2,13,18,24,79,115,120,74,59,43,13,7,1,7,12,10,9,0,9,0,0
2,0,0,10,12,13,29,58,101,116,84,66,51,11,0,2,1,5,0,0,0,0,0,8
0,7,8,4,12,13,26,32,104,129,84,64,51,9,0,4,2,9,0,7,0,0,0,2
7,13,9,11,11,13,31,51,87,135,76,55,29,8,2,3,6,4,0,5,0,0,0,0
4,8,2,6,9,13,23,37,66,122,75,53,10,0,0,0,5,0,0,0,0,0,0,6
1,1,7,10,11,7,19,43,35,87,80,48,12,0,0,0,1,0,3,0,2,0,0,0
1,7,0,10,7,6,8,15,50,83,70,45,12,6,2,3,0,3,5,2,0,0,0,0
9,6,8,5,7,9,13,36,50,71,63,29,13,0,4,2,0,1,0,0,0,0,0,0
3,0,8,9,10,4,7,31,52,66,59,14,12,10,6,0,0,1,2,0,0,0,0,0
0,0,0,8,8,0,0,11,50,94,62,31,1,0,4,12,14,9,5,5,4,1,2,0
7,0,0,0,2,0,1,5,37,64,53,11,9,0,0,3,12,11,8,2,2,0,6,4
0,4,10,5,4,4,12,15,57,41,39,9,0,0,2,5,0,0,6,8,8,7,7,6
5,7,3,14,12,10,10,11,50,53,36,11,7,4,4,5,4,3,0,8,9,5,0,5

52,51,51,45,28,20,12,5,14,21,7,8,6,9,11,9,6,1,3,0,1,3,4,8
55,86,66,56,56,56,53,31,20,10,6,9,4,12,10,8,4,0,0,0,6,2,4,10
60,84,73,59,64,63,52,12,12,13,13,12,12,13,9,0,1,2,0,0,6,7,4,8
40,59,55,48,22,15,20,13,63,87,88,54,14,9,0,0,0,0,0,0,6,6,6,6
11,13,14,10,13,12,40,76,156,241,132,117,68,12,2,4,0,0,3,0,0,0,0,0
9,8,5,13,6,39,71,98,130,146,124,101,84,68,47,20,6,4,8,10,2,4,1,7
0,0,0,6,54,84,128,128,137,117,96,84,88,85,67,51,32,11,11,11,11,10,8,7
5,5,3,12,66,114,164,205,177,108,60,56,61,73,64,60,35,2,2,5,1,2,3,0
8,0,11,52,79,133,196,244,169,100,69,59,52,36,44,50,50,50,11,0,0,0,0,1
6,12,50,71,121,183,250,283,184,120,85,61,53,38,11,12,50,60,37,13,9,7,0,0
10,52,61,93,142,266,249,240,206,150,105,64,54,52,30,12,30,58,57,12,3,4,2,0
2,35,71,118,168,234,240,258,247,196,119,66,58,54,50,23,13,50,54,25,16,0,0,0
11,35,59,115,143,163,173,241,238,188,135,106,63,68,51,19,24,40,59,38,6,7,7,2
1,14,105,107,129,157,175,235,238,196,144,111,97,98,56,50,38,52,59,51,7,0,8,0
13,29,80,109,113,141,156,182,193,177,144,123,77,55,32,50,20,24,37,50,13,1,7,0
1,13,58,107,119,120,139,143,137,131,138,114,71,54,9,11,0,5,11,28,6,0,8,6
6,50,88,88,84,121,135,116,96,94,89,93,50,13,3,5,9,12,35,50,25,12,9,9
12,26,52,52,62,90,109,138,123,96,125,86,69,53,32,31,28,29,36,36,19,12,18,8
11,13,50,62,101,75,92,117,129,102,119,169,118,101,14,6,0,11,5,5,0,0,3,0
8,6,46,37,101,106,118,125,133,147,214,219,122,98,56,12,7,2,9,0,0,0,2,4
6,4,11,49,67,100,114,126,156,201,232,211,127,101,50,12,9,13,15,14,10,0,6,5
11,16,18,48,119,76,103,160,193,246,246,210,126,76,54,38,13,14,12,12,5,6,4,0
10,13,3,43,79,61,125,160,197,222,226,179,121,70,48,15,20,18,8,10,7,9,9,9
4,10,12,13,56,61,114,156,191,209,214,163,120,100,100,14,14,0,10,2,0,0,0,0
13,13,10,13,28,50,107,146,183,191,190,152,105,102,68,11,7,3,8,0,0,0,0,0
5,13,10,12,14,42,109,143,163,166,156,128,106,100,14,8,10,7,9,9,0,10,5,8
8,11,10,12,13,50,105,130,147,150,124,112,78,45,13,7,2,10,11,8,10,0,9,1
10,12,12,7,11,38,105,125,127,129,113,74,87,20,10,11,14,10,7,6,0,7,0,0
10,13,9,16,13,33,100,122,121,125,124,66,53,13,9,0,9,8,13,4,10,0,0,0
8,9,6,10,12,19,54,92,105,83,100,59,34,13,10,0,7,10,2,1,1,0,10,11
7,0,8,9,13,13,47,89,136,103,74,50,33,14,29,9,12,14,10,6,10,6,4,8
5,11,0,1,13,18,25,79,115,120,74,59,43,12,7,1,7,12,10,9,0,9,0,0
2,0,0,10,12,14,30,58,101,117,84,65,51,11,0,2,1,5,0,0,0,0,0,8
0,7,8,4,12,13,26,32,104,129,84,64,51,9,0,4,2,9,0,7,0,0,0,2
7,13,9,11,11,13,31,51,87,136,76,54,29,8,2,3,6,4,0,5,0,0,0,0
4,8,2,6,9,13,23,36,66,123,75,53,10,0,0,0,5,0,0,0,0,0,0,6
1,1,7,10,11,7,19,43,35,88,81,48,12,0,0,0,0,0,3,0,2,0,0,0
1,7,0,10,7,6,8,16,50,84,70,45,12,6,2,3,0,3,5,2,0,0,0,0
9,6,8,5,7,8,13,38,50,71,64,29,13,0,4,2,0,1,0,0,0,0,0,0
3,0,8,9,10,4,7,30,52,67,58,13,12,10,6,0,0,1,2,0,0,0,0,0
0,0,0,8,8,0,0,11,50,97,62,30,0,0,4,12,15,9,5,5,3,1,2,0
7,0,0,0,3,0,1,5,38,64,53,11,9,0,0,3,12,11,8,2,2,0,6,4
0,4,10,5,4,4,12,16,57,42,41,8,0,0,2,4,0,0,6,8,8,7,7,6
5,7,3,14,12,11,10,11,50,53,35,11,7,4,5,5,5,3,0,8,8,5,0,5

52,51,51,44,28,22,12,5,14,22,7,9,6,9,11,9,6,1,3,0,1,3,4,8
55,86,66,56,56,56,53,31,19,10,6,9,4,13,10,8,4,0,0,0,6,1,4,10
60,84,73,59,64,62,52,13,12,13,14,12,12,13,9,0,1,2,0,0,6,7,4,8
40,59,55,46,22,15,20,13,64,86,87,55,14,9,0,0,0,0,0,0,6,6,6,6
11,13,14,10,13,12,42,76,157,242,132,117,68,12,2,4,0,0,3,0,0,0,0,0
9,8,6,13,6,39,72,99,131,147,124,101,84,68,48,20,6,4,8,10,2,4,1,7
0,0,0,6,54,84,128,128,137,117,97,84,88,85,68,52,32,11,11,11,11,10,8,7
4,5,3,12,66,114,164,205,176,107,60,56,61,73,64,61,35,2,2,5,0,2,3,0
8,0,11,52,79,133,196,243,169,100,69,59,52,36,44,50,50,50,10,0,0,0,0,1
6,12,50,71,121,183,250,283,184,120,85,61,53,37,11,13,50,60,34,12,9,7,0,0
10,52,61,93,142,267,249,239,205,149,105,64,54,52,29,12,31,58,56,12,3,5,2,0
2,35,72,118,170,235,241,259,245,194,119,66,58,54,50,23,14,50,54,26,16,0,0,0
11,36,59,116,144,164,174,243,239,188,135,106,63,68,51,20,26,40,60,40,7,7,7,3
1,14,105,107,129,158,177,237,239,195,143,111,96,98,56,48,37,53,60,51,7,0,8,0
14,30,81,110,114,142,157,183,193,176,143,122,77,55,32,50,22,28,42,50,13,2,7,0
1,14,59,108,120,120,140,144,137,131,137,114,71,54,9,11,0,5,12,28,6,0,8,6
7,50,89,89,84,121,136,117,96,94,89,93,50,13,3,5,9,12,30,40,22,12,9,9
12,26,52,53,63,91,110,139,123,96,125,86,68,53,32,31,27,28,32,28,13,12,18,8
11,14,50,62,102,75,92,117,129,102,119,169,117,101,14,6,0,11,5,4,0,0,3,0
9,7,48,40,102,106,119,126,133,147,214,216,121,98,56,11,7,2,9,0,0,0,2,4
6,4,11,49,67,100,115,126,157,201,231,209,127,101,50,12,9,13,16,14,11,0,6,5
12,17,18,48,119,76,103,161,193,245,246,208,125,75,54,38,13,14,12,12,5,6,4,0
10,13,3,43,79,61,125,160,196,221,226,177,120,69,48,14,20,18,8,10,7,9,9,9
4,10,12,13,59,60,114,156,190,208,213,162,119,100,100,14,14,0,11,2,0,0,0,0
13,13,10,13,28,50,107,146,182,191,189,151,105,101,68,11,7,3,8,0,0,0,0,0
5,13,10,12,14,43,109,143,163,166,156,128,105,100,14,8,10,7,9,9,0,10,5,8
8,11,10,12,13,51,105,130,147,150,124,112,78,42,12,7,2,10,11,8,10,0,9,1
10,12,12,6,10,38,105,125,128,129,113,74,87,20,10,11,14,10,7,6,0,7,0,0
10,13,9,15,13,34,100,122,121,125,124,65,53,13,9,0,9,8,13,4,10,0,0,0
8,9,6,10,12,19,54,92,105,83,100,59,34,12,10,0,7,10,2,1,1,0,10,11
7,0,8,9,13,13,47,89,136,102,73,50,33,14,29,9,12,14,10,6,10,6,4,8
5,11,0,1,13,19,25,79,115,120,74,59,43,12,7,1,7,12,10,9,0,9,0,0
2,0,0,10,12,14,29,59,101,117,84,65,51,11,0,2,1,5,0,0,0,0,0,8
0,7,7,4,12,13,25,32,104,129,84,64,51,9,0,4,2,9,0,7,0,0,0,2
7,13,9,11,11,13,32,51,87,137,77,54,29,8,2,3,6,4,0,5,0,0,0,0
4,8,2,6,9,13,23,37,66,124,75,53,10,0,0,0,5,0,0,0,0,0,0,6
1,1,7,10,11,7,20,44,35,89,81,48,12,0,0,0,0,0,2,0,2,0,0,0
1,7,0,10,7,6,8,17,50,84,70,45,12,6,2,2,0,3,4,2,0,0,0,0
9,6,8,5,7,9,13,37,50,72,64,30,13,0,4,2,0,1,0,0,0,0,0,0
3,0,8,9,10,4,7,33,52,67,59,14,12,10,6,0,0,1,2,0,0,0,0,0
0,0,0,8,8,0,0,11,51,98,63,33,0,0,4,13,15,9,5,5,3,1,2,0
7,0,0,0,3,0,2,5,38,65,54,11,9,0,0,3,12,11,8,2,2,0,6,5
0,4,10,6,4,4,12,16,57,42,42,8,1,0,2,4,0,0,6,8,8,7,7,6
5,7,3,14,12,11,10,11,50,53,38,11,7,4,4,5,5,3,0,8,8,5,0,5

52,51,51,45,27,22,12,5,14,22,7,9,6,9,11,9,6,1,3,0,1,3,4,7
55,86,66,56,56,56,53,31,20,10,6,10,4,13,10,8,4,0,0,0,6,1,4,10
61,84,73,59,64,62,52,12,12,13,13,12,12,13,9,0,0,2,0,0,6,7,4,8
41,59,56,46,22,15,19,13,63,85,86,54,14,9,0,0,0,0,0,0,6,6,6,6
11,13,14,10,13,12,42,77,157,244,133,117,68,11,2,4,0,0,3,0,0,0,0,0
9,8,6,13,6,40,72,99,132,149,125,101,84,68,47,20,6,4,8,10,2,4,1,7
0,0,0,6,54,84,128,128,137,117,97,84,88,85,67,51,31,11,11,11,11,10,8,7
5,5,3,12,66,114,164,204,176,107,61,56,61,73,64,60,29,2,2,5,1,2,3,0
8,0,11,52,80,133,196,244,169,100,69,59,52,36,44,50,49,50,10,0,0,0,0,1
6,12,50,71,122,186,253,287,183,119,84,61,53,37,11,12,50,60,28,12,9,7,0,0
10,52,60,93,143,271,253,242,206,148,104,64,54,52,29,12,29,58,56,12,3,5,2,0
2,35,71,118,170,237,243,261,246,193,118,66,58,54,50,23,14,50,55,26,17,0,0,0
11,36,59,116,144,166,175,243,238,187,135,106,62,68,50,19,27,42,60,40,6,7,7,3
1,16,105,107,130,158,178,238,238,194,143,111,96,98,56,48,38,54,61,51,7,0,8,0
14,30,81,110,114,143,158,183,194,176,142,122,77,55,32,50,22,31,50,51,13,2,7,0
1,14,59,108,120,120,141,145,137,130,137,113,70,54,9,11,0,5,12,20,4,0,8,6
7,50,88,89,84,121,136,117,96,93,88,92,50,13,3,5,9,12,22,25,15,11,9,8
12,26,52,53,63,91,111,139,123,96,124,84,67,52,31,30,27,27,29,22,12,13,18,8
11,13,50,62,102,76,92,117,129,102,118,167,116,100,14,6,0,11,5,4,0,0,3,0
9,6,47,40,102,106,119,126,133,147,213,215,121,97,56,11,7,2,9,0,0,0,2,4
6,4,11,49,67,100,115,126,157,202,231,208,126,101,50,12,9,13,15,14,10,0,6,5
12,17,18,48,120,77,103,162,193,245,245,206,124,75,54,38,13,14,12,12,5,6,3,0
10,12,3,43,79,61,125,161,197,221,225,176,119,68,48,14,20,18,8,10,7,9,9,9
4,10,12,13,57,61,114,156,190,208,213,161,119,100,98,14,14,0,11,2,0,0,0,0
13,13,9,13,28,50,107,146,182,191,189,150,105,101,66,11,7,3,8,0,0,0,0,0
5,13,10,12,14,44,110,143,163,166,156,128,105,100,14,8,9,7,9,9,0,10,5,8
8,11,10,12,13,51,105,129,147,150,124,112,78,41,12,7,2,10,11,9,10,0,9,1
11,12,12,6,11,36,105,125,127,129,113,74,87,20,10,11,14,10,7,6,0,7,0,0
10,13,9,15,13,33,100,122,121,125,124,66,53,13,9,0,9,8,13,4,10,0,0,0
8,9,6,9,11,16,53,90,104,82,99,58,34,12,10,0,8,10,2,1,1,0,10,11
7,0,8,9,13,13,47,87,134,102,73,50,33,14,29,9,12,14,10,6,10,6,4,8
5,11,0,1,12,19,24,78,114,120,74,59,43,13,7,1,7,12,10,9,0,9,0,0
2,0,0,10,12,13,30,58,100,117,84,65,51,11,0,2,1,5,0,0,0,0,0,8
0,7,8,4,12,13,26,32,104,129,84,64,51,9,0,4,2,9,0,7,0,0,0,2
7,13,9,11,11,13,30,51,88,137,76,54,29,8,2,3,6,4,0,4,0,0,0,0
4,8,2,6,9,13,23,38,66,125,75,53,10,0,0,0,5,0,0,0,0,0,0,6
1,1,7,10,11,7,21,43,35,89,81,48,12,0,0,0,0,0,2,0,2,0,0,0
1,7,0,10,8,6,8,17,50,84,70,45,12,6,2,3,0,3,4,2,0,0,0,0
9,6,8,5,7,9,13,36,50,72,64,30,13,0,4,2,0,1,0,0,0,0,0,0
2,0,8,10,10,4,7,33,52,67,59,14,12,10,6,0,0,1,2,0,0,0,0,0
0,0,0,7,9,0,0,11,51,98,62,33,0,0,5,13,15,9,5,5,3,1,2,0
7,0,0,0,3,0,2,5,38,65,54,11,9,1,0,3,12,11,8,2,2,0,6,5
0,4,10,5,4,4,12,16,57,42,42,9,2,0,3,4,0,0,6,8,8,7,7,6
5,7,3,14,13,11,10,11,50,53,39,12,8,4,5,5,5,3,0,8,9,5,0,5

52,51,51,44,28,21,12,5,14,22,7,9,5,9,11,9,6,1,3,0,1,3,4,7
55,86,66,56,56,56,53,31,20,10,6,10,4,13,10,8,4,0,0,0,6,1,4,10
60,85,73,59,64,63,52,12,12,13,13,12,12,13,9,0,0,2,0,0,6,7,4,8
43,59,55,48,22,15,20,13,63,85,87,54,14,9,0,0,0,0,0,0,6,6,6,6
11,13,14,10,13,12,42,77,156,242,132,117,68,11,2,4,0,0,3,0,0,0,0,0
9,8,6,13,6,40,72,99,132,149,125,101,84,68,47,20,6,4,8,10,2,4,1,7
0,0,0,6,54,85,128,128,137,118,97,84,89,85,67,51,29,11,11,11,10,10,8,7
5,5,3,12,67,115,164,204,176,107,61,56,62,73,64,60,30,1,2,5,0,2,3,1
8,0,11,52,80,133,196,243,168,100,69,59,52,36,43,50,49,50,10,0,0,0,0,0
6,12,50,71,122,185,251,283,183,119,84,61,53,36,11,12,50,59,30,12,9,7,0,0
10,52,61,94,144,272,252,241,204,148,104,63,54,52,29,12,30,58,56,12,3,5,2,0
3,38,72,119,172,239,244,260,245,193,118,66,58,54,50,23,14,50,54,26,17,0,0,0
11,37,59,117,145,166,176,243,238,187,134,106,62,68,50,19,27,42,60,41,7,7,7,3
1,17,105,108,130,159,179,238,238,195,142,111,96,98,57,50,38,54,61,51,7,0,8,0
14,31,82,110,114,143,158,183,194,176,142,121,76,55,32,50,22,31,48,51,13,2,7,0
2,15,60,108,120,121,141,145,137,131,137,113,70,54,9,11,0,5,13,25,4,0,8,6
7,50,89,90,84,122,137,117,96,93,88,91,50,13,3,5,9,12,22,26,14,11,9,8
13,26,52,53,63,92,113,140,123,96,124,83,67,52,31,30,27,27,29,22,12,13,18,8
11,14,50,62,102,76,93,118,129,102,118,166,116,100,14,5,0,10,5,4,0,0,3,0
9,7,49,41,102,106,119,127,133,147,214,213,120,96,56,11,7,2,9,0,0,0,2,4
6,4,11,49,67,100,115,126,157,202,231,207,125,101,50,12,9,13,15,14,10,0,6,5
12,17,18,48,120,77,103,161,193,245,245,206,123,74,54,38,13,14,12,12,5,6,3,0
10,12,3,44,80,61,126,161,197,221,226,176,118,68,48,14,19,18,8,10,7,9,9,9
4,10,12,13,60,61,114,156,190,209,213,160,118,100,98,14,14,0,10,2,0,0,0,0
13,13,9,13,28,50,107,146,182,191,189,149,104,101,68,11,7,3,8,0,0,0,0,0
5,13,10,12,14,45,110,144,163,166,155,128,105,98,14,8,10,7,9,9,0,10,5,8
8,11,10,12,13,52,105,130,147,150,124,112,77,41,12,7,2,10,11,8,10,0,9,1
10,12,12,7,10,39,106,125,128,129,113,74,86,20,10,11,14,10,7,6,0,7,0,0
10,13,9,15,13,33,100,122,121,125,124,65,53,13,9,0,9,7,13,4,10,0,0,0
8,9,6,9,11,16,54,91,104,83,99,59,34,12,10,0,7,10,2,1,1,0,10,11
7,0,8,9,13,13,48,88,135,102,73,50,33,14,29,9,12,14,10,6,10,6,4,8
5,11,0,1,12,19,24,79,115,120,74,59,42,13,7,1,6,12,10,9,0,9,0,0
2,0,0,10,12,14,30,59,102,117,84,65,51,11,0,2,1,5,0,0,0,0,0,8
0,7,8,4,12,13,26,32,105,130,83,64,51,9,0,4,2,9,0,7,0,0,0,2
7,13,9,11,11,13,31,51,88,138,76,54,30,8,2,3,6,4,0,4,0,0,0,0
4,8,2,6,9,13,23,37,66,125,75,53,10,0,0,0,5,0,0,0,0,0,0,6
1,1,7,9,11,8,21,43,35,89,81,49,12,0,0,0,0,0,2,0,2,0,0,0
1,7,0,10,7,6,9,18,50,85,71,45,12,6,1,2,0,3,4,2,0,0,0,0
9,6,8,5,7,9,13,39,50,72,64,30,13,0,4,2,0,1,0,0,0,0,0,0
3,0,8,10,10,4,8,33,52,68,59,14,12,10,6,0,0,1,1,0,0,0,0,0
0,0,0,7,9,0,0,12,51,99,63,33,0,0,5,13,15,9,5,5,4,1,2,0
7,0,0,0,3,0,2,5,38,65,54,11,8,1,0,3,12,11,8,2,2,0,6,4
0,4,10,5,4,4,12,16,57,42,43,9,2,0,3,4,0,0,6,8,8,7,7,6
5,7,3,14,12,11,10,11,50,54,40,12,8,4,5,5,5,3,0,8,8,5,0,5

52,51,51,45,28,21,12,5,14,22,7,8,5,9,11,9,6,1,3,0,1,3,4,8
55,86,66,56,56,56,53,31,19,10,5,9,4,13,10,8,4,0,0,0,6,1,4,10
61,85,73,59,64,63,52,13,12,13,13,12,12,13,9,0,0,2,0,0,6,7,4,8
42,59,56,46,22,15,20,12,63,84,86,54,14,9,0,0,0,0,0,0,6,6,6,6
11,13,14,10,13,12,42,77,154,241,132,116,68,11,2,4,0,0,3,0,0,0,0,0
9,8,6,13,7,42,72,99,132,149,125,101,84,68,47,20,6,4,8,10,2,4,1,7
0,0,0,6,55,85,128,127,137,117,97,84,89,85,68,51,31,11,11,11,10,10,8,7
5,5,3,13,67,115,164,203,174,107,61,56,62,74,64,61,33,2,2,5,0,2,3,0
8,0,11,52,80,134,196,242,167,99,69,59,52,36,44,50,50,50,10,0,0,0,0,1
6,12,50,71,123,186,253,284,182,118,84,61,53,37,11,12,50,60,33,12,9,7,0,0
10,53,61,94,145,274,253,241,202,147,104,63,54,52,28,12,30,58,56,12,3,5,2,0
3,40,72,120,173,240,243,259,244,192,118,66,58,54,50,23,14,50,55,28,17,0,0,0
11,38,59,117,146,167,177,244,237,187,134,105,62,68,50,18,27,43,60,43,7,7,7,3
1,21,106,108,130,160,180,239,238,194,141,110,96,98,57,50,38,54,62,52,7,0,8,0
14,31,82,111,115,144,160,185,194,175,141,121,76,55,32,50,22,31,50,51,14,2,6,0
2,15,60,108,120,121,142,145,138,131,136,112,70,54,9,11,0,5,13,29,5,0,8,6
7,50,88,90,84,122,137,118,97,93,88,90,48,13,3,5,9,13,27,31,15,11,9,8
12,26,52,53,64,92,114,141,123,96,122,82,66,52,30,30,26,27,31,23,12,13,18,7
11,13,50,63,102,76,93,118,129,101,117,163,115,100,14,5,0,10,5,4,0,0,3,0
9,6,47,40,102,106,120,127,133,147,212,210,119,95,55,11,7,2,9,0,0,0,2,4
6,4,11,49,67,100,115,126,156,201,230,206,125,101,50,12,9,13,15,14,10,0,6,5
12,17,18,48,120,77,103,161,193,245,245,203,121,72,53,37,13,14,12,12,5,6,3,0
10,12,3,44,80,61,126,161,197,222,225,174,117,67,47,14,19,17,8,10,7,9,9,9
4,10,12,13,59,61,115,157,191,210,213,159,118,100,97,14,14,0,11,2,0,0,0,0
13,13,9,13,29,51,107,147,183,191,189,149,104,101,66,11,6,3,8,0,0,0,0,0
5,13,10,12,14,45,110,144,163,166,155,127,105,97,14,8,9,7,9,9,0,10,5,8
8,11,10,12,13,53,105,130,147,150,124,111,76,41,12,7,1,10,11,8,10,0,9,1
10,12,12,6,10,41,106,125,128,129,113,73,85,19,10,11,14,10,7,6,0,7,0,0
10,13,9,15,13,34,101,122,122,125,124,65,52,13,9,0,9,8,13,4,10,0,0,0
8,9,6,9,11,20,54,94,105,83,99,58,34,12,11,0,8,10,2,1,1,0,9,11
7,0,8,9,13,13,47,92,137,102,73,50,32,13,29,9,12,14,10,6,10,6,4,8
5,11,0,1,13,20,25,81,116,120,74,59,40,13,7,1,7,12,10,8,0,9,0,0
2,0,0,10,12,14,30,58,104,118,84,65,50,11,0,2,1,5,0,0,0,0,0,8
0,7,8,4,12,13,26,32,106,131,84,64,51,9,0,4,3,9,0,7,0,0,0,2
7,13,9,11,11,13,32,51,90,139,76,54,30,8,2,3,6,4,0,5,0,0,0,0
4,8,2,6,9,13,23,36,67,125,75,53,10,0,0,0,6,0,0,0,0,0,0,6
1,1,7,9,11,7,21,42,36,90,81,50,12,0,0,0,1,0,3,0,2,0,0,0
1,7,0,10,7,6,8,17,50,84,70,47,12,6,1,2,0,4,5,2,0,0,0,0
9,6,8,5,7,9,13,37,51,73,64,31,13,0,4,2,0,1,0,0,0,0,0,0
3,0,8,10,10,4,8,33,53,68,59,14,12,10,6,0,0,1,2,0,0,0,0,0
0,0,0,8,9,0,0,12,51,99,63,34,0,0,5,13,15,9,5,5,3,1,2,0
7,0,0,0,3,0,2,5,38,65,54,11,8,1,0,3,12,11,8,2,2,0,6,4
0,4,10,5,4,4,12,16,57,43,43,9,2,0,2,4,0,0,5,8,8,7,7,6
5,7,3,14,12,11,10,11,50,53,40,12,8,4,5,5,5,3,0,8,8,5,0,5

52,51,51,46,28,21,12,5,14,22,7,8,5,9,11,9,6,1,3,0,1,3,4,8
55,86,66,56,56,57,53,31,20,10,5,9,4,13,10,8,3,0,0,0,6,1,4,10
61,85,74,59,64,63,52,12,12,13,13,12,12,13,9,0,0,2,0,0,6,7,4,8
42,59,56,47,21,15,20,13,63,85,86,54,14,9,0,0,0,0,0,0,6,6,6,6
11,13,14,10,12,12,42,77,156,239,131,116,67,11,2,4,0,0,3,0,0,0,0,0
10,8,6,13,7,44,72,99,132,148,125,101,83,68,47,19,6,4,8,10,2,4,1,7
0,0,0,6,55,85,128,127,136,117,97,84,89,85,67,51,32,11,11,11,10,10,8,7
5,5,3,13,67,115,164,202,174,106,60,56,62,74,64,61,33,2,2,5,0,2,3,0
8,0,11,53,81,135,197,242,166,99,69,59,52,36,44,50,50,50,10,0,0,0,0,0
7,12,51,71,123,187,253,283,182,118,84,61,53,36,11,12,50,60,31,12,9,7,0,0
10,53,61,95,146,277,255,240,202,146,104,63,54,52,29,12,31,58,56,12,3,4,2,0
3,41,72,120,173,242,245,259,243,190,117,66,58,54,50,23,14,50,55,28,15,0,0,0
11,38,59,117,146,168,177,243,236,185,133,105,62,68,50,18,27,43,61,44,7,7,7,3
1,22,105,108,130,161,180,238,236,193,141,110,95,98,57,50,38,54,61,52,8,0,8,0
14,31,83,111,115,144,160,185,194,174,141,120,76,55,31,50,22,32,50,51,14,2,7,0
2,15,60,109,120,121,142,145,138,130,136,112,70,54,9,11,0,5,14,32,5,0,8,6
7,49,88,91,84,122,138,118,97,93,87,89,47,13,3,5,9,13,29,32,16,11,9,9
12,26,52,54,64,93,114,141,123,96,121,82,66,52,29,29,25,27,32,23,12,13,17,7
11,13,50,63,102,77,94,118,129,101,116,162,115,100,14,5,0,10,5,3,0,0,3,0
8,7,50,42,102,106,120,127,132,146,209,209,119,95,55,11,6,2,9,0,0,0,2,4
6,4,11,50,68,100,115,126,156,199,229,204,124,101,50,11,8,13,14,14,10,0,6,5
12,17,18,49,121,77,104,161,193,244,243,200,120,71,52,36,13,14,12,11,5,6,3,0
10,13,3,44,81,61,126,162,197,219,223,172,116,66,47,13,18,17,8,10,7,9,9,9
4,10,12,13,60,61,116,158,191,208,211,157,117,100,95,13,14,0,11,2,0,0,0,0
13,13,9,13,29,53,108,148,182,190,187,148,104,101,65,11,6,2,8,0,0,0,0,0
5,13,10,12,14,48,110,144,163,165,154,127,105,97,14,8,9,7,9,9,0,10,5,8
8,11,10,12,13,54,105,130,147,149,123,111,76,39,12,6,1,10,11,8,10,0,9,1
10,12,12,6,10,45,106,125,128,129,113,73,85,18,10,11,14,10,7,6,0,7,0,0
10,13,9,15,13,34,101,122,121,125,124,65,52,13,9,0,9,7,13,4,10,0,0,0
8,9,6,9,11,20,55,94,105,84,99,58,35,12,11,0,8,10,1,1,1,0,10,11
7,0,8,9,13,13,48,93,137,103,73,50,32,13,29,9,12,14,10,6,10,6,4,8
5,11,0,1,13,20,25,80,116,121,73,59,40,13,7,1,7,12,10,8,0,9,0,0
2,0,0,10,12,14,30,59,105,118,84,65,50,11,0,2,1,5,0,0,0,0,0,8
0,7,7,4,12,13,27,32,106,132,84,64,51,9,0,4,3,9,0,7,0,0,0,2
7,13,9,11,11,13,31,51,90,138,76,54,30,8,2,4,6,4,0,4,0,0,0,0
4,8,2,6,9,13,23,37,67,126,75,53,10,0,0,0,6,0,0,0,0,0,0,6
1,1,7,10,11,7,21,43,35,90,81,49,12,0,0,0,1,0,3,0,2,0,0,0
1,7,0,10,7,6,9,17,50,85,71,46,12,6,1,2,0,3,4,2,0,0,0,0
9,6,8,5,7,9,14,37,50,73,64,30,13,0,4,2,0,1,0,0,0,0,0,0
3,0,8,10,10,4,8,34,53,68,59,14,12,10,6,0,0,1,1,0,0,0,0,0
0,1,0,8,9,0,0,12,51,100,63,34,0,1,6,13,16,9,5,5,4,1,2,0
7,0,0,0,3,0,3,5,39,66,54,11,8,0,0,3,12,11,8,2,2,0,6,4
0,4,10,6,4,4,12,17,57,43,42,9,3,0,3,4,0,0,5,8,8,7,7,6
5,7,3,14,13,11,10,11,50,53,40,12,8,4,5,5,5,3,0,8,8,5,0,5
