5,0,3,1,1,8,3,0,3,6,2,0,2,11,4,3,2,4,1,2,4,2,7,0
10,0,0,6,3,0,0,0,1,10,22,50,25,23,11,0,12,0,0,7,10,4,0,0
9,1,4,9,12,7,6,8,13,55,70,69,103,85,51,50,25,12,12,22,26,1,12,0
0,0,6,11,8,10,14,64,65,100,109,111,106,100,73,54,14,7,6,6,7,0,3,0
0,0,0,0,11,0,22,48,69,78,102,95,101,66,66,65,54,11,0,10,0,0,8,0
0,0,1,7,3,11,4,16,60,65,71,75,71,60,54,43,35,12,0,0,0,0,0,0
0,0,0,5,8,1,2,18,36,19,59,48,56,40,37,34,34,6,0,0,0,0,0,0
0,0,0,0,0,0,3,23,14,58,62,70,63,61,64,61,40,8,0,0,0,0,2,0
0,0,0,0,0,11,35,52,67,73,74,83,83,76,78,83,75,67,36,18,0,0,0,0
0,0,0,0,13,54,60,65,72,84,100,114,105,118,115,100,100,95,64,59,14,12,9,5
0,0,0,18,54,60,73,95,115,126,131,125,134,148,144,146,124,111,90,70,58,30,12,5
0,0,4,56,58,60,67,124,183,187,169,145,140,169,180,193,171,112,88,68,57,57,30,0
0,8,64,73,60,57,87,120,167,178,172,174,179,171,161,159,145,90,68,32,52,52,33,12
4,14,72,75,22,10,75,108,119,138,162,167,162,168,158,140,117,101,87,13,21,67,62,8
5,50,75,56,11,11,31,101,88,89,133,147,148,154,153,133,108,73,11,13,7,32,22,6
11,57,62,8,0,0,9,64,82,85,96,109,131,141,127,107,79,76,0,6,0,5,13,12
27,59,58,42,13,10,1,61,64,74,91,102,110,86,83,70,63,57,13,9,5,14,40,57
16,35,37,29,6,6,32,48,67,98,128,122,85,115,118,107,64,36,13,12,13,14,22,29
10,40,26,7,11,0,31,78,86,130,142,141,113,104,117,133,118,76,32,22,9,15,24,25
5,26,6,10,11,6,10,98,119,123,134,142,139,138,137,140,141,110,53,29,12,6,12,14
12,16,31,14,10,10,7,74,80,99,129,138,146,142,141,141,132,109,44,12,12,12,12,11
0,7,12,7,0,6,22,82,132,140,157,167,164,173,151,177,149,116,82,45,31,25,14,17
0,8,13,10,0,7,46,108,137,165,191,206,189,186,187,189,170,144,89,69,37,14,9,12
4,10,9,8,7,11,100,120,151,179,206,220,220,229,218,200,182,149,121,103,70,14,13,9
10,12,11,4,11,13,101,122,147,171,200,221,225,229,215,203,184,148,120,100,51,26,11,17
13,12,13,13,14,12,94,117,134,158,180,189,171,136,174,172,160,141,127,104,57,40,36,12
13,12,11,13,13,14,53,100,112,144,142,136,113,97,116,125,129,114,103,84,57,18,22,13
9,13,13,9,5,7,27,58,103,106,110,107,58,41,59,110,113,111,95,48,34,23,27,12
2,9,0,7,6,10,34,36,67,65,67,57,47,50,78,104,107,108,60,44,18,10,19,13
8,0,8,2,5,4,8,8,55,71,62,55,39,51,57,61,77,60,51,9,11,16,10,0
8,4,8,11,7,8,12,12,24,53,53,51,36,51,60,64,62,66,13,12,5,6,12,5
0,0,1,2,4,6,11,6,8,22,56,51,41,56,83,80,67,51,18,15,11,0,0,6
7,0,0,0,0,7,5,0,5,0,10,1,14,60,71,67,69,38,14,12,10,7,10,8
7,0,0,0,0,3,0,0,0,0,2,8,0,50,56,62,34,26,14,14,7,1,10,11
0,0,0,0,1,0,0,0,0,0,5,10,8,23,52,53,55,14,25,10,11,9,5,7
0,0,0,0,0,0,0,0,0,0,0,0,5,13,51,59,51,12,12,0,0,9,13,0
0,0,0,0,0,0,0,0,0,0,4,2,11,46,52,54,60,13,3,7,1,5,7,3
0,0,0,0,0,0,0,2,4,8,10,10,10,46,63,84,78,51,9,7,9,0,5,0
0,0,0,0,0,0,1,3,4,0,2,8,14,57,86,102,99,51,18,8,5,11,2,0
0,0,0,0,4,0,9,0,0,0,6,4,10,57,77,84,91,42,12,12,9,11,9,11
0,4,0,0,5,0,0,12,11,12,1,0,12,51,102,90,63,51,13,12,8,0,5,4
8,7,4,0,5,2,8,11,10,0,13,5,7,45,67,78,71,46,13,6,7,0,5,9
7,9,2,5,7,0,0,0,0,9,12,7,11,20,50,61,37,10,10,0,9,11,5,0
4,0,8,4,1,0,0,1,2,4,8,0,9,14,44,54,12,7,8,11,9,0,5,4

5,0,3,1,1,8,4,0,3,6,2,0,2,11,4,3,2,4,1,2,4,2,7,0
10,0,0,6,3,0,0,0,1,10,22,50,28,23,12,0,12,0,0,7,10,4,0,0
9,1,4,9,12,8,6,8,13,56,70,69,103,85,51,50,25,12,12,21,26,1,12,0
0,0,6,11,9,10,14,65,66,100,109,111,107,101,73,54,14,8,6,6,7,0,3,0
0,0,0,0,11,0,25,50,70,78,102,95,101,66,66,65,54,11,0,10,0,0,8,0
0,0,1,7,3,11,4,17,60,65,71,75,72,60,54,44,35,12,0,0,0,0,0,0
0,0,0,5,8,1,2,19,36,19,59,48,56,40,38,34,33,6,0,0,0,0,0,0
0,0,0,0,0,0,3,22,14,58,62,70,63,61,64,61,42,8,0,0,0,0,2,0
0,0,0,0,0,11,35,52,67,73,74,83,83,76,78,83,76,68,35,18,0,0,0,0
0,0,0,0,13,54,60,65,72,84,100,114,106,118,115,100,100,96,64,59,14,12,9,5
0,0,0,19,54,60,73,95,115,126,131,125,134,148,144,146,124,112,90,70,58,30,12,5
0,0,4,56,58,60,67,124,184,188,170,145,140,170,180,193,171,112,88,68,56,57,31,0
0,8,64,73,60,57,86,120,167,178,172,174,179,171,161,159,146,90,68,32,52,52,34,12
4,14,73,75,22,10,75,108,119,138,162,166,162,168,158,139,117,101,87,13,21,68,63,8
5,48,75,56,11,11,29,101,88,89,133,146,148,153,153,133,108,74,12,13,7,32,21,6
11,57,62,8,0,0,9,64,82,85,96,109,131,140,126,107,79,76,0,6,0,5,13,12
27,59,58,43,13,10,1,61,64,74,90,102,110,85,83,70,63,57,13,9,6,14,40,57
16,35,37,29,6,6,32,48,67,97,128,121,85,114,117,106,64,36,13,12,13,14,22,29
10,38,27,6,10,0,31,78,86,130,141,141,112,103,116,133,118,76,32,22,9,15,23,25
6,26,6,10,11,6,10,97,119,122,134,142,138,137,136,140,140,109,53,29,12,6,12,14
12,16,30,14,10,9,7,74,80,99,129,138,145,142,140,141,132,108,44,12,12,12,12,11
0,7,12,7,0,6,22,82,132,139,156,167,164,172,150,176,149,116,82,45,31,25,14,17
0,8,12,10,0,7,46,109,137,165,191,207,189,185,186,188,169,143,89,69,36,14,9,12
4,10,9,8,7,11,100,120,151,179,207,220,220,229,219,200,182,149,121,103,70,14,13,9
10,12,11,5,11,13,101,122,147,171,200,222,225,229,215,203,183,148,120,100,51,26,11,17
13,12,13,13,14,12,95,117,134,159,180,190,171,136,175,172,160,141,127,104,56,40,36,12
13,12,11,13,13,14,54,100,112,144,143,136,113,99,116,125,129,114,103,84,57,18,22,13
9,13,13,10,5,7,27,58,103,106,110,107,58,41,59,110,113,111,95,48,33,23,27,12
2,9,0,7,6,10,34,37,68,65,67,57,46,50,78,104,107,108,60,44,18,10,19,13
8,0,8,2,5,4,8,8,56,72,63,55,40,51,57,61,77,60,51,9,12,16,10,0
8,4,8,11,7,9,12,12,25,53,53,51,36,51,60,65,62,66,13,12,5,6,12,5
0,0,1,2,5,7,11,7,8,25,58,51,41,56,83,80,66,51,18,15,11,0,0,7
7,0,0,0,0,7,5,0,6,0,10,1,15,60,71,67,69,38,14,12,10,7,10,8
8,0,0,0,0,3,0,0,0,0,3,9,0,50,56,62,35,27,14,14,7,1,10,11
0,0,0,0,1,0,0,0,0,0,5,10,8,24,52,53,55,14,25,10,11,9,5,7
0,0,0,0,0,0,0,0,0,0,0,0,5,13,51,59,51,12,12,0,0,9,13,0
0,0,0,0,0,0,0,0,0,0,4,3,11,46,52,54,60,13,3,7,1,5,7,3
0,0,0,0,0,0,0,2,4,8,10,10,10,46,63,84,78,51,9,7,9,0,5,0
0,0,0,0,0,0,1,3,4,0,2,8,14,57,86,102,99,51,18,8,5,11,2,0
0,0,0,0,4,0,9,0,0,0,6,4,10,57,77,84,91,42,12,12,9,11,9,11
0,4,0,0,4,0,0,12,11,12,1,0,12,51,102,90,63,51,13,12,8,0,5,4
8,7,4,0,5,2,8,11,10,0,14,5,7,45,67,78,71,45,13,6,7,0,5,9
7,9,2,4,7,0,0,0,0,9,12,7,11,20,50,61,39,10,10,0,9,11,5,0
4,0,8,4,1,0,0,1,2,4,8,0,9,14,44,54,11,7,8,11,9,0,6,4

5,0,3,1,1,8,4,0,3,6,2,0,3,11,4,4,2,5,1,2,4,2,7,0
10,0,0,6,3,0,0,0,1,11,25,50,28,24,12,0,12,0,0,7,10,4,0,0
9,1,4,9,12,8,6,8,13,56,70,69,103,85,51,50,25,12,12,22,26,1,12,0
0,0,6,11,9,10,14,66,66,100,110,111,106,100,73,54,14,8,6,6,7,0,3,0
0,0,0,0,11,0,27,50,70,78,102,95,101,66,66,65,54,11,0,10,0,0,8,0
0,0,1,7,3,12,4,17,61,65,71,75,72,61,54,44,35,12,0,0,0,0,0,0
0,0,0,5,8,1,2,18,38,22,59,50,56,40,39,34,32,6,0,0,0,0,0,0
0,0,0,0,0,0,3,23,14,58,62,70,63,61,64,61,42,8,0,0,0,0,2,0
0,0,0,0,0,11,35,52,67,73,74,83,83,76,78,83,76,68,36,18,0,0,0,0
0,0,0,0,13,54,60,65,72,84,100,114,105,118,115,100,100,95,64,59,14,13,9,5
0,0,0,18,54,59,73,95,115,126,131,125,134,148,144,146,124,111,90,69,58,29,12,5
0,0,4,56,58,60,67,124,184,188,170,145,140,169,180,193,171,112,88,68,57,57,31,0
0,8,63,72,60,57,86,120,167,178,172,174,178,170,160,159,145,90,68,32,52,52,34,12
4,14,72,75,22,10,75,108,119,138,162,166,161,167,158,139,117,101,87,13,22,68,62,8
5,48,75,56,11,11,29,101,88,89,133,146,148,153,153,132,108,73,12,13,7,32,22,6
11,57,62,9,0,0,9,64,82,84,95,109,131,140,126,107,79,77,0,6,0,5,13,12
27,58,58,43,13,10,1,61,64,74,90,101,109,85,82,70,63,57,13,9,6,14,40,57
16,35,37,29,6,6,32,48,67,97,128,121,84,114,117,107,64,36,13,12,13,14,22,29
10,38,26,6,10,0,31,78,85,130,141,140,112,102,115,132,117,76,32,22,9,15,24,25
6,26,6,10,11,6,10,98,119,122,134,141,137,137,136,139,140,109,52,28,12,6,12,14
13,16,31,14,10,9,7,73,80,99,129,137,145,142,140,140,131,108,44,12,12,12,12,11
0,7,12,7,1,6,22,82,132,139,156,167,164,173,150,176,148,115,82,45,31,25,14,17
0,8,12,10,0,7,46,109,137,165,191,206,189,185,186,187,169,143,88,69,36,14,9,12
4,10,9,8,7,11,100,120,151,179,207,220,220,229,219,200,181,149,121,103,70,14,13,9
10,12,11,4,11,13,101,123,148,172,201,222,225,229,215,202,183,148,120,100,50,25,11,17
13,12,13,13,14,12,95,117,135,159,180,190,171,137,175,172,160,141,127,104,57,41,35,12
13,12,11,13,13,14,54,100,112,145,143,137,113,99,116,125,129,114,103,84,57,17,22,13
9,13,14,10,5,8,29,59,103,106,110,107,58,41,58,110,113,111,96,48,34,23,26,12
2,9,0,7,6,10,35,37,68,65,67,57,47,50,78,104,107,108,59,44,18,10,19,13
8,0,8,3,5,4,8,9,55,72,62,55,39,51,57,61,77,60,51,9,11,16,10,0
8,4,8,11,7,9,12,12,26,53,53,51,36,51,59,64,62,66,13,12,5,6,12,5
0,0,1,2,5,7,11,7,9,27,59,51,42,56,83,81,67,51,19,15,11,0,0,7
7,0,0,0,0,7,6,0,6,1,11,2,18,60,71,67,69,38,14,12,10,7,10,8
7,0,0,0,0,3,0,0,0,0,3,9,0,50,56,62,35,28,14,14,6,1,10,11
0,0,0,0,1,0,0,0,0,1,5,10,8,25,52,53,55,14,26,10,11,9,5,7
0,0,0,0,0,0,0,0,0,0,0,0,6,13,51,59,50,13,12,0,0,9,13,0
0,0,0,0,0,0,0,0,0,0,4,3,11,46,52,54,60,13,3,7,1,5,7,3
0,0,0,0,0,0,0,1,4,8,10,10,11,46,63,84,78,51,10,7,9,0,5,0
0,0,0,0,0,0,1,3,4,0,3,8,14,57,86,102,99,51,18,8,5,11,2,0
0,0,0,0,4,0,10,0,1,0,6,4,10,57,77,84,91,42,12,12,9,11,9,11
0,4,0,0,5,0,0,12,11,12,1,0,12,52,102,90,63,51,13,12,8,0,5,4
8,7,4,0,5,2,8,11,10,0,13,5,8,45,67,78,71,47,13,6,7,0,5,9
7,9,2,5,7,0,0,0,0,9,12,7,11,21,50,61,39,10,10,0,9,11,5,0
4,0,8,4,1,0,0,1,2,4,9,0,9,14,44,54,12,7,8,11,9,0,6,4

5,0,3,1,1,8,4,0,3,6,2,0,3,11,4,4,2,5,1,2,4,2,7,0
10,0,0,6,3,0,0,0,2,11,25,50,28,23,12,0,12,0,0,7,10,4,0,0
9,1,4,9,12,8,6,8,13,56,71,69,103,86,51,50,25,12,12,22,26,1,12,0
0,0,6,11,9,10,14,66,65,100,110,111,107,101,74,54,14,8,6,6,7,0,3,0
0,0,0,0,11,0,29,50,70,78,102,95,101,66,66,65,54,11,0,10,0,0,8,0
0,0,1,7,3,12,4,17,61,65,71,76,72,60,54,44,35,12,0,0,0,0,0,0
0,0,0,5,8,1,2,20,38,22,59,50,56,41,37,35,33,6,0,0,0,0,0,0
0,0,0,0,0,0,3,22,14,58,62,70,63,61,64,61,41,8,0,0,0,0,2,0
0,0,0,0,0,11,36,52,67,73,74,83,83,76,78,83,76,67,35,18,0,0,0,0
0,0,0,0,13,54,60,65,72,83,100,114,105,118,115,100,100,95,64,59,14,12,9,5
0,0,0,17,54,60,73,95,115,125,131,124,134,148,144,146,124,111,90,69,58,29,12,5
0,0,4,56,58,60,67,124,184,188,169,145,140,169,180,193,171,112,88,68,57,57,30,0
0,8,63,73,60,57,86,120,167,178,172,174,178,170,160,159,146,90,68,32,52,52,34,12
4,14,73,75,21,10,76,108,119,138,162,166,162,167,157,139,117,101,87,13,21,68,62,8
5,50,75,57,11,11,31,101,88,89,133,146,148,153,153,133,108,74,12,13,7,32,22,6
11,57,62,9,0,0,9,64,82,85,95,109,131,140,126,107,79,77,0,6,0,5,13,12
28,59,58,43,13,10,1,61,64,74,90,101,109,85,82,70,63,57,13,9,6,14,40,57
16,35,37,29,6,6,32,48,67,97,127,121,84,113,116,106,64,36,13,12,13,14,22,29
10,40,26,6,10,0,31,77,85,130,141,140,112,102,115,132,117,76,32,22,9,15,23,25
5,26,6,10,11,6,10,97,118,122,133,141,137,137,135,139,139,109,52,28,12,6,12,14
13,16,30,13,10,9,7,74,80,99,128,137,145,142,140,140,131,108,44,12,12,12,12,11
0,7,12,7,1,6,22,82,132,139,156,166,164,173,150,175,148,115,82,45,31,25,14,17
0,8,13,10,0,8,47,109,137,165,190,206,189,185,186,188,169,143,88,69,37,14,10,12
4,10,9,8,7,11,100,120,152,180,207,220,220,229,218,199,181,149,121,103,70,14,13,9
10,12,11,4,11,13,101,123,148,172,201,222,225,229,215,202,183,148,120,100,50,26,11,17
13,12,13,13,14,12,95,117,135,160,181,191,172,137,175,173,160,141,127,104,56,40,36,12
13,12,12,13,13,14,54,100,112,145,143,137,113,100,117,126,129,114,103,84,56,18,22,13
9,13,13,10,5,8,27,58,103,106,111,107,58,43,59,110,113,111,96,47,34,23,27,12
2,9,0,7,6,10,35,39,68,65,67,57,49,50,78,104,107,108,59,44,18,10,19,13
8,0,8,3,6,4,8,9,56,72,62,55,39,51,57,61,77,60,50,9,12,16,10,0
8,4,8,11,7,9,12,12,27,53,53,51,37,51,60,65,62,66,13,12,5,6,12,5
0,0,1,2,5,7,11,7,9,27,60,51,42,56,83,81,67,51,19,15,11,0,0,7
7,0,0,0,0,7,6,0,6,2,11,2,16,60,71,67,70,38,14,12,10,7,10,8
7,0,0,0,0,3,0,0,0,0,4,9,0,50,56,62,35,28,14,14,6,1,10,11
0,0,0,0,1,0,0,0,0,1,5,11,8,25,52,53,55,14,26,10,11,9,5,7
0,0,0,0,0,0,0,0,0,0,0,0,6,13,51,59,51,13,12,0,0,9,13,0
0,0,0,0,0,0,0,0,0,0,4,3,12,49,52,54,60,13,4,7,1,5,7,3
0,0,0,0,0,0,0,1,4,8,10,10,11,46,63,84,78,51,10,7,9,0,5,0
0,0,0,0,0,0,1,3,4,0,3,8,15,57,86,103,99,51,18,8,5,11,2,0
0,0,0,0,4,0,10,0,1,0,6,4,10,57,77,84,91,42,12,12,9,11,9,11
0,4,0,0,4,0,0,12,11,12,1,0,12,51,102,90,63,51,13,12,8,0,5,4
8,7,4,0,5,1,8,11,10,0,14,5,8,46,67,78,71,46,13,6,7,0,5,9
7,9,3,5,7,0,0,0,0,9,12,7,11,20,50,61,40,10,10,0,9,11,6,0
4,0,8,4,0,0,0,1,2,4,9,0,10,14,45,54,12,7,8,11,9,0,6,4

5,0,3,1,1,8,4,0,3,6,2,0,3,11,4,4,2,5,1,2,4,2,7,0
10,0,1,6,3,0,0,0,1,11,25,50,27,24,12,0,12,0,0,7,10,4,0,0
9,1,4,9,12,8,7,8,13,56,71,69,103,86,51,50,25,12,12,22,27,2,12,0
0,0,6,11,9,10,14,66,65,100,110,111,106,101,73,54,14,8,6,6,7,0,3,0
0,0,0,0,11,0,30,51,70,78,102,95,101,67,66,65,54,11,0,10,0,0,8,0
0,0,1,7,3,12,4,18,61,65,71,76,72,61,54,44,35,12,0,0,0,0,0,0
0,0,0,5,8,1,2,20,38,23,59,50,56,43,39,36,34,6,0,0,0,0,0,0
0,0,0,0,0,0,3,22,13,58,62,70,63,61,64,61,43,8,0,0,0,0,2,0
0,0,0,0,0,11,35,52,67,73,73,83,83,76,78,83,76,68,36,18,0,0,0,0
0,0,0,0,13,54,60,65,72,83,100,114,105,117,115,100,100,95,64,59,13,12,9,5
0,0,0,18,54,59,73,95,115,125,131,124,134,148,144,146,124,111,90,69,58,29,12,5
0,0,4,56,58,60,67,124,184,188,169,145,140,169,180,193,171,112,88,68,56,57,31,0
0,8,64,72,59,57,87,120,167,178,172,174,178,170,160,159,146,90,68,32,52,52,34,12
4,14,73,75,22,10,75,108,119,138,162,166,161,167,157,139,117,101,87,13,21,68,62,8
5,50,75,56,11,11,31,101,87,89,133,146,148,153,153,132,108,74,12,13,7,32,22,6
11,57,62,9,0,0,9,64,82,84,95,108,131,140,126,106,79,76,0,6,0,5,13,12
27,58,58,43,13,10,1,61,64,74,90,101,109,85,82,70,63,57,13,9,6,14,40,57
16,35,37,29,6,6,32,48,67,97,127,120,84,113,116,105,64,36,13,12,13,14,22,29
10,40,24,6,10,0,33,78,85,130,141,140,111,102,114,132,117,75,32,23,9,15,24,25
5,27,6,10,11,6,10,97,118,122,133,141,137,136,135,139,139,109,52,28,12,6,12,14
13,16,31,13,10,9,7,74,80,98,128,137,145,141,139,140,131,108,44,12,12,12,12,11
0,7,12,7,1,6,22,82,132,139,155,166,163,172,149,174,148,115,82,45,31,25,14,17
0,8,13,10,0,8,46,109,137,165,191,206,189,185,186,187,169,143,88,69,36,14,10,12
4,10,9,8,7,11,100,120,152,180,207,220,220,229,218,199,181,149,121,103,69,14,13,9
10,12,11,4,11,13,101,123,148,172,201,222,225,230,215,203,183,148,119,100,51,26,11,17
13,12,13,13,14,12,97,117,135,160,181,191,172,137,176,173,160,141,127,104,56,40,36,12
13,12,11,13,13,14,55,100,112,145,143,137,114,100,117,125,129,114,103,84,56,17,22,14
9,13,13,10,5,8,29,58,103,106,111,107,58,45,59,110,113,111,95,48,35,24,27,12
2,9,0,8,6,10,36,40,68,65,67,57,46,50,78,104,107,108,59,44,18,10,19,13
8,0,8,3,6,4,9,9,56,72,62,55,39,51,57,61,77,60,50,9,12,16,10,0
8,4,8,11,7,9,12,12,28,53,53,51,37,51,60,65,62,66,13,12,5,6,12,5
0,0,1,2,5,7,11,7,9,29,61,51,44,56,83,81,66,51,19,15,11,0,0,6
7,0,0,0,0,7,6,0,6,2,11,2,18,60,71,67,70,38,14,12,11,7,10,8
7,0,0,0,0,3,0,0,0,1,4,10,0,50,56,62,35,28,14,14,6,1,10,11
0,0,0,0,1,0,0,0,0,1,5,11,9,27,52,53,56,14,27,11,11,9,5,7
0,0,0,0,0,0,0,0,0,0,0,0,6,13,51,59,51,13,12,0,0,9,13,0
0,0,0,0,0,0,0,0,0,0,4,3,11,49,52,54,60,13,4,7,1,5,7,3
0,0,0,0,0,0,0,1,4,8,10,11,11,46,63,84,78,51,10,7,9,0,5,0
0,0,0,0,0,0,1,3,5,0,3,9,15,57,87,103,99,52,18,8,5,11,2,0
0,0,0,0,4,0,10,0,1,0,6,4,10,57,78,84,91,42,12,12,9,11,9,11
0,4,0,0,4,0,0,12,11,12,1,0,12,52,102,91,63,51,13,12,8,0,6,4
8,7,4,0,5,1,8,11,10,0,14,6,8,46,67,78,71,46,13,6,7,0,5,9
7,9,2,5,7,0,0,0,0,9,12,7,11,22,50,61,41,10,10,0,9,12,6,0
5,0,8,4,0,0,0,1,2,4,9,0,10,14,45,54,12,7,8,11,9,0,6,4

5,0,3,1,1,8,4,0,3,6,2,0,3,11,4,4,2,5,1,2,4,2,7,0
10,0,0,6,3,0,0,0,2,11,29,50,24,23,12,0,12,0,0,7,10,4,0,0
9,1,5,9,12,8,6,8,13,56,70,69,103,86,51,50,25,12,12,22,27,1,12,0
0,0,6,11,9,10,14,67,65,100,110,111,107,101,73,54,14,8,6,6,7,0,3,0
0,0,0,0,11,0,30,51,71,78,102,95,101,66,67,65,54,11,0,10,0,0,8,0
0,0,1,7,3,12,4,18,61,65,71,76,72,61,54,44,35,12,0,0,0,0,0,0
0,0,0,5,8,1,2,21,38,25,59,50,56,41,38,35,33,6,0,0,0,0,0,0
0,0,0,0,0,0,3,22,13,58,62,70,63,61,64,61,43,8,0,0,0,0,2,0
0,0,0,0,0,11,35,52,67,73,74,83,83,76,78,83,75,67,36,18,0,0,0,0
0,0,0,0,13,53,60,65,72,84,100,114,105,118,115,100,100,95,64,59,14,12,9,5
0,0,0,18,54,59,73,95,115,125,131,125,134,148,144,146,124,111,90,69,58,29,12,5
0,0,3,56,58,60,67,124,184,188,169,145,140,170,180,193,172,112,88,68,57,57,31,0
0,8,64,72,60,57,86,120,167,178,172,174,178,170,160,159,145,90,68,32,52,52,34,12
4,15,72,75,24,10,75,108,119,138,162,166,161,167,158,139,117,101,87,13,22,68,62,8
5,50,76,56,11,11,29,100,87,89,133,146,148,153,153,132,108,74,12,13,7,32,22,6
11,57,62,9,0,0,9,63,82,84,95,108,131,140,126,106,78,75,0,6,0,5,13,12
27,59,58,42,13,10,1,61,64,74,90,101,109,85,82,70,63,57,13,9,6,14,40,57
16,35,37,30,6,6,32,48,67,97,127,120,84,113,116,106,64,36,13,12,13,14,22,29
10,40,26,6,10,0,31,77,85,129,141,140,111,101,114,132,117,75,32,22,9,15,24,25
6,27,6,10,11,6,10,97,118,121,133,141,137,136,135,138,139,109,52,28,12,6,12,14
12,16,31,13,10,10,7,74,80,98,128,137,145,141,139,139,131,108,44,12,11,12,12,11
0,7,12,7,1,6,22,82,132,139,155,166,163,172,149,174,147,115,82,45,31,25,14,17
0,8,13,10,0,8,47,109,138,165,191,206,189,185,186,187,169,143,88,69,36,14,9,12
4,10,9,8,7,11,100,120,152,180,207,220,220,229,218,199,181,148,121,103,68,14,13,9
10,12,11,5,11,13,101,123,148,173,201,222,225,230,215,202,183,148,119,100,50,25,11,17
13,12,13,13,14,12,95,118,135,160,181,191,172,137,176,173,160,141,127,104,57,40,36,12
13,12,11,13,13,14,55,100,112,145,144,137,114,100,117,126,129,114,103,84,57,18,22,13
9,13,13,10,6,8,29,58,103,106,111,107,59,45,59,110,113,111,95,47,34,23,27,12
2,9,0,8,6,10,36,40,68,65,67,57,46,50,78,104,107,108,59,44,18,10,19,13
8,0,8,3,6,4,9,9,56,72,62,55,40,51,57,61,77,60,50,9,12,16,10,0
8,4,8,11,8,9,12,12,28,53,53,51,37,51,60,65,62,66,13,12,5,7,12,5
0,0,1,2,5,7,11,7,9,29,61,51,43,56,83,81,67,51,19,15,11,0,0,6
7,0,0,0,0,8,6,0,7,2,11,2,18,60,71,68,70,39,14,12,11,7,10,8
8,0,0,0,0,3,0,0,0,1,4,10,0,50,56,62,35,28,14,14,6,1,10,11
0,0,0,0,1,0,0,0,0,2,5,11,8,26,52,53,56,14,27,11,11,9,5,7
0,0,0,0,0,0,0,0,0,0,0,0,6,13,51,59,51,13,12,0,0,9,13,0
0,0,0,0,0,0,0,0,0,0,4,3,12,47,52,54,60,13,4,7,1,5,7,3
0,0,0,0,0,0,0,1,4,8,10,11,11,46,63,84,78,51,10,7,9,0,5,0
0,0,0,0,0,0,1,3,5,0,3,9,15,57,86,103,99,51,18,8,5,11,2,0
0,0,0,0,4,0,10,0,1,0,6,4,10,57,77,84,91,41,12,12,8,11,9,11
0,4,0,0,4,0,0,12,11,12,1,0,12,52,102,91,63,51,13,12,8,0,6,4
8,7,4,0,5,0,7,11,10,0,14,5,8,47,67,78,71,48,13,6,7,0,5,9
7,9,2,4,6,0,0,0,0,9,12,7,12,21,50,61,40,10,10,0,9,11,6,0
5,0,8,4,0,0,2,2,1,4,9,0,10,14,45,54,12,7,8,11,10,0,6,4

5,0,3,1,1,8,4,0,3,6,2,0,3,11,4,4,3,5,1,2,4,2,7,0
10,0,1,6,3,0,0,0,2,11,26,50,27,26,12,0,12,0,0,7,10,4,0,0
9,1,4,9,12,8,7,8,13,56,71,69,103,85,51,50,25,12,12,23,27,1,12,0
0,0,6,11,9,10,14,66,65,100,110,111,107,101,73,54,14,8,6,6,7,0,3,0
0,0,0,0,11,0,33,51,71,78,102,95,101,66,66,65,54,11,0,10,0,0,8,0
0,0,1,7,3,12,4,18,61,65,71,76,72,61,54,44,35,12,0,0,0,0,0,0
0,0,0,5,8,1,2,21,38,25,59,50,56,40,37,35,32,6,0,0,0,0,0,0
0,0,0,0,0,0,4,22,13,58,62,70,63,61,64,61,43,8,0,0,0,0,2,0
0,0,0,0,1,11,37,52,67,73,73,82,83,76,78,83,76,67,35,17,0,0,0,0
0,0,0,0,13,54,61,65,72,84,100,113,105,118,115,100,100,95,64,59,14,13,9,5
0,0,0,19,54,60,73,95,115,125,130,124,134,149,145,147,125,112,90,69,58,29,12,5
0,0,4,56,58,60,67,124,184,187,169,145,140,170,180,194,172,112,88,68,56,57,31,0
0,8,64,72,60,57,87,120,166,177,172,175,180,171,161,159,146,90,68,32,52,52,34,12
4,15,73,75,22,10,76,108,119,138,162,167,162,168,158,139,117,101,87,13,22,68,62,8
5,50,75,56,11,11,28,100,87,88,133,146,148,153,153,132,108,74,12,13,7,32,21,6
11,57,62,9,0,0,9,63,81,84,95,108,131,140,126,106,78,75,0,6,0,5,13,12
26,58,58,43,13,10,0,61,63,74,90,101,109,84,82,70,63,57,13,9,5,14,40,57
16,35,37,29,6,6,32,48,67,97,127,120,84,113,116,106,63,36,13,12,13,14,22,29
10,40,26,6,10,0,30,77,85,129,141,140,111,101,114,131,116,75,31,22,9,15,23,25
6,27,6,10,11,6,10,96,118,121,133,141,137,136,135,138,139,109,51,28,11,6,12,14
12,16,31,13,10,9,7,74,80,98,128,137,145,141,139,139,131,107,44,12,11,12,12,11
0,7,12,7,1,6,22,82,132,139,155,167,163,172,149,174,147,115,82,45,31,25,14,17
0,8,13,10,0,8,46,109,138,165,191,206,189,185,185,187,168,143,88,69,36,14,9,12
4,10,9,8,7,11,100,121,152,180,207,220,220,228,218,199,181,148,121,103,70,14,13,9
10,12,11,4,11,13,101,123,148,173,201,222,225,229,215,202,183,148,119,100,50,25,11,17
13,12,13,13,14,12,97,118,135,161,181,191,173,137,176,173,160,141,127,104,56,40,36,12
12,12,11,13,13,14,55,100,112,145,144,138,114,100,117,126,129,114,103,84,56,18,22,14
9,13,13,10,6,8,30,59,103,106,111,107,59,44,58,110,113,110,95,50,34,26,28,12
2,9,0,8,6,10,37,40,68,65,67,57,48,50,78,104,107,108,59,44,18,10,19,13
8,0,8,3,6,4,9,9,56,72,63,55,40,51,57,61,78,59,50,9,12,16,10,0
8,4,8,11,8,9,12,12,28,53,53,51,37,51,60,65,62,66,13,12,5,7,12,5
0,0,1,2,5,7,11,8,9,31,62,51,43,56,82,81,67,51,19,15,11,0,0,7
7,0,0,0,0,8,6,0,7,2,11,3,20,60,71,68,70,38,14,12,10,7,10,8
8,0,0,0,0,3,0,0,0,2,4,10,0,50,57,62,35,29,14,14,6,1,10,11
0,0,0,0,1,0,0,0,1,2,5,11,9,25,52,53,55,14,26,11,11,9,5,7
0,0,0,0,0,0,0,0,0,0,0,0,6,13,51,59,51,13,12,0,0,9,13,0
0,0,0,0,0,0,0,0,0,0,5,3,12,50,52,54,60,13,4,7,1,5,7,3
0,0,0,0,0,0,0,1,4,8,10,11,11,46,63,84,77,51,10,7,9,0,5,0
0,0,0,0,0,0,1,3,5,0,3,9,15,57,86,103,99,51,18,8,5,11,2,0
0,0,0,0,4,0,10,0,1,0,6,4,10,57,77,84,91,42,12,12,8,11,9,11
0,4,0,0,4,0,0,12,11,12,1,0,12,52,102,90,63,51,13,12,8,0,6,4
8,6,4,0,5,0,8,11,10,0,14,6,8,46,67,78,71,46,13,7,7,0,5,9
7,9,3,5,7,0,0,0,0,9,12,7,11,22,50,61,43,10,10,0,9,12,6,0
5,0,8,4,0,0,2,2,1,4,9,0,10,14,45,54,12,7,8,11,9,0,6,4

5,0,3,1,1,8,4,0,3,6,2,0,3,11,4,4,2,5,1,2,4,2,7,0
10,0,1,6,3,0,0,0,2,11,26,50,25,22,12,0,12,0,0,7,10,4,0,0
9,1,5,9,12,8,6,8,13,57,70,69,103,85,51,50,25,12,12,22,26,1,13,0
0,0,6,11,9,10,14,67,65,100,110,111,107,101,74,54,14,8,6,6,7,0,3,0
0,0,0,0,11,0,33,51,71,78,103,95,101,67,66,65,54,11,0,10,0,0,8,0
0,0,1,7,3,12,4,18,61,65,71,76,72,61,54,45,35,12,0,0,0,0,0,0
0,0,0,5,8,2,2,21,38,25,59,50,56,40,38,35,31,5,0,0,0,0,0,0
0,0,0,0,0,0,4,23,13,58,61,70,63,61,64,61,41,8,0,0,0,0,2,0
0,0,0,0,1,11,36,52,67,73,73,82,83,76,78,83,75,67,33,15,0,0,0,0
0,0,0,0,13,54,61,65,72,83,99,113,105,117,114,99,99,94,63,59,13,12,9,5
0,0,0,20,54,60,73,95,115,125,129,124,134,148,144,146,124,111,90,69,58,29,12,5
0,0,4,56,58,60,67,124,182,185,169,146,141,171,181,194,172,112,88,68,57,57,30,0
0,8,64,73,60,57,86,120,165,177,174,177,182,173,162,160,145,90,68,31,52,52,33,12
4,16,74,75,21,10,75,108,119,138,164,169,165,171,160,139,117,101,87,13,21,67,62,8
5,50,75,56,11,11,28,100,87,88,133,147,149,154,154,132,108,73,12,13,7,31,21,6
11,57,62,8,0,0,8,62,81,84,95,108,131,140,126,106,78,75,0,6,0,5,13,12
28,59,58,44,13,10,0,60,63,74,90,101,109,85,82,70,63,57,13,9,5,14,40,57
15,35,37,29,6,6,31,48,67,96,127,121,84,113,116,105,63,36,13,12,13,14,22,29
10,41,26,6,10,0,29,77,84,129,141,140,112,101,114,131,116,75,31,22,9,15,23,25
6,27,6,10,11,6,10,96,118,121,133,141,137,136,135,138,138,109,51,27,11,6,12,14
13,16,30,13,10,9,7,73,80,98,128,137,145,141,139,139,131,107,43,12,11,12,12,11
0,7,12,7,1,6,22,82,132,139,156,167,163,172,149,174,147,114,81,45,31,25,14,17
0,8,13,11,0,8,46,109,137,165,191,206,189,185,186,187,168,143,88,69,36,14,10,12
4,10,9,8,8,11,100,121,152,180,207,220,220,229,218,199,181,148,121,103,69,14,14,9
10,12,11,4,11,13,101,123,149,173,202,222,225,230,215,202,183,148,119,99,50,26,11,17
13,12,13,13,14,12,95,118,136,161,182,192,173,138,176,173,160,141,127,104,57,40,37,12
13,12,11,13,13,14,55,100,112,145,144,138,114,100,117,126,129,114,103,84,56,18,22,13
9,13,13,10,6,8,30,58,103,106,111,107,58,45,58,110,113,111,95,48,35,24,27,12
2,9,0,8,6,10,37,41,68,65,67,57,47,50,78,104,107,108,59,44,19,10,19,13
8,0,8,3,6,4,9,9,56,72,63,55,40,51,57,61,77,60,51,9,12,17,10,0
8,4,8,11,8,10,13,12,29,53,53,51,37,51,60,64,62,66,13,12,5,7,12,5
0,0,1,2,5,8,11,8,9,33,62,51,43,56,83,81,67,51,19,15,11,0,0,7
7,0,0,0,0,7,6,0,7,3,12,3,19,61,71,68,70,38,14,12,11,7,10,8
7,0,0,0,0,3,0,0,0,2,5,10,0,50,56,62,35,29,14,14,6,1,10,11
0,0,0,0,1,0,0,0,1,2,5,11,9,27,52,53,56,14,27,11,11,9,5,7
0,0,0,0,0,0,0,0,0,0,0,0,6,13,51,59,51,13,12,0,0,9,13,0
0,0,0,0,0,0,0,0,0,0,5,3,12,50,52,54,60,13,4,7,1,5,7,3
0,0,0,0,0,0,0,1,4,8,10,11,11,46,63,84,78,52,10,7,9,0,5,0
0,0,0,0,0,0,1,3,5,0,3,9,16,57,87,103,98,52,18,8,5,11,2,0
0,0,0,0,4,0,10,0,1,0,6,4,10,57,77,84,91,42,12,12,9,11,9,11
0,4,0,0,4,0,0,12,11,12,1,0,12,52,102,90,63,51,13,12,8,0,6,4
8,7,4,0,5,0,8,11,10,0,14,6,8,48,67,78,71,48,13,7,7,0,5,9
7,9,3,5,7,0,0,0,0,9,12,8,12,22,50,61,43,10,10,0,9,11,6,0
5,0,8,4,0,0,2,2,1,4,9,0,10,14,45,54,12,7,8,11,9,0,6,4

5,0,3,1,1,8,4,0,3,6,2,0,3,11,4,4,2,5,1,2,4,2,7,0
10,0,1,6,3,0,0,0,2,11,26,50,28,26,12,0,12,0,0,7,10,4,0,0
9,1,4,9,12,8,7,8,13,57,70,69,103,85,51,50,25,12,12,23,26,2,13,0
0,0,6,11,9,10,14,67,66,100,110,111,107,101,74,54,14,8,6,6,7,0,3,0
0,0,0,0,12,0,34,51,71,78,102,95,102,67,67,65,55,11,0,10,0,0,8,0
0,0,1,7,3,12,4,18,61,66,71,76,72,61,54,44,35,12,0,0,0,0,0,0
0,0,0,5,8,2,2,22,38,25,59,50,56,42,38,35,32,5,0,0,0,0,0,0
0,0,0,0,0,0,4,22,13,58,61,70,63,61,64,61,41,7,0,0,0,0,2,0
0,0,0,0,1,11,38,52,67,73,73,82,83,76,78,83,75,67,33,15,0,0,0,0
0,0,0,0,14,54,61,65,72,83,99,113,105,118,114,99,99,94,63,59,13,12,9,5
0,0,0,19,54,60,74,95,115,125,130,124,134,148,144,146,124,111,90,69,57,28,12,5
0,0,4,56,58,60,67,124,182,184,169,145,141,171,181,194,172,112,87,68,56,57,30,0
0,8,64,73,60,57,86,119,164,177,173,176,181,172,162,159,145,90,68,31,52,52,33,12
4,15,73,75,21,10,75,108,119,138,163,168,164,169,159,139,117,101,87,13,18,67,62,8
5,50,75,56,11,11,28,100,87,88,133,147,148,153,153,132,107,73,12,13,7,32,21,6
11,57,62,8,0,0,8,62,81,84,95,108,131,140,126,106,78,74,0,6,0,5,13,12
28,59,58,43,13,10,0,60,63,73,90,101,109,85,82,70,63,57,13,9,5,14,40,57
16,35,37,29,6,6,31,48,67,96,127,120,84,112,116,105,63,36,13,12,13,14,22,29
10,40,24,6,10,0,29,77,84,129,141,140,111,101,114,131,116,75,31,22,9,15,24,25
6,27,6,10,11,6,10,96,118,121,133,140,137,136,135,138,138,109,51,27,11,6,12,14
13,16,31,13,10,10,7,73,80,98,128,137,145,141,139,139,130,107,43,12,11,12,12,11
0,7,12,7,1,6,22,82,132,139,155,166,163,172,149,173,147,114,81,44,31,25,14,17
0,8,12,10,0,8,46,109,138,166,191,206,189,185,185,187,168,142,88,69,36,14,10,12
4,10,9,8,8,11,100,121,153,180,207,221,220,229,218,199,181,148,121,103,69,14,13,9
11,12,11,4,11,13,101,123,149,173,202,222,226,230,215,202,183,148,119,100,50,26,11,17
13,12,13,13,14,12,97,118,136,161,182,192,173,138,177,173,161,141,127,103,56,40,36,12
13,12,11,13,13,14,55,101,113,146,144,138,114,100,117,126,129,114,103,84,57,18,22,14
9,13,13,10,6,8,29,58,103,106,111,107,59,45,59,110,113,111,95,48,34,24,28,12
2,9,0,8,6,10,39,41,68,65,68,57,48,51,78,104,107,108,59,44,19,10,19,13
8,0,8,4,6,4,9,9,56,72,62,55,40,51,57,61,77,60,50,9,12,16,10,0
8,4,8,11,8,10,13,12,30,53,53,51,37,51,60,65,62,66,13,12,5,6,12,5
0,0,1,2,5,8,11,8,9,33,62,51,43,56,82,81,67,51,19,15,11,0,0,6
7,0,0,0,0,7,6,0,7,3,12,3,20,61,72,68,70,39,14,12,11,7,10,9
7,0,0,0,0,3,0,0,0,2,5,10,0,50,56,62,35,28,14,14,6,1,10,11
0,0,0,0,1,0,0,0,1,2,5,11,9,27,52,53,56,14,27,11,11,9,5,7
0,0,0,0,0,0,0,0,0,0,0,0,6,13,50,59,51,13,12,0,0,9,13,0
0,0,0,0,0,0,0,0,0,0,5,3,12,49,52,54,60,13,4,7,1,5,7,3
0,0,0,0,0,0,0,1,4,8,10,11,11,46,63,84,77,51,10,7,9,0,5,0
0,0,0,0,0,0,1,3,5,0,3,9,16,57,86,103,99,51,18,8,5,11,2,0
0,0,0,0,4,0,10,0,0,0,6,4,10,57,77,84,91,42,12,12,8,11,9,11
0,4,0,0,4,0,0,13,11,12,1,0,12,52,102,91,63,51,13,12,8,0,6,4
8,7,4,0,5,0,8,11,10,0,14,6,8,50,67,78,72,47,13,7,7,0,5,9
7,9,3,5,7,0,0,0,0,9,12,8,12,21,50,61,43,10,10,0,9,12,6,0
5,0,8,4,0,0,2,2,2,3,9,0,10,14,44,54,12,7,8,11,9,0,6,4

5,0,3,1,1,8,4,0,3,6,2,0,3,11,4,4,2,5,1,2,4,2,7,0
10,0,1,6,3,0,0,0,2,11,25,50,27,24,12,0,12,0,0,7,10,4,0,0
9,1,5,9,12,8,7,8,13,57,71,69,103,86,51,50,25,12,12,23,26,1,12,0
0,0,6,11,9,10,14,67,66,100,110,111,107,101,73,54,14,8,6,6,7,0,3,0
0,0,0,0,12,0,34,51,71,78,103,96,102,67,67,65,55,12,0,10,0,0,8,0
0,0,1,7,3,12,4,18,61,65,71,76,72,61,54,44,35,12,0,0,0,0,0,0
0,0,0,5,8,2,2,22,40,28,59,50,57,43,38,36,32,5,0,0,0,0,0,0
0,0,0,0,0,0,4,22,13,58,61,70,63,61,64,61,41,7,0,0,0,0,2,0
0,0,0,0,1,11,37,52,67,73,74,83,83,76,78,83,75,67,32,14,0,0,0,0
0,0,0,0,14,54,60,65,72,84,100,114,106,118,115,99,99,94,63,59,13,12,8,5
0,0,0,19,54,60,73,95,115,125,130,124,134,149,145,146,124,111,90,69,57,28,12,5
0,0,4,56,58,60,67,124,183,185,168,145,140,170,180,195,173,112,88,68,56,57,30,0
0,8,64,73,60,57,86,119,165,176,172,174,179,171,161,160,146,90,68,32,52,52,33,12
4,15,73,75,21,10,75,108,119,138,162,166,162,167,157,139,117,101,87,13,21,67,62,8
5,50,75,57,11,11,28,100,87,88,133,146,148,153,152,132,108,73,12,13,7,32,21,6
11,57,62,9,0,0,8,63,82,84,95,108,130,140,126,106,79,76,0,6,0,5,13,12
27,59,58,44,13,10,0,61,63,74,90,101,109,84,82,70,63,57,13,9,5,14,40,57
17,35,37,30,6,6,32,48,67,97,127,120,84,113,115,105,63,36,13,12,13,14,22,29
10,38,26,6,10,0,30,77,85,129,140,139,111,101,114,131,116,75,32,21,9,15,24,25
5,27,6,10,11,6,10,96,118,121,133,140,136,136,135,138,138,109,51,27,11,6,12,14
12,17,31,13,10,10,7,74,80,98,128,137,144,141,139,139,130,107,43,12,11,12,12,11
0,7,12,7,1,6,22,82,132,139,155,166,163,172,149,173,146,114,81,45,31,25,14,17
0,8,12,10,0,8,47,109,138,165,191,206,189,185,186,187,168,142,88,69,36,14,10,12
4,10,9,8,8,11,100,121,153,181,207,220,220,229,217,199,181,148,121,103,68,14,13,9
10,12,11,4,11,13,101,123,149,174,202,223,225,230,214,202,183,147,119,100,50,26,11,17
13,12,13,13,14,12,97,118,136,161,182,192,173,138,176,173,161,141,127,103,56,40,36,12
13,12,12,13,13,14,55,101,113,146,144,138,114,100,117,126,129,114,103,82,57,18,22,14
9,13,13,10,6,8,30,59,103,106,111,107,58,47,59,110,113,111,95,48,34,26,28,12
2,9,0,8,6,10,37,42,68,65,67,57,46,51,78,104,107,108,59,44,19,10,19,13
8,0,8,4,6,4,9,9,57,72,63,55,40,51,57,61,78,59,50,9,12,16,10,0
8,4,8,11,8,10,13,13,30,53,54,51,38,51,60,65,62,66,13,12,5,7,12,5
0,0,1,2,5,8,11,8,9,33,62,51,45,56,83,82,67,51,19,15,11,0,0,6
7,0,0,0,0,8,6,0,7,3,12,3,22,61,72,68,71,39,14,12,11,7,10,9
8,0,0,0,0,3,0,0,0,3,5,10,0,50,56,62,36,29,14,14,6,1,10,11
0,0,0,0,1,0,0,0,1,2,5,11,9,28,52,53,56,14,27,11,11,9,5,7
0,0,0,0,0,0,0,0,0,0,0,0,6,13,51,59,51,13,12,0,0,9,13,0
0,0,0,0,0,0,0,0,0,0,5,3,12,50,52,54,60,14,4,7,1,5,7,3
0,0,0,0,0,0,0,1,4,8,10,11,11,46,63,84,78,51,10,8,9,0,5,0
0,0,0,0,0,0,1,3,5,0,3,9,16,57,86,103,99,51,18,8,5,11,3,0
0,0,0,0,4,0,10,0,0,0,6,4,10,57,77,84,90,41,12,12,8,11,9,11
0,4,0,0,4,0,0,13,11,12,1,0,12,52,102,91,63,52,13,12,8,0,5,4
8,7,4,0,5,0,8,11,10,0,14,6,8,50,67,78,72,48,13,7,7,0,5,9
7,9,3,4,7,0,0,0,0,9,12,8,11,22,50,61,43,10,10,0,9,12,6,0
5,0,8,4,1,0,2,2,2,3,9,0,10,14,45,54,12,7,8,11,10,0,6,4

5,0,3,1,1,8,4,0,3,6,2,0,3,11,4,4,3,5,1,2,4,2,7,0
10,0,1,6,3,0,0,0,2,11,26,50,28,24,12,0,12,0,0,7,10,4,0,0
9,2,5,9,12,8,7,8,13,57,71,69,103,86,51,50,25,12,12,23,27,1,12,0
0,0,6,11,9,10,14,67,66,100,110,111,107,101,74,54,14,8,6,6,7,0,3,0
0,0,0,0,11,0,34,51,71,78,103,95,102,67,67,65,55,11,0,10,0,0,8,0
0,0,1,7,3,12,4,19,61,66,72,76,72,61,54,44,35,12,0,0,0,0,0,0
0,0,0,5,9,2,2,21,40,28,59,50,56,45,39,36,33,5,0,0,0,0,0,0
0,0,0,0,0,0,4,22,14,58,62,70,63,61,64,61,40,7,0,0,0,0,2,0
0,0,0,0,0,11,36,52,67,73,74,83,84,76,78,83,75,67,31,14,0,0,0,0
0,0,0,0,13,54,60,65,72,84,100,114,106,118,115,99,99,94,63,59,13,12,9,5
0,0,0,19,54,60,73,95,115,125,131,125,135,149,145,146,124,111,90,69,57,29,12,5
0,0,4,56,58,60,67,124,183,186,169,145,140,170,180,195,173,112,88,68,57,57,30,0
0,8,64,72,60,57,86,120,166,177,171,174,178,170,160,160,146,90,68,32,52,52,33,12
4,15,72,75,22,10,75,108,119,138,161,166,161,167,157,139,117,101,87,13,22,68,62,8
5,50,76,57,11,11,28,100,87,88,132,146,148,152,152,132,108,74,12,13,7,32,22,6
11,57,62,9,0,0,9,63,82,84,95,108,130,140,126,106,79,76,0,6,0,5,13,12
26,58,58,43,13,10,0,61,64,74,90,100,109,84,82,70,63,57,13,9,6,14,40,57
16,35,37,30,6,6,32,48,67,96,126,120,84,112,115,105,63,36,13,12,13,14,22,29
10,40,26,6,10,0,31,77,84,129,140,139,111,101,113,131,116,75,31,22,9,15,24,25
6,27,6,10,11,6,10,96,118,121,133,140,136,136,134,138,138,109,50,26,11,6,12,14
12,16,30,13,10,9,7,74,80,98,128,136,144,141,139,138,130,107,43,12,11,12,12,11
0,7,12,7,1,6,22,82,132,139,155,166,163,171,148,172,146,114,81,45,31,25,14,17
0,8,12,10,0,8,46,109,138,165,191,206,189,185,185,187,168,142,88,68,36,14,10,12
4,10,9,9,8,11,100,121,153,181,207,221,221,229,218,199,181,148,121,103,69,14,13,9
10,12,11,4,11,13,101,123,149,174,202,223,225,230,214,202,183,147,119,98,50,26,11,18
13,12,13,13,14,12,97,118,136,162,182,192,173,138,176,173,160,141,127,104,56,41,36,12
13,12,11,13,13,14,55,101,113,146,144,138,114,100,117,126,129,114,103,82,57,18,23,14
9,13,13,10,6,8,31,59,103,106,111,107,59,48,59,110,113,110,95,47,35,26,31,13
2,9,0,8,6,10,37,41,68,65,67,57,48,51,78,104,107,108,59,44,19,10,19,13
8,0,8,4,6,4,9,9,57,72,63,55,40,51,57,61,77,59,50,9,12,16,10,0
8,4,8,11,8,10,13,13,30,53,53,51,37,51,60,65,62,66,13,12,5,7,12,5
0,0,1,2,5,8,11,8,9,33,63,51,43,56,83,82,67,51,19,15,11,0,0,6
7,0,0,0,0,8,6,0,7,3,12,4,21,61,72,68,71,39,14,12,11,8,10,8
8,0,0,0,0,3,0,0,0,3,5,11,0,50,56,62,36,29,14,14,6,1,10,11
0,0,0,0,1,0,0,0,1,2,5,11,9,27,52,53,56,14,27,11,11,9,5,7
0,0,0,0,0,0,0,0,0,0,0,0,6,13,51,59,51,13,12,0,0,9,13,0
0,0,0,0,0,0,0,0,0,0,5,3,12,50,52,54,60,14,4,7,1,5,7,3
0,0,0,0,0,0,0,1,4,8,10,11,11,46,63,84,78,51,10,8,9,0,5,0
0,0,0,0,0,0,1,3,5,0,3,9,16,57,86,103,98,51,18,8,5,11,3,0
0,0,0,0,4,0,10,0,0,0,6,4,10,57,77,84,91,42,12,12,9,11,9,11
0,4,0,0,4,0,0,13,11,12,1,0,12,52,102,91,63,51,13,12,8,0,5,4
8,7,4,0,5,0,8,11,10,0,14,6,8,47,67,78,71,47,13,7,7,0,5,9
7,9,3,5,7,0,0,0,0,9,12,8,12,23,50,61,46,11,10,0,9,12,5,0
5,0,8,4,0,0,2,2,2,4,9,0,10,14,46,55,12,7,8,11,9,0,6,4

5,0,3,1,1,8,4,0,3,6,2,0,3,11,4,4,3,5,1,2,4,2,7,0
10,0,1,6,3,0,0,0,2,11,27,50,25,24,12,0,12,0,0,7,10,4,0,0
9,1,5,9,12,8,7,8,13,57,71,69,103,85,51,50,24,12,12,23,26,1,12,0
0,0,6,11,9,10,14,67,66,100,110,111,107,101,73,54,15,8,6,6,7,0,3,0
0,0,0,0,12,0,35,51,71,78,103,95,102,67,67,65,55,11,0,10,0,0,8,0
0,0,1,7,3,12,4,19,61,66,72,76,72,61,54,44,35,12,0,0,0,0,0,0
0,0,0,5,8,2,2,23,39,28,60,50,56,44,39,36,33,6,0,0,0,0,0,0
0,0,0,0,0,0,4,22,13,58,62,70,63,61,64,61,41,7,0,0,0,0,2,0
0,0,0,0,0,11,36,52,67,73,74,83,84,76,78,83,75,67,32,15,0,0,0,0
0,0,0,0,13,54,60,65,72,84,100,114,106,118,115,100,100,95,63,59,13,12,9,5
0,0,0,19,54,59,73,95,115,125,131,125,135,149,145,146,124,112,90,69,58,29,12,5
0,0,4,56,58,60,67,124,183,186,169,145,141,170,181,196,174,112,88,68,57,57,30,0
0,8,64,73,60,57,86,120,166,177,171,174,178,170,160,160,147,90,68,32,52,52,34,12
4,16,73,75,24,10,75,108,119,138,162,166,161,166,157,139,117,101,88,13,23,68,62,8
5,50,75,57,11,11,28,100,87,88,132,146,148,152,152,132,108,73,12,13,7,32,22,6
11,57,63,9,0,0,9,63,82,84,95,108,130,139,126,106,79,76,0,6,0,5,13,12
27,58,58,43,13,10,1,61,63,74,90,100,109,84,82,70,63,57,13,9,5,14,40,57
16,35,37,29,6,6,32,48,67,96,126,120,84,112,114,105,63,36,13,12,13,14,22,29
10,38,26,6,10,0,30,77,84,129,140,139,111,100,112,131,115,75,31,22,9,15,24,25
6,28,6,10,11,6,10,96,118,121,133,140,136,135,134,137,138,109,51,26,11,6,12,14
12,16,30,13,10,9,7,74,80,98,128,136,144,141,139,138,130,107,43,12,11,12,12,11
0,7,12,7,1,6,23,83,132,139,155,166,163,172,148,172,146,114,81,45,31,25,14,17
0,8,12,10,0,8,47,109,138,166,191,206,189,184,185,186,167,142,87,68,36,14,10,12
4,10,9,9,8,11,100,121,153,181,207,221,220,229,217,198,181,148,121,103,70,14,13,9
10,12,11,4,11,13,101,123,149,174,202,223,226,230,215,202,183,148,119,98,50,26,11,17
13,12,13,13,14,12,97,118,136,162,182,192,173,138,176,173,160,141,127,104,56,41,36,12
13,12,11,13,13,14,55,100,113,146,144,138,114,100,117,126,129,114,103,82,57,18,23,14
9,13,13,10,6,8,34,59,104,106,111,107,58,48,58,110,113,110,95,50,36,26,31,13
2,9,0,8,6,10,37,41,68,65,67,57,47,51,77,104,107,107,58,44,19,10,19,13
8,0,9,4,6,4,9,9,57,72,63,55,41,51,57,61,78,60,51,9,12,16,10,1
8,4,8,11,8,10,13,13,30,54,53,51,37,51,60,65,62,66,13,12,5,7,12,6
0,0,1,2,5,8,12,8,9,34,63,51,47,56,83,82,67,51,19,15,11,0,0,6
7,0,0,0,0,7,6,0,7,3,13,4,22,61,72,68,71,39,14,12,11,7,10,9
8,0,0,0,0,3,0,0,0,3,6,11,0,50,57,62,36,30,14,14,6,1,10,11
0,0,0,0,1,0,0,0,2,2,5,11,9,28,52,53,56,14,27,11,11,9,5,7
0,0,0,0,0,0,0,0,0,0,0,0,6,13,51,59,51,13,12,0,0,9,13,0
0,0,0,0,0,0,0,0,0,0,5,3,12,50,52,54,60,14,4,7,1,5,7,3
0,0,0,0,0,0,0,1,4,8,10,11,11,47,63,85,78,52,10,8,9,0,5,0
0,0,0,0,0,0,1,3,5,0,4,9,16,57,86,103,99,51,18,8,5,11,3,0
0,0,0,0,4,0,10,0,0,0,6,4,10,57,77,84,91,42,12,12,8,11,9,11
0,4,0,0,4,0,0,13,11,12,1,0,12,53,102,90,63,51,13,12,8,0,6,4
8,7,4,0,5,0,8,11,10,0,14,6,8,50,67,78,72,50,13,7,7,0,5,9
7,9,3,4,7,0,0,0,0,9,12,8,12,22,50,61,46,11,10,0,9,12,6,0
5,0,8,5,0,0,2,2,2,4,9,0,10,14,46,55,12,7,8,11,10,0,6,4

5,0,3,1,1,8,4,0,3,6,2,0,3,11,4,4,2,5,1,2,4,2,7,0
10,0,1,6,3,0,0,0,2,11,27,50,28,24,12,0,12,0,0,7,10,4,0,0
9,2,5,10,12,8,7,8,14,57,71,70,103,86,51,50,25,12,12,23,26,2,12,0
0,0,6,11,9,10,14,67,66,100,110,111,107,101,74,54,14,8,6,6,7,0,3,0
0,0,0,0,12,0,36,51,72,78,103,95,102,67,67,65,55,11,0,10,0,0,8,0
0,0,1,7,3,12,4,19,61,66,72,76,72,61,54,44,35,12,0,0,0,0,0,0
0,0,0,5,8,1,2,22,39,30,59,50,57,44,39,36,32,6,0,0,0,0,0,0
0,0,0,0,0,0,4,22,13,58,62,70,63,61,64,61,42,7,0,0,0,0,2,0
0,0,0,0,1,11,35,52,67,73,74,83,83,76,78,83,75,67,33,15,0,0,0,0
0,0,0,0,13,54,60,65,72,84,100,114,106,118,115,100,100,95,63,59,13,12,9,5
0,0,0,19,54,59,73,94,114,125,131,125,135,149,145,147,124,111,90,69,57,28,12,5
0,0,4,56,58,60,67,124,183,186,168,145,140,170,181,196,173,112,88,68,56,57,30,0
0,8,64,73,60,57,86,120,165,176,171,174,179,171,160,161,147,90,68,32,52,52,33,12
4,15,73,75,24,10,75,108,119,138,161,166,161,167,157,139,117,101,87,13,23,68,62,8
5,50,75,57,11,11,28,101,87,88,132,146,148,152,152,132,108,73,12,13,7,32,21,6
11,57,63,9,0,0,9,63,82,84,95,108,130,139,125,106,78,75,0,6,0,5,13,12
28,59,58,43,13,10,1,61,63,74,90,100,109,84,82,70,63,57,13,9,5,14,40,56
16,35,37,29,6,6,32,48,67,96,126,120,83,112,114,104,63,36,13,12,13,14,22,29
10,40,26,6,10,0,30,77,84,129,140,139,111,100,113,131,115,75,31,22,9,15,23,24
5,27,6,10,11,6,10,96,118,121,132,140,136,135,134,137,138,109,51,27,11,6,12,14
12,16,30,13,10,10,7,74,80,98,128,136,144,140,139,138,130,107,43,12,11,12,12,11
0,7,12,7,1,6,23,83,132,139,155,166,162,171,148,172,146,114,81,44,31,25,14,17
0,8,12,10,0,8,47,110,138,166,191,206,189,185,185,186,167,142,88,68,36,14,9,12
4,9,9,8,8,11,100,121,153,181,207,221,220,229,218,198,180,148,121,103,68,14,13,9
10,12,11,4,11,13,101,123,149,174,202,223,226,230,215,202,183,148,119,98,50,26,11,18
13,12,13,13,14,12,97,118,136,162,182,192,173,138,176,173,160,141,127,103,56,41,37,12
13,12,11,13,13,14,56,101,113,146,144,138,114,100,117,126,129,114,103,82,57,19,23,14
9,13,13,10,6,8,30,59,104,106,111,107,59,45,58,110,113,110,95,48,34,29,32,13
2,9,0,8,6,10,37,43,69,65,67,57,48,50,78,104,107,107,58,44,18,10,20,13
8,0,8,4,6,4,9,9,57,73,63,55,40,51,57,61,78,59,50,9,12,16,10,0
8,4,8,11,8,10,13,13,31,54,53,51,37,51,60,65,62,67,14,12,5,7,12,6
0,0,1,2,5,8,12,8,10,34,63,51,46,56,83,82,67,51,19,15,11,0,0,6
7,0,0,0,0,8,6,0,7,4,13,4,23,61,72,68,71,39,14,12,11,8,10,8
8,0,0,0,0,3,0,0,0,3,6,11,0,50,56,62,36,30,14,14,6,1,10,11
0,0,0,0,1,0,0,0,2,3,5,11,9,28,52,53,56,14,27,11,11,9,5,7
0,0,0,0,0,0,0,0,0,0,0,0,7,13,51,59,51,13,12,0,0,9,13,0
0,0,0,0,0,0,0,0,0,0,5,4,12,50,53,54,60,14,4,7,1,5,7,3
0,0,0,0,0,0,0,1,4,8,10,11,11,47,63,84,78,52,10,8,9,0,5,0
0,0,0,0,0,0,1,3,5,0,4,9,16,57,86,103,99,51,19,8,5,11,3,0
0,0,0,0,4,0,10,0,0,1,6,4,10,57,77,84,90,41,12,12,8,11,9,11
0,4,0,0,4,0,0,13,11,12,1,0,12,52,102,91,63,52,13,12,8,0,6,5
8,7,4,0,5,0,8,11,10,0,14,6,8,47,67,78,72,48,13,7,7,0,5,9
7,9,3,5,6,0,0,0,0,9,13,8,12,23,50,61,48,11,10,0,9,12,6,0
5,0,8,5,0,0,1,3,2,4,9,0,10,14,45,55,12,7,8,11,9,0,6,4

5,0,3,1,1,8,4,0,3,6,2,0,3,11,4,4,3,5,1,2,4,2,7,0
10,0,1,6,3,0,0,0,2,11,27,51,27,26,12,0,12,0,0,7,10,4,0,0
9,2,5,10,12,8,7,8,13,57,71,69,103,86,51,50,25,12,12,23,27,1,13,0
0,0,6,11,9,10,14,67,66,100,110,111,107,101,73,54,14,8,6,6,7,0,3,0
0,0,0,0,11,0,36,51,71,78,103,96,101,66,66,65,54,11,0,10,0,0,8,0
0,0,1,7,3,12,4,19,61,66,72,76,72,61,54,44,36,12,0,0,0,0,0,0
0,0,0,5,8,2,2,22,39,29,60,50,57,46,40,36,32,5,0,0,0,0,0,0
0,0,0,0,0,0,4,22,13,58,62,70,63,61,64,61,42,7,0,0,0,0,2,0
0,0,0,0,1,11,36,52,67,73,74,83,83,76,78,83,75,67,32,15,0,0,0,0
0,0,0,0,13,54,60,65,72,84,100,114,106,119,115,100,100,95,64,59,13,12,9,5
0,0,0,19,54,60,73,95,114,125,131,125,135,150,145,147,124,112,90,69,58,29,12,5
0,0,4,56,58,60,67,124,183,186,168,145,141,170,182,196,174,113,88,68,56,57,30,0
0,8,64,73,60,57,86,120,166,177,171,174,178,171,161,161,147,90,68,32,52,52,33,12
4,15,72,75,22,10,75,108,119,138,161,166,160,167,157,139,117,101,87,13,23,68,62,8
5,50,76,57,11,11,28,101,87,88,132,146,148,152,153,132,108,74,12,13,7,31,21,6
11,57,62,9,0,0,9,63,82,84,95,108,130,139,125,106,78,76,0,6,0,5,13,12
28,59,58,44,13,10,1,61,64,74,90,100,109,84,82,70,63,57,13,9,5,14,41,57
16,35,37,30,6,6,31,48,67,96,126,119,83,111,114,105,63,36,13,12,13,14,23,29
10,38,27,6,10,0,31,77,84,129,140,139,111,99,112,130,115,75,31,22,9,14,24,25
6,28,6,10,11,6,10,96,118,121,132,140,136,135,133,137,138,109,51,27,11,6,12,14
13,16,31,13,10,10,7,74,80,97,128,136,144,140,139,138,130,107,43,12,11,12,12,11
0,7,12,7,1,6,23,83,132,139,155,166,163,171,148,172,146,114,81,44,31,25,14,17
0,8,12,10,0,8,47,110,138,166,191,206,189,184,185,186,167,142,87,69,36,14,10,12
4,10,9,8,8,11,100,121,153,181,207,221,220,229,217,198,180,148,121,103,69,14,13,9
10,12,11,4,11,13,101,123,149,174,203,223,225,229,214,202,183,147,119,98,50,26,11,18
13,12,13,13,14,12,97,118,136,162,182,192,174,138,176,173,160,141,127,103,56,40,36,12
13,12,11,13,13,14,56,101,113,146,145,138,114,100,117,126,129,114,103,82,57,18,23,14
9,13,13,10,6,8,31,59,104,106,111,107,59,48,59,110,113,110,95,47,34,24,32,13
2,9,0,8,7,10,39,43,69,65,68,57,49,50,78,104,107,108,59,44,19,10,20,13
8,0,8,4,6,4,9,9,57,73,63,55,40,51,57,61,78,59,50,9,12,17,10,1
9,4,8,12,8,10,13,13,31,54,54,51,38,52,60,65,63,67,14,12,5,7,12,6
0,0,1,2,5,8,12,8,10,35,63,51,44,56,83,82,67,51,19,15,11,0,0,6
7,0,0,0,1,8,6,0,7,4,13,4,22,61,72,68,71,40,14,12,11,8,10,9
7,0,0,0,0,3,0,0,0,4,6,11,0,50,56,62,36,30,14,14,6,1,10,11
0,0,0,0,1,0,0,0,2,3,5,11,9,29,52,53,56,14,27,11,11,9,5,7
0,0,0,0,0,0,0,0,0,0,0,0,7,13,51,59,51,13,12,0,0,9,13,0
0,0,0,0,0,1,0,0,0,0,5,4,12,50,53,55,60,14,4,7,1,5,7,3
0,0,0,0,0,0,0,1,4,8,10,11,11,46,63,84,78,51,11,8,9,0,5,0
0,0,0,0,0,0,1,3,5,0,4,9,17,57,86,103,99,51,19,9,5,11,3,0
0,0,0,0,4,0,10,0,0,1,6,4,9,57,77,84,91,42,12,12,8,11,9,11
0,4,0,0,5,0,0,13,11,12,1,0,13,53,102,91,63,51,13,12,8,0,6,5
8,7,4,0,5,0,8,11,10,0,14,6,8,50,67,78,72,48,13,7,8,0,6,9
7,9,3,5,6,0,0,0,0,9,12,8,12,22,50,61,46,11,10,0,9,12,6,0
5,0,8,5,0,0,1,3,2,4,9,0,10,15,46,54,12,7,8,11,10,0,6,4

5,0,3,1,1,8,4,0,3,6,2,0,3,11,4,4,3,5,1,2,4,2,7,0
10,0,1,6,3,0,0,0,2,11,27,50,29,23,12,0,12,0,0,7,10,4,0,0
9,2,5,10,12,8,7,8,13,57,71,69,103,86,51,50,25,12,12,23,26,1,13,0
0,0,6,11,9,10,14,68,66,100,110,111,107,101,74,54,15,8,6,6,7,0,3,0
0,0,0,0,12,0,37,52,72,78,103,96,101,67,67,65,55,11,0,10,0,0,8,0
0,0,1,7,3,12,4,19,61,66,72,76,72,61,54,44,36,12,0,0,0,0,0,0
0,0,0,5,9,2,2,23,40,31,59,50,57,48,41,36,34,6,0,0,0,0,0,0
0,0,0,0,0,0,4,22,13,58,62,70,63,61,64,61,41,7,0,0,0,0,2,0
0,0,0,0,1,11,35,52,67,73,74,83,84,76,78,83,75,67,32,14,0,0,0,0
0,0,0,0,13,54,60,65,72,84,100,114,106,119,116,100,100,95,63,59,13,12,9,5
0,0,0,19,54,60,73,95,115,125,131,125,134,149,145,147,124,111,90,69,57,29,12,5
0,0,4,56,58,60,67,124,183,186,169,145,140,170,181,196,174,112,88,68,56,57,30,0
0,8,64,73,60,57,86,120,166,177,171,174,178,170,160,161,147,90,68,32,52,52,33,12
4,16,73,75,22,10,75,108,119,138,161,166,161,166,157,139,117,101,87,13,23,68,62,8
5,50,75,56,11,11,28,100,87,88,132,146,148,152,152,132,107,73,12,13,7,32,21,6
11,57,63,9,0,0,9,63,82,84,95,108,130,139,125,106,78,76,0,6,0,5,13,12
27,59,58,44,13,10,0,61,63,74,90,100,109,84,82,70,63,57,13,9,5,14,41,57
16,35,37,29,6,6,32,48,67,96,126,120,83,111,114,104,63,36,13,12,13,14,22,29
10,40,27,6,10,0,31,77,84,128,140,139,111,99,112,130,115,75,31,22,9,15,24,25
6,27,6,10,11,6,10,96,118,121,132,140,136,135,133,137,137,108,51,26,11,6,12,14
13,17,31,13,10,10,7,74,80,98,128,136,144,141,139,138,130,107,43,12,11,12,12,11
0,7,12,7,1,6,23,82,132,139,155,166,163,172,148,172,146,113,81,44,31,25,14,17
0,8,12,10,0,8,47,110,138,166,191,206,189,185,185,186,167,142,87,68,36,14,10,12
4,10,9,9,8,11,100,121,153,181,207,221,221,229,217,198,180,148,121,103,68,14,14,10
10,12,11,4,11,13,101,123,149,174,203,223,226,230,215,202,183,147,119,98,50,26,11,18
13,12,13,13,14,12,97,118,136,162,183,192,174,138,176,173,160,141,127,103,56,40,37,12
13,12,11,13,13,14,57,101,113,146,145,138,114,100,117,126,129,114,103,84,57,18,23,14
9,13,13,10,6,8,33,59,104,106,111,107,58,48,58,110,113,110,95,48,35,27,32,13
2,9,0,8,7,10,39,42,69,65,67,57,49,51,78,104,107,108,59,44,19,10,19,13
8,0,9,4,6,4,9,9,57,72,62,55,41,51,57,61,77,59,51,9,12,16,10,0
9,4,8,11,8,10,13,13,31,54,54,51,38,51,60,65,62,67,14,12,5,7,12,6
0,0,1,2,6,8,12,8,10,35,64,51,46,56,83,82,68,52,19,15,11,0,0,6
7,0,0,0,0,8,6,0,7,4,13,5,22,61,72,68,71,39,14,12,11,8,10,8
8,0,0,0,0,3,0,0,0,4,6,11,0,50,57,62,36,30,14,14,6,1,10,11
0,0,0,0,1,0,0,0,2,3,5,11,9,27,52,53,56,14,27,11,11,9,5,7
0,0,0,0,0,0,0,0,0,0,0,0,7,13,51,59,51,13,12,0,0,9,13,0
0,0,0,0,0,1,0,0,0,0,5,4,12,50,53,54,60,14,4,7,1,5,7,3
0,0,0,0,0,0,0,1,4,8,10,11,11,46,63,84,77,51,10,8,9,0,5,0
0,0,0,0,0,0,1,3,5,0,4,9,16,57,86,103,99,51,19,9,5,11,3,0
0,0,0,0,4,0,10,0,0,1,6,4,9,57,78,84,91,42,12,12,8,11,9,11
0,4,0,0,4,0,0,13,12,12,1,0,12,53,102,91,63,51,13,12,8,0,6,4
8,7,4,0,5,0,8,11,10,0,14,6,8,50,67,78,72,50,13,7,8,0,6,9
7,9,4,5,6,0,0,0,0,9,12,8,12,23,50,61,47,11,10,0,9,12,6,0
5,0,8,5,0,0,1,3,2,4,9,0,10,14,46,55,12,7,8,11,9,0,6,4
0,7,2,4,2,1,4,2,3,4,11,2,0,2,6,3,0,3,8,1,1,3,0,5
0,0,4,10,7,0,0,12,0,11,23,25,50,22,10,1,0,0,0,3,6,0,0,10
0,12,1,26,22,12,12,25,50,51,85,103,69,70,55,13,8,6,7,12,9,4,1,9
0,3,0,7,6,6,7,14,54,73,100,106,111,109,100,65,64,14,10,8,11,6,0,0
0,8,0,0,10,0,11,54,65,66,66,101,95,102,78,69,48,22,0,11,0,0,0,0
0,0,0,0,0,0,12,35,43,54,60,71,75,71,65,60,16,4,11,3,7,1,0,0
0,0,0,0,0,0,6,34,34,37,40,56,48,59,19,36,18,2,1,8,5,0,0,0
0,2,0,0,0,0,8,40,61,64,61,63,70,62,58,14,23,3,0,0,0,0,0,0
0,0,0,0,18,36,67,75,83,78,76,83,83,74,73,67,52,35,11,0,0,0,0,0
5,9,12,14,59,64,95,100,100,115,118,105,114,100,84,72,65,60,54,13,0,0,0,0
5,12,30,58,70,90,111,124,146,144,148,134,125,131,126,115,95,73,60,54,18,0,0,0
0,30,57,57,68,88,112,171,193,180,169,140,145,169,187,183,124,67,60,58,56,4,0,0
12,33,52,52,32,68,90,145,159,161,171,179,174,172,178,167,120,87,57,60,73,64,8,0
8,62,67,21,13,87,101,117,140,158,168,162,167,162,138,119,108,75,10,22,75,72,14,4
6,22,32,7,13,11,73,108,133,153,154,148,147,133,89,88,101,31,11,11,56,75,50,5
12,13,5,0,6,0,76,79,107,127,141,131,109,96,85,82,64,9,0,0,8,62,57,11
57,40,14,5,9,13,57,63,70,83,86,110,102,91,74,64,61,1,10,13,42,58,59,27
29,22,14,13,12,13,36,64,107,118,115,85,122,128,98,67,48,32,6,6,29,37,35,16
25,24,15,9,22,32,76,118,133,117,104,113,141,142,130,86,78,31,0,11,7,26,40,10
14,12,6,12,29,53,110,141,140,137,138,139,142,134,123,119,98,10,6,11,10,6,26,5
11,12,12,12,12,44,109,132,141,141,142,146,138,129,99,80,74,7,10,10,14,31,16,12
17,14,25,31,45,82,116,149,177,151,173,164,167,157,140,132,82,22,6,0,7,12,7,0
12,9,14,37,69,89,144,170,189,187,186,189,206,191,165,137,108,46,7,0,10,13,8,0
9,13,14,70,103,121,149,182,200,218,229,220,220,206,179,151,120,100,11,7,8,9,10,4
17,11,26,51,100,120,148,184,203,215,229,225,221,200,171,147,122,101,13,11,4,11,12,10
12,36,40,57,104,127,141,160,172,174,136,171,189,180,158,134,117,94,12,14,13,13,12,13
13,22,18,57,84,103,114,129,125,116,97,113,136,142,144,112,100,53,14,13,13,11,12,13
12,27,23,34,48,95,111,113,110,59,41,58,107,110,106,103,58,27,7,5,9,13,13,9
13,19,10,18,44,60,108,107,104,78,50,47,57,67,65,67,36,34,10,6,7,0,9,2
0,10,16,11,9,51,60,77,61,57,51,39,55,62,71,55,8,8,4,5,2,8,0,8
5,12,6,5,12,13,66,62,64,60,51,36,51,53,53,24,12,12,8,7,11,8,4,8
6,0,0,11,15,18,51,67,80,83,56,41,51,56,22,8,6,11,6,4,2,1,0,0
8,10,7,10,12,14,38,69,67,71,60,14,1,10,0,5,0,5,7,0,0,0,0,7
11,10,1,7,14,14,26,34,62,56,50,0,8,2,0,0,0,0,3,0,0,0,0,7
7,5,9,11,10,25,14,55,53,52,23,8,10,5,0,0,0,0,0,1,0,0,0,0
0,13,9,0,0,12,12,51,59,51,13,5,0,0,0,0,0,0,0,0,0,0,0,0
3,7,5,1,7,3,13,60,54,52,46,11,2,4,0,0,0,0,0,0,0,0,0,0
0,5,0,9,7,9,51,78,84,63,46,10,10,10,8,4,2,0,0,0,0,0,0,0
0,2,11,5,8,18,51,99,102,86,57,14,8,2,0,4,3,1,0,0,0,0,0,0
11,9,11,9,12,12,42,91,84,77,57,10,4,6,0,0,0,9,0,4,0,0,0,0
4,5,0,8,12,13,51,63,90,102,51,12,0,1,12,11,12,0,0,5,0,0,4,0
9,5,0,7,6,13,46,71,78,67,45,7,5,13,0,10,11,8,2,5,0,4,7,8
0,5,11,9,0,10,10,37,61,50,20,11,7,12,9,0,0,0,0,7,5,2,9,7
4,5,0,9,11,8,7,12,54,44,14,9,0,8,4,2,1,0,0,1,4,8,0,4

0,7,2,4,2,1,4,2,3,4,11,2,0,2,6,3,0,4,8,1,1,3,0,5
0,0,4,10,7,0,0,12,0,12,23,28,50,22,10,1,0,0,0,3,6,0,0,10
0,12,1,26,21,12,12,25,50,51,85,103,69,70,56,13,8,6,8,12,9,4,1,9
0,3,0,7,6,6,8,14,54,73,101,107,111,109,100,66,65,14,10,9,11,6,0,0
0,8,0,0,10,0,11,54,65,66,66,101,95,102,78,70,50,25,0,11,0,0,0,0
0,0,0,0,0,0,12,35,44,54,60,72,75,71,65,60,17,4,11,3,7,1,0,0
0,0,0,0,0,0,6,33,34,38,40,56,48,59,19,36,19,2,1,8,5,0,0,0
0,2,0,0,0,0,8,42,61,64,61,63,70,62,58,14,22,3,0,0,0,0,0,0
0,0,0,0,18,35,68,76,83,78,76,83,83,74,73,67,52,35,11,0,0,0,0,0
5,9,12,14,59,64,96,100,100,115,118,106,114,100,84,72,65,60,54,13,0,0,0,0
5,12,30,58,70,90,112,124,146,144,148,134,125,131,126,115,95,73,60,54,19,0,0,0
0,31,57,56,68,88,112,171,193,180,170,140,145,170,188,184,124,67,60,58,56,4,0,0
12,34,52,52,32,68,90,146,159,161,171,179,174,172,178,167,120,86,57,60,73,64,8,0
8,63,68,21,13,87,101,117,139,158,168,162,166,162,138,119,108,75,10,22,75,73,14,4
6,21,32,7,13,12,74,108,133,153,153,148,146,133,89,88,101,29,11,11,56,75,48,5
12,13,5,0,6,0,76,79,107,126,140,131,109,96,85,82,64,9,0,0,8,62,57,11
57,40,14,6,9,13,57,63,70,83,85,110,102,90,74,64,61,1,10,13,43,58,59,27
29,22,14,13,12,13,36,64,106,117,114,85,121,128,97,67,48,32,6,6,29,37,35,16
25,23,15,9,22,32,76,118,133,116,103,112,141,141,130,86,78,31,0,10,6,27,38,10
14,12,6,12,29,53,109,140,140,136,137,138,142,134,122,119,97,10,6,11,10,6,26,6
11,12,12,12,12,44,108,132,141,140,142,145,138,129,99,80,74,7,9,10,14,30,16,12
17,14,25,31,45,82,116,149,176,150,172,164,167,156,139,132,82,22,6,0,7,12,7,0
12,9,14,36,69,89,143,169,188,186,185,189,207,191,165,137,109,46,7,0,10,12,8,0
9,13,14,70,103,121,149,182,200,219,229,220,220,207,179,151,120,100,11,7,8,9,10,4
17,11,26,51,100,120,148,183,203,215,229,225,222,200,171,147,122,101,13,11,5,11,12,10
12,36,40,56,104,127,141,160,172,175,136,171,190,180,159,134,117,95,12,14,13,13,12,13
13,22,18,57,84,103,114,129,125,116,99,113,136,143,144,112,100,54,14,13,13,11,12,13
12,27,23,33,48,95,111,113,110,59,41,58,107,110,106,103,58,27,7,5,10,13,13,9
13,19,10,18,44,60,108,107,104,78,50,46,57,67,65,68,37,34,10,6,7,0,9,2
0,10,16,12,9,51,60,77,61,57,51,40,55,63,72,56,8,8,4,5,2,8,0,8
5,12,6,5,12,13,66,62,65,60,51,36,51,53,53,25,12,12,9,7,11,8,4,8
7,0,0,11,15,18,51,66,80,83,56,41,51,58,25,8,7,11,7,5,2,1,0,0
8,10,7,10,12,14,38,69,67,71,60,15,1,10,0,6,0,5,7,0,0,0,0,7
11,10,1,7,14,14,27,35,62,56,50,0,9,3,0,0,0,0,3,0,0,0,0,8
7,5,9,11,10,25,14,55,53,52,24,8,10,5,0,0,0,0,0,1,0,0,0,0
0,13,9,0,0,12,12,51,59,51,13,5,0,0,0,0,0,0,0,0,0,0,0,0
3,7,5,1,7,3,13,60,54,52,46,11,3,4,0,0,0,0,0,0,0,0,0,0
0,5,0,9,7,9,51,78,84,63,46,10,10,10,8,4,2,0,0,0,0,0,0,0
0,2,11,5,8,18,51,99,102,86,57,14,8,2,0,4,3,1,0,0,0,0,0,0
11,9,11,9,12,12,42,91,84,77,57,10,4,6,0,0,0,9,0,4,0,0,0,0
4,5,0,8,12,13,51,63,90,102,51,12,0,1,12,11,12,0,0,4,0,0,4,0
9,5,0,7,6,13,45,71,78,67,45,7,5,14,0,10,11,8,2,5,0,4,7,8
0,5,11,9,0,10,10,39,61,50,20,11,7,12,9,0,0,0,0,7,4,2,9,7
4,6,0,9,11,8,7,11,54,44,14,9,0,8,4,2,1,0,0,1,4,8,0,4

0,7,2,4,2,1,5,2,4,4,11,3,0,2,6,3,0,4,8,1,1,3,0,5
0,0,4,10,7,0,0,12,0,12,24,28,50,25,11,1,0,0,0,3,6,0,0,10
0,12,1,26,22,12,12,25,50,51,85,103,69,70,56,13,8,6,8,12,9,4,1,9
0,3,0,7,6,6,8,14,54,73,100,106,111,110,100,66,66,14,10,9,11,6,0,0
0,8,0,0,10,0,11,54,65,66,66,101,95,102,78,70,50,27,0,11,0,0,0,0
0,0,0,0,0,0,12,35,44,54,61,72,75,71,65,61,17,4,12,3,7,1,0,0
0,0,0,0,0,0,6,32,34,39,40,56,50,59,22,38,18,2,1,8,5,0,0,0
0,2,0,0,0,0,8,42,61,64,61,63,70,62,58,14,23,3,0,0,0,0,0,0
0,0,0,0,18,36,68,76,83,78,76,83,83,74,73,67,52,35,11,0,0,0,0,0
5,9,13,14,59,64,95,100,100,115,118,105,114,100,84,72,65,60,54,13,0,0,0,0
5,12,29,58,69,90,111,124,146,144,148,134,125,131,126,115,95,73,59,54,18,0,0,0
0,31,57,57,68,88,112,171,193,180,169,140,145,170,188,184,124,67,60,58,56,4,0,0
12,34,52,52,32,68,90,145,159,160,170,178,174,172,178,167,120,86,57,60,72,63,8,0
8,62,68,22,13,87,101,117,139,158,167,161,166,162,138,119,108,75,10,22,75,72,14,4
6,22,32,7,13,12,73,108,132,153,153,148,146,133,89,88,101,29,11,11,56,75,48,5
12,13,5,0,6,0,77,79,107,126,140,131,109,95,84,82,64,9,0,0,9,62,57,11
57,40,14,6,9,13,57,63,70,82,85,109,101,90,74,64,61,1,10,13,43,58,58,27
29,22,14,13,12,13,36,64,107,117,114,84,121,128,97,67,48,32,6,6,29,37,35,16
25,24,15,9,22,32,76,117,132,115,102,112,140,141,130,85,78,31,0,10,6,26,38,10
14,12,6,12,28,52,109,140,139,136,137,137,141,134,122,119,98,10,6,11,10,6,26,6
11,12,12,12,12,44,108,131,140,140,142,145,137,129,99,80,73,7,9,10,14,31,16,13
17,14,25,31,45,82,115,148,176,150,173,164,167,156,139,132,82,22,6,1,7,12,7,0
12,9,14,36,69,88,143,169,187,186,185,189,206,191,165,137,109,46,7,0,10,12,8,0
9,13,14,70,103,121,149,181,200,219,229,220,220,207,179,151,120,100,11,7,8,9,10,4
17,11,25,50,100,120,148,183,202,215,229,225,222,201,172,148,123,101,13,11,4,11,12,10
12,35,41,57,104,127,141,160,172,175,137,171,190,180,159,135,117,95,12,14,13,13,12,13
13,22,17,57,84,103,114,129,125,116,99,113,137,143,145,112,100,54,14,13,13,11,12,13
12,26,23,34,48,96,111,113,110,58,41,58,107,110,106,103,59,29,8,5,10,14,13,9
13,19,10,18,44,59,108,107,104,78,50,47,57,67,65,68,37,35,10,6,7,0,9,2
0,10,16,11,9,51,60,77,61,57,51,39,55,62,72,55,9,8,4,5,3,8,0,8
5,12,6,5,12,13,66,62,64,59,51,36,51,53,53,26,12,12,9,7,11,8,4,8
7,0,0,11,15,19,51,67,81,83,56,42,51,59,27,9,7,11,7,5,2,1,0,0
8,10,7,10,12,14,38,69,67,71,60,18,2,11,1,6,0,6,7,0,0,0,0,7
11,10,1,6,14,14,28,35,62,56,50,0,9,3,0,0,0,0,3,0,0,0,0,7
7,5,9,11,10,26,14,55,53,52,25,8,10,5,1,0,0,0,0,1,0,0,0,0
0,13,9,0,0,12,13,50,59,51,13,6,0,0,0,0,0,0,0,0,0,0,0,0
3,7,5,1,7,3,13,60,54,52,46,11,3,4,0,0,0,0,0,0,0,0,0,0
0,5,0,9,7,10,51,78,84,63,46,11,10,10,8,4,1,0,0,0,0,0,0,0
0,2,11,5,8,18,51,99,102,86,57,14,8,3,0,4,3,1,0,0,0,0,0,0
11,9,11,9,12,12,42,91,84,77,57,10,4,6,0,1,0,10,0,4,0,0,0,0
4,5,0,8,12,13,51,63,90,102,52,12,0,1,12,11,12,0,0,5,0,0,4,0
9,5,0,7,6,13,47,71,78,67,45,8,5,13,0,10,11,8,2,5,0,4,7,8
0,5,11,9,0,10,10,39,61,50,21,11,7,12,9,0,0,0,0,7,5,2,9,7
4,6,0,9,11,8,7,12,54,44,14,9,0,9,4,2,1,0,0,1,4,8,0,4

0,7,2,4,2,1,5,2,4,4,11,3,0,2,6,3,0,4,8,1,1,3,0,5
0,0,4,10,7,0,0,12,0,12,23,28,50,25,11,2,0,0,0,3,6,0,0,10
0,12,1,26,22,12,12,25,50,51,86,103,69,71,56,13,8,6,8,12,9,4,1,9
0,3,0,7,6,6,8,14,54,74,101,107,111,110,100,65,66,14,10,9,11,6,0,0
0,8,0,0,10,0,11,54,65,66,66,101,95,102,78,70,50,29,0,11,0,0,0,0
0,0,0,0,0,0,12,35,44,54,60,72,76,71,65,61,17,4,12,3,7,1,0,0
0,0,0,0,0,0,6,33,35,37,41,56,50,59,22,38,20,2,1,8,5,0,0,0
0,2,0,0,0,0,8,41,61,64,61,63,70,62,58,14,22,3,0,0,0,0,0,0
0,0,0,0,18,35,67,76,83,78,76,83,83,74,73,67,52,36,11,0,0,0,0,0
5,9,12,14,59,64,95,100,100,115,118,105,114,100,83,72,65,60,54,13,0,0,0,0
5,12,29,58,69,90,111,124,146,144,148,134,124,131,125,115,95,73,60,54,17,0,0,0
0,30,57,57,68,88,112,171,193,180,169,140,145,169,188,184,124,67,60,58,56,4,0,0
12,34,52,52,32,68,90,146,159,160,170,178,174,172,178,167,120,86,57,60,73,63,8,0
8,62,68,21,13,87,101,117,139,157,167,162,166,162,138,119,108,76,10,21,75,73,14,4
6,22,32,7,13,12,74,108,133,153,153,148,146,133,89,88,101,31,11,11,57,75,50,5
12,13,5,0,6,0,77,79,107,126,140,131,109,95,85,82,64,9,0,0,9,62,57,11
57,40,14,6,9,13,57,63,70,82,85,109,101,90,74,64,61,1,10,13,43,58,59,28
29,22,14,13,12,13,36,64,106,116,113,84,121,127,97,67,48,32,6,6,29,37,35,16
25,23,15,9,22,32,76,117,132,115,102,112,140,141,130,85,77,31,0,10,6,26,40,10
14,12,6,12,28,52,109,139,139,135,137,137,141,133,122,118,97,10,6,11,10,6,26,5
11,12,12,12,12,44,108,131,140,140,142,145,137,128,99,80,74,7,9,10,13,30,16,13
17,14,25,31,45,82,115,148,175,150,173,164,166,156,139,132,82,22,6,1,7,12,7,0
12,10,14,37,69,88,143,169,188,186,185,189,206,190,165,137,109,47,8,0,10,13,8,0
9,13,14,70,103,121,149,181,199,218,229,220,220,207,180,152,120,100,11,7,8,9,10,4
17,11,26,50,100,120,148,183,202,215,229,225,222,201,172,148,123,101,13,11,4,11,12,10
12,36,40,56,104,127,141,160,173,175,137,172,191,181,160,135,117,95,12,14,13,13,12,13
13,22,18,56,84,103,114,129,126,117,100,113,137,143,145,112,100,54,14,13,13,12,12,13
12,27,23,34,47,96,111,113,110,59,43,58,107,111,106,103,58,27,8,5,10,13,13,9
13,19,10,18,44,59,108,107,104,78,50,49,57,67,65,68,39,35,10,6,7,0,9,2
0,10,16,12,9,50,60,77,61,57,51,39,55,62,72,56,9,8,4,6,3,8,0,8
5,12,6,5,12,13,66,62,65,60,51,37,51,53,53,27,12,12,9,7,11,8,4,8
7,0,0,11,15,19,51,67,81,83,56,42,51,60,27,9,7,11,7,5,2,1,0,0
8,10,7,10,12,14,38,70,67,71,60,16,2,11,2,6,0,6,7,0,0,0,0,7
11,10,1,6,14,14,28,35,62,56,50,0,9,4,0,0,0,0,3,0,0,0,0,7
7,5,9,11,10,26,14,55,53,52,25,8,11,5,1,0,0,0,0,1,0,0,0,0
0,13,9,0,0,12,13,51,59,51,13,6,0,0,0,0,0,0,0,0,0,0,0,0
3,7,5,1,7,4,13,60,54,52,49,12,3,4,0,0,0,0,0,0,0,0,0,0
0,5,0,9,7,10,51,78,84,63,46,11,10,10,8,4,1,0,0,0,0,0,0,0
0,2,11,5,8,18,51,99,103,86,57,15,8,3,0,4,3,1,0,0,0,0,0,0
11,9,11,9,12,12,42,91,84,77,57,10,4,6,0,1,0,10,0,4,0,0,0,0
4,5,0,8,12,13,51,63,90,102,51,12,0,1,12,11,12,0,0,4,0,0,4,0
9,5,0,7,6,13,46,71,78,67,46,8,5,14,0,10,11,8,1,5,0,4,7,8
0,6,11,9,0,10,10,40,61,50,20,11,7,12,9,0,0,0,0,7,5,3,9,7
4,6,0,9,11,8,7,12,54,45,14,10,0,9,4,2,1,0,0,0,4,8,0,4

0,7,2,4,2,1,5,2,4,4,11,3,0,2,6,3,0,4,8,1,1,3,0,5
0,0,4,10,7,0,0,12,0,12,24,27,50,25,11,1,0,0,0,3,6,1,0,10
0,12,2,27,22,12,12,25,50,51,86,103,69,71,56,13,8,7,8,12,9,4,1,9
0,3,0,7,6,6,8,14,54,73,101,106,111,110,100,65,66,14,10,9,11,6,0,0
0,8,0,0,10,0,11,54,65,66,67,101,95,102,78,70,51,30,0,11,0,0,0,0
0,0,0,0,0,0,12,35,44,54,61,72,76,71,65,61,18,4,12,3,7,1,0,0
0,0,0,0,0,0,6,34,36,39,43,56,50,59,23,38,20,2,1,8,5,0,0,0
0,2,0,0,0,0,8,43,61,64,61,63,70,62,58,13,22,3,0,0,0,0,0,0
0,0,0,0,18,36,68,76,83,78,76,83,83,73,73,67,52,35,11,0,0,0,0,0
5,9,12,13,59,64,95,100,100,115,117,105,114,100,83,72,65,60,54,13,0,0,0,0
5,12,29,58,69,90,111,124,146,144,148,134,124,131,125,115,95,73,59,54,18,0,0,0
0,31,57,56,68,88,112,171,193,180,169,140,145,169,188,184,124,67,60,58,56,4,0,0
12,34,52,52,32,68,90,146,159,160,170,178,174,172,178,167,120,87,57,59,72,64,8,0
8,62,68,21,13,87,101,117,139,157,167,161,166,162,138,119,108,75,10,22,75,73,14,4
6,22,32,7,13,12,74,108,132,153,153,148,146,133,89,87,101,31,11,11,56,75,50,5
12,13,5,0,6,0,76,79,106,126,140,131,108,95,84,82,64,9,0,0,9,62,57,11
57,40,14,6,9,13,57,63,70,82,85,109,101,90,74,64,61,1,10,13,43,58,58,27
29,22,14,13,12,13,36,64,105,116,113,84,120,127,97,67,48,32,6,6,29,37,35,16
25,24,15,9,23,32,75,117,132,114,102,111,140,141,130,85,78,33,0,10,6,24,40,10
14,12,6,12,28,52,109,139,139,135,136,137,141,133,122,118,97,10,6,11,10,6,27,5
11,12,12,12,12,44,108,131,140,139,141,145,137,128,98,80,74,7,9,10,13,31,16,13
17,14,25,31,45,82,115,148,174,149,172,163,166,155,139,132,82,22,6,1,7,12,7,0
12,10,14,36,69,88,143,169,187,186,185,189,206,191,165,137,109,46,8,0,10,13,8,0
9,13,14,69,103,121,149,181,199,218,229,220,220,207,180,152,120,100,11,7,8,9,10,4
17,11,26,51,100,119,148,183,203,215,230,225,222,201,172,148,123,101,13,11,4,11,12,10
12,36,40,56,104,127,141,160,173,176,137,172,191,181,160,135,117,97,12,14,13,13,12,13
14,22,17,56,84,103,114,129,125,117,100,114,137,143,145,112,100,55,14,13,13,11,12,13
12,27,24,35,48,95,111,113,110,59,45,58,107,111,106,103,58,29,8,5,10,13,13,9
13,19,10,18,44,59,108,107,104,78,50,46,57,67,65,68,40,36,10,6,8,0,9,2
0,10,16,12,9,50,60,77,61,57,51,39,55,62,72,56,9,9,4,6,3,8,0,8
5,12,6,5,12,13,66,62,65,60,51,37,51,53,53,28,12,12,9,7,11,8,4,8
6,0,0,11,15,19,51,66,81,83,56,44,51,61,29,9,7,11,7,5,2,1,0,0
8,10,7,11,12,14,38,70,67,71,60,18,2,11,2,6,0,6,7,0,0,0,0,7
11,10,1,6,14,14,28,35,62,56,50,0,10,4,1,0,0,0,3,0,0,0,0,7
7,5,9,11,11,27,14,56,53,52,27,9,11,5,1,0,0,0,0,1,0,0,0,0
0,13,9,0,0,12,13,51,59,51,13,6,0,0,0,0,0,0,0,0,0,0,0,0
3,7,5,1,7,4,13,60,54,52,49,11,3,4,0,0,0,0,0,0,0,0,0,0
0,5,0,9,7,10,51,78,84,63,46,11,11,10,8,4,1,0,0,0,0,0,0,0
0,2,11,5,8,18,52,99,103,87,57,15,9,3,0,5,3,1,0,0,0,0,0,0
11,9,11,9,12,12,42,91,84,78,57,10,4,6,0,1,0,10,0,4,0,0,0,0
4,6,0,8,12,13,51,63,91,102,52,12,0,1,12,11,12,0,0,4,0,0,4,0
9,5,0,7,6,13,46,71,78,67,46,8,6,14,0,10,11,8,1,5,0,4,7,8
0,6,12,9,0,10,10,41,61,50,22,11,7,12,9,0,0,0,0,7,5,2,9,7
4,6,0,9,11,8,7,12,54,45,14,10,0,9,4,2,1,0,0,0,4,8,0,5

0,7,2,4,2,1,5,2,4,4,11,3,0,2,6,3,0,4,8,1,1,3,0,5
0,0,4,10,7,0,0,12,0,12,23,24,50,29,11,2,0,0,0,3,6,0,0,10
0,12,1,27,22,12,12,25,50,51,86,103,69,70,56,13,8,6,8,12,9,5,1,9
0,3,0,7,6,6,8,14,54,73,101,107,111,110,100,65,67,14,10,9,11,6,0,0
0,8,0,0,10,0,11,54,65,67,66,101,95,102,78,71,51,30,0,11,0,0,0,0
0,0,0,0,0,0,12,35,44,54,61,72,76,71,65,61,18,4,12,3,7,1,0,0
0,0,0,0,0,0,6,33,35,38,41,56,50,59,25,38,21,2,1,8,5,0,0,0
0,2,0,0,0,0,8,43,61,64,61,63,70,62,58,13,22,3,0,0,0,0,0,0
0,0,0,0,18,36,67,75,83,78,76,83,83,74,73,67,52,35,11,0,0,0,0,0
5,9,12,14,59,64,95,100,100,115,118,105,114,100,84,72,65,60,53,13,0,0,0,0
5,12,29,58,69,90,111,124,146,144,148,134,125,131,125,115,95,73,59,54,18,0,0,0
0,31,57,57,68,88,112,172,193,180,170,140,145,169,188,184,124,67,60,58,56,3,0,0
12,34,52,52,32,68,90,145,159,160,170,178,174,172,178,167,120,86,57,60,72,64,8,0
8,62,68,22,13,87,101,117,139,158,167,161,166,162,138,119,108,75,10,24,75,72,15,4
6,22,32,7,13,12,74,108,132,153,153,148,146,133,89,87,100,29,11,11,56,76,50,5
12,13,5,0,6,0,75,78,106,126,140,131,108,95,84,82,63,9,0,0,9,62,57,11
57,40,14,6,9,13,57,63,70,82,85,109,101,90,74,64,61,1,10,13,42,58,59,27
29,22,14,13,12,13,36,64,106,116,113,84,120,127,97,67,48,32,6,6,30,37,35,16
25,24,15,9,22,32,75,117,132,114,101,111,140,141,129,85,77,31,0,10,6,26,40,10
14,12,6,12,28,52,109,139,138,135,136,137,141,133,121,118,97,10,6,11,10,6,27,6
11,12,12,11,12,44,108,131,139,139,141,145,137,128,98,80,74,7,10,10,13,31,16,12
17,14,25,31,45,82,115,147,174,149,172,163,166,155,139,132,82,22,6,1,7,12,7,0
12,9,14,36,69,88,143,169,187,186,185,189,206,191,165,138,109,47,8,0,10,13,8,0
9,13,14,68,103,121,148,181,199,218,229,220,220,207,180,152,120,100,11,7,8,9,10,4
17,11,25,50,100,119,148,183,202,215,230,225,222,201,173,148,123,101,13,11,5,11,12,10
12,36,40,57,104,127,141,160,173,176,137,172,191,181,160,135,118,95,12,14,13,13,12,13
13,22,18,57,84,103,114,129,126,117,100,114,137,144,145,112,100,55,14,13,13,11,12,13
12,27,23,34,47,95,111,113,110,59,45,59,107,111,106,103,58,29,8,6,10,13,13,9
13,19,10,18,44,59,108,107,104,78,50,46,57,67,65,68,40,36,10,6,8,0,9,2
0,10,16,12,9,50,60,77,61,57,51,40,55,62,72,56,9,9,4,6,3,8,0,8
5,12,7,5,12,13,66,62,65,60,51,37,51,53,53,28,12,12,9,8,11,8,4,8
6,0,0,11,15,19,51,67,81,83,56,43,51,61,29,9,7,11,7,5,2,1,0,0
8,10,7,11,12,14,39,70,68,71,60,18,2,11,2,7,0,6,8,0,0,0,0,7
11,10,1,6,14,14,28,35,62,56,50,0,10,4,1,0,0,0,3,0,0,0,0,8
7,5,9,11,11,27,14,56,53,52,26,8,11,5,2,0,0,0,0,1,0,0,0,0
0,13,9,0,0,12,13,51,59,51,13,6,0,0,0,0,0,0,0,0,0,0,0,0
3,7,5,1,7,4,13,60,54,52,47,12,3,4,0,0,0,0,0,0,0,0,0,0
0,5,0,9,7,10,51,78,84,63,46,11,11,10,8,4,1,0,0,0,0,0,0,0
0,2,11,5,8,18,51,99,103,86,57,15,9,3,0,5,3,1,0,0,0,0,0,0
11,9,11,8,12,12,41,91,84,77,57,10,4,6,0,1,0,10,0,4,0,0,0,0
4,6,0,8,12,13,51,63,91,102,52,12,0,1,12,11,12,0,0,4,0,0,4,0
9,5,0,7,6,13,48,71,78,67,47,8,5,14,0,10,11,7,0,5,0,4,7,8
0,6,11,9,0,10,10,40,61,50,21,12,7,12,9,0,0,0,0,6,4,2,9,7
4,6,0,10,11,8,7,12,54,45,14,10,0,9,4,1,2,2,0,0,4,8,0,5

0,7,2,4,2,1,5,3,4,4,11,3,0,2,6,3,0,4,8,1,1,3,0,5
0,0,4,10,7,0,0,12,0,12,26,27,50,26,11,2,0,0,0,3,6,1,0,10
0,12,1,27,23,12,12,25,50,51,85,103,69,71,56,13,8,7,8,12,9,4,1,9
0,3,0,7,6,6,8,14,54,73,101,107,111,110,100,65,66,14,10,9,11,6,0,0
0,8,0,0,10,0,11,54,65,66,66,101,95,102,78,71,51,33,0,11,0,0,0,0
0,0,0,0,0,0,12,35,44,54,61,72,76,71,65,61,18,4,12,3,7,1,0,0
0,0,0,0,0,0,6,32,35,37,40,56,50,59,25,38,21,2,1,8,5,0,0,0
0,2,0,0,0,0,8,43,61,64,61,63,70,62,58,13,22,4,0,0,0,0,0,0
0,0,0,0,17,35,67,76,83,78,76,83,82,73,73,67,52,37,11,1,0,0,0,0
5,9,13,14,59,64,95,100,100,115,118,105,113,100,84,72,65,61,54,13,0,0,0,0
5,12,29,58,69,90,112,125,147,145,149,134,124,130,125,115,95,73,60,54,19,0,0,0
0,31,57,56,68,88,112,172,194,180,170,140,145,169,187,184,124,67,60,58,56,4,0,0
12,34,52,52,32,68,90,146,159,161,171,180,175,172,177,166,120,87,57,60,72,64,8,0
8,62,68,22,13,87,101,117,139,158,168,162,167,162,138,119,108,76,10,22,75,73,15,4
6,21,32,7,13,12,74,108,132,153,153,148,146,133,88,87,100,28,11,11,56,75,50,5
12,13,5,0,6,0,75,78,106,126,140,131,108,95,84,81,63,9,0,0,9,62,57,11
57,40,14,5,9,13,57,63,70,82,84,109,101,90,74,63,61,0,10,13,43,58,58,26
29,22,14,13,12,13,36,63,106,116,113,84,120,127,97,67,48,32,6,6,29,37,35,16
25,23,15,9,22,31,75,116,131,114,101,111,140,141,129,85,77,30,0,10,6,26,40,10
14,12,6,11,28,51,109,139,138,135,136,137,141,133,121,118,96,10,6,11,10,6,27,6
11,12,12,11,12,44,107,131,139,139,141,145,137,128,98,80,74,7,9,10,13,31,16,12
17,14,25,31,45,82,115,147,174,149,172,163,167,155,139,132,82,22,6,1,7,12,7,0
12,9,14,36,69,88,143,168,187,185,185,189,206,191,165,138,109,46,8,0,10,13,8,0
9,13,14,70,103,121,148,181,199,218,228,220,220,207,180,152,121,100,11,7,8,9,10,4
17,11,25,50,100,119,148,183,202,215,229,225,222,201,173,148,123,101,13,11,4,11,12,10
12,36,40,56,104,127,141,160,173,176,137,173,191,181,161,135,118,97,12,14,13,13,12,13
14,22,18,56,84,103,114,129,126,117,100,114,138,144,145,112,100,55,14,13,13,11,12,12
12,28,26,34,50,95,110,113,110,58,44,59,107,111,106,103,59,30,8,6,10,13,13,9
13,19,10,18,44,59,108,107,104,78,50,48,57,67,65,68,40,37,10,6,8,0,9,2
0,10,16,12,9,50,59,78,61,57,51,40,55,63,72,56,9,9,4,6,3,8,0,8
5,12,7,5,12,13,66,62,65,60,51,37,51,53,53,28,12,12,9,8,11,8,4,8
7,0,0,11,15,19,51,67,81,82,56,43,51,62,31,9,8,11,7,5,2,1,0,0
8,10,7,10,12,14,38,70,68,71,60,20,3,11,2,7,0,6,8,0,0,0,0,7
11,10,1,6,14,14,29,35,62,57,50,0,10,4,2,0,0,0,3,0,0,0,0,8
7,5,9,11,11,26,14,55,53,52,25,9,11,5,2,1,0,0,0,1,0,0,0,0
0,13,9,0,0,12,13,51,59,51,13,6,0,0,0,0,0,0,0,0,0,0,0,0
3,7,5,1,7,4,13,60,54,52,50,12,3,5,0,0,0,0,0,0,0,0,0,0
0,5,0,9,7,10,51,77,84,63,46,11,11,10,8,4,1,0,0,0,0,0,0,0
0,2,11,5,8,18,51,99,103,86,57,15,9,3,0,5,3,1,0,0,0,0,0,0
11,9,11,8,12,12,42,91,84,77,57,10,4,6,0,1,0,10,0,4,0,0,0,0
4,6,0,8,12,13,51,63,90,102,52,12,0,1,12,11,12,0,0,4,0,0,4,0
9,5,0,7,7,13,46,71,78,67,46,8,6,14,0,10,11,8,0,5,0,4,6,8
0,6,12,9,0,10,10,43,61,50,22,11,7,12,9,0,0,0,0,7,5,3,9,7
4,6,0,9,11,8,7,12,54,45,14,10,0,9,4,1,2,2,0,0,4,8,0,5

0,7,2,4,2,1,5,2,4,4,11,3,0,2,6,3,0,4,8,1,1,3,0,5
0,0,4,10,7,0,0,12,0,12,22,25,50,26,11,2,0,0,0,3,6,1,0,10
0,13,1,26,22,12,12,25,50,51,85,103,69,70,57,13,8,6,8,12,9,5,1,9
0,3,0,7,6,6,8,14,54,74,101,107,111,110,100,65,67,14,10,9,11,6,0,0
0,8,0,0,10,0,11,54,65,66,67,101,95,103,78,71,51,33,0,11,0,0,0,0
0,0,0,0,0,0,12,35,45,54,61,72,76,71,65,61,18,4,12,3,7,1,0,0
0,0,0,0,0,0,5,31,35,38,40,56,50,59,25,38,21,2,2,8,5,0,0,0
0,2,0,0,0,0,8,41,61,64,61,63,70,61,58,13,23,4,0,0,0,0,0,0
0,0,0,0,15,33,67,75,83,78,76,83,82,73,73,67,52,36,11,1,0,0,0,0
5,9,12,13,59,63,94,99,99,114,117,105,113,99,83,72,65,61,54,13,0,0,0,0
5,12,29,58,69,90,111,124,146,144,148,134,124,129,125,115,95,73,60,54,20,0,0,0
0,30,57,57,68,88,112,172,194,181,171,141,146,169,185,182,124,67,60,58,56,4,0,0
12,33,52,52,31,68,90,145,160,162,173,182,177,174,177,165,120,86,57,60,73,64,8,0
8,62,67,21,13,87,101,117,139,160,171,165,169,164,138,119,108,75,10,21,75,74,16,4
6,21,31,7,13,12,73,108,132,154,154,149,147,133,88,87,100,28,11,11,56,75,50,5
12,13,5,0,6,0,75,78,106,126,140,131,108,95,84,81,62,8,0,0,8,62,57,11
57,40,14,5,9,13,57,63,70,82,85,109,101,90,74,63,60,0,10,13,44,58,59,28
29,22,14,13,12,13,36,63,105,116,113,84,121,127,96,67,48,31,6,6,29,37,35,15
25,23,15,9,22,31,75,116,131,114,101,112,140,141,129,84,77,29,0,10,6,26,41,10
14,12,6,11,27,51,109,138,138,135,136,137,141,133,121,118,96,10,6,11,10,6,27,6
11,12,12,11,12,43,107,131,139,139,141,145,137,128,98,80,73,7,9,10,13,30,16,13
17,14,25,31,45,81,114,147,174,149,172,163,167,156,139,132,82,22,6,1,7,12,7,0
12,10,14,36,69,88,143,168,187,186,185,189,206,191,165,137,109,46,8,0,11,13,8,0
9,14,14,69,103,121,148,181,199,218,229,220,220,207,180,152,121,100,11,8,8,9,10,4
17,11,26,50,99,119,148,183,202,215,230,225,222,202,173,149,123,101,13,11,4,11,12,10
12,37,40,57,104,127,141,160,173,176,138,173,192,182,161,136,118,95,12,14,13,13,12,13
13,22,18,56,84,103,114,129,126,117,100,114,138,144,145,112,100,55,14,13,13,11,12,13
12,27,24,35,48,95,111,113,110,58,45,58,107,111,106,103,58,30,8,6,10,13,13,9
13,19,10,19,44,59,108,107,104,78,50,47,57,67,65,68,41,37,10,6,8,0,9,2
0,10,17,12,9,51,60,77,61,57,51,40,55,63,72,56,9,9,4,6,3,8,0,8
5,12,7,5,12,13,66,62,64,60,51,37,51,53,53,29,12,13,10,8,11,8,4,8
7,0,0,11,15,19,51,67,81,83,56,43,51,62,33,9,8,11,8,5,2,1,0,0
8,10,7,11,12,14,38,70,68,71,61,19,3,12,3,7,0,6,7,0,0,0,0,7
11,10,1,6,14,14,29,35,62,56,50,0,10,5,2,0,0,0,3,0,0,0,0,7
7,5,9,11,11,27,14,56,53,52,27,9,11,5,2,1,0,0,0,1,0,0,0,0
0,13,9,0,0,12,13,51,59,51,13,6,0,0,0,0,0,0,0,0,0,0,0,0
3,7,5,1,7,4,13,60,54,52,50,12,3,5,0,0,0,0,0,0,0,0,0,0
0,5,0,9,7,10,52,78,84,63,46,11,11,10,8,4,1,0,0,0,0,0,0,0
0,2,11,5,8,18,52,98,103,87,57,16,9,3,0,5,3,1,0,0,0,0,0,0
11,9,11,9,12,12,42,91,84,77,57,10,4,6,0,1,0,10,0,4,0,0,0,0
4,6,0,8,12,13,51,63,90,102,52,12,0,1,12,11,12,0,0,4,0,0,4,0
9,5,0,7,7,13,48,71,78,67,48,8,6,14,0,10,11,8,0,5,0,4,7,8
0,6,11,9,0,10,10,43,61,50,22,12,8,12,9,0,0,0,0,7,5,3,9,7
4,6,0,9,11,8,7,12,54,45,14,10,0,9,4,1,2,2,0,0,4,8,0,5

0,7,2,4,2,1,5,2,4,4,11,3,0,2,6,3,0,4,8,1,1,3,0,5
0,0,4,10,7,0,0,12,0,12,26,28,50,26,11,2,0,0,0,3,6,1,0,10
0,13,2,26,23,12,12,25,50,51,85,103,69,70,57,13,8,7,8,12,9,4,1,9
0,3,0,7,6,6,8,14,54,74,101,107,111,110,100,66,67,14,10,9,11,6,0,0
0,8,0,0,10,0,11,55,65,67,67,102,95,102,78,71,51,34,0,12,0,0,0,0
0,0,0,0,0,0,12,35,44,54,61,72,76,71,66,61,18,4,12,3,7,1,0,0
0,0,0,0,0,0,5,32,35,38,42,56,50,59,25,38,22,2,2,8,5,0,0,0
0,2,0,0,0,0,7,41,61,64,61,63,70,61,58,13,22,4,0,0,0,0,0,0
0,0,0,0,15,33,67,75,83,78,76,83,82,73,73,67,52,38,11,1,0,0,0,0
5,9,12,13,59,63,94,99,99,114,118,105,113,99,83,72,65,61,54,14,0,0,0,0
5,12,28,57,69,90,111,124,146,144,148,134,124,130,125,115,95,74,60,54,19,0,0,0
0,30,57,56,68,87,112,172,194,181,171,141,145,169,184,182,124,67,60,58,56,4,0,0
12,33,52,52,31,68,90,145,159,162,172,181,176,173,177,164,119,86,57,60,73,64,8,0
8,62,67,18,13,87,101,117,139,159,169,164,168,163,138,119,108,75,10,21,75,73,15,4
6,21,32,7,13,12,73,107,132,153,153,148,147,133,88,87,100,28,11,11,56,75,50,5
12,13,5,0,6,0,74,78,106,126,140,131,108,95,84,81,62,8,0,0,8,62,57,11
57,40,14,5,9,13,57,63,70,82,85,109,101,90,73,63,60,0,10,13,43,58,59,28
29,22,14,13,12,13,36,63,105,116,112,84,120,127,96,67,48,31,6,6,29,37,35,16
25,24,15,9,22,31,75,116,131,114,101,111,140,141,129,84,77,29,0,10,6,24,40,10
14,12,6,11,27,51,109,138,138,135,136,137,140,133,121,118,96,10,6,11,10,6,27,6
11,12,12,11,12,43,107,130,139,139,141,145,137,128,98,80,73,7,10,10,13,31,16,13
17,14,25,31,44,81,114,147,173,149,172,163,166,155,139,132,82,22,6,1,7,12,7,0
12,10,14,36,69,88,142,168,187,185,185,189,206,191,166,138,109,46,8,0,10,12,8,0
9,13,14,69,103,121,148,181,199,218,229,220,221,207,180,153,121,100,11,8,8,9,10,4
17,11,26,50,100,119,148,183,202,215,230,226,222,202,173,149,123,101,13,11,4,11,12,11
12,36,40,56,103,127,141,161,173,177,138,173,192,182,161,136,118,97,12,14,13,13,12,13
14,22,18,57,84,103,114,129,126,117,100,114,138,144,146,113,101,55,14,13,13,11,12,13
12,28,24,34,48,95,111,113,110,59,45,59,107,111,106,103,58,29,8,6,10,13,13,9
13,19,10,19,44,59,108,107,104,78,51,48,57,68,65,68,41,39,10,6,8,0,9,2
0,10,16,12,9,50,60,77,61,57,51,40,55,62,72,56,9,9,4,6,4,8,0,8
5,12,6,5,12,13,66,62,65,60,51,37,51,53,53,30,12,13,10,8,11,8,4,8
6,0,0,11,15,19,51,67,81,82,56,43,51,62,33,9,8,11,8,5,2,1,0,0
9,10,7,11,12,14,39,70,68,72,61,20,3,12,3,7,0,6,7,0,0,0,0,7
11,10,1,6,14,14,28,35,62,56,50,0,10,5,2,0,0,0,3,0,0,0,0,7
7,5,9,11,11,27,14,56,53,52,27,9,11,5,2,1,0,0,0,1,0,0,0,0
0,13,9,0,0,12,13,51,59,50,13,6,0,0,0,0,0,0,0,0,0,0,0,0
3,7,5,1,7,4,13,60,54,52,49,12,3,5,0,0,0,0,0,0,0,0,0,0
0,5,0,9,7,10,51,77,84,63,46,11,11,10,8,4,1,0,0,0,0,0,0,0
0,2,11,5,8,18,51,99,103,86,57,16,9,3,0,5,3,1,0,0,0,0,0,0
11,9,11,8,12,12,42,91,84,77,57,10,4,6,0,0,0,10,0,4,0,0,0,0
4,6,0,8,12,13,51,63,91,102,52,12,0,1,12,11,13,0,0,4,0,0,4,0
9,5,0,7,7,13,47,72,78,67,50,8,6,14,0,10,11,8,0,5,0,4,7,8
0,6,12,9,0,10,10,43,61,50,21,12,8,12,9,0,0,0,0,7,5,3,9,7
4,6,0,9,11,8,7,12,54,44,14,10,0,9,3,2,2,2,0,0,4,8,0,5

0,7,2,4,2,1,5,2,4,4,11,3,0,2,6,3,0,4,8,1,1,3,0,5
0,0,4,10,7,0,0,12,0,12,24,27,50,25,11,2,0,0,0,3,6,1,0,10
0,12,1,26,23,12,12,25,50,51,86,103,69,71,57,13,8,7,8,12,9,5,1,9
0,3,0,7,6,6,8,14,54,73,101,107,111,110,100,66,67,14,10,9,11,6,0,0
0,8,0,0,10,0,12,55,65,67,67,102,96,103,78,71,51,34,0,12,0,0,0,0
0,0,0,0,0,0,12,35,44,54,61,72,76,71,65,61,18,4,12,3,7,1,0,0
0,0,0,0,0,0,5,32,36,38,43,57,50,59,28,40,22,2,2,8,5,0,0,0
0,2,0,0,0,0,7,41,61,64,61,63,70,61,58,13,22,4,0,0,0,0,0,0
0,0,0,0,14,32,67,75,83,78,76,83,83,74,73,67,52,37,11,1,0,0,0,0
5,8,12,13,59,63,94,99,99,115,118,106,114,100,84,72,65,60,54,14,0,0,0,0
5,12,28,57,69,90,111,124,146,145,149,134,124,130,125,115,95,73,60,54,19,0,0,0
0,30,57,56,68,88,112,173,195,180,170,140,145,168,185,183,124,67,60,58,56,4,0,0
12,33,52,52,32,68,90,146,160,161,171,179,174,172,176,165,119,86,57,60,73,64,8,0
8,62,67,21,13,87,101,117,139,157,167,162,166,162,138,119,108,75,10,21,75,73,15,4
6,21,32,7,13,12,73,108,132,152,153,148,146,133,88,87,100,28,11,11,57,75,50,5
12,13,5,0,6,0,76,79,106,126,140,130,108,95,84,82,63,8,0,0,9,62,57,11
57,40,14,5,9,13,57,63,70,82,84,109,101,90,74,63,61,0,10,13,44,58,59,27
29,22,14,13,12,13,36,63,105,115,113,84,120,127,97,67,48,32,6,6,30,37,35,17
25,24,15,9,21,32,75,116,131,114,101,111,139,140,129,85,77,30,0,10,6,26,38,10
14,12,6,11,27,51,109,138,138,135,136,136,140,133,121,118,96,10,6,11,10,6,27,5
11,12,12,11,12,43,107,130,139,139,141,144,137,128,98,80,74,7,10,10,13,31,17,12
17,14,25,31,45,81,114,146,173,149,172,163,166,155,139,132,82,22,6,1,7,12,7,0
12,10,14,36,69,88,142,168,187,186,185,189,206,191,165,138,109,47,8,0,10,12,8,0
9,13,14,68,103,121,148,181,199,217,229,220,220,207,181,153,121,100,11,8,8,9,10,4
17,11,26,50,100,119,147,183,202,214,230,225,223,202,174,149,123,101,13,11,4,11,12,10
12,36,40,56,103,127,141,161,173,176,138,173,192,182,161,136,118,97,12,14,13,13,12,13
14,22,18,57,82,103,114,129,126,117,100,114,138,144,146,113,101,55,14,13,13,12,12,13
12,28,26,34,48,95,111,113,110,59,47,58,107,111,106,103,59,30,8,6,10,13,13,9
13,19,10,19,44,59,108,107,104,78,51,46,57,67,65,68,42,37,10,6,8,0,9,2
0,10,16,12,9,50,59,78,61,57,51,40,55,63,72,57,9,9,4,6,4,8,0,8
5,12,7,5,12,13,66,62,65,60,51,38,51,54,53,30,13,13,10,8,11,8,4,8
6,0,0,11,15,19,51,67,82,83,56,45,51,62,33,9,8,11,8,5,2,1,0,0
9,10,7,11,12,14,39,71,68,72,61,22,3,12,3,7,0,6,8,0,0,0,0,7
11,10,1,6,14,14,29,36,62,56,50,0,10,5,3,0,0,0,3,0,0,0,0,8
7,5,9,11,11,27,14,56,53,52,28,9,11,5,2,1,0,0,0,1,0,0,0,0
0,13,9,0,0,12,13,51,59,51,13,6,0,0,0,0,0,0,0,0,0,0,0,0
3,7,5,1,7,4,14,60,54,52,50,12,3,5,0,0,0,0,0,0,0,0,0,0
0,5,0,9,8,10,51,78,84,63,46,11,11,10,8,4,1,0,0,0,0,0,0,0
0,3,11,5,8,18,51,99,103,86,57,16,9,3,0,5,3,1,0,0,0,0,0,0
11,9,11,8,12,12,41,90,84,77,57,10,4,6,0,0,0,10,0,4,0,0,0,0
4,5,0,8,12,13,52,63,91,102,52,12,0,1,12,11,13,0,0,4,0,0,4,0
9,5,0,7,7,13,48,72,78,67,50,8,6,14,0,10,11,8,0,5,0,4,7,8
0,6,12,9,0,10,10,43,61,50,22,11,8,12,9,0,0,0,0,7,4,3,9,7
4,6,0,10,11,8,7,12,54,45,14,10,0,9,3,2,2,2,0,1,4,8,0,5

0,7,2,4,2,1,5,3,4,4,11,3,0,2,6,3,0,4,8,1,1,3,0,5
0,0,4,10,7,0,0,12,0,12,24,28,50,26,11,2,0,0,0,3,6,1,0,10
0,12,1,27,23,12,12,25,50,51,86,103,69,71,57,13,8,7,8,12,9,5,2,9
0,3,0,7,6,6,8,14,54,74,101,107,111,110,100,66,67,14,10,9,11,6,0,0
0,8,0,0,10,0,11,55,65,67,67,102,95,103,78,71,51,34,0,11,0,0,0,0
0,0,0,0,0,0,12,35,44,54,61,72,76,72,66,61,19,4,12,3,7,1,0,0
0,0,0,0,0,0,5,33,36,39,45,56,50,59,28,40,21,2,2,9,5,0,0,0
0,2,0,0,0,0,7,40,61,64,61,63,70,62,58,14,22,4,0,0,0,0,0,0
0,0,0,0,14,31,67,75,83,78,76,84,83,74,73,67,52,36,11,0,0,0,0,0
5,9,12,13,59,63,94,99,99,115,118,106,114,100,84,72,65,60,54,13,0,0,0,0
5,12,29,57,69,90,111,124,146,145,149,135,125,131,125,115,95,73,60,54,19,0,0,0
0,30,57,57,68,88,112,173,195,180,170,140,145,169,186,183,124,67,60,58,56,4,0,0
12,33,52,52,32,68,90,146,160,160,170,178,174,171,177,166,120,86,57,60,72,64,8,0
8,62,68,22,13,87,101,117,139,157,167,161,166,161,138,119,108,75,10,22,75,72,15,4
6,22,32,7,13,12,74,108,132,152,152,148,146,132,88,87,100,28,11,11,57,76,50,5
12,13,5,0,6,0,76,79,106,126,140,130,108,95,84,82,63,9,0,0,9,62,57,11
57,40,14,6,9,13,57,63,70,82,84,109,100,90,74,64,61,0,10,13,43,58,58,26
29,22,14,13,12,13,36,63,105,115,112,84,120,126,96,67,48,32,6,6,30,37,35,16
25,24,15,9,22,31,75,116,131,113,101,111,139,140,129,84,77,31,0,10,6,26,40,10
14,12,6,11,26,50,109,138,138,134,136,136,140,133,121,118,96,10,6,11,10,6,27,6
11,12,12,11,12,43,107,130,138,139,141,144,136,128,98,80,74,7,9,10,13,30,16,12
17,14,25,31,45,81,114,146,172,148,171,163,166,155,139,132,82,22,6,1,7,12,7,0
12,10,14,36,68,88,142,168,187,185,185,189,206,191,165,138,109,46,8,0,10,12,8,0
9,13,14,69,103,121,148,181,199,218,229,221,221,207,181,153,121,100,11,8,9,9,10,4
18,11,26,50,98,119,147,183,202,214,230,225,223,202,174,149,123,101,13,11,4,11,12,10
12,36,41,56,104,127,141,160,173,176,138,173,192,182,162,136,118,97,12,14,13,13,12,13
14,23,18,57,82,103,114,129,126,117,100,114,138,144,146,113,101,55,14,13,13,11,12,13
13,31,26,35,47,95,110,113,110,59,48,59,107,111,106,103,59,31,8,6,10,13,13,9
13,19,10,19,44,59,108,107,104,78,51,48,57,67,65,68,41,37,10,6,8,0,9,2
0,10,16,12,9,50,59,77,61,57,51,40,55,63,72,57,9,9,4,6,4,8,0,8
5,12,7,5,12,13,66,62,65,60,51,37,51,53,53,30,13,13,10,8,11,8,4,8
6,0,0,11,15,19,51,67,82,83,56,43,51,63,33,9,8,11,8,5,2,1,0,0
8,10,8,11,12,14,39,71,68,72,61,21,4,12,3,7,0,6,8,0,0,0,0,7
11,10,1,6,14,14,29,36,62,56,50,0,11,5,3,0,0,0,3,0,0,0,0,8
7,5,9,11,11,27,14,56,53,52,27,9,11,5,2,1,0,0,0,1,0,0,0,0
0,13,9,0,0,12,13,51,59,51,13,6,0,0,0,0,0,0,0,0,0,0,0,0
3,7,5,1,7,4,14,60,54,52,50,12,3,5,0,0,0,0,0,0,0,0,0,0
0,5,0,9,8,10,51,78,84,63,46,11,11,10,8,4,1,0,0,0,0,0,0,0
0,3,11,5,8,18,51,98,103,86,57,16,9,3,0,5,3,1,0,0,0,0,0,0
11,9,11,9,12,12,42,91,84,77,57,10,4,6,0,0,0,10,0,4,0,0,0,0
4,5,0,8,12,13,51,63,91,102,52,12,0,1,12,11,13,0,0,4,0,0,4,0
9,5,0,7,7,13,47,71,78,67,47,8,6,14,0,10,11,8,0,5,0,4,7,8
0,5,12,9,0,10,11,46,61,50,23,12,8,12,9,0,0,0,0,7,5,3,9,7
4,6,0,9,11,8,7,12,55,46,14,10,0,9,4,2,2,2,0,0,4,8,0,5

0,7,2,4,2,1,5,3,4,4,11,3,0,2,6,3,0,4,8,1,1,3,0,5
0,0,4,10,7,0,0,12,0,12,24,25,50,27,11,2,0,0,0,3,6,1,0,10
0,12,1,26,23,12,12,24,50,51,85,103,69,71,57,13,8,7,8,12,9,5,1,9
0,3,0,7,6,6,8,15,54,73,101,107,111,110,100,66,67,14,10,9,11,6,0,0
0,8,0,0,10,0,11,55,65,67,67,102,95,103,78,71,51,35,0,12,0,0,0,0
0,0,0,0,0,0,12,35,44,54,61,72,76,72,66,61,19,4,12,3,7,1,0,0
0,0,0,0,0,0,6,33,36,39,44,56,50,60,28,39,23,2,2,8,5,0,0,0
0,2,0,0,0,0,7,41,61,64,61,63,70,62,58,13,22,4,0,0,0,0,0,0
0,0,0,0,15,32,67,75,83,78,76,84,83,74,73,67,52,36,11,0,0,0,0,0
5,9,12,13,59,63,95,100,100,115,118,106,114,100,84,72,65,60,54,13,0,0,0,0
5,12,29,58,69,90,112,124,146,145,149,135,125,131,125,115,95,73,59,54,19,0,0,0
0,30,57,57,68,88,112,174,196,181,170,141,145,169,186,183,124,67,60,58,56,4,0,0
12,34,52,52,32,68,90,147,160,160,170,178,174,171,177,166,120,86,57,60,73,64,8,0
8,62,68,23,13,88,101,117,139,157,166,161,166,162,138,119,108,75,10,24,75,73,16,4
6,22,32,7,13,12,73,108,132,152,152,148,146,132,88,87,100,28,11,11,57,75,50,5
12,13,5,0,6,0,76,79,106,126,139,130,108,95,84,82,63,9,0,0,9,63,57,11
57,40,14,5,9,13,57,63,70,82,84,109,100,90,74,63,61,1,10,13,43,58,58,27
29,22,14,13,12,13,36,63,105,114,112,84,120,126,96,67,48,32,6,6,29,37,35,16
25,24,15,9,22,31,75,115,131,112,100,111,139,140,129,84,77,30,0,10,6,26,38,10
14,12,6,11,26,51,109,138,137,134,135,136,140,133,121,118,96,10,6,11,10,6,28,6
11,12,12,11,12,43,107,130,138,139,141,144,136,128,98,80,74,7,9,10,13,30,16,12
17,14,25,31,45,81,114,146,172,148,172,163,166,155,139,132,83,23,6,1,7,12,7,0
12,10,14,36,68,87,142,167,186,185,184,189,206,191,166,138,109,47,8,0,10,12,8,0
9,13,14,70,103,121,148,181,198,217,229,220,221,207,181,153,121,100,11,8,9,9,10,4
17,11,26,50,98,119,148,183,202,215,230,226,223,202,174,149,123,101,13,11,4,11,12,10
12,36,41,56,104,127,141,160,173,176,138,173,192,182,162,136,118,97,12,14,13,13,12,13
14,23,18,57,82,103,114,129,126,117,100,114,138,144,146,113,100,55,14,13,13,11,12,13
13,31,26,36,50,95,110,113,110,58,48,58,107,111,106,104,59,34,8,6,10,13,13,9
13,19,10,19,44,58,107,107,104,77,51,47,57,67,65,68,41,37,10,6,8,0,9,2
1,10,16,12,9,51,60,78,61,57,51,41,55,63,72,57,9,9,4,6,4,9,0,8
6,12,7,5,12,13,66,62,65,60,51,37,51,53,54,30,13,13,10,8,11,8,4,8
6,0,0,11,15,19,51,67,82,83,56,47,51,63,34,9,8,12,8,5,2,1,0,0
9,10,7,11,12,14,39,71,68,72,61,22,4,13,3,7,0,6,7,0,0,0,0,7
11,10,1,6,14,14,30,36,62,57,50,0,11,6,3,0,0,0,3,0,0,0,0,8
7,5,9,11,11,27,14,56,53,52,28,9,11,5,2,2,0,0,0,1,0,0,0,0
0,13,9,0,0,12,13,51,59,51,13,6,0,0,0,0,0,0,0,0,0,0,0,0
3,7,5,1,7,4,14,60,54,52,50,12,3,5,0,0,0,0,0,0,0,0,0,0
0,5,0,9,8,10,52,78,85,63,47,11,11,10,8,4,1,0,0,0,0,0,0,0
0,3,11,5,8,18,51,99,103,86,57,16,9,4,0,5,3,1,0,0,0,0,0,0
11,9,11,8,12,12,42,91,84,77,57,10,4,6,0,0,0,10,0,4,0,0,0,0
4,6,0,8,12,13,51,63,90,102,53,12,0,1,12,11,13,0,0,4,0,0,4,0
9,5,0,7,7,13,50,72,78,67,50,8,6,14,0,10,11,8,0,5,0,4,7,8
0,6,12,9,0,10,11,46,61,50,22,12,8,12,9,0,0,0,0,7,4,3,9,7
4,6,0,10,11,8,7,12,55,46,14,10,0,9,4,2,2,2,0,0,5,8,0,5

0,7,2,4,2,1,5,2,4,4,11,3,0,2,6,3,0,4,8,1,1,3,0,5
0,0,4,10,7,0,0,12,0,12,24,28,50,27,11,2,0,0,0,3,6,1,0,10
0,12,2,26,23,12,12,25,50,51,86,103,70,71,57,14,8,7,8,12,10,5,2,9
0,3,0,7,6,6,8,14,54,74,101,107,111,110,100,66,67,14,10,9,11,6,0,0
0,8,0,0,10,0,11,55,65,67,67,102,95,103,78,72,51,36,0,12,0,0,0,0
0,0,0,0,0,0,12,35,44,54,61,72,76,72,66,61,19,4,12,3,7,1,0,0
0,0,0,0,0,0,6,32,36,39,44,57,50,59,30,39,22,2,1,8,5,0,0,0
0,2,0,0,0,0,7,42,61,64,61,63,70,62,58,13,22,4,0,0,0,0,0,0
0,0,0,0,15,33,67,75,83,78,76,83,83,74,73,67,52,35,11,1,0,0,0,0
5,9,12,13,59,63,95,100,100,115,118,106,114,100,84,72,65,60,54,13,0,0,0,0
5,12,28,57,69,90,111,124,147,145,149,135,125,131,125,114,94,73,59,54,19,0,0,0
0,30,57,56,68,88,112,173,196,181,170,140,145,168,186,183,124,67,60,58,56,4,0,0
12,33,52,52,32,68,90,147,161,160,171,179,174,171,176,165,120,86,57,60,73,64,8,0
8,62,68,23,13,87,101,117,139,157,167,161,166,161,138,119,108,75,10,24,75,73,15,4
6,21,32,7,13,12,73,108,132,152,152,148,146,132,88,87,101,28,11,11,57,75,50,5
12,13,5,0,6,0,75,78,106,125,139,130,108,95,84,82,63,9,0,0,9,63,57,11
56,40,14,5,9,13,57,63,70,82,84,109,100,90,74,63,61,1,10,13,43,58,59,28
29,22,14,13,12,13,36,63,104,114,112,83,120,126,96,67,48,32,6,6,29,37,35,16
24,23,15,9,22,31,75,115,131,113,100,111,139,140,129,84,77,30,0,10,6,26,40,10
14,12,6,11,27,51,109,138,137,134,135,136,140,132,121,118,96,10,6,11,10,6,27,5
11,12,12,11,12,43,107,130,138,139,140,144,136,128,98,80,74,7,10,10,13,30,16,12
17,14,25,31,44,81,114,146,172,148,171,162,166,155,139,132,83,23,6,1,7,12,7,0
12,9,14,36,68,88,142,167,186,185,185,189,206,191,166,138,110,47,8,0,10,12,8,0
9,13,14,68,103,121,148,180,198,218,229,220,221,207,181,153,121,100,11,8,8,9,9,4
18,11,26,50,98,119,148,183,202,215,230,226,223,202,174,149,123,101,13,11,4,11,12,10
12,37,41,56,103,127,141,160,173,176,138,173,192,182,162,136,118,97,12,14,13,13,12,13
14,23,19,57,82,103,114,129,126,117,100,114,138,144,146,113,101,56,14,13,13,11,12,13
13,32,29,34,48,95,110,113,110,58,45,59,107,111,106,104,59,30,8,6,10,13,13,9
13,20,10,18,44,58,107,107,104,78,50,48,57,67,65,69,43,37,10,6,8,0,9,2
0,10,16,12,9,50,59,78,61,57,51,40,55,63,73,57,9,9,4,6,4,8,0,8
6,12,7,5,12,14,67,62,65,60,51,37,51,53,54,31,13,13,10,8,11,8,4,8
6,0,0,11,15,19,51,67,82,83,56,46,51,63,34,10,8,12,8,5,2,1,0,0
8,10,8,11,12,14,39,71,68,72,61,23,4,13,4,7,0,6,8,0,0,0,0,7
11,10,1,6,14,14,30,36,62,56,50,0,11,6,3,0,0,0,3,0,0,0,0,8
7,5,9,11,11,27,14,56,53,52,28,9,11,5,3,2,0,0,0,1,0,0,0,0
0,13,9,0,0,12,13,51,59,51,13,7,0,0,0,0,0,0,0,0,0,0,0,0
3,7,5,1,7,4,14,60,54,53,50,12,4,5,0,0,0,0,0,0,0,0,0,0
0,5,0,9,8,10,52,78,84,63,47,11,11,10,8,4,1,0,0,0,0,0,0,0
0,3,11,5,8,19,51,99,103,86,57,16,9,4,0,5,3,1,0,0,0,0,0,0
11,9,11,8,12,12,41,90,84,77,57,10,4,6,1,0,0,10,0,4,0,0,0,0
5,6,0,8,12,13,52,63,91,102,52,12,0,1,12,11,13,0,0,4,0,0,4,0
9,5,0,7,7,13,48,72,78,67,47,8,6,14,0,10,11,8,0,5,0,4,7,8
0,6,12,9,0,10,11,48,61,50,23,12,8,13,9,0,0,0,0,6,5,3,9,7
4,6,0,9,11,8,7,12,55,45,14,10,0,9,4,2,3,1,0,0,5,8,0,5

0,7,2,4,2,1,5,3,4,4,11,3,0,2,6,3,0,4,8,1,1,3,0,5
0,0,4,10,7,0,0,12,0,12,26,27,51,27,11,2,0,0,0,3,6,1,0,10
0,13,1,27,23,12,12,25,50,51,86,103,69,71,57,13,8,7,8,12,10,5,2,9
0,3,0,7,6,6,8,14,54,73,101,107,111,110,100,66,67,14,10,9,11,6,0,0
0,8,0,0,10,0,11,54,65,66,66,101,96,103,78,71,51,36,0,11,0,0,0,0
0,0,0,0,0,0,12,36,44,54,61,72,76,72,66,61,19,4,12,3,7,1,0,0
0,0,0,0,0,0,5,32,36,40,46,57,50,60,29,39,22,2,2,8,5,0,0,0
0,2,0,0,0,0,7,42,61,64,61,63,70,62,58,13,22,4,0,0,0,0,0,0
0,0,0,0,15,32,67,75,83,78,76,83,83,74,73,67,52,36,11,1,0,0,0,0
5,9,12,13,59,64,95,100,100,115,119,106,114,100,84,72,65,60,54,13,0,0,0,0
5,12,29,58,69,90,112,124,147,145,150,135,125,131,125,114,95,73,60,54,19,0,0,0
0,30,57,56,68,88,113,174,196,182,170,141,145,168,186,183,124,67,60,58,56,4,0,0
12,33,52,52,32,68,90,147,161,161,171,178,174,171,177,166,120,86,57,60,73,64,8,0
8,62,68,23,13,87,101,117,139,157,167,160,166,161,138,119,108,75,10,22,75,72,15,4
6,21,31,7,13,12,74,108,132,153,152,148,146,132,88,87,101,28,11,11,57,76,50,5
12,13,5,0,6,0,76,78,106,125,139,130,108,95,84,82,63,9,0,0,9,62,57,11
57,41,14,5,9,13,57,63,70,82,84,109,100,90,74,64,61,1,10,13,44,58,59,28
29,23,14,13,12,13,36,63,105,114,111,83,119,126,96,67,48,31,6,6,30,37,35,16
25,24,14,9,22,31,75,115,130,112,99,111,139,140,129,84,77,31,0,10,6,27,38,10
14,12,6,11,27,51,109,138,137,133,135,136,140,132,121,118,96,10,6,11,10,6,28,6
11,12,12,11,12,43,107,130,138,139,140,144,136,128,97,80,74,7,10,10,13,31,16,13
17,14,25,31,44,81,114,146,172,148,171,163,166,155,139,132,83,23,6,1,7,12,7,0
12,10,14,36,69,87,142,167,186,185,184,189,206,191,166,138,110,47,8,0,10,12,8,0
9,13,14,69,103,121,148,180,198,217,229,220,221,207,181,153,121,100,11,8,8,9,10,4
18,11,26,50,98,119,147,183,202,214,229,225,223,203,174,149,123,101,13,11,4,11,12,10
12,36,40,56,103,127,141,160,173,176,138,174,192,182,162,136,118,97,12,14,13,13,12,13
14,23,18,57,82,103,114,129,126,117,100,114,138,145,146,113,101,56,14,13,13,11,12,13
13,32,24,34,47,95,110,113,110,59,48,59,107,111,106,104,59,31,8,6,10,13,13,9
13,20,10,19,44,59,108,107,104,78,50,49,57,68,65,69,43,39,10,7,8,0,9,2
1,10,17,12,9,50,59,78,61,57,51,40,55,63,73,57,9,9,4,6,4,8,0,8
6,12,7,5,12,14,67,63,65,60,52,38,51,54,54,31,13,13,10,8,12,8,4,9
6,0,0,11,15,19,51,67,82,83,56,44,51,63,35,10,8,12,8,5,2,1,0,0
9,10,8,11,12,14,40,71,68,72,61,22,4,13,4,7,0,6,8,1,0,0,0,7
11,10,1,6,14,14,30,36,62,56,50,0,11,6,4,0,0,0,3,0,0,0,0,7
7,5,9,11,11,27,14,56,53,52,29,9,11,5,3,2,0,0,0,1,0,0,0,0
0,13,9,0,0,12,13,51,59,51,13,7,0,0,0,0,0,0,0,0,0,0,0,0
3,7,5,1,7,4,14,60,55,53,50,12,4,5,0,0,0,0,1,0,0,0,0,0
0,5,0,9,8,11,51,78,84,63,46,11,11,10,8,4,1,0,0,0,0,0,0,0
0,3,11,5,9,19,51,99,103,86,57,17,9,4,0,5,3,1,0,0,0,0,0,0
11,9,11,8,12,12,42,91,84,77,57,9,4,6,1,0,0,10,0,4,0,0,0,0
5,6,0,8,12,13,51,63,91,102,53,13,0,1,12,11,13,0,0,5,0,0,4,0
9,6,0,8,7,13,48,72,78,67,50,8,6,14,0,10,11,8,0,5,0,4,7,8
0,6,12,9,0,10,11,46,61,50,22,12,8,12,9,0,0,0,0,6,5,3,9,7
4,6,0,10,11,8,7,12,54,46,15,10,0,9,4,2,3,1,0,0,5,8,0,5

0,7,2,4,2,1,5,3,4,4,11,3,0,2,6,3,0,4,8,1,1,3,0,5
0,0,4,10,7,0,0,12,0,12,23,29,50,27,11,2,0,0,0,3,6,1,0,10
0,13,1,26,23,12,12,25,50,51,86,103,69,71,57,13,8,7,8,12,10,5,2,9
0,3,0,7,6,6,8,15,54,74,101,107,111,110,100,66,68,14,10,9,11,6,0,0
0,8,0,0,10,0,11,55,65,67,67,101,96,103,78,72,52,37,0,12,0,0,0,0
0,0,0,0,0,0,12,36,44,54,61,72,76,72,66,61,19,4,12,3,7,1,0,0
0,0,0,0,0,0,6,34,36,41,48,57,50,59,31,40,23,2,2,9,5,0,0,0
0,2,0,0,0,0,7,41,61,64,61,63,70,62,58,13,22,4,0,0,0,0,0,0
0,0,0,0,14,32,67,75,83,78,76,84,83,74,73,67,52,35,11,1,0,0,0,0
5,9,12,13,59,63,95,100,100,116,119,106,114,100,84,72,65,60,54,13,0,0,0,0
5,12,29,57,69,90,111,124,147,145,149,134,125,131,125,115,95,73,60,54,19,0,0,0
0,30,57,56,68,88,112,174,196,181,170,140,145,169,186,183,124,67,60,58,56,4,0,0
12,33,52,52,32,68,90,147,161,160,170,178,174,171,177,166,120,86,57,60,73,64,8,0
8,62,68,23,13,87,101,117,139,157,166,161,166,161,138,119,108,75,10,22,75,73,16,4
6,21,32,7,13,12,73,107,132,152,152,148,146,132,88,87,100,28,11,11,56,75,50,5
12,13,5,0,6,0,76,78,106,125,139,130,108,95,84,82,63,9,0,0,9,63,57,11
57,41,14,5,9,13,57,63,70,82,84,109,100,90,74,63,61,0,10,13,44,58,59,27
29,22,14,13,12,13,36,63,104,114,111,83,120,126,96,67,48,32,6,6,29,37,35,16
25,24,15,9,22,31,75,115,130,112,99,111,139,140,128,84,77,31,0,10,6,27,40,10
14,12,6,11,26,51,108,137,137,133,135,136,140,132,121,118,96,10,6,11,10,6,27,6
11,12,12,11,12,43,107,130,138,139,141,144,136,128,98,80,74,7,10,10,13,31,17,13
17,14,25,31,44,81,113,146,172,148,172,163,166,155,139,132,82,23,6,1,7,12,7,0
12,10,14,36,68,87,142,167,186,185,185,189,206,191,166,138,110,47,8,0,10,12,8,0
10,14,14,68,103,121,148,180,198,217,229,221,221,207,181,153,121,100,11,8,9,9,10,4
18,11,26,50,98,119,147,183,202,215,230,226,223,203,174,149,123,101,13,11,4,11,12,10
12,37,40,56,103,127,141,160,173,176,138,174,192,183,162,136,118,97,12,14,13,13,12,13
14,23,18,57,84,103,114,129,126,117,100,114,138,145,146,113,101,57,14,13,13,11,12,13
13,32,27,35,48,95,110,113,110,58,48,58,107,111,106,104,59,33,8,6,10,13,13,9
13,19,10,19,44,59,108,107,104,78,51,49,57,67,65,69,42,39,10,7,8,0,9,2
0,10,16,12,9,51,59,77,61,57,51,41,55,62,72,57,9,9,4,6,4,9,0,8
6,12,7,5,12,14,67,62,65,60,51,38,51,54,54,31,13,13,10,8,11,8,4,9
6,0,0,11,15,19,52,68,82,83,56,46,51,64,35,10,8,12,8,6,2,1,0,0
8,10,8,11,12,14,39,71,68,72,61,22,5,13,4,7,0,6,8,0,0,0,0,7
11,10,1,6,14,14,30,36,62,57,50,0,11,6,4,0,0,0,3,0,0,0,0,8
7,5,9,11,11,27,14,56,53,52,27,9,11,5,3,2,0,0,0,1,0,0,0,0
0,13,9,0,0,12,13,51,59,51,13,7,0,0,0,0,0,0,0,0,0,0,0,0
3,7,5,1,7,4,14,60,54,53,50,12,4,5,0,0,0,0,1,0,0,0,0,0
0,5,0,9,8,10,51,77,84,63,46,11,11,10,8,4,1,0,0,0,0,0,0,0
0,3,11,5,9,19,51,99,103,86,57,16,9,4,0,5,3,1,0,0,0,0,0,0
11,9,11,8,12,12,42,91,84,78,57,9,4,6,1,0,0,10,0,4,0,0,0,0
4,6,0,8,12,13,51,63,91,102,53,12,0,1,12,12,13,0,0,4,0,0,4,0
9,6,0,8,7,13,50,72,78,67,50,8,6,14,0,10,11,8,0,5,0,4,7,8
0,6,12,9,0,10,11,47,61,50,23,12,8,12,9,0,0,0,0,6,5,4,9,7
4,6,0,9,11,8,7,12,55,46,14,10,0,9,4,2,3,1,0,0,5,8,0,5
