0,0,0,0,0,0,0,6,14,59,61,60,11,4,0,0,0,0,0,0,0,0,0,0
4,0,0,0,0,0,9,12,77,98,120,101,58,10,0,0,0,0,0,0,0,0,0,0
1,0,0,0,0,0,0,7,22,108,119,109,99,10,0,0,0,0,0,0,0,0,0,0
0,0,0,0,0,0,0,0,0,51,100,74,58,0,0,0,0,0,4,0,0,0,0,0
0,0,0,0,0,0,0,0,0,4,10,10,54,8,0,2,8,0,0,0,0,0,0,0
0,0,0,0,1,0,12,21,58,56,70,84,78,65,75,47,51,23,0,0,0,0,0,0
1,0,1,7,6,24,60,72,86,97,103,111,112,108,120,96,68,74,9,3,0,0,0,0
0,0,0,1,56,68,90,98,99,108,114,113,100,116,132,125,94,78,63,53,6,0,0,5
0,0,0,12,62,71,76,88,126,134,130,131,149,151,176,148,111,85,77,63,51,4,0,0
0,0,1,53,57,67,75,101,148,142,146,168,179,188,202,165,123,84,53,56,13,11,6,0
0,0,14,52,54,61,69,115,139,151,167,164,184,204,182,149,96,84,52,59,58,11,4,0
0,7,53,63,53,50,59,106,136,157,172,161,164,209,187,147,109,64,8,39,56,33,6,0
0,24,75,76,17,36,60,100,124,148,156,164,175,178,177,138,118,40,21,52,55,54,12,2
0,47,101,76,9,27,69,107,112,130,144,143,149,161,151,137,108,57,24,61,96,100,44,3
8,71,111,72,7,8,53,101,86,85,111,118,135,148,142,125,104,41,9,21,75,100,42,0
3,14,58,11,0,0,52,100,96,78,92,89,132,134,128,110,84,41,11,8,14,34,19,13
12,13,8,2,1,7,52,102,73,81,97,80,110,95,85,86,69,53,2,7,10,6,14,1
4,2,11,19,23,29,44,63,68,77,109,108,91,107,105,94,78,40,24,31,13,14,12,10
0,0,4,5,6,14,77,103,89,119,143,163,161,114,123,144,133,79,60,25,13,10,5,3
3,4,10,8,9,60,62,118,131,144,152,179,186,185,193,191,165,129,113,62,11,11,1,7
6,11,11,13,17,51,115,133,143,171,223,226,228,240,227,197,167,143,118,72,28,8,5,12
0,0,6,13,40,72,116,145,188,226,248,256,280,259,274,219,193,148,99,46,31,17,8,4
3,10,18,24,24,52,113,139,170,199,231,203,201,211,194,195,172,138,79,54,30,4,5,1
0,3,9,12,39,88,117,138,154,153,156,137,148,173,166,165,147,125,89,70,12,11,5,0
3,9,6,10,35,84,103,124,134,132,122,110,112,120,139,158,132,106,99,46,17,10,1,12
7,10,12,11,11,79,103,119,107,105,101,50,13,101,107,112,106,104,90,14,13,0,1,2
1,5,7,11,11,19,86,106,103,105,102,68,11,62,102,104,104,93,43,12,8,0,0,0
0,5,7,3,5,13,88,66,102,104,103,102,11,65,83,90,100,71,12,8,0,12,7,12
0,0,6,7,5,11,58,102,101,79,81,65,13,23,62,71,40,12,6,7,5,8,11,4
0,0,3,2,1,2,12,63,100,102,78,59,30,13,30,17,10,10,0,3,5,9,5,4
8,4,11,8,10,12,13,47,61,70,74,55,27,12,27,13,11,3,4,6,6,10,8,5
0,0,0,1,0,3,0,50,61,73,103,70,40,7,11,6,10,10,7,0,0,0,8,0
2,0,0,0,3,0,0,52,66,64,64,54,9,5,11,3,0,1,4,3,3,1,0,3
0,0,0,0,3,0,5,52,63,62,53,50,3,5,12,8,1,1,1,5,4,0,0,4
0,0,0,0,8,0,5,47,60,58,56,29,8,7,13,10,5,2,4,4,9,0,0,0
3,0,0,0,0,0,0,44,59,60,59,26,11,11,11,8,6,8,3,4,2,0,0,0
0,0,0,0,0,1,2,13,61,58,59,31,14,14,11,9,6,5,8,3,11,9,0,0
0,0,0,0,2,7,0,11,50,54,52,43,14,12,13,6,5,0,1,6,10,4,7,0
0,0,0,0,0,4,2,12,57,55,53,29,24,12,7,12,6,4,10,5,4,6,6,0
0,4,0,0,6,0,1,7,58,60,40,40,9,14,13,11,12,5,10,7,8,0,0,2
1,0,0,0,0,0,2,14,50,58,51,14,14,32,15,8,12,9,5,8,6,0,0,0
0,2,0,1,11,11,11,14,52,59,55,50,51,31,14,14,0,0,7,2,12,11,11,11
0,3,0,0,12,12,10,15,50,84,71,54,53,15,13,2,7,11,9,4,9,15,8,2
0,0,3,7,10,10,13,27,57,158,178,86,60,24,13,11,0,10,5,11,10,2,9,6

0,0,0,0,0,0,0,6,14,58,62,62,13,5,0,0,0,0,0,0,0,0,0,0
4,0,0,0,0,0,9,12,74,96,123,105,60,11,0,0,0,0,0,0,0,0,0,0
1,0,0,0,0,0,0,7,19,107,121,111,100,12,0,0,0,0,0,0,0,0,0,0
0,0,0,0,0,0,0,0,0,52,101,77,60,0,0,0,0,0,3,0,0,0,0,0
0,0,0,0,0,0,0,0,0,4,10,11,56,9,0,2,7,0,0,0,0,0,0,0
0,0,0,0,1,0,12,21,58,56,70,85,79,66,75,49,52,24,0,0,0,0,0,0
1,0,1,7,6,26,60,72,85,97,104,111,113,109,121,97,68,75,10,3,0,0,0,0
0,0,0,1,56,68,90,98,99,107,114,113,100,116,132,126,94,78,63,53,6,0,0,5
0,0,0,12,62,71,76,88,126,133,129,131,148,151,174,148,111,85,77,63,50,4,0,0
0,0,1,53,57,68,75,100,146,141,145,167,177,188,200,164,122,83,54,56,13,11,6,0
0,0,14,52,54,61,69,114,138,149,166,162,182,202,180,148,95,83,52,59,58,11,4,0
0,7,54,63,53,50,59,106,135,156,171,160,163,206,186,146,109,64,8,40,56,36,6,0
0,24,74,76,15,35,59,100,124,147,155,162,174,177,175,137,118,39,19,52,56,54,13,2
0,48,101,76,9,25,67,107,112,129,143,142,148,159,149,136,108,55,23,61,96,100,47,3
8,71,111,72,7,7,53,101,86,84,111,117,134,147,141,125,103,39,8,21,74,100,43,0
3,13,58,10,0,0,52,100,96,77,91,88,131,133,127,109,84,39,11,8,14,34,18,13
12,13,8,2,1,7,50,102,73,80,96,79,108,93,84,85,69,52,2,7,10,6,14,1
4,2,11,19,23,29,45,63,67,76,108,106,89,104,103,92,77,39,24,31,13,14,12,10
0,0,4,5,6,14,76,103,88,118,142,161,159,113,121,143,131,77,60,24,13,10,5,2
3,4,10,8,10,59,62,117,130,144,151,178,186,184,192,190,164,128,113,62,11,11,1,7
6,11,11,13,17,51,115,133,144,172,224,228,230,241,227,197,167,143,118,72,28,8,5,11
0,0,7,13,41,72,116,146,189,227,250,261,284,260,275,220,194,148,100,46,31,18,8,4
3,10,18,25,24,52,114,140,172,201,233,204,203,212,196,196,173,140,79,54,31,4,5,1
0,3,9,12,39,88,118,138,155,154,158,138,149,175,169,167,148,126,90,70,13,11,5,0
3,9,6,11,37,84,103,124,135,132,123,111,112,120,140,159,134,106,100,46,18,10,2,13
7,10,12,11,11,80,104,119,107,105,101,53,14,101,107,113,106,105,93,14,13,0,1,3
1,6,7,11,12,19,88,106,103,105,101,68,11,63,102,104,105,96,45,12,8,0,0,0
0,5,7,3,5,13,89,66,102,104,103,102,11,65,82,91,101,73,13,9,0,12,7,12
0,0,6,7,6,11,59,102,101,79,81,65,13,23,62,73,43,12,7,8,5,8,11,4
0,0,3,2,2,3,12,63,100,102,78,59,31,13,31,18,11,10,0,3,5,9,5,4
8,4,11,8,10,12,13,47,61,71,74,55,27,13,28,13,12,4,4,6,6,10,8,5
0,0,0,1,0,3,0,50,61,73,103,70,42,7,11,6,10,10,7,0,0,0,8,0
2,0,0,0,3,0,0,52,66,64,64,54,9,6,11,3,0,1,4,3,3,1,0,3
0,0,0,0,3,0,5,52,63,63,53,50,3,5,12,8,1,1,1,5,4,0,0,4
0,0,0,0,8,0,5,47,60,58,56,30,8,7,13,10,5,2,4,4,9,0,0,0
3,0,0,0,0,0,0,44,59,60,59,27,11,11,11,8,6,8,3,4,2,0,0,0
0,0,0,0,0,1,2,13,61,58,58,31,14,14,11,9,6,5,8,3,11,9,0,0
0,0,0,0,2,7,0,11,50,54,52,43,14,12,13,6,4,0,1,6,10,4,7,0
0,1,0,0,0,4,2,12,57,55,53,30,25,12,7,12,6,3,11,5,4,6,7,0
0,4,0,0,6,0,2,7,58,60,40,40,9,14,13,11,12,5,10,7,8,0,0,2
1,0,0,0,0,0,2,15,50,58,51,14,14,33,15,8,12,9,5,8,6,0,0,0
0,3,0,1,11,11,11,14,53,59,55,50,51,30,14,14,0,0,7,2,12,11,11,11
0,4,0,1,12,12,10,15,50,84,71,54,53,15,13,2,7,11,9,4,9,16,8,2
0,0,3,7,10,10,13,26,57,158,177,86,61,24,13,11,0,10,5,11,10,2,9,6

0,0,0,0,0,1,0,6,14,59,64,64,19,6,0,0,0,0,0,0,0,0,0,0
4,0,0,0,0,0,9,12,74,96,125,106,61,12,0,0,0,0,0,0,0,0,0,0
1,0,0,0,0,0,0,7,17,107,121,112,100,13,0,0,0,0,0,0,0,0,0,0
0,0,0,0,0,0,0,0,0,51,101,79,61,1,0,0,0,0,3,0,0,0,0,0
0,0,0,0,0,0,0,0,0,4,10,11,58,9,0,1,6,0,0,0,0,0,0,0
0,0,0,0,1,0,12,20,58,56,70,84,79,66,75,49,51,22,0,0,0,0,0,0
1,0,0,7,6,26,60,72,85,96,103,110,112,108,120,97,68,75,10,3,0,0,0,0
0,0,0,0,56,68,90,97,98,106,113,112,100,115,132,125,94,78,63,54,6,0,0,5
0,0,0,12,62,71,76,88,125,133,128,130,148,150,173,148,111,85,77,63,51,4,0,0
0,0,1,53,57,67,75,101,146,140,145,167,177,187,200,165,123,84,54,56,14,11,6,0
0,0,15,52,54,61,69,115,139,150,166,162,182,202,180,148,96,83,53,59,58,12,4,0
0,7,54,64,53,50,59,106,135,156,171,160,163,207,186,146,109,64,8,40,57,37,6,0
0,25,75,77,17,35,59,100,123,147,154,162,174,176,175,137,118,39,20,53,56,55,13,2
0,50,101,76,9,25,68,107,112,129,143,141,148,158,148,136,108,55,24,61,98,101,50,3
8,73,113,73,7,8,53,101,86,84,109,116,132,146,140,124,103,38,8,22,75,101,45,0
3,14,59,10,0,0,52,100,95,77,89,86,129,131,126,109,83,37,11,8,14,35,19,13
12,14,8,2,2,6,50,101,72,79,94,77,106,91,83,84,68,52,2,7,10,6,15,1
5,2,11,18,23,28,44,62,66,75,106,104,87,100,100,89,76,39,23,31,13,15,12,10
0,0,4,6,6,14,76,102,87,117,141,159,157,111,119,141,131,77,60,24,13,10,5,2
3,3,10,8,10,59,62,117,130,143,149,177,185,183,191,189,163,128,113,63,11,11,2,7
6,11,11,13,17,51,115,133,144,172,224,230,231,241,226,196,167,142,118,72,28,9,5,11
0,0,7,13,40,72,116,146,190,228,251,264,286,261,276,220,195,148,100,46,31,17,8,4
3,10,18,25,24,52,114,140,172,203,235,204,203,214,197,197,174,140,80,54,31,4,5,1
0,3,9,13,39,88,118,139,156,155,159,138,150,176,170,168,148,126,90,70,13,11,5,0
3,9,6,11,36,84,103,124,135,133,123,111,112,120,140,159,134,106,100,46,18,10,2,13
8,10,12,11,11,80,103,119,107,105,101,56,14,101,108,113,106,105,93,14,13,0,1,3
1,6,7,11,12,20,85,106,103,105,101,68,11,63,102,104,105,98,44,12,9,0,0,0
0,5,7,4,5,13,89,67,102,105,103,102,11,66,83,91,101,75,13,9,0,12,7,12
0,0,6,7,6,12,60,102,101,79,81,65,14,24,63,74,46,12,7,8,5,8,11,4
0,0,3,2,2,3,12,63,100,102,78,59,32,14,32,18,11,11,0,3,5,9,5,4
8,4,11,8,10,12,13,47,61,71,74,55,27,13,28,13,12,4,4,6,6,10,9,5
0,0,0,1,0,3,0,50,61,73,103,70,44,7,11,6,10,10,7,0,0,0,8,0
2,0,0,0,3,0,0,53,66,65,64,54,9,6,11,3,0,1,4,3,3,1,0,3
0,0,0,0,3,0,5,52,62,63,53,51,3,6,12,8,1,1,1,5,4,0,0,4
0,0,0,0,8,0,6,46,60,58,55,31,8,7,13,10,5,2,4,3,9,0,0,0
3,0,0,0,0,0,0,44,59,60,59,27,12,11,11,8,6,7,3,4,2,0,0,0
0,0,0,0,0,1,2,13,61,58,58,33,14,14,12,9,6,5,8,3,11,9,0,0
0,0,0,0,2,7,0,11,50,54,52,43,14,12,13,6,4,0,1,6,9,4,7,0
0,1,0,0,0,4,2,12,57,55,53,30,25,12,7,12,6,3,11,5,4,6,7,0
0,4,0,0,6,0,2,7,58,60,40,40,9,14,13,11,12,5,10,7,8,0,0,3
1,0,0,0,0,0,2,16,50,58,51,14,14,33,15,8,12,9,5,8,6,0,0,0
0,3,0,2,11,11,11,14,52,59,55,50,51,31,14,14,0,0,7,2,12,11,11,11
0,4,0,1,12,12,10,15,50,84,71,54,53,15,13,2,7,11,9,4,9,15,8,2
0,0,3,7,10,11,13,26,57,158,177,86,60,25,13,11,0,10,5,11,10,2,9,6

0,0,0,0,0,1,0,6,14,59,64,65,24,6,0,1,0,0,0,0,0,0,0,0
5,0,0,0,0,0,9,12,73,96,126,108,62,12,0,0,0,0,0,0,0,0,0,0
1,0,0,0,0,0,0,7,17,107,121,113,100,13,0,0,0,0,0,0,0,0,0,0
0,0,0,0,0,0,0,0,0,52,101,80,62,1,0,0,0,0,3,0,0,0,0,0
0,0,0,0,0,0,0,0,0,4,10,10,57,9,0,1,6,0,0,0,0,0,0,0
0,0,0,0,1,0,11,20,58,56,69,84,79,66,75,48,51,21,0,0,0,0,0,0
1,0,0,7,6,24,59,72,85,96,103,110,112,108,120,96,68,74,9,3,0,0,0,0
0,0,0,0,55,67,89,97,98,106,113,112,100,115,132,125,94,78,63,54,6,0,0,5
0,0,0,12,62,71,76,88,125,133,128,130,148,150,175,148,112,86,77,64,51,4,0,0
0,0,1,53,57,68,75,101,147,140,145,167,178,188,202,166,123,84,54,56,13,11,6,0
0,0,14,52,54,61,69,115,140,150,167,163,183,203,181,149,96,84,53,60,58,12,4,0
0,7,54,63,53,50,59,106,136,157,172,161,163,208,186,146,109,64,8,41,57,38,6,0
0,26,75,77,17,32,59,100,124,148,155,163,174,176,175,137,118,38,20,52,56,56,14,3
0,50,102,78,9,25,69,107,112,129,143,141,147,156,148,135,108,55,27,62,100,101,51,3
9,77,116,77,7,8,54,101,86,84,109,115,131,144,139,124,103,38,9,24,77,103,47,0
4,16,61,12,0,0,52,100,95,76,89,86,128,130,125,108,82,36,11,8,15,35,20,13
12,14,8,3,2,6,49,101,72,79,93,77,105,89,82,82,68,52,2,7,10,6,15,1
5,2,11,18,23,28,44,62,66,74,105,103,85,98,98,87,75,38,23,31,13,15,13,10
0,0,4,6,6,14,77,103,87,117,141,158,155,109,117,140,129,75,59,23,13,10,5,2
2,3,9,8,10,59,62,117,130,143,149,176,183,180,188,186,160,127,112,60,11,11,2,7
6,11,11,12,17,51,115,134,143,171,223,226,226,238,223,194,165,142,117,70,25,9,5,11
0,0,6,13,40,73,116,146,190,227,249,258,280,256,271,218,194,149,101,47,30,17,8,4
3,10,18,25,24,53,114,140,172,202,233,202,202,212,196,197,176,144,83,56,31,5,5,1
0,3,9,13,41,89,118,139,156,155,158,138,149,176,170,170,153,130,98,75,13,11,5,0
2,9,6,11,43,87,103,124,135,132,123,111,112,120,141,162,139,109,101,51,19,10,2,13
7,10,12,11,12,81,104,119,107,105,101,52,14,101,108,113,108,107,100,14,14,1,2,3
1,6,7,11,12,23,89,106,103,105,101,67,11,63,102,105,108,100,51,12,9,0,0,0
0,5,7,4,6,14,90,66,102,104,103,102,11,67,86,95,103,82,14,9,0,12,8,12
0,0,6,8,6,12,60,102,100,78,80,64,13,25,67,86,60,13,9,8,5,8,11,4
0,0,3,3,2,3,12,62,100,102,77,58,28,18,36,27,21,12,0,3,5,9,5,5
8,4,11,8,10,12,13,45,61,70,73,54,26,12,29,13,11,6,4,6,5,10,9,5
0,0,0,1,0,3,0,47,60,71,102,69,35,7,11,6,10,10,7,0,0,0,8,0
2,0,0,0,3,0,0,51,64,64,63,53,8,6,12,3,0,1,4,3,3,1,0,3
0,0,0,0,3,0,4,52,61,62,52,50,2,5,12,8,2,1,1,5,3,0,0,4
0,0,0,0,8,0,5,42,59,58,55,30,9,7,13,10,4,2,4,3,9,0,0,0
3,0,0,0,0,0,0,41,58,59,59,27,12,11,11,9,6,7,3,4,2,0,0,0
0,0,0,0,0,1,2,12,60,57,58,35,14,14,12,9,6,4,8,3,11,8,0,0
0,0,0,0,2,8,0,11,50,53,52,44,14,12,12,5,4,0,0,5,9,4,7,0
0,1,0,0,0,3,2,12,56,55,53,30,25,12,7,12,6,4,10,5,4,6,6,0
0,4,0,0,6,0,1,6,58,60,40,40,9,14,13,11,11,5,10,6,7,0,0,2
1,0,0,0,0,0,2,16,50,58,51,14,14,33,18,8,12,9,5,8,6,0,0,0
0,3,0,2,11,11,11,14,53,59,55,50,51,34,14,14,0,0,7,2,12,11,11,11
0,4,0,1,12,12,10,15,50,84,71,54,53,16,13,3,8,11,9,5,9,16,8,2
0,0,3,7,11,11,13,27,58,163,177,86,60,24,13,11,0,11,6,11,10,2,9,6

0,0,0,0,0,1,0,6,14,58,64,66,38,7,0,2,0,0,0,0,0,0,0,0
5,0,0,0,0,0,9,11,70,94,127,110,63,13,0,0,0,0,0,0,0,0,0,0
1,0,0,0,0,0,0,7,16,106,122,114,101,13,0,0,0,0,0,0,0,0,0,0
0,0,0,0,0,0,0,0,0,52,101,82,63,2,0,0,0,0,3,0,0,0,0,0
0,0,0,0,0,0,0,0,0,4,9,10,57,9,0,1,6,0,0,0,0,0,0,0
0,0,0,0,0,0,9,14,56,54,68,83,78,65,75,48,52,24,0,0,0,0,0,0
0,0,0,6,6,15,56,69,81,95,102,109,111,107,120,97,68,77,10,3,0,0,0,0
0,0,0,0,33,60,86,96,95,106,113,112,99,113,131,125,94,79,64,55,6,0,0,5
0,0,0,10,61,69,76,91,129,134,129,130,147,149,172,148,112,86,78,64,51,5,0,0
0,0,0,51,57,67,76,107,171,144,146,168,177,187,199,166,123,84,54,57,14,12,6,0
0,0,14,52,54,61,69,117,145,153,170,166,185,204,181,149,96,84,53,60,59,12,4,0
0,7,53,63,53,50,59,107,137,160,175,164,165,209,186,146,109,64,8,42,57,39,6,0
0,27,75,76,14,25,60,100,124,148,157,164,173,175,174,136,118,38,20,54,56,57,15,2
0,51,102,78,9,21,69,107,112,129,143,142,147,155,147,135,107,54,25,61,100,101,51,3
9,78,114,74,7,7,53,101,86,84,109,115,131,144,138,123,102,36,8,21,72,100,45,0
4,14,59,10,0,0,52,100,94,76,88,85,127,129,124,107,81,30,10,8,14,32,17,13
12,14,8,3,2,6,47,101,72,78,93,76,104,89,81,81,67,51,1,7,10,6,14,0
5,2,11,18,22,28,44,62,66,74,105,102,84,97,96,85,74,38,22,31,13,14,12,10
0,0,5,6,6,14,77,103,87,117,141,158,155,108,116,139,128,74,59,23,13,9,4,1
2,3,9,8,9,59,62,117,130,143,149,176,182,178,186,185,160,127,112,59,11,12,7,8
6,11,11,13,17,51,115,134,143,170,221,222,223,235,222,194,165,142,117,71,22,11,10,11
0,0,6,13,40,72,116,146,189,226,247,255,278,254,270,217,195,152,102,48,30,17,9,4
3,10,18,25,24,52,114,140,172,201,232,202,202,211,196,198,180,148,85,59,32,5,5,1
0,3,9,13,43,89,118,139,155,154,157,138,149,176,171,172,158,133,100,77,13,11,5,0
3,9,6,11,44,86,103,124,134,132,123,111,112,120,142,164,142,112,102,53,21,10,2,13
7,9,12,11,12,80,104,119,107,105,101,53,16,101,108,114,109,108,100,15,14,1,2,3
1,6,7,11,12,24,89,106,103,105,101,67,11,64,102,105,109,100,55,13,9,0,0,0
0,5,7,3,5,14,90,66,102,104,103,102,12,67,88,96,103,88,16,9,0,12,8,12
0,0,6,8,6,12,60,102,100,78,80,64,13,27,68,88,71,14,10,8,5,8,11,4
0,0,3,3,2,3,12,62,100,101,77,58,27,21,38,31,22,12,0,4,5,9,5,5
8,4,11,8,10,12,13,45,60,70,72,54,25,12,30,13,12,6,4,6,5,10,9,5
0,0,0,1,0,3,0,45,60,72,102,69,30,8,11,6,10,10,8,0,0,0,8,0
2,0,0,0,3,0,0,51,64,63,62,53,8,6,12,4,0,1,4,3,3,0,0,3
0,0,0,0,3,0,4,52,61,62,52,50,1,5,12,9,2,2,1,5,3,0,0,4
0,0,0,0,8,0,4,42,59,57,55,27,8,6,13,10,5,2,3,3,9,0,0,0
3,0,0,0,0,0,0,42,58,59,59,25,12,11,11,9,6,7,2,4,2,0,0,0
0,0,0,0,0,1,2,12,60,57,58,34,14,14,12,9,5,3,7,3,11,8,0,0
0,0,0,0,2,8,0,11,50,53,52,44,14,12,12,4,4,0,0,4,9,4,7,0
0,1,0,0,0,3,3,12,57,55,53,29,24,12,7,12,6,3,10,5,4,6,6,0
0,5,0,0,6,0,1,7,58,60,40,40,9,14,13,11,11,5,10,6,7,0,0,2
1,0,0,0,0,0,2,16,50,58,51,14,14,33,16,9,12,9,5,8,6,0,0,0
0,3,0,2,11,11,11,14,53,59,55,51,51,31,14,14,0,0,8,2,12,11,11,11
0,4,0,1,12,12,10,17,50,85,71,54,53,18,13,3,8,11,10,5,9,15,8,2
0,0,3,8,11,11,13,26,58,166,176,86,60,25,13,11,0,11,6,11,10,2,9,6

0,0,0,0,0,1,0,6,14,57,63,66,46,8,0,3,0,0,0,0,0,0,0,0
5,0,0,0,0,0,9,11,71,94,132,118,66,14,0,0,0,0,0,0,0,0,0,0
1,0,0,0,0,0,0,7,34,107,128,121,102,16,1,0,0,0,0,0,0,0,0,0
0,0,0,0,0,0,0,0,0,54,102,88,67,4,0,0,0,0,1,0,0,0,0,0
0,0,0,0,0,0,0,0,0,4,9,10,61,9,0,0,4,0,0,0,0,0,0,0
0,0,0,0,1,0,10,17,56,54,68,82,78,64,75,50,52,23,0,0,0,0,0,0
1,0,0,6,5,22,58,71,83,95,102,109,110,107,120,97,69,78,11,3,0,0,0,0
0,0,0,0,52,65,88,97,97,105,112,111,99,113,130,125,95,79,64,55,6,0,0,4
0,0,0,11,62,70,76,88,126,132,128,129,147,148,171,147,112,86,78,64,51,5,0,0
0,0,1,52,57,67,75,101,149,140,144,166,175,186,198,164,123,84,54,57,14,12,6,0
0,0,14,52,54,60,69,115,139,149,166,162,182,201,179,148,95,84,53,60,59,12,4,0
0,7,54,63,53,50,59,106,135,156,171,160,161,205,184,145,108,64,8,42,57,41,7,0
0,28,77,77,17,31,59,100,124,147,155,162,172,174,172,136,117,38,20,54,56,57,16,3
0,52,102,78,9,24,69,107,112,129,143,141,147,155,147,134,107,54,24,61,99,101,51,3
9,77,114,73,7,7,53,101,86,84,110,116,132,145,139,123,102,36,8,21,71,100,45,0
3,14,58,9,0,0,52,100,95,77,89,86,128,130,125,107,82,33,10,8,14,32,17,13
12,14,8,3,2,6,49,101,72,79,94,77,105,89,81,82,67,51,1,7,10,6,15,1
5,2,10,17,23,28,44,62,67,74,105,103,85,97,96,85,74,38,23,31,13,14,12,10
0,0,4,6,6,14,77,103,87,117,141,158,155,108,117,139,128,73,59,23,13,9,4,1
3,3,9,8,9,60,62,117,130,143,149,176,182,178,187,186,160,127,112,60,11,12,7,8
6,11,11,13,17,51,115,133,143,171,221,221,222,236,222,194,166,142,118,71,22,12,10,11
0,0,7,13,40,72,116,146,189,226,247,254,278,254,271,218,196,153,103,48,30,17,9,4
2,10,18,25,24,53,114,140,172,201,232,203,203,212,196,198,181,149,86,59,32,6,5,1
0,3,9,13,43,90,118,139,155,155,158,139,150,176,172,173,160,134,100,78,13,11,5,0
3,9,6,11,44,85,103,124,135,132,123,111,113,120,142,165,143,113,102,54,22,10,2,13
7,10,12,11,12,81,104,119,107,105,101,55,17,101,109,114,109,109,100,17,14,1,2,3
1,6,7,11,12,24,89,106,103,105,101,66,12,66,103,105,110,101,56,13,9,0,0,0
0,5,7,4,5,14,90,66,102,104,103,102,12,69,87,97,103,91,19,9,0,13,8,12
0,0,6,8,6,12,60,102,100,78,80,64,13,27,70,89,74,14,10,8,5,8,11,4
0,0,3,3,2,3,12,62,100,101,77,58,27,22,39,32,22,13,0,4,5,9,5,5
8,4,11,8,10,12,13,45,61,70,72,54,25,13,31,14,12,6,4,6,5,10,9,5
0,0,0,1,0,3,0,47,60,72,102,69,29,8,11,6,10,10,7,0,0,0,8,0
2,0,0,0,3,0,0,51,64,63,63,53,8,6,12,4,0,1,4,3,3,0,0,3
0,0,0,0,3,0,4,52,60,62,52,50,1,5,12,8,2,2,1,5,4,0,0,4
0,0,0,0,8,0,5,42,59,57,55,29,8,6,13,10,5,3,3,3,9,0,0,0
3,0,0,0,0,0,0,42,58,59,59,25,12,11,11,9,6,7,2,4,2,0,0,0
0,0,0,0,0,1,2,13,60,57,58,33,14,14,12,9,5,3,7,3,10,8,0,0
0,0,0,0,2,8,0,11,50,53,52,44,14,12,12,4,4,0,0,4,9,4,7,0
0,1,0,0,0,3,3,12,57,55,53,29,24,12,7,12,6,3,10,5,4,6,6,0
0,5,0,0,6,0,2,7,58,60,40,40,9,14,13,11,11,4,10,6,7,0,0,2
1,0,0,0,0,0,3,17,50,58,51,14,14,33,15,9,12,9,5,8,6,0,0,0
0,3,0,2,11,11,12,14,53,59,55,51,51,35,14,14,0,0,8,2,12,11,11,11
0,4,0,1,12,12,10,17,50,85,71,54,53,17,13,4,8,11,10,5,9,15,8,2
0,0,3,8,11,11,13,27,58,167,176,86,60,25,13,11,0,11,6,11,10,2,9,6

0,0,0,0,0,1,0,6,14,57,63,67,50,8,0,3,0,0,0,0,0,0,0,0
5,0,0,0,0,0,9,11,70,93,132,118,67,15,0,0,0,0,0,0,0,0,0,0
1,0,0,0,0,0,0,7,34,107,127,121,102,20,1,0,0,0,0,0,0,0,0,0
0,0,0,0,0,0,0,0,0,54,102,89,68,4,0,0,0,0,1,0,0,0,0,0
0,0,0,0,0,0,0,0,0,4,10,10,61,9,0,0,4,0,0,0,0,0,0,0
0,0,0,0,1,0,10,19,57,55,68,82,79,65,76,50,53,25,0,0,0,0,0,0
1,0,0,6,5,24,59,72,84,96,102,110,111,108,120,98,69,79,11,4,0,0,0,0
0,0,0,0,53,66,88,97,98,106,113,112,100,115,131,126,95,80,64,56,6,0,0,4
0,0,0,12,62,70,76,88,126,133,128,131,148,149,171,147,112,86,78,64,51,5,0,0
0,0,1,52,57,67,74,100,147,139,145,167,176,186,198,163,122,84,54,57,14,12,6,0
0,0,14,52,54,60,68,114,137,148,165,161,181,200,177,147,95,83,53,60,59,12,4,0
0,7,54,63,53,50,59,106,135,155,170,158,160,203,183,144,108,63,8,42,57,41,7,0
0,26,76,76,17,33,59,100,123,147,154,161,171,173,172,135,117,37,20,54,56,57,15,3
0,51,101,77,9,23,68,107,112,129,143,141,147,155,147,134,107,54,20,60,99,101,50,3
8,73,112,74,7,7,53,101,86,84,110,116,132,145,138,123,102,36,8,20,71,99,44,0
3,13,57,9,0,0,52,100,95,77,89,86,129,130,125,108,82,34,10,8,14,30,17,12
12,14,7,2,1,6,50,101,72,79,94,77,105,90,81,82,67,50,1,7,10,5,14,0
5,2,10,16,23,28,44,62,66,74,106,103,85,98,97,86,73,37,23,31,13,14,12,10
0,0,4,6,6,14,77,103,87,117,141,158,155,109,117,139,128,73,59,23,13,9,4,1
3,3,9,8,9,59,62,117,130,143,149,176,182,179,187,186,160,127,112,59,11,12,7,8
6,11,11,13,17,51,115,134,143,171,221,221,222,236,223,194,166,142,118,71,22,12,10,12
0,0,7,13,40,72,116,146,189,227,247,254,278,255,271,218,196,154,103,48,30,17,9,4
2,10,18,25,24,52,114,140,172,201,233,204,203,212,197,198,182,150,87,60,32,6,5,2
0,3,9,13,44,91,118,139,156,155,159,139,150,177,173,174,161,135,100,79,13,11,5,0
3,9,6,11,44,87,103,124,135,132,123,111,113,121,143,166,144,113,102,53,22,10,3,13
7,10,12,11,12,80,104,119,107,105,101,55,19,101,109,114,109,109,100,17,14,1,2,3
1,6,7,11,12,25,89,106,103,105,101,65,12,66,103,105,110,101,55,13,10,0,0,0
0,5,7,4,5,14,90,66,102,104,103,102,12,69,88,97,103,91,19,9,0,13,8,12
0,0,6,8,6,12,61,102,100,78,80,64,13,30,70,89,75,14,10,8,5,8,11,4
0,0,3,3,2,3,12,62,100,101,77,58,27,22,39,32,21,13,0,4,5,9,5,5
8,4,11,8,10,12,13,45,60,70,72,54,25,13,31,14,12,6,4,6,5,10,10,5
0,0,0,1,0,3,0,47,60,72,102,69,27,8,11,6,10,10,7,0,0,0,8,0
2,0,0,0,3,0,0,51,64,63,62,53,8,6,12,4,0,1,4,3,3,1,0,3
0,0,0,0,3,0,4,51,60,62,52,50,1,5,12,8,2,1,1,5,4,0,0,4
0,0,0,0,8,0,4,43,59,57,55,28,8,6,12,10,4,3,4,3,9,0,0,0
3,0,0,0,0,0,0,43,58,59,59,25,12,11,11,9,6,7,2,4,2,0,0,0
0,0,0,0,0,1,2,13,60,57,58,32,14,14,12,9,5,3,7,3,10,8,0,0
0,0,0,0,2,8,0,11,50,53,52,43,14,13,11,3,4,0,0,4,9,4,7,0
0,1,0,0,0,3,3,12,57,55,53,29,24,12,7,12,6,3,10,5,4,6,6,0
0,5,0,0,6,0,2,7,59,60,39,40,9,14,13,11,11,4,10,6,6,0,0,2
1,0,0,0,0,0,3,17,50,58,51,14,14,32,15,9,12,9,5,8,6,0,0,0
0,3,0,2,11,11,12,14,53,59,55,51,51,36,14,14,0,0,8,2,12,11,11,11
1,4,0,1,12,12,10,17,50,85,71,54,53,17,13,4,8,11,10,5,9,16,8,2
0,0,3,8,11,11,13,27,58,168,177,86,60,26,13,11,0,11,6,11,10,2,9,6

0,0,0,0,0,2,0,6,14,57,64,68,51,8,0,3,0,0,0,0,0,0,0,0
5,0,0,0,0,0,9,11,70,93,133,120,68,17,1,0,0,0,0,0,0,0,0,0
1,0,0,0,0,0,0,7,31,106,127,121,102,22,1,0,0,0,0,0,0,0,0,0
0,0,0,0,0,0,0,0,0,53,102,88,69,5,0,0,0,0,1,0,0,0,0,0
0,0,0,0,0,0,0,0,0,4,10,10,61,10,0,0,4,0,0,0,0,0,0,0
0,0,0,0,1,0,10,18,56,55,68,82,79,65,75,50,52,24,0,0,0,0,0,0
1,0,0,6,5,23,59,71,84,95,102,109,110,107,120,98,69,79,11,4,0,0,0,0
0,0,0,0,53,66,88,97,97,105,112,111,99,113,130,125,95,79,64,56,6,0,0,4
0,0,0,11,62,70,76,87,125,132,127,129,147,148,170,146,112,86,78,64,51,5,0,0
0,0,1,52,57,67,74,100,147,139,144,166,175,185,196,163,122,84,54,57,14,12,7,0
0,0,14,52,54,60,68,114,138,148,166,161,181,199,178,147,95,84,53,60,59,13,5,0
0,7,54,63,53,50,59,106,135,156,172,160,161,204,183,145,108,63,8,43,57,43,7,0
0,28,77,77,17,33,59,100,123,147,156,162,172,174,173,136,117,38,20,54,56,58,17,3
0,52,102,78,9,25,69,107,112,129,143,141,147,155,147,135,107,55,24,60,100,101,51,3
9,76,113,74,7,7,53,101,86,84,110,115,131,144,138,123,102,36,8,21,71,100,46,0
3,14,58,9,0,0,52,100,95,76,89,86,127,130,125,107,82,34,10,8,14,30,17,13
12,14,8,3,2,6,50,101,72,79,94,77,105,89,81,82,67,51,1,7,10,6,14,0
5,2,10,17,22,28,44,62,66,74,105,103,84,97,96,85,73,37,23,31,13,14,12,10
0,0,4,6,6,14,77,103,87,117,141,158,154,108,116,138,128,73,59,23,13,9,4,1
2,3,9,8,9,60,62,117,130,143,149,176,182,178,186,185,160,127,112,61,11,12,7,8
6,11,11,13,17,51,115,134,143,170,221,221,221,235,222,194,166,142,118,71,22,12,10,12
0,0,6,13,40,72,117,146,189,226,247,254,277,254,270,217,196,154,103,48,30,17,9,5
3,10,18,25,24,53,115,140,172,202,233,204,204,212,196,199,182,151,87,60,32,7,5,2
0,3,9,13,45,91,118,139,156,155,159,139,150,177,172,174,162,135,100,79,13,11,5,0
3,9,6,11,47,87,103,124,135,132,123,111,113,121,143,166,144,114,102,53,22,10,3,13
7,10,12,11,12,81,104,119,107,105,101,55,20,101,108,114,109,109,100,18,14,2,2,3
1,6,7,11,12,25,90,106,103,105,101,66,12,67,103,105,110,100,55,13,9,0,0,0
0,5,7,4,6,14,90,66,102,104,103,102,12,69,87,97,103,90,17,9,0,13,8,12
0,0,6,8,6,12,60,102,100,78,80,64,13,30,70,88,73,14,10,8,5,9,11,4
0,0,3,3,2,3,12,62,100,101,76,58,26,23,39,32,20,13,0,4,5,10,5,5
8,4,11,8,10,12,13,46,61,70,72,54,25,13,31,14,12,6,5,6,5,10,10,5
0,0,0,1,0,3,0,48,60,71,102,69,25,8,11,6,10,10,7,0,0,0,8,0
2,0,0,0,3,0,0,51,64,63,62,53,7,6,12,4,0,1,4,3,3,1,0,3
0,0,0,0,3,0,4,52,60,62,52,50,0,4,12,8,2,1,1,5,4,0,0,4
0,0,0,0,8,0,5,43,59,57,55,27,8,6,12,10,5,3,4,3,9,0,0,0
3,0,0,0,0,0,0,43,58,59,58,25,12,11,11,9,6,7,2,4,2,0,0,0
0,0,0,0,0,1,2,13,60,57,58,33,14,14,12,9,5,3,7,3,11,8,0,0
0,0,0,0,2,8,0,12,50,53,52,43,14,12,11,3,4,0,0,4,9,4,7,0
0,1,0,0,0,3,3,12,57,55,53,30,24,12,6,12,6,3,10,5,4,6,6,0
0,5,0,0,6,0,1,7,59,60,39,39,10,15,13,10,11,4,10,6,7,0,0,2
1,0,0,0,0,0,3,18,50,58,51,14,14,31,15,9,13,9,5,8,6,0,0,0
0,3,0,2,11,11,12,14,53,59,55,51,51,34,14,14,0,0,8,2,12,11,11,11
1,4,0,2,13,12,10,16,50,85,71,54,53,18,13,4,8,11,10,5,9,16,8,2
0,0,3,8,11,11,13,27,58,165,174,85,60,25,13,11,0,11,6,11,10,2,9,6

0,0,0,0,0,2,0,6,14,57,64,68,52,9,0,4,0,0,0,0,0,0,0,0
5,0,0,0,0,0,9,11,70,92,133,121,69,20,1,0,0,0,0,0,0,0,0,0
1,0,0,0,0,0,0,7,31,106,127,122,102,23,1,0,0,0,0,0,0,0,0,0
0,0,0,0,0,0,0,0,0,52,102,89,69,5,0,0,0,0,1,0,0,0,0,0
0,0,0,0,0,0,0,0,0,4,10,10,62,10,0,0,4,0,0,0,0,0,0,0
0,0,0,0,1,0,10,18,56,55,68,82,79,65,75,50,52,23,0,0,0,0,0,0
1,0,0,6,5,23,58,71,83,95,102,109,110,107,120,98,69,79,11,4,0,0,0,0
0,0,0,0,53,66,88,97,97,105,112,111,98,113,130,125,95,80,64,56,6,0,0,4
0,0,0,12,62,70,76,87,125,132,127,129,146,148,170,147,112,86,78,65,51,5,0,0
0,0,1,52,57,67,74,100,147,139,144,166,175,185,197,164,123,84,55,57,14,12,7,0
0,0,14,52,54,60,69,114,138,148,165,161,181,200,178,148,95,84,53,60,59,13,5,0
0,7,55,63,53,50,59,106,135,156,172,160,162,204,184,145,108,64,8,43,57,44,7,0
0,28,77,77,18,33,59,100,124,147,155,162,172,174,172,136,117,38,20,54,56,58,19,3
0,52,102,78,9,25,68,107,112,129,143,141,146,154,146,134,107,54,25,61,100,102,53,3
9,77,114,74,7,8,54,101,86,84,110,115,131,144,138,123,102,36,8,21,70,101,49,0
3,14,58,9,0,0,52,100,95,76,88,86,127,129,124,107,81,33,10,8,14,31,17,13
12,14,8,3,2,6,49,101,72,78,93,77,104,89,80,81,67,50,1,7,10,6,14,1
5,2,10,17,23,28,44,62,66,73,105,102,84,96,96,84,73,37,23,31,13,15,12,10
0,0,4,6,6,14,78,103,87,116,140,157,153,108,116,138,128,73,59,23,13,9,4,1
2,3,9,8,9,60,62,117,130,143,149,175,181,177,185,185,159,127,112,60,11,12,7,8
6,11,11,13,17,51,115,134,143,170,220,220,221,235,222,194,165,142,117,71,21,12,10,11
0,0,6,13,40,72,116,146,189,226,247,254,277,254,271,218,196,155,103,48,30,17,9,5
2,10,18,25,24,52,114,140,172,201,233,204,204,212,197,199,183,152,87,60,33,7,5,2
0,3,9,13,45,90,118,139,156,155,159,140,151,177,173,175,163,136,101,78,13,11,5,0
2,9,7,11,45,87,103,124,135,132,123,112,113,121,143,166,145,114,103,53,23,10,3,13
7,10,12,11,12,81,104,119,107,105,101,56,20,101,109,114,110,109,101,18,15,2,2,3
1,6,7,11,12,25,90,106,103,105,101,66,12,66,103,105,110,101,56,13,10,0,0,0
0,5,7,4,5,14,90,66,102,104,103,102,12,70,88,97,103,93,20,9,0,13,8,12
0,0,6,8,6,12,60,102,100,78,80,64,13,30,71,89,74,14,11,9,5,8,11,4
0,0,3,3,2,3,12,62,100,101,76,58,26,24,39,32,21,14,0,4,5,10,5,5
8,4,11,8,10,12,13,45,60,70,72,54,25,13,32,14,12,7,5,6,5,10,10,5
0,0,0,1,0,3,0,50,60,71,102,69,28,8,11,6,10,10,8,0,0,0,8,0
2,0,0,0,3,0,0,51,64,63,62,53,7,6,12,4,0,1,4,3,3,1,0,3
0,0,0,0,3,0,4,52,60,61,52,50,1,5,12,8,2,1,1,5,4,0,0,4
0,0,0,0,8,0,5,43,59,57,55,28,8,6,12,10,5,3,4,3,9,0,0,0
3,0,0,0,0,0,0,44,58,59,58,25,12,11,11,9,6,7,2,4,2,0,0,0
0,0,0,0,1,2,3,13,60,57,58,33,14,14,12,9,5,3,7,3,10,8,0,0
0,0,0,0,2,8,0,12,50,53,52,43,14,13,11,2,4,0,0,4,9,4,7,0
0,1,0,0,0,3,3,12,57,55,53,29,24,12,7,12,6,3,10,5,4,6,6,0
0,5,0,0,6,0,2,7,59,60,39,40,10,18,13,10,11,4,10,6,7,0,0,2
1,0,0,0,0,0,3,19,50,58,51,15,14,31,15,9,13,9,5,8,6,0,0,0
0,3,0,2,11,11,12,14,53,59,55,51,51,34,14,14,0,0,8,2,12,11,11,11
1,4,0,2,12,12,10,16,50,85,71,54,53,17,13,4,8,11,10,5,9,16,8,2
0,0,3,8,11,11,13,26,58,165,174,85,60,25,13,11,0,11,6,11,10,2,9,6

0,0,0,0,0,2,0,7,14,57,64,69,53,9,0,4,0,0,0,0,0,0,0,0
5,0,0,0,0,0,9,11,69,92,133,121,70,24,1,0,0,0,0,0,0,0,0,0
1,0,0,0,0,0,0,6,31,106,127,122,102,27,1,0,0,0,0,0,0,0,0,0
0,0,0,0,0,0,0,0,0,52,102,90,69,5,0,0,0,0,1,0,0,0,0,0
0,0,0,0,0,0,0,0,0,4,10,10,62,9,0,0,3,0,0,0,0,0,0,0
0,0,0,0,1,0,10,17,56,54,68,82,78,64,75,50,52,22,0,0,0,0,0,0
1,0,0,6,5,22,58,71,84,95,101,109,110,107,120,97,69,79,11,4,0,0,0,0
0,0,0,0,53,66,88,97,97,105,112,111,98,113,130,125,95,80,65,56,7,0,0,4
0,0,0,11,62,70,76,87,125,132,127,129,146,148,170,147,112,86,78,65,51,5,0,0
0,0,1,52,57,67,75,101,148,139,144,166,175,185,198,165,123,84,55,57,14,12,7,0
0,0,14,52,54,60,69,115,139,149,166,162,182,201,180,148,95,84,53,60,60,13,5,0
0,7,54,63,53,50,59,106,135,157,172,161,162,206,184,145,108,64,8,43,57,44,7,0
0,30,77,77,19,33,60,100,124,147,155,162,172,174,173,136,117,38,20,54,56,59,20,3
0,52,102,78,9,27,69,107,112,129,143,141,146,154,146,134,107,54,24,61,100,102,53,3
9,78,115,74,7,8,54,101,85,84,109,115,130,143,137,123,102,36,8,23,71,101,49,0
3,14,58,9,0,0,52,100,94,76,88,85,127,129,123,107,81,32,10,8,14,31,17,13
12,14,8,3,2,6,49,101,72,78,93,77,104,88,80,81,67,50,1,7,10,6,14,1
5,2,11,18,23,28,44,62,66,73,105,102,83,96,95,84,73,38,23,31,13,15,13,10
0,0,4,6,6,14,77,103,87,116,140,156,153,107,116,138,127,73,59,23,13,9,4,1
2,3,9,8,9,59,62,117,129,142,149,175,181,177,185,184,159,127,112,60,11,12,7,8
6,11,11,13,17,51,115,134,143,170,220,220,221,234,221,193,165,142,118,71,21,12,10,12
0,0,6,13,40,72,116,146,189,226,247,253,276,254,270,218,197,155,103,48,30,17,9,5
2,10,18,25,24,53,114,140,172,201,233,203,203,212,197,199,183,153,87,60,33,7,5,2
0,3,9,13,45,90,118,139,156,155,159,140,151,177,174,176,163,136,101,80,13,11,5,0
3,9,7,11,45,86,103,124,135,132,123,112,113,121,143,167,145,115,103,54,23,11,3,13
7,10,12,11,12,81,104,119,107,105,101,57,22,101,109,114,110,109,101,18,15,2,2,3
1,6,7,11,12,27,89,106,103,105,101,66,12,67,103,105,110,101,56,13,10,0,0,0
0,5,7,4,5,14,91,66,102,104,103,102,12,70,88,97,103,92,20,9,0,13,8,12
0,0,6,8,6,12,61,102,100,78,80,63,13,32,72,89,76,14,11,9,5,9,11,4
0,0,3,3,3,3,12,62,100,101,76,58,26,25,40,33,20,14,0,4,5,10,5,5
8,4,11,8,10,11,13,45,61,70,72,54,25,13,32,14,12,7,5,6,6,10,10,5
0,0,0,1,0,3,0,48,60,72,102,69,27,9,11,6,10,10,7,0,0,0,8,0
2,0,0,0,3,0,0,51,64,63,62,53,7,6,12,4,0,1,4,3,3,1,0,3
0,0,0,0,3,0,4,52,60,62,52,50,1,5,12,9,2,2,1,5,4,0,0,4
0,0,0,0,8,0,5,44,59,57,55,29,8,6,12,10,5,3,4,3,9,0,0,0
3,0,0,0,0,0,0,43,58,59,58,25,12,11,11,9,6,7,2,4,2,0,0,0
0,0,0,0,1,2,3,13,60,57,58,34,14,14,12,9,5,3,7,3,10,8,0,0
0,0,0,0,3,8,0,12,50,53,52,43,14,13,11,2,4,0,0,4,9,4,7,0
0,1,0,0,0,3,3,12,57,55,53,29,25,12,7,12,6,3,10,5,4,6,6,0
0,5,0,0,6,0,2,7,59,60,39,40,10,18,13,11,11,4,10,6,6,0,0,2
1,0,0,0,0,0,3,18,50,58,51,16,14,31,15,9,13,9,5,8,6,0,0,0
0,3,1,2,11,11,12,14,53,59,55,51,51,33,14,14,0,1,8,2,12,11,11,11
1,4,0,1,12,12,10,17,50,85,71,54,53,18,13,4,8,11,10,5,9,16,8,2
0,0,3,8,11,11,13,26,58,165,174,85,60,25,13,11,0,11,6,11,10,2,9,6

0,0,0,0,0,2,0,6,14,57,64,69,53,9,0,4,0,0,0,0,0,0,0,0
5,0,0,0,0,0,9,11,68,91,133,122,70,24,1,0,0,0,0,0,0,0,0,0
1,0,0,0,0,0,0,6,30,106,127,123,102,27,2,0,0,0,0,0,0,0,0,0
0,0,0,0,0,0,0,0,0,52,102,90,70,5,0,0,0,0,1,0,0,0,0,0
0,0,0,0,0,0,0,0,0,4,9,10,62,10,0,0,3,0,0,0,0,0,0,0
0,0,0,0,1,0,9,17,56,54,67,81,78,64,75,50,52,22,0,0,0,0,0,0
1,0,0,6,5,22,58,71,83,95,101,108,110,107,120,97,69,79,11,4,0,0,0,0
0,0,0,0,53,66,88,96,96,105,111,111,98,113,130,125,95,80,65,56,7,0,0,4
0,0,0,11,62,70,76,87,125,132,127,129,146,148,170,147,113,86,78,65,51,5,0,0
0,0,1,52,57,67,75,101,148,139,144,166,176,186,199,166,124,84,55,57,14,12,7,0
0,0,15,52,54,60,69,115,139,149,166,163,182,202,180,148,96,84,53,60,60,13,5,0
0,8,54,63,53,50,59,106,135,157,172,161,162,206,185,145,108,64,8,44,58,45,7,0
0,31,77,77,19,32,59,100,123,147,155,163,171,174,173,135,117,38,21,54,56,59,21,3
0,53,102,78,9,25,69,107,112,129,142,141,146,153,146,134,107,54,25,61,100,102,53,3
9,79,116,74,7,8,53,101,85,84,109,115,130,143,137,122,102,35,8,22,71,102,50,0
3,14,58,9,0,0,52,100,94,76,88,85,126,128,123,106,81,33,10,8,14,31,18,13
12,14,8,3,2,6,48,101,72,78,93,77,104,88,80,80,67,50,1,7,10,6,15,1
5,2,11,18,22,28,44,62,66,73,104,102,83,95,95,83,73,37,23,31,13,15,13,10
0,0,4,6,6,14,77,103,87,116,140,156,153,107,115,137,127,73,59,23,13,9,4,1
2,3,9,7,9,59,62,117,129,142,148,175,181,177,184,184,159,127,112,61,11,12,7,8
6,11,11,13,17,51,115,133,143,170,220,220,221,234,221,193,165,142,118,71,21,12,10,11
0,0,6,13,40,71,116,146,189,226,246,253,276,253,270,218,197,155,104,49,30,17,9,5
2,10,18,25,25,53,114,140,172,201,233,204,203,212,197,199,183,153,88,60,33,7,5,2
0,3,9,13,45,90,118,139,156,155,159,140,151,177,174,176,164,137,101,79,13,11,5,0
2,9,7,11,45,86,103,124,135,132,123,112,113,121,143,167,146,115,103,54,23,11,3,13
7,10,12,11,12,80,104,119,107,105,101,57,22,101,109,114,110,109,101,20,16,2,2,3
1,6,7,11,12,27,89,106,104,105,101,66,12,67,103,105,110,101,56,13,10,0,0,0
0,5,7,4,5,14,91,66,102,104,103,102,12,70,88,97,103,93,22,9,0,13,8,12
0,0,6,8,6,12,60,101,100,78,80,63,13,32,72,89,76,14,11,9,5,9,11,4
0,0,3,3,3,3,12,62,100,101,76,58,27,25,40,33,20,14,0,4,5,10,5,5
8,4,11,8,10,12,13,45,61,70,72,54,25,13,32,14,12,7,5,6,5,10,10,5
0,0,0,1,0,3,0,50,60,72,102,69,26,9,11,6,10,10,7,0,0,0,8,0
2,0,0,0,3,0,0,51,64,63,62,53,8,6,12,4,0,1,4,4,3,1,0,3
0,0,0,0,3,0,4,52,60,62,52,50,1,6,12,9,2,2,1,5,4,0,0,4
0,0,0,0,8,0,6,44,59,57,55,29,8,7,12,10,5,3,4,3,9,0,0,0
3,0,0,0,0,0,0,44,58,59,58,27,12,11,11,9,6,7,2,4,2,0,0,0
0,0,0,0,0,2,3,13,60,57,58,34,14,14,12,9,6,3,7,3,11,8,0,0
0,0,0,0,2,8,0,12,50,53,52,44,14,13,11,2,4,0,0,4,9,4,7,0
0,1,0,0,0,3,3,12,57,55,53,30,25,12,7,12,6,3,10,5,4,6,6,0
0,5,0,0,6,0,2,7,59,60,39,40,10,19,13,10,11,4,10,6,6,0,0,2
1,0,0,0,0,0,3,18,50,58,51,15,14,31,15,9,12,9,5,8,6,0,0,0
0,3,0,2,11,11,12,14,53,59,55,51,51,33,14,14,0,1,8,2,12,11,11,11
1,4,0,1,12,12,10,16,50,85,71,54,53,18,13,4,8,11,10,5,9,16,8,2
0,0,3,8,11,11,13,26,58,165,174,85,60,26,13,11,0,11,6,11,10,2,9,6

0,0,0,0,0,2,0,6,14,57,64,69,53,9,0,4,0,0,0,0,0,0,0,0
5,0,0,0,0,0,9,11,69,91,133,122,71,26,2,0,0,0,0,0,0,0,0,0
1,0,0,0,0,0,0,7,29,105,127,123,102,27,2,0,0,0,0,0,0,0,0,0
0,0,0,0,0,0,0,0,0,52,102,91,70,6,0,0,0,0,1,0,0,0,0,0
0,0,0,0,0,0,0,0,0,4,10,10,62,10,0,0,3,0,0,0,0,0,0,0
0,0,0,0,1,0,9,17,56,54,67,81,78,64,75,50,52,22,0,0,0,0,0,0
1,0,0,6,5,22,58,71,83,94,101,108,109,107,119,97,69,79,11,4,0,0,0,0
0,0,0,0,53,66,88,97,96,104,111,111,98,113,129,125,95,80,65,56,7,0,0,4
0,0,0,11,62,70,76,87,125,131,127,129,146,148,170,147,112,86,78,65,51,5,0,0
0,0,1,52,57,67,75,101,148,139,144,166,175,185,199,166,123,84,55,58,14,12,7,0
0,0,15,52,54,60,69,115,139,149,166,162,182,202,180,148,96,84,53,60,60,13,5,0
0,7,54,64,53,50,59,106,135,157,172,161,163,206,185,145,108,64,8,44,58,45,7,0
0,33,77,78,19,32,60,100,124,147,155,163,172,174,173,135,118,38,21,54,56,59,21,3
0,53,102,79,10,27,69,107,112,129,143,141,146,153,146,134,107,54,27,61,100,102,54,3
9,78,116,74,7,8,54,101,85,84,109,115,130,143,137,122,102,35,8,23,71,102,51,0
3,14,59,10,0,0,52,100,94,76,88,85,126,128,123,106,81,31,10,8,14,31,18,13
12,14,8,3,2,6,48,101,72,78,92,77,104,87,79,80,67,50,1,7,10,6,15,1
5,2,11,18,23,28,44,62,66,73,104,102,83,95,94,83,72,37,23,31,13,15,13,10
0,0,4,6,6,14,77,102,86,116,140,156,152,107,115,137,127,73,59,23,13,9,4,1
2,3,9,8,9,60,62,117,129,142,148,175,180,177,184,184,159,127,112,61,11,12,7,8
6,11,11,13,17,51,114,133,143,170,220,220,221,234,221,193,165,142,118,71,21,12,10,11
0,0,7,13,40,72,116,146,189,226,246,253,276,254,270,218,197,155,104,48,30,17,9,5
2,10,18,25,24,53,114,140,172,202,233,203,203,212,197,199,183,153,88,61,33,7,5,2
0,3,9,13,45,90,118,139,156,155,159,140,151,178,174,176,164,137,101,79,13,11,5,0
3,9,7,11,47,87,103,124,135,132,123,112,113,121,144,167,146,115,103,54,24,11,3,13
8,10,12,11,12,81,103,119,107,105,101,59,24,101,109,114,110,109,101,20,17,2,2,3
1,6,7,11,12,27,89,106,104,105,101,66,12,67,103,105,111,101,56,13,10,0,0,0
0,5,7,4,5,14,91,66,102,104,103,102,12,70,88,97,103,96,22,9,0,13,8,12
0,0,6,8,6,12,61,102,100,78,80,64,13,33,72,90,78,14,11,9,5,9,11,4
0,0,3,3,3,3,12,62,100,101,76,58,26,26,41,33,20,14,0,5,5,10,5,5
8,4,11,8,10,12,13,45,61,70,72,54,25,13,32,14,12,7,5,6,6,10,10,5
0,0,0,1,0,3,0,50,60,71,102,69,29,9,11,6,10,10,7,0,0,0,8,0
2,0,0,0,3,0,0,51,64,64,62,53,8,6,12,4,0,1,4,4,3,1,0,3
0,0,0,0,3,0,4,52,60,62,52,50,1,6,12,9,2,2,1,5,4,0,0,4
0,0,0,0,8,0,6,44,59,57,55,29,9,7,13,10,5,3,4,3,9,0,0,0
3,0,0,0,0,0,0,44,58,59,58,27,12,11,12,9,6,7,2,4,2,0,0,0
0,0,0,0,1,2,3,13,60,57,58,35,14,14,12,9,6,3,7,3,11,8,0,0
0,0,0,0,3,8,0,12,50,53,52,45,14,13,11,1,4,0,0,4,9,4,7,0
0,1,0,0,0,3,3,12,57,55,53,30,24,12,7,12,6,3,10,5,4,6,6,0
0,5,0,0,6,0,2,7,59,60,39,40,10,19,13,11,11,4,10,6,6,0,0,2
1,0,0,0,0,0,3,20,50,58,51,15,14,31,14,9,13,9,5,8,6,0,0,0
0,3,1,2,11,11,12,14,53,59,55,51,51,34,14,14,0,1,8,2,12,11,11,11
1,4,0,2,13,12,10,15,50,85,71,54,53,18,13,4,8,11,10,5,9,15,8,2
0,0,3,8,11,11,13,26,58,166,174,85,60,26,13,11,0,11,6,11,10,2,9,6

0,0,0,0,0,2,0,7,14,57,64,69,53,9,0,4,0,0,0,0,0,0,0,0
5,0,0,0,0,0,10,11,68,91,134,123,71,26,2,0,0,0,0,0,0,0,0,0
1,0,0,0,0,0,0,6,31,105,127,123,102,30,2,0,0,0,0,0,0,0,0,0
0,0,0,0,0,0,0,0,0,52,102,92,70,6,0,0,0,0,1,0,0,0,0,0
0,0,0,0,0,0,0,0,0,4,10,10,62,10,0,0,3,0,0,0,0,0,0,0
0,0,0,0,1,0,9,17,56,54,67,81,79,64,75,50,52,22,0,0,0,0,0,0
1,0,0,6,5,22,58,71,83,95,101,108,110,107,119,97,69,79,11,4,0,0,0,0
0,0,0,0,53,66,88,97,96,105,112,111,98,113,130,125,95,80,65,56,7,0,0,4
0,0,0,11,62,70,76,87,125,132,127,129,146,148,170,147,113,87,78,65,51,5,0,0
0,0,1,52,57,67,74,101,148,139,144,166,175,185,198,166,123,84,55,58,15,12,7,0
0,0,15,52,54,60,69,115,139,149,166,162,182,201,179,148,96,84,53,60,60,13,5,0
0,7,54,63,53,50,59,106,135,156,172,160,161,205,183,145,108,64,8,44,58,46,7,0
0,31,77,77,19,33,59,100,123,147,155,162,172,174,172,135,117,38,20,54,56,59,21,3
0,53,102,79,10,27,69,107,112,129,143,141,146,154,146,134,107,54,27,61,100,102,53,4
9,78,116,74,7,8,53,101,85,84,109,115,130,143,137,123,102,36,8,22,70,102,50,0
3,14,58,9,0,0,52,100,94,76,88,85,126,128,123,106,81,33,10,8,14,31,17,13
12,14,8,3,2,6,49,101,72,78,93,77,104,88,79,80,67,51,1,7,10,6,15,1
5,2,11,17,23,28,44,62,66,73,104,102,83,95,94,83,72,37,23,31,13,15,13,10
0,0,4,6,6,14,76,102,86,116,140,156,152,107,115,137,127,73,59,23,13,9,4,1
2,3,9,7,9,59,62,117,129,142,149,175,181,177,185,184,159,127,112,60,11,12,7,8
6,11,11,13,17,51,115,134,143,170,220,220,221,234,221,193,165,142,118,71,21,12,10,11
0,0,7,13,40,72,116,146,189,226,247,254,276,254,270,218,197,155,104,49,31,17,9,5
2,10,18,25,24,53,114,141,172,202,233,204,204,212,197,200,184,154,88,61,33,7,5,2
0,3,9,13,45,90,118,139,156,155,159,140,152,178,174,176,165,137,101,80,13,11,5,0
3,9,7,11,48,87,103,124,135,132,123,112,113,121,144,168,146,115,103,54,23,11,3,13
7,10,12,11,12,81,104,119,107,105,101,60,26,101,109,114,110,109,101,21,17,2,2,3
1,6,7,11,12,27,90,106,104,105,101,66,12,68,103,105,111,101,57,13,10,0,0,0
0,5,7,4,6,14,91,66,102,104,103,102,12,71,88,98,103,95,23,9,0,13,8,12
0,0,6,8,6,12,61,101,100,78,80,63,13,32,73,90,78,14,11,9,5,9,11,4
0,0,3,3,3,3,12,62,100,102,76,58,26,26,41,33,20,14,0,5,5,10,5,5
8,4,11,8,10,12,13,46,61,70,72,54,25,13,33,14,12,7,5,6,6,10,10,5
0,0,0,1,0,3,0,50,60,72,102,69,27,9,11,6,10,10,7,0,0,0,8,0
2,0,0,0,3,0,0,51,64,64,62,53,8,6,12,4,0,1,4,4,3,1,0,3
0,0,0,0,3,0,4,52,60,62,52,50,1,6,12,9,3,2,1,5,4,0,0,4
0,0,0,0,8,0,6,45,59,57,55,29,9,7,13,10,5,3,4,3,9,0,0,0
3,0,0,0,0,0,0,44,58,59,58,27,12,11,11,9,6,7,2,4,2,0,0,0
0,0,0,0,1,2,3,13,60,57,58,35,14,14,13,9,6,3,7,3,11,8,0,0
0,0,0,0,3,8,0,12,50,53,52,45,14,13,11,1,4,0,0,4,9,4,7,0
0,1,0,0,0,3,3,12,57,55,53,30,25,12,7,12,6,3,10,5,4,6,6,0
0,5,0,0,6,0,2,7,59,60,40,40,10,21,13,11,11,4,10,6,6,0,0,2
1,0,0,0,0,0,3,20,50,58,51,18,14,32,16,9,13,10,5,8,6,0,0,0
0,3,1,2,11,11,12,14,53,59,55,51,51,35,14,14,0,1,8,2,12,11,11,11
1,4,0,2,13,12,10,16,50,85,71,54,53,18,13,4,8,11,10,5,9,16,8,2
0,0,3,8,11,11,13,27,58,166,175,85,60,26,13,11,0,11,6,11,10,2,9,6

0,0,0,0,0,2,0,7,14,56,64,69,54,9,0,4,0,0,0,0,0,0,0,0
5,0,0,0,0,0,10,11,68,91,134,124,72,30,2,0,0,0,0,0,0,0,0,0
1,0,0,0,0,0,0,6,33,105,128,124,102,28,2,0,0,0,0,0,0,0,0,0
0,0,0,0,0,0,0,0,1,53,102,93,71,6,0,0,0,0,1,0,0,0,0,0
0,0,0,0,0,0,0,0,0,4,10,10,63,10,0,0,3,0,0,0,0,0,0,0
0,0,0,0,1,0,9,17,56,55,68,82,79,65,75,50,52,23,0,0,0,0,0,0
1,0,0,6,5,22,58,71,83,95,102,109,110,107,120,98,69,80,11,4,0,0,0,0
0,0,0,0,53,66,88,97,97,105,112,111,99,113,130,125,95,80,65,57,7,0,0,4
0,0,0,11,62,70,75,87,125,132,127,129,147,148,170,147,112,87,78,65,51,5,0,0
0,0,1,52,57,67,74,100,147,139,143,165,175,185,197,164,123,84,55,58,15,12,7,0
0,0,15,52,54,60,68,114,138,148,165,160,180,199,178,147,95,84,53,60,60,13,5,0
0,7,54,64,53,50,59,106,134,155,170,158,160,202,182,144,108,64,9,44,58,45,7,0
0,28,77,77,18,33,59,100,123,146,154,161,171,173,171,135,117,38,20,54,56,59,20,3
0,52,102,78,9,25,68,107,112,129,143,140,146,154,146,134,107,54,24,61,100,102,53,3
9,76,114,74,7,7,53,101,86,84,110,115,131,144,137,123,102,36,8,21,70,101,49,0
3,14,58,9,0,0,52,100,94,76,88,86,127,129,124,107,81,34,10,8,14,30,17,13
12,14,8,3,2,6,50,101,72,78,93,77,104,88,80,81,67,50,1,7,10,6,14,1
5,2,10,17,22,28,44,62,66,73,105,102,84,96,95,84,72,37,23,31,13,15,12,10
0,0,4,6,6,14,77,102,86,116,140,156,152,107,116,137,127,72,59,23,13,9,4,1
2,3,9,7,9,59,62,117,129,143,149,175,181,177,185,184,159,127,112,60,11,12,7,8
6,11,11,13,17,51,115,134,143,170,220,220,221,234,221,193,165,142,118,71,21,12,10,12
0,0,7,13,40,72,116,146,190,226,247,254,277,254,270,218,197,155,104,49,31,18,9,5
3,10,18,25,24,53,114,141,173,202,234,205,204,213,197,200,184,154,88,61,33,7,5,2
0,3,9,13,44,90,118,139,156,156,160,140,152,178,174,176,165,137,101,80,13,12,5,0
3,10,7,11,48,86,103,124,135,132,123,112,113,121,144,168,147,115,103,54,24,11,3,13
7,10,12,11,12,81,103,119,107,105,101,59,26,101,109,114,110,109,101,20,17,2,2,3
1,6,7,11,12,27,90,106,104,105,101,66,12,69,103,105,111,101,56,13,10,0,0,0
0,5,7,4,6,14,90,65,102,104,103,102,12,71,89,98,103,96,23,9,0,13,9,12
0,0,7,8,6,12,61,102,100,78,80,64,13,33,72,90,78,15,11,9,5,9,11,4
0,0,3,3,3,3,12,62,100,101,76,58,27,26,41,34,20,14,0,5,5,10,5,5
8,4,11,8,10,12,13,46,61,70,73,54,25,13,33,14,12,7,5,6,6,10,10,5
0,0,0,1,0,3,0,50,60,72,102,69,28,9,11,7,10,10,7,0,0,0,8,0
2,0,0,0,3,0,0,51,64,63,62,53,8,6,12,4,0,1,4,4,3,1,0,3
0,0,0,0,3,0,4,52,60,62,52,50,2,6,12,9,3,2,1,6,4,0,0,4
0,0,0,0,8,0,6,43,59,57,55,29,9,7,13,10,5,3,4,3,9,0,0,0
3,0,0,0,0,0,0,44,58,59,58,27,13,11,12,9,6,7,2,4,2,0,0,0
0,0,0,0,1,2,3,13,60,57,58,35,15,14,12,9,6,3,7,3,11,8,0,0
0,0,0,0,3,8,0,12,50,53,52,46,14,13,10,1,4,0,0,4,9,4,7,0
0,1,0,0,0,3,3,12,57,55,53,30,25,12,7,12,6,3,10,5,4,6,6,0
0,5,0,0,6,0,2,7,59,60,40,41,10,20,13,11,11,4,10,6,6,0,0,2
1,0,0,0,0,0,3,20,50,58,51,17,14,32,14,9,13,9,5,8,6,0,0,0
0,3,1,2,11,11,12,14,53,59,55,51,51,35,14,14,0,1,8,2,12,11,11,11
1,4,0,2,13,12,10,17,50,85,71,54,53,18,14,4,8,11,10,5,9,16,8,2
0,0,3,8,11,11,13,27,58,166,175,85,60,26,13,12,0,11,6,11,10,2,9,6

0,0,0,0,0,2,0,7,14,57,64,70,54,10,0,4,0,0,0,0,0,0,0,0
5,0,0,0,0,0,9,11,68,91,134,125,72,29,2,0,0,0,0,0,0,0,0,0
1,0,0,0,0,0,0,6,34,105,128,124,103,31,2,0,0,0,0,0,0,0,0,0
0,0,0,0,0,0,0,0,1,53,102,92,71,6,0,0,0,0,0,0,0,0,0,0
0,0,0,0,0,0,0,0,0,4,10,10,63,10,0,0,3,0,0,0,0,0,0,0
0,0,0,0,1,0,10,17,56,55,68,82,79,64,76,50,52,24,0,0,0,0,0,0
1,0,0,6,5,23,58,71,84,95,102,109,110,107,120,98,69,80,11,4,0,0,0,0
0,0,0,0,53,66,88,97,97,105,112,111,98,113,130,125,95,80,65,57,7,0,0,4
0,0,0,12,62,70,76,87,125,132,127,129,147,148,169,147,112,87,78,65,51,5,0,0
0,0,1,52,57,67,74,100,147,138,143,165,175,185,197,164,123,84,55,58,15,12,7,0
0,0,14,52,54,60,68,114,138,148,164,160,180,199,177,147,95,84,53,60,60,13,5,0
0,7,54,63,53,50,59,106,134,155,170,158,159,202,182,144,108,64,8,44,57,45,7,0
0,29,77,78,18,33,60,100,123,147,154,160,170,173,171,135,117,38,20,54,56,59,21,3
0,52,102,78,9,25,69,107,112,129,142,140,146,153,146,134,107,54,23,60,100,102,53,3
9,77,114,74,7,7,54,101,85,84,109,115,130,143,137,123,102,36,8,21,70,101,49,0
3,14,57,9,0,0,52,100,94,76,88,85,127,129,124,107,81,33,10,8,14,30,17,13
12,14,8,3,2,6,49,101,72,78,93,77,104,88,80,81,67,50,1,7,10,6,14,1
5,2,10,17,23,28,44,62,66,73,105,103,84,96,95,83,72,37,23,31,13,15,12,10
0,0,4,6,6,14,77,102,86,116,140,156,152,107,116,137,127,72,59,23,13,9,4,1
2,3,9,7,9,59,62,117,129,142,149,175,181,176,185,184,159,127,112,61,11,12,7,8
6,11,11,13,17,51,115,134,143,170,220,220,221,234,221,194,165,142,118,71,21,12,10,12
0,0,7,13,40,72,116,146,190,227,247,254,276,254,270,218,197,156,104,49,31,17,9,5
2,10,19,25,24,53,114,140,173,202,234,205,204,213,197,200,184,154,88,61,33,7,5,2
0,3,9,13,44,90,118,139,156,156,160,141,152,179,175,177,165,137,101,79,13,12,5,0
3,10,7,11,47,86,103,124,135,132,123,112,113,121,144,168,147,116,103,55,24,11,3,13
8,10,12,11,12,82,103,119,107,105,101,59,27,101,109,114,110,109,101,20,16,2,2,3
1,6,7,11,12,27,89,106,104,105,101,66,12,68,103,105,111,101,57,13,10,0,0,0
0,5,7,4,6,14,91,66,102,104,103,102,12,71,88,98,103,96,25,9,0,13,9,12
0,0,7,8,6,12,61,101,100,79,80,64,13,34,73,90,78,15,11,9,5,9,11,4
0,0,3,3,3,3,12,62,100,102,76,58,27,27,41,33,20,14,0,5,5,10,5,5
8,4,11,8,10,12,13,46,61,70,72,54,25,13,33,14,12,7,5,6,6,10,10,5
0,0,0,1,0,3,0,50,60,71,102,69,28,9,11,7,10,10,7,0,0,0,8,0
2,0,0,0,3,0,0,51,64,63,62,53,8,6,12,4,0,1,4,4,3,1,0,3
0,0,0,0,3,0,4,52,60,62,52,50,2,6,12,9,3,2,1,6,4,0,0,4
0,0,0,0,8,0,6,44,59,57,55,29,8,7,13,10,5,3,4,3,9,0,0,0
3,0,0,0,0,0,0,44,58,59,58,27,12,11,12,9,6,7,2,4,2,0,0,0
0,0,0,0,1,2,3,13,60,57,58,35,15,14,13,9,6,3,7,3,11,8,0,0
0,0,0,0,3,8,0,12,50,53,52,45,14,13,10,1,4,0,0,4,9,4,7,0
0,1,0,0,0,4,4,12,57,55,53,31,25,12,7,13,6,3,10,5,4,6,6,0
0,5,0,0,6,0,2,7,59,60,39,40,10,22,13,11,11,4,10,6,6,0,0,2
1,0,0,0,0,0,3,20,50,58,51,18,14,31,15,9,13,9,5,8,6,0,0,0
0,3,1,2,11,11,12,14,53,59,55,51,51,35,14,14,0,1,8,2,12,11,11,11
1,4,0,2,13,12,10,16,50,85,71,54,53,19,14,4,8,11,10,5,9,16,8,2
0,0,3,8,11,11,13,26,58,166,175,85,60,25,13,11,0,11,6,11,10,2,9,6
0,0,0,0,0,0,0,0,0,0,4,11,60,61,59,14,6,0,0,0,0,0,0,0
0,0,0,0,0,0,0,0,0,0,10,58,101,120,98,77,12,9,0,0,0,0,0,4
0,0,0,0,0,0,0,0,0,0,10,99,109,119,108,22,7,0,0,0,0,0,0,1
0,0,0,0,0,4,0,0,0,0,0,58,74,100,51,0,0,0,0,0,0,0,0,0
0,0,0,0,0,0,0,8,2,0,8,54,10,10,4,0,0,0,0,0,0,0,0,0
0,0,0,0,0,0,23,51,47,75,65,78,84,70,56,58,21,12,0,1,0,0,0,0
0,0,0,0,3,9,74,68,96,120,108,112,111,103,97,86,72,60,24,6,7,1,0,1
5,0,0,6,53,63,78,94,125,132,116,100,113,114,108,99,98,90,68,56,1,0,0,0
0,0,4,51,63,77,85,111,148,176,151,149,131,130,134,126,88,76,71,62,12,0,0,0
0,6,11,13,56,53,84,123,165,202,188,179,168,146,142,148,101,75,67,57,53,1,0,0
0,4,11,58,59,52,84,96,149,182,204,184,164,167,151,139,115,69,61,54,52,14,0,0
0,6,33,56,39,8,64,109,147,187,209,164,161,172,157,136,106,59,50,53,63,53,7,0
2,12,54,55,52,21,40,118,138,177,178,175,164,156,148,124,100,60,36,17,76,75,24,0
3,44,100,96,61,24,57,108,137,151,161,149,143,144,130,112,107,69,27,9,76,101,47,0
0,42,100,75,21,9,41,104,125,142,148,135,118,111,85,86,101,53,8,7,72,111,71,8
13,19,34,14,8,11,41,84,110,128,134,132,89,92,78,96,100,52,0,0,11,58,14,3
1,14,6,10,7,2,53,69,86,85,95,110,80,97,81,73,102,52,7,1,2,8,13,12
10,12,14,13,31,24,40,78,94,105,107,91,108,109,77,68,63,44,29,23,19,11,2,4
3,5,10,13,25,60,79,133,144,123,114,161,163,143,119,89,103,77,14,6,5,4,0,0
7,1,11,11,62,113,129,165,191,193,185,186,179,152,144,131,118,62,60,9,8,10,4,3
12,5,8,28,72,118,143,167,197,227,240,228,226,223,171,143,133,115,51,17,13,11,11,6
4,8,17,31,46,99,148,193,219,274,259,280,256,248,226,188,145,116,72,40,13,6,0,0
1,5,4,30,54,79,138,172,195,194,211,201,203,231,199,170,139,113,52,24,24,18,10,3
0,5,11,12,70,89,125,147,165,166,173,148,137,156,153,154,138,117,88,39,12,9,3,0
12,1,10,17,46,99,106,132,158,139,120,112,110,122,132,134,124,103,84,35,10,6,9,3
2,1,0,13,14,90,104,106,112,107,101,13,50,101,105,107,119,103,79,11,11,12,10,7
0,0,0,8,12,43,93,104,104,102,62,11,68,102,105,103,106,86,19,11,11,7,5,1
12,7,12,0,8,12,71,100,90,83,65,11,102,103,104,102,66,88,13,5,3,7,5,0
4,11,8,5,7,6,12,40,71,62,23,13,65,81,79,101,102,58,11,5,7,6,0,0
4,5,9,5,3,0,10,10,17,30,13,30,59,78,102,100,63,12,2,1,2,3,0,0
5,8,10,6,6,4,3,11,13,27,12,27,55,74,70,61,47,13,12,10,8,11,4,8
0,8,0,0,0,7,10,10,6,11,7,40,70,103,73,61,50,0,3,0,1,0,0,0
3,0,1,3,3,4,1,0,3,11,5,9,54,64,64,66,52,0,0,3,0,0,0,2
4,0,0,4,5,1,1,1,8,12,5,3,50,53,62,63,52,5,0,3,0,0,0,0
0,0,0,9,4,4,2,5,10,13,7,8,29,56,58,60,47,5,0,8,0,0,0,0
0,0,0,2,4,3,8,6,8,11,11,11,26,59,60,59,44,0,0,0,0,0,0,3
0,0,9,11,3,8,5,6,9,11,14,14,31,59,58,61,13,2,1,0,0,0,0,0
0,7,4,10,6,1,0,5,6,13,12,14,43,52,54,50,11,0,7,2,0,0,0,0
0,6,6,4,5,10,4,6,12,7,12,24,29,53,55,57,12,2,4,0,0,0,0,0
2,0,0,8,7,10,5,12,11,13,14,9,40,40,60,58,7,1,0,6,0,0,4,0
0,0,0,6,8,5,9,12,8,15,32,14,14,51,58,50,14,2,0,0,0,0,0,1
11,11,11,12,2,7,0,0,14,14,31,51,50,55,59,52,14,11,11,11,1,0,2,0
2,8,15,9,4,9,11,7,2,13,15,53,54,71,84,50,15,10,12,12,0,0,3,0
6,9,2,10,11,5,10,0,11,13,24,60,86,178,158,57,27,13,10,10,7,3,0,0

0,0,0,0,0,0,0,0,0,0,5,13,62,62,58,14,6,0,0,0,0,0,0,0
0,0,0,0,0,0,0,0,0,0,11,60,105,123,96,74,12,9,0,0,0,0,0,4
0,0,0,0,0,0,0,0,0,0,12,100,111,121,107,19,7,0,0,0,0,0,0,1
0,0,0,0,0,3,0,0,0,0,0,60,77,101,52,0,0,0,0,0,0,0,0,0
0,0,0,0,0,0,0,7,2,0,9,56,11,10,4,0,0,0,0,0,0,0,0,0
0,0,0,0,0,0,24,52,49,75,66,79,85,70,56,58,21,12,0,1,0,0,0,0
0,0,0,0,3,10,75,68,97,121,109,113,111,104,97,85,72,60,26,6,7,1,0,1
5,0,0,6,53,63,78,94,126,132,116,100,113,114,107,99,98,90,68,56,1,0,0,0
0,0,4,50,63,77,85,111,148,174,151,148,131,129,133,126,88,76,71,62,12,0,0,0
0,6,11,13,56,54,83,122,164,200,188,177,167,145,141,146,100,75,68,57,53,1,0,0
0,4,11,58,59,52,83,95,148,180,202,182,162,166,149,138,114,69,61,54,52,14,0,0
0,6,36,56,40,8,64,109,146,186,206,163,160,171,156,135,106,59,50,53,63,54,7,0
2,13,54,56,52,19,39,118,137,175,177,174,162,155,147,124,100,59,35,15,76,74,24,0
3,47,100,96,61,23,55,108,136,149,159,148,142,143,129,112,107,67,25,9,76,101,48,0
0,43,100,74,21,8,39,103,125,141,147,134,117,111,84,86,101,53,7,7,72,111,71,8
13,18,34,14,8,11,39,84,109,127,133,131,88,91,77,96,100,52,0,0,10,58,13,3
1,14,6,10,7,2,52,69,85,84,93,108,79,96,80,73,102,50,7,1,2,8,13,12
10,12,14,13,31,24,39,77,92,103,104,89,106,108,76,67,63,45,29,23,19,11,2,4
2,5,10,13,24,60,77,131,143,121,113,159,161,142,118,88,103,76,14,6,5,4,0,0
7,1,11,11,62,113,128,164,190,192,184,186,178,151,144,130,117,62,59,10,8,10,4,3
11,5,8,28,72,118,143,167,197,227,241,230,228,224,172,144,133,115,51,17,13,11,11,6
4,8,18,31,46,100,148,194,220,275,260,284,261,250,227,189,146,116,72,41,13,7,0,0
1,5,4,31,54,79,140,173,196,196,212,203,204,233,201,172,140,114,52,24,25,18,10,3
0,5,11,13,70,90,126,148,167,169,175,149,138,158,154,155,138,118,88,39,12,9,3,0
13,2,10,18,46,100,106,134,159,140,120,112,111,123,132,135,124,103,84,37,11,6,9,3
3,1,0,13,14,93,105,106,113,107,101,14,53,101,105,107,119,104,80,11,11,12,10,7
0,0,0,8,12,45,96,105,104,102,63,11,68,101,105,103,106,88,19,12,11,7,6,1
12,7,12,0,9,13,73,101,91,82,65,11,102,103,104,102,66,89,13,5,3,7,5,0
4,11,8,5,8,7,12,43,73,62,23,13,65,81,79,101,102,59,11,6,7,6,0,0
4,5,9,5,3,0,10,11,18,31,13,31,59,78,102,100,63,12,3,2,2,3,0,0
5,8,10,6,6,4,4,12,13,28,13,27,55,74,71,61,47,13,12,10,8,11,4,8
0,8,0,0,0,7,10,10,6,11,7,42,70,103,73,61,50,0,3,0,1,0,0,0
3,0,1,3,3,4,1,0,3,11,6,9,54,64,64,66,52,0,0,3,0,0,0,2
4,0,0,4,5,1,1,1,8,12,5,3,50,53,63,63,52,5,0,3,0,0,0,0
0,0,0,9,4,4,2,5,10,13,7,8,30,56,58,60,47,5,0,8,0,0,0,0
0,0,0,2,4,3,8,6,8,11,11,11,27,59,60,59,44,0,0,0,0,0,0,3
0,0,9,11,3,8,5,6,9,11,14,14,31,58,58,61,13,2,1,0,0,0,0,0
0,7,4,10,6,1,0,4,6,13,12,14,43,52,54,50,11,0,7,2,0,0,0,0
0,7,6,4,5,11,3,6,12,7,12,25,30,53,55,57,12,2,4,0,0,0,1,0
2,0,0,8,7,10,5,12,11,13,14,9,40,40,60,58,7,2,0,6,0,0,4,0
0,0,0,6,8,5,9,12,8,15,33,14,14,51,58,50,15,2,0,0,0,0,0,1
11,11,11,12,2,7,0,0,14,14,30,51,50,55,59,53,14,11,11,11,1,0,3,0
2,8,16,9,4,9,11,7,2,13,15,53,54,71,84,50,15,10,12,12,1,0,4,0
6,9,2,10,11,5,10,0,11,13,24,61,86,177,158,57,26,13,10,10,7,3,0,0

0,0,0,0,0,0,0,0,0,0,6,19,64,64,59,14,6,0,1,0,0,0,0,0
0,0,0,0,0,0,0,0,0,0,12,61,106,125,96,74,12,9,0,0,0,0,0,4
0,0,0,0,0,0,0,0,0,0,13,100,112,121,107,17,7,0,0,0,0,0,0,1
0,0,0,0,0,3,0,0,0,0,1,61,79,101,51,0,0,0,0,0,0,0,0,0
0,0,0,0,0,0,0,6,1,0,9,58,11,10,4,0,0,0,0,0,0,0,0,0
0,0,0,0,0,0,22,51,49,75,66,79,84,70,56,58,20,12,0,1,0,0,0,0
0,0,0,0,3,10,75,68,97,120,108,112,110,103,96,85,72,60,26,6,7,0,0,1
5,0,0,6,54,63,78,94,125,132,115,100,112,113,106,98,97,90,68,56,0,0,0,0
0,0,4,51,63,77,85,111,148,173,150,148,130,128,133,125,88,76,71,62,12,0,0,0
0,6,11,14,56,54,84,123,165,200,187,177,167,145,140,146,101,75,67,57,53,1,0,0
0,4,12,58,59,53,83,96,148,180,202,182,162,166,150,139,115,69,61,54,52,15,0,0
0,6,37,57,40,8,64,109,146,186,207,163,160,171,156,135,106,59,50,53,64,54,7,0
2,13,55,56,53,20,39,118,137,175,176,174,162,154,147,123,100,59,35,17,77,75,25,0
3,50,101,98,61,24,55,108,136,148,158,148,141,143,129,112,107,68,25,9,76,101,50,0
0,45,101,75,22,8,38,103,124,140,146,132,116,109,84,86,101,53,8,7,73,113,73,8
13,19,35,14,8,11,37,83,109,126,131,129,86,89,77,95,100,52,0,0,10,59,14,3
1,15,6,10,7,2,52,68,84,83,91,106,77,94,79,72,101,50,6,2,2,8,14,12
10,12,15,13,31,23,39,76,89,100,100,87,104,106,75,66,62,44,28,23,18,11,2,5
2,5,10,13,24,60,77,131,141,119,111,157,159,141,117,87,102,76,14,6,6,4,0,0
7,2,11,11,63,113,128,163,189,191,183,185,177,149,143,130,117,62,59,10,8,10,3,3
11,5,9,28,72,118,142,167,196,226,241,231,230,224,172,144,133,115,51,17,13,11,11,6
4,8,17,31,46,100,148,195,220,276,261,286,264,251,228,190,146,116,72,40,13,7,0,0
1,5,4,31,54,80,140,174,197,197,214,203,204,235,203,172,140,114,52,24,25,18,10,3
0,5,11,13,70,90,126,148,168,170,176,150,138,159,155,156,139,118,88,39,13,9,3,0
13,2,10,18,46,100,106,134,159,140,120,112,111,123,133,135,124,103,84,36,11,6,9,3
3,1,0,13,14,93,105,106,113,108,101,14,56,101,105,107,119,103,80,11,11,12,10,8
0,0,0,9,12,44,98,105,104,102,63,11,68,101,105,103,106,85,20,12,11,7,6,1
12,7,12,0,9,13,75,101,91,83,66,11,102,103,105,102,67,89,13,5,4,7,5,0
4,11,8,5,8,7,12,46,74,63,24,14,65,81,79,101,102,60,12,6,7,6,0,0
4,5,9,5,3,0,11,11,18,32,14,32,59,78,102,100,63,12,3,2,2,3,0,0
5,9,10,6,6,4,4,12,13,28,13,27,55,74,71,61,47,13,12,10,8,11,4,8
0,8,0,0,0,7,10,10,6,11,7,44,70,103,73,61,50,0,3,0,1,0,0,0
3,0,1,3,3,4,1,0,3,11,6,9,54,64,65,66,53,0,0,3,0,0,0,2
4,0,0,4,5,1,1,1,8,12,6,3,51,53,63,62,52,5,0,3,0,0,0,0
0,0,0,9,3,4,2,5,10,13,7,8,31,55,58,60,46,6,0,8,0,0,0,0
0,0,0,2,4,3,7,6,8,11,11,12,27,59,60,59,44,0,0,0,0,0,0,3
0,0,9,11,3,8,5,6,9,12,14,14,33,58,58,61,13,2,1,0,0,0,0,0
0,7,4,9,6,1,0,4,6,13,12,14,43,52,54,50,11,0,7,2,0,0,0,0
0,7,6,4,5,11,3,6,12,7,12,25,30,53,55,57,12,2,4,0,0,0,1,0
3,0,0,8,7,10,5,12,11,13,14,9,40,40,60,58,7,2,0,6,0,0,4,0
0,0,0,6,8,5,9,12,8,15,33,14,14,51,58,50,16,2,0,0,0,0,0,1
11,11,11,12,2,7,0,0,14,14,31,51,50,55,59,52,14,11,11,11,2,0,3,0
2,8,15,9,4,9,11,7,2,13,15,53,54,71,84,50,15,10,12,12,1,0,4,0
6,9,2,10,11,5,10,0,11,13,25,60,86,177,158,57,26,13,11,10,7,3,0,0

0,0,0,0,0,0,0,0,1,0,6,24,65,64,59,14,6,0,1,0,0,0,0,0
0,0,0,0,0,0,0,0,0,0,12,62,108,126,96,73,12,9,0,0,0,0,0,5
0,0,0,0,0,0,0,0,0,0,13,100,113,121,107,17,7,0,0,0,0,0,0,1
0,0,0,0,0,3,0,0,0,0,1,62,80,101,52,0,0,0,0,0,0,0,0,0
0,0,0,0,0,0,0,6,1,0,9,57,10,10,4,0,0,0,0,0,0,0,0,0
0,0,0,0,0,0,21,51,48,75,66,79,84,69,56,58,20,11,0,1,0,0,0,0
0,0,0,0,3,9,74,68,96,120,108,112,110,103,96,85,72,59,24,6,7,0,0,1
5,0,0,6,54,63,78,94,125,132,115,100,112,113,106,98,97,89,67,55,0,0,0,0
0,0,4,51,64,77,86,112,148,175,150,148,130,128,133,125,88,76,71,62,12,0,0,0
0,6,11,13,56,54,84,123,166,202,188,178,167,145,140,147,101,75,68,57,53,1,0,0
0,4,12,58,60,53,84,96,149,181,203,183,163,167,150,140,115,69,61,54,52,14,0,0
0,6,38,57,41,8,64,109,146,186,208,163,161,172,157,136,106,59,50,53,63,54,7,0
3,14,56,56,52,20,38,118,137,175,176,174,163,155,148,124,100,59,32,17,77,75,26,0
3,51,101,100,62,27,55,108,135,148,156,147,141,143,129,112,107,69,25,9,78,102,50,0
0,47,103,77,24,9,38,103,124,139,144,131,115,109,84,86,101,54,8,7,77,116,77,9
13,20,35,15,8,11,36,82,108,125,130,128,86,89,76,95,100,52,0,0,12,61,16,4
1,15,6,10,7,2,52,68,82,82,89,105,77,93,79,72,101,49,6,2,3,8,14,12
10,13,15,13,31,23,38,75,87,98,98,85,103,105,74,66,62,44,28,23,18,11,2,5
2,5,10,13,23,59,75,129,140,117,109,155,158,141,117,87,103,77,14,6,6,4,0,0
7,2,11,11,60,112,127,160,186,188,180,183,176,149,143,130,117,62,59,10,8,9,3,2
11,5,9,25,70,117,142,165,194,223,238,226,226,223,171,143,134,115,51,17,12,11,11,6
4,8,17,30,47,101,149,194,218,271,256,280,258,249,227,190,146,116,73,40,13,6,0,0
1,5,5,31,56,83,144,176,197,196,212,202,202,233,202,172,140,114,53,24,25,18,10,3
0,5,11,13,75,98,130,153,170,170,176,149,138,158,155,156,139,118,89,41,13,9,3,0
13,2,10,19,51,101,109,139,162,141,120,112,111,123,132,135,124,103,87,43,11,6,9,2
3,2,1,14,14,100,107,108,113,108,101,14,52,101,105,107,119,104,81,12,11,12,10,7
0,0,0,9,12,51,100,108,105,102,63,11,67,101,105,103,106,89,23,12,11,7,6,1
12,8,12,0,9,14,82,103,95,86,67,11,102,103,104,102,66,90,14,6,4,7,5,0
4,11,8,5,8,9,13,60,86,67,25,13,64,80,78,100,102,60,12,6,8,6,0,0
5,5,9,5,3,0,12,21,27,36,18,28,58,77,102,100,62,12,3,2,3,3,0,0
5,9,10,5,6,4,6,11,13,29,12,26,54,73,70,61,45,13,12,10,8,11,4,8
0,8,0,0,0,7,10,10,6,11,7,35,69,102,71,60,47,0,3,0,1,0,0,0
3,0,1,3,3,4,1,0,3,12,6,8,53,63,64,64,51,0,0,3,0,0,0,2
4,0,0,3,5,1,1,2,8,12,5,2,50,52,62,61,52,4,0,3,0,0,0,0
0,0,0,9,3,4,2,4,10,13,7,9,30,55,58,59,42,5,0,8,0,0,0,0
0,0,0,2,4,3,7,6,9,11,11,12,27,59,59,58,41,0,0,0,0,0,0,3
0,0,8,11,3,8,4,6,9,12,14,14,35,58,57,60,12,2,1,0,0,0,0,0
0,7,4,9,5,0,0,4,5,12,12,14,44,52,53,50,11,0,8,2,0,0,0,0
0,6,6,4,5,10,4,6,12,7,12,25,30,53,55,56,12,2,3,0,0,0,1,0
2,0,0,7,6,10,5,11,11,13,14,9,40,40,60,58,6,1,0,6,0,0,4,0
0,0,0,6,8,5,9,12,8,18,33,14,14,51,58,50,16,2,0,0,0,0,0,1
11,11,11,12,2,7,0,0,14,14,34,51,50,55,59,53,14,11,11,11,2,0,3,0
2,8,16,9,5,9,11,8,3,13,16,53,54,71,84,50,15,10,12,12,1,0,4,0
6,9,2,10,11,6,11,0,11,13,24,60,86,177,163,58,27,13,11,11,7,3,0,0

0,0,0,0,0,0,0,0,2,0,7,38,66,64,58,14,6,0,1,0,0,0,0,0
0,0,0,0,0,0,0,0,0,0,13,63,110,127,94,70,11,9,0,0,0,0,0,5
0,0,0,0,0,0,0,0,0,0,13,101,114,122,106,16,7,0,0,0,0,0,0,1
0,0,0,0,0,3,0,0,0,0,2,63,82,101,52,0,0,0,0,0,0,0,0,0
0,0,0,0,0,0,0,6,1,0,9,57,10,9,4,0,0,0,0,0,0,0,0,0
0,0,0,0,0,0,24,52,48,75,65,78,83,68,54,56,14,9,0,0,0,0,0,0
0,0,0,0,3,10,77,68,97,120,107,111,109,102,95,81,69,56,15,6,6,0,0,0
5,0,0,6,55,64,79,94,125,131,113,99,112,113,106,95,96,86,60,33,0,0,0,0
0,0,5,51,64,78,86,112,148,172,149,147,130,129,134,129,91,76,69,61,10,0,0,0
0,6,12,14,57,54,84,123,166,199,187,177,168,146,144,171,107,76,67,57,51,0,0,0
0,4,12,59,60,53,84,96,149,181,204,185,166,170,153,145,117,69,61,54,52,14,0,0
0,6,39,57,42,8,64,109,146,186,209,165,164,175,160,137,107,59,50,53,63,53,7,0
2,15,57,56,54,20,38,118,136,174,175,173,164,157,148,124,100,60,25,14,76,75,27,0
3,51,101,100,61,25,54,107,135,147,155,147,142,143,129,112,107,69,21,9,78,102,51,0
0,45,100,72,21,8,36,102,123,138,144,131,115,109,84,86,101,53,7,7,74,114,78,9
13,17,32,14,8,10,30,81,107,124,129,127,85,88,76,94,100,52,0,0,10,59,14,4
0,14,6,10,7,1,51,67,81,81,89,104,76,93,78,72,101,47,6,2,3,8,14,12
10,12,14,13,31,22,38,74,85,96,97,84,102,105,74,66,62,44,28,22,18,11,2,5
1,4,9,13,23,59,74,128,139,116,108,155,158,141,117,87,103,77,14,6,6,5,0,0
8,7,12,11,59,112,127,160,185,186,178,182,176,149,143,130,117,62,59,9,8,9,3,2
11,10,11,22,71,117,142,165,194,222,235,223,222,221,170,143,134,115,51,17,13,11,11,6
4,9,17,30,48,102,152,195,217,270,254,278,255,247,226,189,146,116,72,40,13,6,0,0
1,5,5,32,59,85,148,180,198,196,211,202,202,232,201,172,140,114,52,24,25,18,10,3
0,5,11,13,77,100,133,158,172,171,176,149,138,157,154,155,139,118,89,43,13,9,3,0
13,2,10,21,53,102,112,142,164,142,120,112,111,123,132,134,124,103,86,44,11,6,9,3
3,2,1,14,15,100,108,109,114,108,101,16,53,101,105,107,119,104,80,12,11,12,9,7
0,0,0,9,13,55,100,109,105,102,64,11,67,101,105,103,106,89,24,12,11,7,6,1
12,8,12,0,9,16,88,103,96,88,67,12,102,103,104,102,66,90,14,5,3,7,5,0
4,11,8,5,8,10,14,71,88,68,27,13,64,80,78,100,102,60,12,6,8,6,0,0
5,5,9,5,4,0,12,22,31,38,21,27,58,77,101,100,62,12,3,2,3,3,0,0
5,9,10,5,6,4,6,12,13,30,12,25,54,72,70,60,45,13,12,10,8,11,4,8
0,8,0,0,0,8,10,10,6,11,8,30,69,102,72,60,45,0,3,0,1,0,0,0
3,0,0,3,3,4,1,0,4,12,6,8,53,62,63,64,51,0,0,3,0,0,0,2
4,0,0,3,5,1,2,2,9,12,5,1,50,52,62,61,52,4,0,3,0,0,0,0
0,0,0,9,3,3,2,5,10,13,6,8,27,55,57,59,42,4,0,8,0,0,0,0
0,0,0,2,4,2,7,6,9,11,11,12,25,59,59,58,42,0,0,0,0,0,0,3
0,0,8,11,3,7,3,5,9,12,14,14,34,58,57,60,12,2,1,0,0,0,0,0
0,7,4,9,4,0,0,4,4,12,12,14,44,52,53,50,11,0,8,2,0,0,0,0
0,6,6,4,5,10,3,6,12,7,12,24,29,53,55,57,12,3,3,0,0,0,1,0
2,0,0,7,6,10,5,11,11,13,14,9,40,40,60,58,7,1,0,6,0,0,5,0
0,0,0,6,8,5,9,12,9,16,33,14,14,51,58,50,16,2,0,0,0,0,0,1
11,11,11,12,2,8,0,0,14,14,31,51,51,55,59,53,14,11,11,11,2,0,3,0
2,8,15,9,5,10,11,8,3,13,18,53,54,71,85,50,17,10,12,12,1,0,4,0
6,9,2,10,11,6,11,0,11,13,25,60,86,176,166,58,26,13,11,11,8,3,0,0

0,0,0,0,0,0,0,0,3,0,8,46,66,63,57,14,6,0,1,0,0,0,0,0
0,0,0,0,0,0,0,0,0,0,14,66,118,132,94,71,11,9,0,0,0,0,0,5
0,0,0,0,0,0,0,0,0,1,16,102,121,128,107,34,7,0,0,0,0,0,0,1
0,0,0,0,0,1,0,0,0,0,4,67,88,102,54,0,0,0,0,0,0,0,0,0
0,0,0,0,0,0,0,4,0,0,9,61,10,9,4,0,0,0,0,0,0,0,0,0
0,0,0,0,0,0,23,52,50,75,64,78,82,68,54,56,17,10,0,1,0,0,0,0
0,0,0,0,3,11,78,69,97,120,107,110,109,102,95,83,71,58,22,5,6,0,0,1
4,0,0,6,55,64,79,95,125,130,113,99,111,112,105,97,97,88,65,52,0,0,0,0
0,0,5,51,64,78,86,112,147,171,148,147,129,128,132,126,88,76,70,62,11,0,0,0
0,6,12,14,57,54,84,123,164,198,186,175,166,144,140,149,101,75,67,57,52,1,0,0
0,4,12,59,60,53,84,95,148,179,201,182,162,166,149,139,115,69,60,54,52,14,0,0
0,7,41,57,42,8,64,108,145,184,205,161,160,171,156,135,106,59,50,53,63,54,7,0
3,16,57,56,54,20,38,117,136,172,174,172,162,155,147,124,100,59,31,17,77,77,28,0
3,51,101,99,61,24,54,107,134,147,155,147,141,143,129,112,107,69,24,9,78,102,52,0
0,45,100,71,21,8,36,102,123,139,145,132,116,110,84,86,101,53,7,7,73,114,77,9
13,17,32,14,8,10,33,82,107,125,130,128,86,89,77,95,100,52,0,0,9,58,14,3
1,15,6,10,7,1,51,67,82,81,89,105,77,94,79,72,101,49,6,2,3,8,14,12
10,12,14,13,31,23,38,74,85,96,97,85,103,105,74,67,62,44,28,23,17,10,2,5
1,4,9,13,23,59,73,128,139,117,108,155,158,141,117,87,103,77,14,6,6,4,0,0
8,7,12,11,60,112,127,160,186,187,178,182,176,149,143,130,117,62,60,9,8,9,3,3
11,10,12,22,71,118,142,166,194,222,236,222,221,221,171,143,133,115,51,17,13,11,11,6
4,9,17,30,48,103,153,196,218,271,254,278,254,247,226,189,146,116,72,40,13,7,0,0
1,5,6,32,59,86,149,181,198,196,212,203,203,232,201,172,140,114,53,24,25,18,10,2
0,5,11,13,78,100,134,160,173,172,176,150,139,158,155,155,139,118,90,43,13,9,3,0
13,2,10,22,54,102,113,143,165,142,120,113,111,123,132,135,124,103,85,44,11,6,9,3
3,2,1,14,17,100,109,109,114,109,101,17,55,101,105,107,119,104,81,12,11,12,10,7
0,0,0,9,13,56,101,110,105,103,66,12,66,101,105,103,106,89,24,12,11,7,6,1
12,8,13,0,9,19,91,103,97,87,69,12,102,103,104,102,66,90,14,5,4,7,5,0
4,11,8,5,8,10,14,74,89,70,27,13,64,80,78,100,102,60,12,6,8,6,0,0
5,5,9,5,4,0,13,22,32,39,22,27,58,77,101,100,62,12,3,2,3,3,0,0
5,9,10,5,6,4,6,12,14,31,13,25,54,72,70,61,45,13,12,10,8,11,4,8
0,8,0,0,0,7,10,10,6,11,8,29,69,102,72,60,47,0,3,0,1,0,0,0
3,0,0,3,3,4,1,0,4,12,6,8,53,63,63,64,51,0,0,3,0,0,0,2
4,0,0,4,5,1,2,2,8,12,5,1,50,52,62,60,52,4,0,3,0,0,0,0
0,0,0,9,3,3,3,5,10,13,6,8,29,55,57,59,42,5,0,8,0,0,0,0
0,0,0,2,4,2,7,6,9,11,11,12,25,59,59,58,42,0,0,0,0,0,0,3
0,0,8,10,3,7,3,5,9,12,14,14,33,58,57,60,13,2,1,0,0,0,0,0
0,7,4,9,4,0,0,4,4,12,12,14,44,52,53,50,11,0,8,2,0,0,0,0
0,6,6,4,5,10,3,6,12,7,12,24,29,53,55,57,12,3,3,0,0,0,1,0
2,0,0,7,6,10,4,11,11,13,14,9,40,40,60,58,7,2,0,6,0,0,5,0
0,0,0,6,8,5,9,12,9,15,33,14,14,51,58,50,17,3,0,0,0,0,0,1
11,11,11,12,2,8,0,0,14,14,35,51,51,55,59,53,14,12,11,11,2,0,3,0
2,8,15,9,5,10,11,8,4,13,17,53,54,71,85,50,17,10,12,12,1,0,4,0
6,9,2,10,11,6,11,0,11,13,25,60,86,176,167,58,27,13,11,11,8,3,0,0

0,0,0,0,0,0,0,0,3,0,8,50,67,63,57,14,6,0,1,0,0,0,0,0
0,0,0,0,0,0,0,0,0,0,15,67,118,132,93,70,11,9,0,0,0,0,0,5
0,0,0,0,0,0,0,0,0,1,20,102,121,127,107,34,7,0,0,0,0,0,0,1
0,0,0,0,0,1,0,0,0,0,4,68,89,102,54,0,0,0,0,0,0,0,0,0
0,0,0,0,0,0,0,4,0,0,9,61,10,10,4,0,0,0,0,0,0,0,0,0
0,0,0,0,0,0,25,53,50,76,65,79,82,68,55,57,19,10,0,1,0,0,0,0
0,0,0,0,4,11,79,69,98,120,108,111,110,102,96,84,72,59,24,5,6,0,0,1
4,0,0,6,56,64,80,95,126,131,115,100,112,113,106,98,97,88,66,53,0,0,0,0
0,0,5,51,64,78,86,112,147,171,149,148,131,128,133,126,88,76,70,62,12,0,0,0
0,6,12,14,57,54,84,122,163,198,186,176,167,145,139,147,100,74,67,57,52,1,0,0
0,4,12,59,60,53,83,95,147,177,200,181,161,165,148,137,114,68,60,54,52,14,0,0
0,7,41,57,42,8,63,108,144,183,203,160,158,170,155,135,106,59,50,53,63,54,7,0
3,15,57,56,54,20,37,117,135,172,173,171,161,154,147,123,100,59,33,17,76,76,26,0
3,50,101,99,60,20,54,107,134,147,155,147,141,143,129,112,107,68,23,9,77,101,51,0
0,44,99,71,20,8,36,102,123,138,145,132,116,110,84,86,101,53,7,7,74,112,73,8
12,17,30,14,8,10,34,82,108,125,130,129,86,89,77,95,100,52,0,0,9,57,13,3
0,14,5,10,7,1,50,67,82,81,90,105,77,94,79,72,101,50,6,1,2,7,14,12
10,12,14,13,31,23,37,73,86,97,98,85,103,106,74,66,62,44,28,23,16,10,2,5
1,4,9,13,23,59,73,128,139,117,109,155,158,141,117,87,103,77,14,6,6,4,0,0
8,7,12,11,59,112,127,160,186,187,179,182,176,149,143,130,117,62,59,9,8,9,3,3
12,10,12,22,71,118,142,166,194,223,236,222,221,221,171,143,134,115,51,17,13,11,11,6
4,9,17,30,48,103,154,196,218,271,255,278,254,247,227,189,146,116,72,40,13,7,0,0
2,5,6,32,60,87,150,182,198,197,212,203,204,233,201,172,140,114,52,24,25,18,10,2
0,5,11,13,79,100,135,161,174,173,177,150,139,159,155,156,139,118,91,44,13,9,3,0
13,3,10,22,53,102,113,144,166,143,121,113,111,123,132,135,124,103,87,44,11,6,9,3
3,2,1,14,17,100,109,109,114,109,101,19,55,101,105,107,119,104,80,12,11,12,10,7
0,0,0,10,13,55,101,110,105,103,66,12,65,101,105,103,106,89,25,12,11,7,6,1
12,8,13,0,9,19,91,103,97,88,69,12,102,103,104,102,66,90,14,5,4,7,5,0
4,11,8,5,8,10,14,75,89,70,30,13,64,80,78,100,102,61,12,6,8,6,0,0
5,5,9,5,4,0,13,21,32,39,22,27,58,77,101,100,62,12,3,2,3,3,0,0
5,10,10,5,6,4,6,12,14,31,13,25,54,72,70,60,45,13,12,10,8,11,4,8
0,8,0,0,0,7,10,10,6,11,8,27,69,102,72,60,47,0,3,0,1,0,0,0
3,0,1,3,3,4,1,0,4,12,6,8,53,62,63,64,51,0,0,3,0,0,0,2
4,0,0,4,5,1,1,2,8,12,5,1,50,52,62,60,51,4,0,3,0,0,0,0
0,0,0,9,3,4,3,4,10,12,6,8,28,55,57,59,43,4,0,8,0,0,0,0
0,0,0,2,4,2,7,6,9,11,11,12,25,59,59,58,43,0,0,0,0,0,0,3
0,0,8,10,3,7,3,5,9,12,14,14,32,58,57,60,13,2,1,0,0,0,0,0
0,7,4,9,4,0,0,4,3,11,13,14,43,52,53,50,11,0,8,2,0,0,0,0
0,6,6,4,5,10,3,6,12,7,12,24,29,53,55,57,12,3,3,0,0,0,1,0
2,0,0,6,6,10,4,11,11,13,14,9,40,39,60,59,7,2,0,6,0,0,5,0
0,0,0,6,8,5,9,12,9,15,32,14,14,51,58,50,17,3,0,0,0,0,0,1
11,11,11,12,2,8,0,0,14,14,36,51,51,55,59,53,14,12,11,11,2,0,3,0
2,8,16,9,5,10,11,8,4,13,17,53,54,71,85,50,17,10,12,12,1,0,4,1
6,9,2,10,11,6,11,0,11,13,26,60,86,177,168,58,27,13,11,11,8,3,0,0

0,0,0,0,0,0,0,0,3,0,8,51,68,64,57,14,6,0,2,0,0,0,0,0
0,0,0,0,0,0,0,0,0,1,17,68,120,133,93,70,11,9,0,0,0,0,0,5
0,0,0,0,0,0,0,0,0,1,22,102,121,127,106,31,7,0,0,0,0,0,0,1
0,0,0,0,0,1,0,0,0,0,5,69,88,102,53,0,0,0,0,0,0,0,0,0
0,0,0,0,0,0,0,4,0,0,10,61,10,10,4,0,0,0,0,0,0,0,0,0
0,0,0,0,0,0,24,52,50,75,65,79,82,68,55,56,18,10,0,1,0,0,0,0
0,0,0,0,4,11,79,69,98,120,107,110,109,102,95,84,71,59,23,5,6,0,0,1
4,0,0,6,56,64,79,95,125,130,113,99,111,112,105,97,97,88,66,53,0,0,0,0
0,0,5,51,64,78,86,112,146,170,148,147,129,127,132,125,87,76,70,62,11,0,0,0
0,7,12,14,57,54,84,122,163,196,185,175,166,144,139,147,100,74,67,57,52,1,0,0
0,5,13,59,60,53,84,95,147,178,199,181,161,166,148,138,114,68,60,54,52,14,0,0
0,7,43,57,43,8,63,108,145,183,204,161,160,172,156,135,106,59,50,53,63,54,7,0
3,17,58,56,54,20,38,117,136,173,174,172,162,156,147,123,100,59,33,17,77,77,28,0
3,51,101,100,60,24,55,107,135,147,155,147,141,143,129,112,107,69,25,9,78,102,52,0
0,46,100,71,21,8,36,102,123,138,144,131,115,110,84,86,101,53,7,7,74,113,76,9
13,17,30,14,8,10,34,82,107,125,130,127,86,89,76,95,100,52,0,0,9,58,14,3
0,14,6,10,7,1,51,67,82,81,89,105,77,94,79,72,101,50,6,2,3,8,14,12
10,12,14,13,31,23,37,73,85,96,97,84,103,105,74,66,62,44,28,22,17,10,2,5
1,4,9,13,23,59,73,128,138,116,108,154,158,141,117,87,103,77,14,6,6,4,0,0
8,7,12,11,61,112,127,160,185,186,178,182,176,149,143,130,117,62,60,9,8,9,3,2
12,10,12,22,71,118,142,166,194,222,235,221,221,221,170,143,134,115,51,17,13,11,11,6
5,9,17,30,48,103,154,196,217,270,254,277,254,247,226,189,146,117,72,40,13,6,0,0
2,5,7,32,60,87,151,182,199,196,212,204,204,233,202,172,140,115,53,24,25,18,10,3
0,5,11,13,79,100,135,162,174,172,177,150,139,159,155,156,139,118,91,45,13,9,3,0
13,3,10,22,53,102,114,144,166,143,121,113,111,123,132,135,124,103,87,47,11,6,9,3
3,2,2,14,18,100,109,109,114,108,101,20,55,101,105,107,119,104,81,12,11,12,10,7
0,0,0,9,13,55,100,110,105,103,67,12,66,101,105,103,106,90,25,12,11,7,6,1
12,8,13,0,9,17,90,103,97,87,69,12,102,103,104,102,66,90,14,6,4,7,5,0
4,11,9,5,8,10,14,73,88,70,30,13,64,80,78,100,102,60,12,6,8,6,0,0
5,5,10,5,4,0,13,20,32,39,23,26,58,76,101,100,62,12,3,2,3,3,0,0
5,10,10,5,6,5,6,12,14,31,13,25,54,72,70,61,46,13,12,10,8,11,4,8
0,8,0,0,0,7,10,10,6,11,8,25,69,102,71,60,48,0,3,0,1,0,0,0
3,0,1,3,3,4,1,0,4,12,6,7,53,62,63,64,51,0,0,3,0,0,0,2
4,0,0,4,5,1,1,2,8,12,4,0,50,52,62,60,52,4,0,3,0,0,0,0
0,0,0,9,3,4,3,5,10,12,6,8,27,55,57,59,43,5,0,8,0,0,0,0
0,0,0,2,4,2,7,6,9,11,11,12,25,58,59,58,43,0,0,0,0,0,0,3
0,0,8,11,3,7,3,5,9,12,14,14,33,58,57,60,13,2,1,0,0,0,0,0
0,7,4,9,4,0,0,4,3,11,12,14,43,52,53,50,12,0,8,2,0,0,0,0
0,6,6,4,5,10,3,6,12,6,12,24,30,53,55,57,12,3,3,0,0,0,1,0
2,0,0,7,6,10,4,11,10,13,15,10,39,39,60,59,7,1,0,6,0,0,5,0
0,0,0,6,8,5,9,13,9,15,31,14,14,51,58,50,18,3,0,0,0,0,0,1
11,11,11,12,2,8,0,0,14,14,34,51,51,55,59,53,14,12,11,11,2,0,3,0
2,8,16,9,5,10,11,8,4,13,18,53,54,71,85,50,16,10,12,13,2,0,4,1
6,9,2,10,11,6,11,0,11,13,25,60,85,174,165,58,27,13,11,11,8,3,0,0

0,0,0,0,0,0,0,0,4,0,9,52,68,64,57,14,6,0,2,0,0,0,0,0
0,0,0,0,0,0,0,0,0,1,20,69,121,133,92,70,11,9,0,0,0,0,0,5
0,0,0,0,0,0,0,0,0,1,23,102,122,127,106,31,7,0,0,0,0,0,0,1
0,0,0,0,0,1,0,0,0,0,5,69,89,102,52,0,0,0,0,0,0,0,0,0
0,0,0,0,0,0,0,4,0,0,10,62,10,10,4,0,0,0,0,0,0,0,0,0
0,0,0,0,0,0,23,52,50,75,65,79,82,68,55,56,18,10,0,1,0,0,0,0
0,0,0,0,4,11,79,69,98,120,107,110,109,102,95,83,71,58,23,5,6,0,0,1
4,0,0,6,56,64,80,95,125,130,113,98,111,112,105,97,97,88,66,53,0,0,0,0
0,0,5,51,65,78,86,112,147,170,148,146,129,127,132,125,87,76,70,62,12,0,0,0
0,7,12,14,57,55,84,123,164,197,185,175,166,144,139,147,100,74,67,57,52,1,0,0
0,5,13,59,60,53,84,95,148,178,200,181,161,165,148,138,114,69,60,54,52,14,0,0
0,7,44,57,43,8,64,108,145,184,204,162,160,172,156,135,106,59,50,53,63,55,7,0
3,19,58,56,54,20,38,117,136,172,174,172,162,155,147,124,100,59,33,18,77,77,28,0
3,53,102,100,61,25,54,107,134,146,154,146,141,143,129,112,107,68,25,9,78,102,52,0
0,49,101,70,21,8,36,102,123,138,144,131,115,110,84,86,101,54,8,7,74,114,77,9
13,17,31,14,8,10,33,81,107,124,129,127,86,88,76,95,100,52,0,0,9,58,14,3
1,14,6,10,7,1,50,67,81,80,89,104,77,93,78,72,101,49,6,2,3,8,14,12
10,12,15,13,31,23,37,73,84,96,96,84,102,105,73,66,62,44,28,23,17,10,2,5
1,4,9,13,23,59,73,128,138,116,108,153,157,140,116,87,103,78,14,6,6,4,0,0
8,7,12,11,60,112,127,159,185,185,177,181,175,149,143,130,117,62,60,9,8,9,3,2
11,10,12,21,71,117,142,165,194,222,235,221,220,220,170,143,134,115,51,17,13,11,11,6
5,9,17,30,48,103,155,196,218,271,254,277,254,247,226,189,146,116,72,40,13,6,0,0
2,5,7,33,60,87,152,183,199,197,212,204,204,233,201,172,140,114,52,24,25,18,10,2
0,5,11,13,78,101,136,163,175,173,177,151,140,159,155,156,139,118,90,45,13,9,3,0
13,3,10,23,53,103,114,145,166,143,121,113,112,123,132,135,124,103,87,45,11,7,9,2
3,2,2,15,18,101,109,110,114,109,101,20,56,101,105,107,119,104,81,12,11,12,10,7
0,0,0,10,13,56,101,110,105,103,66,12,66,101,105,103,106,90,25,12,11,7,6,1
12,8,13,0,9,20,93,103,97,88,70,12,102,103,104,102,66,90,14,5,4,7,5,0
4,11,8,5,9,11,14,74,89,71,30,13,64,80,78,100,102,60,12,6,8,6,0,0
5,5,10,5,4,0,14,21,32,39,24,26,58,76,101,100,62,12,3,2,3,3,0,0
5,10,10,5,6,5,7,12,14,32,13,25,54,72,70,60,45,13,12,10,8,11,4,8
0,8,0,0,0,8,10,10,6,11,8,28,69,102,71,60,50,0,3,0,1,0,0,0
3,0,1,3,3,4,1,0,4,12,6,7,53,62,63,64,51,0,0,3,0,0,0,2
4,0,0,4,5,1,1,2,8,12,5,1,50,52,61,60,52,4,0,3,0,0,0,0
0,0,0,9,3,4,3,5,10,12,6,8,28,55,57,59,43,5,0,8,0,0,0,0
0,0,0,2,4,2,7,6,9,11,11,12,25,58,59,58,44,0,0,0,0,0,0,3
0,0,8,10,3,7,3,5,9,12,14,14,33,58,57,60,13,3,2,1,0,0,0,0
0,7,4,9,4,0,0,4,2,11,13,14,43,52,53,50,12,0,8,2,0,0,0,0
0,6,6,4,5,10,3,6,12,7,12,24,29,53,55,57,12,3,3,0,0,0,1,0
2,0,0,7,6,10,4,11,10,13,18,10,40,39,60,59,7,2,0,6,0,0,5,0
0,0,0,6,8,5,9,13,9,15,31,14,15,51,58,50,19,3,0,0,0,0,0,1
11,11,11,12,2,8,0,0,14,14,34,51,51,55,59,53,14,12,11,11,2,0,3,0
2,8,16,9,5,10,11,8,4,13,17,53,54,71,85,50,16,10,12,12,2,0,4,1
6,9,2,10,11,6,11,0,11,13,25,60,85,174,165,58,26,13,11,11,8,3,0,0

0,0,0,0,0,0,0,0,4,0,9,53,69,64,57,14,7,0,2,0,0,0,0,0
0,0,0,0,0,0,0,0,0,1,24,70,121,133,92,69,11,9,0,0,0,0,0,5
0,0,0,0,0,0,0,0,0,1,27,102,122,127,106,31,6,0,0,0,0,0,0,1
0,0,0,0,0,1,0,0,0,0,5,69,90,102,52,0,0,0,0,0,0,0,0,0
0,0,0,0,0,0,0,3,0,0,9,62,10,10,4,0,0,0,0,0,0,0,0,0
0,0,0,0,0,0,22,52,50,75,64,78,82,68,54,56,17,10,0,1,0,0,0,0
0,0,0,0,4,11,79,69,97,120,107,110,109,101,95,84,71,58,22,5,6,0,0,1
4,0,0,7,56,65,80,95,125,130,113,98,111,112,105,97,97,88,66,53,0,0,0,0
0,0,5,51,65,78,86,112,147,170,148,146,129,127,132,125,87,76,70,62,11,0,0,0
0,7,12,14,57,55,84,123,165,198,185,175,166,144,139,148,101,75,67,57,52,1,0,0
0,5,13,60,60,53,84,95,148,180,201,182,162,166,149,139,115,69,60,54,52,14,0,0
0,7,44,57,43,8,64,108,145,184,206,162,161,172,157,135,106,59,50,53,63,54,7,0
3,20,59,56,54,20,38,117,136,173,174,172,162,155,147,124,100,60,33,19,77,77,30,0
3,53,102,100,61,24,54,107,134,146,154,146,141,143,129,112,107,69,27,9,78,102,52,0
0,49,101,71,23,8,36,102,123,137,143,130,115,109,84,85,101,54,8,7,74,115,78,9
13,17,31,14,8,10,32,81,107,123,129,127,85,88,76,94,100,52,0,0,9,58,14,3
1,14,6,10,7,1,50,67,81,80,88,104,77,93,78,72,101,49,6,2,3,8,14,12
10,13,15,13,31,23,38,73,84,95,96,83,102,105,73,66,62,44,28,23,18,11,2,5
1,4,9,13,23,59,73,127,138,116,107,153,156,140,116,87,103,77,14,6,6,4,0,0
8,7,12,11,60,112,127,159,184,185,177,181,175,149,142,129,117,62,59,9,8,9,3,2
12,10,12,21,71,118,142,165,193,221,234,221,220,220,170,143,134,115,51,17,13,11,11,6
5,9,17,30,48,103,155,197,218,270,254,276,253,247,226,189,146,116,72,40,13,6,0,0
2,5,7,33,60,87,153,183,199,197,212,203,203,233,201,172,140,114,53,24,25,18,10,2
0,5,11,13,80,101,136,163,176,174,177,151,140,159,155,156,139,118,90,45,13,9,3,0
13,3,11,23,54,103,115,145,167,143,121,113,112,123,132,135,124,103,86,45,11,7,9,3
3,2,2,15,18,101,109,110,114,109,101,22,57,101,105,107,119,104,81,12,11,12,10,7
0,0,0,10,13,56,101,110,105,103,67,12,66,101,105,103,106,89,27,12,11,7,6,1
12,8,13,0,9,20,92,103,97,88,70,12,102,103,104,102,66,91,14,5,4,7,5,0
4,11,9,5,9,11,14,76,89,72,32,13,63,80,78,100,102,61,12,6,8,6,0,0
5,5,10,5,4,0,14,20,33,40,25,26,58,76,101,100,62,12,3,3,3,3,0,0
5,10,10,6,6,5,7,12,14,32,13,25,54,72,70,61,45,13,11,10,8,11,4,8
0,8,0,0,0,7,10,10,6,11,9,27,69,102,72,60,48,0,3,0,1,0,0,0
3,0,1,3,3,4,1,0,4,12,6,7,53,62,63,64,51,0,0,3,0,0,0,2
4,0,0,4,5,1,2,2,9,12,5,1,50,52,62,60,52,4,0,3,0,0,0,0
0,0,0,9,3,4,3,5,10,12,6,8,29,55,57,59,44,5,0,8,0,0,0,0
0,0,0,2,4,2,7,6,9,11,11,12,25,58,59,58,43,0,0,0,0,0,0,3
0,0,8,10,3,7,3,5,9,12,14,14,34,58,57,60,13,3,2,1,0,0,0,0
0,7,4,9,4,0,0,4,2,11,13,14,43,52,53,50,12,0,8,3,0,0,0,0
0,6,6,4,5,10,3,6,12,7,12,25,29,53,55,57,12,3,3,0,0,0,1,0
2,0,0,6,6,10,4,11,11,13,18,10,40,39,60,59,7,2,0,6,0,0,5,0
0,0,0,6,8,5,9,13,9,15,31,14,16,51,58,50,18,3,0,0,0,0,0,1
11,11,11,12,2,8,1,0,14,14,33,51,51,55,59,53,14,12,11,11,2,1,3,0
2,8,16,9,5,10,11,8,4,13,18,53,54,71,85,50,17,10,12,12,1,0,4,1
6,9,2,10,11,6,11,0,11,13,25,60,85,174,165,58,26,13,11,11,8,3,0,0

0,0,0,0,0,0,0,0,4,0,9,53,69,64,57,14,6,0,2,0,0,0,0,0
0,0,0,0,0,0,0,0,0,1,24,70,122,133,91,68,11,9,0,0,0,0,0,5
0,0,0,0,0,0,0,0,0,2,27,102,123,127,106,30,6,0,0,0,0,0,0,1
0,0,0,0,0,1,0,0,0,0,5,70,90,102,52,0,0,0,0,0,0,0,0,0
0,0,0,0,0,0,0,3,0,0,10,62,10,9,4,0,0,0,0,0,0,0,0,0
0,0,0,0,0,0,22,52,50,75,64,78,81,67,54,56,17,9,0,1,0,0,0,0
0,0,0,0,4,11,79,69,97,120,107,110,108,101,95,83,71,58,22,5,6,0,0,1
4,0,0,7,56,65,80,95,125,130,113,98,111,111,105,96,96,88,66,53,0,0,0,0
0,0,5,51,65,78,86,113,147,170,148,146,129,127,132,125,87,76,70,62,11,0,0,0
0,7,12,14,57,55,84,124,166,199,186,176,166,144,139,148,101,75,67,57,52,1,0,0
0,5,13,60,60,53,84,96,148,180,202,182,163,166,149,139,115,69,60,54,52,15,0,0
0,7,45,58,44,8,64,108,145,185,206,162,161,172,157,135,106,59,50,53,63,54,8,0
3,21,59,56,54,21,38,117,135,173,174,171,163,155,147,123,100,59,32,19,77,77,31,0
3,53,102,100,61,25,54,107,134,146,153,146,141,142,129,112,107,69,25,9,78,102,53,0
0,50,102,71,22,8,35,102,122,137,143,130,115,109,84,85,101,53,8,7,74,116,79,9
13,18,31,14,8,10,33,81,106,123,128,126,85,88,76,94,100,52,0,0,9,58,14,3
1,15,6,10,7,1,50,67,80,80,88,104,77,93,78,72,101,48,6,2,3,8,14,12
10,13,15,13,31,23,37,73,83,95,95,83,102,104,73,66,62,44,28,22,18,11,2,5
1,4,9,13,23,59,73,127,137,115,107,153,156,140,116,87,103,77,14,6,6,4,0,0
8,7,12,11,61,112,127,159,184,184,177,181,175,148,142,129,117,62,59,9,7,9,3,2
11,10,12,21,71,118,142,165,193,221,234,221,220,220,170,143,133,115,51,17,13,11,11,6
5,9,17,30,49,104,155,197,218,270,253,276,253,246,226,189,146,116,71,40,13,6,0,0
2,5,7,33,60,88,153,183,199,197,212,203,204,233,201,172,140,114,53,25,25,18,10,2
0,5,11,13,79,101,137,164,176,174,177,151,140,159,155,156,139,118,90,45,13,9,3,0
13,3,11,23,54,103,115,146,167,143,121,113,112,123,132,135,124,103,86,45,11,7,9,2
3,2,2,16,20,101,109,110,114,109,101,22,57,101,105,107,119,104,80,12,11,12,10,7
0,0,0,10,13,56,101,110,105,103,67,12,66,101,105,104,106,89,27,12,11,7,6,1
12,8,13,0,9,22,93,103,97,88,70,12,102,103,104,102,66,91,14,5,4,7,5,0
4,11,9,5,9,11,14,76,89,72,32,13,63,80,78,100,101,60,12,6,8,6,0,0
5,5,10,5,4,0,14,20,33,40,25,27,58,76,101,100,62,12,3,3,3,3,0,0
5,10,10,5,6,5,7,12,14,32,13,25,54,72,70,61,45,13,12,10,8,11,4,8
0,8,0,0,0,7,10,10,6,11,9,26,69,102,72,60,50,0,3,0,1,0,0,0
3,0,1,3,4,4,1,0,4,12,6,8,53,62,63,64,51,0,0,3,0,0,0,2
4,0,0,4,5,1,2,2,9,12,6,1,50,52,62,60,52,4,0,3,0,0,0,0
0,0,0,9,3,4,3,5,10,12,7,8,29,55,57,59,44,6,0,8,0,0,0,0
0,0,0,2,4,2,7,6,9,11,11,12,27,58,59,58,44,0,0,0,0,0,0,3
0,0,8,11,3,7,3,6,9,12,14,14,34,58,57,60,13,3,2,0,0,0,0,0
0,7,4,9,4,0,0,4,2,11,13,14,44,52,53,50,12,0,8,2,0,0,0,0
0,6,6,4,5,10,3,6,12,7,12,25,30,53,55,57,12,3,3,0,0,0,1,0
2,0,0,6,6,10,4,11,10,13,19,10,40,39,60,59,7,2,0,6,0,0,5,0
0,0,0,6,8,5,9,12,9,15,31,14,15,51,58,50,18,3,0,0,0,0,0,1
11,11,11,12,2,8,1,0,14,14,33,51,51,55,59,53,14,12,11,11,2,0,3,0
2,8,16,9,5,10,11,8,4,13,18,53,54,71,85,50,16,10,12,12,1,0,4,1
6,9,2,10,11,6,11,0,11,13,26,60,85,174,165,58,26,13,11,11,8,3,0,0

0,0,0,0,0,0,0,0,4,0,9,53,69,64,57,14,6,0,2,0,0,0,0,0
0,0,0,0,0,0,0,0,0,2,26,71,122,133,91,69,11,9,0,0,0,0,0,5
0,0,0,0,0,0,0,0,0,2,27,102,123,127,105,29,7,0,0,0,0,0,0,1
0,0,0,0,0,1,0,0,0,0,6,70,91,102,52,0,0,0,0,0,0,0,0,0
0,0,0,0,0,0,0,3,0,0,10,62,10,10,4,0,0,0,0,0,0,0,0,0
0,0,0,0,0,0,22,52,50,75,64,78,81,67,54,56,17,9,0,1,0,0,0,0
0,0,0,0,4,11,79,69,97,119,107,109,108,101,94,83,71,58,22,5,6,0,0,1
4,0,0,7,56,65,80,95,125,129,113,98,111,111,104,96,97,88,66,53,0,0,0,0
0,0,5,51,65,78,86,112,147,170,148,146,129,127,131,125,87,76,70,62,11,0,0,0
0,7,12,14,58,55,84,123,166,199,185,175,166,144,139,148,101,75,67,57,52,1,0,0
0,5,13,60,60,53,84,96,148,180,202,182,162,166,149,139,115,69,60,54,52,15,0,0
0,7,45,58,44,8,64,108,145,185,206,163,161,172,157,135,106,59,50,53,64,54,7,0
3,21,59,56,54,21,38,118,135,173,174,172,163,155,147,124,100,60,32,19,78,77,33,0
3,54,102,100,61,27,54,107,134,146,153,146,141,143,129,112,107,69,27,10,79,102,53,0
0,51,102,71,23,8,35,102,122,137,143,130,115,109,84,85,101,54,8,7,74,116,78,9
13,18,31,14,8,10,31,81,106,123,128,126,85,88,76,94,100,52,0,0,10,59,14,3
1,15,6,10,7,1,50,67,80,79,87,104,77,92,78,72,101,48,6,2,3,8,14,12
10,13,15,13,31,23,37,72,83,94,95,83,102,104,73,66,62,44,28,23,18,11,2,5
1,4,9,13,23,59,73,127,137,115,107,152,156,140,116,86,102,77,14,6,6,4,0,0
8,7,12,11,61,112,127,159,184,184,177,180,175,148,142,129,117,62,60,9,8,9,3,2
11,10,12,21,71,118,142,165,193,221,234,221,220,220,170,143,133,114,51,17,13,11,11,6
5,9,17,30,48,104,155,197,218,270,254,276,253,246,226,189,146,116,72,40,13,7,0,0
2,5,7,33,61,88,153,183,199,197,212,203,203,233,202,172,140,114,53,24,25,18,10,2
0,5,11,13,79,101,137,164,176,174,178,151,140,159,155,156,139,118,90,45,13,9,3,0
13,3,11,24,54,103,115,146,167,144,121,113,112,123,132,135,124,103,87,47,11,7,9,3
3,2,2,17,20,101,109,110,114,109,101,24,59,101,105,107,119,103,81,12,11,12,10,8
0,0,0,10,13,56,101,111,105,103,67,12,66,101,105,104,106,89,27,12,11,7,6,1
12,8,13,0,9,22,96,103,97,88,70,12,102,103,104,102,66,91,14,5,4,7,5,0
4,11,9,5,9,11,14,78,90,72,33,13,64,80,78,100,102,61,12,6,8,6,0,0
5,5,10,5,5,0,14,20,33,41,26,26,58,76,101,100,62,12,3,3,3,3,0,0
5,10,10,6,6,5,7,12,14,32,13,25,54,72,70,61,45,13,12,10,8,11,4,8
0,8,0,0,0,7,10,10,6,11,9,29,69,102,71,60,50,0,3,0,1,0,0,0
3,0,1,3,4,4,1,0,4,12,6,8,53,62,64,64,51,0,0,3,0,0,0,2
4,0,0,4,5,1,2,2,9,12,6,1,50,52,62,60,52,4,0,3,0,0,0,0
0,0,0,9,3,4,3,5,10,13,7,9,29,55,57,59,44,6,0,8,0,0,0,0
0,0,0,2,4,2,7,6,9,12,11,12,27,58,59,58,44,0,0,0,0,0,0,3
0,0,8,11,3,7,3,6,9,12,14,14,35,58,57,60,13,3,2,1,0,0,0,0
0,7,4,9,4,0,0,4,1,11,13,14,45,52,53,50,12,0,8,3,0,0,0,0
0,6,6,4,5,10,3,6,12,7,12,24,30,53,55,57,12,3,3,0,0,0,1,0
2,0,0,6,6,10,4,11,11,13,19,10,40,39,60,59,7,2,0,6,0,0,5,0
0,0,0,6,8,5,9,13,9,14,31,14,15,51,58,50,20,3,0,0,0,0,0,1
11,11,11,12,2,8,1,0,14,14,34,51,51,55,59,53,14,12,11,11,2,1,3,0
2,8,15,9,5,10,11,8,4,13,18,53,54,71,85,50,15,10,12,13,2,0,4,1
6,9,2,10,11,6,11,0,11,13,26,60,85,174,166,58,26,13,11,11,8,3,0,0

0,0,0,0,0,0,0,0,4,0,9,53,69,64,57,14,7,0,2,0,0,0,0,0
0,0,0,0,0,0,0,0,0,2,26,71,123,134,91,68,11,10,0,0,0,0,0,5
0,0,0,0,0,0,0,0,0,2,30,102,123,127,105,31,6,0,0,0,0,0,0,1
0,0,0,0,0,1,0,0,0,0,6,70,92,102,52,0,0,0,0,0,0,0,0,0
0,0,0,0,0,0,0,3,0,0,10,62,10,10,4,0,0,0,0,0,0,0,0,0
0,0,0,0,0,0,22,52,50,75,64,79,81,67,54,56,17,9,0,1,0,0,0,0
0,0,0,0,4,11,79,69,97,119,107,110,108,101,95,83,71,58,22,5,6,0,0,1
4,0,0,7,56,65,80,95,125,130,113,98,111,112,105,96,97,88,66,53,0,0,0,0
0,0,5,51,65,78,87,113,147,170,148,146,129,127,132,125,87,76,70,62,11,0,0,0
0,7,12,15,58,55,84,123,166,198,185,175,166,144,139,148,101,74,67,57,52,1,0,0
0,5,13,60,60,53,84,96,148,179,201,182,162,166,149,139,115,69,60,54,52,15,0,0
0,7,46,58,44,8,64,108,145,183,205,161,160,172,156,135,106,59,50,53,63,54,7,0
3,21,59,56,54,20,38,117,135,172,174,172,162,155,147,123,100,59,33,19,77,77,31,0
4,53,102,100,61,27,54,107,134,146,154,146,141,143,129,112,107,69,27,10,79,102,53,0
0,50,102,70,22,8,36,102,123,137,143,130,115,109,84,85,101,53,8,7,74,116,78,9
13,17,31,14,8,10,33,81,106,123,128,126,85,88,76,94,100,52,0,0,9,58,14,3
1,15,6,10,7,1,51,67,80,79,88,104,77,93,78,72,101,49,6,2,3,8,14,12
10,13,15,13,31,23,37,72,83,94,95,83,102,104,73,66,62,44,28,23,17,11,2,5
1,4,9,13,23,59,73,127,137,115,107,152,156,140,116,86,102,76,14,6,6,4,0,0
8,7,12,11,60,112,127,159,184,185,177,181,175,149,142,129,117,62,59,9,7,9,3,2
11,10,12,21,71,118,142,165,193,221,234,221,220,220,170,143,134,115,51,17,13,11,11,6
5,9,17,31,49,104,155,197,218,270,254,276,254,247,226,189,146,116,72,40,13,7,0,0
2,5,7,33,61,88,154,184,200,197,212,204,204,233,202,172,141,114,53,24,25,18,10,2
0,5,11,13,80,101,137,165,176,174,178,152,140,159,155,156,139,118,90,45,13,9,3,0
13,3,11,23,54,103,115,146,168,144,121,113,112,123,132,135,124,103,87,48,11,7,9,3
3,2,2,17,21,101,109,110,114,109,101,26,60,101,105,107,119,104,81,12,11,12,10,7
0,0,0,10,13,57,101,111,105,103,68,12,66,101,105,104,106,90,27,12,11,7,6,1
12,8,13,0,9,23,95,103,98,88,71,12,102,103,104,102,66,91,14,6,4,7,5,0
4,11,9,5,9,11,14,78,90,73,32,13,63,80,78,100,101,61,12,6,8,6,0,0
5,5,10,5,5,0,14,20,33,41,26,26,58,76,102,100,62,12,3,3,3,3,0,0
5,10,10,6,6,5,7,12,14,33,13,25,54,72,70,61,46,13,12,10,8,11,4,8
0,8,0,0,0,7,10,10,6,11,9,27,69,102,72,60,50,0,3,0,1,0,0,0
3,0,1,3,4,4,1,0,4,12,6,8,53,62,64,64,51,0,0,3,0,0,0,2
4,0,0,4,5,1,2,3,9,12,6,1,50,52,62,60,52,4,0,3,0,0,0,0
0,0,0,9,3,4,3,5,10,13,7,9,29,55,57,59,45,6,0,8,0,0,0,0
0,0,0,2,4,2,7,6,9,11,11,12,27,58,59,58,44,0,0,0,0,0,0,3
0,0,8,11,3,7,3,6,9,13,14,14,35,58,57,60,13,3,2,1,0,0,0,0
0,7,4,9,4,0,0,4,1,11,13,14,45,52,53,50,12,0,8,3,0,0,0,0
0,6,6,4,5,10,3,6,12,7,12,25,30,53,55,57,12,3,3,0,0,0,1,0
2,0,0,6,6,10,4,11,11,13,21,10,40,40,60,59,7,2,0,6,0,0,5,0
0,0,0,6,8,5,10,13,9,16,32,14,18,51,58,50,20,3,0,0,0,0,0,1
11,11,11,12,2,8,1,0,14,14,35,51,51,55,59,53,14,12,11,11,2,1,3,0
2,8,16,9,5,10,11,8,4,13,18,53,54,71,85,50,16,10,12,13,2,0,4,1
6,9,2,10,11,6,11,0,11,13,26,60,85,175,166,58,27,13,11,11,8,3,0,0

0,0,0,0,0,0,0,0,4,0,9,54,69,64,56,14,7,0,2,0,0,0,0,0
0,0,0,0,0,0,0,0,0,2,30,72,124,134,91,68,11,10,0,0,0,0,0,5
0,0,0,0,0,0,0,0,0,2,28,102,124,128,105,33,6,0,0,0,0,0,0,1
0,0,0,0,0,1,0,0,0,0,6,71,93,102,53,1,0,0,0,0,0,0,0,0
0,0,0,0,0,0,0,3,0,0,10,63,10,10,4,0,0,0,0,0,0,0,0,0
0,0,0,0,0,0,23,52,50,75,65,79,82,68,55,56,17,9,0,1,0,0,0,0
0,0,0,0,4,11,80,69,98,120,107,110,109,102,95,83,71,58,22,5,6,0,0,1
4,0,0,7,57,65,80,95,125,130,113,99,111,112,105,97,97,88,66,53,0,0,0,0
0,0,5,51,65,78,87,112,147,170,148,147,129,127,132,125,87,75,70,62,11,0,0,0
0,7,12,15,58,55,84,123,164,197,185,175,165,143,139,147,100,74,67,57,52,1,0,0
0,5,13,60,60,53,84,95,147,178,199,180,160,165,148,138,114,68,60,54,52,15,0,0
0,7,45,58,44,9,64,108,144,182,202,160,158,170,155,134,106,59,50,53,64,54,7,0
3,20,59,56,54,20,38,117,135,171,173,171,161,154,146,123,100,59,33,18,77,77,28,0
3,53,102,100,61,24,54,107,134,146,154,146,140,143,129,112,107,68,25,9,78,102,52,0
0,49,101,70,21,8,36,102,123,137,144,131,115,110,84,86,101,53,7,7,74,114,76,9
13,17,30,14,8,10,34,81,107,124,129,127,86,88,76,94,100,52,0,0,9,58,14,3
1,14,6,10,7,1,50,67,81,80,88,104,77,93,78,72,101,50,6,2,3,8,14,12
10,12,15,13,31,23,37,72,84,95,96,84,102,105,73,66,62,44,28,22,17,10,2,5
1,4,9,13,23,59,72,127,137,116,107,152,156,140,116,86,102,77,14,6,6,4,0,0
8,7,12,11,60,112,127,159,184,185,177,181,175,149,143,129,117,62,59,9,7,9,3,2
12,10,12,21,71,118,142,165,193,221,234,221,220,220,170,143,134,115,51,17,13,11,11,6
5,9,18,31,49,104,155,197,218,270,254,277,254,247,226,190,146,116,72,40,13,7,0,0
2,5,7,33,61,88,154,184,200,197,213,204,205,234,202,173,141,114,53,24,25,18,10,3
0,5,12,13,80,101,137,165,176,174,178,152,140,160,156,156,139,118,90,44,13,9,3,0
13,3,11,24,54,103,115,147,168,144,121,113,112,123,132,135,124,103,86,48,11,7,10,3
3,2,2,17,20,101,109,110,114,109,101,26,59,101,105,107,119,103,81,12,11,12,10,7
0,0,0,10,13,56,101,111,105,103,69,12,66,101,105,104,106,90,27,12,11,7,6,1
12,9,13,0,9,23,96,103,98,89,71,12,102,103,104,102,65,90,14,6,4,7,5,0
4,11,9,5,9,11,15,78,90,72,33,13,64,80,78,100,102,61,12,6,8,7,0,0
5,5,10,5,5,0,14,20,34,41,26,27,58,76,101,100,62,12,3,3,3,3,0,0
5,10,10,6,6,5,7,12,14,33,13,25,54,73,70,61,46,13,12,10,8,11,4,8
0,8,0,0,0,7,10,10,7,11,9,28,69,102,72,60,50,0,3,0,1,0,0,0
3,0,1,3,4,4,1,0,4,12,6,8,53,62,63,64,51,0,0,3,0,0,0,2
4,0,0,4,6,1,2,3,9,12,6,2,50,52,62,60,52,4,0,3,0,0,0,0
0,0,0,9,3,4,3,5,10,13,7,9,29,55,57,59,43,6,0,8,0,0,0,0
0,0,0,2,4,2,7,6,9,12,11,13,27,58,59,58,44,0,0,0,0,0,0,3
0,0,8,11,3,7,3,6,9,12,14,15,35,58,57,60,13,3,2,1,0,0,0,0
0,7,4,9,4,0,0,4,1,10,13,14,46,52,53,50,12,0,8,3,0,0,0,0
0,6,6,4,5,10,3,6,12,7,12,25,30,53,55,57,12,3,3,0,0,0,1,0
2,0,0,6,6,10,4,11,11,13,20,10,41,40,60,59,7,2,0,6,0,0,5,0
0,0,0,6,8,5,9,13,9,14,32,14,17,51,58,50,20,3,0,0,0,0,0,1
11,11,11,12,2,8,1,0,14,14,35,51,51,55,59,53,14,12,11,11,2,1,3,0
2,8,16,9,5,10,11,8,4,14,18,53,54,71,85,50,17,10,12,13,2,0,4,1
6,9,2,10,11,6,11,0,12,13,26,60,85,175,166,58,27,13,11,11,8,3,0,0

0,0,0,0,0,0,0,0,4,0,10,54,70,64,57,14,7,0,2,0,0,0,0,0
0,0,0,0,0,0,0,0,0,2,29,72,125,134,91,68,11,9,0,0,0,0,0,5
0,0,0,0,0,0,0,0,0,2,31,103,124,128,105,34,6,0,0,0,0,0,0,1
0,0,0,0,0,0,0,0,0,0,6,71,92,102,53,1,0,0,0,0,0,0,0,0
0,0,0,0,0,0,0,3,0,0,10,63,10,10,4,0,0,0,0,0,0,0,0,0
0,0,0,0,0,0,24,52,50,76,64,79,82,68,55,56,17,10,0,1,0,0,0,0
0,0,0,0,4,11,80,69,98,120,107,110,109,102,95,84,71,58,23,5,6,0,0,1
4,0,0,7,57,65,80,95,125,130,113,98,111,112,105,97,97,88,66,53,0,0,0,0
0,0,5,51,65,78,87,112,147,169,148,147,129,127,132,125,87,76,70,62,12,0,0,0
0,7,12,15,58,55,84,123,164,197,185,175,165,143,138,147,100,74,67,57,52,1,0,0
0,5,13,60,60,53,84,95,147,177,199,180,160,164,148,138,114,68,60,54,52,14,0,0
0,7,45,57,44,8,64,108,144,182,202,159,158,170,155,134,106,59,50,53,63,54,7,0
3,21,59,56,54,20,38,117,135,171,173,170,160,154,147,123,100,60,33,18,78,77,29,0
3,53,102,100,60,23,54,107,134,146,153,146,140,142,129,112,107,69,25,9,78,102,52,0
0,49,101,70,21,8,36,102,123,137,143,130,115,109,84,85,101,54,7,7,74,114,77,9
13,17,30,14,8,10,33,81,107,124,129,127,85,88,76,94,100,52,0,0,9,57,14,3
1,14,6,10,7,1,50,67,81,80,88,104,77,93,78,72,101,49,6,2,3,8,14,12
10,12,15,13,31,23,37,72,83,95,96,84,103,105,73,66,62,44,28,23,17,10,2,5
1,4,9,13,23,59,72,127,137,116,107,152,156,140,116,86,102,77,14,6,6,4,0,0
8,7,12,11,61,112,127,159,184,185,176,181,175,149,142,129,117,62,59,9,7,9,3,2
12,10,12,21,71,118,142,165,194,221,234,221,220,220,170,143,134,115,51,17,13,11,11,6
5,9,17,31,49,104,156,197,218,270,254,276,254,247,227,190,146,116,72,40,13,7,0,0
2,5,7,33,61,88,154,184,200,197,213,204,205,234,202,173,140,114,53,24,25,19,10,2
0,5,12,13,79,101,137,165,177,175,179,152,141,160,156,156,139,118,90,44,13,9,3,0
13,3,11,24,55,103,116,147,168,144,121,113,112,123,132,135,124,103,86,47,11,7,10,3
3,2,2,16,20,101,109,110,114,109,101,27,59,101,105,107,119,103,82,12,11,12,10,8
0,0,0,10,13,57,101,111,105,103,68,12,66,101,105,104,106,89,27,12,11,7,6,1
12,9,13,0,9,25,96,103,98,88,71,12,102,103,104,102,66,91,14,6,4,7,5,0
4,11,9,5,9,11,15,78,90,73,34,13,64,80,79,100,101,61,12,6,8,7,0,0
5,5,10,5,5,0,14,20,33,41,27,27,58,76,102,100,62,12,3,3,3,3,0,0
5,10,10,6,6,5,7,12,14,33,13,25,54,72,70,61,46,13,12,10,8,11,4,8
0,8,0,0,0,7,10,10,7,11,9,28,69,102,71,60,50,0,3,0,1,0,0,0
3,0,1,3,4,4,1,0,4,12,6,8,53,62,63,64,51,0,0,3,0,0,0,2
4,0,0,4,6,1,2,3,9,12,6,2,50,52,62,60,52,4,0,3,0,0,0,0
0,0,0,9,3,4,3,5,10,13,7,8,29,55,57,59,44,6,0,8,0,0,0,0
0,0,0,2,4,2,7,6,9,12,11,12,27,58,59,58,44,0,0,0,0,0,0,3
0,0,8,11,3,7,3,6,9,13,14,15,35,58,57,60,13,3,2,1,0,0,0,0
0,7,4,9,4,0,0,4,1,10,13,14,45,52,53,50,12,0,8,3,0,0,0,0
0,6,6,4,5,10,3,6,13,7,12,25,31,53,55,57,12,4,4,0,0,0,1,0
2,0,0,6,6,10,4,11,11,13,22,10,40,39,60,59,7,2,0,6,0,0,5,0
0,0,0,6,8,5,9,13,9,15,31,14,18,51,58,50,20,3,0,0,0,0,0,1
11,11,11,12,2,8,1,0,14,14,35,51,51,55,59,53,14,12,11,11,2,1,3,0
2,8,16,9,5,10,11,8,4,14,19,53,54,71,85,50,16,10,12,13,2,0,4,1
6,9,2,10,11,6,11,0,11,13,25,60,85,175,166,58,26,13,11,11,8,3,0,0
