0,0,0,0,0,4,9,12,13,13,13,14,21,14,28,13,8,11,5,7,9,6,9,0
0,0,0,0,0,12,14,20,45,50,52,54,50,50,50,30,26,12,10,13,12,11,0,0
0,0,0,0,0,12,27,46,53,54,58,55,66,56,50,28,25,15,12,12,13,8,9,0
0,0,0,0,0,6,11,28,50,53,67,57,57,50,43,14,14,21,14,11,1,5,6,2
0,0,0,0,0,0,7,4,14,36,43,45,42,14,12,11,9,12,15,11,2,8,2,7
0,0,0,7,12,14,45,45,51,46,48,52,54,46,45,38,50,38,22,27,15,1,2,6
8,2,7,13,29,52,60,65,66,69,71,65,74,70,66,62,58,58,51,34,30,7,7,4
0,0,12,45,54,56,62,86,83,71,85,73,74,81,77,75,61,63,55,52,18,11,10,5
0,14,49,44,51,55,62,83,105,80,74,96,96,105,95,85,74,59,56,57,52,31,13,8
14,38,36,38,52,58,70,92,98,91,85,105,107,125,115,95,70,59,50,53,51,43,23,13
34,38,36,21,47,55,63,89,96,104,103,98,117,125,114,89,63,53,41,13,43,61,44,12
56,56,43,12,38,54,56,73,112,114,115,120,117,131,118,103,66,37,11,24,34,51,48,37
64,47,15,4,11,40,53,63,102,115,120,123,135,130,114,100,67,19,8,18,18,41,50,14
102,38,13,6,9,50,66,103,97,110,114,121,126,121,114,103,59,7,13,12,31,61,100,14
9,1,9,9,8,14,55,70,60,66,84,105,113,111,103,60,45,30,25,19,14,37,32,13
0,0,0,0,0,5,42,68,66,59,65,74,101,103,65,54,42,34,12,11,7,10,7,0
0,0,5,0,7,13,57,58,64,80,84,77,102,78,58,50,29,12,37,6,0,0,0,0
10,6,6,9,12,14,14,34,53,76,83,72,67,57,50,50,40,13,7,2,0,0,0,1
1,2,5,6,8,38,60,53,53,64,90,107,93,69,70,77,53,32,14,8,1,5,7,1
2,10,0,7,10,22,52,74,82,71,102,114,120,126,115,119,100,99,26,10,10,0,0,1
7,3,9,13,15,33,75,105,80,89,115,127,142,151,150,138,122,78,34,15,8,2,0,1
11,11,12,12,45,40,61,98,124,134,143,149,174,183,183,152,121,76,40,24,13,8,12,5
9,11,16,16,10,36,53,109,131,147,172,177,210,210,176,147,131,92,51,15,13,8,8,8
12,9,9,0,12,43,86,121,145,172,207,226,237,206,165,145,123,100,58,12,10,9,6,0
14,9,7,0,11,13,100,107,137,150,171,164,189,170,143,129,107,32,14,9,3,0,3,4
14,12,6,8,7,4,10,82,109,119,130,115,129,126,114,106,97,10,7,10,8,5,3,0
0,5,5,6,2,5,0,12,29,48,79,56,54,58,100,42,67,38,14,11,13,1,7,4
8,3,0,0,0,6,12,26,24,13,37,41,14,24,56,31,47,20,11,11,9,0,3,5
0,0,0,1,0,11,13,12,12,17,22,27,14,25,51,41,47,35,22,12,9,9,8,1
5,0,5,1,0,5,10,11,14,14,17,32,27,29,34,42,40,35,27,12,10,8,0,0
5,7,10,3,10,11,13,13,22,26,12,20,25,27,32,41,47,37,23,13,8,4,9,0
0,0,0,0,3,9,9,6,9,9,2,3,12,27,43,77,121,67,29,22,21,9,9,3
0,0,0,0,0,0,6,2,6,4,3,1,7,12,42,204,357,224,25,27,11,4,3,9
0,0,0,0,0,1,8,0,0,0,2,8,9,11,21,95,131,115,52,19,8,6,11,10
0,0,0,0,0,0,1,0,5,8,6,7,8,10,15,45,77,120,87,28,16,4,10,11
0,0,0,0,0,0,0,5,6,2,1,7,10,11,14,55,82,120,141,52,25,14,8,0
0,0,0,0,0,0,9,4,0,4,3,8,10,13,14,63,77,107,101,36,16,11,8,6
0,0,0,0,0,6,0,0,8,10,11,5,2,10,13,52,59,53,52,14,9,0,0,0
0,0,0,0,0,0,0,3,11,13,5,3,10,10,8,14,54,34,19,13,7,5,0,0
0,0,0,0,0,0,0,8,10,12,11,10,1,0,2,0,16,18,14,9,3,8,8,0
0,0,0,0,0,0,0,11,15,14,10,8,1,3,0,0,10,7,8,3,0,0,1,2
0,0,0,0,0,0,5,9,12,8,7,1,0,0,10,0,8,5,7,2,0,0,0,5
0,0,0,0,0,2,0,5,10,12,5,0,0,0,13,3,0,11,6,0,0,6,2,0
0,0,2,0,0,0,2,5,12,5,1,0,0,7,0,0,0,9,2,8,7,0,4,7

0,0,0,0,0,5,9,12,13,13,13,14,19,14,27,13,8,11,5,7,9,6,9,0
0,0,0,0,0,13,14,21,45,50,52,54,50,50,48,30,25,12,10,13,12,11,0,0
0,0,0,0,0,12,29,48,54,54,58,55,66,56,50,28,26,16,12,12,13,8,9,0
0,0,0,0,0,6,12,29,50,54,67,57,56,50,44,14,14,22,14,11,1,5,6,2
0,0,0,0,0,0,7,4,16,36,43,47,41,14,12,10,9,12,15,11,3,8,2,7
0,0,0,7,12,14,45,44,51,46,48,51,54,45,44,37,49,37,22,26,14,1,2,5
8,2,7,13,30,52,60,65,65,69,71,65,74,70,66,62,58,59,51,34,29,7,7,4
0,0,11,45,54,56,62,86,83,71,85,72,74,81,77,74,61,63,55,51,16,11,10,5
0,14,50,45,51,55,63,84,105,80,74,96,96,104,94,84,74,59,56,57,52,31,13,9
14,38,36,38,52,58,70,92,98,91,85,105,107,124,113,94,69,58,50,53,51,42,22,13
34,38,36,21,47,55,63,89,96,103,103,99,117,125,112,88,63,53,41,14,45,61,44,11
56,56,42,12,38,54,56,74,112,114,114,120,117,131,118,102,65,36,11,24,35,51,48,36
64,50,15,4,12,43,53,64,102,115,119,123,135,130,114,99,66,19,8,18,19,41,50,14
102,37,12,6,9,51,67,103,97,109,114,121,125,121,113,102,58,7,12,12,32,62,99,14
9,1,9,9,9,15,56,70,60,65,83,104,113,111,103,60,43,30,25,19,15,39,34,14
0,0,0,0,0,6,42,69,65,59,64,73,100,102,64,53,39,32,11,11,7,10,7,0
0,0,5,0,8,13,58,59,64,80,82,74,100,76,57,50,29,12,34,5,0,0,0,0
10,6,7,9,12,14,14,35,53,76,81,68,64,56,50,50,40,13,6,2,0,0,0,1
0,1,4,7,8,41,62,54,53,64,86,105,88,68,68,74,52,31,14,8,1,5,7,1
1,10,0,6,10,22,52,72,80,69,101,112,117,123,113,118,100,94,23,10,9,0,0,1
7,2,7,13,15,34,77,105,80,89,115,126,142,150,149,137,121,76,34,17,7,1,0,2
11,11,13,12,47,41,63,100,124,136,146,151,179,188,185,154,122,77,42,25,13,7,12,4
10,12,16,18,11,39,56,110,132,149,177,182,218,220,181,149,133,97,52,21,16,9,8,8
12,9,10,0,13,50,92,122,145,169,204,231,253,219,171,148,125,101,64,13,11,9,6,0
14,9,8,2,11,14,102,108,137,150,171,167,196,175,145,131,109,53,17,10,4,0,2,3
14,12,7,9,7,4,12,100,110,121,133,117,132,127,115,107,100,12,8,11,9,4,2,0
0,5,6,6,2,6,0,12,39,59,89,56,56,61,101,47,71,44,14,12,12,0,7,4
8,3,0,0,0,6,12,27,26,13,38,41,14,21,56,33,46,21,12,11,8,0,3,5
0,0,0,1,0,11,14,13,12,19,22,28,14,23,52,44,48,36,24,12,9,9,7,0
5,0,6,1,0,5,10,11,14,15,18,31,27,29,35,41,40,35,27,12,10,7,0,0
5,7,10,4,10,11,12,14,24,27,13,20,25,27,32,40,48,38,23,13,8,4,9,0
0,0,0,0,3,9,8,7,10,10,2,3,12,24,42,77,120,67,29,22,21,9,9,3
0,0,0,0,0,0,5,3,7,6,3,1,6,11,41,201,353,221,24,27,11,4,3,9
0,0,0,0,0,1,8,0,1,0,2,8,8,11,18,95,130,113,52,18,8,6,11,10
0,0,0,0,0,0,1,0,4,7,6,7,8,9,15,45,77,118,85,27,15,4,10,11
0,0,0,0,0,0,0,4,7,2,1,7,9,11,15,55,82,119,139,52,24,14,8,0
0,0,0,0,0,0,8,4,0,4,3,8,10,12,14,64,78,106,100,36,16,11,8,6
0,0,0,0,0,6,0,0,7,10,11,5,0,9,13,52,59,53,51,14,9,0,0,0
0,0,0,0,0,0,0,3,11,12,5,2,9,10,7,14,54,35,19,13,7,5,0,0
0,0,0,0,0,0,0,7,10,12,11,10,0,0,1,0,17,18,13,9,3,8,8,0
0,0,0,0,0,0,0,10,15,14,10,7,0,2,0,0,10,7,8,3,0,0,1,3
0,0,0,0,0,0,5,8,11,8,6,1,0,0,10,0,8,5,6,1,0,0,0,5
0,0,0,0,0,2,0,3,11,12,5,0,0,0,13,2,0,11,6,0,0,5,2,0
0,0,2,0,0,0,0,5,12,5,1,0,0,7,0,0,0,10,2,8,7,0,4,7

0,0,0,0,0,5,9,12,13,13,13,14,22,14,27,13,8,11,5,7,9,6,9,0
0,0,0,0,0,12,14,20,43,50,52,54,50,50,48,30,25,12,10,13,12,11,0,0
0,0,0,0,0,12,29,48,54,54,58,55,66,57,50,28,26,16,12,12,13,8,9,0
0,0,0,0,0,6,12,27,50,53,66,56,56,50,43,14,13,21,14,11,1,4,6,2
0,0,0,0,0,0,7,4,16,36,43,47,41,14,12,11,9,12,15,11,3,8,1,7
0,0,0,7,12,14,44,44,50,46,48,51,54,45,44,37,48,37,21,27,14,1,2,5
8,2,7,13,29,52,60,65,66,69,71,65,74,70,66,62,58,58,51,34,30,7,7,4
0,0,11,45,54,56,62,86,83,71,85,72,74,80,77,75,61,63,55,51,17,11,10,5
0,14,50,45,51,55,63,84,106,80,74,97,96,104,94,85,75,59,56,57,52,31,13,8
14,37,35,38,52,58,70,92,98,91,85,105,107,124,114,95,69,58,50,53,51,42,22,13
34,38,36,21,49,55,63,89,96,103,103,99,118,126,113,89,63,53,42,14,45,61,44,12
56,56,43,12,39,54,56,74,112,114,115,120,118,131,118,102,65,36,11,24,35,51,48,36
64,50,16,5,12,44,53,64,102,115,120,123,135,130,114,100,67,19,9,18,19,42,51,14
103,37,13,6,9,51,67,103,97,109,114,121,125,121,113,102,58,7,12,12,32,61,100,14
10,2,10,10,9,16,56,71,60,65,83,104,113,111,102,60,44,30,25,19,15,39,34,14
0,0,0,0,0,6,42,69,65,59,64,73,100,102,64,53,39,32,11,11,7,10,7,0
0,0,5,0,8,13,57,58,64,79,82,74,100,76,57,50,28,12,36,5,0,0,0,0
10,7,7,10,12,14,14,35,52,75,81,67,64,56,50,50,40,13,6,2,0,0,0,1
1,2,5,7,8,45,62,53,53,64,85,105,89,68,68,75,52,31,14,8,1,5,7,1
1,10,0,6,10,25,52,73,79,69,101,112,118,124,113,118,100,95,24,10,9,0,0,1
7,2,8,14,16,35,77,105,80,90,116,128,143,152,149,137,121,76,34,18,7,1,0,2
11,11,13,12,47,41,63,100,125,137,148,155,182,190,186,154,122,77,42,26,13,7,11,5
10,12,17,18,12,40,57,110,133,150,180,186,222,223,182,150,133,97,52,22,16,9,8,8
12,9,10,0,14,50,95,123,145,170,204,232,257,221,172,148,126,102,63,13,11,9,6,0
14,9,8,2,11,15,102,108,137,149,171,167,197,175,146,132,109,52,17,11,4,0,2,4
14,12,7,9,7,4,13,100,110,121,133,116,132,127,115,107,100,12,8,11,10,5,3,0
0,5,6,6,3,6,0,12,39,59,89,56,57,61,101,48,71,46,14,12,12,0,8,4
8,3,0,0,0,6,13,27,26,13,39,40,14,24,56,34,47,21,12,11,9,0,3,5
0,0,0,2,0,12,14,13,12,19,23,28,14,23,52,45,48,35,23,12,9,8,7,0
6,0,6,2,0,5,10,11,14,16,19,31,27,29,35,41,40,34,26,12,10,7,0,0
5,7,10,4,10,11,12,14,25,28,13,20,25,26,32,40,47,37,21,13,8,3,9,0
0,0,0,0,3,9,9,7,10,10,3,3,12,23,40,76,119,66,28,21,21,9,9,3
0,0,0,0,0,0,5,4,7,6,3,2,6,11,40,202,348,216,24,26,11,4,3,9
0,0,0,0,0,1,8,0,2,0,2,8,8,11,19,96,129,111,51,18,8,5,11,10
0,0,0,0,0,0,0,0,4,7,5,7,8,9,17,46,77,116,84,27,15,4,10,11
0,0,0,0,0,0,0,4,7,2,1,7,9,11,16,55,83,118,137,52,24,14,8,0
0,0,0,0,0,0,8,4,0,3,2,8,10,12,14,66,79,107,99,35,16,11,8,6
0,0,0,0,0,6,0,2,5,9,11,4,0,9,13,53,59,53,51,14,9,0,0,0
0,0,0,0,0,0,0,4,11,12,4,2,9,10,7,14,55,36,19,13,7,5,0,0
0,0,0,0,0,0,0,6,10,12,10,9,0,0,1,0,19,18,13,9,3,8,8,0
0,0,0,0,0,0,0,9,14,14,9,7,0,2,0,0,10,7,8,3,0,0,1,2
0,0,0,0,0,0,4,7,11,8,6,1,0,0,10,0,8,5,6,1,0,0,0,5
0,0,0,0,0,2,0,2,10,12,5,0,0,0,13,2,0,11,6,0,0,6,2,0
0,0,2,0,0,0,0,5,12,5,0,0,0,7,0,0,0,9,2,8,7,0,4,7

0,0,0,0,0,5,9,12,13,13,13,14,21,14,27,13,8,11,5,7,10,6,9,0
0,0,0,0,0,13,14,20,45,50,52,54,50,50,48,30,26,12,10,13,12,11,0,0
0,0,0,0,0,12,29,48,53,54,58,55,66,55,50,27,25,15,12,12,13,8,9,0
0,0,0,0,0,6,12,28,50,53,67,57,56,51,43,14,14,21,14,11,1,5,6,2
0,0,0,0,0,0,7,4,15,36,43,46,41,14,11,11,9,12,15,11,2,8,1,7
0,0,0,7,12,13,45,44,50,46,48,52,53,45,44,37,49,37,21,27,14,1,2,6
8,2,7,13,28,52,60,65,66,69,71,65,73,70,66,62,58,59,51,34,29,7,7,4
0,0,11,45,54,56,62,87,83,71,85,72,73,80,77,75,61,63,55,51,17,11,10,5
0,14,50,44,51,55,63,84,106,80,74,96,95,104,94,85,75,59,56,57,52,31,13,8
14,38,35,39,52,58,71,93,98,91,85,105,107,124,114,95,70,58,50,53,51,42,22,13
34,38,36,21,49,55,63,90,97,104,103,99,118,126,114,89,63,53,43,14,45,61,44,11
56,56,43,12,39,54,56,74,112,115,115,120,118,131,119,103,65,37,11,24,35,51,48,36
64,48,15,5,12,44,54,64,103,116,120,123,135,130,114,100,67,19,9,18,19,42,50,14
103,38,13,6,9,52,67,103,98,110,114,121,125,121,113,102,58,7,12,12,33,61,100,14
10,2,9,9,9,16,56,70,60,65,83,103,112,110,102,60,44,29,25,19,16,39,35,14
0,0,0,0,0,6,42,69,65,59,64,73,98,102,64,53,39,33,11,11,7,10,7,0
0,0,5,0,8,13,57,58,64,79,81,74,99,76,57,50,27,12,34,5,0,0,0,0
10,7,7,10,12,14,14,35,52,75,81,66,63,55,49,49,40,13,6,2,0,0,0,1
0,1,5,7,8,45,62,53,53,64,85,105,87,67,67,73,52,30,14,8,1,5,7,1
1,10,0,6,10,28,52,73,79,69,101,112,117,123,113,117,100,94,22,10,9,0,0,1
7,1,8,14,17,35,78,106,81,91,116,128,143,151,149,136,121,75,34,17,7,1,0,2
12,11,13,12,50,41,65,101,126,139,150,156,182,190,185,153,121,76,41,26,13,7,12,5
10,12,18,18,13,41,58,111,134,153,182,187,223,223,182,149,132,95,51,20,15,9,8,8
12,9,10,0,14,53,100,124,146,171,206,234,257,220,171,148,125,101,62,12,11,9,6,0
14,9,8,2,12,19,103,109,138,151,172,168,197,175,145,131,109,50,16,10,4,0,2,4
14,12,7,9,7,5,13,101,110,122,134,117,133,127,115,107,100,12,8,11,10,5,3,0
0,5,6,6,3,6,0,12,40,62,91,57,57,61,101,47,69,43,14,12,12,0,8,4
8,3,0,0,0,6,13,29,28,14,39,44,15,24,56,33,47,19,12,11,9,0,3,5
0,0,0,2,0,12,14,13,12,20,23,29,14,22,52,43,45,35,23,12,9,8,7,0
6,0,7,2,0,5,10,12,14,17,19,31,27,29,35,41,41,35,26,12,10,7,0,0
6,7,10,4,10,11,12,14,26,28,13,20,25,26,32,40,47,37,21,13,8,3,9,0
0,0,0,0,3,9,9,8,11,11,3,4,12,24,41,76,119,66,28,22,21,9,9,3
0,0,0,0,0,0,5,4,8,6,3,2,6,11,38,202,348,214,24,26,11,4,3,9
0,0,0,0,0,1,8,0,2,0,2,8,8,11,20,96,129,111,51,19,8,5,11,10
0,0,0,0,0,0,0,0,3,7,5,7,8,9,16,45,77,115,84,26,14,4,10,11
0,0,0,0,0,0,0,4,7,2,1,7,9,11,15,55,83,118,137,52,24,14,8,0
0,0,0,0,0,0,8,5,0,2,1,7,10,12,14,66,79,107,99,35,16,11,8,6
0,0,0,0,0,6,0,3,5,9,11,4,0,9,13,53,59,53,51,14,9,0,0,0
0,0,0,0,0,0,0,4,11,12,4,1,9,10,7,14,55,35,19,13,7,5,0,0
0,0,0,0,0,0,0,4,10,12,10,9,0,0,1,0,19,19,13,9,3,8,8,0
0,0,0,0,0,0,0,7,14,14,9,7,0,2,0,0,10,8,8,3,0,0,1,2
0,0,0,0,0,0,3,7,10,9,6,1,0,0,10,0,9,6,7,1,0,0,0,5
0,0,0,0,0,2,0,2,10,12,5,0,0,0,13,1,0,11,6,0,0,5,2,0
0,0,2,0,0,0,0,5,12,4,0,0,0,7,0,0,0,9,3,8,7,0,4,7

0,0,0,0,0,5,9,12,13,13,13,14,19,14,27,13,8,11,5,7,9,6,9,0
0,0,0,0,0,13,15,21,43,50,52,54,50,50,50,30,25,12,10,13,12,11,0,0
0,0,0,0,0,12,27,47,53,54,58,55,67,56,50,29,26,16,12,12,13,8,9,0
0,0,0,0,0,6,12,29,50,53,67,56,56,51,46,14,14,22,14,11,1,5,6,2
0,0,0,0,0,0,7,3,16,35,42,45,41,14,11,11,9,12,15,11,2,8,1,7
0,0,0,7,12,13,45,45,50,46,48,52,53,45,44,37,49,37,22,27,14,1,2,6
8,2,7,13,28,52,60,65,66,69,71,65,73,69,66,62,58,58,50,32,29,7,7,4
0,0,11,45,54,56,62,87,83,71,85,72,73,80,77,75,61,63,55,51,16,11,10,5
0,14,50,44,51,55,63,84,105,80,74,96,95,104,94,85,74,59,56,57,52,31,13,8
14,39,36,40,53,58,71,93,98,91,86,106,107,125,114,96,70,59,50,54,51,42,22,13
34,38,36,21,49,55,63,90,97,104,103,99,118,126,114,89,63,53,42,14,45,61,43,11
56,56,43,12,40,54,56,75,113,115,115,121,118,132,119,103,66,36,11,25,36,51,48,37
64,48,15,5,12,45,53,65,103,116,120,123,135,130,114,100,67,20,9,18,19,41,50,14
103,39,13,7,9,52,68,103,99,110,114,121,125,121,114,102,58,7,12,13,35,61,101,14
10,2,10,10,9,16,56,70,60,65,83,103,112,110,102,59,43,29,25,19,17,40,35,14
0,0,0,0,0,6,42,69,65,59,64,72,98,102,64,53,39,32,11,11,7,10,8,0
0,0,5,0,9,13,57,58,64,80,81,74,99,76,57,50,27,12,34,5,0,0,0,0
10,7,7,10,12,14,14,35,53,75,80,66,63,55,49,49,40,13,6,2,0,0,0,1
0,1,4,7,8,45,63,54,53,64,84,105,86,67,67,72,52,30,14,8,1,5,7,1
1,11,0,6,10,29,53,73,80,69,101,112,117,123,113,117,100,94,23,10,9,0,0,1
7,1,8,14,17,35,79,106,81,91,116,128,143,151,148,136,121,74,33,17,7,1,0,2
12,12,13,12,50,42,65,101,127,139,150,157,183,190,186,153,121,76,41,25,13,7,11,5
10,12,18,19,13,41,60,112,134,154,183,188,223,224,182,149,132,95,51,21,15,9,8,8
12,10,10,0,14,53,100,124,146,171,207,234,259,222,172,148,125,101,63,13,11,9,6,0
14,9,8,2,12,19,103,109,139,151,173,168,197,176,145,131,109,51,16,11,4,0,2,4
14,13,7,9,7,5,13,101,111,122,134,117,133,127,115,107,100,12,8,11,10,5,3,0
0,5,6,6,3,6,0,13,42,63,91,56,56,61,101,47,70,43,14,12,12,0,8,4
8,3,0,0,0,6,13,30,29,14,40,42,14,25,56,34,47,20,12,11,9,0,3,5
0,0,0,2,0,12,14,13,13,20,23,28,14,22,51,40,45,33,23,12,9,8,7,0
6,0,7,2,0,5,10,12,14,17,20,32,27,29,34,41,40,34,27,12,10,7,0,0
6,7,10,4,10,11,12,14,26,29,13,20,25,26,32,40,47,37,21,13,8,3,9,0
0,0,0,0,4,9,9,8,11,11,3,4,12,25,42,76,118,66,28,22,21,9,9,3
0,0,0,0,0,0,5,4,8,6,3,2,6,11,39,202,347,215,24,26,11,4,3,9
0,0,0,0,0,1,8,0,2,0,2,8,8,10,17,96,128,111,51,18,8,5,11,10
0,0,0,0,0,0,0,0,3,7,5,7,8,9,17,46,77,116,84,26,14,4,10,11
0,0,0,0,0,0,0,4,7,2,1,7,9,11,16,55,83,118,137,52,25,14,8,0
0,0,0,0,0,0,8,5,0,2,1,7,10,13,15,66,80,107,99,35,16,11,8,6
0,0,0,0,0,6,0,4,6,8,11,4,0,9,13,53,59,53,51,14,9,0,0,0
0,0,0,0,0,0,0,4,11,12,3,1,8,10,7,14,55,36,19,13,7,5,0,0
0,0,0,0,0,0,0,0,10,11,10,9,0,0,0,0,19,19,14,9,3,8,8,0
0,0,0,0,0,0,0,5,14,14,9,7,0,1,0,0,10,8,8,3,0,0,1,2
0,0,0,0,0,0,2,7,10,8,6,1,0,0,10,0,8,6,7,1,0,0,0,5
0,0,0,0,0,2,0,1,10,12,5,0,0,0,13,1,0,11,6,0,0,5,2,0
0,0,2,0,0,0,0,5,12,4,0,0,0,7,0,0,0,10,3,8,7,0,4,7

0,0,0,0,0,5,9,12,13,13,13,14,19,14,27,13,8,11,5,7,10,6,9,0
0,0,0,0,0,13,14,21,45,50,52,54,51,50,48,30,25,12,10,13,12,11,0,0
0,0,0,0,0,12,29,47,53,54,58,55,65,56,50,27,26,15,12,12,13,8,9,0
0,0,0,0,0,6,12,27,50,54,66,57,56,50,44,14,13,21,14,11,1,5,6,2
0,0,0,0,0,0,7,4,16,35,41,46,42,14,11,10,9,12,15,11,2,8,1,6
0,0,0,7,12,13,45,45,50,46,48,51,54,45,44,37,49,37,21,27,15,1,2,6
8,2,7,13,28,52,60,65,66,69,71,65,73,70,66,62,58,59,51,33,29,7,7,4
0,0,11,45,54,56,62,87,83,71,85,72,73,80,77,75,61,63,55,52,16,11,10,5
0,14,50,44,51,55,63,84,106,80,74,96,96,104,94,85,74,59,55,57,52,30,13,8
14,38,36,40,52,58,71,93,98,91,86,106,107,125,114,96,70,58,50,54,51,42,22,13
35,38,35,21,49,55,64,90,97,104,104,99,118,126,114,90,63,53,41,14,45,60,44,12
56,56,44,12,41,54,56,75,113,115,116,121,118,132,119,103,66,38,11,25,36,51,48,37
64,50,16,5,12,46,54,65,103,116,120,123,135,130,115,100,67,20,9,18,19,42,50,14
103,38,13,7,9,52,67,103,99,110,114,121,125,121,114,102,58,7,12,13,36,62,101,14
10,2,10,10,9,16,56,71,60,65,83,103,112,110,102,59,43,30,25,19,17,39,35,14
0,0,0,0,0,6,42,69,65,59,64,72,98,102,64,53,39,33,11,11,7,10,8,0
0,0,5,0,9,13,57,58,64,80,81,74,99,76,57,50,26,12,34,5,0,0,0,0
10,7,7,10,12,14,14,35,53,75,80,66,63,55,49,49,40,13,6,2,1,0,0,1
1,2,5,7,8,48,63,54,53,64,85,105,87,67,67,73,52,31,14,8,2,5,6,1
1,11,0,6,10,29,53,73,80,69,101,112,117,123,112,117,100,93,22,10,9,0,0,1
8,1,8,14,17,35,79,107,81,91,116,128,143,150,148,136,121,74,33,17,7,1,0,2
11,11,13,12,50,41,65,102,127,140,151,158,183,190,185,153,121,76,41,25,13,7,11,4
10,12,18,19,13,41,60,112,134,154,184,189,224,224,182,149,132,95,51,21,16,9,8,8
12,10,10,0,14,53,100,125,147,172,207,235,259,221,171,148,125,101,63,13,11,9,6,0
14,10,8,2,12,20,104,109,139,152,173,168,197,176,146,131,109,51,16,11,4,0,2,4
14,13,7,9,7,5,14,101,111,122,135,117,133,127,115,107,100,12,8,11,10,5,3,0
0,5,6,6,3,6,0,13,42,66,92,57,56,61,101,46,69,43,14,12,12,0,8,4
8,3,0,0,0,6,13,30,29,14,40,42,14,23,56,33,46,20,12,11,9,0,3,5
0,0,0,2,0,12,14,13,13,20,25,27,14,23,51,41,47,33,22,12,9,8,7,0
6,0,7,2,0,5,10,12,14,17,20,31,27,29,34,41,40,34,26,11,10,7,0,0
6,8,10,4,10,11,12,14,26,29,13,20,25,26,33,40,47,38,21,13,8,3,9,0
0,0,0,0,3,9,9,8,11,11,3,4,12,24,40,76,118,66,28,21,21,8,9,3
0,0,0,0,0,0,5,5,8,6,3,2,6,11,39,201,347,214,24,26,11,4,3,9
0,0,0,0,0,1,8,0,3,0,2,8,8,11,18,96,128,111,51,18,8,5,11,10
0,0,0,0,0,0,0,0,3,7,5,7,8,9,16,46,77,116,84,26,15,4,10,11
0,0,0,0,0,0,0,4,7,1,0,7,9,10,16,55,83,118,137,52,25,14,8,0
0,0,0,0,0,0,8,6,0,1,1,7,10,13,14,67,80,107,99,35,16,11,8,6
0,0,0,0,0,6,0,4,7,8,11,4,0,9,12,53,59,53,51,14,9,0,0,0
0,0,0,0,0,0,0,4,11,12,3,0,8,9,7,14,55,36,20,13,7,5,0,0
0,0,0,0,0,0,0,0,10,11,10,9,0,0,0,0,21,19,14,9,3,8,8,0
0,0,0,0,0,0,0,3,14,14,9,6,0,1,0,0,10,8,8,3,0,0,1,2
0,0,0,0,0,0,2,6,11,8,6,0,0,0,10,0,8,5,6,1,0,0,0,5
0,0,0,0,0,2,0,0,10,12,5,0,0,0,13,1,0,11,6,0,0,5,2,0
0,0,2,0,0,0,0,5,12,4,0,0,0,6,0,0,0,9,3,8,7,0,4,7

0,0,0,0,0,5,9,12,13,13,13,14,21,14,27,13,8,11,5,7,10,6,9,0
0,0,0,0,0,13,14,20,45,50,52,54,51,50,48,30,25,12,10,13,12,11,0,0
0,0,0,0,0,12,29,48,53,54,58,55,67,56,50,29,25,16,12,12,13,8,9,0
0,0,0,0,0,6,12,29,50,53,66,56,56,51,43,14,14,22,14,11,1,5,6,2
0,0,0,0,0,0,8,4,16,37,43,45,41,14,11,10,9,12,15,11,3,8,2,7
0,0,0,7,12,13,44,45,51,46,48,51,53,45,45,37,48,38,21,27,15,1,2,5
8,2,7,13,29,52,60,65,66,69,71,65,74,70,66,62,58,59,51,34,29,7,7,4
0,0,11,43,54,56,62,87,83,71,85,72,74,81,77,75,61,63,55,51,15,11,10,5
0,14,50,45,51,55,63,85,106,80,74,96,96,104,94,85,75,59,55,58,52,31,13,8
14,39,35,38,52,58,71,93,98,91,85,105,107,124,114,95,69,59,50,53,51,42,21,13
35,38,36,22,50,55,64,90,97,104,103,99,117,125,113,89,63,53,43,14,45,60,44,12
56,56,42,12,39,54,56,75,113,115,115,120,117,131,118,102,66,36,11,24,36,51,48,36
64,50,16,5,12,47,54,65,103,116,120,123,135,130,114,100,67,20,9,18,19,41,50,14
103,37,13,6,9,52,67,103,99,110,114,121,125,121,113,102,58,7,12,12,32,61,100,14
10,2,10,10,9,17,56,71,60,66,83,104,112,111,102,59,44,30,25,19,17,40,35,14
0,0,0,0,0,6,42,68,66,59,64,73,99,102,64,54,39,33,12,11,7,10,8,0
0,0,5,0,9,13,58,59,65,80,82,74,99,76,57,50,28,12,34,5,0,0,0,0
10,7,7,10,12,14,14,35,53,76,80,66,63,55,49,49,40,13,6,2,0,0,0,1
1,2,5,7,8,50,64,54,53,64,85,105,87,67,67,73,52,30,14,8,2,5,6,1
1,11,0,6,10,28,53,73,79,69,101,112,117,123,112,117,100,94,22,10,9,0,0,1
8,1,8,14,17,35,79,107,82,92,117,128,143,150,149,136,121,74,34,17,7,1,0,2
11,11,13,12,49,41,65,102,127,140,151,158,183,190,185,153,121,76,41,25,13,7,11,4
10,12,18,19,14,41,60,112,135,155,185,190,224,225,183,149,132,95,51,21,16,9,8,8
12,9,10,0,14,53,100,125,147,172,208,235,260,221,172,148,125,101,63,13,11,9,6,0
14,10,8,2,12,23,104,110,139,152,173,169,197,176,145,131,109,51,16,11,4,0,2,4
14,13,7,9,7,5,14,101,111,123,135,117,133,128,115,107,100,13,8,12,10,5,2,0
0,5,6,6,3,6,0,13,44,68,93,57,57,62,101,48,71,46,14,12,12,0,8,4
8,3,0,0,0,6,13,30,27,14,38,42,14,24,57,33,46,20,12,11,8,0,3,5
0,0,0,2,0,12,14,14,13,21,24,28,14,23,51,41,47,34,23,12,9,8,6,0
6,0,7,2,0,5,10,11,14,17,19,31,26,29,34,41,40,34,26,11,10,7,0,0
6,8,10,4,10,11,12,14,26,29,13,20,25,26,32,40,48,37,21,13,7,3,9,0
0,0,0,0,3,9,9,8,11,11,3,3,12,24,41,76,118,66,28,21,21,8,9,3
0,0,0,0,0,0,5,5,8,7,3,1,6,11,38,201,347,214,24,26,11,4,3,9
0,0,0,0,0,1,8,0,3,0,2,8,8,11,18,96,128,111,51,18,8,5,11,10
0,0,0,0,0,0,0,0,3,7,4,7,8,8,16,45,77,116,84,27,15,4,10,11
0,0,0,0,0,0,0,4,7,1,0,7,8,10,16,55,83,118,137,52,25,14,8,0
0,0,0,0,0,0,8,6,0,1,0,7,10,13,14,67,80,108,99,35,16,11,8,6
0,0,0,0,0,6,0,4,7,8,11,4,0,9,12,53,59,53,51,14,9,0,0,0
0,0,0,0,0,0,0,4,11,12,3,0,9,10,7,15,55,38,20,13,7,5,0,0
0,0,0,0,0,0,0,0,10,11,10,9,0,0,0,0,21,19,14,9,3,8,8,0
0,0,0,0,0,0,0,2,15,14,9,6,0,1,0,0,11,8,8,3,0,0,1,3
0,0,0,0,0,0,1,5,11,8,6,0,0,0,9,0,9,5,7,1,0,0,0,5
0,0,0,0,0,2,0,0,10,12,6,0,0,0,13,1,0,11,6,0,0,5,2,0
0,0,2,0,0,0,0,5,12,4,0,0,0,6,0,0,0,10,3,8,7,0,4,7

0,0,0,0,0,5,9,12,13,13,13,14,22,14,28,13,8,11,5,7,10,6,9,0
0,0,0,0,0,13,14,20,45,50,52,54,50,50,48,30,25,12,10,13,12,11,0,0
0,0,0,0,0,12,29,48,54,54,58,55,66,57,50,29,26,16,12,12,13,8,9,0
0,0,0,0,0,6,12,28,50,54,66,56,55,51,43,14,14,21,14,11,1,5,6,2
0,0,0,0,0,0,8,4,17,36,43,46,43,14,12,11,9,12,15,11,2,8,2,7
0,0,0,7,12,14,45,45,50,46,47,51,54,45,44,37,48,37,21,27,14,1,2,5
8,2,7,13,29,52,60,65,66,69,71,65,74,70,66,62,58,58,51,34,29,7,7,4
0,1,11,45,54,56,62,87,84,71,85,72,74,81,77,75,61,63,55,51,17,11,10,5
0,14,50,45,51,55,63,85,106,80,74,96,96,104,94,85,75,59,56,57,52,31,13,8
14,38,35,39,52,58,71,93,98,91,86,106,107,124,114,95,69,59,50,53,51,41,21,13
34,38,36,22,50,55,64,90,97,104,104,99,118,125,113,89,63,53,41,14,45,60,44,12
56,56,44,12,40,54,56,75,113,115,115,121,118,131,118,102,65,36,11,24,35,51,48,36
64,50,16,5,12,47,54,65,103,116,120,123,135,130,114,100,67,20,9,18,19,42,50,14
103,37,13,7,9,52,67,103,99,110,114,121,125,121,113,102,58,7,12,12,35,62,100,14
10,2,10,10,9,20,56,71,60,66,83,104,112,110,102,60,44,30,26,19,17,40,35,14
0,0,0,0,0,6,42,69,65,59,64,73,99,102,64,53,39,33,11,11,7,10,8,0
0,0,5,0,9,13,57,59,65,80,82,74,100,76,57,50,26,12,35,5,0,0,0,0
10,7,8,10,12,14,14,35,53,76,80,66,63,55,49,49,40,13,6,2,0,0,0,1
1,2,5,7,9,50,64,54,53,64,85,105,87,67,67,72,52,30,14,8,2,5,6,1
1,11,0,6,10,28,53,73,79,69,101,112,117,123,112,117,100,93,21,10,9,0,0,1
8,1,8,14,18,36,80,107,82,92,117,128,143,150,149,136,121,75,34,17,7,1,0,2
11,12,13,12,50,41,66,102,128,141,152,158,184,190,186,153,121,76,41,25,13,7,11,4
10,12,18,19,14,42,60,113,135,156,185,190,224,224,183,149,132,95,51,21,16,9,8,8
12,10,10,0,14,54,100,125,147,173,208,235,260,222,172,148,125,101,63,13,11,9,6,0
14,10,8,2,12,24,104,110,140,152,174,169,198,176,146,131,109,52,18,11,4,0,2,4
14,13,7,9,7,5,14,101,111,123,135,117,133,128,115,107,100,12,8,12,10,5,2,0
0,5,6,6,3,6,0,13,43,68,93,57,57,61,101,48,70,43,14,12,12,0,8,4
8,3,0,0,0,6,13,31,28,14,40,42,14,25,56,33,47,23,12,11,9,0,3,5
0,0,0,2,0,12,14,14,13,20,24,28,14,23,51,41,47,35,23,12,9,8,6,0
6,0,7,2,0,5,10,11,14,17,19,31,27,29,34,41,40,34,26,11,10,7,0,0
6,8,10,4,10,11,12,14,26,29,13,20,25,26,32,40,47,37,21,13,7,3,9,0
0,0,0,0,3,9,9,8,11,11,3,3,12,23,41,76,118,66,28,21,21,9,9,3
0,0,0,0,0,0,5,5,8,7,3,2,6,11,40,200,347,215,24,26,11,4,3,9
0,0,0,0,0,2,8,0,3,0,2,8,8,10,18,95,128,111,51,18,8,5,11,10
0,0,0,0,0,0,0,0,3,6,4,7,8,8,17,45,77,116,84,26,15,4,10,11
0,0,0,0,0,0,0,4,7,1,0,7,9,11,17,55,82,118,137,52,25,14,8,0
0,0,0,0,0,0,8,6,0,1,0,7,9,13,14,66,80,107,100,36,16,11,8,6
0,0,0,0,0,6,0,4,8,8,10,4,0,9,12,53,59,53,51,14,9,0,0,0
0,0,0,0,0,0,0,4,11,12,2,0,8,9,7,14,55,37,20,13,7,5,0,0
0,0,0,0,0,0,0,0,10,11,10,9,0,0,0,0,22,20,14,9,3,8,8,0
0,0,0,0,0,0,0,1,14,13,9,6,0,1,0,0,11,8,8,3,0,0,1,3
0,0,0,0,0,0,1,5,11,8,6,0,0,0,10,0,8,6,7,1,0,0,0,5
0,0,0,0,0,2,0,0,10,12,6,0,0,0,13,1,0,11,6,0,0,5,2,0
0,0,2,0,0,0,0,5,12,5,0,0,0,6,0,0,0,9,3,8,7,0,4,7

0,0,0,0,0,5,9,12,13,13,13,14,22,14,27,13,8,11,5,7,9,6,9,0
0,0,0,0,0,13,14,20,45,50,52,54,50,50,48,30,27,12,10,13,12,11,0,0
0,0,0,0,0,12,27,47,54,54,58,55,67,56,50,31,25,16,12,12,13,8,9,0
0,0,0,0,0,6,12,28,50,54,67,57,57,50,45,14,13,21,14,11,1,5,6,2
0,0,0,0,0,0,8,4,15,36,43,45,41,14,11,10,9,12,15,11,2,8,2,7
0,0,0,7,12,14,45,45,50,46,48,51,53,45,44,36,49,37,21,27,15,1,2,6
8,2,7,13,29,52,60,65,66,69,71,65,74,70,66,62,58,59,51,33,29,7,7,4
0,1,11,45,54,56,62,87,83,71,85,72,74,80,77,75,61,63,55,51,16,11,10,5
0,14,50,44,51,55,63,85,106,80,74,96,95,104,94,85,74,59,56,57,52,31,13,8
14,39,36,40,53,58,71,93,99,91,86,106,107,125,114,95,70,59,50,53,51,42,22,13
34,38,36,21,50,55,64,90,97,104,104,99,118,126,114,89,63,53,42,14,45,61,44,11
56,56,44,12,40,54,56,75,113,116,116,121,118,132,119,102,65,36,11,24,36,51,48,36
64,50,16,5,12,47,54,65,103,116,120,123,135,130,114,100,67,20,9,18,19,42,50,14
103,38,13,7,9,52,68,103,100,110,114,121,125,121,114,102,58,7,12,12,35,62,101,14
10,2,10,10,10,18,56,70,60,65,83,103,112,110,102,60,43,30,26,19,17,40,35,14
0,0,0,0,0,6,42,69,65,59,64,73,98,102,64,53,39,33,11,11,7,10,8,0
0,0,5,0,9,13,57,59,65,80,82,74,99,76,57,50,27,12,36,5,0,0,0,0
10,7,8,10,12,14,14,35,53,76,81,66,63,55,49,49,40,13,6,2,0,0,0,1
0,2,5,7,9,50,64,54,53,64,85,105,87,66,67,72,52,30,14,8,2,5,6,1
1,11,0,6,11,31,53,74,80,69,101,112,117,123,112,117,100,93,22,10,9,0,0,1
8,1,8,14,17,36,80,107,82,92,117,128,143,151,148,136,121,73,33,17,7,1,0,2
12,12,13,12,50,42,67,103,128,141,153,159,184,191,186,153,121,76,41,25,13,7,12,4
10,12,18,19,14,41,60,113,135,156,186,191,224,225,182,149,132,94,51,20,15,9,8,8
12,9,10,0,15,53,100,125,147,173,209,237,260,222,171,147,125,101,62,13,11,9,6,0
14,9,8,2,12,24,104,110,140,152,174,169,198,176,145,131,109,51,17,11,4,0,2,4
14,13,7,9,7,5,14,101,112,123,135,118,133,128,115,107,100,13,8,12,10,5,2,0
0,5,6,6,3,6,0,13,44,68,93,57,56,61,101,47,69,43,14,12,12,0,8,4
8,3,0,0,0,6,13,31,29,14,40,42,14,27,57,33,47,21,12,11,9,0,3,5
0,0,0,2,0,12,14,14,13,20,24,29,14,23,52,43,45,35,23,12,9,8,6,0
6,1,7,2,0,5,11,12,14,18,20,31,27,29,34,41,41,34,26,11,10,7,0,0
6,8,10,4,10,11,12,14,26,29,13,20,25,26,32,40,47,37,21,13,7,3,9,0
0,0,0,0,3,9,9,8,11,11,3,4,12,25,42,76,118,66,28,21,21,9,9,3
0,0,0,0,0,0,5,5,8,7,3,2,6,11,38,200,347,214,23,26,11,4,3,9
0,0,0,0,0,2,8,0,3,0,2,8,8,11,18,96,128,111,51,18,8,5,11,10
0,0,0,0,0,0,0,0,3,6,4,7,8,8,17,46,77,116,84,25,15,4,10,11
0,0,0,0,0,0,0,4,7,2,0,7,9,10,17,55,83,118,137,52,25,14,8,0
0,0,0,0,0,0,8,6,1,0,0,7,10,13,14,67,80,107,99,35,17,11,8,6
0,0,0,0,0,6,0,4,8,8,10,4,0,9,12,53,59,53,51,14,9,0,0,0
0,0,0,0,0,0,0,3,11,12,2,0,8,9,7,15,55,36,20,13,7,5,0,0
0,0,0,0,0,0,0,0,10,11,10,9,0,0,0,0,22,20,14,9,3,8,8,0
0,0,0,0,0,0,0,1,14,13,9,6,0,1,0,0,11,8,8,3,0,0,2,2
0,0,0,0,0,0,1,5,11,8,6,0,0,0,10,0,9,6,7,1,0,0,0,5
0,0,0,0,0,2,0,0,10,12,6,0,0,0,12,0,0,11,6,0,0,5,2,0
0,0,2,0,0,0,0,6,11,5,0,0,0,6,0,0,0,10,3,8,7,0,4,7

0,0,0,0,0,5,9,12,13,13,13,14,19,14,27,13,8,11,5,7,10,6,9,0
0,0,0,0,0,13,14,21,45,50,52,54,50,50,50,30,26,12,10,13,12,11,0,0
0,0,0,0,0,12,27,47,53,54,57,55,66,55,50,28,25,16,12,12,13,8,9,0
0,0,0,0,0,6,12,28,50,54,67,56,56,50,44,14,14,21,14,11,1,5,6,2
0,0,0,0,0,0,7,4,15,36,43,45,42,14,11,10,9,12,15,11,2,8,2,6
0,0,0,7,12,13,45,45,51,46,48,51,54,45,44,37,49,37,21,27,15,1,2,6
8,2,7,13,28,52,60,65,66,69,71,65,73,70,65,62,58,58,51,34,29,7,7,4
0,1,11,45,54,56,62,87,84,71,85,72,73,80,77,75,61,63,55,51,17,11,10,5
0,14,49,45,51,55,63,85,106,80,74,96,95,104,94,85,75,59,56,57,52,31,13,8
14,39,36,39,53,58,71,94,99,92,86,106,108,125,115,96,70,59,50,54,51,42,22,13
34,38,35,22,48,55,64,90,97,105,104,99,118,126,114,89,63,53,41,14,45,60,44,11
56,56,44,12,42,54,56,76,114,116,116,121,118,132,119,103,66,36,11,25,36,51,48,37
64,48,16,5,12,47,54,65,104,116,120,123,135,130,114,100,67,20,9,18,19,42,50,14
103,39,13,7,9,52,68,103,100,110,114,121,125,120,113,102,58,7,12,12,36,62,101,14
10,2,10,10,10,18,56,70,60,65,83,103,112,110,102,59,43,29,25,19,17,40,35,14
0,0,0,0,0,6,42,69,65,59,64,72,98,101,64,53,38,33,11,11,7,10,8,0
0,0,5,0,9,13,57,58,65,80,81,74,99,75,57,50,26,12,34,5,0,0,0,0
10,8,8,10,12,14,14,35,53,76,81,66,62,55,49,49,40,13,6,2,0,0,0,1
1,2,5,7,9,50,64,54,53,64,84,105,86,66,67,72,52,30,14,8,2,5,6,1
1,11,0,6,11,32,53,74,81,69,101,112,117,123,112,117,100,93,22,10,9,0,0,1
8,1,8,14,18,36,80,107,82,92,117,129,143,150,148,136,121,73,33,17,7,1,0,2
12,12,13,12,50,42,67,103,128,142,153,159,184,191,185,152,121,76,41,25,13,7,11,5
10,12,18,20,14,41,61,113,136,157,187,191,225,225,182,149,131,93,51,20,15,9,8,8
12,10,10,0,17,55,100,125,148,173,209,237,260,222,172,148,125,101,63,13,11,9,6,0
14,10,8,2,12,24,104,110,140,153,174,169,198,177,146,131,109,52,17,11,4,0,2,4
14,13,7,9,7,5,15,102,112,123,136,118,133,128,115,107,100,13,8,12,10,5,2,0
0,5,6,6,3,6,1,13,44,69,93,57,58,62,101,48,70,44,14,12,12,0,8,4
8,3,0,0,0,6,13,30,30,14,40,43,15,24,57,35,46,20,12,11,8,0,3,5
0,0,0,2,0,12,14,14,13,20,24,28,14,23,51,40,46,34,23,12,9,8,6,0
6,1,7,2,0,5,10,12,14,17,19,32,27,29,35,41,40,34,26,11,10,7,0,0
6,8,10,4,10,11,12,14,26,29,13,20,25,26,32,40,47,37,21,13,7,3,9,0
0,0,0,0,3,9,9,8,11,11,3,4,12,23,41,76,118,66,28,21,21,9,9,3
0,0,0,0,0,0,5,5,8,7,3,2,6,11,37,200,347,214,24,26,11,4,3,9
0,0,0,0,0,2,8,0,3,0,2,8,8,10,18,96,128,111,51,18,8,5,11,10
0,0,0,0,0,0,0,0,3,6,4,7,8,9,15,45,77,116,84,26,15,4,10,11
0,0,0,0,0,0,0,4,7,1,0,7,9,11,17,55,83,118,137,52,26,14,8,0
0,0,0,0,0,0,8,7,0,0,0,7,9,13,14,66,80,108,99,36,17,11,9,6
0,0,0,0,0,6,0,4,8,8,10,4,0,9,13,53,59,53,51,14,9,0,0,0
1,0,0,0,0,0,0,3,11,12,2,0,8,9,7,14,55,37,20,13,7,5,0,0
0,0,0,0,0,0,0,0,10,11,9,9,0,0,0,0,22,19,14,10,3,8,8,0
0,0,0,0,0,0,0,1,14,13,8,6,0,1,0,0,11,8,8,3,0,0,2,3
0,0,0,0,0,0,1,5,11,8,6,0,0,0,9,0,9,6,7,1,0,0,0,5
0,0,0,0,0,2,0,0,10,12,6,0,0,0,12,0,0,11,6,0,0,5,2,0
0,0,2,0,0,0,0,5,11,5,0,0,0,6,0,0,0,10,3,8,7,0,4,7

0,0,0,0,0,5,9,12,13,13,13,14,19,14,27,13,8,11,5,7,10,6,9,0
0,0,0,0,0,13,14,21,46,50,52,54,51,50,48,30,26,12,10,13,12,11,0,0
0,0,0,0,0,12,27,48,53,54,58,55,66,55,50,27,25,15,12,12,13,8,9,0
0,0,0,0,0,6,12,28,50,53,67,57,56,50,43,14,14,21,14,11,1,5,6,2
0,0,0,0,0,0,8,4,14,36,41,45,42,14,11,10,9,12,15,11,2,8,2,7
0,0,0,7,12,13,45,45,50,46,48,51,53,45,44,37,49,37,21,27,15,1,2,5
8,2,7,13,28,51,60,65,66,69,71,65,73,70,66,62,58,59,51,33,29,7,7,4
0,0,11,45,54,56,62,87,84,71,85,72,73,80,77,75,61,63,55,51,16,11,10,5
0,14,49,46,51,55,63,85,106,80,74,96,95,104,94,85,75,59,55,57,52,30,13,8
14,40,37,39,53,58,71,94,99,92,86,106,108,125,115,96,70,59,51,53,51,42,22,13
34,38,37,21,49,55,64,90,98,105,104,100,119,127,114,90,63,53,43,14,44,60,43,11
56,56,44,12,40,54,56,76,114,116,116,121,118,132,119,103,65,37,11,25,36,51,48,36
65,50,17,5,12,47,54,65,104,116,120,123,135,130,114,100,67,20,9,19,19,42,50,14
103,38,13,7,9,53,68,104,100,110,114,121,125,120,113,102,58,7,12,13,36,62,101,14
10,3,10,10,10,18,56,71,60,65,83,103,112,110,102,59,43,30,25,19,18,40,36,14
0,0,0,0,0,6,42,68,65,59,64,73,98,102,64,53,39,33,11,11,7,10,8,0
0,0,5,0,9,13,57,59,65,80,81,74,98,76,57,50,26,12,34,5,0,0,0,0
10,8,8,10,12,14,14,35,53,76,81,66,62,54,49,49,39,13,6,2,1,0,0,0
1,2,5,8,9,51,65,54,53,64,84,105,86,66,67,72,52,30,14,8,2,5,6,1
1,11,0,6,11,31,52,74,80,69,101,112,117,122,112,117,99,93,21,10,9,0,0,1
8,1,8,14,18,36,80,107,82,92,117,129,143,151,148,136,121,74,33,17,7,1,0,2
12,12,13,12,50,42,66,103,128,142,154,159,185,191,185,152,120,75,41,25,13,7,11,4
10,12,18,20,14,42,60,114,136,158,187,191,225,226,183,149,132,95,51,21,16,9,8,8
12,10,10,0,17,55,100,126,148,174,210,237,261,222,171,147,125,101,63,13,11,9,6,0
14,10,8,2,12,25,104,110,140,153,174,169,198,177,146,131,109,53,17,11,4,0,2,4
14,13,7,9,7,5,17,101,112,124,136,118,134,128,115,107,100,13,9,12,10,5,2,0
0,5,6,6,3,6,1,13,47,69,94,57,57,62,101,48,69,46,14,12,12,0,8,4
8,3,0,0,0,6,13,31,29,14,39,42,14,28,56,33,48,21,12,11,9,0,3,5
0,0,0,2,0,12,14,14,13,21,25,28,14,23,52,43,46,35,23,12,9,8,6,0
6,1,8,2,0,6,10,12,14,17,21,32,28,29,35,42,40,34,27,11,10,7,0,0
6,8,10,4,10,11,12,14,26,29,13,20,25,26,32,40,47,37,21,13,7,3,9,0
0,0,0,0,3,9,9,8,11,11,3,4,12,23,42,76,118,66,28,21,21,9,9,3
0,0,0,0,0,0,5,5,8,7,3,2,7,11,39,200,347,214,24,26,11,4,3,9
0,0,0,0,0,2,8,0,3,0,2,8,8,10,16,95,128,110,51,18,8,5,11,10
0,0,0,0,0,0,0,0,3,6,4,7,8,9,17,45,77,116,84,27,15,4,10,11
0,0,0,0,0,0,0,4,7,1,0,7,9,10,16,55,83,118,137,52,25,14,8,0
0,0,0,0,0,0,8,7,0,0,0,7,9,13,15,66,81,108,100,36,17,11,8,6
0,0,0,0,0,6,0,4,8,8,10,3,0,9,13,53,59,53,51,14,9,0,0,0
1,0,0,0,0,0,0,3,11,12,2,0,8,9,7,14,55,37,20,13,7,5,0,0
0,0,0,0,0,0,0,0,10,11,9,9,0,0,0,0,22,20,14,9,3,8,8,0
0,0,0,0,0,0,0,0,14,13,9,6,0,1,0,0,11,8,8,3,0,0,2,3
0,0,0,0,0,0,1,5,11,8,6,0,0,0,10,0,8,6,7,1,0,0,0,5
0,0,0,0,0,2,0,0,10,12,6,0,0,0,13,0,0,11,6,0,0,5,2,0
0,0,2,0,0,0,0,5,11,5,0,0,0,6,0,0,0,10,3,8,7,0,4,7

0,0,0,0,0,5,9,12,13,13,13,14,19,14,27,13,8,11,5,7,10,6,9,0
0,0,0,0,0,13,14,20,45,50,52,54,51,50,50,31,26,12,10,13,12,11,0,0
0,0,0,0,0,12,29,48,53,54,58,55,66,56,50,28,26,15,12,12,13,8,9,0
0,0,0,0,0,6,12,29,50,53,66,56,56,50,45,14,13,22,14,11,1,5,6,2
0,0,0,0,0,0,8,4,17,36,43,48,42,14,11,11,9,12,15,11,3,8,2,7
0,0,0,7,12,13,45,45,50,46,47,51,54,45,45,37,49,38,21,27,14,1,1,6
8,2,7,13,29,52,60,65,66,69,71,65,73,70,66,62,58,59,51,34,29,7,7,4
0,1,11,44,54,56,62,87,84,71,85,72,74,80,77,75,60,63,55,51,15,11,10,5
0,14,50,45,51,55,63,85,106,80,74,96,95,104,94,85,75,59,56,57,52,31,13,8
14,38,35,40,53,58,71,94,99,91,86,106,107,125,115,96,70,59,50,53,51,41,22,13
35,39,36,23,50,55,64,91,98,105,104,99,118,126,114,89,63,53,43,14,45,61,44,11
56,56,43,12,42,54,56,76,114,116,116,121,118,132,119,103,66,37,11,24,36,51,48,36
64,50,17,5,12,48,54,65,104,116,120,123,135,130,114,100,67,20,9,18,19,42,50,14
103,38,13,7,9,52,67,103,100,110,114,121,125,120,113,102,57,7,12,12,35,62,101,14
10,3,10,10,10,21,56,71,60,66,83,103,112,110,102,59,44,29,25,20,18,40,36,14
0,0,0,0,0,6,42,69,65,59,64,73,98,102,63,53,39,32,11,11,7,10,8,0
0,0,5,0,9,13,58,59,65,81,82,74,99,76,57,50,26,12,34,5,0,0,0,0
10,8,8,10,12,14,14,35,53,76,81,66,63,55,48,49,40,13,6,2,0,0,0,1
1,2,5,8,9,51,65,55,53,64,84,105,86,66,67,72,52,30,14,8,2,5,6,1
1,11,0,6,11,31,53,73,80,69,101,112,117,123,112,117,100,92,22,10,9,0,0,1
8,2,8,14,18,36,81,108,83,93,117,129,143,150,148,136,120,73,33,17,7,1,0,2
12,12,13,12,50,42,67,103,129,142,154,160,185,191,185,152,120,75,41,25,13,7,11,4
10,12,18,20,14,42,62,114,136,159,188,192,226,226,182,149,132,93,51,21,15,9,8,8
12,9,10,0,16,55,100,126,148,174,210,237,261,223,171,147,125,101,63,13,11,9,6,0
14,10,8,3,12,28,104,111,141,154,175,169,199,177,146,131,109,53,18,11,4,0,2,4
14,13,7,9,7,5,17,102,112,124,136,118,133,128,115,107,100,13,9,12,10,5,2,0
0,5,6,6,3,6,1,13,46,71,95,57,57,61,101,50,69,44,15,12,12,0,8,4
8,3,0,0,0,6,13,29,29,14,39,41,15,25,56,35,47,19,12,11,8,0,3,5
0,0,0,2,0,12,15,14,13,21,26,28,14,23,52,45,46,35,23,12,9,8,7,0
6,1,7,2,0,5,10,12,14,17,20,31,27,29,35,41,40,34,26,11,10,7,0,0
6,8,10,4,10,11,12,14,26,29,13,20,25,26,32,40,47,37,21,13,7,3,9,0
0,0,0,0,3,9,9,8,11,11,3,4,12,24,40,76,118,65,28,22,21,9,9,3
0,0,0,0,0,0,5,5,9,7,3,2,7,11,37,200,348,214,24,26,11,4,3,9
0,0,0,0,0,2,8,0,3,0,2,8,8,11,15,95,128,110,51,18,8,5,11,10
0,0,0,0,0,0,0,0,3,6,4,7,8,8,17,46,77,116,84,27,15,4,10,11
0,0,0,0,0,0,0,4,7,1,0,7,8,10,17,55,82,118,137,52,26,14,8,0
0,0,0,0,0,0,8,7,0,0,0,7,9,13,15,67,81,108,100,35,17,11,9,6
0,0,0,0,0,6,0,4,8,8,10,3,0,9,13,53,59,53,51,14,10,0,0,0
1,0,0,0,0,0,0,3,11,12,2,0,8,9,7,15,55,38,20,13,8,5,0,0
0,0,0,0,0,0,0,0,10,11,9,9,0,0,0,0,22,20,14,10,3,8,8,0
0,0,0,0,0,0,0,1,14,13,8,6,0,1,0,0,11,8,8,3,0,0,2,3
0,0,0,0,0,0,2,5,11,8,6,0,0,0,10,0,9,6,7,1,0,0,0,5
0,0,0,0,0,2,0,0,10,12,6,0,0,0,13,0,0,11,6,0,0,5,2,0
0,0,2,0,0,0,0,6,11,5,0,0,0,6,0,0,0,10,3,8,7,0,4,7

0,0,0,0,0,5,9,12,13,13,13,14,21,14,27,13,8,11,5,7,9,6,9,0
0,0,0,0,0,13,14,20,45,50,52,54,51,50,48,30,25,12,10,13,12,11,0,0
0,0,0,0,0,12,29,48,54,54,58,55,66,56,50,29,26,16,12,12,13,8,9,0
0,0,0,0,0,6,12,29,50,53,66,56,56,51,44,14,14,21,14,11,1,4,6,2
0,0,0,0,0,0,8,4,16,37,43,46,41,14,11,11,9,12,15,11,3,8,1,7
0,0,0,7,12,14,45,45,50,46,48,51,53,45,44,37,49,37,21,27,15,1,2,6
8,2,7,13,30,52,60,65,66,69,71,65,74,70,66,62,58,58,51,33,29,7,7,4
0,1,12,45,54,56,62,88,84,72,85,72,74,81,77,75,61,63,55,51,17,11,10,5
0,14,50,46,51,55,63,85,106,81,74,96,95,104,94,85,75,59,56,57,52,31,13,8
14,38,36,40,52,58,71,94,98,91,85,105,107,124,114,95,69,59,50,53,51,42,22,13
35,38,36,22,49,55,64,90,97,104,103,99,117,125,113,89,63,53,43,14,45,60,43,11
56,56,42,12,41,54,56,75,113,115,115,120,117,131,118,102,65,36,11,24,36,51,48,36
64,50,17,5,12,48,54,65,103,116,120,123,135,130,114,100,66,20,9,18,19,42,50,14
103,37,13,7,9,52,68,103,100,110,114,121,125,121,113,102,58,7,12,12,33,62,100,14
10,2,10,10,10,21,56,72,61,66,84,104,112,110,102,60,43,30,26,19,18,40,35,14
0,0,0,0,0,7,42,69,66,60,64,73,99,102,64,53,39,33,11,11,7,10,8,0
0,0,5,0,9,13,57,60,65,81,82,74,100,76,57,50,27,12,34,5,0,0,0,0
10,8,8,10,12,14,14,35,53,76,81,66,63,55,49,49,40,13,6,2,1,0,0,0
1,2,5,8,9,51,65,54,53,64,84,105,87,67,67,73,52,30,14,8,2,5,6,1
1,11,0,6,11,31,53,73,80,69,101,112,117,123,112,117,100,94,22,10,9,0,0,1
8,2,8,14,18,36,80,108,83,93,117,129,143,150,149,136,121,74,33,17,7,1,0,2
12,12,13,12,50,42,68,104,129,143,155,160,185,192,186,152,121,75,41,25,13,7,11,4
10,12,18,20,14,42,61,114,136,159,188,192,226,225,183,149,131,94,51,21,15,9,8,8
12,10,10,0,16,53,100,126,148,174,211,238,261,223,171,147,125,101,63,13,11,9,6,0
14,10,8,2,12,28,104,111,141,154,175,170,199,177,146,131,109,54,19,11,4,0,2,4
14,13,7,9,7,5,20,102,112,124,136,118,134,128,115,107,100,13,9,12,10,5,2,0
0,5,6,6,3,6,1,13,46,71,95,57,57,62,101,48,71,46,14,12,12,0,8,4
8,3,0,0,0,6,13,30,29,14,39,42,14,25,56,34,46,19,12,11,8,0,3,5
0,0,0,2,0,12,14,14,13,20,26,29,14,23,52,44,46,36,23,12,9,8,6,0
6,1,8,2,0,5,10,12,14,18,20,32,27,29,35,41,40,34,26,11,10,7,0,0
6,8,10,4,10,11,12,14,26,29,13,20,25,26,33,40,47,38,22,13,7,3,9,0
0,0,0,0,3,9,9,8,11,11,3,4,12,23,41,76,118,66,28,22,21,8,9,3
0,0,0,0,0,0,5,5,9,7,3,2,6,11,39,200,347,214,23,26,11,4,3,9
0,0,0,0,0,2,8,0,3,0,1,8,8,10,16,95,128,111,51,18,8,5,11,10
0,0,0,0,0,0,0,0,3,6,4,7,8,8,17,46,77,116,84,27,15,4,10,11
0,0,0,0,0,0,0,4,7,1,0,7,8,11,16,55,83,118,137,52,26,14,8,0
0,0,0,0,0,0,8,7,0,0,0,7,9,13,16,67,81,108,100,35,17,11,8,6
0,0,0,0,0,7,0,4,8,8,10,3,0,9,13,53,59,53,51,14,10,0,0,0
1,0,0,0,0,0,0,2,11,12,2,0,8,9,7,15,55,38,20,13,7,5,0,0
0,0,0,0,0,0,0,0,10,11,9,9,0,0,0,0,22,19,14,10,3,8,9,0
0,0,0,0,0,0,0,1,15,13,8,6,0,0,0,0,11,8,8,3,0,0,2,3
0,0,0,0,0,0,2,5,11,8,6,0,0,0,9,0,9,6,7,1,0,0,0,6
0,0,0,0,0,2,0,0,10,12,6,0,0,0,12,0,0,11,6,0,0,5,2,0
0,0,2,0,0,0,0,6,11,5,0,0,0,6,0,0,0,10,3,8,7,0,4,7

0,0,0,0,0,5,9,12,13,13,13,14,20,14,28,13,8,11,5,7,9,6,9,0
0,0,0,0,0,13,14,20,45,50,52,54,51,50,50,30,25,12,10,13,12,11,0,0
0,0,0,0,0,12,27,47,53,54,58,55,66,56,50,28,25,15,12,12,13,8,9,0
0,0,0,0,0,6,12,30,50,54,68,57,57,50,44,14,14,21,14,11,1,5,6,2
0,0,0,0,0,0,8,4,15,36,42,46,41,14,12,11,9,12,15,11,2,8,1,7
0,0,0,7,12,14,45,45,51,46,48,51,54,45,45,37,49,38,21,27,15,1,2,6
8,2,7,13,31,52,60,65,66,69,71,65,74,70,66,62,58,59,51,33,29,7,7,4
0,1,12,45,54,56,62,88,84,72,85,72,74,81,77,75,61,63,55,52,16,11,10,5
0,14,50,45,51,55,63,85,106,80,74,96,96,104,94,85,74,59,56,57,52,31,13,8
14,40,37,40,52,58,71,93,99,91,85,105,107,124,113,95,69,59,50,54,51,42,22,13
34,38,36,21,49,55,64,90,97,104,103,98,117,125,113,89,63,53,41,14,45,60,43,11
56,56,44,12,42,54,56,75,113,115,115,120,117,131,118,102,65,36,11,24,35,51,48,36
64,48,17,5,12,47,54,65,103,116,120,123,135,130,114,100,66,19,9,18,19,41,49,14
102,38,13,7,9,52,68,104,100,110,114,121,125,121,113,102,58,7,12,12,35,62,100,14
10,2,10,10,10,21,56,71,60,66,83,104,112,110,102,60,43,30,25,19,17,40,35,14
0,0,0,0,0,7,45,69,66,60,64,73,100,102,64,54,39,33,11,11,7,10,8,0
0,0,5,0,9,13,57,60,65,81,82,74,100,76,57,50,27,12,34,5,0,0,0,0
11,8,8,10,12,14,14,35,53,76,81,66,63,55,49,49,40,13,6,2,0,0,0,1
1,2,5,8,9,51,65,55,53,64,84,105,87,66,67,72,52,30,14,8,2,5,6,1
1,11,0,6,11,32,53,74,80,69,101,112,117,123,112,117,100,94,21,10,9,0,0,1
8,1,8,14,18,36,80,108,83,93,117,129,143,150,149,136,120,73,33,17,7,1,0,2
12,12,13,12,50,42,68,104,129,143,155,160,185,191,186,153,120,75,41,25,13,7,12,4
10,12,18,20,14,42,61,114,136,159,189,193,226,226,183,149,131,94,51,20,15,9,8,8
12,10,10,0,20,55,100,126,148,175,211,238,262,223,172,147,125,101,63,13,11,9,6,0
14,10,8,2,12,29,104,111,141,154,175,170,199,177,146,131,109,53,18,11,4,0,2,4
14,13,7,9,7,6,22,102,112,124,136,118,134,128,115,107,100,13,9,12,10,5,2,0
0,5,6,6,3,6,1,13,46,71,95,58,57,61,101,48,68,43,14,12,12,0,8,4
8,4,0,0,0,6,14,31,29,14,40,43,14,28,56,34,47,20,12,11,9,0,3,5
0,0,0,2,0,12,16,14,13,22,25,28,14,24,51,43,47,35,23,12,9,8,6,0
6,1,8,2,0,5,10,12,14,18,20,32,27,29,35,42,40,34,27,11,10,7,0,0
6,8,10,4,10,11,12,14,26,29,13,20,24,25,32,40,47,37,21,13,7,3,9,0
0,0,0,0,3,9,9,8,11,11,4,4,12,23,41,76,118,66,28,22,21,9,9,3
0,0,0,0,0,0,5,5,9,7,3,2,7,11,38,200,347,214,24,26,11,4,3,9
0,0,0,0,0,2,8,0,3,0,2,8,8,11,18,95,128,111,51,19,8,5,11,10
0,0,0,0,0,0,0,0,3,6,4,7,8,8,17,45,77,116,84,26,15,4,10,11
0,0,0,0,0,0,0,4,7,1,0,7,9,11,17,55,83,118,137,52,26,14,8,0
0,0,0,0,0,0,8,7,0,0,0,7,9,13,15,66,81,108,100,35,17,11,9,6
0,0,0,0,0,7,0,4,8,8,10,3,0,9,13,53,59,53,51,14,10,0,0,0
1,0,0,0,0,0,0,2,11,12,1,0,8,9,6,14,55,36,20,13,8,5,0,0
0,0,0,0,0,0,0,0,10,11,9,9,0,0,0,0,22,20,14,10,3,8,9,0
0,0,0,0,0,0,0,1,14,13,8,6,0,0,0,0,11,8,8,3,0,0,2,3
0,0,0,0,0,0,2,5,11,8,6,0,0,0,10,0,9,6,7,1,0,0,0,6
0,0,0,0,0,2,0,0,10,12,6,0,0,0,12,0,0,11,6,0,0,5,2,0
0,0,2,0,0,0,0,6,11,5,0,0,0,6,0,0,0,10,3,8,7,0,4,7

0,0,0,0,0,5,9,12,13,13,13,14,20,14,27,13,8,11,5,7,9,6,9,0
0,0,0,0,0,13,14,20,46,50,52,54,51,50,50,31,27,12,10,13,12,11,0,0
0,0,0,0,0,12,27,48,53,54,58,55,65,56,50,27,25,15,12,12,13,8,9,0
0,0,0,0,0,6,12,30,50,54,67,57,56,50,44,14,14,21,14,11,1,5,6,2
0,0,0,0,0,0,8,4,17,36,42,46,42,14,11,11,9,12,15,11,3,8,1,7
0,0,0,7,12,14,45,45,51,46,48,51,53,45,44,37,49,37,21,27,15,1,2,6
8,2,7,13,29,52,60,65,66,69,71,65,73,70,66,62,58,58,51,32,29,7,7,4
0,1,12,45,54,56,62,88,84,71,85,72,73,80,76,75,61,63,55,51,16,11,10,5
0,14,50,45,51,55,63,85,106,80,74,96,95,103,94,85,75,59,56,57,52,31,13,8
14,41,37,40,53,58,71,94,99,92,86,106,108,124,114,95,70,59,50,53,51,42,21,13
34,38,36,22,48,55,64,90,98,104,104,99,118,126,113,89,63,53,43,14,45,60,43,11
56,56,44,12,42,54,57,76,114,116,116,121,118,131,118,102,65,36,11,25,36,51,48,36
64,48,16,5,12,48,54,65,104,116,120,123,135,130,114,100,67,19,9,18,19,42,50,14
103,38,13,7,9,52,68,104,100,110,115,121,125,121,113,102,58,7,12,12,36,62,100,14
10,2,10,10,10,20,56,71,60,66,83,103,112,110,102,59,43,30,25,19,17,40,35,14
0,0,0,0,0,7,43,69,66,60,64,73,99,102,64,53,39,33,11,11,7,10,8,0
0,0,5,0,9,13,58,59,65,81,82,74,99,76,57,50,27,12,34,5,0,0,0,0
10,8,8,10,12,14,14,36,53,76,81,66,62,55,49,49,40,13,6,2,0,0,0,1
1,2,5,8,9,51,65,54,53,64,85,105,86,66,67,72,52,30,14,8,2,5,6,1
1,11,0,6,11,32,53,74,80,69,101,112,117,122,112,117,100,93,22,10,9,0,0,1
8,1,8,14,18,36,81,108,83,93,117,129,143,150,148,136,121,73,33,17,7,1,0,2
12,12,13,12,50,42,68,104,130,143,155,161,186,191,185,152,120,75,41,25,13,7,12,5
10,12,18,20,14,42,61,114,137,160,189,193,226,226,182,149,131,93,51,20,15,9,8,8
12,10,10,0,20,55,100,126,149,175,211,238,262,223,172,147,125,101,63,13,11,9,6,0
14,10,8,3,12,28,105,111,141,155,175,170,199,178,146,131,109,53,18,11,4,0,2,4
14,13,7,9,7,6,23,102,113,124,136,118,134,128,115,107,100,13,9,12,10,5,2,0
0,5,6,6,3,6,1,13,46,71,95,57,55,61,101,47,70,43,14,12,12,0,8,4
8,4,0,0,0,6,13,31,30,14,40,43,16,27,56,36,47,20,12,11,8,0,3,5
0,0,0,2,0,12,14,14,13,21,25,28,14,23,52,40,45,35,23,12,9,8,7,0
6,1,8,2,0,5,10,12,14,17,20,32,28,29,35,42,40,34,27,11,10,7,0,0
6,8,10,4,10,11,12,14,26,29,13,20,25,26,33,40,47,38,21,13,7,3,9,0
0,0,0,0,3,9,9,8,11,11,4,4,12,24,42,76,118,66,28,22,21,9,9,3
0,0,0,0,0,0,5,5,9,7,3,2,6,11,36,200,347,214,23,26,11,4,3,9
0,0,0,0,0,2,8,0,3,0,2,8,8,10,16,96,128,111,51,19,8,5,11,10
0,0,0,0,0,0,0,0,3,6,4,7,8,8,16,45,77,116,84,26,15,4,10,11
0,0,0,0,0,0,0,4,7,1,0,7,9,11,18,55,82,118,137,52,25,14,8,0
0,0,0,0,0,0,8,7,0,0,0,7,9,13,16,66,81,108,99,36,17,11,9,6
0,0,0,0,0,7,0,4,8,8,10,3,0,9,13,53,59,53,51,14,10,0,0,0
1,0,0,0,0,0,0,2,11,12,1,0,8,9,7,15,55,37,20,13,8,5,0,0
0,0,0,0,0,0,0,0,10,11,9,9,0,0,0,0,23,20,14,10,3,8,9,0
0,0,0,0,0,0,0,1,14,13,8,6,0,0,0,0,11,8,8,3,0,0,2,3
0,0,0,0,0,0,2,5,11,8,6,0,0,0,10,0,8,6,7,1,0,0,0,6
0,0,0,0,0,2,0,0,10,12,6,0,0,0,12,0,0,11,6,0,0,5,2,0
0,0,2,0,0,0,0,6,11,5,0,0,0,6,0,0,0,10,3,8,7,0,4,7
0,9,6,9,7,5,11,8,13,28,14,21,14,13,13,13,12,9,4,0,0,0,0,0
0,0,11,12,13,10,12,26,30,50,50,50,54,52,50,45,20,14,12,0,0,0,0,0
0,9,8,13,12,12,15,25,28,50,56,66,55,58,54,53,46,27,12,0,0,0,0,0
2,6,5,1,11,14,21,14,14,43,50,57,57,67,53,50,28,11,6,0,0,0,0,0
7,2,8,2,11,15,12,9,11,12,14,42,45,43,36,14,4,7,0,0,0,0,0,0
6,2,1,15,27,22,38,50,38,45,46,54,52,48,46,51,45,45,14,12,7,0,0,0
4,7,7,30,34,51,58,58,62,66,70,74,65,71,69,66,65,60,52,29,13,7,2,8
5,10,11,18,52,55,63,61,75,77,81,74,73,85,71,83,86,62,56,54,45,12,0,0
8,13,31,52,57,56,59,74,85,95,105,96,96,74,80,105,83,62,55,51,44,49,14,0
13,23,43,51,53,50,59,70,95,115,125,107,105,85,91,98,92,70,58,52,38,36,38,14
12,44,61,43,13,41,53,63,89,114,125,117,98,103,104,96,89,63,55,47,21,36,38,34
37,48,51,34,24,11,37,66,103,118,131,117,120,115,114,112,73,56,54,38,12,43,56,56
14,50,41,18,18,8,19,67,100,114,130,135,123,120,115,102,63,53,40,11,4,15,47,64
14,100,61,31,12,13,7,59,103,114,121,126,121,114,110,97,103,66,50,9,6,13,38,102
13,32,37,14,19,25,30,45,60,103,111,113,105,84,66,60,70,55,14,8,9,9,1,9
0,7,10,7,11,12,34,42,54,65,103,101,74,65,59,66,68,42,5,0,0,0,0,0
0,0,0,0,6,37,12,29,50,58,78,102,77,84,80,64,58,57,13,7,0,5,0,0
1,0,0,0,2,7,13,40,50,50,57,67,72,83,76,53,34,14,14,12,9,6,6,10
1,7,5,1,8,14,32,53,77,70,69,93,107,90,64,53,53,60,38,8,6,5,2,1
1,0,0,10,10,26,99,100,119,115,126,120,114,102,71,82,74,52,22,10,7,0,10,2
1,0,2,8,15,34,78,122,138,150,151,142,127,115,89,80,105,75,33,15,13,9,3,7
5,12,8,13,24,40,76,121,152,183,183,174,149,143,134,124,98,61,40,45,12,12,11,11
8,8,8,13,15,51,92,131,147,176,210,210,177,172,147,131,109,53,36,10,16,16,11,9
0,6,9,10,12,58,100,123,145,165,206,237,226,207,172,145,121,86,43,12,0,9,9,12
4,3,0,3,9,14,32,107,129,143,170,189,164,171,150,137,107,100,13,11,0,7,9,14
0,3,5,8,10,7,10,97,106,114,126,129,115,130,119,109,82,10,4,7,8,6,12,14
4,7,1,13,11,14,38,67,42,100,58,54,56,79,48,29,12,0,5,2,6,5,5,0
5,3,0,9,11,11,20,47,31,56,24,14,41,37,13,24,26,12,6,0,0,0,3,8
1,8,9,9,12,22,35,47,41,51,25,14,27,22,17,12,12,13,11,0,1,0,0,0
0,0,8,10,12,27,35,40,42,34,29,27,32,17,14,14,11,10,5,0,1,5,0,5
0,9,4,8,13,23,37,47,41,32,27,25,20,12,26,22,13,13,11,10,3,10,7,5
3,9,9,21,22,29,67,121,77,43,27,12,3,2,9,9,6,9,9,3,0,0,0,0
9,3,4,11,27,25,224,357,204,42,12,7,1,3,4,6,2,6,0,0,0,0,0,0
10,11,6,8,19,52,115,131,95,21,11,9,8,2,0,0,0,8,1,0,0,0,0,0
11,10,4,16,28,87,120,77,45,15,10,8,7,6,8,5,0,1,0,0,0,0,0,0
0,8,14,25,52,141,120,82,55,14,11,10,7,1,2,6,5,0,0,0,0,0,0,0
6,8,11,16,36,101,107,77,63,14,13,10,8,3,4,0,4,9,0,0,0,0,0,0
0,0,0,9,14,52,53,59,52,13,10,2,5,11,10,8,0,0,6,0,0,0,0,0
0,0,5,7,13,19,34,54,14,8,10,10,3,5,13,11,3,0,0,0,0,0,0,0
0,8,8,3,9,14,18,16,0,2,0,1,10,11,12,10,8,0,0,0,0,0,0,0
2,1,0,0,3,8,7,10,0,0,3,1,8,10,14,15,11,0,0,0,0,0,0,0
5,0,0,0,2,7,5,8,0,10,0,0,1,7,8,12,9,5,0,0,0,0,0,0
0,2,6,0,0,6,11,0,3,13,0,0,0,5,12,10,5,0,2,0,0,0,0,0
7,4,0,7,8,2,9,0,0,0,7,0,0,1,5,12,5,2,0,0,0,2,0,0

0,9,6,9,7,5,11,8,13,27,14,19,14,13,13,13,12,9,5,0,0,0,0,0
0,0,11,12,13,10,12,25,30,48,50,50,54,52,50,45,21,14,13,0,0,0,0,0
0,9,8,13,12,12,16,26,28,50,56,66,55,58,54,54,48,29,12,0,0,0,0,0
2,6,5,1,11,14,22,14,14,44,50,56,57,67,54,50,29,12,6,0,0,0,0,0
7,2,8,3,11,15,12,9,10,12,14,41,47,43,36,16,4,7,0,0,0,0,0,0
5,2,1,14,26,22,37,49,37,44,45,54,51,48,46,51,44,45,14,12,7,0,0,0
4,7,7,29,34,51,59,58,62,66,70,74,65,71,69,65,65,60,52,30,13,7,2,8
5,10,11,16,51,55,63,61,74,77,81,74,72,85,71,83,86,62,56,54,45,11,0,0
9,13,31,52,57,56,59,74,84,94,104,96,96,74,80,105,84,63,55,51,45,50,14,0
13,22,42,51,53,50,58,69,94,113,124,107,105,85,91,98,92,70,58,52,38,36,38,14
11,44,61,45,14,41,53,63,88,112,125,117,99,103,103,96,89,63,55,47,21,36,38,34
36,48,51,35,24,11,36,65,102,118,131,117,120,114,114,112,74,56,54,38,12,42,56,56
14,50,41,19,18,8,19,66,99,114,130,135,123,119,115,102,64,53,43,12,4,15,50,64
14,99,62,32,12,12,7,58,102,113,121,125,121,114,109,97,103,67,51,9,6,12,37,102
14,34,39,15,19,25,30,43,60,103,111,113,104,83,65,60,70,56,15,9,9,9,1,9
0,7,10,7,11,11,32,39,53,64,102,100,73,64,59,65,69,42,6,0,0,0,0,0
0,0,0,0,5,34,12,29,50,57,76,100,74,82,80,64,59,58,13,8,0,5,0,0
1,0,0,0,2,6,13,40,50,50,56,64,68,81,76,53,35,14,14,12,9,7,6,10
1,7,5,1,8,14,31,52,74,68,68,88,105,86,64,53,54,62,41,8,7,4,1,0
1,0,0,9,10,23,94,100,118,113,123,117,112,101,69,80,72,52,22,10,6,0,10,1
2,0,1,7,17,34,76,121,137,149,150,142,126,115,89,80,105,77,34,15,13,7,2,7
4,12,7,13,25,42,77,122,154,185,188,179,151,146,136,124,100,63,41,47,12,13,11,11
8,8,9,16,21,52,97,133,149,181,220,218,182,177,149,132,110,56,39,11,18,16,12,10
0,6,9,11,13,64,101,125,148,171,219,253,231,204,169,145,122,92,50,13,0,10,9,12
3,2,0,4,10,17,53,109,131,145,175,196,167,171,150,137,108,102,14,11,2,8,9,14
0,2,4,9,11,8,12,100,107,115,127,132,117,133,121,110,100,12,4,7,9,7,12,14
4,7,0,12,12,14,44,71,47,101,61,56,56,89,59,39,12,0,6,2,6,6,5,0
5,3,0,8,11,12,21,46,33,56,21,14,41,38,13,26,27,12,6,0,0,0,3,8
0,7,9,9,12,24,36,48,44,52,23,14,28,22,19,12,13,14,11,0,1,0,0,0
0,0,7,10,12,27,35,40,41,35,29,27,31,18,15,14,11,10,5,0,1,6,0,5
0,9,4,8,13,23,38,48,40,32,27,25,20,13,27,24,14,12,11,10,4,10,7,5
3,9,9,21,22,29,67,120,77,42,24,12,3,2,10,10,7,8,9,3,0,0,0,0
9,3,4,11,27,24,221,353,201,41,11,6,1,3,6,7,3,5,0,0,0,0,0,0
10,11,6,8,18,52,113,130,95,18,11,8,8,2,0,1,0,8,1,0,0,0,0,0
11,10,4,15,27,85,118,77,45,15,9,8,7,6,7,4,0,1,0,0,0,0,0,0
0,8,14,24,52,139,119,82,55,15,11,9,7,1,2,7,4,0,0,0,0,0,0,0
6,8,11,16,36,100,106,78,64,14,12,10,8,3,4,0,4,8,0,0,0,0,0,0
0,0,0,9,14,51,53,59,52,13,9,0,5,11,10,7,0,0,6,0,0,0,0,0
0,0,5,7,13,19,35,54,14,7,10,9,2,5,12,11,3,0,0,0,0,0,0,0
0,8,8,3,9,13,18,17,0,1,0,0,10,11,12,10,7,0,0,0,0,0,0,0
3,1,0,0,3,8,7,10,0,0,2,0,7,10,14,15,10,0,0,0,0,0,0,0
5,0,0,0,1,6,5,8,0,10,0,0,1,6,8,11,8,5,0,0,0,0,0,0
0,2,5,0,0,6,11,0,2,13,0,0,0,5,12,11,3,0,2,0,0,0,0,0
7,4,0,7,8,2,10,0,0,0,7,0,0,1,5,12,5,0,0,0,0,2,0,0

0,9,6,9,7,5,11,8,13,27,14,22,14,13,13,13,12,9,5,0,0,0,0,0
0,0,11,12,13,10,12,25,30,48,50,50,54,52,50,43,20,14,12,0,0,0,0,0
0,9,8,13,12,12,16,26,28,50,57,66,55,58,54,54,48,29,12,0,0,0,0,0
2,6,4,1,11,14,21,13,14,43,50,56,56,66,53,50,27,12,6,0,0,0,0,0
7,1,8,3,11,15,12,9,11,12,14,41,47,43,36,16,4,7,0,0,0,0,0,0
5,2,1,14,27,21,37,48,37,44,45,54,51,48,46,50,44,44,14,12,7,0,0,0
4,7,7,30,34,51,58,58,62,66,70,74,65,71,69,66,65,60,52,29,13,7,2,8
5,10,11,17,51,55,63,61,75,77,80,74,72,85,71,83,86,62,56,54,45,11,0,0
8,13,31,52,57,56,59,75,85,94,104,96,97,74,80,106,84,63,55,51,45,50,14,0
13,22,42,51,53,50,58,69,95,114,124,107,105,85,91,98,92,70,58,52,38,35,37,14
12,44,61,45,14,42,53,63,89,113,126,118,99,103,103,96,89,63,55,49,21,36,38,34
36,48,51,35,24,11,36,65,102,118,131,118,120,115,114,112,74,56,54,39,12,43,56,56
14,51,42,19,18,9,19,67,100,114,130,135,123,120,115,102,64,53,44,12,5,16,50,64
14,100,61,32,12,12,7,58,102,113,121,125,121,114,109,97,103,67,51,9,6,13,37,103
14,34,39,15,19,25,30,44,60,102,111,113,104,83,65,60,71,56,16,9,10,10,2,10
0,7,10,7,11,11,32,39,53,64,102,100,73,64,59,65,69,42,6,0,0,0,0,0
0,0,0,0,5,36,12,28,50,57,76,100,74,82,79,64,58,57,13,8,0,5,0,0
1,0,0,0,2,6,13,40,50,50,56,64,67,81,75,52,35,14,14,12,10,7,7,10
1,7,5,1,8,14,31,52,75,68,68,89,105,85,64,53,53,62,45,8,7,5,2,1
1,0,0,9,10,24,95,100,118,113,124,118,112,101,69,79,73,52,25,10,6,0,10,1
2,0,1,7,18,34,76,121,137,149,152,143,128,116,90,80,105,77,35,16,14,8,2,7
5,11,7,13,26,42,77,122,154,186,190,182,155,148,137,125,100,63,41,47,12,13,11,11
8,8,9,16,22,52,97,133,150,182,223,222,186,180,150,133,110,57,40,12,18,17,12,10
0,6,9,11,13,63,102,126,148,172,221,257,232,204,170,145,123,95,50,14,0,10,9,12
4,2,0,4,11,17,52,109,132,146,175,197,167,171,149,137,108,102,15,11,2,8,9,14
0,3,5,10,11,8,12,100,107,115,127,132,116,133,121,110,100,13,4,7,9,7,12,14
4,8,0,12,12,14,46,71,48,101,61,57,56,89,59,39,12,0,6,3,6,6,5,0
5,3,0,9,11,12,21,47,34,56,24,14,40,39,13,26,27,13,6,0,0,0,3,8
0,7,8,9,12,23,35,48,45,52,23,14,28,23,19,12,13,14,12,0,2,0,0,0
0,0,7,10,12,26,34,40,41,35,29,27,31,19,16,14,11,10,5,0,2,6,0,6
0,9,3,8,13,21,37,47,40,32,26,25,20,13,28,25,14,12,11,10,4,10,7,5
3,9,9,21,21,28,66,119,76,40,23,12,3,3,10,10,7,9,9,3,0,0,0,0
9,3,4,11,26,24,216,348,202,40,11,6,2,3,6,7,4,5,0,0,0,0,0,0
10,11,5,8,18,51,111,129,96,19,11,8,8,2,0,2,0,8,1,0,0,0,0,0
11,10,4,15,27,84,116,77,46,17,9,8,7,5,7,4,0,0,0,0,0,0,0,0
0,8,14,24,52,137,118,83,55,16,11,9,7,1,2,7,4,0,0,0,0,0,0,0
6,8,11,16,35,99,107,79,66,14,12,10,8,2,3,0,4,8,0,0,0,0,0,0
0,0,0,9,14,51,53,59,53,13,9,0,4,11,9,5,2,0,6,0,0,0,0,0
0,0,5,7,13,19,36,55,14,7,10,9,2,4,12,11,4,0,0,0,0,0,0,0
0,8,8,3,9,13,18,19,0,1,0,0,9,10,12,10,6,0,0,0,0,0,0,0
2,1,0,0,3,8,7,10,0,0,2,0,7,9,14,14,9,0,0,0,0,0,0,0
5,0,0,0,1,6,5,8,0,10,0,0,1,6,8,11,7,4,0,0,0,0,0,0
0,2,6,0,0,6,11,0,2,13,0,0,0,5,12,10,2,0,2,0,0,0,0,0
7,4,0,7,8,2,9,0,0,0,7,0,0,0,5,12,5,0,0,0,0,2,0,0

0,9,6,10,7,5,11,8,13,27,14,21,14,13,13,13,12,9,5,0,0,0,0,0
0,0,11,12,13,10,12,26,30,48,50,50,54,52,50,45,20,14,13,0,0,0,0,0
0,9,8,13,12,12,15,25,27,50,55,66,55,58,54,53,48,29,12,0,0,0,0,0
2,6,5,1,11,14,21,14,14,43,51,56,57,67,53,50,28,12,6,0,0,0,0,0
7,1,8,2,11,15,12,9,11,11,14,41,46,43,36,15,4,7,0,0,0,0,0,0
6,2,1,14,27,21,37,49,37,44,45,53,52,48,46,50,44,45,13,12,7,0,0,0
4,7,7,29,34,51,59,58,62,66,70,73,65,71,69,66,65,60,52,28,13,7,2,8
5,10,11,17,51,55,63,61,75,77,80,73,72,85,71,83,87,62,56,54,45,11,0,0
8,13,31,52,57,56,59,75,85,94,104,95,96,74,80,106,84,63,55,51,44,50,14,0
13,22,42,51,53,50,58,70,95,114,124,107,105,85,91,98,93,71,58,52,39,35,38,14
11,44,61,45,14,43,53,63,89,114,126,118,99,103,104,97,90,63,55,49,21,36,38,34
36,48,51,35,24,11,37,65,103,119,131,118,120,115,115,112,74,56,54,39,12,43,56,56
14,50,42,19,18,9,19,67,100,114,130,135,123,120,116,103,64,54,44,12,5,15,48,64
14,100,61,33,12,12,7,58,102,113,121,125,121,114,110,98,103,67,52,9,6,13,38,103
14,35,39,16,19,25,29,44,60,102,110,112,103,83,65,60,70,56,16,9,9,9,2,10
0,7,10,7,11,11,33,39,53,64,102,98,73,64,59,65,69,42,6,0,0,0,0,0
0,0,0,0,5,34,12,27,50,57,76,99,74,81,79,64,58,57,13,8,0,5,0,0
1,0,0,0,2,6,13,40,49,49,55,63,66,81,75,52,35,14,14,12,10,7,7,10
1,7,5,1,8,14,30,52,73,67,67,87,105,85,64,53,53,62,45,8,7,5,1,0
1,0,0,9,10,22,94,100,117,113,123,117,112,101,69,79,73,52,28,10,6,0,10,1
2,0,1,7,17,34,75,121,136,149,151,143,128,116,91,81,106,78,35,17,14,8,1,7
5,12,7,13,26,41,76,121,153,185,190,182,156,150,139,126,101,65,41,50,12,13,11,12
8,8,9,15,20,51,95,132,149,182,223,223,187,182,153,134,111,58,41,13,18,18,12,10
0,6,9,11,12,62,101,125,148,171,220,257,234,206,171,146,124,100,53,14,0,10,9,12
4,2,0,4,10,16,50,109,131,145,175,197,168,172,151,138,109,103,19,12,2,8,9,14
0,3,5,10,11,8,12,100,107,115,127,133,117,134,122,110,101,13,5,7,9,7,12,14
4,8,0,12,12,14,43,69,47,101,61,57,57,91,62,40,12,0,6,3,6,6,5,0
5,3,0,9,11,12,19,47,33,56,24,15,44,39,14,28,29,13,6,0,0,0,3,8
0,7,8,9,12,23,35,45,43,52,22,14,29,23,20,12,13,14,12,0,2,0,0,0
0,0,7,10,12,26,35,41,41,35,29,27,31,19,17,14,12,10,5,0,2,7,0,6
0,9,3,8,13,21,37,47,40,32,26,25,20,13,28,26,14,12,11,10,4,10,7,6
3,9,9,21,22,28,66,119,76,41,24,12,4,3,11,11,8,9,9,3,0,0,0,0
9,3,4,11,26,24,214,348,202,38,11,6,2,3,6,8,4,5,0,0,0,0,0,0
10,11,5,8,19,51,111,129,96,20,11,8,8,2,0,2,0,8,1,0,0,0,0,0
11,10,4,14,26,84,115,77,45,16,9,8,7,5,7,3,0,0,0,0,0,0,0,0
0,8,14,24,52,137,118,83,55,15,11,9,7,1,2,7,4,0,0,0,0,0,0,0
6,8,11,16,35,99,107,79,66,14,12,10,7,1,2,0,5,8,0,0,0,0,0,0
0,0,0,9,14,51,53,59,53,13,9,0,4,11,9,5,3,0,6,0,0,0,0,0
0,0,5,7,13,19,35,55,14,7,10,9,1,4,12,11,4,0,0,0,0,0,0,0
0,8,8,3,9,13,19,19,0,1,0,0,9,10,12,10,4,0,0,0,0,0,0,0
2,1,0,0,3,8,8,10,0,0,2,0,7,9,14,14,7,0,0,0,0,0,0,0
5,0,0,0,1,7,6,9,0,10,0,0,1,6,9,10,7,3,0,0,0,0,0,0
0,2,5,0,0,6,11,0,1,13,0,0,0,5,12,10,2,0,2,0,0,0,0,0
7,4,0,7,8,3,9,0,0,0,7,0,0,0,4,12,5,0,0,0,0,2,0,0

0,9,6,9,7,5,11,8,13,27,14,19,14,13,13,13,12,9,5,0,0,0,0,0
0,0,11,12,13,10,12,25,30,50,50,50,54,52,50,43,21,15,13,0,0,0,0,0
0,9,8,13,12,12,16,26,29,50,56,67,55,58,54,53,47,27,12,0,0,0,0,0
2,6,5,1,11,14,22,14,14,46,51,56,56,67,53,50,29,12,6,0,0,0,0,0
7,1,8,2,11,15,12,9,11,11,14,41,45,42,35,16,3,7,0,0,0,0,0,0
6,2,1,14,27,22,37,49,37,44,45,53,52,48,46,50,45,45,13,12,7,0,0,0
4,7,7,29,32,50,58,58,62,66,69,73,65,71,69,66,65,60,52,28,13,7,2,8
5,10,11,16,51,55,63,61,75,77,80,73,72,85,71,83,87,62,56,54,45,11,0,0
8,13,31,52,57,56,59,74,85,94,104,95,96,74,80,105,84,63,55,51,44,50,14,0
13,22,42,51,54,50,59,70,96,114,125,107,106,86,91,98,93,71,58,53,40,36,39,14
11,43,61,45,14,42,53,63,89,114,126,118,99,103,104,97,90,63,55,49,21,36,38,34
37,48,51,36,25,11,36,66,103,119,132,118,121,115,115,113,75,56,54,40,12,43,56,56
14,50,41,19,18,9,20,67,100,114,130,135,123,120,116,103,65,53,45,12,5,15,48,64
14,101,61,35,13,12,7,58,102,114,121,125,121,114,110,99,103,68,52,9,7,13,39,103
14,35,40,17,19,25,29,43,59,102,110,112,103,83,65,60,70,56,16,9,10,10,2,10
0,8,10,7,11,11,32,39,53,64,102,98,72,64,59,65,69,42,6,0,0,0,0,0
0,0,0,0,5,34,12,27,50,57,76,99,74,81,80,64,58,57,13,9,0,5,0,0
1,0,0,0,2,6,13,40,49,49,55,63,66,80,75,53,35,14,14,12,10,7,7,10
1,7,5,1,8,14,30,52,72,67,67,86,105,84,64,53,54,63,45,8,7,4,1,0
1,0,0,9,10,23,94,100,117,113,123,117,112,101,69,80,73,53,29,10,6,0,11,1
2,0,1,7,17,33,74,121,136,148,151,143,128,116,91,81,106,79,35,17,14,8,1,7
5,11,7,13,25,41,76,121,153,186,190,183,157,150,139,127,101,65,42,50,12,13,12,12
8,8,9,15,21,51,95,132,149,182,224,223,188,183,154,134,112,60,41,13,19,18,12,10
0,6,9,11,13,63,101,125,148,172,222,259,234,207,171,146,124,100,53,14,0,10,10,12
4,2,0,4,11,16,51,109,131,145,176,197,168,173,151,139,109,103,19,12,2,8,9,14
0,3,5,10,11,8,12,100,107,115,127,133,117,134,122,111,101,13,5,7,9,7,13,14
4,8,0,12,12,14,43,70,47,101,61,56,56,91,63,42,13,0,6,3,6,6,5,0
5,3,0,9,11,12,20,47,34,56,25,14,42,40,14,29,30,13,6,0,0,0,3,8
0,7,8,9,12,23,33,45,40,51,22,14,28,23,20,13,13,14,12,0,2,0,0,0
0,0,7,10,12,27,34,40,41,34,29,27,32,20,17,14,12,10,5,0,2,7,0,6
0,9,3,8,13,21,37,47,40,32,26,25,20,13,29,26,14,12,11,10,4,10,7,6
3,9,9,21,22,28,66,118,76,42,25,12,4,3,11,11,8,9,9,4,0,0,0,0
9,3,4,11,26,24,215,347,202,39,11,6,2,3,6,8,4,5,0,0,0,0,0,0
10,11,5,8,18,51,111,128,96,17,10,8,8,2,0,2,0,8,1,0,0,0,0,0
11,10,4,14,26,84,116,77,46,17,9,8,7,5,7,3,0,0,0,0,0,0,0,0
0,8,14,25,52,137,118,83,55,16,11,9,7,1,2,7,4,0,0,0,0,0,0,0
6,8,11,16,35,99,107,80,66,15,13,10,7,1,2,0,5,8,0,0,0,0,0,0
0,0,0,9,14,51,53,59,53,13,9,0,4,11,8,6,4,0,6,0,0,0,0,0
0,0,5,7,13,19,36,55,14,7,10,8,1,3,12,11,4,0,0,0,0,0,0,0
0,8,8,3,9,14,19,19,0,0,0,0,9,10,11,10,0,0,0,0,0,0,0,0
2,1,0,0,3,8,8,10,0,0,1,0,7,9,14,14,5,0,0,0,0,0,0,0
5,0,0,0,1,7,6,8,0,10,0,0,1,6,8,10,7,2,0,0,0,0,0,0
0,2,5,0,0,6,11,0,1,13,0,0,0,5,12,10,1,0,2,0,0,0,0,0
7,4,0,7,8,3,10,0,0,0,7,0,0,0,4,12,5,0,0,0,0,2,0,0

0,9,6,10,7,5,11,8,13,27,14,19,14,13,13,13,12,9,5,0,0,0,0,0
0,0,11,12,13,10,12,25,30,48,50,51,54,52,50,45,21,14,13,0,0,0,0,0
0,9,8,13,12,12,15,26,27,50,56,65,55,58,54,53,47,29,12,0,0,0,0,0
2,6,5,1,11,14,21,13,14,44,50,56,57,66,54,50,27,12,6,0,0,0,0,0
6,1,8,2,11,15,12,9,10,11,14,42,46,41,35,16,4,7,0,0,0,0,0,0
6,2,1,15,27,21,37,49,37,44,45,54,51,48,46,50,45,45,13,12,7,0,0,0
4,7,7,29,33,51,59,58,62,66,70,73,65,71,69,66,65,60,52,28,13,7,2,8
5,10,11,16,52,55,63,61,75,77,80,73,72,85,71,83,87,62,56,54,45,11,0,0
8,13,30,52,57,55,59,74,85,94,104,96,96,74,80,106,84,63,55,51,44,50,14,0
13,22,42,51,54,50,58,70,96,114,125,107,106,86,91,98,93,71,58,52,40,36,38,14
12,44,60,45,14,41,53,63,90,114,126,118,99,104,104,97,90,64,55,49,21,35,38,35
37,48,51,36,25,11,38,66,103,119,132,118,121,116,115,113,75,56,54,41,12,44,56,56
14,50,42,19,18,9,20,67,100,115,130,135,123,120,116,103,65,54,46,12,5,16,50,64
14,101,62,36,13,12,7,58,102,114,121,125,121,114,110,99,103,67,52,9,7,13,38,103
14,35,39,17,19,25,30,43,59,102,110,112,103,83,65,60,71,56,16,9,10,10,2,10
0,8,10,7,11,11,33,39,53,64,102,98,72,64,59,65,69,42,6,0,0,0,0,0
0,0,0,0,5,34,12,26,50,57,76,99,74,81,80,64,58,57,13,9,0,5,0,0
1,0,0,1,2,6,13,40,49,49,55,63,66,80,75,53,35,14,14,12,10,7,7,10
1,6,5,2,8,14,31,52,73,67,67,87,105,85,64,53,54,63,48,8,7,5,2,1
1,0,0,9,10,22,93,100,117,112,123,117,112,101,69,80,73,53,29,10,6,0,11,1
2,0,1,7,17,33,74,121,136,148,150,143,128,116,91,81,107,79,35,17,14,8,1,8
4,11,7,13,25,41,76,121,153,185,190,183,158,151,140,127,102,65,41,50,12,13,11,11
8,8,9,16,21,51,95,132,149,182,224,224,189,184,154,134,112,60,41,13,19,18,12,10
0,6,9,11,13,63,101,125,148,171,221,259,235,207,172,147,125,100,53,14,0,10,10,12
4,2,0,4,11,16,51,109,131,146,176,197,168,173,152,139,109,104,20,12,2,8,10,14
0,3,5,10,11,8,12,100,107,115,127,133,117,135,122,111,101,14,5,7,9,7,13,14
4,8,0,12,12,14,43,69,46,101,61,56,57,92,66,42,13,0,6,3,6,6,5,0
5,3,0,9,11,12,20,46,33,56,23,14,42,40,14,29,30,13,6,0,0,0,3,8
0,7,8,9,12,22,33,47,41,51,23,14,27,25,20,13,13,14,12,0,2,0,0,0
0,0,7,10,11,26,34,40,41,34,29,27,31,20,17,14,12,10,5,0,2,7,0,6
0,9,3,8,13,21,38,47,40,33,26,25,20,13,29,26,14,12,11,10,4,10,8,6
3,9,8,21,21,28,66,118,76,40,24,12,4,3,11,11,8,9,9,3,0,0,0,0
9,3,4,11,26,24,214,347,201,39,11,6,2,3,6,8,5,5,0,0,0,0,0,0
10,11,5,8,18,51,111,128,96,18,11,8,8,2,0,3,0,8,1,0,0,0,0,0
11,10,4,15,26,84,116,77,46,16,9,8,7,5,7,3,0,0,0,0,0,0,0,0
0,8,14,25,52,137,118,83,55,16,10,9,7,0,1,7,4,0,0,0,0,0,0,0
6,8,11,16,35,99,107,80,67,14,13,10,7,1,1,0,6,8,0,0,0,0,0,0
0,0,0,9,14,51,53,59,53,12,9,0,4,11,8,7,4,0,6,0,0,0,0,0
0,0,5,7,13,20,36,55,14,7,9,8,0,3,12,11,4,0,0,0,0,0,0,0
0,8,8,3,9,14,19,21,0,0,0,0,9,10,11,10,0,0,0,0,0,0,0,0
2,1,0,0,3,8,8,10,0,0,1,0,6,9,14,14,3,0,0,0,0,0,0,0
5,0,0,0,1,6,5,8,0,10,0,0,0,6,8,11,6,2,0,0,0,0,0,0
0,2,5,0,0,6,11,0,1,13,0,0,0,5,12,10,0,0,2,0,0,0,0,0
7,4,0,7,8,3,9,0,0,0,6,0,0,0,4,12,5,0,0,0,0,2,0,0

0,9,6,10,7,5,11,8,13,27,14,21,14,13,13,13,12,9,5,0,0,0,0,0
0,0,11,12,13,10,12,25,30,48,50,51,54,52,50,45,20,14,13,0,0,0,0,0
0,9,8,13,12,12,16,25,29,50,56,67,55,58,54,53,48,29,12,0,0,0,0,0
2,6,5,1,11,14,22,14,14,43,51,56,56,66,53,50,29,12,6,0,0,0,0,0
7,2,8,3,11,15,12,9,10,11,14,41,45,43,37,16,4,8,0,0,0,0,0,0
5,2,1,15,27,21,38,48,37,45,45,53,51,48,46,51,45,44,13,12,7,0,0,0
4,7,7,29,34,51,59,58,62,66,70,74,65,71,69,66,65,60,52,29,13,7,2,8
5,10,11,15,51,55,63,61,75,77,81,74,72,85,71,83,87,62,56,54,43,11,0,0
8,13,31,52,58,55,59,75,85,94,104,96,96,74,80,106,85,63,55,51,45,50,14,0
13,21,42,51,53,50,59,69,95,114,124,107,105,85,91,98,93,71,58,52,38,35,39,14
12,44,60,45,14,43,53,63,89,113,125,117,99,103,104,97,90,64,55,50,22,36,38,35
36,48,51,36,24,11,36,66,102,118,131,117,120,115,115,113,75,56,54,39,12,42,56,56
14,50,41,19,18,9,20,67,100,114,130,135,123,120,116,103,65,54,47,12,5,16,50,64
14,100,61,32,12,12,7,58,102,113,121,125,121,114,110,99,103,67,52,9,6,13,37,103
14,35,40,17,19,25,30,44,59,102,111,112,104,83,66,60,71,56,17,9,10,10,2,10
0,8,10,7,11,12,33,39,54,64,102,99,73,64,59,66,68,42,6,0,0,0,0,0
0,0,0,0,5,34,12,28,50,57,76,99,74,82,80,65,59,58,13,9,0,5,0,0
1,0,0,0,2,6,13,40,49,49,55,63,66,80,76,53,35,14,14,12,10,7,7,10
1,6,5,2,8,14,30,52,73,67,67,87,105,85,64,53,54,64,50,8,7,5,2,1
1,0,0,9,10,22,94,100,117,112,123,117,112,101,69,79,73,53,28,10,6,0,11,1
2,0,1,7,17,34,74,121,136,149,150,143,128,117,92,82,107,79,35,17,14,8,1,8
4,11,7,13,25,41,76,121,153,185,190,183,158,151,140,127,102,65,41,49,12,13,11,11
8,8,9,16,21,51,95,132,149,183,225,224,190,185,155,135,112,60,41,14,19,18,12,10
0,6,9,11,13,63,101,125,148,172,221,260,235,208,172,147,125,100,53,14,0,10,9,12
4,2,0,4,11,16,51,109,131,145,176,197,169,173,152,139,110,104,23,12,2,8,10,14
0,2,5,10,12,8,13,100,107,115,128,133,117,135,123,111,101,14,5,7,9,7,13,14
4,8,0,12,12,14,46,71,48,101,62,57,57,93,68,44,13,0,6,3,6,6,5,0
5,3,0,8,11,12,20,46,33,57,24,14,42,38,14,27,30,13,6,0,0,0,3,8
0,6,8,9,12,23,34,47,41,51,23,14,28,24,21,13,14,14,12,0,2,0,0,0
0,0,7,10,11,26,34,40,41,34,29,26,31,19,17,14,11,10,5,0,2,7,0,6
0,9,3,7,13,21,37,48,40,32,26,25,20,13,29,26,14,12,11,10,4,10,8,6
3,9,8,21,21,28,66,118,76,41,24,12,3,3,11,11,8,9,9,3,0,0,0,0
9,3,4,11,26,24,214,347,201,38,11,6,1,3,7,8,5,5,0,0,0,0,0,0
10,11,5,8,18,51,111,128,96,18,11,8,8,2,0,3,0,8,1,0,0,0,0,0
11,10,4,15,27,84,116,77,45,16,8,8,7,4,7,3,0,0,0,0,0,0,0,0
0,8,14,25,52,137,118,83,55,16,10,8,7,0,1,7,4,0,0,0,0,0,0,0
6,8,11,16,35,99,108,80,67,14,13,10,7,0,1,0,6,8,0,0,0,0,0,0
0,0,0,9,14,51,53,59,53,12,9,0,4,11,8,7,4,0,6,0,0,0,0,0
0,0,5,7,13,20,38,55,15,7,10,9,0,3,12,11,4,0,0,0,0,0,0,0
0,8,8,3,9,14,19,21,0,0,0,0,9,10,11,10,0,0,0,0,0,0,0,0
3,1,0,0,3,8,8,11,0,0,1,0,6,9,14,15,2,0,0,0,0,0,0,0
5,0,0,0,1,7,5,9,0,9,0,0,0,6,8,11,5,1,0,0,0,0,0,0
0,2,5,0,0,6,11,0,1,13,0,0,0,6,12,10,0,0,2,0,0,0,0,0
7,4,0,7,8,3,10,0,0,0,6,0,0,0,4,12,5,0,0,0,0,2,0,0

0,9,6,10,7,5,11,8,13,28,14,22,14,13,13,13,12,9,5,0,0,0,0,0
0,0,11,12,13,10,12,25,30,48,50,50,54,52,50,45,20,14,13,0,0,0,0,0
0,9,8,13,12,12,16,26,29,50,57,66,55,58,54,54,48,29,12,0,0,0,0,0
2,6,5,1,11,14,21,14,14,43,51,55,56,66,54,50,28,12,6,0,0,0,0,0
7,2,8,2,11,15,12,9,11,12,14,43,46,43,36,17,4,8,0,0,0,0,0,0
5,2,1,14,27,21,37,48,37,44,45,54,51,47,46,50,45,45,14,12,7,0,0,0
4,7,7,29,34,51,58,58,62,66,70,74,65,71,69,66,65,60,52,29,13,7,2,8
5,10,11,17,51,55,63,61,75,77,81,74,72,85,71,84,87,62,56,54,45,11,1,0
8,13,31,52,57,56,59,75,85,94,104,96,96,74,80,106,85,63,55,51,45,50,14,0
13,21,41,51,53,50,59,69,95,114,124,107,106,86,91,98,93,71,58,52,39,35,38,14
12,44,60,45,14,41,53,63,89,113,125,118,99,104,104,97,90,64,55,50,22,36,38,34
36,48,51,35,24,11,36,65,102,118,131,118,121,115,115,113,75,56,54,40,12,44,56,56
14,50,42,19,18,9,20,67,100,114,130,135,123,120,116,103,65,54,47,12,5,16,50,64
14,100,62,35,12,12,7,58,102,113,121,125,121,114,110,99,103,67,52,9,7,13,37,103
14,35,40,17,19,26,30,44,60,102,110,112,104,83,66,60,71,56,20,9,10,10,2,10
0,8,10,7,11,11,33,39,53,64,102,99,73,64,59,65,69,42,6,0,0,0,0,0
0,0,0,0,5,35,12,26,50,57,76,100,74,82,80,65,59,57,13,9,0,5,0,0
1,0,0,0,2,6,13,40,49,49,55,63,66,80,76,53,35,14,14,12,10,8,7,10
1,6,5,2,8,14,30,52,72,67,67,87,105,85,64,53,54,64,50,9,7,5,2,1
1,0,0,9,10,21,93,100,117,112,123,117,112,101,69,79,73,53,28,10,6,0,11,1
2,0,1,7,17,34,75,121,136,149,150,143,128,117,92,82,107,80,36,18,14,8,1,8
4,11,7,13,25,41,76,121,153,186,190,184,158,152,141,128,102,66,41,50,12,13,12,11
8,8,9,16,21,51,95,132,149,183,224,224,190,185,156,135,113,60,42,14,19,18,12,10
0,6,9,11,13,63,101,125,148,172,222,260,235,208,173,147,125,100,54,14,0,10,10,12
4,2,0,4,11,18,52,109,131,146,176,198,169,174,152,140,110,104,24,12,2,8,10,14
0,2,5,10,12,8,12,100,107,115,128,133,117,135,123,111,101,14,5,7,9,7,13,14
4,8,0,12,12,14,43,70,48,101,61,57,57,93,68,43,13,0,6,3,6,6,5,0
5,3,0,9,11,12,23,47,33,56,25,14,42,40,14,28,31,13,6,0,0,0,3,8
0,6,8,9,12,23,35,47,41,51,23,14,28,24,20,13,14,14,12,0,2,0,0,0
0,0,7,10,11,26,34,40,41,34,29,27,31,19,17,14,11,10,5,0,2,7,0,6
0,9,3,7,13,21,37,47,40,32,26,25,20,13,29,26,14,12,11,10,4,10,8,6
3,9,9,21,21,28,66,118,76,41,23,12,3,3,11,11,8,9,9,3,0,0,0,0
9,3,4,11,26,24,215,347,200,40,11,6,2,3,7,8,5,5,0,0,0,0,0,0
10,11,5,8,18,51,111,128,95,18,10,8,8,2,0,3,0,8,2,0,0,0,0,0
11,10,4,15,26,84,116,77,45,17,8,8,7,4,6,3,0,0,0,0,0,0,0,0
0,8,14,25,52,137,118,82,55,17,11,9,7,0,1,7,4,0,0,0,0,0,0,0
6,8,11,16,36,100,107,80,66,14,13,9,7,0,1,0,6,8,0,0,0,0,0,0
0,0,0,9,14,51,53,59,53,12,9,0,4,10,8,8,4,0,6,0,0,0,0,0
0,0,5,7,13,20,37,55,14,7,9,8,0,2,12,11,4,0,0,0,0,0,0,0
0,8,8,3,9,14,20,22,0,0,0,0,9,10,11,10,0,0,0,0,0,0,0,0
3,1,0,0,3,8,8,11,0,0,1,0,6,9,13,14,1,0,0,0,0,0,0,0
5,0,0,0,1,7,6,8,0,10,0,0,0,6,8,11,5,1,0,0,0,0,0,0
0,2,5,0,0,6,11,0,1,13,0,0,0,6,12,10,0,0,2,0,0,0,0,0
7,4,0,7,8,3,9,0,0,0,6,0,0,0,5,12,5,0,0,0,0,2,0,0

0,9,6,9,7,5,11,8,13,27,14,22,14,13,13,13,12,9,5,0,0,0,0,0
0,0,11,12,13,10,12,27,30,48,50,50,54,52,50,45,20,14,13,0,0,0,0,0
0,9,8,13,12,12,16,25,31,50,56,67,55,58,54,54,47,27,12,0,0,0,0,0
2,6,5,1,11,14,21,13,14,45,50,57,57,67,54,50,28,12,6,0,0,0,0,0
7,2,8,2,11,15,12,9,10,11,14,41,45,43,36,15,4,8,0,0,0,0,0,0
6,2,1,15,27,21,37,49,36,44,45,53,51,48,46,50,45,45,14,12,7,0,0,0
4,7,7,29,33,51,59,58,62,66,70,74,65,71,69,66,65,60,52,29,13,7,2,8
5,10,11,16,51,55,63,61,75,77,80,74,72,85,71,83,87,62,56,54,45,11,1,0
8,13,31,52,57,56,59,74,85,94,104,95,96,74,80,106,85,63,55,51,44,50,14,0
13,22,42,51,53,50,59,70,95,114,125,107,106,86,91,99,93,71,58,53,40,36,39,14
11,44,61,45,14,42,53,63,89,114,126,118,99,104,104,97,90,64,55,50,21,36,38,34
36,48,51,36,24,11,36,65,102,119,132,118,121,116,116,113,75,56,54,40,12,44,56,56
14,50,42,19,18,9,20,67,100,114,130,135,123,120,116,103,65,54,47,12,5,16,50,64
14,101,62,35,12,12,7,58,102,114,121,125,121,114,110,100,103,68,52,9,7,13,38,103
14,35,40,17,19,26,30,43,60,102,110,112,103,83,65,60,70,56,18,10,10,10,2,10
0,8,10,7,11,11,33,39,53,64,102,98,73,64,59,65,69,42,6,0,0,0,0,0
0,0,0,0,5,36,12,27,50,57,76,99,74,82,80,65,59,57,13,9,0,5,0,0
1,0,0,0,2,6,13,40,49,49,55,63,66,81,76,53,35,14,14,12,10,8,7,10
1,6,5,2,8,14,30,52,72,67,66,87,105,85,64,53,54,64,50,9,7,5,2,0
1,0,0,9,10,22,93,100,117,112,123,117,112,101,69,80,74,53,31,11,6,0,11,1
2,0,1,7,17,33,73,121,136,148,151,143,128,117,92,82,107,80,36,17,14,8,1,8
4,12,7,13,25,41,76,121,153,186,191,184,159,153,141,128,103,67,42,50,12,13,12,12
8,8,9,15,20,51,94,132,149,182,225,224,191,186,156,135,113,60,41,14,19,18,12,10
0,6,9,11,13,62,101,125,147,171,222,260,237,209,173,147,125,100,53,15,0,10,9,12
4,2,0,4,11,17,51,109,131,145,176,198,169,174,152,140,110,104,24,12,2,8,9,14
0,2,5,10,12,8,13,100,107,115,128,133,118,135,123,112,101,14,5,7,9,7,13,14
4,8,0,12,12,14,43,69,47,101,61,56,57,93,68,44,13,0,6,3,6,6,5,0
5,3,0,9,11,12,21,47,33,57,27,14,42,40,14,29,31,13,6,0,0,0,3,8
0,6,8,9,12,23,35,45,43,52,23,14,29,24,20,13,14,14,12,0,2,0,0,0
0,0,7,10,11,26,34,41,41,34,29,27,31,20,18,14,12,11,5,0,2,7,1,6
0,9,3,7,13,21,37,47,40,32,26,25,20,13,29,26,14,12,11,10,4,10,8,6
3,9,9,21,21,28,66,118,76,42,25,12,4,3,11,11,8,9,9,3,0,0,0,0
9,3,4,11,26,23,214,347,200,38,11,6,2,3,7,8,5,5,0,0,0,0,0,0
10,11,5,8,18,51,111,128,96,18,11,8,8,2,0,3,0,8,2,0,0,0,0,0
11,10,4,15,25,84,116,77,46,17,8,8,7,4,6,3,0,0,0,0,0,0,0,0
0,8,14,25,52,137,118,83,55,17,10,9,7,0,2,7,4,0,0,0,0,0,0,0
6,8,11,17,35,99,107,80,67,14,13,10,7,0,0,1,6,8,0,0,0,0,0,0
0,0,0,9,14,51,53,59,53,12,9,0,4,10,8,8,4,0,6,0,0,0,0,0
0,0,5,7,13,20,36,55,15,7,9,8,0,2,12,11,3,0,0,0,0,0,0,0
0,8,8,3,9,14,20,22,0,0,0,0,9,10,11,10,0,0,0,0,0,0,0,0
2,2,0,0,3,8,8,11,0,0,1,0,6,9,13,14,1,0,0,0,0,0,0,0
5,0,0,0,1,7,6,9,0,10,0,0,0,6,8,11,5,1,0,0,0,0,0,0
0,2,5,0,0,6,11,0,0,12,0,0,0,6,12,10,0,0,2,0,0,0,0,0
7,4,0,7,8,3,10,0,0,0,6,0,0,0,5,11,6,0,0,0,0,2,0,0

0,9,6,10,7,5,11,8,13,27,14,19,14,13,13,13,12,9,5,0,0,0,0,0
0,0,11,12,13,10,12,26,30,50,50,50,54,52,50,45,21,14,13,0,0,0,0,0
0,9,8,13,12,12,16,25,28,50,55,66,55,57,54,53,47,27,12,0,0,0,0,0
2,6,5,1,11,14,21,14,14,44,50,56,56,67,54,50,28,12,6,0,0,0,0,0
6,2,8,2,11,15,12,9,10,11,14,42,45,43,36,15,4,7,0,0,0,0,0,0
6,2,1,15,27,21,37,49,37,44,45,54,51,48,46,51,45,45,13,12,7,0,0,0
4,7,7,29,34,51,58,58,62,65,70,73,65,71,69,66,65,60,52,28,13,7,2,8
5,10,11,17,51,55,63,61,75,77,80,73,72,85,71,84,87,62,56,54,45,11,1,0
8,13,31,52,57,56,59,75,85,94,104,95,96,74,80,106,85,63,55,51,45,49,14,0
13,22,42,51,54,50,59,70,96,115,125,108,106,86,92,99,94,71,58,53,39,36,39,14
11,44,60,45,14,41,53,63,89,114,126,118,99,104,105,97,90,64,55,48,22,35,38,34
37,48,51,36,25,11,36,66,103,119,132,118,121,116,116,114,76,56,54,42,12,44,56,56
14,50,42,19,18,9,20,67,100,114,130,135,123,120,116,104,65,54,47,12,5,16,48,64
14,101,62,36,12,12,7,58,102,113,120,125,121,114,110,100,103,68,52,9,7,13,39,103
14,35,40,17,19,25,29,43,59,102,110,112,103,83,65,60,70,56,18,10,10,10,2,10
0,8,10,7,11,11,33,38,53,64,101,98,72,64,59,65,69,42,6,0,0,0,0,0
0,0,0,0,5,34,12,26,50,57,75,99,74,81,80,65,58,57,13,9,0,5,0,0
1,0,0,0,2,6,13,40,49,49,55,62,66,81,76,53,35,14,14,12,10,8,8,10
1,6,5,2,8,14,30,52,72,67,66,86,105,84,64,53,54,64,50,9,7,5,2,1
1,0,0,9,10,22,93,100,117,112,123,117,112,101,69,81,74,53,32,11,6,0,11,1
2,0,1,7,17,33,73,121,136,148,150,143,129,117,92,82,107,80,36,18,14,8,1,8
5,11,7,13,25,41,76,121,152,185,191,184,159,153,142,128,103,67,42,50,12,13,12,12
8,8,9,15,20,51,93,131,149,182,225,225,191,187,157,136,113,61,41,14,20,18,12,10
0,6,9,11,13,63,101,125,148,172,222,260,237,209,173,148,125,100,55,17,0,10,10,12
4,2,0,4,11,17,52,109,131,146,177,198,169,174,153,140,110,104,24,12,2,8,10,14
0,2,5,10,12,8,13,100,107,115,128,133,118,136,123,112,102,15,5,7,9,7,13,14
4,8,0,12,12,14,44,70,48,101,62,58,57,93,69,44,13,1,6,3,6,6,5,0
5,3,0,8,11,12,20,46,35,57,24,15,43,40,14,30,30,13,6,0,0,0,3,8
0,6,8,9,12,23,34,46,40,51,23,14,28,24,20,13,14,14,12,0,2,0,0,0
0,0,7,10,11,26,34,40,41,35,29,27,32,19,17,14,12,10,5,0,2,7,1,6
0,9,3,7,13,21,37,47,40,32,26,25,20,13,29,26,14,12,11,10,4,10,8,6
3,9,9,21,21,28,66,118,76,41,23,12,4,3,11,11,8,9,9,3,0,0,0,0
9,3,4,11,26,24,214,347,200,37,11,6,2,3,7,8,5,5,0,0,0,0,0,0
10,11,5,8,18,51,111,128,96,18,10,8,8,2,0,3,0,8,2,0,0,0,0,0
11,10,4,15,26,84,116,77,45,15,9,8,7,4,6,3,0,0,0,0,0,0,0,0
0,8,14,26,52,137,118,83,55,17,11,9,7,0,1,7,4,0,0,0,0,0,0,0
6,9,11,17,36,99,108,80,66,14,13,9,7,0,0,0,7,8,0,0,0,0,0,0
0,0,0,9,14,51,53,59,53,13,9,0,4,10,8,8,4,0,6,0,0,0,0,0
0,0,5,7,13,20,37,55,14,7,9,8,0,2,12,11,3,0,0,0,0,0,0,1
0,8,8,3,10,14,19,22,0,0,0,0,9,9,11,10,0,0,0,0,0,0,0,0
3,2,0,0,3,8,8,11,0,0,1,0,6,8,13,14,1,0,0,0,0,0,0,0
5,0,0,0,1,7,6,9,0,9,0,0,0,6,8,11,5,1,0,0,0,0,0,0
0,2,5,0,0,6,11,0,0,12,0,0,0,6,12,10,0,0,2,0,0,0,0,0
7,4,0,7,8,3,10,0,0,0,6,0,0,0,5,11,5,0,0,0,0,2,0,0

0,9,6,10,7,5,11,8,13,27,14,19,14,13,13,13,12,9,5,0,0,0,0,0
0,0,11,12,13,10,12,26,30,48,50,51,54,52,50,46,21,14,13,0,0,0,0,0
0,9,8,13,12,12,15,25,27,50,55,66,55,58,54,53,48,27,12,0,0,0,0,0
2,6,5,1,11,14,21,14,14,43,50,56,57,67,53,50,28,12,6,0,0,0,0,0
7,2,8,2,11,15,12,9,10,11,14,42,45,41,36,14,4,8,0,0,0,0,0,0
5,2,1,15,27,21,37,49,37,44,45,53,51,48,46,50,45,45,13,12,7,0,0,0
4,7,7,29,33,51,59,58,62,66,70,73,65,71,69,66,65,60,51,28,13,7,2,8
5,10,11,16,51,55,63,61,75,77,80,73,72,85,71,84,87,62,56,54,45,11,0,0
8,13,30,52,57,55,59,75,85,94,104,95,96,74,80,106,85,63,55,51,46,49,14,0
13,22,42,51,53,51,59,70,96,115,125,108,106,86,92,99,94,71,58,53,39,37,40,14
11,43,60,44,14,43,53,63,90,114,127,119,100,104,105,98,90,64,55,49,21,37,38,34
36,48,51,36,25,11,37,65,103,119,132,118,121,116,116,114,76,56,54,40,12,44,56,56
14,50,42,19,19,9,20,67,100,114,130,135,123,120,116,104,65,54,47,12,5,17,50,65
14,101,62,36,13,12,7,58,102,113,120,125,121,114,110,100,104,68,53,9,7,13,38,103
14,36,40,18,19,25,30,43,59,102,110,112,103,83,65,60,71,56,18,10,10,10,3,10
0,8,10,7,11,11,33,39,53,64,102,98,73,64,59,65,68,42,6,0,0,0,0,0
0,0,0,0,5,34,12,26,50,57,76,98,74,81,80,65,59,57,13,9,0,5,0,0
0,0,0,1,2,6,13,39,49,49,54,62,66,81,76,53,35,14,14,12,10,8,8,10
1,6,5,2,8,14,30,52,72,67,66,86,105,84,64,53,54,65,51,9,8,5,2,1
1,0,0,9,10,21,93,99,117,112,122,117,112,101,69,80,74,52,31,11,6,0,11,1
2,0,1,7,17,33,74,121,136,148,151,143,129,117,92,82,107,80,36,18,14,8,1,8
4,11,7,13,25,41,75,120,152,185,191,185,159,154,142,128,103,66,42,50,12,13,12,12
8,8,9,16,21,51,95,132,149,183,226,225,191,187,158,136,114,60,42,14,20,18,12,10
0,6,9,11,13,63,101,125,147,171,222,261,237,210,174,148,126,100,55,17,0,10,10,12
4,2,0,4,11,17,53,109,131,146,177,198,169,174,153,140,110,104,25,12,2,8,10,14
0,2,5,10,12,9,13,100,107,115,128,134,118,136,124,112,101,17,5,7,9,7,13,14
4,8,0,12,12,14,46,69,48,101,62,57,57,94,69,47,13,1,6,3,6,6,5,0
5,3,0,9,11,12,21,48,33,56,28,14,42,39,14,29,31,13,6,0,0,0,3,8
0,6,8,9,12,23,35,46,43,52,23,14,28,25,21,13,14,14,12,0,2,0,0,0
0,0,7,10,11,27,34,40,42,35,29,28,32,21,17,14,12,10,6,0,2,8,1,6
0,9,3,7,13,21,37,47,40,32,26,25,20,13,29,26,14,12,11,10,4,10,8,6
3,9,9,21,21,28,66,118,76,42,23,12,4,3,11,11,8,9,9,3,0,0,0,0
9,3,4,11,26,24,214,347,200,39,11,7,2,3,7,8,5,5,0,0,0,0,0,0
10,11,5,8,18,51,110,128,95,16,10,8,8,2,0,3,0,8,2,0,0,0,0,0
11,10,4,15,27,84,116,77,45,17,9,8,7,4,6,3,0,0,0,0,0,0,0,0
0,8,14,25,52,137,118,83,55,16,10,9,7,0,1,7,4,0,0,0,0,0,0,0
6,8,11,17,36,100,108,81,66,15,13,9,7,0,0,0,7,8,0,0,0,0,0,0
0,0,0,9,14,51,53,59,53,13,9,0,3,10,8,8,4,0,6,0,0,0,0,0
0,0,5,7,13,20,37,55,14,7,9,8,0,2,12,11,3,0,0,0,0,0,0,1
0,8,8,3,9,14,20,22,0,0,0,0,9,9,11,10,0,0,0,0,0,0,0,0
3,2,0,0,3,8,8,11,0,0,1,0,6,9,13,14,0,0,0,0,0,0,0,0
5,0,0,0,1,7,6,8,0,10,0,0,0,6,8,11,5,1,0,0,0,0,0,0
0,2,5,0,0,6,11,0,0,13,0,0,0,6,12,10,0,0,2,0,0,0,0,0
7,4,0,7,8,3,10,0,0,0,6,0,0,0,5,11,5,0,0,0,0,2,0,0

0,9,6,10,7,5,11,8,13,27,14,19,14,13,13,13,12,9,5,0,0,0,0,0
0,0,11,12,13,10,12,26,31,50,50,51,54,52,50,45,20,14,13,0,0,0,0,0
0,9,8,13,12,12,15,26,28,50,56,66,55,58,54,53,48,29,12,0,0,0,0,0
2,6,5,1,11,14,22,13,14,45,50,56,56,66,53,50,29,12,6,0,0,0,0,0
7,2,8,3,11,15,12,9,11,11,14,42,48,43,36,17,4,8,0,0,0,0,0,0
6,1,1,14,27,21,38,49,37,45,45,54,51,47,46,50,45,45,13,12,7,0,0,0
4,7,7,29,34,51,59,58,62,66,70,73,65,71,69,66,65,60,52,29,13,7,2,8
5,10,11,15,51,55,63,60,75,77,80,74,72,85,71,84,87,62,56,54,44,11,1,0
8,13,31,52,57,56,59,75,85,94,104,95,96,74,80,106,85,63,55,51,45,50,14,0
13,22,41,51,53,50,59,70,96,115,125,107,106,86,91,99,94,71,58,53,40,35,38,14
11,44,61,45,14,43,53,63,89,114,126,118,99,104,105,98,91,64,55,50,23,36,39,35
36,48,51,36,24,11,37,66,103,119,132,118,121,116,116,114,76,56,54,42,12,43,56,56
14,50,42,19,18,9,20,67,100,114,130,135,123,120,116,104,65,54,48,12,5,17,50,64
14,101,62,35,12,12,7,57,102,113,120,125,121,114,110,100,103,67,52,9,7,13,38,103
14,36,40,18,20,25,29,44,59,102,110,112,103,83,66,60,71,56,21,10,10,10,3,10
0,8,10,7,11,11,32,39,53,63,102,98,73,64,59,65,69,42,6,0,0,0,0,0
0,0,0,0,5,34,12,26,50,57,76,99,74,82,81,65,59,58,13,9,0,5,0,0
1,0,0,0,2,6,13,40,49,48,55,63,66,81,76,53,35,14,14,12,10,8,8,10
1,6,5,2,8,14,30,52,72,67,66,86,105,84,64,53,55,65,51,9,8,5,2,1
1,0,0,9,10,22,92,100,117,112,123,117,112,101,69,80,73,53,31,11,6,0,11,1
2,0,1,7,17,33,73,120,136,148,150,143,129,117,93,83,108,81,36,18,14,8,2,8
4,11,7,13,25,41,75,120,152,185,191,185,160,154,142,129,103,67,42,50,12,13,12,12
8,8,9,15,21,51,93,132,149,182,226,226,192,188,159,136,114,62,42,14,20,18,12,10
0,6,9,11,13,63,101,125,147,171,223,261,237,210,174,148,126,100,55,16,0,10,9,12
4,2,0,4,11,18,53,109,131,146,177,199,169,175,154,141,111,104,28,12,3,8,10,14
0,2,5,10,12,9,13,100,107,115,128,133,118,136,124,112,102,17,5,7,9,7,13,14
4,8,0,12,12,15,44,69,50,101,61,57,57,95,71,46,13,1,6,3,6,6,5,0
5,3,0,8,11,12,19,47,35,56,25,15,41,39,14,29,29,13,6,0,0,0,3,8
0,7,8,9,12,23,35,46,45,52,23,14,28,26,21,13,14,15,12,0,2,0,0,0
0,0,7,10,11,26,34,40,41,35,29,27,31,20,17,14,12,10,5,0,2,7,1,6
0,9,3,7,13,21,37,47,40,32,26,25,20,13,29,26,14,12,11,10,4,10,8,6
3,9,9,21,22,28,65,118,76,40,24,12,4,3,11,11,8,9,9,3,0,0,0,0
9,3,4,11,26,24,214,348,200,37,11,7,2,3,7,9,5,5,0,0,0,0,0,0
10,11,5,8,18,51,110,128,95,15,11,8,8,2,0,3,0,8,2,0,0,0,0,0
11,10,4,15,27,84,116,77,46,17,8,8,7,4,6,3,0,0,0,0,0,0,0,0
0,8,14,26,52,137,118,82,55,17,10,8,7,0,1,7,4,0,0,0,0,0,0,0
6,9,11,17,35,100,108,81,67,15,13,9,7,0,0,0,7,8,0,0,0,0,0,0
0,0,0,10,14,51,53,59,53,13,9,0,3,10,8,8,4,0,6,0,0,0,0,0
0,0,5,8,13,20,38,55,15,7,9,8,0,2,12,11,3,0,0,0,0,0,0,1
0,8,8,3,10,14,20,22,0,0,0,0,9,9,11,10,0,0,0,0,0,0,0,0
3,2,0,0,3,8,8,11,0,0,1,0,6,8,13,14,1,0,0,0,0,0,0,0
5,0,0,0,1,7,6,9,0,10,0,0,0,6,8,11,5,2,0,0,0,0,0,0
0,2,5,0,0,6,11,0,0,13,0,0,0,6,12,10,0,0,2,0,0,0,0,0
7,4,0,7,8,3,10,0,0,0,6,0,0,0,5,11,6,0,0,0,0,2,0,0

0,9,6,9,7,5,11,8,13,27,14,21,14,13,13,13,12,9,5,0,0,0,0,0
0,0,11,12,13,10,12,25,30,48,50,51,54,52,50,45,20,14,13,0,0,0,0,0
0,9,8,13,12,12,16,26,29,50,56,66,55,58,54,54,48,29,12,0,0,0,0,0
2,6,4,1,11,14,21,14,14,44,51,56,56,66,53,50,29,12,6,0,0,0,0,0
7,1,8,3,11,15,12,9,11,11,14,41,46,43,37,16,4,8,0,0,0,0,0,0
6,2,1,15,27,21,37,49,37,44,45,53,51,48,46,50,45,45,14,12,7,0,0,0
4,7,7,29,33,51,58,58,62,66,70,74,65,71,69,66,65,60,52,30,13,7,2,8
5,10,11,17,51,55,63,61,75,77,81,74,72,85,72,84,88,62,56,54,45,12,1,0
8,13,31,52,57,56,59,75,85,94,104,95,96,74,81,106,85,63,55,51,46,50,14,0
13,22,42,51,53,50,59,69,95,114,124,107,105,85,91,98,94,71,58,52,40,36,38,14
11,43,60,45,14,43,53,63,89,113,125,117,99,103,104,97,90,64,55,49,22,36,38,35
36,48,51,36,24,11,36,65,102,118,131,117,120,115,115,113,75,56,54,41,12,42,56,56
14,50,42,19,18,9,20,66,100,114,130,135,123,120,116,103,65,54,48,12,5,17,50,64
14,100,62,33,12,12,7,58,102,113,121,125,121,114,110,100,103,68,52,9,7,13,37,103
14,35,40,18,19,26,30,43,60,102,110,112,104,84,66,61,72,56,21,10,10,10,2,10
0,8,10,7,11,11,33,39,53,64,102,99,73,64,60,66,69,42,7,0,0,0,0,0
0,0,0,0,5,34,12,27,50,57,76,100,74,82,81,65,60,57,13,9,0,5,0,0
0,0,0,1,2,6,13,40,49,49,55,63,66,81,76,53,35,14,14,12,10,8,8,10
1,6,5,2,8,14,30,52,73,67,67,87,105,84,64,53,54,65,51,9,8,5,2,1
1,0,0,9,10,22,94,100,117,112,123,117,112,101,69,80,73,53,31,11,6,0,11,1
2,0,1,7,17,33,74,121,136,149,150,143,129,117,93,83,108,80,36,18,14,8,2,8
4,11,7,13,25,41,75,121,152,186,192,185,160,155,143,129,104,68,42,50,12,13,12,12
8,8,9,15,21,51,94,131,149,183,225,226,192,188,159,136,114,61,42,14,20,18,12,10
0,6,9,11,13,63,101,125,147,171,223,261,238,211,174,148,126,100,53,16,0,10,10,12
4,2,0,4,11,19,54,109,131,146,177,199,170,175,154,141,111,104,28,12,2,8,10,14
0,2,5,10,12,9,13,100,107,115,128,134,118,136,124,112,102,20,5,7,9,7,13,14
4,8,0,12,12,14,46,71,48,101,62,57,57,95,71,46,13,1,6,3,6,6,5,0
5,3,0,8,11,12,19,46,34,56,25,14,42,39,14,29,30,13,6,0,0,0,3,8
0,6,8,9,12,23,36,46,44,52,23,14,29,26,20,13,14,14,12,0,2,0,0,0
0,0,7,10,11,26,34,40,41,35,29,27,32,20,18,14,12,10,5,0,2,8,1,6
0,9,3,7,13,22,38,47,40,33,26,25,20,13,29,26,14,12,11,10,4,10,8,6
3,9,8,21,22,28,66,118,76,41,23,12,4,3,11,11,8,9,9,3,0,0,0,0
9,3,4,11,26,23,214,347,200,39,11,6,2,3,7,9,5,5,0,0,0,0,0,0
10,11,5,8,18,51,111,128,95,16,10,8,8,1,0,3,0,8,2,0,0,0,0,0
11,10,4,15,27,84,116,77,46,17,8,8,7,4,6,3,0,0,0,0,0,0,0,0
0,8,14,26,52,137,118,83,55,16,11,8,7,0,1,7,4,0,0,0,0,0,0,0
6,8,11,17,35,100,108,81,67,16,13,9,7,0,0,0,7,8,0,0,0,0,0,0
0,0,0,10,14,51,53,59,53,13,9,0,3,10,8,8,4,0,7,0,0,0,0,0
0,0,5,7,13,20,38,55,15,7,9,8,0,2,12,11,2,0,0,0,0,0,0,1
0,9,8,3,10,14,19,22,0,0,0,0,9,9,11,10,0,0,0,0,0,0,0,0
3,2,0,0,3,8,8,11,0,0,0,0,6,8,13,15,1,0,0,0,0,0,0,0
6,0,0,0,1,7,6,9,0,9,0,0,0,6,8,11,5,2,0,0,0,0,0,0
0,2,5,0,0,6,11,0,0,12,0,0,0,6,12,10,0,0,2,0,0,0,0,0
7,4,0,7,8,3,10,0,0,0,6,0,0,0,5,11,6,0,0,0,0,2,0,0

0,9,6,9,7,5,11,8,13,28,14,20,14,13,13,13,12,9,5,0,0,0,0,0
0,0,11,12,13,10,12,25,30,50,50,51,54,52,50,45,20,14,13,0,0,0,0,0
0,9,8,13,12,12,15,25,28,50,56,66,55,58,54,53,47,27,12,0,0,0,0,0
2,6,5,1,11,14,21,14,14,44,50,57,57,68,54,50,30,12,6,0,0,0,0,0
7,1,8,2,11,15,12,9,11,12,14,41,46,42,36,15,4,8,0,0,0,0,0,0
6,2,1,15,27,21,38,49,37,45,45,54,51,48,46,51,45,45,14,12,7,0,0,0
4,7,7,29,33,51,59,58,62,66,70,74,65,71,69,66,65,60,52,31,13,7,2,8
5,10,11,16,52,55,63,61,75,77,81,74,72,85,72,84,88,62,56,54,45,12,1,0
8,13,31,52,57,56,59,74,85,94,104,96,96,74,80,106,85,63,55,51,45,50,14,0
13,22,42,51,54,50,59,69,95,113,124,107,105,85,91,99,93,71,58,52,40,37,40,14
11,43,60,45,14,41,53,63,89,113,125,117,98,103,104,97,90,64,55,49,21,36,38,34
36,48,51,35,24,11,36,65,102,118,131,117,120,115,115,113,75,56,54,42,12,44,56,56
14,49,41,19,18,9,19,66,100,114,130,135,123,120,116,103,65,54,47,12,5,17,48,64
14,100,62,35,12,12,7,58,102,113,121,125,121,114,110,100,104,68,52,9,7,13,38,102
14,35,40,17,19,25,30,43,60,102,110,112,104,83,66,60,71,56,21,10,10,10,2,10
0,8,10,7,11,11,33,39,54,64,102,100,73,64,60,66,69,45,7,0,0,0,0,0
0,0,0,0,5,34,12,27,50,57,76,100,74,82,81,65,60,57,13,9,0,5,0,0
1,0,0,0,2,6,13,40,49,49,55,63,66,81,76,53,35,14,14,12,10,8,8,11
1,6,5,2,8,14,30,52,72,67,66,87,105,84,64,53,55,65,51,9,8,5,2,1
1,0,0,9,10,21,94,100,117,112,123,117,112,101,69,80,74,53,32,11,6,0,11,1
2,0,1,7,17,33,73,120,136,149,150,143,129,117,93,83,108,80,36,18,14,8,1,8
4,12,7,13,25,41,75,120,153,186,191,185,160,155,143,129,104,68,42,50,12,13,12,12
8,8,9,15,20,51,94,131,149,183,226,226,193,189,159,136,114,61,42,14,20,18,12,10
0,6,9,11,13,63,101,125,147,172,223,262,238,211,175,148,126,100,55,20,0,10,10,12
4,2,0,4,11,18,53,109,131,146,177,199,170,175,154,141,111,104,29,12,2,8,10,14
0,2,5,10,12,9,13,100,107,115,128,134,118,136,124,112,102,22,6,7,9,7,13,14
4,8,0,12,12,14,43,68,48,101,61,57,58,95,71,46,13,1,6,3,6,6,5,0
5,3,0,9,11,12,20,47,34,56,28,14,43,40,14,29,31,14,6,0,0,0,4,8
0,6,8,9,12,23,35,47,43,51,24,14,28,25,22,13,14,16,12,0,2,0,0,0
0,0,7,10,11,27,34,40,42,35,29,27,32,20,18,14,12,10,5,0,2,8,1,6
0,9,3,7,13,21,37,47,40,32,25,24,20,13,29,26,14,12,11,10,4,10,8,6
3,9,9,21,22,28,66,118,76,41,23,12,4,4,11,11,8,9,9,3,0,0,0,0
9,3,4,11,26,24,214,347,200,38,11,7,2,3,7,9,5,5,0,0,0,0,0,0
10,11,5,8,19,51,111,128,95,18,11,8,8,2,0,3,0,8,2,0,0,0,0,0
11,10,4,15,26,84,116,77,45,17,8,8,7,4,6,3,0,0,0,0,0,0,0,0
0,8,14,26,52,137,118,83,55,17,11,9,7,0,1,7,4,0,0,0,0,0,0,0
6,9,11,17,35,100,108,81,66,15,13,9,7,0,0,0,7,8,0,0,0,0,0,0
0,0,0,10,14,51,53,59,53,13,9,0,3,10,8,8,4,0,7,0,0,0,0,0
0,0,5,8,13,20,36,55,14,6,9,8,0,1,12,11,2,0,0,0,0,0,0,1
0,9,8,3,10,14,20,22,0,0,0,0,9,9,11,10,0,0,0,0,0,0,0,0
3,2,0,0,3,8,8,11,0,0,0,0,6,8,13,14,1,0,0,0,0,0,0,0
6,0,0,0,1,7,6,9,0,10,0,0,0,6,8,11,5,2,0,0,0,0,0,0
0,2,5,0,0,6,11,0,0,12,0,0,0,6,12,10,0,0,2,0,0,0,0,0
7,4,0,7,8,3,10,0,0,0,6,0,0,0,5,11,6,0,0,0,0,2,0,0

0,9,6,9,7,5,11,8,13,27,14,20,14,13,13,13,12,9,5,0,0,0,0,0
0,0,11,12,13,10,12,27,31,50,50,51,54,52,50,46,20,14,13,0,0,0,0,0
0,9,8,13,12,12,15,25,27,50,56,65,55,58,54,53,48,27,12,0,0,0,0,0
2,6,5,1,11,14,21,14,14,44,50,56,57,67,54,50,30,12,6,0,0,0,0,0
7,1,8,3,11,15,12,9,11,11,14,42,46,42,36,17,4,8,0,0,0,0,0,0
6,2,1,15,27,21,37,49,37,44,45,53,51,48,46,51,45,45,14,12,7,0,0,0
4,7,7,29,32,51,58,58,62,66,70,73,65,71,69,66,65,60,52,29,13,7,2,8
5,10,11,16,51,55,63,61,75,76,80,73,72,85,71,84,88,62,56,54,45,12,1,0
8,13,31,52,57,56,59,75,85,94,103,95,96,74,80,106,85,63,55,51,45,50,14,0
13,21,42,51,53,50,59,70,95,114,124,108,106,86,92,99,94,71,58,53,40,37,41,14
11,43,60,45,14,43,53,63,89,113,126,118,99,104,104,98,90,64,55,48,22,36,38,34
36,48,51,36,25,11,36,65,102,118,131,118,121,116,116,114,76,57,54,42,12,44,56,56
14,50,42,19,18,9,19,67,100,114,130,135,123,120,116,104,65,54,48,12,5,16,48,64
14,100,62,36,12,12,7,58,102,113,121,125,121,115,110,100,104,68,52,9,7,13,38,103
14,35,40,17,19,25,30,43,59,102,110,112,103,83,66,60,71,56,20,10,10,10,2,10
0,8,10,7,11,11,33,39,53,64,102,99,73,64,60,66,69,43,7,0,0,0,0,0
0,0,0,0,5,34,12,27,50,57,76,99,74,82,81,65,59,58,13,9,0,5,0,0
1,0,0,0,2,6,13,40,49,49,55,62,66,81,76,53,36,14,14,12,10,8,8,10
1,6,5,2,8,14,30,52,72,67,66,86,105,85,64,53,54,65,51,9,8,5,2,1
1,0,0,9,10,22,93,100,117,112,122,117,112,101,69,80,74,53,32,11,6,0,11,1
2,0,1,7,17,33,73,121,136,148,150,143,129,117,93,83,108,81,36,18,14,8,1,8
5,12,7,13,25,41,75,120,152,185,191,186,161,155,143,130,104,68,42,50,12,13,12,12
8,8,9,15,20,51,93,131,149,182,226,226,193,189,160,137,114,61,42,14,20,18,12,10
0,6,9,11,13,63,101,125,147,172,223,262,238,211,175,149,126,100,55,20,0,10,10,12
4,2,0,4,11,18,53,109,131,146,178,199,170,175,155,141,111,105,28,12,3,8,10,14
0,2,5,10,12,9,13,100,107,115,128,134,118,136,124,113,102,23,6,7,9,7,13,14
4,8,0,12,12,14,43,70,47,101,61,55,57,95,71,46,13,1,6,3,6,6,5,0
5,3,0,8,11,12,20,47,36,56,27,16,43,40,14,30,31,13,6,0,0,0,4,8
0,7,8,9,12,23,35,45,40,52,23,14,28,25,21,13,14,14,12,0,2,0,0,0
0,0,7,10,11,27,34,40,42,35,29,28,32,20,17,14,12,10,5,0,2,8,1,6
0,9,3,7,13,21,38,47,40,33,26,25,20,13,29,26,14,12,11,10,4,10,8,6
3,9,9,21,22,28,66,118,76,42,24,12,4,4,11,11,8,9,9,3,0,0,0,0
9,3,4,11,26,23,214,347,200,36,11,6,2,3,7,9,5,5,0,0,0,0,0,0
10,11,5,8,19,51,111,128,96,16,10,8,8,2,0,3,0,8,2,0,0,0,0,0
11,10,4,15,26,84,116,77,45,16,8,8,7,4,6,3,0,0,0,0,0,0,0,0
0,8,14,25,52,137,118,82,55,18,11,9,7,0,1,7,4,0,0,0,0,0,0,0
6,9,11,17,36,99,108,81,66,16,13,9,7,0,0,0,7,8,0,0,0,0,0,0
0,0,0,10,14,51,53,59,53,13,9,0,3,10,8,8,4,0,7,0,0,0,0,0
0,0,5,8,13,20,37,55,15,7,9,8,0,1,12,11,2,0,0,0,0,0,0,1
0,9,8,3,10,14,20,23,0,0,0,0,9,9,11,10,0,0,0,0,0,0,0,0
3,2,0,0,3,8,8,11,0,0,0,0,6,8,13,14,1,0,0,0,0,0,0,0
6,0,0,0,1,7,6,8,0,10,0,0,0,6,8,11,5,2,0,0,0,0,0,0
0,2,5,0,0,6,11,0,0,12,0,0,0,6,12,10,0,0,2,0,0,0,0,0
7,4,0,7,8,3,10,0,0,0,6,0,0,0,5,11,6,0,0,0,0,2,0,0
