0,0,0,0,0,0,0,0,8,10,21,73,125,108,42,19,0,1,0,0,0,0,7,0
0,0,0,0,0,0,0,0,0,14,52,83,95,70,56,15,10,0,0,0,2,4,8,1
0,0,0,0,0,0,0,0,5,3,13,53,101,92,50,27,17,8,4,0,0,10,0,0
0,0,0,0,0,0,0,0,0,0,5,10,52,52,28,12,9,17,11,3,0,0,0,0
0,0,0,0,0,0,0,0,0,26,59,74,102,73,70,58,40,8,13,10,0,0,4,0
0,0,0,9,4,13,20,53,60,74,84,101,93,86,97,92,83,69,51,35,11,7,1,8
0,0,1,12,13,33,59,72,83,88,117,127,122,121,138,142,100,104,81,61,27,14,4,0
0,0,0,0,24,61,66,85,87,107,141,138,121,119,149,175,158,110,81,70,47,16,3,0
0,0,0,0,45,61,56,77,95,125,139,130,127,124,142,165,209,134,89,72,58,50,9,0
0,5,7,10,53,58,55,63,91,109,132,150,155,157,159,165,181,136,82,63,59,54,20,5
0,5,15,50,57,53,18,66,77,94,125,145,174,180,175,172,143,116,78,57,55,61,52,8
0,0,40,68,66,38,8,52,76,99,137,149,156,183,184,180,145,94,64,53,54,58,58,11
9,13,74,90,72,16,12,38,71,109,138,167,176,158,154,158,131,74,59,40,42,51,73,11
12,51,110,102,56,21,33,13,67,100,135,159,162,143,147,149,124,101,100,50,20,52,82,22
5,53,72,62,7,2,3,9,52,57,94,139,153,139,133,136,114,99,82,14,13,22,28,20
9,13,61,32,0,0,7,10,50,58,74,107,137,131,113,124,103,105,62,12,12,11,8,11
10,14,38,23,8,11,12,20,50,58,83,96,133,97,85,83,72,69,75,48,8,7,7,5
12,28,35,27,14,14,20,34,46,72,119,147,132,122,107,98,98,70,59,35,26,13,11,7
0,9,12,10,3,7,14,44,58,124,166,187,194,149,137,155,159,137,103,102,52,19,10,8
5,9,6,1,0,6,13,52,105,144,204,250,293,269,209,200,239,194,147,124,86,27,10,13
4,5,6,7,7,7,13,18,75,134,218,273,294,304,258,210,236,214,154,135,110,53,29,27
0,0,5,0,0,9,33,35,102,147,212,269,309,303,257,191,209,206,160,143,115,50,31,22
7,6,2,0,9,9,18,30,48,120,151,193,213,191,145,111,142,148,128,119,92,27,12,12
9,9,2,0,0,3,4,7,32,101,110,120,123,108,103,66,105,103,102,104,71,12,9,9
0,2,0,0,0,0,0,0,7,43,14,100,100,84,100,58,42,100,100,45,13,0,2,4
7,2,0,0,0,0,2,11,9,11,14,77,38,19,100,89,100,108,102,31,12,0,10,7
3,3,0,0,0,0,10,0,0,13,5,13,14,18,83,87,91,102,101,13,2,0,0,4
5,0,0,0,0,2,7,6,13,10,0,11,12,14,56,77,83,100,62,5,5,10,7,8
0,0,0,0,0,7,7,0,7,0,11,11,12,17,14,72,31,57,34,11,0,10,8,11
0,3,0,0,5,3,0,0,9,4,13,10,22,33,26,42,48,18,6,6,2,3,5,4
7,6,4,12,6,9,4,9,9,12,9,12,10,14,13,24,48,20,11,11,6,1,0,0
0,0,4,0,6,0,0,5,2,0,5,5,5,12,14,21,51,36,8,12,15,0,0,0
7,0,0,0,6,0,0,0,0,0,0,0,7,8,11,24,54,43,11,11,1,0,0,0
2,0,0,3,0,0,0,7,3,0,0,0,0,9,32,48,40,56,43,12,0,1,0,5
0,0,0,0,0,0,6,0,8,7,2,0,0,12,37,50,63,60,55,17,11,1,10,10
0,0,0,0,0,0,0,2,4,0,0,0,0,10,27,53,55,56,53,18,8,5,11,0
0,0,0,0,0,0,0,0,0,0,0,2,8,10,16,32,56,56,32,11,3,9,6,6
0,1,0,0,4,4,0,0,0,0,4,2,6,13,13,50,58,52,10,10,7,0,0,0
0,0,0,0,0,0,0,0,0,1,0,0,7,14,13,50,66,43,9,10,0,8,0,0
0,0,0,0,0,0,5,2,0,11,12,10,4,10,37,32,56,23,10,7,10,9,1,0
3,2,1,0,1,0,6,10,16,13,9,7,9,17,58,55,54,54,45,19,8,6,5,0
6,6,0,1,7,8,13,30,11,11,13,13,14,52,58,68,180,77,55,18,7,11,11,10
5,8,0,5,9,0,0,0,7,11,10,3,0,13,28,55,79,78,50,30,11,16,11,4
7,4,5,9,7,0,0,2,0,6,2,0,1,10,11,13,30,26,15,11,10,0,9,7

0,0,0,0,0,0,0,0,8,10,22,74,126,109,42,21,0,1,0,0,0,0,7,0
0,0,0,0,0,0,0,0,0,14,52,83,96,71,56,16,10,0,0,0,2,4,8,1
0,0,0,0,0,0,0,0,6,3,13,54,101,91,50,28,17,8,5,0,0,10,0,0
0,0,0,0,0,0,0,0,0,0,5,11,53,52,28,12,9,17,11,2,0,0,0,0
0,0,0,0,0,0,0,0,0,27,59,75,103,73,71,59,41,8,13,10,0,0,4,0
0,0,0,9,4,13,21,54,60,74,85,102,94,87,98,92,83,69,51,35,11,7,1,8
0,0,1,12,13,33,59,72,83,88,117,128,123,122,138,143,100,104,81,61,27,14,4,0
0,0,0,0,25,61,66,86,87,106,140,138,121,119,149,174,157,110,81,70,48,17,2,0
0,0,0,0,46,61,56,77,95,125,139,129,126,124,141,163,207,133,89,71,58,50,8,0
0,5,7,10,53,58,55,63,90,108,132,149,154,157,158,164,178,134,82,63,59,54,19,5
0,5,15,50,57,53,17,66,77,93,124,144,173,179,175,171,142,115,77,57,55,61,52,8
0,0,40,68,66,38,8,51,76,99,136,148,155,182,183,179,144,93,64,53,54,58,58,11
9,13,73,90,72,15,12,38,71,108,137,165,173,156,153,157,131,73,58,39,42,50,72,11
12,51,110,102,56,20,31,13,67,100,134,157,160,142,146,148,123,101,100,50,17,52,80,21
5,54,72,62,7,2,3,9,52,56,94,138,151,138,133,135,114,99,82,13,13,21,27,20
9,13,61,33,0,0,7,11,50,58,74,107,136,130,113,124,103,105,62,11,12,11,7,11
10,14,37,24,8,11,11,20,50,58,83,96,133,96,85,83,72,69,75,49,8,7,7,5
12,28,35,27,14,14,20,35,46,72,118,146,131,121,106,98,98,70,59,35,26,14,11,7
0,9,12,10,3,7,14,44,58,123,166,187,193,148,137,155,159,137,103,102,52,20,10,8
5,9,6,1,0,6,13,52,105,143,204,250,293,269,209,201,239,195,147,125,86,27,10,13
4,5,6,6,7,7,13,20,75,134,218,273,295,304,258,211,237,215,155,136,110,53,29,28
0,0,5,0,1,9,33,35,102,148,213,270,311,304,259,193,211,208,162,145,115,51,31,22
7,6,2,0,9,9,18,31,48,121,152,194,214,192,145,111,143,149,129,120,92,28,12,12
9,9,3,0,0,3,4,7,36,101,110,120,124,108,103,69,105,103,102,104,75,12,10,9
0,2,0,0,0,0,0,0,6,43,15,100,100,85,100,59,46,100,100,46,13,0,2,4
7,2,0,0,0,0,2,11,9,11,14,77,38,19,100,90,100,108,102,37,12,0,11,7
4,3,0,0,0,0,10,0,0,13,6,13,14,20,86,90,95,102,101,14,2,0,0,4
5,0,0,0,0,2,7,6,12,10,0,11,12,14,56,77,88,100,65,5,5,10,7,8
0,0,0,0,0,7,7,0,7,0,10,11,13,17,14,73,37,58,36,11,0,10,8,10
0,3,0,0,5,3,0,0,9,3,12,10,21,33,27,43,49,22,9,6,2,3,5,4
8,6,4,12,6,9,4,9,8,11,8,11,10,14,14,25,49,22,12,11,6,1,0,0
0,0,4,0,6,0,0,5,0,0,5,5,5,12,14,22,51,37,9,12,16,0,0,0
7,0,0,0,6,0,0,0,0,0,0,0,7,8,11,25,55,45,11,11,1,0,0,0
2,0,0,3,1,0,0,7,2,0,0,0,0,9,35,50,41,57,47,12,0,1,0,5
0,0,0,0,0,0,6,0,8,7,2,0,0,12,39,51,64,61,56,20,11,0,10,10
0,0,0,0,0,0,0,2,5,0,0,0,0,10,28,53,55,56,53,21,9,5,11,0
0,0,0,0,0,0,0,0,0,0,0,2,8,10,16,32,56,56,36,12,3,9,6,6
0,1,0,0,4,4,0,0,0,0,4,3,6,13,13,50,58,52,11,11,7,0,0,0
0,0,0,0,0,0,0,0,1,1,0,0,7,14,13,50,67,44,9,11,0,8,0,0
0,0,0,0,0,0,5,2,0,11,12,10,4,10,37,32,57,24,11,7,10,9,1,0
3,3,1,0,1,0,6,10,16,13,9,7,9,16,58,54,54,54,46,19,8,6,5,0
6,6,0,1,7,8,13,30,11,11,13,13,14,52,58,68,178,76,55,17,7,11,10,10
5,8,0,6,9,0,0,0,8,11,10,3,0,13,28,55,79,77,50,30,11,16,11,4
7,4,5,9,7,0,0,2,0,6,2,0,1,10,11,13,31,25,15,11,10,0,9,7

0,0,0,0,0,0,0,0,8,10,23,75,127,109,42,20,0,1,0,0,0,0,7,0
0,0,0,0,0,0,0,0,0,14,52,84,96,71,55,15,10,0,0,0,2,4,8,1
0,0,0,0,0,0,0,0,6,4,13,53,100,92,50,28,17,9,5,0,0,10,0,0
0,0,0,0,0,0,0,0,0,0,5,10,54,52,32,13,10,18,11,2,0,0,0,0
0,0,0,0,0,0,0,0,0,27,59,75,103,74,70,57,43,10,16,11,0,0,3,0
0,0,0,9,3,13,21,54,60,74,85,102,95,88,99,94,88,73,54,37,13,7,0,8
0,0,1,12,13,34,59,72,82,87,117,127,123,127,145,150,109,114,89,62,32,16,5,0
0,0,0,0,28,61,66,85,86,105,138,136,121,125,158,183,158,111,80,69,50,24,3,0
0,0,0,0,47,61,56,77,94,123,135,127,126,130,148,170,189,121,84,69,57,50,10,0
0,5,7,10,53,57,55,63,91,107,130,147,157,163,167,170,177,130,79,61,55,51,28,4
0,4,15,50,57,53,17,66,77,94,123,141,176,184,180,176,146,116,77,57,51,45,44,9
0,0,39,68,66,37,8,52,76,99,134,146,154,184,187,182,145,94,64,52,46,33,46,12
9,13,74,91,71,14,13,38,72,108,136,163,170,155,156,159,132,74,59,38,33,30,33,6
12,51,110,102,55,17,31,14,67,100,133,155,155,139,147,148,124,101,101,46,14,13,11,10
5,53,71,62,6,2,2,10,52,56,93,136,147,134,133,135,114,99,82,14,13,16,16,13
9,13,61,32,0,0,7,11,50,58,73,106,134,127,112,123,103,104,62,11,11,10,7,11
10,14,38,23,8,11,11,21,50,58,83,95,131,95,83,82,71,69,75,49,8,8,8,6
12,27,34,26,14,14,20,35,46,72,118,145,129,119,103,97,98,70,59,35,26,14,11,7
0,9,12,11,4,7,14,45,58,123,165,186,192,148,137,156,160,138,103,102,52,20,11,8
5,9,7,1,0,6,13,52,105,143,203,249,292,268,210,203,241,196,148,125,87,27,10,13
4,5,6,7,7,7,13,24,76,134,218,273,295,305,259,213,239,217,157,136,110,54,29,29
0,0,5,0,1,9,33,35,102,148,214,270,310,304,259,194,213,210,164,146,116,51,31,23
7,6,2,0,9,9,18,31,48,121,153,194,215,192,145,112,144,150,130,121,93,28,12,12
9,9,2,0,0,3,4,7,36,101,110,121,124,108,103,69,106,103,102,104,77,12,10,9
1,3,0,0,0,0,0,0,6,43,20,100,100,85,100,61,50,101,100,48,14,0,2,4
7,3,0,0,0,0,2,11,9,11,14,77,38,18,100,92,100,108,103,43,13,0,11,7
4,3,0,0,0,0,10,0,0,13,7,13,14,21,85,90,97,102,101,14,3,0,0,4
5,0,0,0,0,2,6,5,12,7,2,11,11,14,55,77,90,100,67,6,5,10,7,8
0,0,0,0,0,7,7,0,7,0,13,10,12,19,14,72,45,61,37,12,0,10,8,10
0,3,0,0,5,3,0,0,8,3,12,9,21,34,27,43,49,25,10,6,2,3,5,4
8,6,4,12,6,9,3,9,8,11,8,11,9,14,14,26,49,22,12,11,6,1,0,0
0,0,4,0,6,0,0,5,0,0,4,4,5,13,15,24,52,37,9,12,16,0,0,0
7,0,0,0,6,0,0,0,0,0,0,0,7,8,11,27,55,46,12,11,1,0,0,0
2,0,0,3,0,0,0,7,2,0,0,0,0,9,36,50,42,57,50,12,0,1,0,5
0,0,0,0,0,0,6,0,8,6,1,0,0,12,37,51,64,61,56,21,11,0,10,10
0,0,0,0,0,0,0,2,5,0,0,0,0,10,28,53,55,56,53,22,9,6,11,0
0,0,0,0,0,0,0,0,0,0,0,2,8,10,17,32,56,56,37,12,3,9,7,6
0,1,0,0,4,4,0,0,0,0,4,3,6,13,13,50,58,52,12,11,7,0,0,0
0,0,0,0,0,0,0,1,1,1,0,0,7,14,13,50,67,45,9,11,0,8,0,0
0,0,0,0,0,0,5,2,0,11,12,10,4,10,40,32,57,24,11,7,10,9,1,0
3,3,1,0,1,0,6,10,16,13,9,7,9,20,58,55,54,54,47,22,8,6,5,0
6,6,0,1,7,8,13,29,11,11,13,13,14,53,58,67,179,76,55,20,8,12,10,10
5,8,0,6,9,0,0,0,7,11,11,3,1,13,28,56,80,78,50,32,11,16,11,4
7,4,5,9,7,0,0,2,0,6,3,0,2,10,11,13,36,26,16,11,11,0,9,7

0,0,0,0,0,0,0,0,8,10,20,73,127,110,43,21,0,1,0,0,0,0,7,0
0,0,0,0,0,0,0,0,0,14,52,83,96,72,56,16,10,0,0,0,1,4,7,2
0,0,0,0,0,0,0,0,6,4,13,53,101,93,51,28,17,8,4,0,0,10,0,0
0,0,0,0,0,0,0,0,0,0,5,10,53,53,33,12,10,17,11,0,0,0,0,0
0,0,0,0,0,0,0,0,0,20,58,74,102,73,69,57,47,10,15,9,0,0,0,0
0,0,0,9,3,12,20,53,60,74,84,102,94,85,94,93,93,76,55,37,11,4,0,8
0,0,1,12,13,31,60,73,83,88,117,127,123,124,141,149,112,112,84,61,30,15,4,0
0,0,0,0,24,61,66,86,86,105,139,138,121,121,151,176,149,101,72,66,38,27,4,0
0,0,0,0,47,61,56,77,94,123,138,128,127,126,144,163,177,111,78,66,55,50,18,2
0,4,7,10,54,58,55,63,90,108,131,148,157,160,163,164,167,124,76,59,51,19,56,12
0,4,15,51,57,53,17,66,77,93,122,142,178,182,177,173,142,112,76,56,46,10,14,14
0,0,40,68,66,39,8,51,75,97,132,146,156,183,184,179,144,92,64,51,28,10,12,7
9,13,74,91,72,17,13,37,71,108,135,163,171,154,153,156,131,74,59,38,13,14,7,0
12,51,110,102,56,19,31,13,66,99,132,154,154,138,145,147,123,101,100,41,11,6,10,11
5,54,72,63,7,2,2,9,52,56,92,135,146,133,131,134,113,99,81,12,11,11,17,9
9,13,61,33,0,0,7,10,50,58,73,105,133,126,111,122,102,104,62,11,10,10,4,8
10,14,38,23,8,11,11,20,50,58,82,94,131,94,83,81,71,68,74,48,8,7,9,5
12,27,34,26,13,14,20,35,46,72,117,144,127,118,102,96,97,69,59,35,27,14,11,8
0,9,12,10,4,7,14,45,58,123,165,186,192,148,136,154,158,137,102,102,52,19,10,8
5,9,6,1,0,6,13,51,105,143,204,250,294,268,209,201,238,194,147,125,86,26,10,13
3,5,6,6,7,7,13,26,76,135,220,275,296,305,260,211,237,215,155,136,110,53,29,28
0,0,5,0,1,9,33,35,102,148,215,272,311,306,259,193,212,209,163,145,115,50,31,23
7,6,2,0,9,9,18,31,48,121,153,195,216,193,145,112,143,149,129,120,92,28,12,12
9,9,2,0,0,4,4,7,37,101,110,121,124,108,103,70,105,103,102,104,74,12,10,9
0,2,0,0,0,0,0,0,6,44,17,100,100,87,100,61,50,100,100,47,14,0,2,4
7,2,0,0,0,0,2,11,9,11,14,81,41,19,100,93,100,108,103,44,13,0,11,7
4,3,0,0,0,0,10,0,0,13,8,14,14,20,88,90,96,102,101,14,3,0,0,4
5,0,0,0,0,2,6,5,12,8,6,11,12,14,55,77,92,100,67,6,5,10,7,8
0,0,0,0,0,7,7,0,8,0,14,10,12,18,14,72,46,61,36,12,0,10,8,11
0,3,0,0,5,3,0,0,8,2,12,9,21,34,27,43,50,24,10,6,2,3,5,4
8,6,4,12,6,9,3,9,7,10,8,11,9,14,14,26,50,23,12,11,6,1,0,0
0,0,4,0,6,0,0,4,0,0,3,5,5,13,15,25,52,37,9,12,17,0,0,0
7,0,0,0,6,0,0,0,0,0,0,0,7,9,12,29,56,46,12,11,1,0,0,0
2,0,0,3,0,0,0,6,3,0,0,0,0,9,36,51,42,57,50,12,0,1,0,5
0,0,0,0,0,0,5,0,8,6,1,0,0,12,39,51,64,61,56,21,11,0,10,10
0,0,0,0,0,0,0,2,4,0,0,0,0,10,28,53,55,56,53,22,9,6,11,0
0,0,0,0,0,0,0,0,0,0,0,2,9,11,17,33,56,56,37,12,3,9,7,6
0,1,0,0,4,4,0,0,0,0,4,3,7,13,13,50,59,52,12,11,7,0,0,0
0,0,0,0,0,0,0,1,1,1,0,0,7,14,13,51,67,46,10,11,0,8,0,0
0,0,0,0,0,0,5,2,0,11,12,10,4,11,39,32,57,24,11,8,10,9,1,0
3,3,1,0,1,0,6,10,17,13,9,8,9,23,59,55,54,54,47,24,8,6,6,0
6,6,0,1,7,8,13,29,11,11,13,13,17,53,59,68,181,77,55,23,8,12,10,10
5,8,0,6,9,0,0,0,8,11,11,3,1,14,28,56,81,78,51,34,12,17,11,4
7,4,5,9,7,0,0,2,0,6,3,0,2,10,11,13,36,26,16,11,11,0,9,7

0,0,0,0,0,0,0,0,8,10,23,75,127,109,43,20,0,1,0,0,0,0,7,0
0,0,0,0,0,0,0,0,0,14,52,84,97,72,55,16,10,0,0,0,2,4,7,3
0,0,0,0,0,0,0,0,6,4,13,54,101,93,50,24,16,8,4,0,0,10,0,0
0,0,0,0,0,0,0,0,0,0,5,11,54,52,29,12,10,17,10,0,0,0,0,0
0,0,0,0,0,0,0,0,0,30,59,75,102,73,70,59,50,10,14,9,0,0,0,0
0,0,0,9,3,13,23,55,61,75,85,101,93,84,94,96,96,76,54,34,10,2,0,8
0,0,1,12,13,38,60,74,84,89,118,127,122,119,133,147,118,110,80,60,22,13,3,0
0,0,0,0,31,61,66,86,87,106,140,139,120,115,142,166,162,104,71,65,25,18,4,0
0,0,0,1,50,61,56,77,94,123,139,130,126,121,137,154,183,118,79,66,55,50,17,0
0,5,7,11,54,58,55,63,90,107,132,150,155,155,156,159,165,125,77,59,51,22,57,11
0,5,16,51,57,53,18,66,77,93,123,143,175,179,173,168,139,111,75,56,44,12,19,25
0,0,41,69,66,39,8,51,75,97,133,147,155,182,181,177,143,91,63,51,26,10,13,9
9,13,74,91,73,18,13,37,71,107,136,163,172,155,152,155,130,73,58,35,11,13,8,0
12,51,110,102,56,19,30,13,66,99,132,155,156,140,145,147,123,101,100,28,9,2,11,12
5,54,72,63,7,2,2,9,52,56,92,135,147,135,131,134,113,98,80,10,9,7,17,11
9,13,61,33,0,0,7,10,50,58,73,105,134,127,111,122,102,104,61,10,9,9,3,6
10,14,38,23,8,11,11,20,50,58,81,94,131,94,83,82,71,68,74,46,8,8,10,6
12,28,34,26,13,14,20,35,46,72,117,143,127,118,103,96,96,69,58,35,27,14,11,8
0,9,12,10,3,7,14,44,58,123,165,186,191,147,136,153,157,136,102,102,51,19,10,8
5,9,6,1,0,6,13,51,105,143,204,250,294,268,209,200,238,194,147,125,86,27,10,13
3,5,6,6,7,7,13,25,75,134,220,276,297,306,258,211,236,214,156,136,110,53,29,28
0,0,5,0,1,9,33,35,102,148,215,273,313,306,259,193,211,208,163,146,115,50,31,23
7,6,2,0,9,9,18,31,48,121,153,195,215,193,145,112,143,149,129,120,92,28,12,12
9,9,2,0,0,3,4,8,38,101,110,121,124,108,103,69,105,103,102,104,76,12,10,9
0,2,0,0,0,0,0,0,7,43,19,100,100,86,100,61,50,100,100,48,14,0,2,4
7,2,0,0,0,0,2,11,9,11,15,80,41,23,100,93,100,108,103,44,13,0,11,7
4,3,0,0,0,0,10,0,0,13,8,14,14,24,86,92,98,102,101,14,4,0,0,4
5,0,0,0,0,2,6,5,12,8,8,12,12,15,55,77,93,100,67,6,5,10,7,8
0,0,0,0,0,7,7,0,8,0,14,10,13,21,14,71,50,62,37,12,0,10,8,10
0,3,0,0,5,3,0,0,8,2,11,10,22,34,27,43,50,26,11,7,2,3,5,4
7,6,4,12,6,9,3,9,7,10,7,11,9,14,14,27,50,23,12,11,6,1,0,0
0,0,4,0,6,0,0,4,0,0,3,5,6,13,15,27,52,37,9,12,17,0,0,0
7,0,0,0,6,0,0,0,0,0,0,0,7,9,12,30,56,47,12,11,1,0,0,0
2,0,0,3,0,0,0,6,2,0,0,0,0,9,37,51,43,57,50,12,0,1,0,5
0,0,0,0,0,0,5,0,8,6,1,0,0,12,38,51,65,61,56,22,11,0,11,10
0,0,0,0,0,0,0,1,5,0,0,0,0,10,28,53,55,56,53,23,9,6,11,0
0,0,0,0,0,0,0,0,0,0,0,3,9,10,18,32,56,56,39,12,4,9,7,6
0,1,0,0,4,4,0,0,0,0,4,3,7,13,14,51,59,52,12,12,7,0,0,0
0,0,0,0,0,0,0,1,1,1,0,0,7,14,13,51,67,46,10,11,0,8,0,0
0,0,0,0,0,0,5,2,0,11,12,10,4,10,40,35,56,24,11,8,10,9,1,0
3,3,1,0,1,0,6,10,17,13,9,8,9,24,58,55,54,54,50,24,8,6,6,0
6,6,0,1,7,8,13,30,11,11,13,13,19,53,59,68,181,77,56,23,8,12,10,10
5,9,0,6,9,0,0,0,8,11,11,3,1,13,29,56,81,78,51,34,12,17,11,4
7,4,5,9,7,0,0,2,0,6,3,0,2,10,12,13,38,28,16,11,11,0,9,7

0,0,0,0,0,0,0,0,8,11,23,75,127,110,43,20,0,2,0,0,0,0,7,0
0,0,0,0,0,0,0,0,0,14,52,84,97,72,56,16,10,0,0,0,2,4,7,2
0,0,0,0,0,0,0,0,7,4,13,54,101,93,50,21,16,8,4,0,0,10,0,0
0,0,0,0,0,0,0,0,0,0,5,11,55,52,27,12,9,16,10,0,0,0,0,0
0,0,0,0,0,0,0,0,0,31,59,75,102,74,71,60,50,10,13,9,0,0,0,0
0,0,0,9,3,13,23,54,61,74,85,101,93,85,96,94,90,75,54,35,10,2,0,8
0,0,1,12,13,38,60,74,84,88,117,127,122,120,135,142,107,107,82,61,26,14,4,0
0,0,0,0,32,62,66,86,87,106,139,138,120,116,143,165,154,104,73,66,32,22,4,0
0,0,0,1,50,61,56,77,94,123,138,131,127,121,136,154,186,123,80,66,55,50,18,0
0,5,7,11,54,58,55,63,90,107,132,151,155,155,156,158,166,125,76,59,51,26,58,11
0,5,16,51,57,53,16,66,77,93,124,145,175,179,172,168,138,109,75,55,45,12,23,31
0,0,41,69,66,37,8,51,75,97,134,148,156,182,181,176,141,90,63,50,27,10,13,9
9,13,74,90,72,18,13,37,71,107,136,165,173,156,151,154,129,72,57,34,11,13,9,0
12,51,110,102,56,17,31,13,67,99,132,156,159,142,145,147,123,100,100,26,8,1,11,12
5,54,71,62,6,2,2,9,52,56,92,136,148,137,132,134,113,97,80,10,8,6,16,11
9,13,61,33,0,0,7,10,50,58,73,105,134,128,112,122,102,104,61,10,9,9,3,6
10,14,37,23,8,11,11,19,50,58,81,94,131,95,83,82,71,68,74,45,8,8,10,6
12,27,34,26,13,14,20,35,46,72,117,143,127,118,103,96,97,68,58,34,27,14,11,8
0,9,12,10,4,7,14,44,58,123,164,186,191,148,136,154,157,136,102,101,51,19,10,8
5,9,7,1,0,6,13,52,105,143,204,250,293,268,209,200,239,194,147,125,86,27,10,13
3,5,6,7,7,7,13,26,75,134,220,275,297,305,259,211,236,215,156,136,110,54,29,28
0,0,5,0,1,9,33,35,102,148,215,272,312,306,260,194,212,209,163,146,115,51,31,23
7,6,2,0,9,9,18,31,48,121,154,195,216,193,146,112,143,150,130,121,92,28,12,12
9,9,2,0,0,4,4,7,38,101,111,121,124,108,103,71,105,103,102,104,76,12,10,9
0,2,0,0,0,0,0,0,6,43,19,100,100,86,100,61,50,100,100,47,14,0,2,4
7,2,0,0,0,0,2,11,9,11,15,80,43,22,100,93,100,108,103,44,13,0,11,7
4,4,0,0,0,0,10,0,0,13,8,14,14,21,86,93,96,102,101,14,4,0,0,4
5,0,0,0,0,1,6,5,12,8,8,12,12,15,55,77,94,100,67,6,5,10,7,8
0,0,0,0,0,7,7,0,8,0,14,10,12,18,14,70,50,61,37,12,0,10,8,11
0,3,0,0,5,3,0,0,8,2,11,9,22,34,27,43,50,26,10,7,3,3,5,4
8,6,4,12,6,9,3,9,7,10,7,11,9,14,14,27,50,23,12,11,6,1,0,0
0,0,4,0,6,0,0,4,0,0,3,5,6,13,17,28,52,38,9,12,17,0,0,0
7,0,0,0,6,0,0,0,0,0,0,0,7,9,12,30,56,47,12,11,1,0,0,0
2,0,0,3,0,0,0,6,2,0,0,0,0,9,38,51,43,57,50,12,0,1,0,5
0,0,0,0,0,0,5,0,8,6,1,0,0,12,37,51,64,60,56,22,11,0,11,10
0,0,0,0,0,0,0,1,5,0,0,0,0,10,28,53,55,56,53,24,9,6,11,0
0,0,0,0,0,0,0,0,0,0,0,3,9,11,18,32,56,56,38,12,4,9,7,6
0,1,0,0,4,4,0,1,0,0,4,3,7,14,14,51,59,52,12,12,8,0,0,0
0,0,0,0,0,0,0,1,1,1,0,0,7,14,13,51,67,46,10,11,0,8,0,0
0,0,0,0,0,0,5,2,0,11,12,10,4,11,39,35,57,24,11,8,10,9,1,0
3,3,1,0,1,0,6,10,16,13,9,8,9,24,58,54,54,54,50,24,8,6,6,0
6,6,0,2,7,8,13,30,11,11,13,13,19,53,58,68,182,76,56,25,9,12,10,10
5,8,0,6,9,0,0,0,8,11,11,3,1,14,29,56,81,79,51,35,12,17,11,4
7,4,5,9,8,0,0,2,0,6,3,0,2,11,12,13,39,29,16,12,11,0,9,7

0,0,0,0,0,0,0,0,8,11,22,75,128,110,43,21,0,2,0,0,0,0,7,0
0,0,0,0,0,0,0,0,0,15,52,84,98,72,56,16,10,0,0,0,2,4,7,2
0,0,0,0,0,0,0,0,7,4,14,54,101,93,50,22,16,8,4,0,0,10,0,0
0,0,0,0,0,0,0,0,0,0,5,11,54,52,28,12,9,16,10,0,0,0,0,0
0,0,0,0,0,0,0,0,0,30,59,75,102,73,71,60,50,9,13,9,0,0,0,0
0,0,0,9,3,13,24,55,61,74,85,101,93,85,96,93,90,74,54,35,10,2,0,8
0,0,1,12,13,38,60,74,84,88,117,127,122,119,133,141,107,107,80,60,25,13,3,0
0,0,0,0,33,61,66,86,86,105,139,139,120,115,142,163,153,103,72,65,29,21,4,0
0,0,0,1,50,61,56,77,94,123,138,132,127,121,136,153,184,121,80,66,55,50,18,0
0,5,7,11,54,58,55,63,90,107,132,152,157,156,156,159,164,124,76,59,51,24,58,11
0,5,16,51,57,53,15,66,76,93,124,147,178,181,173,168,137,108,74,55,44,12,24,32
0,0,42,68,66,37,8,51,75,97,135,149,158,183,182,176,141,89,63,50,27,10,13,10
9,13,74,91,72,16,13,37,71,107,136,165,174,157,151,154,129,72,57,33,11,13,9,1
12,51,110,102,55,17,31,13,67,99,133,156,159,142,145,147,122,100,100,21,8,1,12,12
5,53,71,62,6,2,2,9,52,56,91,135,149,137,132,134,113,96,78,9,8,6,16,11
9,13,61,33,0,0,7,10,48,58,72,105,134,128,112,122,102,104,61,10,9,9,3,6
10,14,37,23,8,11,11,19,50,58,81,94,130,95,83,82,71,68,74,45,8,8,10,7
12,28,34,26,13,14,20,35,46,71,116,143,127,117,103,96,96,68,58,34,27,14,11,9
0,9,12,11,4,7,14,44,58,123,165,186,191,147,136,154,157,136,102,101,51,19,10,8
5,9,7,1,0,6,13,51,105,143,204,250,294,268,209,200,239,194,147,125,86,27,10,13
4,5,6,6,7,7,13,33,75,134,220,276,298,307,258,212,237,215,157,136,110,54,29,29
0,0,5,1,1,9,33,37,102,148,216,274,313,308,260,194,213,210,164,146,116,51,31,23
7,6,2,0,9,9,19,31,48,121,154,196,216,193,146,112,143,150,130,121,92,28,12,12
9,9,2,0,0,4,4,7,38,101,110,121,124,109,103,71,105,103,102,104,76,12,10,9
0,2,0,0,0,0,0,0,6,43,19,100,100,85,100,63,50,100,100,48,14,0,2,4
6,2,0,0,0,0,3,11,9,11,16,81,44,22,100,96,100,108,103,44,13,0,11,7
4,4,0,0,0,0,10,0,0,13,8,14,14,21,86,90,97,102,101,15,4,0,0,4
5,0,0,0,0,1,6,5,12,8,8,12,12,15,55,77,94,100,67,6,5,10,7,8
0,0,0,0,0,7,7,0,8,0,14,11,13,20,14,71,50,62,37,12,0,10,8,11
0,3,0,0,5,3,0,0,8,2,11,9,21,34,27,43,50,26,10,7,3,3,5,4
8,6,4,12,6,9,3,9,7,10,7,11,9,14,14,27,50,23,12,11,6,1,0,0
0,0,4,0,6,0,0,4,0,0,3,5,5,13,15,27,52,37,9,12,17,0,0,0
7,0,0,0,6,0,0,0,0,0,0,0,7,9,12,30,56,46,12,11,1,0,0,0
2,0,0,3,0,0,0,6,2,0,0,0,0,9,35,51,42,57,50,12,0,1,0,5
0,0,0,0,0,0,5,0,7,6,1,0,0,12,38,51,65,60,56,22,11,0,11,10
0,0,0,0,0,0,0,1,4,0,0,0,0,11,27,53,55,56,53,24,9,6,11,0
0,0,0,0,0,0,0,0,0,0,0,3,9,11,18,32,56,56,37,12,4,9,7,6
0,1,0,0,4,4,0,1,0,0,4,4,7,13,14,51,58,52,12,12,8,0,0,0
0,0,0,0,0,0,0,1,1,1,0,0,7,14,13,51,67,46,10,11,0,8,0,0
0,0,0,0,0,0,5,2,0,11,12,10,4,11,42,35,56,24,11,8,10,9,1,0
3,3,1,0,1,0,6,10,17,13,9,8,9,26,59,55,54,54,50,26,8,7,6,0
6,6,0,1,7,8,13,31,11,11,14,14,22,53,59,69,185,78,56,26,9,12,10,10
6,8,0,6,9,0,0,0,8,11,11,4,1,14,29,56,82,79,51,36,12,17,11,5
7,4,5,9,7,0,0,2,0,6,3,0,2,11,12,13,42,31,17,12,11,0,9,7

0,0,0,0,0,0,0,0,8,11,22,75,127,110,43,20,0,2,0,0,0,0,7,0
0,0,0,0,0,0,0,0,0,15,52,84,98,72,56,16,10,0,0,0,2,4,7,2
0,0,0,0,0,0,0,0,7,5,13,54,101,93,50,21,16,8,3,0,0,10,0,0
0,0,0,0,0,0,0,0,0,0,5,11,54,52,28,11,9,16,10,0,0,0,0,0
0,0,0,0,0,0,0,0,0,31,59,74,102,73,71,59,49,9,13,9,0,0,0,0
0,0,0,9,3,13,24,55,61,75,85,101,93,85,95,92,89,74,54,35,10,2,0,8
0,0,1,12,13,39,60,74,84,88,117,127,121,119,133,140,106,107,81,61,26,14,3,0
0,0,0,0,33,62,66,86,87,106,140,139,120,114,141,163,152,103,72,65,32,23,4,0
0,0,0,1,50,61,56,77,94,123,138,130,126,120,135,152,185,122,80,66,55,50,18,0
0,5,7,11,54,58,55,63,90,107,131,150,155,154,154,157,165,125,76,59,51,26,59,11
0,5,16,51,57,53,17,66,77,93,124,145,175,179,171,166,137,108,74,55,43,12,25,36
0,0,42,69,66,39,8,51,75,97,135,148,156,182,180,175,141,89,63,50,28,10,14,10
9,13,74,91,73,18,13,38,71,108,136,164,173,156,151,153,129,72,57,33,11,13,9,1
12,51,110,102,56,19,33,14,67,100,133,155,158,142,145,147,122,100,100,22,7,1,12,12
5,54,71,63,6,2,2,10,52,56,92,135,148,136,132,134,113,97,79,9,8,6,16,11
9,13,61,33,0,0,7,10,50,58,73,105,133,128,112,122,102,104,61,10,9,9,3,6
10,14,37,23,8,11,11,19,50,58,81,94,130,94,83,82,71,68,74,45,8,8,10,7
12,27,34,26,13,14,20,35,46,71,116,143,126,117,103,96,97,68,58,34,27,14,11,9
0,9,12,10,4,7,14,45,58,123,165,186,191,147,136,154,157,136,102,101,51,19,10,8
5,9,6,1,0,6,13,51,105,144,205,252,295,269,210,201,239,194,147,125,85,27,10,13
3,4,6,7,7,7,13,39,76,135,221,277,300,307,259,212,238,215,157,136,110,54,30,29
0,0,5,1,1,9,33,38,102,148,216,275,315,309,260,194,213,210,164,146,115,50,31,23
7,6,2,0,9,9,19,31,49,121,154,196,216,193,146,112,143,150,130,121,92,28,12,12
8,9,2,0,0,4,4,7,41,101,110,121,124,108,103,72,105,103,102,104,76,12,10,9
0,2,0,0,0,0,0,0,7,41,19,100,100,86,100,63,50,100,98,47,14,0,3,4
7,2,0,0,0,0,3,11,9,11,15,81,44,24,100,97,100,108,102,42,13,0,11,8
4,3,0,0,0,0,10,0,0,13,8,14,14,22,86,93,97,102,100,14,4,0,0,4
5,0,0,0,0,2,6,5,12,8,9,12,12,15,54,77,93,100,65,6,5,10,7,8
0,0,0,0,0,7,7,0,8,0,14,11,13,21,14,70,47,59,36,12,0,10,8,11
0,3,0,0,5,3,0,0,9,2,12,9,22,33,27,43,49,23,9,6,2,3,6,4
8,6,4,12,6,9,3,9,7,10,8,11,10,14,14,27,49,22,11,11,7,1,0,0
0,0,4,0,6,0,0,4,0,0,3,5,6,12,15,27,51,34,8,12,17,0,0,0
7,0,0,0,6,0,0,0,0,0,0,0,7,8,11,30,55,45,11,11,1,0,0,0
2,0,0,3,0,0,0,6,2,0,0,0,0,9,36,51,42,56,47,12,0,1,0,5
0,0,0,0,0,0,5,0,7,5,0,0,0,12,37,51,64,60,55,19,10,1,11,10
0,0,0,0,0,0,0,1,4,0,0,0,0,10,28,53,55,56,53,20,9,6,12,0
0,0,0,0,0,0,0,0,0,0,0,3,9,10,18,33,56,56,36,12,4,9,7,6
0,1,0,0,4,4,0,1,0,0,4,4,8,14,14,51,58,52,12,12,8,0,0,0
0,0,0,0,0,0,0,2,1,1,0,0,7,14,13,51,67,46,10,11,0,8,0,0
0,0,0,0,0,0,5,2,0,11,13,11,5,11,41,37,57,25,11,8,11,9,1,0
3,3,1,0,1,0,6,10,17,13,10,8,9,32,59,55,54,54,50,28,9,6,7,0
6,6,0,1,7,8,13,29,11,12,14,14,29,54,59,70,192,79,56,28,9,12,10,10
6,9,0,6,9,0,0,0,7,11,10,5,0,14,30,57,84,81,53,38,12,18,11,5
7,4,5,9,7,0,0,2,0,7,2,0,3,11,12,14,45,35,17,12,11,0,9,7

0,0,0,0,0,0,0,0,8,11,24,75,128,110,43,20,0,2,0,0,0,0,7,0
0,0,0,0,0,0,0,0,0,16,52,85,98,72,56,16,10,0,0,0,1,4,7,2
0,0,0,0,0,0,0,0,7,5,14,54,101,92,50,22,16,8,4,0,0,10,0,0
0,0,0,0,0,0,0,0,0,0,5,11,54,52,25,11,9,16,10,0,0,0,0,0
0,0,0,0,0,0,0,0,0,33,59,74,102,73,71,59,48,9,13,9,0,0,0,0
0,0,0,9,4,13,24,55,62,75,85,101,93,84,95,92,88,75,54,36,11,3,0,7
0,0,1,12,13,40,61,75,85,89,117,127,121,119,133,140,106,108,83,61,30,14,4,0
0,0,0,0,34,62,67,86,87,106,140,138,120,114,141,162,151,103,73,66,41,28,4,0
0,0,0,2,50,61,56,77,94,123,139,131,126,120,135,152,185,123,80,66,55,51,19,0
0,5,7,11,54,58,55,63,90,107,132,150,153,153,153,156,166,127,76,59,51,28,59,12
0,5,17,51,58,53,18,66,77,93,123,143,173,177,169,165,137,109,75,55,45,13,27,39
0,0,42,69,66,40,8,52,75,97,134,147,154,181,179,174,141,90,63,50,28,10,14,10
10,13,75,92,73,21,13,38,71,108,136,164,172,155,151,154,129,73,58,34,11,13,10,1
12,51,110,102,56,20,31,14,67,100,132,155,157,141,145,146,122,100,100,27,7,1,12,12
5,54,72,63,7,2,2,10,52,56,91,135,148,136,132,134,113,97,80,10,8,5,16,11
9,13,61,33,0,0,7,10,50,58,72,105,133,128,112,122,102,104,61,10,9,9,3,6
10,14,39,24,8,11,11,19,50,58,81,94,130,95,84,82,71,68,75,45,8,8,10,7
12,27,34,26,13,14,20,35,46,72,116,143,126,118,103,96,97,68,58,34,27,14,11,9
0,9,12,10,3,7,14,44,58,123,165,186,192,148,136,154,157,136,102,101,51,19,10,8
5,9,6,1,0,6,13,52,105,143,204,251,295,268,209,200,238,194,147,125,85,26,10,13
3,4,6,7,7,7,13,40,76,134,220,276,298,307,258,212,237,215,157,136,110,54,30,29
0,0,5,1,1,9,34,38,101,148,216,274,314,308,259,193,212,210,164,146,115,50,31,23
7,6,2,0,9,9,19,31,48,121,154,196,215,193,145,112,143,150,130,121,92,28,12,12
9,9,2,0,0,4,4,7,40,101,110,121,124,108,103,71,105,103,102,104,74,12,10,10
0,2,0,0,0,0,0,0,7,41,17,100,100,86,100,63,51,100,98,46,14,0,2,4
7,2,0,0,0,0,3,11,9,11,16,80,44,22,100,97,100,108,102,40,13,0,11,8
4,4,0,0,0,0,10,0,0,13,8,14,14,24,85,92,96,102,100,14,4,0,0,4
5,0,0,0,0,2,6,5,12,8,9,12,12,14,55,76,92,100,65,6,5,10,7,8
0,0,0,0,0,7,7,0,8,1,14,11,13,19,14,70,45,58,35,12,0,10,8,11
0,3,0,0,5,3,0,0,8,2,12,9,21,33,27,42,49,22,8,6,2,3,6,4
7,6,4,12,6,9,3,9,7,10,7,11,9,14,13,27,50,21,11,11,7,1,0,0
0,0,4,0,6,0,0,4,0,0,3,5,6,12,14,27,51,33,8,12,17,0,0,0
7,0,0,0,6,0,0,0,0,0,0,0,7,8,11,30,55,44,11,11,1,0,0,0
2,0,0,3,0,0,0,6,2,0,0,0,0,9,35,51,42,56,46,12,0,1,0,5
0,0,0,0,0,0,5,0,7,4,0,0,0,12,39,51,65,60,55,17,10,1,11,10
0,0,0,0,0,0,0,1,4,0,0,0,0,10,27,53,55,56,53,19,9,6,12,0
0,0,0,0,0,0,0,0,0,0,0,4,9,11,18,32,56,56,36,12,4,9,7,6
0,1,0,0,4,5,0,1,0,0,5,4,8,14,14,51,58,52,12,12,8,0,0,0
0,0,0,0,0,0,0,2,1,1,0,0,7,14,13,51,67,47,10,11,0,8,0,0
0,0,0,0,0,0,5,2,0,11,13,11,5,11,42,38,57,25,11,8,11,9,1,0
3,3,2,0,1,0,6,10,18,13,10,9,10,31,60,55,54,54,50,29,9,6,7,0
6,6,0,2,7,8,13,29,11,12,14,14,30,54,59,71,194,80,56,28,9,12,10,10
6,9,0,6,9,0,0,0,7,11,11,6,0,14,29,57,85,81,53,39,12,18,11,5
7,4,5,9,7,0,0,1,0,7,1,0,4,11,12,14,47,36,17,12,11,0,9,7

0,0,0,0,0,0,0,0,8,11,23,76,128,110,43,21,0,2,0,0,0,0,7,0
0,0,0,0,0,0,0,0,0,17,52,85,98,72,56,16,10,0,0,0,1,4,7,2
0,0,0,0,0,0,0,0,7,5,13,54,101,93,50,22,16,8,4,0,0,10,0,0
0,0,0,0,0,0,0,0,0,0,5,11,54,52,24,11,8,16,10,0,0,0,0,0
0,0,0,0,0,0,0,0,0,31,58,74,102,73,71,59,48,9,13,9,0,0,0,0
0,0,0,9,3,13,24,55,62,75,84,101,93,84,94,92,88,75,54,37,11,4,0,7
0,0,1,12,13,40,61,75,85,89,117,127,121,118,132,139,105,108,83,61,31,15,4,0
0,0,0,0,35,62,67,86,87,106,140,139,120,114,141,162,151,104,73,66,44,29,5,0
0,0,0,2,50,61,56,77,94,123,139,131,126,120,135,152,186,124,81,66,55,51,19,0
0,5,7,11,54,58,55,63,90,107,132,150,154,154,154,157,168,128,77,59,51,30,60,12
0,5,18,51,58,53,18,66,77,93,124,144,173,177,170,165,138,109,75,55,45,13,28,40
0,0,43,69,66,40,8,52,76,97,135,148,155,181,179,174,141,90,63,50,30,10,14,10
10,13,74,92,73,21,13,38,71,108,136,164,173,156,151,153,129,73,58,34,11,13,10,1
12,51,110,102,56,20,34,14,67,100,133,154,156,141,144,146,122,100,100,28,8,1,12,12
5,53,72,63,7,2,2,10,52,56,91,134,147,135,131,133,112,96,79,10,8,6,16,11
9,13,61,35,0,0,7,10,50,58,72,104,133,128,112,122,102,104,61,10,9,9,3,6
10,14,38,23,8,11,11,19,50,58,81,94,130,94,83,82,71,68,74,45,8,8,10,7
12,27,34,26,13,14,20,35,46,72,116,143,126,117,103,96,96,68,58,34,27,14,11,9
0,9,12,10,3,7,14,44,58,123,165,186,191,147,136,153,157,136,101,101,51,19,10,8
5,9,6,1,0,6,13,52,105,144,205,251,294,268,208,200,238,193,147,125,85,27,10,13
3,4,6,6,7,7,13,41,76,134,221,277,299,307,258,211,236,215,157,136,110,54,30,29
0,0,5,1,1,9,34,39,102,148,216,275,315,308,259,194,212,210,164,147,115,50,31,23
7,6,2,0,9,9,19,31,48,121,154,196,216,193,145,112,143,150,130,121,92,28,12,12
9,9,2,0,0,4,5,7,41,101,110,121,124,108,103,71,105,103,102,104,75,12,10,9
0,2,0,0,0,0,0,0,6,43,17,100,100,85,100,63,50,100,97,47,14,0,2,4
7,2,0,0,0,0,3,11,9,12,16,82,44,22,100,97,100,108,102,40,13,0,11,8
4,4,0,0,0,0,10,0,0,13,8,14,14,21,86,90,96,102,100,14,4,0,0,4
5,0,0,0,0,2,6,5,12,8,9,12,12,14,54,76,93,100,65,6,5,10,7,8
0,0,0,0,0,6,7,0,8,1,14,10,13,20,14,70,47,58,35,12,0,10,8,11
0,3,0,0,5,3,0,0,8,2,12,9,21,33,27,43,49,22,8,6,2,3,6,4
7,6,4,12,6,9,3,9,7,10,7,11,9,14,13,26,50,20,11,10,7,1,0,0
0,0,4,0,6,0,0,4,0,0,3,4,6,12,14,29,51,33,8,11,17,0,0,0
7,0,0,0,6,0,0,0,0,0,0,0,7,8,11,30,55,45,11,11,1,0,0,0
2,0,0,3,0,0,0,6,2,0,0,0,0,9,36,51,42,56,47,12,0,1,0,5
0,0,0,0,0,0,5,0,7,4,0,0,0,12,39,51,65,60,55,18,10,1,11,10
0,0,0,0,0,0,0,1,4,0,0,0,0,11,27,53,55,56,53,19,9,6,12,0
0,0,0,0,0,0,0,0,0,0,0,4,9,11,19,32,56,56,36,12,4,9,7,6
0,1,0,0,4,5,0,1,0,0,5,4,8,14,14,51,58,52,12,12,8,0,0,0
0,0,0,0,0,0,0,2,1,1,0,0,7,14,13,51,67,47,10,11,0,8,0,0
0,0,0,0,0,0,5,2,0,12,13,11,5,11,41,40,57,25,11,9,11,9,1,0
3,3,2,0,1,0,6,10,17,13,10,9,10,33,60,55,54,54,50,29,9,7,7,0
6,6,0,2,7,8,13,30,11,12,14,14,33,54,59,71,195,81,57,30,9,12,10,10
6,8,0,6,9,0,0,0,7,11,11,6,0,14,30,57,86,81,53,40,12,18,11,5
7,4,6,9,8,0,0,1,0,7,1,0,5,11,12,14,46,37,17,12,12,0,9,7

0,0,0,0,0,0,0,0,8,11,23,75,128,110,43,21,0,2,0,0,0,0,7,0
0,0,0,0,0,0,0,0,0,16,52,85,98,72,56,16,10,0,0,0,1,4,7,2
0,0,0,0,0,0,0,0,7,5,13,54,101,93,50,20,16,8,4,0,0,10,0,0
0,0,0,0,0,0,0,0,0,0,5,11,55,52,27,11,8,16,10,0,0,0,0,0
0,0,0,0,0,0,0,0,0,30,58,74,102,73,71,59,48,9,13,9,0,0,0,0
0,0,0,9,4,13,25,55,62,75,84,101,92,84,94,91,87,74,54,36,11,4,0,7
0,0,1,12,13,40,61,75,85,89,117,127,121,118,132,138,105,108,83,61,31,15,4,0
0,0,0,0,34,62,66,86,87,106,140,139,120,114,141,161,150,104,74,66,43,29,5,0
0,0,0,2,50,61,56,77,94,123,139,131,126,119,134,152,186,124,80,66,56,51,19,0
0,5,7,11,54,58,56,63,90,107,132,151,154,153,153,157,168,128,77,59,52,30,60,12
0,5,18,51,58,53,19,66,77,93,124,144,174,177,169,165,137,109,75,55,45,13,28,40
0,0,42,69,66,40,8,52,76,97,135,148,155,182,179,174,141,90,63,50,30,10,14,10
9,13,74,91,73,21,13,38,71,108,136,164,173,156,151,152,129,73,57,34,12,13,10,2
12,51,110,102,56,20,33,14,67,100,133,155,156,141,144,146,122,100,100,28,8,1,12,12
5,54,72,63,7,2,2,10,52,56,91,134,147,136,131,133,112,96,79,10,9,6,16,11
9,13,61,36,0,0,7,10,50,58,72,104,133,128,112,122,102,104,61,10,9,9,3,6
10,14,37,24,8,11,11,19,50,58,81,94,130,94,83,82,71,68,74,46,8,8,10,7
12,27,34,26,13,14,20,35,46,72,117,143,126,117,103,96,96,68,58,34,27,14,11,9
0,9,12,10,3,7,14,44,58,123,165,186,192,147,136,153,157,136,101,101,51,19,10,8
5,9,6,1,0,6,13,52,105,144,205,251,296,268,209,200,237,193,147,125,86,27,10,13
3,4,6,6,7,7,13,43,76,135,221,277,299,306,258,212,236,215,157,136,110,53,29,28
0,0,5,1,1,9,34,39,101,148,217,275,315,308,259,193,212,210,165,147,115,50,31,23
7,6,2,0,9,9,19,31,48,121,154,196,216,193,145,112,143,150,130,121,91,27,12,12
9,9,2,0,0,4,5,7,41,101,110,121,124,108,103,72,105,103,102,104,74,12,10,10
0,2,0,0,0,0,0,0,7,41,19,100,100,85,100,63,51,100,97,46,14,0,3,4
7,2,0,0,0,0,3,11,9,12,17,81,44,24,100,98,100,107,102,40,13,0,11,8
4,4,0,0,0,0,10,0,0,13,8,14,14,22,83,92,95,102,100,14,4,0,0,4
5,0,0,0,0,2,6,5,12,8,9,12,12,15,54,76,94,100,65,6,5,10,7,8
0,0,0,0,0,6,7,0,8,1,14,10,13,19,14,69,47,59,35,12,0,10,8,11
0,3,0,0,5,3,0,0,8,2,12,9,21,33,27,42,50,23,8,6,2,3,6,4
8,6,4,12,6,9,3,9,7,10,7,11,9,13,13,27,49,20,11,10,7,1,0,0
0,0,4,0,6,0,0,4,0,0,3,4,6,12,17,28,52,33,8,12,17,0,0,0
7,0,0,0,6,0,0,0,0,0,0,0,7,8,12,30,56,45,11,11,1,0,0,0
2,0,0,3,0,0,0,6,2,0,0,0,0,9,36,51,42,56,47,12,0,1,0,5
0,0,0,0,0,0,5,0,7,4,0,0,0,12,37,51,65,60,55,18,10,1,11,10
0,0,0,0,0,0,0,1,4,0,0,0,0,11,29,53,55,56,53,20,9,6,12,0
0,0,0,0,0,0,0,0,0,0,0,4,9,11,19,33,56,56,36,12,4,9,7,6
0,1,0,0,4,5,0,1,0,0,5,4,8,14,14,51,58,52,12,12,8,0,0,0
0,0,0,0,0,0,0,2,1,1,0,0,7,14,13,51,67,48,10,11,0,8,0,0
0,0,0,0,0,0,5,2,0,12,13,11,5,11,42,40,57,25,11,9,11,9,1,0
3,3,2,0,1,0,6,10,18,13,10,9,10,37,59,55,55,54,50,30,9,7,7,0
6,6,0,2,7,8,13,30,11,12,14,16,33,54,59,71,195,81,57,31,10,13,10,10
6,9,0,6,9,0,0,0,7,11,11,6,0,14,30,57,86,82,54,40,12,18,11,5
7,4,6,9,8,0,0,1,0,7,1,0,5,11,12,14,47,37,17,12,12,0,10,7

0,0,0,0,0,0,0,0,8,11,22,76,128,110,44,20,0,2,0,0,0,0,7,0
0,0,0,0,0,0,0,0,0,17,52,85,99,73,56,16,10,0,0,0,1,4,7,2
0,0,0,0,0,0,0,0,7,5,13,54,101,93,50,22,16,8,4,0,0,10,0,0
0,0,0,0,0,0,0,0,0,0,5,11,54,52,27,11,8,16,10,0,0,0,0,0
0,0,0,0,0,0,0,0,0,33,58,74,102,73,71,59,48,9,13,9,0,0,0,0
0,0,0,9,3,13,24,55,62,75,85,101,93,84,94,91,87,74,54,36,11,3,0,7
0,0,1,12,13,40,61,75,85,89,117,127,121,118,132,138,104,108,83,61,30,15,4,0
0,0,0,0,35,62,67,87,87,106,141,139,120,113,140,161,150,103,74,66,44,29,5,0
0,0,0,2,50,61,56,77,94,123,140,131,126,119,134,151,186,124,81,66,55,51,19,0
0,5,8,11,54,58,55,64,90,107,132,150,153,152,152,155,167,128,77,59,52,30,60,12
0,5,17,51,58,53,18,66,77,92,123,143,172,176,168,164,136,109,74,55,45,13,29,41
0,0,42,69,66,41,8,52,76,97,134,147,154,180,178,173,140,89,63,50,31,11,14,10
9,13,74,91,73,21,13,38,71,107,136,164,173,155,150,152,128,72,57,34,12,13,10,2
12,51,110,102,56,21,33,14,67,100,133,155,158,141,144,146,122,100,100,30,8,1,12,12
5,54,72,63,7,2,2,10,52,56,91,135,148,136,131,133,112,96,79,10,9,6,16,11
9,13,61,33,0,0,7,10,50,58,72,105,134,128,112,122,102,104,60,10,9,9,3,6
10,14,38,24,8,11,11,19,50,58,81,94,130,94,83,82,71,68,74,45,8,8,10,7
12,27,34,26,13,14,20,35,46,72,117,143,126,117,103,96,96,68,58,34,27,14,11,9
0,9,12,10,4,7,14,45,58,123,165,186,192,147,136,154,157,136,102,101,51,19,10,8
5,9,6,1,0,6,13,53,105,144,205,251,295,269,210,200,238,194,147,125,86,27,10,13
3,4,6,6,7,7,13,43,76,134,221,277,299,307,259,212,237,215,157,136,110,54,30,29
0,0,6,1,1,9,34,39,101,148,216,275,315,308,259,193,213,211,165,147,116,50,31,23
7,6,2,0,9,9,19,31,48,121,154,196,216,193,145,112,143,150,130,121,92,28,12,12
9,9,2,0,0,4,4,8,41,101,110,121,124,108,103,71,105,103,102,104,74,12,10,10
0,2,0,0,0,0,0,0,7,43,17,100,100,86,100,65,50,100,97,46,14,0,3,4
7,2,0,0,0,0,3,11,9,12,17,81,44,22,100,97,100,108,102,40,13,0,11,8
4,4,0,0,0,0,10,0,0,13,8,14,14,18,85,92,94,102,100,14,4,0,0,4
5,0,0,0,0,2,6,5,12,8,9,12,12,14,53,76,92,100,65,6,5,10,7,8
0,0,0,0,0,6,7,0,8,0,15,10,13,20,14,69,47,59,34,12,0,10,9,11
0,3,0,0,5,3,0,0,8,2,12,10,21,33,27,42,49,22,8,5,2,3,5,4
8,6,4,12,6,9,3,9,7,10,7,11,9,13,13,27,49,20,11,10,6,0,0,0
0,0,4,0,6,0,0,4,0,0,3,4,5,12,14,28,52,32,8,11,17,0,0,0
7,0,0,0,6,0,0,0,0,0,0,0,7,8,12,31,56,45,11,11,1,0,0,0
2,0,0,3,0,0,0,6,2,0,0,0,0,9,35,51,42,56,47,12,0,1,0,5
0,0,0,0,0,0,5,0,7,4,0,0,0,12,39,51,65,60,55,18,10,1,11,10
0,0,0,0,0,0,0,1,4,0,0,0,0,11,28,54,55,56,53,21,9,6,12,0
0,0,0,0,0,0,0,0,0,0,0,4,9,11,19,33,56,56,36,12,4,9,7,6
0,1,0,0,4,5,0,1,0,0,5,4,8,14,14,51,58,52,13,12,8,0,0,0
0,0,0,0,0,0,0,2,1,1,0,0,7,14,14,51,67,49,10,11,0,8,0,0
0,0,0,0,0,0,5,2,0,12,13,11,5,11,42,41,57,25,11,9,11,9,1,0
3,4,2,0,1,0,6,10,18,13,10,9,10,36,60,55,55,54,50,31,9,7,7,0
6,6,0,2,7,8,13,29,11,12,14,15,34,54,59,71,196,81,56,31,10,13,10,10
6,9,0,6,9,0,0,0,7,11,11,7,1,14,30,57,86,82,54,40,12,18,11,5
7,4,6,9,8,0,0,2,0,7,1,0,5,11,12,14,46,38,17,13,12,0,10,7

0,0,0,0,0,0,0,0,8,11,23,76,128,110,43,21,0,2,0,0,0,0,7,0
0,0,0,0,0,0,0,0,0,17,52,85,99,73,56,16,10,0,0,0,1,4,7,2
0,0,0,0,0,0,0,0,7,5,14,54,101,93,50,22,16,8,3,0,0,10,0,0
0,0,0,0,0,0,0,0,0,0,5,11,54,52,25,11,8,15,10,0,0,0,0,0
0,0,0,0,0,0,0,0,0,33,58,74,102,73,71,59,47,9,13,9,0,0,0,0
0,0,0,9,4,13,25,55,62,75,85,101,93,84,94,91,87,73,54,36,11,3,0,7
0,0,1,12,13,41,61,75,85,89,117,127,121,118,132,138,104,107,83,61,30,15,4,0
0,0,1,0,36,62,67,87,87,106,140,139,120,113,141,161,149,103,74,66,43,29,5,0
0,0,0,2,50,61,56,77,94,123,139,131,126,119,134,151,186,124,80,66,55,51,19,0
0,5,7,11,54,58,55,63,90,107,132,150,153,152,151,155,166,127,76,59,51,29,60,12
0,5,18,51,58,53,19,66,77,92,123,143,173,175,167,163,135,108,74,55,46,13,30,41
0,0,42,69,66,40,8,52,76,97,134,147,154,180,177,172,140,89,63,50,31,11,14,10
9,13,74,92,73,21,13,39,71,107,136,164,172,155,149,151,128,72,57,34,12,13,10,2
12,51,110,102,56,21,33,14,67,100,132,155,158,142,144,146,122,100,100,30,8,1,12,12
5,54,73,63,7,2,2,10,52,56,91,135,149,137,132,134,112,96,80,10,9,6,16,11
9,13,61,33,0,0,7,10,50,58,73,105,134,129,112,122,102,104,61,10,9,9,3,6
10,14,38,24,8,11,11,19,50,58,81,94,130,95,84,83,71,68,74,46,8,8,11,8
12,27,34,26,13,14,20,35,46,72,117,143,127,118,103,97,97,68,58,34,27,14,11,9
0,9,12,10,4,7,14,45,58,123,165,186,192,147,137,154,157,136,102,101,51,19,10,8
5,9,6,1,0,6,13,52,105,143,204,251,295,269,209,200,238,194,147,125,86,27,10,13
3,4,6,6,7,7,13,44,76,134,221,277,299,307,258,212,237,216,157,136,110,54,30,29
0,0,6,1,1,9,33,40,101,148,217,275,315,309,259,194,213,211,165,147,116,50,31,23
7,6,2,0,9,9,19,31,48,121,154,197,216,194,146,112,143,151,130,121,92,28,12,12
9,9,2,0,0,4,5,8,42,101,111,121,124,109,103,72,105,103,102,104,74,12,10,10
0,2,0,0,0,0,0,0,6,44,20,100,101,85,100,65,51,100,97,46,14,0,3,4
7,2,0,0,0,0,3,11,9,12,17,81,45,23,100,98,100,107,102,41,13,0,11,8
4,4,0,0,0,0,10,0,0,13,8,14,14,21,85,90,95,102,100,14,4,0,0,4
5,0,0,0,0,1,6,5,12,8,9,12,12,14,55,76,93,100,65,6,5,10,7,8
0,0,0,0,0,6,7,0,8,1,14,11,13,20,14,69,50,60,35,12,0,10,8,11
0,3,0,0,5,3,0,0,8,2,12,9,21,33,27,42,49,23,8,6,2,3,5,4
8,6,4,12,6,9,3,9,7,10,7,11,9,14,13,26,50,20,11,10,6,0,0,0
0,0,4,0,6,0,0,4,0,0,3,5,6,12,16,28,51,33,8,12,17,0,0,0
7,0,0,0,6,0,0,0,0,0,0,0,7,8,12,32,56,45,11,11,1,0,0,0
2,0,0,3,0,0,0,6,2,0,0,0,0,9,36,51,42,57,50,12,0,1,0,5
0,0,0,0,0,0,5,0,7,3,0,0,0,12,39,51,65,60,56,20,11,1,11,10
0,0,0,0,0,0,0,1,4,0,0,0,0,10,29,53,55,56,53,21,9,6,12,0
0,0,0,0,0,0,0,0,0,0,0,4,9,11,19,33,56,56,37,12,4,9,7,6
0,1,0,0,4,5,0,1,0,0,5,4,8,14,14,51,58,53,13,12,8,0,0,0
0,0,0,0,0,0,0,2,1,1,0,0,7,14,13,51,67,48,10,11,0,8,0,0
0,0,0,0,0,0,5,2,0,12,13,11,5,11,43,41,57,26,11,9,11,9,1,0
3,4,2,0,1,0,6,10,18,13,10,9,10,34,60,55,54,54,50,31,9,7,7,0
6,6,0,2,7,8,13,29,11,12,14,14,33,54,59,71,196,81,56,31,10,13,10,10
6,9,0,6,9,0,0,0,7,11,11,7,0,14,30,57,86,82,54,41,12,18,11,5
7,4,6,9,8,0,0,2,0,7,1,0,6,11,12,14,48,38,18,13,12,0,10,7

0,0,0,0,0,0,0,0,8,11,23,76,129,110,43,21,0,2,0,0,0,0,7,0
0,0,0,0,0,0,0,0,0,17,52,85,99,73,56,17,10,0,0,0,1,4,7,2
0,0,0,0,0,0,0,0,7,5,14,54,101,94,50,24,16,8,3,0,0,10,0,0
0,0,0,0,0,0,0,0,0,0,5,11,55,52,28,11,8,16,10,0,0,0,0,0
0,0,0,0,0,0,0,0,0,33,58,75,102,73,71,59,47,9,13,9,0,0,0,0
0,0,0,9,4,13,25,55,62,75,85,101,93,84,94,91,87,73,54,35,11,3,0,7
0,0,1,12,13,41,61,75,85,89,117,127,121,118,131,137,103,107,83,61,30,14,4,0
0,0,0,0,35,62,67,86,87,106,140,139,119,113,140,160,148,103,73,66,43,29,5,0
0,0,0,2,50,61,56,77,94,123,139,130,125,119,134,150,185,123,80,66,55,51,19,0
0,5,7,11,55,58,55,63,90,107,132,150,153,152,151,154,166,127,76,59,51,29,60,12
0,5,18,51,58,53,18,66,77,92,123,143,173,175,167,163,135,108,74,55,45,13,29,41
0,0,42,69,66,41,8,52,76,97,134,147,154,180,177,172,140,88,63,50,31,11,14,10
9,13,74,91,73,21,13,38,71,108,136,164,172,155,149,151,128,72,57,33,12,13,10,2
12,51,110,102,56,20,34,14,67,100,133,155,158,142,144,146,122,100,100,31,8,1,12,13
5,54,72,63,7,2,2,10,52,56,92,135,148,136,132,133,112,96,78,10,9,6,16,11
9,13,61,33,0,0,7,10,50,58,73,105,134,128,112,122,102,104,60,10,9,9,3,6
10,14,39,23,8,11,11,20,50,58,81,94,130,95,84,83,71,68,74,47,8,8,11,8
12,27,34,26,13,14,20,35,46,72,116,143,127,118,103,97,97,68,58,34,27,14,11,9
0,9,12,10,4,7,14,45,58,123,165,186,191,148,136,154,157,136,102,101,51,19,10,8
5,9,6,1,0,6,13,52,105,143,204,251,295,268,209,200,238,194,147,125,86,27,10,13
3,4,6,6,7,7,13,45,76,134,221,277,299,307,258,212,237,216,158,136,110,54,30,29
0,0,5,1,1,9,34,39,101,148,217,275,315,308,259,194,213,211,166,147,116,50,31,23
7,6,2,0,9,9,19,31,48,121,154,197,216,194,146,112,143,151,130,121,91,27,12,12
9,9,2,0,0,4,5,8,41,101,111,121,124,109,103,73,105,103,102,104,77,12,10,10
0,2,0,0,0,0,0,0,7,43,21,100,101,85,100,65,53,100,97,47,14,0,3,4
7,2,0,0,0,0,3,11,9,12,17,81,45,23,100,100,100,107,102,41,13,0,11,8
4,4,0,0,0,0,10,0,0,13,8,14,14,22,85,93,95,102,100,14,4,0,0,4
5,0,0,0,0,2,6,5,12,8,9,12,12,14,54,76,95,100,66,6,5,10,7,8
0,0,0,0,0,6,7,0,8,1,14,11,13,20,14,70,50,61,36,12,0,10,8,11
0,3,0,0,5,3,0,0,8,1,11,9,21,33,27,42,50,24,9,6,2,3,5,4
7,6,4,12,7,9,3,9,7,10,7,11,9,13,13,27,50,20,11,11,6,0,0,0
0,0,4,0,6,0,0,4,0,0,3,4,6,12,16,29,52,33,9,12,17,0,0,0
7,0,0,0,6,0,0,0,0,0,0,0,7,8,12,33,56,46,11,11,1,0,0,0
2,0,0,3,0,0,0,6,2,0,0,0,0,9,38,51,43,57,50,12,0,1,0,5
0,0,0,0,0,0,5,0,7,3,0,0,0,12,38,52,65,60,56,20,11,1,11,10
0,0,0,0,0,0,0,1,4,0,0,0,0,11,29,53,55,56,53,23,9,6,12,0
0,0,0,0,0,0,0,0,0,0,0,5,9,11,19,33,56,56,38,12,4,9,7,6
0,1,0,0,4,5,0,1,0,0,5,4,8,14,14,51,58,53,13,12,8,0,0,0
0,0,0,0,0,0,0,2,1,1,0,0,7,14,13,51,67,48,11,11,0,8,0,0
0,0,0,0,0,0,5,2,0,12,13,11,5,11,43,41,57,26,11,9,11,9,1,0
3,4,2,0,1,0,6,10,18,13,10,9,10,38,60,55,55,54,50,30,9,7,7,0
6,6,0,2,7,8,13,29,11,12,14,14,33,54,59,71,196,81,56,31,10,13,10,10
6,9,0,6,9,0,0,0,7,11,11,7,0,14,30,57,86,82,54,41,13,18,11,5
7,4,6,9,8,0,0,1,0,7,1,0,6,11,12,14,50,38,18,13,12,0,10,7

0,0,0,0,0,0,0,0,8,11,23,76,129,111,43,21,0,2,0,0,0,0,7,0
0,0,0,0,0,0,0,0,0,18,52,85,99,73,56,17,10,0,0,0,1,4,7,2
0,0,0,0,0,0,0,0,7,5,14,54,101,93,50,24,16,8,3,0,0,10,0,0
0,0,0,0,0,0,0,0,0,0,6,11,54,52,24,11,8,15,10,0,0,0,0,0
0,0,0,0,0,0,0,0,0,31,58,74,102,73,71,59,47,9,13,9,0,0,0,0
0,0,0,9,4,13,25,55,62,75,84,101,93,83,94,91,87,74,54,36,11,3,0,7
0,0,1,12,13,41,61,75,85,89,117,126,120,117,131,137,104,107,83,61,30,15,4,0
0,0,1,0,35,62,67,86,87,106,140,138,119,113,140,159,148,103,74,66,44,30,5,0
0,0,0,2,50,61,56,77,94,123,139,130,125,119,133,150,185,123,80,66,55,51,19,0
0,5,7,11,54,58,55,64,90,107,132,150,153,153,152,155,167,127,76,59,52,30,60,12
0,5,18,51,58,53,19,66,77,93,123,144,173,176,168,163,136,108,74,55,45,13,29,43
0,0,42,69,66,41,8,52,76,97,134,148,155,181,178,173,140,89,63,50,31,11,14,11
10,13,74,92,73,22,13,38,71,108,136,164,173,156,150,151,128,72,57,35,12,13,10,2
12,51,110,102,56,21,34,14,67,100,133,155,157,141,144,145,122,100,100,31,8,1,12,13
5,54,72,63,7,2,2,10,52,56,91,135,148,136,131,133,112,96,78,10,9,6,16,11
9,13,61,33,0,0,7,10,50,58,72,105,133,128,112,122,102,104,60,10,9,9,3,6
10,14,37,23,8,11,11,20,50,58,81,94,130,94,83,82,71,68,74,45,8,8,11,8
12,28,35,26,13,14,20,35,46,72,116,143,126,117,103,97,96,68,58,34,27,14,11,9
0,9,12,10,4,7,14,46,58,123,165,186,192,147,136,154,156,136,102,101,51,19,10,8
5,9,6,1,0,6,13,52,105,144,205,252,296,269,209,200,238,194,147,125,86,27,10,13
3,4,6,6,7,7,13,46,76,135,221,278,300,308,258,211,237,215,157,136,110,54,30,29
0,0,6,1,1,9,34,39,101,148,217,276,316,309,260,194,213,211,165,147,116,50,31,23
7,6,2,0,9,9,19,31,49,121,154,197,216,194,145,112,143,150,130,121,91,27,12,12
9,9,2,0,0,4,5,8,41,101,111,121,124,109,103,71,105,103,102,104,74,12,10,10
0,2,0,0,0,0,0,0,7,41,19,100,100,86,100,66,53,100,99,46,14,0,3,4
7,2,0,0,0,0,3,11,9,12,19,81,44,25,100,98,100,107,102,42,13,0,11,8
4,4,0,0,0,0,10,0,0,13,8,14,14,21,82,93,95,102,100,14,4,0,0,4
5,0,0,0,0,2,6,5,12,8,9,12,12,14,54,76,95,100,66,6,5,10,7,8
0,0,0,0,0,6,7,0,8,1,14,10,13,21,14,69,51,60,36,12,0,10,8,11
0,3,0,0,5,3,0,0,8,1,12,9,21,33,27,42,50,24,9,6,2,3,5,4
8,6,4,12,7,9,3,9,7,10,7,11,9,14,13,27,50,21,11,11,6,0,0,0
0,0,4,0,6,0,0,4,0,0,3,5,6,12,18,30,52,34,9,12,17,0,0,0
7,0,0,0,6,0,0,0,0,0,0,0,7,9,12,34,57,46,11,11,1,0,0,0
2,0,0,3,0,0,0,6,2,0,0,0,0,9,36,52,42,57,50,12,0,1,0,5
0,0,0,0,0,0,5,0,7,3,0,0,0,12,39,52,65,60,56,21,11,1,11,10
0,0,0,0,0,0,0,1,4,0,0,0,0,11,29,53,55,56,53,23,9,6,12,0
0,0,0,0,0,0,0,0,0,0,0,5,9,11,19,32,56,56,38,12,4,9,7,6
0,1,0,0,4,5,0,1,0,0,5,4,8,14,14,51,58,53,13,12,8,0,0,0
0,0,0,0,0,0,0,2,1,2,0,0,7,14,13,51,67,48,11,11,0,8,0,0
0,0,0,0,0,0,5,1,0,12,13,11,5,11,44,40,57,26,11,9,11,9,1,0
3,4,2,0,1,0,6,9,18,13,10,9,10,37,59,55,55,54,50,31,9,7,7,0
6,7,0,2,7,8,13,29,11,12,14,16,34,54,59,71,195,81,57,32,10,13,10,10
6,9,0,6,9,0,0,0,7,11,11,7,0,14,29,57,86,82,54,41,13,18,11,5
7,4,6,9,8,0,0,2,0,7,1,0,6,11,12,14,48,38,18,13,12,0,10,7
0,7,0,0,0,0,1,0,19,42,108,125,73,21,10,8,0,0,0,0,0,0,0,0
1,8,4,2,0,0,0,10,15,56,70,95,83,52,14,0,0,0,0,0,0,0,0,0
0,0,10,0,0,4,8,17,27,50,92,101,53,13,3,5,0,0,0,0,0,0,0,0
0,0,0,0,3,11,17,9,12,28,52,52,10,5,0,0,0,0,0,0,0,0,0,0
0,4,0,0,10,13,8,40,58,70,73,102,74,59,26,0,0,0,0,0,0,0,0,0
8,1,7,11,35,51,69,83,92,97,86,93,101,84,74,60,53,20,13,4,9,0,0,0
0,4,14,27,61,81,104,100,142,138,121,122,127,117,88,83,72,59,33,13,12,1,0,0
0,3,16,47,70,81,110,158,175,149,119,121,138,141,107,87,85,66,61,24,0,0,0,0
0,9,50,58,72,89,134,209,165,142,124,127,130,139,125,95,77,56,61,45,0,0,0,0
5,20,54,59,63,82,136,181,165,159,157,155,150,132,109,91,63,55,58,53,10,7,5,0
8,52,61,55,57,78,116,143,172,175,180,174,145,125,94,77,66,18,53,57,50,15,5,0
11,58,58,54,53,64,94,145,180,184,183,156,149,137,99,76,52,8,38,66,68,40,0,0
11,73,51,42,40,59,74,131,158,154,158,176,167,138,109,71,38,12,16,72,90,74,13,9
22,82,52,20,50,100,101,124,149,147,143,162,159,135,100,67,13,33,21,56,102,110,51,12
20,28,22,13,14,82,99,114,136,133,139,153,139,94,57,52,9,3,2,7,62,72,53,5
11,8,11,12,12,62,105,103,124,113,131,137,107,74,58,50,10,7,0,0,32,61,13,9
5,7,7,8,48,75,69,72,83,85,97,133,96,83,58,50,20,12,11,8,23,38,14,10
7,11,13,26,35,59,70,98,98,107,122,132,147,119,72,46,34,20,14,14,27,35,28,12
8,10,19,52,102,103,137,159,155,137,149,194,187,166,124,58,44,14,7,3,10,12,9,0
13,10,27,86,124,147,194,239,200,209,269,293,250,204,144,105,52,13,6,0,1,6,9,5
27,29,53,110,135,154,214,236,210,258,304,294,273,218,134,75,18,13,7,7,7,6,5,4
22,31,50,115,143,160,206,209,191,257,303,309,269,212,147,102,35,33,9,0,0,5,0,0
12,12,27,92,119,128,148,142,111,145,191,213,193,151,120,48,30,18,9,9,0,2,6,7
9,9,12,71,104,102,103,105,66,103,108,123,120,110,101,32,7,4,3,0,0,2,9,9
4,2,0,13,45,100,100,42,58,100,84,100,100,14,43,7,0,0,0,0,0,0,2,0
7,10,0,12,31,102,108,100,89,100,19,38,77,14,11,9,11,2,0,0,0,0,2,7
4,0,0,2,13,101,102,91,87,83,18,14,13,5,13,0,0,10,0,0,0,0,3,3
8,7,10,5,5,62,100,83,77,56,14,12,11,0,10,13,6,7,2,0,0,0,0,5
11,8,10,0,11,34,57,31,72,14,17,12,11,11,0,7,0,7,7,0,0,0,0,0
4,5,3,2,6,6,18,48,42,26,33,22,10,13,4,9,0,0,3,5,0,0,3,0
0,0,1,6,11,11,20,48,24,13,14,10,12,9,12,9,9,4,9,6,12,4,6,7
0,0,0,15,12,8,36,51,21,14,12,5,5,5,0,2,5,0,0,6,0,4,0,0
0,0,0,1,11,11,43,54,24,11,8,7,0,0,0,0,0,0,0,6,0,0,0,7
5,0,1,0,12,43,56,40,48,32,9,0,0,0,0,3,7,0,0,0,3,0,0,2
10,10,1,11,17,55,60,63,50,37,12,0,0,2,7,8,0,6,0,0,0,0,0,0
0,11,5,8,18,53,56,55,53,27,10,0,0,0,0,4,2,0,0,0,0,0,0,0
6,6,9,3,11,32,56,56,32,16,10,8,2,0,0,0,0,0,0,0,0,0,0,0
0,0,0,7,10,10,52,58,50,13,13,6,2,4,0,0,0,0,4,4,0,0,1,0
0,0,8,0,10,9,43,66,50,13,14,7,0,0,1,0,0,0,0,0,0,0,0,0
0,1,9,10,7,10,23,56,32,37,10,4,10,12,11,0,2,5,0,0,0,0,0,0
0,5,6,8,19,45,54,54,55,58,17,9,7,9,13,16,10,6,0,1,0,1,2,3
10,11,11,7,18,55,77,180,68,58,52,14,13,13,11,11,30,13,8,7,1,0,6,6
4,11,16,11,30,50,78,79,55,28,13,0,3,10,11,7,0,0,0,9,5,0,8,5
7,9,0,10,11,15,26,30,13,11,10,1,0,2,6,0,2,0,0,7,9,5,4,7

0,7,0,0,0,0,1,0,21,42,109,126,74,22,10,8,0,0,0,0,0,0,0,0
1,8,4,2,0,0,0,10,16,56,71,96,83,52,14,0,0,0,0,0,0,0,0,0
0,0,10,0,0,5,8,17,28,50,91,101,54,13,3,6,0,0,0,0,0,0,0,0
0,0,0,0,2,11,17,9,12,28,52,53,11,5,0,0,0,0,0,0,0,0,0,0
0,4,0,0,10,13,8,41,59,71,73,103,75,59,27,0,0,0,0,0,0,0,0,0
8,1,7,11,35,51,69,83,92,98,87,94,102,85,74,60,54,21,13,4,9,0,0,0
0,4,14,27,61,81,104,100,143,138,122,123,128,117,88,83,72,59,33,13,12,1,0,0
0,2,17,48,70,81,110,157,174,149,119,121,138,140,106,87,86,66,61,25,0,0,0,0
0,8,50,58,71,89,133,207,163,141,124,126,129,139,125,95,77,56,61,46,0,0,0,0
5,19,54,59,63,82,134,178,164,158,157,154,149,132,108,90,63,55,58,53,10,7,5,0
8,52,61,55,57,77,115,142,171,175,179,173,144,124,93,77,66,17,53,57,50,15,5,0
11,58,58,54,53,64,93,144,179,183,182,155,148,136,99,76,51,8,38,66,68,40,0,0
11,72,50,42,39,58,73,131,157,153,156,173,165,137,108,71,38,12,15,72,90,73,13,9
21,80,52,17,50,100,101,123,148,146,142,160,157,134,100,67,13,31,20,56,102,110,51,12
20,27,21,13,13,82,99,114,135,133,138,151,138,94,56,52,9,3,2,7,62,72,54,5
11,7,11,12,11,62,105,103,124,113,130,136,107,74,58,50,11,7,0,0,33,61,13,9
5,7,7,8,49,75,69,72,83,85,96,133,96,83,58,50,20,11,11,8,24,37,14,10
7,11,14,26,35,59,70,98,98,106,121,131,146,118,72,46,35,20,14,14,27,35,28,12
8,10,20,52,102,103,137,159,155,137,148,193,187,166,123,58,44,14,7,3,10,12,9,0
13,10,27,86,125,147,195,239,201,209,269,293,250,204,143,105,52,13,6,0,1,6,9,5
28,29,53,110,136,155,215,237,211,258,304,295,273,218,134,75,20,13,7,7,6,6,5,4
22,31,51,115,145,162,208,211,193,259,304,311,270,213,148,102,35,33,9,1,0,5,0,0
12,12,28,92,120,129,149,143,111,145,192,214,194,152,121,48,31,18,9,9,0,2,6,7
9,10,12,75,104,102,103,105,69,103,108,124,120,110,101,36,7,4,3,0,0,3,9,9
4,2,0,13,46,100,100,46,59,100,85,100,100,15,43,6,0,0,0,0,0,0,2,0
7,11,0,12,37,102,108,100,90,100,19,38,77,14,11,9,11,2,0,0,0,0,2,7
4,0,0,2,14,101,102,95,90,86,20,14,13,6,13,0,0,10,0,0,0,0,3,4
8,7,10,5,5,65,100,88,77,56,14,12,11,0,10,12,6,7,2,0,0,0,0,5
10,8,10,0,11,36,58,37,73,14,17,13,11,10,0,7,0,7,7,0,0,0,0,0
4,5,3,2,6,9,22,49,43,27,33,21,10,12,3,9,0,0,3,5,0,0,3,0
0,0,1,6,11,12,22,49,25,14,14,10,11,8,11,8,9,4,9,6,12,4,6,8
0,0,0,16,12,9,37,51,22,14,12,5,5,5,0,0,5,0,0,6,0,4,0,0
0,0,0,1,11,11,45,55,25,11,8,7,0,0,0,0,0,0,0,6,0,0,0,7
5,0,1,0,12,47,57,41,50,35,9,0,0,0,0,2,7,0,0,1,3,0,0,2
10,10,0,11,20,56,61,64,51,39,12,0,0,2,7,8,0,6,0,0,0,0,0,0
0,11,5,9,21,53,56,55,53,28,10,0,0,0,0,5,2,0,0,0,0,0,0,0
6,6,9,3,12,36,56,56,32,16,10,8,2,0,0,0,0,0,0,0,0,0,0,0
0,0,0,7,11,11,52,58,50,13,13,6,3,4,0,0,0,0,4,4,0,0,1,0
0,0,8,0,11,9,44,67,50,13,14,7,0,0,1,1,0,0,0,0,0,0,0,0
0,1,9,10,7,11,24,57,32,37,10,4,10,12,11,0,2,5,0,0,0,0,0,0
0,5,6,8,19,46,54,54,54,58,16,9,7,9,13,16,10,6,0,1,0,1,3,3
10,10,11,7,17,55,76,178,68,58,52,14,13,13,11,11,30,13,8,7,1,0,6,6
4,11,16,11,30,50,77,79,55,28,13,0,3,10,11,8,0,0,0,9,6,0,8,5
7,9,0,10,11,15,25,31,13,11,10,1,0,2,6,0,2,0,0,7,9,5,4,7

0,7,0,0,0,0,1,0,20,42,109,127,75,23,10,8,0,0,0,0,0,0,0,0
1,8,4,2,0,0,0,10,15,55,71,96,84,52,14,0,0,0,0,0,0,0,0,0
0,0,10,0,0,5,9,17,28,50,92,100,53,13,4,6,0,0,0,0,0,0,0,0
0,0,0,0,2,11,18,10,13,32,52,54,10,5,0,0,0,0,0,0,0,0,0,0
0,3,0,0,11,16,10,43,57,70,74,103,75,59,27,0,0,0,0,0,0,0,0,0
8,0,7,13,37,54,73,88,94,99,88,95,102,85,74,60,54,21,13,3,9,0,0,0
0,5,16,32,62,89,114,109,150,145,127,123,127,117,87,82,72,59,34,13,12,1,0,0
0,3,24,50,69,80,111,158,183,158,125,121,136,138,105,86,85,66,61,28,0,0,0,0
0,10,50,57,69,84,121,189,170,148,130,126,127,135,123,94,77,56,61,47,0,0,0,0
4,28,51,55,61,79,130,177,170,167,163,157,147,130,107,91,63,55,57,53,10,7,5,0
9,44,45,51,57,77,116,146,176,180,184,176,141,123,94,77,66,17,53,57,50,15,4,0
12,46,33,46,52,64,94,145,182,187,184,154,146,134,99,76,52,8,37,66,68,39,0,0
6,33,30,33,38,59,74,132,159,156,155,170,163,136,108,72,38,13,14,71,91,74,13,9
10,11,13,14,46,101,101,124,148,147,139,155,155,133,100,67,14,31,17,55,102,110,51,12
13,16,16,13,14,82,99,114,135,133,134,147,136,93,56,52,10,2,2,6,62,71,53,5
11,7,10,11,11,62,104,103,123,112,127,134,106,73,58,50,11,7,0,0,32,61,13,9
6,8,8,8,49,75,69,71,82,83,95,131,95,83,58,50,21,11,11,8,23,38,14,10
7,11,14,26,35,59,70,98,97,103,119,129,145,118,72,46,35,20,14,14,26,34,27,12
8,11,20,52,102,103,138,160,156,137,148,192,186,165,123,58,45,14,7,4,11,12,9,0
13,10,27,87,125,148,196,241,203,210,268,292,249,203,143,105,52,13,6,0,1,7,9,5
29,29,54,110,136,157,217,239,213,259,305,295,273,218,134,76,24,13,7,7,7,6,5,4
23,31,51,116,146,164,210,213,194,259,304,310,270,214,148,102,35,33,9,1,0,5,0,0
12,12,28,93,121,130,150,144,112,145,192,215,194,153,121,48,31,18,9,9,0,2,6,7
9,10,12,77,104,102,103,106,69,103,108,124,121,110,101,36,7,4,3,0,0,2,9,9
4,2,0,14,48,100,101,50,61,100,85,100,100,20,43,6,0,0,0,0,0,0,3,1
7,11,0,13,43,103,108,100,92,100,18,38,77,14,11,9,11,2,0,0,0,0,3,7
4,0,0,3,14,101,102,97,90,85,21,14,13,7,13,0,0,10,0,0,0,0,3,4
8,7,10,5,6,67,100,90,77,55,14,11,11,2,7,12,5,6,2,0,0,0,0,5
10,8,10,0,12,37,61,45,72,14,19,12,10,13,0,7,0,7,7,0,0,0,0,0
4,5,3,2,6,10,25,49,43,27,34,21,9,12,3,8,0,0,3,5,0,0,3,0
0,0,1,6,11,12,22,49,26,14,14,9,11,8,11,8,9,3,9,6,12,4,6,8
0,0,0,16,12,9,37,52,24,15,13,5,4,4,0,0,5,0,0,6,0,4,0,0
0,0,0,1,11,12,46,55,27,11,8,7,0,0,0,0,0,0,0,6,0,0,0,7
5,0,1,0,12,50,57,42,50,36,9,0,0,0,0,2,7,0,0,0,3,0,0,2
10,10,0,11,21,56,61,64,51,37,12,0,0,1,6,8,0,6,0,0,0,0,0,0
0,11,6,9,22,53,56,55,53,28,10,0,0,0,0,5,2,0,0,0,0,0,0,0
6,7,9,3,12,37,56,56,32,17,10,8,2,0,0,0,0,0,0,0,0,0,0,0
0,0,0,7,11,12,52,58,50,13,13,6,3,4,0,0,0,0,4,4,0,0,1,0
0,0,8,0,11,9,45,67,50,13,14,7,0,0,1,1,1,0,0,0,0,0,0,0
0,1,9,10,7,11,24,57,32,40,10,4,10,12,11,0,2,5,0,0,0,0,0,0
0,5,6,8,22,47,54,54,55,58,20,9,7,9,13,16,10,6,0,1,0,1,3,3
10,10,12,8,20,55,76,179,67,58,53,14,13,13,11,11,29,13,8,7,1,0,6,6
4,11,16,11,32,50,78,80,56,28,13,1,3,11,11,7,0,0,0,9,6,0,8,5
7,9,0,11,11,16,26,36,13,11,10,2,0,3,6,0,2,0,0,7,9,5,4,7

0,7,0,0,0,0,1,0,21,43,110,127,73,20,10,8,0,0,0,0,0,0,0,0
2,7,4,1,0,0,0,10,16,56,72,96,83,52,14,0,0,0,0,0,0,0,0,0
0,0,10,0,0,4,8,17,28,51,93,101,53,13,4,6,0,0,0,0,0,0,0,0
0,0,0,0,0,11,17,10,12,33,53,53,10,5,0,0,0,0,0,0,0,0,0,0
0,0,0,0,9,15,10,47,57,69,73,102,74,58,20,0,0,0,0,0,0,0,0,0
8,0,4,11,37,55,76,93,93,94,85,94,102,84,74,60,53,20,12,3,9,0,0,0
0,4,15,30,61,84,112,112,149,141,124,123,127,117,88,83,73,60,31,13,12,1,0,0
0,4,27,38,66,72,101,149,176,151,121,121,138,139,105,86,86,66,61,24,0,0,0,0
2,18,50,55,66,78,111,177,163,144,126,127,128,138,123,94,77,56,61,47,0,0,0,0
12,56,19,51,59,76,124,167,164,163,160,157,148,131,108,90,63,55,58,54,10,7,4,0
14,14,10,46,56,76,112,142,173,177,182,178,142,122,93,77,66,17,53,57,51,15,4,0
7,12,10,28,51,64,92,144,179,184,183,156,146,132,97,75,51,8,39,66,68,40,0,0
0,7,14,13,38,59,74,131,156,153,154,171,163,135,108,71,37,13,17,72,91,74,13,9
11,10,6,11,41,100,101,123,147,145,138,154,154,132,99,66,13,31,19,56,102,110,51,12
9,17,11,11,12,81,99,113,134,131,133,146,135,92,56,52,9,2,2,7,63,72,54,5
8,4,10,10,11,62,104,102,122,111,126,133,105,73,58,50,10,7,0,0,33,61,13,9
5,9,7,8,48,74,68,71,81,83,94,131,94,82,58,50,20,11,11,8,23,38,14,10
8,11,14,27,35,59,69,97,96,102,118,127,144,117,72,46,35,20,14,13,26,34,27,12
8,10,19,52,102,102,137,158,154,136,148,192,186,165,123,58,45,14,7,4,10,12,9,0
13,10,26,86,125,147,194,238,201,209,268,294,250,204,143,105,51,13,6,0,1,6,9,5
28,29,53,110,136,155,215,237,211,260,305,296,275,220,135,76,26,13,7,7,6,6,5,3
23,31,50,115,145,163,209,212,193,259,306,311,272,215,148,102,35,33,9,1,0,5,0,0
12,12,28,92,120,129,149,143,112,145,193,216,195,153,121,48,31,18,9,9,0,2,6,7
9,10,12,74,104,102,103,105,70,103,108,124,121,110,101,37,7,4,4,0,0,2,9,9
4,2,0,14,47,100,100,50,61,100,87,100,100,17,44,6,0,0,0,0,0,0,2,0
7,11,0,13,44,103,108,100,93,100,19,41,81,14,11,9,11,2,0,0,0,0,2,7
4,0,0,3,14,101,102,96,90,88,20,14,14,8,13,0,0,10,0,0,0,0,3,4
8,7,10,5,6,67,100,92,77,55,14,12,11,6,8,12,5,6,2,0,0,0,0,5
11,8,10,0,12,36,61,46,72,14,18,12,10,14,0,8,0,7,7,0,0,0,0,0
4,5,3,2,6,10,24,50,43,27,34,21,9,12,2,8,0,0,3,5,0,0,3,0
0,0,1,6,11,12,23,50,26,14,14,9,11,8,10,7,9,3,9,6,12,4,6,8
0,0,0,17,12,9,37,52,25,15,13,5,5,3,0,0,4,0,0,6,0,4,0,0
0,0,0,1,11,12,46,56,29,12,9,7,0,0,0,0,0,0,0,6,0,0,0,7
5,0,1,0,12,50,57,42,51,36,9,0,0,0,0,3,6,0,0,0,3,0,0,2
10,10,0,11,21,56,61,64,51,39,12,0,0,1,6,8,0,5,0,0,0,0,0,0
0,11,6,9,22,53,56,55,53,28,10,0,0,0,0,4,2,0,0,0,0,0,0,0
6,7,9,3,12,37,56,56,33,17,11,9,2,0,0,0,0,0,0,0,0,0,0,0
0,0,0,7,11,12,52,59,50,13,13,7,3,4,0,0,0,0,4,4,0,0,1,0
0,0,8,0,11,10,46,67,51,13,14,7,0,0,1,1,1,0,0,0,0,0,0,0
0,1,9,10,8,11,24,57,32,39,11,4,10,12,11,0,2,5,0,0,0,0,0,0
0,6,6,8,24,47,54,54,55,59,23,9,8,9,13,17,10,6,0,1,0,1,3,3
10,10,12,8,23,55,77,181,68,59,53,17,13,13,11,11,29,13,8,7,1,0,6,6
4,11,17,12,34,51,78,81,56,28,14,1,3,11,11,8,0,0,0,9,6,0,8,5
7,9,0,11,11,16,26,36,13,11,10,2,0,3,6,0,2,0,0,7,9,5,4,7

0,7,0,0,0,0,1,0,20,43,109,127,75,23,10,8,0,0,0,0,0,0,0,0
3,7,4,2,0,0,0,10,16,55,72,97,84,52,14,0,0,0,0,0,0,0,0,0
0,0,10,0,0,4,8,16,24,50,93,101,54,13,4,6,0,0,0,0,0,0,0,0
0,0,0,0,0,10,17,10,12,29,52,54,11,5,0,0,0,0,0,0,0,0,0,0
0,0,0,0,9,14,10,50,59,70,73,102,75,59,30,0,0,0,0,0,0,0,0,0
8,0,2,10,34,54,76,96,96,94,84,93,101,85,75,61,55,23,13,3,9,0,0,0
0,3,13,22,60,80,110,118,147,133,119,122,127,118,89,84,74,60,38,13,12,1,0,0
0,4,18,25,65,71,104,162,166,142,115,120,139,140,106,87,86,66,61,31,0,0,0,0
0,17,50,55,66,79,118,183,154,137,121,126,130,139,123,94,77,56,61,50,1,0,0,0
11,57,22,51,59,77,125,165,159,156,155,155,150,132,107,90,63,55,58,54,11,7,5,0
25,19,12,44,56,75,111,139,168,173,179,175,143,123,93,77,66,18,53,57,51,16,5,0
9,13,10,26,51,63,91,143,177,181,182,155,147,133,97,75,51,8,39,66,69,41,0,0
0,8,13,11,35,58,73,130,155,152,155,172,163,136,107,71,37,13,18,73,91,74,13,9
12,11,2,9,28,100,101,123,147,145,140,156,155,132,99,66,13,30,19,56,102,110,51,12
11,17,7,9,10,80,98,113,134,131,135,147,135,92,56,52,9,2,2,7,63,72,54,5
6,3,9,9,10,61,104,102,122,111,127,134,105,73,58,50,10,7,0,0,33,61,13,9
6,10,8,8,46,74,68,71,82,83,94,131,94,81,58,50,20,11,11,8,23,38,14,10
8,11,14,27,35,58,69,96,96,103,118,127,143,117,72,46,35,20,14,13,26,34,28,12
8,10,19,51,102,102,136,157,153,136,147,191,186,165,123,58,44,14,7,3,10,12,9,0
13,10,27,86,125,147,194,238,200,209,268,294,250,204,143,105,51,13,6,0,1,6,9,5
28,29,53,110,136,156,214,236,211,258,306,297,276,220,134,75,25,13,7,7,6,6,5,3
23,31,50,115,146,163,208,211,193,259,306,313,273,215,148,102,35,33,9,1,0,5,0,0
12,12,28,92,120,129,149,143,112,145,193,215,195,153,121,48,31,18,9,9,0,2,6,7
9,10,12,76,104,102,103,105,69,103,108,124,121,110,101,38,8,4,3,0,0,2,9,9
4,2,0,14,48,100,100,50,61,100,86,100,100,19,43,7,0,0,0,0,0,0,2,0
7,11,0,13,44,103,108,100,93,100,23,41,80,15,11,9,11,2,0,0,0,0,2,7
4,0,0,4,14,101,102,98,92,86,24,14,14,8,13,0,0,10,0,0,0,0,3,4
8,7,10,5,6,67,100,93,77,55,15,12,12,8,8,12,5,6,2,0,0,0,0,5
10,8,10,0,12,37,62,50,71,14,21,13,10,14,0,8,0,7,7,0,0,0,0,0
4,5,3,2,7,11,26,50,43,27,34,22,10,11,2,8,0,0,3,5,0,0,3,0
0,0,1,6,11,12,23,50,27,14,14,9,11,7,10,7,9,3,9,6,12,4,6,7
0,0,0,17,12,9,37,52,27,15,13,6,5,3,0,0,4,0,0,6,0,4,0,0
0,0,0,1,11,12,47,56,30,12,9,7,0,0,0,0,0,0,0,6,0,0,0,7
5,0,1,0,12,50,57,43,51,37,9,0,0,0,0,2,6,0,0,0,3,0,0,2
10,11,0,11,22,56,61,65,51,38,12,0,0,1,6,8,0,5,0,0,0,0,0,0
0,11,6,9,23,53,56,55,53,28,10,0,0,0,0,5,1,0,0,0,0,0,0,0
6,7,9,4,12,39,56,56,32,18,10,9,3,0,0,0,0,0,0,0,0,0,0,0
0,0,0,7,12,12,52,59,51,14,13,7,3,4,0,0,0,0,4,4,0,0,1,0
0,0,8,0,11,10,46,67,51,13,14,7,0,0,1,1,1,0,0,0,0,0,0,0
0,1,9,10,8,11,24,56,35,40,10,4,10,12,11,0,2,5,0,0,0,0,0,0
0,6,6,8,24,50,54,54,55,58,24,9,8,9,13,17,10,6,0,1,0,1,3,3
10,10,12,8,23,56,77,181,68,59,53,19,13,13,11,11,30,13,8,7,1,0,6,6
4,11,17,12,34,51,78,81,56,29,13,1,3,11,11,8,0,0,0,9,6,0,9,5
7,9,0,11,11,16,28,38,13,12,10,2,0,3,6,0,2,0,0,7,9,5,4,7

0,7,0,0,0,0,2,0,20,43,110,127,75,23,11,8,0,0,0,0,0,0,0,0
2,7,4,2,0,0,0,10,16,56,72,97,84,52,14,0,0,0,0,0,0,0,0,0
0,0,10,0,0,4,8,16,21,50,93,101,54,13,4,7,0,0,0,0,0,0,0,0
0,0,0,0,0,10,16,9,12,27,52,55,11,5,0,0,0,0,0,0,0,0,0,0
0,0,0,0,9,13,10,50,60,71,74,102,75,59,31,0,0,0,0,0,0,0,0,0
8,0,2,10,35,54,75,90,94,96,85,93,101,85,74,61,54,23,13,3,9,0,0,0
0,4,14,26,61,82,107,107,142,135,120,122,127,117,88,84,74,60,38,13,12,1,0,0
0,4,22,32,66,73,104,154,165,143,116,120,138,139,106,87,86,66,62,32,0,0,0,0
0,18,50,55,66,80,123,186,154,136,121,127,131,138,123,94,77,56,61,50,1,0,0,0
11,58,26,51,59,76,125,166,158,156,155,155,151,132,107,90,63,55,58,54,11,7,5,0
31,23,12,45,55,75,109,138,168,172,179,175,145,124,93,77,66,16,53,57,51,16,5,0
9,13,10,27,50,63,90,141,176,181,182,156,148,134,97,75,51,8,37,66,69,41,0,0
0,9,13,11,34,57,72,129,154,151,156,173,165,136,107,71,37,13,18,72,90,74,13,9
12,11,1,8,26,100,100,123,147,145,142,159,156,132,99,67,13,31,17,56,102,110,51,12
11,16,6,8,10,80,97,113,134,132,137,148,136,92,56,52,9,2,2,6,62,71,54,5
6,3,9,9,10,61,104,102,122,112,128,134,105,73,58,50,10,7,0,0,33,61,13,9
6,10,8,8,45,74,68,71,82,83,95,131,94,81,58,50,19,11,11,8,23,37,14,10
8,11,14,27,34,58,68,97,96,103,118,127,143,117,72,46,35,20,14,13,26,34,27,12
8,10,19,51,101,102,136,157,154,136,148,191,186,164,123,58,44,14,7,4,10,12,9,0
13,10,27,86,125,147,194,239,200,209,268,293,250,204,143,105,52,13,6,0,1,7,9,5
28,29,54,110,136,156,215,236,211,259,305,297,275,220,134,75,26,13,7,7,7,6,5,3
23,31,51,115,146,163,209,212,194,260,306,312,272,215,148,102,35,33,9,1,0,5,0,0
12,12,28,92,121,130,150,143,112,146,193,216,195,154,121,48,31,18,9,9,0,2,6,7
9,10,12,76,104,102,103,105,71,103,108,124,121,111,101,38,7,4,4,0,0,2,9,9
4,2,0,14,47,100,100,50,61,100,86,100,100,19,43,6,0,0,0,0,0,0,2,0
7,11,0,13,44,103,108,100,93,100,22,43,80,15,11,9,11,2,0,0,0,0,2,7
4,0,0,4,14,101,102,96,93,86,21,14,14,8,13,0,0,10,0,0,0,0,4,4
8,7,10,5,6,67,100,94,77,55,15,12,12,8,8,12,5,6,1,0,0,0,0,5
11,8,10,0,12,37,61,50,70,14,18,12,10,14,0,8,0,7,7,0,0,0,0,0
4,5,3,3,7,10,26,50,43,27,34,22,9,11,2,8,0,0,3,5,0,0,3,0
0,0,1,6,11,12,23,50,27,14,14,9,11,7,10,7,9,3,9,6,12,4,6,8
0,0,0,17,12,9,38,52,28,17,13,6,5,3,0,0,4,0,0,6,0,4,0,0
0,0,0,1,11,12,47,56,30,12,9,7,0,0,0,0,0,0,0,6,0,0,0,7
5,0,1,0,12,50,57,43,51,38,9,0,0,0,0,2,6,0,0,0,3,0,0,2
10,11,0,11,22,56,60,64,51,37,12,0,0,1,6,8,0,5,0,0,0,0,0,0
0,11,6,9,24,53,56,55,53,28,10,0,0,0,0,5,1,0,0,0,0,0,0,0
6,7,9,4,12,38,56,56,32,18,11,9,3,0,0,0,0,0,0,0,0,0,0,0
0,0,0,8,12,12,52,59,51,14,14,7,3,4,0,0,1,0,4,4,0,0,1,0
0,0,8,0,11,10,46,67,51,13,14,7,0,0,1,1,1,0,0,0,0,0,0,0
0,1,9,10,8,11,24,57,35,39,11,4,10,12,11,0,2,5,0,0,0,0,0,0
0,6,6,8,24,50,54,54,54,58,24,9,8,9,13,16,10,6,0,1,0,1,3,3
10,10,12,9,25,56,76,182,68,58,53,19,13,13,11,11,30,13,8,7,2,0,6,6
4,11,17,12,35,51,79,81,56,29,14,1,3,11,11,8,0,0,0,9,6,0,8,5
7,9,0,11,12,16,29,39,13,12,11,2,0,3,6,0,2,0,0,8,9,5,4,7

0,7,0,0,0,0,2,0,21,43,110,128,75,22,11,8,0,0,0,0,0,0,0,0
2,7,4,2,0,0,0,10,16,56,72,98,84,52,15,0,0,0,0,0,0,0,0,0
0,0,10,0,0,4,8,16,22,50,93,101,54,14,4,7,0,0,0,0,0,0,0,0
0,0,0,0,0,10,16,9,12,28,52,54,11,5,0,0,0,0,0,0,0,0,0,0
0,0,0,0,9,13,9,50,60,71,73,102,75,59,30,0,0,0,0,0,0,0,0,0
8,0,2,10,35,54,74,90,93,96,85,93,101,85,74,61,55,24,13,3,9,0,0,0
0,3,13,25,60,80,107,107,141,133,119,122,127,117,88,84,74,60,38,13,12,1,0,0
0,4,21,29,65,72,103,153,163,142,115,120,139,139,105,86,86,66,61,33,0,0,0,0
0,18,50,55,66,80,121,184,153,136,121,127,132,138,123,94,77,56,61,50,1,0,0,0
11,58,24,51,59,76,124,164,159,156,156,157,152,132,107,90,63,55,58,54,11,7,5,0
32,24,12,44,55,74,108,137,168,173,181,178,147,124,93,76,66,15,53,57,51,16,5,0
10,13,10,27,50,63,89,141,176,182,183,158,149,135,97,75,51,8,37,66,68,42,0,0
1,9,13,11,33,57,72,129,154,151,157,174,165,136,107,71,37,13,16,72,91,74,13,9
12,12,1,8,21,100,100,122,147,145,142,159,156,133,99,67,13,31,17,55,102,110,51,12
11,16,6,8,9,78,96,113,134,132,137,149,135,91,56,52,9,2,2,6,62,71,53,5
6,3,9,9,10,61,104,102,122,112,128,134,105,72,58,48,10,7,0,0,33,61,13,9
7,10,8,8,45,74,68,71,82,83,95,130,94,81,58,50,19,11,11,8,23,37,14,10
9,11,14,27,34,58,68,96,96,103,117,127,143,116,71,46,35,20,14,13,26,34,28,12
8,10,19,51,101,102,136,157,154,136,147,191,186,165,123,58,44,14,7,4,11,12,9,0
13,10,27,86,125,147,194,239,200,209,268,294,250,204,143,105,51,13,6,0,1,7,9,5
29,29,54,110,136,157,215,237,212,258,307,298,276,220,134,75,33,13,7,7,6,6,5,4
23,31,51,116,146,164,210,213,194,260,308,313,274,216,148,102,37,33,9,1,1,5,0,0
12,12,28,92,121,130,150,143,112,146,193,216,196,154,121,48,31,19,9,9,0,2,6,7
9,10,12,76,104,102,103,105,71,103,109,124,121,110,101,38,7,4,4,0,0,2,9,9
4,2,0,14,48,100,100,50,63,100,85,100,100,19,43,6,0,0,0,0,0,0,2,0
7,11,0,13,44,103,108,100,96,100,22,44,81,16,11,9,11,3,0,0,0,0,2,6
4,0,0,4,15,101,102,97,90,86,21,14,14,8,13,0,0,10,0,0,0,0,4,4
8,7,10,5,6,67,100,94,77,55,15,12,12,8,8,12,5,6,1,0,0,0,0,5
11,8,10,0,12,37,62,50,71,14,20,13,11,14,0,8,0,7,7,0,0,0,0,0
4,5,3,3,7,10,26,50,43,27,34,21,9,11,2,8,0,0,3,5,0,0,3,0
0,0,1,6,11,12,23,50,27,14,14,9,11,7,10,7,9,3,9,6,12,4,6,8
0,0,0,17,12,9,37,52,27,15,13,5,5,3,0,0,4,0,0,6,0,4,0,0
0,0,0,1,11,12,46,56,30,12,9,7,0,0,0,0,0,0,0,6,0,0,0,7
5,0,1,0,12,50,57,42,51,35,9,0,0,0,0,2,6,0,0,0,3,0,0,2
10,11,0,11,22,56,60,65,51,38,12,0,0,1,6,7,0,5,0,0,0,0,0,0
0,11,6,9,24,53,56,55,53,27,11,0,0,0,0,4,1,0,0,0,0,0,0,0
6,7,9,4,12,37,56,56,32,18,11,9,3,0,0,0,0,0,0,0,0,0,0,0
0,0,0,8,12,12,52,58,51,14,13,7,4,4,0,0,1,0,4,4,0,0,1,0
0,0,8,0,11,10,46,67,51,13,14,7,0,0,1,1,1,0,0,0,0,0,0,0
0,1,9,10,8,11,24,56,35,42,11,4,10,12,11,0,2,5,0,0,0,0,0,0
0,6,7,8,26,50,54,54,55,59,26,9,8,9,13,17,10,6,0,1,0,1,3,3
10,10,12,9,26,56,78,185,69,59,53,22,14,14,11,11,31,13,8,7,1,0,6,6
5,11,17,12,36,51,79,82,56,29,14,1,4,11,11,8,0,0,0,9,6,0,8,6
7,9,0,11,12,17,31,42,13,12,11,2,0,3,6,0,2,0,0,7,9,5,4,7

0,7,0,0,0,0,2,0,20,43,110,127,75,22,11,8,0,0,0,0,0,0,0,0
2,7,4,2,0,0,0,10,16,56,72,98,84,52,15,0,0,0,0,0,0,0,0,0
0,0,10,0,0,3,8,16,21,50,93,101,54,13,5,7,0,0,0,0,0,0,0,0
0,0,0,0,0,10,16,9,11,28,52,54,11,5,0,0,0,0,0,0,0,0,0,0
0,0,0,0,9,13,9,49,59,71,73,102,74,59,31,0,0,0,0,0,0,0,0,0
8,0,2,10,35,54,74,89,92,95,85,93,101,85,75,61,55,24,13,3,9,0,0,0
0,3,14,26,61,81,107,106,140,133,119,121,127,117,88,84,74,60,39,13,12,1,0,0
0,4,23,32,65,72,103,152,163,141,114,120,139,140,106,87,86,66,62,33,0,0,0,0
0,18,50,55,66,80,122,185,152,135,120,126,130,138,123,94,77,56,61,50,1,0,0,0
11,59,26,51,59,76,125,165,157,154,154,155,150,131,107,90,63,55,58,54,11,7,5,0
36,25,12,43,55,74,108,137,166,171,179,175,145,124,93,77,66,17,53,57,51,16,5,0
10,14,10,28,50,63,89,141,175,180,182,156,148,135,97,75,51,8,39,66,69,42,0,0
1,9,13,11,33,57,72,129,153,151,156,173,164,136,108,71,38,13,18,73,91,74,13,9
12,12,1,7,22,100,100,122,147,145,142,158,155,133,100,67,14,33,19,56,102,110,51,12
11,16,6,8,9,79,97,113,134,132,136,148,135,92,56,52,10,2,2,6,63,71,54,5
6,3,9,9,10,61,104,102,122,112,128,133,105,73,58,50,10,7,0,0,33,61,13,9
7,10,8,8,45,74,68,71,82,83,94,130,94,81,58,50,19,11,11,8,23,37,14,10
9,11,14,27,34,58,68,97,96,103,117,126,143,116,71,46,35,20,14,13,26,34,27,12
8,10,19,51,101,102,136,157,154,136,147,191,186,165,123,58,45,14,7,4,10,12,9,0
13,10,27,85,125,147,194,239,201,210,269,295,252,205,144,105,51,13,6,0,1,6,9,5
29,30,54,110,136,157,215,238,212,259,307,300,277,221,135,76,39,13,7,7,7,6,4,3
23,31,50,115,146,164,210,213,194,260,309,315,275,216,148,102,38,33,9,1,1,5,0,0
12,12,28,92,121,130,150,143,112,146,193,216,196,154,121,49,31,19,9,9,0,2,6,7
9,10,12,76,104,102,103,105,72,103,108,124,121,110,101,41,7,4,4,0,0,2,9,8
4,3,0,14,47,98,100,50,63,100,86,100,100,19,41,7,0,0,0,0,0,0,2,0
8,11,0,13,42,102,108,100,97,100,24,44,81,15,11,9,11,3,0,0,0,0,2,7
4,0,0,4,14,100,102,97,93,86,22,14,14,8,13,0,0,10,0,0,0,0,3,4
8,7,10,5,6,65,100,93,77,54,15,12,12,9,8,12,5,6,2,0,0,0,0,5
11,8,10,0,12,36,59,47,70,14,21,13,11,14,0,8,0,7,7,0,0,0,0,0
4,6,3,2,6,9,23,49,43,27,33,22,9,12,2,9,0,0,3,5,0,0,3,0
0,0,1,7,11,11,22,49,27,14,14,10,11,8,10,7,9,3,9,6,12,4,6,8
0,0,0,17,12,8,34,51,27,15,12,6,5,3,0,0,4,0,0,6,0,4,0,0
0,0,0,1,11,11,45,55,30,11,8,7,0,0,0,0,0,0,0,6,0,0,0,7
5,0,1,0,12,47,56,42,51,36,9,0,0,0,0,2,6,0,0,0,3,0,0,2
10,11,1,10,19,55,60,64,51,37,12,0,0,0,5,7,0,5,0,0,0,0,0,0
0,12,6,9,20,53,56,55,53,28,10,0,0,0,0,4,1,0,0,0,0,0,0,0
6,7,9,4,12,36,56,56,33,18,10,9,3,0,0,0,0,0,0,0,0,0,0,0
0,0,0,8,12,12,52,58,51,14,14,8,4,4,0,0,1,0,4,4,0,0,1,0
0,0,8,0,11,10,46,67,51,13,14,7,0,0,1,1,2,0,0,0,0,0,0,0
0,1,9,11,8,11,25,57,37,41,11,5,11,13,11,0,2,5,0,0,0,0,0,0
0,7,6,9,28,50,54,54,55,59,32,9,8,10,13,17,10,6,0,1,0,1,3,3
10,10,12,9,28,56,79,192,70,59,54,29,14,14,12,11,29,13,8,7,1,0,6,6
5,11,18,12,38,53,81,84,57,30,14,0,5,10,11,7,0,0,0,9,6,0,9,6
7,9,0,11,12,17,35,45,14,12,11,3,0,2,7,0,2,0,0,7,9,5,4,7

0,7,0,0,0,0,2,0,20,43,110,128,75,24,11,8,0,0,0,0,0,0,0,0
2,7,4,1,0,0,0,10,16,56,72,98,85,52,16,0,0,0,0,0,0,0,0,0
0,0,10,0,0,4,8,16,22,50,92,101,54,14,5,7,0,0,0,0,0,0,0,0
0,0,0,0,0,10,16,9,11,25,52,54,11,5,0,0,0,0,0,0,0,0,0,0
0,0,0,0,9,13,9,48,59,71,73,102,74,59,33,0,0,0,0,0,0,0,0,0
7,0,3,11,36,54,75,88,92,95,84,93,101,85,75,62,55,24,13,4,9,0,0,0
0,4,14,30,61,83,108,106,140,133,119,121,127,117,89,85,75,61,40,13,12,1,0,0
0,4,28,41,66,73,103,151,162,141,114,120,138,140,106,87,86,67,62,34,0,0,0,0
0,19,51,55,66,80,123,185,152,135,120,126,131,139,123,94,77,56,61,50,2,0,0,0
12,59,28,51,59,76,127,166,156,153,153,153,150,132,107,90,63,55,58,54,11,7,5,0
39,27,13,45,55,75,109,137,165,169,177,173,143,123,93,77,66,18,53,58,51,17,5,0
10,14,10,28,50,63,90,141,174,179,181,154,147,134,97,75,52,8,40,66,69,42,0,0
1,10,13,11,34,58,73,129,154,151,155,172,164,136,108,71,38,13,21,73,92,75,13,10
12,12,1,7,27,100,100,122,146,145,141,157,155,132,100,67,14,31,20,56,102,110,51,12
11,16,5,8,10,80,97,113,134,132,136,148,135,91,56,52,10,2,2,7,63,72,54,5
6,3,9,9,10,61,104,102,122,112,128,133,105,72,58,50,10,7,0,0,33,61,13,9
7,10,8,8,45,75,68,71,82,84,95,130,94,81,58,50,19,11,11,8,24,39,14,10
9,11,14,27,34,58,68,97,96,103,118,126,143,116,72,46,35,20,14,13,26,34,27,12
8,10,19,51,101,102,136,157,154,136,148,192,186,165,123,58,44,14,7,3,10,12,9,0
13,10,26,85,125,147,194,238,200,209,268,295,251,204,143,105,52,13,6,0,1,6,9,5
29,30,54,110,136,157,215,237,212,258,307,298,276,220,134,76,40,13,7,7,7,6,4,3
23,31,50,115,146,164,210,212,193,259,308,314,274,216,148,101,38,34,9,1,1,5,0,0
12,12,28,92,121,130,150,143,112,145,193,215,196,154,121,48,31,19,9,9,0,2,6,7
10,10,12,74,104,102,103,105,71,103,108,124,121,110,101,40,7,4,4,0,0,2,9,9
4,2,0,14,46,98,100,51,63,100,86,100,100,17,41,7,0,0,0,0,0,0,2,0
8,11,0,13,40,102,108,100,97,100,22,44,80,16,11,9,11,3,0,0,0,0,2,7
4,0,0,4,14,100,102,96,92,85,24,14,14,8,13,0,0,10,0,0,0,0,4,4
8,7,10,5,6,65,100,92,76,55,14,12,12,9,8,12,5,6,2,0,0,0,0,5
11,8,10,0,12,35,58,45,70,14,19,13,11,14,1,8,0,7,7,0,0,0,0,0
4,6,3,2,6,8,22,49,42,27,33,21,9,12,2,8,0,0,3,5,0,0,3,0
0,0,1,7,11,11,21,50,27,13,14,9,11,7,10,7,9,3,9,6,12,4,6,7
0,0,0,17,12,8,33,51,27,14,12,6,5,3,0,0,4,0,0,6,0,4,0,0
0,0,0,1,11,11,44,55,30,11,8,7,0,0,0,0,0,0,0,6,0,0,0,7
5,0,1,0,12,46,56,42,51,35,9,0,0,0,0,2,6,0,0,0,3,0,0,2
10,11,1,10,17,55,60,65,51,39,12,0,0,0,4,7,0,5,0,0,0,0,0,0
0,12,6,9,19,53,56,55,53,27,10,0,0,0,0,4,1,0,0,0,0,0,0,0
6,7,9,4,12,36,56,56,32,18,11,9,4,0,0,0,0,0,0,0,0,0,0,0
0,0,0,8,12,12,52,58,51,14,14,8,4,5,0,0,1,0,5,4,0,0,1,0
0,0,8,0,11,10,47,67,51,13,14,7,0,0,1,1,2,0,0,0,0,0,0,0
0,1,9,11,8,11,25,57,38,42,11,5,11,13,11,0,2,5,0,0,0,0,0,0
0,7,6,9,29,50,54,54,55,60,31,10,9,10,13,18,10,6,0,1,0,2,3,3
10,10,12,9,28,56,80,194,71,59,54,30,14,14,12,11,29,13,8,7,2,0,6,6
5,11,18,12,39,53,81,85,57,29,14,0,6,11,11,7,0,0,0,9,6,0,9,6
7,9,0,11,12,17,36,47,14,12,11,4,0,1,7,0,1,0,0,7,9,5,4,7

0,7,0,0,0,0,2,0,21,43,110,128,76,23,11,8,0,0,0,0,0,0,0,0
2,7,4,1,0,0,0,10,16,56,72,98,85,52,17,0,0,0,0,0,0,0,0,0
0,0,10,0,0,4,8,16,22,50,93,101,54,13,5,7,0,0,0,0,0,0,0,0
0,0,0,0,0,10,16,8,11,24,52,54,11,5,0,0,0,0,0,0,0,0,0,0
0,0,0,0,9,13,9,48,59,71,73,102,74,58,31,0,0,0,0,0,0,0,0,0
7,0,4,11,37,54,75,88,92,94,84,93,101,84,75,62,55,24,13,3,9,0,0,0
0,4,15,31,61,83,108,105,139,132,118,121,127,117,89,85,75,61,40,13,12,1,0,0
0,5,29,44,66,73,104,151,162,141,114,120,139,140,106,87,86,67,62,35,0,0,0,0
0,19,51,55,66,81,124,186,152,135,120,126,131,139,123,94,77,56,61,50,2,0,0,0
12,60,30,51,59,77,128,168,157,154,154,154,150,132,107,90,63,55,58,54,11,7,5,0
40,28,13,45,55,75,109,138,165,170,177,173,144,124,93,77,66,18,53,58,51,18,5,0
10,14,10,30,50,63,90,141,174,179,181,155,148,135,97,76,52,8,40,66,69,43,0,0
1,10,13,11,34,58,73,129,153,151,156,173,164,136,108,71,38,13,21,73,92,74,13,10
12,12,1,8,28,100,100,122,146,144,141,156,154,133,100,67,14,34,20,56,102,110,51,12
11,16,6,8,10,79,96,112,133,131,135,147,134,91,56,52,10,2,2,7,63,72,53,5
6,3,9,9,10,61,104,102,122,112,128,133,104,72,58,50,10,7,0,0,35,61,13,9
7,10,8,8,45,74,68,71,82,83,94,130,94,81,58,50,19,11,11,8,23,38,14,10
9,11,14,27,34,58,68,96,96,103,117,126,143,116,72,46,35,20,14,13,26,34,27,12
8,10,19,51,101,101,136,157,153,136,147,191,186,165,123,58,44,14,7,3,10,12,9,0
13,10,27,85,125,147,193,238,200,208,268,294,251,205,144,105,52,13,6,0,1,6,9,5
29,30,54,110,136,157,215,236,211,258,307,299,277,221,134,76,41,13,7,7,6,6,4,3
23,31,50,115,147,164,210,212,194,259,308,315,275,216,148,102,39,34,9,1,1,5,0,0
12,12,28,92,121,130,150,143,112,145,193,216,196,154,121,48,31,19,9,9,0,2,6,7
9,10,12,75,104,102,103,105,71,103,108,124,121,110,101,41,7,5,4,0,0,2,9,9
4,2,0,14,47,97,100,50,63,100,85,100,100,17,43,6,0,0,0,0,0,0,2,0
8,11,0,13,40,102,108,100,97,100,22,44,82,16,12,9,11,3,0,0,0,0,2,7
4,0,0,4,14,100,102,96,90,86,21,14,14,8,13,0,0,10,0,0,0,0,4,4
8,7,10,5,6,65,100,93,76,54,14,12,12,9,8,12,5,6,2,0,0,0,0,5
11,8,10,0,12,35,58,47,70,14,20,13,10,14,1,8,0,7,6,0,0,0,0,0
4,6,3,2,6,8,22,49,43,27,33,21,9,12,2,8,0,0,3,5,0,0,3,0
0,0,1,7,10,11,20,50,26,13,14,9,11,7,10,7,9,3,9,6,12,4,6,7
0,0,0,17,11,8,33,51,29,14,12,6,4,3,0,0,4,0,0,6,0,4,0,0
0,0,0,1,11,11,45,55,30,11,8,7,0,0,0,0,0,0,0,6,0,0,0,7
5,0,1,0,12,47,56,42,51,36,9,0,0,0,0,2,6,0,0,0,3,0,0,2
10,11,1,10,18,55,60,65,51,39,12,0,0,0,4,7,0,5,0,0,0,0,0,0
0,12,6,9,19,53,56,55,53,27,11,0,0,0,0,4,1,0,0,0,0,0,0,0
6,7,9,4,12,36,56,56,32,19,11,9,4,0,0,0,0,0,0,0,0,0,0,0
0,0,0,8,12,12,52,58,51,14,14,8,4,5,0,0,1,0,5,4,0,0,1,0
0,0,8,0,11,10,47,67,51,13,14,7,0,0,1,1,2,0,0,0,0,0,0,0
0,1,9,11,9,11,25,57,40,41,11,5,11,13,12,0,2,5,0,0,0,0,0,0
0,7,7,9,29,50,54,54,55,60,33,10,9,10,13,17,10,6,0,1,0,2,3,3
10,10,12,9,30,57,81,195,71,59,54,33,14,14,12,11,30,13,8,7,2,0,6,6
5,11,18,12,40,53,81,86,57,30,14,0,6,11,11,7,0,0,0,9,6,0,8,6
7,9,0,12,12,17,37,46,14,12,11,5,0,1,7,0,1,0,0,8,9,6,4,7

0,7,0,0,0,0,2,0,21,43,110,128,75,23,11,8,0,0,0,0,0,0,0,0
2,7,4,1,0,0,0,10,16,56,72,98,85,52,16,0,0,0,0,0,0,0,0,0
0,0,10,0,0,4,8,16,20,50,93,101,54,13,5,7,0,0,0,0,0,0,0,0
0,0,0,0,0,10,16,8,11,27,52,55,11,5,0,0,0,0,0,0,0,0,0,0
0,0,0,0,9,13,9,48,59,71,73,102,74,58,30,0,0,0,0,0,0,0,0,0
7,0,4,11,36,54,74,87,91,94,84,92,101,84,75,62,55,25,13,4,9,0,0,0
0,4,15,31,61,83,108,105,138,132,118,121,127,117,89,85,75,61,40,13,12,1,0,0
0,5,29,43,66,74,104,150,161,141,114,120,139,140,106,87,86,66,62,34,0,0,0,0
0,19,51,56,66,80,124,186,152,134,119,126,131,139,123,94,77,56,61,50,2,0,0,0
12,60,30,52,59,77,128,168,157,153,153,154,151,132,107,90,63,56,58,54,11,7,5,0
40,28,13,45,55,75,109,137,165,169,177,174,144,124,93,77,66,19,53,58,51,18,5,0
10,14,10,30,50,63,90,141,174,179,182,155,148,135,97,76,52,8,40,66,69,42,0,0
2,10,13,12,34,57,73,129,152,151,156,173,164,136,108,71,38,13,21,73,91,74,13,9
12,12,1,8,28,100,100,122,146,144,141,156,155,133,100,67,14,33,20,56,102,110,51,12
11,16,6,9,10,79,96,112,133,131,136,147,134,91,56,52,10,2,2,7,63,72,54,5
6,3,9,9,10,61,104,102,122,112,128,133,104,72,58,50,10,7,0,0,36,61,13,9
7,10,8,8,46,74,68,71,82,83,94,130,94,81,58,50,19,11,11,8,24,37,14,10
9,11,14,27,34,58,68,96,96,103,117,126,143,117,72,46,35,20,14,13,26,34,27,12
8,10,19,51,101,101,136,157,153,136,147,192,186,165,123,58,44,14,7,3,10,12,9,0
13,10,27,86,125,147,193,237,200,209,268,296,251,205,144,105,52,13,6,0,1,6,9,5
28,29,53,110,136,157,215,236,212,258,306,299,277,221,135,76,43,13,7,7,6,6,4,3
23,31,50,115,147,165,210,212,193,259,308,315,275,217,148,101,39,34,9,1,1,5,0,0
12,12,27,91,121,130,150,143,112,145,193,216,196,154,121,48,31,19,9,9,0,2,6,7
10,10,12,74,104,102,103,105,72,103,108,124,121,110,101,41,7,5,4,0,0,2,9,9
4,3,0,14,46,97,100,51,63,100,85,100,100,19,41,7,0,0,0,0,0,0,2,0
8,11,0,13,40,102,107,100,98,100,24,44,81,17,12,9,11,3,0,0,0,0,2,7
4,0,0,4,14,100,102,95,92,83,22,14,14,8,13,0,0,10,0,0,0,0,4,4
8,7,10,5,6,65,100,94,76,54,15,12,12,9,8,12,5,6,2,0,0,0,0,5
11,8,10,0,12,35,59,47,69,14,19,13,10,14,1,8,0,7,6,0,0,0,0,0
4,6,3,2,6,8,23,50,42,27,33,21,9,12,2,8,0,0,3,5,0,0,3,0
0,0,1,7,10,11,20,49,27,13,13,9,11,7,10,7,9,3,9,6,12,4,6,8
0,0,0,17,12,8,33,52,28,17,12,6,4,3,0,0,4,0,0,6,0,4,0,0
0,0,0,1,11,11,45,56,30,12,8,7,0,0,0,0,0,0,0,6,0,0,0,7
5,0,1,0,12,47,56,42,51,36,9,0,0,0,0,2,6,0,0,0,3,0,0,2
10,11,1,10,18,55,60,65,51,37,12,0,0,0,4,7,0,5,0,0,0,0,0,0
0,12,6,9,20,53,56,55,53,29,11,0,0,0,0,4,1,0,0,0,0,0,0,0
6,7,9,4,12,36,56,56,33,19,11,9,4,0,0,0,0,0,0,0,0,0,0,0
0,0,0,8,12,12,52,58,51,14,14,8,4,5,0,0,1,0,5,4,0,0,1,0
0,0,8,0,11,10,48,67,51,13,14,7,0,0,1,1,2,0,0,0,0,0,0,0
0,1,9,11,9,11,25,57,40,42,11,5,11,13,12,0,2,5,0,0,0,0,0,0
0,7,7,9,30,50,54,55,55,59,37,10,9,10,13,18,10,6,0,1,0,2,3,3
10,10,13,10,31,57,81,195,71,59,54,33,16,14,12,11,30,13,8,7,2,0,6,6
5,11,18,12,40,54,82,86,57,30,14,0,6,11,11,7,0,0,0,9,6,0,9,6
7,10,0,12,12,17,37,47,14,12,11,5,0,1,7,0,1,0,0,8,9,6,4,7

0,7,0,0,0,0,2,0,20,44,110,128,76,22,11,8,0,0,0,0,0,0,0,0
2,7,4,1,0,0,0,10,16,56,73,99,85,52,17,0,0,0,0,0,0,0,0,0
0,0,10,0,0,4,8,16,22,50,93,101,54,13,5,7,0,0,0,0,0,0,0,0
0,0,0,0,0,10,16,8,11,27,52,54,11,5,0,0,0,0,0,0,0,0,0,0
0,0,0,0,9,13,9,48,59,71,73,102,74,58,33,0,0,0,0,0,0,0,0,0
7,0,3,11,36,54,74,87,91,94,84,93,101,85,75,62,55,24,13,3,9,0,0,0
0,4,15,30,61,83,108,104,138,132,118,121,127,117,89,85,75,61,40,13,12,1,0,0
0,5,29,44,66,74,103,150,161,140,113,120,139,141,106,87,87,67,62,35,0,0,0,0
0,19,51,55,66,81,124,186,151,134,119,126,131,140,123,94,77,56,61,50,2,0,0,0
12,60,30,52,59,77,128,167,155,152,152,153,150,132,107,90,64,55,58,54,11,8,5,0
41,29,13,45,55,74,109,136,164,168,176,172,143,123,92,77,66,18,53,58,51,17,5,0
10,14,11,31,50,63,89,140,173,178,180,154,147,134,97,76,52,8,41,66,69,42,0,0
2,10,13,12,34,57,72,128,152,150,155,173,164,136,107,71,38,13,21,73,91,74,13,9
12,12,1,8,30,100,100,122,146,144,141,158,155,133,100,67,14,33,21,56,102,110,51,12
11,16,6,9,10,79,96,112,133,131,136,148,135,91,56,52,10,2,2,7,63,72,54,5
6,3,9,9,10,60,104,102,122,112,128,134,105,72,58,50,10,7,0,0,33,61,13,9
7,10,8,8,45,74,68,71,82,83,94,130,94,81,58,50,19,11,11,8,24,38,14,10
9,11,14,27,34,58,68,96,96,103,117,126,143,117,72,46,35,20,14,13,26,34,27,12
8,10,19,51,101,102,136,157,154,136,147,192,186,165,123,58,45,14,7,4,10,12,9,0
13,10,27,86,125,147,194,238,200,210,269,295,251,205,144,105,53,13,6,0,1,6,9,5
29,30,54,110,136,157,215,237,212,259,307,299,277,221,134,76,43,13,7,7,6,6,4,3
23,31,50,116,147,165,211,213,193,259,308,315,275,216,148,101,39,34,9,1,1,6,0,0
12,12,28,92,121,130,150,143,112,145,193,216,196,154,121,48,31,19,9,9,0,2,6,7
10,10,12,74,104,102,103,105,71,103,108,124,121,110,101,41,8,4,4,0,0,2,9,9
4,3,0,14,46,97,100,50,65,100,86,100,100,17,43,7,0,0,0,0,0,0,2,0
8,11,0,13,40,102,108,100,97,100,22,44,81,17,12,9,11,3,0,0,0,0,2,7
4,0,0,4,14,100,102,94,92,85,18,14,14,8,13,0,0,10,0,0,0,0,4,4
8,7,10,5,6,65,100,92,76,53,14,12,12,9,8,12,5,6,2,0,0,0,0,5
11,9,10,0,12,34,59,47,69,14,20,13,10,15,0,8,0,7,6,0,0,0,0,0
4,5,3,2,5,8,22,49,42,27,33,21,10,12,2,8,0,0,3,5,0,0,3,0
0,0,0,6,10,11,20,49,27,13,13,9,11,7,10,7,9,3,9,6,12,4,6,8
0,0,0,17,11,8,32,52,28,14,12,5,4,3,0,0,4,0,0,6,0,4,0,0
0,0,0,1,11,11,45,56,31,12,8,7,0,0,0,0,0,0,0,6,0,0,0,7
5,0,1,0,12,47,56,42,51,35,9,0,0,0,0,2,6,0,0,0,3,0,0,2
10,11,1,10,18,55,60,65,51,39,12,0,0,0,4,7,0,5,0,0,0,0,0,0
0,12,6,9,21,53,56,55,54,28,11,0,0,0,0,4,1,0,0,0,0,0,0,0
6,7,9,4,12,36,56,56,33,19,11,9,4,0,0,0,0,0,0,0,0,0,0,0
0,0,0,8,12,13,52,58,51,14,14,8,4,5,0,0,1,0,5,4,0,0,1,0
0,0,8,0,11,10,49,67,51,14,14,7,0,0,1,1,2,0,0,0,0,0,0,0
0,1,9,11,9,11,25,57,41,42,11,5,11,13,12,0,2,5,0,0,0,0,0,0
0,7,7,9,31,50,54,55,55,60,36,10,9,10,13,18,10,6,0,1,0,2,4,3
10,10,13,10,31,56,81,196,71,59,54,34,15,14,12,11,29,13,8,7,2,0,6,6
5,11,18,12,40,54,82,86,57,30,14,1,7,11,11,7,0,0,0,9,6,0,9,6
7,10,0,12,13,17,38,46,14,12,11,5,0,1,7,0,2,0,0,8,9,6,4,7

0,7,0,0,0,0,2,0,21,43,110,128,76,23,11,8,0,0,0,0,0,0,0,0
2,7,4,1,0,0,0,10,16,56,73,99,85,52,17,0,0,0,0,0,0,0,0,0
0,0,10,0,0,3,8,16,22,50,93,101,54,14,5,7,0,0,0,0,0,0,0,0
0,0,0,0,0,10,15,8,11,25,52,54,11,5,0,0,0,0,0,0,0,0,0,0
0,0,0,0,9,13,9,47,59,71,73,102,74,58,33,0,0,0,0,0,0,0,0,0
7,0,3,11,36,54,73,87,91,94,84,93,101,85,75,62,55,25,13,4,9,0,0,0
0,4,15,30,61,83,107,104,138,132,118,121,127,117,89,85,75,61,41,13,12,1,0,0
0,5,29,43,66,74,103,149,161,141,113,120,139,140,106,87,87,67,62,36,0,1,0,0
0,19,51,55,66,80,124,186,151,134,119,126,131,139,123,94,77,56,61,50,2,0,0,0
12,60,29,51,59,76,127,166,155,151,152,153,150,132,107,90,63,55,58,54,11,7,5,0
41,30,13,46,55,74,108,135,163,167,175,173,143,123,92,77,66,19,53,58,51,18,5,0
10,14,11,31,50,63,89,140,172,177,180,154,147,134,97,76,52,8,40,66,69,42,0,0
2,10,13,12,34,57,72,128,151,149,155,172,164,136,107,71,39,13,21,73,92,74,13,9
12,12,1,8,30,100,100,122,146,144,142,158,155,132,100,67,14,33,21,56,102,110,51,12
11,16,6,9,10,80,96,112,134,132,137,149,135,91,56,52,10,2,2,7,63,73,54,5
6,3,9,9,10,61,104,102,122,112,129,134,105,73,58,50,10,7,0,0,33,61,13,9
8,11,8,8,46,74,68,71,83,84,95,130,94,81,58,50,19,11,11,8,24,38,14,10
9,11,14,27,34,58,68,97,97,103,118,127,143,117,72,46,35,20,14,13,26,34,27,12
8,10,19,51,101,102,136,157,154,137,147,192,186,165,123,58,45,14,7,4,10,12,9,0
13,10,27,86,125,147,194,238,200,209,269,295,251,204,143,105,52,13,6,0,1,6,9,5
29,30,54,110,136,157,216,237,212,258,307,299,277,221,134,76,44,13,7,7,6,6,4,3
23,31,50,116,147,165,211,213,194,259,309,315,275,217,148,101,40,33,9,1,1,6,0,0
12,12,28,92,121,130,151,143,112,146,194,216,197,154,121,48,31,19,9,9,0,2,6,7
10,10,12,74,104,102,103,105,72,103,109,124,121,111,101,42,8,5,4,0,0,2,9,9
4,3,0,14,46,97,100,51,65,100,85,101,100,20,44,6,0,0,0,0,0,0,2,0
8,11,0,13,41,102,107,100,98,100,23,45,81,17,12,9,11,3,0,0,0,0,2,7
4,0,0,4,14,100,102,95,90,85,21,14,14,8,13,0,0,10,0,0,0,0,4,4
8,7,10,5,6,65,100,93,76,55,14,12,12,9,8,12,5,6,1,0,0,0,0,5
11,8,10,0,12,35,60,50,69,14,20,13,11,14,1,8,0,7,6,0,0,0,0,0
4,5,3,2,6,8,23,49,42,27,33,21,9,12,2,8,0,0,3,5,0,0,3,0
0,0,0,6,10,11,20,50,26,13,14,9,11,7,10,7,9,3,9,6,12,4,6,8
0,0,0,17,12,8,33,51,28,16,12,6,5,3,0,0,4,0,0,6,0,4,0,0
0,0,0,1,11,11,45,56,32,12,8,7,0,0,0,0,0,0,0,6,0,0,0,7
5,0,1,0,12,50,57,42,51,36,9,0,0,0,0,2,6,0,0,0,3,0,0,2
10,11,1,11,20,56,60,65,51,39,12,0,0,0,3,7,0,5,0,0,0,0,0,0
0,12,6,9,21,53,56,55,53,29,10,0,0,0,0,4,1,0,0,0,0,0,0,0
6,7,9,4,12,37,56,56,33,19,11,9,4,0,0,0,0,0,0,0,0,0,0,0
0,0,0,8,12,13,53,58,51,14,14,8,4,5,0,0,1,0,5,4,0,0,1,0
0,0,8,0,11,10,48,67,51,13,14,7,0,0,1,1,2,0,0,0,0,0,0,0
0,1,9,11,9,11,26,57,41,43,11,5,11,13,12,0,2,5,0,0,0,0,0,0
0,7,7,9,31,50,54,54,55,60,34,10,9,10,13,18,10,6,0,1,0,2,4,3
10,10,13,10,31,56,81,196,71,59,54,33,14,14,12,11,29,13,8,7,2,0,6,6
5,11,18,12,41,54,82,86,57,30,14,0,7,11,11,7,0,0,0,9,6,0,9,6
7,10,0,12,13,18,38,48,14,12,11,6,0,1,7,0,2,0,0,8,9,6,4,7

0,7,0,0,0,0,2,0,21,43,110,129,76,23,11,8,0,0,0,0,0,0,0,0
2,7,4,1,0,0,0,10,17,56,73,99,85,52,17,0,0,0,0,0,0,0,0,0
0,0,10,0,0,3,8,16,24,50,94,101,54,14,5,7,0,0,0,0,0,0,0,0
0,0,0,0,0,10,16,8,11,28,52,55,11,5,0,0,0,0,0,0,0,0,0,0
0,0,0,0,9,13,9,47,59,71,73,102,75,58,33,0,0,0,0,0,0,0,0,0
7,0,3,11,35,54,73,87,91,94,84,93,101,85,75,62,55,25,13,4,9,0,0,0
0,4,14,30,61,83,107,103,137,131,118,121,127,117,89,85,75,61,41,13,12,1,0,0
0,5,29,43,66,73,103,148,160,140,113,119,139,140,106,87,86,67,62,35,0,0,0,0
0,19,51,55,66,80,123,185,150,134,119,125,130,139,123,94,77,56,61,50,2,0,0,0
12,60,29,51,59,76,127,166,154,151,152,153,150,132,107,90,63,55,58,55,11,7,5,0
41,29,13,45,55,74,108,135,163,167,175,173,143,123,92,77,66,18,53,58,51,18,5,0
10,14,11,31,50,63,88,140,172,177,180,154,147,134,97,76,52,8,41,66,69,42,0,0
2,10,13,12,33,57,72,128,151,149,155,172,164,136,108,71,38,13,21,73,91,74,13,9
13,12,1,8,31,100,100,122,146,144,142,158,155,133,100,67,14,34,20,56,102,110,51,12
11,16,6,9,10,78,96,112,133,132,136,148,135,92,56,52,10,2,2,7,63,72,54,5
6,3,9,9,10,60,104,102,122,112,128,134,105,73,58,50,10,7,0,0,33,61,13,9
8,11,8,8,47,74,68,71,83,84,95,130,94,81,58,50,20,11,11,8,23,39,14,10
9,11,14,27,34,58,68,97,97,103,118,127,143,116,72,46,35,20,14,13,26,34,27,12
8,10,19,51,101,102,136,157,154,136,148,191,186,165,123,58,45,14,7,4,10,12,9,0
13,10,27,86,125,147,194,238,200,209,268,295,251,204,143,105,52,13,6,0,1,6,9,5
29,30,54,110,136,158,216,237,212,258,307,299,277,221,134,76,45,13,7,7,6,6,4,3
23,31,50,116,147,166,211,213,194,259,308,315,275,217,148,101,39,34,9,1,1,5,0,0
12,12,27,91,121,130,151,143,112,146,194,216,197,154,121,48,31,19,9,9,0,2,6,7
10,10,12,77,104,102,103,105,73,103,109,124,121,111,101,41,8,5,4,0,0,2,9,9
4,3,0,14,47,97,100,53,65,100,85,101,100,21,43,7,0,0,0,0,0,0,2,0
8,11,0,13,41,102,107,100,100,100,23,45,81,17,12,9,11,3,0,0,0,0,2,7
4,0,0,4,14,100,102,95,93,85,22,14,14,8,13,0,0,10,0,0,0,0,4,4
8,7,10,5,6,66,100,95,76,54,14,12,12,9,8,12,5,6,2,0,0,0,0,5
11,8,10,0,12,36,61,50,70,14,20,13,11,14,1,8,0,7,6,0,0,0,0,0
4,5,3,2,6,9,24,50,42,27,33,21,9,11,1,8,0,0,3,5,0,0,3,0
0,0,0,6,11,11,20,50,27,13,13,9,11,7,10,7,9,3,9,7,12,4,6,7
0,0,0,17,12,9,33,52,29,16,12,6,4,3,0,0,4,0,0,6,0,4,0,0
0,0,0,1,11,11,46,56,33,12,8,7,0,0,0,0,0,0,0,6,0,0,0,7
5,0,1,0,12,50,57,43,51,38,9,0,0,0,0,2,6,0,0,0,3,0,0,2
10,11,1,11,20,56,60,65,52,38,12,0,0,0,3,7,0,5,0,0,0,0,0,0
0,12,6,9,23,53,56,55,53,29,11,0,0,0,0,4,1,0,0,0,0,0,0,0
6,7,9,4,12,38,56,56,33,19,11,9,5,0,0,0,0,0,0,0,0,0,0,0
0,0,0,8,12,13,53,58,51,14,14,8,4,5,0,0,1,0,5,4,0,0,1,0
0,0,8,0,11,11,48,67,51,13,14,7,0,0,1,1,2,0,0,0,0,0,0,0
0,1,9,11,9,11,26,57,41,43,11,5,11,13,12,0,2,5,0,0,0,0,0,0
0,7,7,9,30,50,54,55,55,60,38,10,9,10,13,18,10,6,0,1,0,2,4,3
10,10,13,10,31,56,81,196,71,59,54,33,14,14,12,11,29,13,8,7,2,0,6,6
5,11,18,13,41,54,82,86,57,30,14,0,7,11,11,7,0,0,0,9,6,0,9,6
7,10,0,12,13,18,38,50,14,12,11,6,0,1,7,0,1,0,0,8,9,6,4,7

0,7,0,0,0,0,2,0,21,43,111,129,76,23,11,8,0,0,0,0,0,0,0,0
2,7,4,1,0,0,0,10,17,56,73,99,85,52,18,0,0,0,0,0,0,0,0,0
0,0,10,0,0,3,8,16,24,50,93,101,54,14,5,7,0,0,0,0,0,0,0,0
0,0,0,0,0,10,15,8,11,24,52,54,11,6,0,0,0,0,0,0,0,0,0,0
0,0,0,0,9,13,9,47,59,71,73,102,74,58,31,0,0,0,0,0,0,0,0,0
7,0,3,11,36,54,74,87,91,94,83,93,101,84,75,62,55,25,13,4,9,0,0,0
0,4,15,30,61,83,107,104,137,131,117,120,126,117,89,85,75,61,41,13,12,1,0,0
0,5,30,44,66,74,103,148,159,140,113,119,138,140,106,87,86,67,62,35,0,1,0,0
0,19,51,55,66,80,123,185,150,133,119,125,130,139,123,94,77,56,61,50,2,0,0,0
12,60,30,52,59,76,127,167,155,152,153,153,150,132,107,90,64,55,58,54,11,7,5,0
43,29,13,45,55,74,108,136,163,168,176,173,144,123,93,77,66,19,53,58,51,18,5,0
11,14,11,31,50,63,89,140,173,178,181,155,148,134,97,76,52,8,41,66,69,42,0,0
2,10,13,12,35,57,72,128,151,150,156,173,164,136,108,71,38,13,22,73,92,74,13,10
13,12,1,8,31,100,100,122,145,144,141,157,155,133,100,67,14,34,21,56,102,110,51,12
11,16,6,9,10,78,96,112,133,131,136,148,135,91,56,52,10,2,2,7,63,72,54,5
6,3,9,9,10,60,104,102,122,112,128,133,105,72,58,50,10,7,0,0,33,61,13,9
8,11,8,8,45,74,68,71,82,83,94,130,94,81,58,50,20,11,11,8,23,37,14,10
9,11,14,27,34,58,68,96,97,103,117,126,143,116,72,46,35,20,14,13,26,35,28,12
8,10,19,51,101,102,136,156,154,136,147,192,186,165,123,58,46,14,7,4,10,12,9,0
13,10,27,86,125,147,194,238,200,209,269,296,252,205,144,105,52,13,6,0,1,6,9,5
29,30,54,110,136,157,215,237,211,258,308,300,278,221,135,76,46,13,7,7,6,6,4,3
23,31,50,116,147,165,211,213,194,260,309,316,276,217,148,101,39,34,9,1,1,6,0,0
12,12,27,91,121,130,150,143,112,145,194,216,197,154,121,49,31,19,9,9,0,2,6,7
10,10,12,74,104,102,103,105,71,103,109,124,121,111,101,41,8,5,4,0,0,2,9,9
4,3,0,14,46,99,100,53,66,100,86,100,100,19,41,7,0,0,0,0,0,0,2,0
8,11,0,13,42,102,107,100,98,100,25,44,81,19,12,9,11,3,0,0,0,0,2,7
4,0,0,4,14,100,102,95,93,82,21,14,14,8,13,0,0,10,0,0,0,0,4,4
8,7,10,5,6,66,100,95,76,54,14,12,12,9,8,12,5,6,2,0,0,0,0,5
11,8,10,0,12,36,60,51,69,14,21,13,10,14,1,8,0,7,6,0,0,0,0,0
4,5,3,2,6,9,24,50,42,27,33,21,9,12,1,8,0,0,3,5,0,0,3,0
0,0,0,6,11,11,21,50,27,13,14,9,11,7,10,7,9,3,9,7,12,4,6,8
0,0,0,17,12,9,34,52,30,18,12,6,5,3,0,0,4,0,0,6,0,4,0,0
0,0,0,1,11,11,46,57,34,12,9,7,0,0,0,0,0,0,0,6,0,0,0,7
5,0,1,0,12,50,57,42,52,36,9,0,0,0,0,2,6,0,0,0,3,0,0,2
10,11,1,11,21,56,60,65,52,39,12,0,0,0,3,7,0,5,0,0,0,0,0,0
0,12,6,9,23,53,56,55,53,29,11,0,0,0,0,4,1,0,0,0,0,0,0,0
6,7,9,4,12,38,56,56,32,19,11,9,5,0,0,0,0,0,0,0,0,0,0,0
0,0,0,8,12,13,53,58,51,14,14,8,4,5,0,0,1,0,5,4,0,0,1,0
0,0,8,0,11,11,48,67,51,13,14,7,0,0,2,1,2,0,0,0,0,0,0,0
0,1,9,11,9,11,26,57,40,44,11,5,11,13,12,0,1,5,0,0,0,0,0,0
0,7,7,9,31,50,54,55,55,59,37,10,9,10,13,18,9,6,0,1,0,2,4,3
10,10,13,10,32,57,81,195,71,59,54,34,16,14,12,11,29,13,8,7,2,0,7,6
5,11,18,13,41,54,82,86,57,29,14,0,7,11,11,7,0,0,0,9,6,0,9,6
7,10,0,12,13,18,38,48,14,12,11,6,0,1,7,0,2,0,0,8,9,6,4,7
