0,0,0,1,6,10,8,12,25,50,51,57,53,46,33,14,0,6,4,1,8,3,5,0
5,0,0,2,9,14,44,50,62,52,55,63,58,54,56,37,23,13,13,15,11,8,4,2
0,0,0,0,0,20,33,46,58,59,67,63,88,76,55,52,27,31,17,13,0,0,4,2
0,0,2,2,0,5,14,48,53,64,79,80,69,60,54,50,50,30,22,4,7,0,0,2
0,0,0,10,10,45,59,68,78,72,72,69,98,65,59,54,53,50,26,17,1,0,0,2
2,5,25,50,55,67,61,87,98,77,83,95,90,94,82,77,61,61,14,0,3,0,0,0
7,11,52,57,63,68,72,89,101,87,90,93,112,126,101,85,70,71,54,10,0,0,0,0
0,7,52,62,70,79,92,129,103,96,92,103,94,89,108,94,68,68,67,24,11,0,7,10
0,9,53,56,62,76,78,103,113,116,109,110,114,99,101,89,71,58,58,52,10,5,8,3
0,30,53,50,55,71,99,100,127,130,135,144,144,140,123,101,75,59,61,66,53,10,11,10
15,58,54,34,52,65,78,121,138,152,154,137,153,152,130,102,66,56,67,57,53,20,13,9
13,61,66,48,18,55,64,122,158,160,159,141,138,159,136,107,84,55,51,60,60,47,12,4
43,64,72,16,13,50,65,107,135,149,155,143,146,141,125,105,67,42,43,59,57,46,6,3
53,104,64,44,11,17,68,108,120,133,139,127,127,129,118,104,65,33,75,63,66,58,9,9
41,40,15,11,12,37,55,104,93,86,109,120,120,123,121,105,63,22,7,9,14,4,5,7
7,4,4,0,10,14,58,102,91,74,79,87,105,110,86,76,61,41,11,13,12,24,11,5
9,10,8,10,13,70,100,112,96,99,128,108,125,79,74,74,66,56,29,13,7,11,9,0
3,7,14,29,40,64,92,129,157,162,171,167,144,179,150,158,81,39,21,14,13,8,8,5
3,3,9,12,52,102,130,162,162,196,203,199,213,167,156,154,131,75,49,32,23,12,6,0
4,9,6,13,36,106,122,164,197,203,230,220,250,209,188,174,142,110,87,27,14,11,7,0
0,0,13,20,35,64,123,163,168,181,224,194,213,196,186,174,136,112,58,36,26,14,10,8
0,0,11,12,47,68,118,142,171,187,193,140,154,186,157,168,133,100,54,38,24,11,0,7
0,4,10,13,27,43,90,118,132,138,131,100,107,126,133,124,122,100,53,32,13,5,0,0
0,3,8,3,12,57,100,110,111,110,100,12,58,106,120,113,117,107,67,14,9,9,0,0
0,0,0,0,7,21,67,102,103,102,65,11,103,103,106,111,101,95,38,21,7,0,0,0
0,1,8,9,3,13,38,85,100,100,13,10,108,105,107,107,104,91,8,0,0,0,0,0
0,0,0,7,7,8,11,41,74,75,5,14,102,110,103,104,102,40,7,5,4,0,0,5
4,0,0,0,0,8,10,22,44,52,10,85,68,102,89,100,100,35,6,5,0,3,0,2
0,0,0,0,0,0,0,6,0,10,0,28,56,69,88,14,8,0,2,4,0,0,6,0
0,0,0,0,0,0,0,4,0,0,14,39,52,50,49,48,11,1,5,0,0,0,3,0
1,3,0,0,0,5,7,5,0,5,14,29,37,41,46,23,8,0,4,10,3,0,0,3
0,0,0,0,0,0,1,0,0,0,3,7,46,57,63,53,10,9,5,0,7,0,0,2
5,0,0,0,0,0,0,0,2,5,0,13,56,66,65,65,29,9,11,7,0,7,0,0
0,0,0,0,0,1,0,0,0,1,0,25,57,74,79,82,32,13,7,5,0,10,0,0
0,0,0,0,0,3,0,1,0,5,3,12,51,60,74,60,50,13,11,4,2,3,4,0
0,0,0,0,0,0,0,0,4,0,0,10,53,57,57,58,31,13,6,0,0,0,9,0
0,0,0,0,0,0,0,0,0,0,0,10,18,67,57,34,17,7,6,9,7,0,0,4
2,0,0,0,2,0,0,0,0,0,3,8,27,51,60,34,9,7,8,5,3,0,3,3
0,0,0,0,0,0,0,0,0,0,1,13,32,56,54,12,8,2,6,0,0,0,0,0
0,0,0,0,0,0,0,0,0,3,12,13,28,54,50,6,6,8,6,0,0,0,0,0
2,3,0,0,0,0,6,12,10,14,10,50,56,70,38,8,10,3,4,6,0,0,0,0
7,5,0,0,0,10,12,14,12,12,39,67,144,80,24,19,10,8,10,0,0,3,2,3
5,4,0,0,2,0,0,6,2,23,53,100,275,122,31,13,18,36,12,4,1,9,9,0
4,0,3,0,8,0,0,2,2,1,10,19,44,37,13,24,7,10,13,13,13,6,9,7

0,0,0,1,6,11,8,12,25,50,51,57,53,44,33,14,0,7,4,1,8,3,5,0
6,0,0,2,8,14,42,50,62,52,55,63,57,54,55,36,23,13,13,14,11,8,4,2
0,0,0,0,0,21,33,46,58,59,67,63,90,75,55,52,27,31,16,13,0,0,4,2
0,0,3,3,0,6,14,47,54,64,79,80,70,59,54,50,50,30,22,4,7,0,0,2
0,0,0,10,10,44,59,68,78,71,72,69,97,65,59,54,53,50,26,17,1,0,0,2
2,5,25,50,54,67,61,86,98,76,83,95,89,93,81,77,61,61,14,0,3,0,0,0
7,11,52,57,63,68,71,88,101,87,89,92,111,125,100,85,70,71,54,10,0,0,0,0
0,7,53,62,70,79,92,128,103,95,91,102,93,89,107,93,68,68,67,25,11,0,7,10
0,9,53,56,62,76,78,103,113,115,109,110,113,99,101,89,71,58,58,52,10,5,8,3
0,30,53,50,55,71,100,100,127,130,135,144,144,140,124,102,75,59,61,66,53,10,11,10
15,58,54,34,52,65,78,121,138,152,154,137,153,152,130,102,66,57,67,57,54,21,13,9
13,61,66,50,20,55,65,122,157,159,158,141,138,159,136,108,85,56,51,60,60,47,12,4
43,64,72,17,13,50,66,107,134,148,152,141,145,141,125,106,68,42,44,60,57,46,6,3
53,105,64,46,11,17,69,108,119,131,137,125,126,128,118,104,65,31,75,64,66,59,9,9
40,40,17,11,11,38,55,104,92,84,106,117,118,122,120,105,62,21,7,9,14,4,5,7
7,4,4,0,10,14,57,101,89,73,77,83,103,108,85,75,61,39,10,13,12,24,11,5
8,10,8,10,13,69,100,111,94,95,123,105,123,78,73,73,66,56,28,13,7,11,9,0
3,7,14,28,40,64,91,127,153,157,167,163,143,177,149,158,81,39,21,14,13,8,8,5
2,3,9,12,51,102,130,161,161,194,202,199,213,168,156,154,132,75,50,32,23,12,6,0
3,9,6,13,36,106,123,164,197,202,230,221,252,210,189,175,142,110,88,27,14,12,7,0
0,0,13,20,36,65,125,165,170,182,225,196,214,198,188,176,137,113,59,37,27,14,10,8
0,0,11,12,50,71,121,144,173,190,195,142,157,188,159,170,135,101,55,39,25,11,0,7
0,4,10,14,29,44,99,121,135,140,133,100,108,127,134,124,123,101,53,33,13,5,0,0
0,3,8,4,13,64,101,112,113,111,100,12,56,106,121,114,118,107,68,14,9,9,0,0
0,0,0,0,8,33,75,103,104,102,64,11,103,103,106,111,101,95,38,23,8,0,0,0
0,1,9,10,4,14,54,96,101,101,14,9,108,105,107,107,104,92,8,0,0,0,0,0
0,0,0,8,8,9,13,63,84,87,6,14,102,110,103,104,102,39,7,5,4,0,0,6
4,0,0,0,0,10,12,42,62,61,11,83,68,102,88,100,100,32,6,5,0,3,0,2
0,0,0,0,0,0,0,9,0,18,1,26,56,68,88,14,8,0,2,4,1,0,7,0
0,0,0,0,0,0,0,6,0,0,14,37,51,50,48,47,10,1,4,0,0,0,3,0
0,3,0,0,0,4,7,5,1,6,14,28,37,41,46,22,8,0,4,10,4,0,0,3
0,0,0,0,0,0,1,0,0,0,5,7,44,56,62,52,10,9,5,0,7,0,0,2
5,0,0,0,0,0,0,0,1,6,3,14,56,66,64,65,26,9,11,7,0,7,0,0
0,0,0,0,0,1,0,0,0,2,4,26,57,74,78,81,31,12,7,5,0,10,0,0
0,0,0,0,0,3,0,2,0,6,3,12,51,60,74,59,50,13,10,4,2,3,4,0
0,0,0,0,0,0,0,0,4,0,0,10,53,57,57,57,31,13,6,0,0,0,9,0
0,0,0,0,0,0,0,0,0,0,0,11,16,67,57,33,16,6,6,9,7,0,0,4
2,0,0,0,2,0,0,0,0,0,3,8,29,51,59,34,9,7,8,5,3,0,3,3
0,0,0,0,0,0,0,0,0,0,1,13,33,56,53,12,8,2,6,0,0,0,0,0
0,0,0,0,0,0,0,0,0,4,12,13,30,54,50,6,6,8,6,0,0,0,0,0
2,3,0,0,0,0,6,12,10,14,10,50,56,70,37,8,10,3,4,6,0,0,0,0
7,5,0,0,0,10,12,15,12,12,40,67,145,80,22,19,10,8,10,0,0,4,2,3
5,4,0,0,1,0,0,7,5,26,52,100,279,123,31,13,22,36,12,5,1,9,9,0
4,0,3,0,7,0,0,1,2,3,10,21,44,37,13,24,7,10,13,13,13,6,9,7

0,0,0,1,6,11,8,12,25,50,51,57,52,44,33,14,0,7,4,1,8,3,5,0
6,0,0,3,9,14,44,50,62,52,55,63,58,54,56,37,24,13,13,15,11,8,4,2
0,0,0,0,0,21,34,46,57,59,67,63,89,77,55,52,28,31,16,13,0,0,4,2
0,0,3,3,0,6,14,48,54,64,79,80,70,59,54,50,50,30,22,4,7,0,0,2
0,0,0,10,10,43,59,68,78,71,71,68,97,65,59,54,53,50,26,17,1,0,0,2
2,5,25,50,55,67,61,86,98,76,82,94,89,93,81,77,61,61,14,0,3,0,0,0
7,11,52,57,63,68,71,88,101,86,89,92,110,125,100,85,70,71,54,10,0,0,0,0
0,7,53,62,70,79,92,128,103,95,91,102,93,89,107,94,68,68,67,25,11,0,7,10
0,9,53,56,62,76,78,104,113,115,109,110,113,99,101,89,71,58,59,52,10,5,8,3
1,31,53,50,55,71,100,100,127,131,136,144,144,141,124,102,76,59,61,66,53,10,11,10
15,58,54,34,52,65,78,121,138,153,155,138,154,152,130,103,66,57,67,57,54,21,13,9
13,61,66,50,21,55,65,122,157,158,157,141,138,159,136,108,85,56,51,60,60,47,12,4
43,64,72,16,13,50,66,106,134,147,151,140,144,141,124,106,68,42,43,60,57,47,6,3
53,105,64,47,11,17,69,107,118,130,136,124,125,128,118,104,65,30,76,64,66,60,9,9
42,43,17,11,11,37,55,104,91,83,105,116,118,122,120,105,62,21,8,9,14,5,6,7
8,5,4,0,10,14,57,101,87,72,76,82,103,108,84,75,61,38,10,13,12,24,11,5
8,9,8,10,13,68,100,111,93,94,122,104,122,78,72,73,66,55,30,13,7,11,9,0
2,7,14,28,40,63,90,127,152,156,166,163,142,176,148,158,81,39,21,14,13,8,8,6
2,3,9,12,51,102,130,161,160,194,202,199,213,167,155,155,132,75,50,32,24,12,6,0
3,9,6,13,36,106,123,164,197,202,230,221,251,209,188,175,142,111,88,28,14,12,7,0
0,0,13,20,36,65,125,165,170,182,225,196,214,198,188,176,138,113,59,37,27,14,10,8
0,0,11,12,50,72,121,144,174,190,196,142,158,189,160,171,136,101,55,39,25,11,0,7
0,4,11,14,29,45,100,122,135,141,133,100,108,127,134,125,123,101,53,34,13,5,0,0
0,3,8,4,13,64,101,112,113,111,101,12,58,106,121,114,118,107,68,14,9,9,0,0
0,0,0,0,9,33,76,103,104,103,68,12,103,103,106,111,101,96,39,24,8,0,0,0
0,1,9,10,4,14,54,95,101,101,14,9,108,105,107,107,104,92,9,0,0,0,0,0
0,0,0,8,9,9,13,63,82,90,6,14,102,110,103,103,102,40,7,5,4,0,0,6
4,0,0,0,0,10,13,43,63,62,11,82,68,102,88,100,100,32,7,5,0,3,0,2
0,0,0,0,0,0,0,10,1,20,1,26,56,68,88,14,8,0,2,4,1,0,7,0
0,0,0,0,0,0,0,7,0,0,15,37,52,50,48,47,10,1,4,0,0,0,3,0
0,3,0,0,0,4,7,5,2,6,14,28,36,41,47,22,8,0,4,10,4,0,0,3
0,0,0,0,0,0,1,0,0,0,5,7,45,56,62,53,10,9,5,0,8,0,0,2
5,0,0,0,0,0,0,0,1,6,3,14,56,66,64,65,26,9,11,7,0,7,0,0
0,0,0,0,0,2,0,0,0,2,5,26,57,74,78,81,31,13,7,5,0,10,0,0
0,0,0,0,0,3,0,2,0,6,3,12,51,60,74,60,50,13,10,4,2,3,4,0
0,0,0,0,0,0,0,0,4,0,0,10,53,57,57,57,31,13,6,0,0,0,9,0
0,0,0,0,0,0,0,0,0,0,0,11,18,67,57,32,17,6,6,9,7,0,0,4
2,0,0,0,2,0,0,0,0,0,3,8,28,51,59,34,9,7,8,6,3,0,3,3
0,0,0,0,0,0,0,0,0,0,1,13,32,56,53,12,8,2,6,0,0,0,0,0
0,0,0,0,0,0,0,0,1,4,12,13,28,54,50,6,6,8,6,0,0,0,0,0
2,3,0,0,0,0,6,12,10,14,10,50,56,70,37,8,10,3,4,6,0,0,0,0
7,5,0,0,0,10,12,15,12,12,40,67,145,80,23,19,10,9,11,0,0,4,2,3
5,4,0,0,2,0,0,8,6,29,52,101,281,123,31,13,23,37,12,5,1,9,9,0
4,0,3,0,7,0,0,2,3,3,10,21,43,37,13,24,7,10,13,13,13,6,9,7

0,0,0,1,6,11,8,12,25,50,51,57,53,46,34,14,0,7,4,1,7,3,5,0
7,0,0,3,9,14,45,50,61,52,55,63,58,54,56,37,23,13,13,15,11,8,4,2
0,0,0,0,0,21,34,47,58,59,67,63,89,75,55,52,27,31,16,13,0,0,4,2
0,0,3,3,0,6,14,47,54,65,79,80,70,60,55,50,50,30,22,5,7,0,0,2
0,0,0,10,10,44,59,68,77,71,71,68,97,65,59,54,53,50,26,17,1,0,0,2
2,5,25,50,54,67,61,86,98,76,82,94,89,93,82,77,61,61,14,0,3,0,0,0
7,11,52,57,63,68,71,88,101,86,89,92,110,125,100,85,70,71,54,10,0,0,0,0
0,7,52,62,70,79,92,129,103,95,91,102,93,89,107,94,68,68,67,25,11,0,7,10
0,9,53,56,62,76,78,104,113,115,108,110,113,99,101,89,71,58,58,52,10,5,8,3
0,30,53,50,55,71,100,100,127,130,135,143,144,140,124,102,76,59,61,66,53,10,11,10
15,59,54,35,52,65,77,121,138,152,154,137,153,152,130,103,66,57,67,57,54,22,13,9
13,61,66,50,21,55,65,122,156,158,157,140,138,159,136,108,85,56,51,60,60,48,12,4
44,64,72,17,13,50,65,106,133,147,151,140,144,141,125,106,68,42,44,59,57,47,6,3
53,105,64,47,11,17,68,107,118,130,136,124,125,128,118,104,65,29,77,65,67,60,9,9
43,43,17,11,11,35,55,104,90,83,105,115,117,121,119,105,62,20,8,9,14,5,6,8
7,5,5,0,10,14,57,101,87,71,75,82,102,108,84,75,60,37,10,13,12,25,11,5
8,10,8,10,13,69,100,110,93,93,121,103,121,78,72,73,66,55,31,13,7,11,9,0
2,7,14,28,40,63,90,127,151,155,165,162,142,176,148,157,81,39,21,14,13,8,8,6
2,3,9,12,51,102,130,160,160,194,201,198,213,167,156,154,132,75,50,32,23,12,6,0
3,9,6,13,35,106,122,164,197,202,230,221,251,210,189,175,142,111,88,28,14,12,7,0
0,0,13,20,36,65,125,165,170,182,225,196,215,198,189,177,138,114,59,37,27,14,10,8
0,0,11,12,50,72,121,144,174,191,196,143,159,189,161,172,136,102,55,39,25,11,0,7
0,4,11,14,30,45,100,123,136,141,134,101,108,128,135,125,123,101,53,34,13,5,0,0
0,4,8,4,13,62,101,112,113,111,101,12,60,106,121,114,118,107,68,14,9,9,0,0
0,0,0,0,9,35,76,103,104,103,68,12,103,103,106,111,101,96,39,24,8,0,0,0
0,1,9,10,4,14,52,95,101,101,14,9,108,105,106,107,104,92,9,1,0,0,0,0
0,0,0,8,9,9,13,63,82,89,6,14,102,110,103,104,102,43,7,5,4,0,0,6
4,0,0,0,0,10,13,44,64,62,12,83,68,102,89,100,100,35,7,5,0,4,0,2
0,0,0,0,0,0,0,10,1,22,1,26,56,69,89,14,9,0,2,4,1,0,7,0
0,0,0,0,0,0,0,7,0,0,15,37,52,50,48,47,10,0,4,0,0,0,3,0
0,3,0,0,0,4,7,5,2,6,15,28,37,40,46,23,8,0,4,10,4,0,0,3
0,0,0,0,0,0,1,0,0,0,5,7,44,56,63,52,10,9,5,0,8,0,0,2
5,0,0,0,0,0,0,0,1,6,3,14,56,66,65,65,26,9,11,7,1,7,0,0
0,0,0,0,0,2,0,0,0,2,5,27,57,74,78,81,31,13,7,5,0,10,0,0
0,0,0,0,0,3,0,2,0,6,3,13,51,60,74,60,50,13,10,4,2,3,4,0
0,0,0,0,0,0,0,0,4,0,0,10,53,57,57,57,31,13,6,0,0,0,9,0
0,0,0,0,0,0,0,0,0,0,0,11,19,67,57,33,18,6,6,9,7,0,0,4
2,0,0,0,2,0,0,0,0,0,3,8,30,51,59,34,9,7,8,6,3,0,3,3
0,0,0,0,0,0,0,0,0,0,1,13,32,56,53,12,8,2,6,0,0,0,0,0
0,0,0,0,0,0,0,0,1,4,12,13,27,54,50,6,6,8,6,0,0,0,0,0
2,3,0,0,0,0,6,12,10,14,10,50,56,70,41,8,10,3,4,6,0,0,0,0
7,5,0,0,0,10,12,15,12,12,40,67,145,80,22,19,10,9,11,0,0,4,2,3
5,4,0,0,2,0,0,8,6,30,52,100,283,123,31,13,24,37,12,5,1,9,9,0
4,0,3,0,7,0,0,2,3,4,10,22,44,38,13,25,7,10,13,13,13,7,9,7

0,0,0,1,6,11,8,12,25,50,51,57,53,47,34,14,0,7,4,1,8,3,5,0
7,0,0,3,9,14,44,50,62,52,55,63,58,54,55,37,24,13,13,15,11,8,4,2
0,0,0,0,0,21,34,47,58,59,67,63,91,75,55,52,27,32,16,13,0,0,4,2
0,0,3,3,0,6,14,48,53,64,79,80,70,60,55,50,50,30,21,4,7,0,0,2
0,0,0,10,10,45,59,68,78,71,71,68,98,65,59,54,53,50,26,17,1,0,0,2
2,5,25,50,55,67,61,87,98,76,82,94,90,93,82,77,61,61,14,0,3,0,0,0
7,11,52,57,63,68,72,88,101,86,89,92,111,126,101,86,70,71,54,10,0,0,0,0
0,7,53,61,70,79,92,129,103,95,91,102,94,89,108,94,68,68,67,25,11,0,7,10
0,9,53,56,62,76,78,103,112,115,108,110,113,99,101,89,71,58,58,52,10,5,8,3
0,30,53,50,55,71,99,100,126,130,134,143,143,140,123,102,75,59,61,66,53,10,11,10
15,58,54,34,52,64,77,120,137,151,153,136,152,151,129,102,66,57,67,57,54,21,13,9
13,61,66,49,19,55,64,121,156,158,157,140,138,159,136,107,84,55,51,60,59,47,12,4
45,64,72,16,13,50,65,106,134,147,152,140,145,141,125,106,68,43,43,60,57,46,6,3
53,105,64,45,11,16,68,107,119,131,136,124,126,128,118,104,65,29,76,64,66,59,9,9
41,41,15,11,11,36,55,104,90,83,105,116,117,122,120,105,62,20,8,9,14,4,5,7
7,4,4,0,10,14,57,101,87,71,75,82,102,108,84,74,60,37,10,13,12,24,11,5
8,9,8,10,13,68,100,110,92,93,121,103,121,78,72,72,66,55,30,13,7,11,9,0
2,7,14,27,40,63,89,126,151,155,165,162,141,176,148,157,81,39,21,14,13,8,8,5
2,3,9,12,52,102,130,160,160,193,201,198,212,167,155,154,132,75,50,32,23,12,6,0
3,9,6,13,35,106,122,164,197,202,230,221,251,210,189,176,143,111,88,29,14,12,7,0
0,0,13,20,36,65,125,165,170,182,226,196,215,198,189,177,138,114,59,37,27,14,10,8
0,0,11,12,50,72,121,145,174,191,196,143,160,190,161,173,136,102,55,39,25,11,0,7
0,4,11,14,30,45,100,123,136,141,134,101,109,128,135,126,124,101,53,35,13,5,0,0
0,4,8,4,13,64,101,113,113,111,101,12,60,106,121,114,118,107,68,14,9,10,0,0
1,0,0,0,9,35,77,103,104,103,70,12,103,103,106,111,101,96,40,24,8,0,0,0
0,1,9,10,4,14,54,95,101,101,14,9,108,105,106,107,104,92,9,1,0,0,0,0
0,0,0,8,9,10,13,63,82,92,7,14,102,111,103,104,102,43,7,6,4,0,0,6
4,0,0,0,0,10,13,44,64,63,12,82,68,102,88,100,100,33,7,5,0,4,0,2
0,0,0,0,0,0,0,10,2,24,1,26,56,68,88,15,9,0,2,5,1,0,7,0
0,0,0,0,0,0,0,7,0,0,16,37,51,50,48,47,9,0,4,0,0,0,3,0
0,3,0,0,0,4,7,5,3,7,15,28,36,41,47,22,8,0,4,10,4,0,0,3
0,0,0,0,0,0,1,0,0,0,5,7,45,56,63,53,10,9,5,0,8,0,0,2
5,0,0,0,0,0,0,0,1,6,4,14,56,66,65,65,27,9,11,7,1,7,0,0
0,0,0,0,0,2,0,0,0,2,5,27,57,74,79,81,31,13,7,5,0,10,0,0
0,0,0,0,0,3,0,2,0,6,3,12,51,60,74,60,50,13,10,4,2,3,4,0
0,0,0,0,0,0,0,0,4,0,0,11,53,57,57,57,31,13,6,0,0,0,9,0
0,0,0,0,0,0,0,0,0,0,0,11,20,67,57,33,19,7,6,9,7,0,0,4
2,0,0,0,2,0,0,0,0,0,4,8,29,51,59,34,9,7,8,6,3,0,3,3
0,0,0,0,0,0,0,0,0,0,1,13,33,56,53,12,8,3,6,0,0,0,0,0
0,0,0,0,0,0,0,0,1,4,12,13,27,54,50,6,6,8,6,0,0,0,0,0
2,3,0,0,0,0,6,12,10,14,11,50,56,70,40,8,10,3,4,6,0,0,0,0
7,5,0,0,0,10,12,15,12,12,40,67,145,80,21,19,10,9,11,0,0,4,2,3
5,5,0,0,2,0,0,8,7,31,53,101,284,123,31,14,23,38,12,5,1,9,9,0
4,0,3,0,7,0,0,2,3,4,10,21,45,38,13,27,8,10,14,13,13,6,9,7

0,0,0,1,6,11,8,12,25,50,51,57,53,44,34,14,0,7,4,1,8,3,5,0
7,0,0,3,9,14,45,50,62,52,55,63,57,54,55,37,24,13,13,15,12,8,4,2
0,0,0,0,0,21,36,47,58,60,67,63,89,77,55,52,28,31,16,13,0,0,4,3
0,0,3,3,0,6,14,48,54,64,79,80,70,59,54,50,50,30,22,4,7,0,0,2
0,0,0,10,10,45,60,68,78,71,71,69,98,65,59,53,53,50,26,17,1,0,0,2
2,5,26,50,54,67,61,87,98,76,83,95,90,93,81,76,60,61,14,0,3,0,0,0
7,11,52,57,63,68,72,88,101,87,89,92,112,126,101,86,70,71,54,10,0,0,0,0
0,7,53,62,70,79,92,129,103,95,91,103,94,89,108,94,68,68,67,25,11,0,7,10
0,9,53,56,62,76,78,103,112,115,108,110,113,99,101,89,71,58,58,52,10,5,8,3
0,30,53,50,55,71,99,99,126,130,134,143,143,140,123,101,75,59,61,66,53,10,11,10
15,58,54,33,51,64,77,120,137,151,153,136,152,150,129,102,66,56,67,57,54,20,13,9
13,61,66,49,17,55,64,121,155,158,157,140,138,160,136,107,85,55,51,60,59,48,12,4
43,64,72,16,13,50,65,106,134,148,152,141,145,141,125,106,68,42,43,60,57,46,6,3
53,104,62,44,11,15,68,107,119,131,136,125,126,128,118,104,65,27,75,63,65,59,9,9
39,39,14,11,11,36,55,104,91,83,105,116,118,122,120,105,63,21,7,9,14,4,5,7
7,4,4,0,10,14,57,101,87,71,75,82,102,108,84,74,60,37,10,13,12,23,11,5
8,9,8,10,13,68,100,110,92,93,121,103,121,78,72,73,66,55,31,13,7,11,9,0
2,7,14,27,40,63,89,126,151,154,164,162,142,176,148,157,81,39,21,14,13,8,8,6
2,3,9,12,52,102,130,160,159,193,201,198,213,167,156,155,132,75,50,32,24,12,6,0
3,9,6,13,35,106,122,164,197,202,230,221,252,210,189,176,143,111,88,29,14,12,7,0
0,0,13,20,36,65,125,165,170,182,225,196,216,199,189,178,138,114,60,37,28,14,10,8
0,0,11,12,50,72,121,145,175,191,197,143,161,190,162,173,137,102,55,39,26,11,0,7
0,4,11,14,30,45,100,124,137,142,135,101,109,128,135,126,124,101,53,35,13,5,0,0
0,3,8,4,13,62,101,113,113,112,101,12,60,106,121,114,118,107,68,14,9,10,0,0
0,0,0,0,9,37,77,104,104,103,71,12,103,103,106,112,101,96,40,24,8,0,0,0
0,1,9,10,4,14,55,96,101,101,14,9,108,105,107,107,104,92,9,1,0,0,0,0
0,0,0,8,9,10,13,63,82,92,7,14,102,111,103,104,102,43,7,6,4,0,0,6
4,0,0,0,0,10,13,44,64,63,12,82,68,102,89,100,100,35,7,5,0,4,0,2
0,0,0,0,0,0,0,10,2,25,1,27,56,69,90,15,9,0,2,5,1,0,7,0
0,0,0,0,0,0,0,8,0,0,16,37,52,51,48,47,9,0,4,0,0,0,3,0
0,3,0,0,0,4,7,6,3,7,16,28,36,41,46,23,8,0,4,10,4,0,0,3
0,0,0,0,0,0,1,0,0,0,6,7,46,56,63,53,10,9,5,0,8,0,0,2
5,0,0,0,0,0,0,0,1,6,4,14,56,66,65,65,28,9,11,7,1,7,0,0
0,0,0,0,0,2,0,0,0,2,5,27,57,74,79,81,31,13,7,5,0,10,0,0
0,0,0,0,0,3,0,3,0,6,3,13,51,60,74,60,50,13,10,4,2,3,4,0
0,0,0,0,0,0,0,0,5,0,0,11,53,57,57,57,32,14,6,0,0,0,9,0
0,0,0,0,0,0,0,0,0,0,0,11,18,67,57,33,17,6,6,9,7,0,0,4
2,0,0,0,2,0,0,0,0,0,4,8,29,51,59,34,9,7,8,6,3,0,3,3
0,0,0,0,0,0,0,0,0,0,1,13,33,56,53,12,8,3,6,0,0,0,0,0
0,0,0,0,0,0,0,0,1,4,12,13,28,54,50,6,6,8,6,0,0,0,0,0
2,3,0,0,0,0,6,12,10,14,10,50,55,70,40,8,10,3,4,6,0,0,0,0
7,5,0,0,0,10,12,14,12,12,40,67,146,81,23,20,10,9,11,0,0,4,2,3
5,5,0,0,2,0,0,8,7,31,53,101,285,123,31,13,24,38,12,5,1,9,9,0
4,0,3,0,7,0,0,2,3,4,11,22,45,38,13,26,8,10,14,13,13,7,9,7

0,0,0,1,6,11,8,12,27,50,51,56,53,44,34,14,0,7,4,1,8,3,5,0
7,0,0,3,9,14,45,50,62,52,55,63,57,54,56,37,24,13,13,15,12,8,4,2
0,0,0,0,0,21,34,47,58,60,67,63,91,76,55,52,27,31,16,13,0,0,4,3
0,0,4,3,0,6,14,48,54,64,79,80,70,59,54,50,50,30,22,4,7,0,0,2
0,0,0,10,10,45,59,68,78,71,72,69,98,65,59,54,53,50,26,17,1,0,0,2
2,5,25,50,54,67,61,86,98,76,83,95,90,93,81,77,61,61,14,0,3,0,0,0
7,11,52,57,63,68,72,88,101,87,89,92,111,126,101,85,70,71,54,10,0,0,0,0
0,7,53,62,70,79,92,128,103,95,91,103,94,89,109,94,68,68,67,24,11,0,7,10
0,9,53,56,62,76,78,103,112,115,109,110,114,100,102,89,71,58,59,52,10,5,8,3
0,30,53,50,55,71,99,100,126,130,135,143,144,140,123,102,75,59,61,66,53,10,11,10
15,58,54,33,51,64,77,120,137,151,153,136,152,151,129,102,66,56,67,57,54,21,13,9
13,61,66,49,18,55,64,121,155,157,156,140,137,159,135,107,85,55,51,60,60,47,12,4
43,64,72,15,13,50,65,106,133,147,151,140,145,141,125,106,68,42,44,59,57,46,6,3
53,104,63,45,11,15,68,107,118,130,136,124,126,128,118,104,66,29,75,64,66,59,9,9
40,39,17,11,11,37,55,104,90,83,105,116,117,122,119,105,62,20,8,9,14,5,5,8
7,4,4,0,10,14,57,101,86,71,75,82,102,108,85,74,61,37,10,13,12,24,11,5
8,9,8,10,13,69,100,110,92,93,121,102,121,77,72,72,65,55,31,13,7,11,9,0
2,7,14,27,40,63,89,126,150,154,164,161,141,175,147,157,80,39,21,14,13,8,8,6
1,3,9,12,52,102,130,160,159,193,201,198,212,167,155,154,132,75,50,32,23,12,6,0
3,9,6,13,35,106,123,164,197,202,230,221,251,210,189,176,143,111,88,29,14,12,7,0
0,0,13,20,36,65,125,165,170,182,226,197,215,199,189,178,138,114,60,37,28,14,10,8
0,0,11,12,50,72,122,145,175,191,197,143,161,191,162,173,137,102,55,39,26,11,0,7
0,4,11,14,30,45,100,124,137,142,135,101,109,128,135,126,124,102,53,35,13,5,0,0
0,4,8,4,13,63,101,113,114,112,101,12,60,106,121,114,118,107,68,14,9,10,0,0
0,0,0,0,9,35,76,104,104,103,72,12,103,103,106,112,101,96,40,24,8,0,0,0
0,1,9,10,4,14,54,95,101,101,14,9,108,105,107,107,104,93,9,1,0,0,0,0
0,0,0,8,9,10,13,63,82,92,7,14,102,111,103,104,102,43,7,6,4,0,0,6
5,0,0,0,0,10,14,46,65,64,12,83,68,103,89,100,100,36,7,5,0,4,0,2
0,0,0,0,0,0,0,11,2,26,1,27,56,69,90,16,9,0,2,5,1,0,7,0
0,0,0,0,0,0,0,8,0,0,16,38,52,51,48,47,9,0,5,0,0,0,3,0
0,3,0,0,0,4,7,6,4,7,16,29,36,41,47,23,8,0,4,10,4,0,0,3
0,0,0,0,0,0,2,0,0,0,6,8,44,57,63,53,10,9,5,0,8,0,0,2
5,0,0,0,0,0,0,0,1,6,4,14,56,66,65,65,28,9,11,7,1,7,0,0
0,0,0,0,0,2,0,0,0,3,6,29,58,75,79,82,32,13,8,5,0,10,0,0
0,0,0,0,0,3,0,3,0,6,3,13,51,60,74,60,50,13,10,4,2,3,4,0
0,0,0,0,0,0,0,0,5,0,0,11,53,57,58,57,32,14,6,0,0,0,9,0
0,0,0,0,0,0,0,0,0,0,0,11,20,67,57,33,18,7,6,9,7,0,0,4
2,0,0,0,2,0,0,0,0,0,4,8,30,51,59,34,9,7,9,6,3,0,3,3
0,0,0,0,0,0,0,0,0,0,1,13,32,56,53,12,8,3,6,0,0,0,0,0
0,0,0,0,0,0,0,0,1,5,12,13,29,54,50,6,6,8,6,0,0,0,0,0
2,3,0,0,0,0,6,12,10,14,10,50,55,70,40,8,10,3,4,6,0,0,0,0
7,5,0,0,0,10,12,15,12,12,43,67,146,81,24,20,10,9,11,0,0,4,3,3
5,5,0,0,2,0,0,8,7,31,53,101,287,123,31,14,25,40,12,5,1,9,9,0
4,0,3,0,7,0,1,2,3,5,11,23,43,38,13,26,8,10,14,13,13,7,9,7

0,0,0,1,6,11,8,13,27,50,51,57,53,43,34,14,0,7,4,1,8,3,5,0
7,0,0,3,9,14,45,50,62,52,55,63,58,54,56,37,24,13,14,14,11,8,4,3
0,0,0,0,0,21,34,48,58,59,67,63,88,76,55,52,28,31,16,13,0,0,4,3
0,0,4,4,0,6,14,48,54,64,80,80,71,59,54,51,50,30,21,4,7,0,0,2
0,0,0,10,10,45,59,68,78,71,72,69,97,65,59,54,53,50,26,17,1,0,0,2
2,5,25,50,55,67,61,86,98,76,83,95,90,93,81,77,61,61,14,0,3,0,0,0
7,11,52,57,63,68,71,88,101,87,89,93,111,126,101,86,70,71,54,10,0,0,0,0
0,7,53,62,70,79,91,128,103,95,91,102,94,89,108,94,68,68,67,25,11,0,7,10
0,9,53,56,62,76,78,103,112,115,108,110,113,100,102,89,72,58,58,52,10,5,8,3
0,30,53,50,55,71,99,99,126,129,134,143,143,140,123,102,75,59,61,66,53,10,11,10
15,58,54,33,52,64,77,120,137,150,153,136,152,151,129,102,66,57,67,57,54,21,13,9
13,61,66,50,19,55,64,121,155,157,156,140,137,158,135,107,85,56,51,60,60,48,12,4
44,64,72,15,13,50,65,106,133,146,150,139,144,141,125,106,68,42,43,60,57,46,6,3
53,105,64,46,11,16,68,107,118,130,135,124,125,128,118,104,65,29,76,64,66,60,9,9
42,41,18,11,11,36,55,104,90,82,104,115,117,121,119,105,62,21,8,9,14,5,6,7
7,5,4,0,10,14,57,101,86,71,75,81,102,108,84,74,60,37,10,13,12,24,11,5
8,9,8,10,13,69,100,110,92,92,120,102,120,77,72,72,66,55,32,13,7,11,9,0
2,7,14,27,40,63,89,126,150,153,163,161,141,174,147,156,80,39,21,14,13,8,8,6
1,3,9,12,52,102,130,160,159,193,201,198,212,167,155,154,131,75,50,32,24,12,6,0
3,8,6,13,35,106,123,164,197,202,230,222,252,210,189,176,143,111,88,28,14,12,7,0
0,0,13,20,36,65,125,165,170,182,226,197,216,199,189,178,139,114,60,37,28,14,10,8
0,0,11,12,50,72,122,145,175,192,197,143,162,191,162,173,137,102,55,40,26,11,0,7
0,4,11,14,30,45,101,124,137,142,135,101,109,128,135,126,124,102,53,36,13,5,0,0
0,4,8,4,13,63,101,113,114,112,101,12,60,106,122,114,119,108,68,14,9,10,0,0
0,0,0,0,9,36,77,104,104,103,72,12,103,103,106,112,101,96,40,25,8,0,0,0
0,1,9,10,4,14,52,96,101,101,15,9,108,105,107,107,104,94,9,1,0,0,0,0
0,0,0,8,9,10,13,63,82,92,7,14,102,111,103,104,102,43,7,6,4,0,0,6
4,0,0,0,0,11,14,46,65,63,12,83,68,102,90,100,100,36,7,5,0,4,0,2
0,0,0,0,0,0,0,11,3,26,2,26,56,69,90,17,9,0,2,5,1,0,7,0
0,0,0,0,0,0,0,8,0,0,17,38,52,51,48,47,9,0,5,0,0,0,3,0
0,3,0,0,0,4,7,6,4,7,16,29,36,41,46,23,7,0,4,10,4,0,0,3
0,0,0,0,0,0,2,0,0,0,6,8,46,57,63,53,10,9,5,0,8,0,0,2
5,0,0,0,0,0,0,0,1,6,5,14,56,66,65,65,29,9,11,7,1,7,0,0
0,0,0,0,0,2,0,0,0,3,6,27,58,75,79,82,32,13,8,5,0,10,0,0
0,0,0,0,0,3,0,3,0,6,3,12,51,60,75,60,50,13,10,4,2,3,4,0
0,0,0,0,0,0,0,0,5,0,0,11,53,57,57,58,32,13,6,0,0,0,9,0
0,0,0,0,0,0,0,0,0,0,0,11,20,67,57,33,18,7,6,9,7,0,0,4
2,0,0,0,2,0,0,0,0,0,4,9,30,51,59,35,9,7,9,6,3,0,3,3
0,0,0,0,0,0,0,0,0,0,1,13,32,56,53,12,8,3,6,0,0,0,0,0
0,0,0,0,0,0,0,0,1,5,12,13,30,54,50,6,6,8,6,0,0,0,0,0
2,3,0,0,0,0,6,12,10,14,10,50,55,69,40,8,10,3,4,7,0,0,0,0
7,5,0,0,0,10,12,15,12,13,43,67,146,81,23,20,11,9,11,0,0,4,3,3
5,5,0,0,2,0,0,8,7,32,53,101,288,124,31,14,25,40,12,6,1,9,9,0
4,0,3,0,7,0,1,2,3,5,11,23,46,38,13,26,8,10,14,13,13,7,9,7

0,0,0,1,6,11,8,13,25,50,51,57,53,44,34,14,0,7,4,1,8,3,5,0
7,0,0,3,9,14,47,50,62,52,55,63,58,54,55,38,24,13,14,15,12,8,4,3
0,0,0,0,0,23,36,48,58,60,67,63,90,76,55,52,27,31,16,13,0,0,4,3
0,0,4,4,0,6,14,48,54,65,80,80,70,60,54,50,50,30,22,4,7,0,0,2
0,0,0,10,10,44,60,68,77,71,72,69,97,65,59,53,53,50,26,17,1,0,0,2
2,5,25,50,55,67,61,86,98,76,83,95,90,93,81,77,61,61,14,0,3,0,0,0
7,11,52,57,63,68,71,88,101,86,89,92,112,126,101,86,70,71,54,10,0,0,0,0
0,7,53,62,70,79,91,128,103,94,91,102,93,90,109,94,68,68,67,25,11,0,7,10
0,9,53,56,62,76,78,103,112,115,108,110,113,100,102,89,71,58,59,52,10,5,8,3
0,31,53,50,55,71,99,99,126,129,134,143,143,140,124,102,75,59,61,66,53,10,11,10
15,59,54,34,51,64,77,120,137,150,153,136,152,151,130,102,66,57,67,57,54,21,13,9
13,61,66,50,20,55,64,121,155,157,156,139,137,158,135,108,86,56,51,60,60,48,13,4
43,64,72,16,13,50,65,106,133,146,150,139,144,140,125,106,68,43,44,60,57,47,6,3
53,105,64,46,11,17,68,107,118,129,135,123,125,127,118,104,65,29,77,64,67,61,9,9
44,45,20,11,11,36,55,103,89,82,104,115,117,121,119,105,62,20,8,9,14,5,6,8
7,5,5,0,10,14,56,101,85,71,74,81,102,108,84,74,60,37,10,13,12,23,11,5
8,9,8,10,13,69,100,110,91,92,120,102,120,77,72,72,65,55,31,13,7,11,9,0
2,7,14,27,40,63,89,126,149,153,163,161,140,174,147,156,80,39,21,14,13,8,8,6
1,3,9,12,52,102,130,160,159,192,201,198,212,166,155,154,131,75,50,32,23,12,6,0
3,8,5,13,35,107,122,164,196,202,230,221,250,210,189,176,143,111,88,30,14,12,7,0
0,0,13,20,36,65,125,165,170,182,226,197,216,199,190,178,139,114,60,37,28,14,10,8
0,0,11,12,50,72,122,145,176,192,198,144,162,191,163,174,137,102,55,40,26,11,0,7
0,4,11,14,30,45,101,124,137,143,136,101,109,128,135,127,124,102,53,35,13,5,0,0
0,4,8,4,13,64,101,113,114,112,101,12,60,106,121,114,119,107,68,14,9,10,0,0
1,0,0,0,9,37,76,104,104,103,72,12,103,103,106,112,101,96,40,25,8,0,0,0
0,1,9,10,4,14,54,98,101,101,15,9,108,105,107,107,104,94,9,1,0,0,0,0
0,0,0,8,9,10,13,63,82,92,7,14,102,111,103,104,102,44,8,6,4,0,0,6
4,0,0,0,0,11,14,46,66,64,12,84,68,102,89,100,100,35,7,5,0,4,0,2
0,0,0,0,0,0,0,11,3,26,2,28,56,69,91,17,9,0,2,5,1,0,7,0
0,0,0,0,0,0,0,8,0,0,17,38,52,51,49,47,9,1,4,0,0,0,3,0
0,3,0,0,0,4,7,6,5,7,17,29,36,41,46,23,7,0,4,10,4,0,0,3
0,0,0,0,0,0,2,0,0,0,6,8,46,57,64,53,10,9,5,0,8,0,0,2
5,0,0,0,0,0,0,0,1,5,5,14,56,66,65,65,29,9,11,7,1,7,0,0
0,0,0,0,0,2,0,0,0,3,6,28,58,75,79,81,32,13,8,5,0,10,0,0
0,0,0,0,0,3,0,3,0,6,3,12,51,60,75,60,50,13,10,4,2,3,4,0
0,0,0,0,0,0,0,0,5,0,0,11,53,57,57,57,31,14,6,0,0,0,9,0
0,0,0,0,0,0,0,0,0,0,0,11,19,67,57,33,19,7,6,9,7,0,0,4
2,0,0,0,2,0,0,0,0,0,4,9,30,51,59,36,9,8,9,6,3,0,3,3
0,0,0,0,0,0,0,0,0,0,1,13,33,56,53,12,8,3,6,0,0,0,0,0
0,0,0,0,0,0,0,0,1,5,12,13,31,54,50,6,6,8,6,0,0,0,0,0
3,3,0,0,0,0,6,12,10,14,11,50,55,70,41,8,10,3,4,7,0,0,0,0
7,5,0,0,0,11,12,14,12,12,44,67,146,81,24,20,11,9,11,0,0,4,3,3
5,5,0,0,2,0,0,8,7,32,53,101,287,124,31,13,27,40,12,6,1,9,9,0
4,0,3,1,7,0,1,2,3,5,11,23,44,38,13,27,8,10,14,13,13,7,9,7

0,0,0,1,6,11,8,13,28,50,51,57,53,46,34,14,0,7,4,1,8,3,5,0
7,0,0,4,9,14,47,50,61,52,55,63,58,54,56,37,24,13,13,15,11,8,4,3
1,0,0,0,0,23,36,48,58,60,67,63,90,77,55,52,28,31,16,13,0,0,4,3
0,0,4,4,0,6,14,48,54,65,80,80,70,60,54,51,50,30,21,4,7,0,0,2
0,0,0,10,10,45,59,68,77,71,71,68,97,65,59,54,53,50,26,17,1,0,0,2
2,5,26,50,55,67,62,86,98,76,82,94,89,93,81,77,61,61,14,0,3,0,0,0
7,11,52,57,63,68,71,88,101,86,89,92,111,126,101,86,70,71,54,10,0,0,0,0
0,7,53,62,70,79,91,128,103,94,90,102,93,90,109,94,68,69,67,26,11,0,7,10
0,9,53,56,62,76,78,103,112,115,108,110,113,100,102,90,72,58,59,52,10,5,8,2
0,30,53,50,55,71,99,100,126,129,134,143,144,141,124,102,76,59,61,66,53,10,11,10
15,59,54,35,52,64,77,120,137,151,153,136,152,151,130,103,66,57,67,57,54,21,13,9
13,61,66,50,20,55,64,121,155,157,156,140,137,158,135,108,85,56,51,60,60,48,12,4
44,64,74,17,14,50,65,106,132,146,149,139,144,140,124,106,68,43,44,60,58,47,6,3
53,105,65,46,11,16,68,107,117,129,135,123,125,127,118,104,65,30,78,64,67,60,9,9
45,45,21,11,11,36,55,103,89,82,103,114,116,121,119,105,62,21,8,9,14,5,6,8
7,5,5,0,10,14,56,100,85,70,74,81,101,107,84,74,60,37,10,14,12,24,11,5
8,9,8,10,13,69,100,110,91,92,120,101,120,77,72,72,65,55,31,13,7,11,9,0
2,7,14,27,40,63,89,126,149,153,163,161,141,173,146,156,80,39,21,14,13,8,8,6
1,3,9,12,52,102,129,159,158,192,200,198,212,166,155,154,131,75,50,32,24,12,6,0
3,8,5,13,34,106,122,164,196,201,230,221,251,210,189,176,143,111,88,28,14,12,7,0
0,0,13,20,36,65,125,165,170,182,226,197,215,199,190,178,139,114,60,37,28,14,10,8
0,0,11,12,50,73,122,145,176,192,198,144,162,191,162,174,137,102,55,39,26,11,0,7
0,4,11,14,30,45,101,125,138,143,136,101,109,128,136,127,125,102,53,36,13,5,0,0
0,4,8,4,13,63,101,113,114,112,101,12,64,106,122,114,119,108,68,14,9,10,0,0
1,0,0,0,9,39,77,104,104,103,74,12,103,104,106,112,101,96,40,25,8,0,0,0
0,1,9,10,4,14,52,95,101,101,16,9,108,105,107,107,104,93,9,1,0,0,0,0
0,0,0,8,9,10,13,65,82,93,7,14,102,111,103,104,102,46,8,6,4,0,0,6
4,0,0,0,0,11,14,46,66,64,12,84,69,102,89,100,100,36,7,5,0,4,0,2
0,0,0,0,0,0,1,11,3,26,2,27,56,69,91,19,9,0,2,5,1,0,7,0
0,0,0,0,0,0,0,8,0,0,17,38,52,51,48,47,9,0,5,0,0,0,3,0
0,3,0,0,0,4,7,6,5,7,17,29,36,41,47,23,8,0,4,10,4,0,0,3
0,0,0,0,0,0,2,0,0,0,6,8,46,56,63,53,10,9,5,0,8,0,0,2
5,0,0,0,0,0,0,0,1,5,5,14,56,66,65,65,30,9,11,7,1,7,0,0
0,0,0,0,0,2,0,0,0,3,6,27,57,75,79,82,32,13,8,5,0,10,0,0
0,0,0,0,0,3,0,3,0,6,3,12,51,60,75,60,50,13,11,4,2,3,4,0
0,0,0,0,0,0,0,0,5,0,0,11,53,57,57,58,31,14,6,0,0,0,9,0
0,0,0,0,0,0,0,0,0,0,0,11,18,67,57,33,20,7,6,9,7,0,0,4
2,0,0,0,2,0,0,0,0,0,4,9,30,51,59,35,9,8,9,6,3,0,3,3
0,0,0,0,0,0,0,0,0,0,1,13,32,56,53,12,8,3,6,0,0,0,0,0
0,0,0,0,0,0,0,0,2,5,12,13,31,54,50,6,6,8,6,0,0,0,0,0
3,3,0,0,0,0,6,12,10,14,11,50,55,70,41,8,10,3,4,7,0,0,0,0
7,5,0,0,0,10,12,14,12,13,42,67,146,81,24,20,11,9,11,0,0,4,3,3
5,5,0,0,2,0,0,8,8,32,53,101,288,124,31,14,28,41,12,6,1,9,9,0
4,0,3,0,7,0,1,2,3,5,11,23,46,38,13,27,8,10,14,13,13,7,9,7

0,0,0,1,6,11,8,13,25,50,51,56,53,46,34,14,0,7,4,1,8,3,5,0
7,0,0,4,9,14,45,50,61,52,55,63,58,54,56,37,24,13,13,15,11,8,5,3
1,0,0,0,0,24,37,48,58,60,68,63,90,78,55,52,28,32,16,13,0,0,4,3
0,0,4,4,0,6,14,49,54,65,80,80,70,59,54,50,50,30,22,5,7,0,0,2
0,0,0,10,10,46,59,68,77,71,71,68,97,65,59,53,53,50,26,17,1,0,0,2
2,5,25,50,54,67,61,86,97,76,82,94,89,93,81,76,61,61,14,0,3,0,0,0
7,11,52,57,63,68,71,88,101,86,88,92,111,126,101,86,70,71,54,10,0,0,0,0
0,7,53,62,70,79,92,128,102,94,90,102,94,90,109,95,68,68,67,25,11,0,7,11
0,9,53,56,62,76,78,103,112,115,108,110,114,100,102,90,71,58,58,52,10,5,8,3
0,30,53,50,55,71,99,99,126,130,134,143,144,140,123,102,76,59,61,66,53,10,11,10
15,58,54,33,52,64,77,120,137,150,153,136,152,151,129,102,66,57,67,57,54,21,13,9
13,61,66,50,19,55,64,121,155,157,156,140,138,159,135,107,85,56,51,60,60,47,12,4
43,64,72,15,13,50,65,106,133,147,151,140,144,141,125,105,68,43,44,60,57,47,6,3
53,105,64,45,11,15,68,107,118,130,135,124,125,128,118,104,66,27,76,64,66,60,9,9
42,40,18,11,11,36,55,103,89,82,104,115,116,121,119,105,62,20,8,9,14,5,6,8
7,5,4,0,10,14,56,101,85,70,74,81,101,108,84,74,60,37,10,13,12,24,11,5
8,9,8,10,13,69,100,110,91,92,120,102,120,77,72,72,65,55,32,13,7,11,9,0
2,7,14,27,40,63,89,126,149,152,163,161,141,174,146,156,80,39,21,14,13,8,8,6
1,3,9,12,51,102,129,159,158,192,200,198,212,166,155,154,132,75,50,32,23,12,6,0
3,8,5,13,35,106,122,163,196,201,230,221,251,210,189,176,143,111,88,31,14,12,7,0
0,0,13,20,36,65,125,165,170,182,226,197,216,199,190,178,139,114,60,38,28,14,10,8
0,0,11,12,50,73,122,145,176,192,198,144,163,191,163,174,138,103,55,40,26,11,0,8
0,4,11,14,30,45,101,125,138,143,136,102,109,129,136,127,125,102,53,36,13,5,0,0
0,4,8,4,13,63,101,113,114,112,101,12,62,106,122,114,119,108,68,14,10,10,0,0
1,0,0,0,9,37,77,104,104,103,75,12,103,103,106,112,101,96,41,25,8,0,0,0
0,1,9,10,5,14,54,95,101,101,17,9,108,105,107,107,104,93,9,1,0,0,0,0
0,0,0,8,9,10,13,64,84,95,7,14,102,111,103,104,102,44,8,6,4,0,0,6
5,0,0,0,0,11,14,46,65,65,12,83,68,102,90,100,100,36,7,5,0,4,0,2
0,0,0,0,0,0,1,11,3,27,2,29,57,69,91,23,9,0,2,5,1,0,7,0
0,0,0,0,0,0,0,8,0,0,18,38,52,51,49,47,9,0,4,0,0,0,3,0
0,3,0,0,0,4,7,6,5,7,17,29,37,42,47,24,7,0,4,10,4,0,0,3
0,0,0,0,0,0,2,0,0,0,6,8,45,56,63,53,10,9,5,0,8,0,0,2
5,0,0,0,0,0,0,0,1,5,5,14,56,66,65,65,29,9,11,7,1,7,0,0
0,0,0,0,0,2,0,0,0,3,6,28,57,75,79,82,32,13,8,5,0,10,0,0
0,0,0,0,0,3,0,3,0,6,3,13,51,60,75,60,50,13,11,4,2,3,4,0
0,0,0,0,0,0,0,0,5,0,0,11,53,57,58,57,32,14,6,0,0,0,9,0
0,0,0,0,0,0,0,0,0,0,0,11,20,67,57,33,20,7,6,9,7,0,0,4
2,0,0,0,2,0,0,0,0,0,4,9,28,51,59,34,10,8,9,6,3,0,3,3
0,0,0,0,0,0,0,0,0,0,1,13,33,56,53,12,8,3,6,0,0,0,0,0
0,0,0,0,0,0,0,0,1,5,12,13,27,54,50,6,6,8,6,0,0,0,0,0
3,3,0,0,0,0,6,12,10,14,10,50,55,69,45,8,10,3,4,7,0,0,0,0
7,5,0,0,0,11,12,14,12,13,43,67,146,81,24,20,11,9,11,0,0,4,3,3
5,5,0,0,2,0,0,8,8,33,53,101,289,124,31,14,28,41,12,6,1,9,9,0
4,0,3,1,7,0,1,2,3,5,11,23,45,38,13,27,8,10,14,13,13,7,9,7

0,0,0,2,6,11,8,13,27,50,51,57,53,45,33,14,0,7,4,1,8,3,5,0
7,0,0,4,9,14,47,50,62,52,55,63,58,54,56,37,25,13,13,14,11,8,5,3
1,0,0,0,0,23,34,50,58,60,68,63,89,75,55,52,27,32,16,13,0,0,4,3
0,0,4,4,0,6,14,48,54,65,79,80,70,60,55,50,50,30,21,5,7,0,0,2
0,0,0,10,10,44,60,68,78,71,71,68,97,65,59,53,53,50,26,18,1,0,0,2
2,5,26,50,54,67,62,87,97,76,82,94,89,93,81,76,61,61,14,0,3,0,0,0
7,11,52,57,63,68,72,88,101,86,88,92,111,126,101,85,70,71,54,10,0,0,0,0
0,7,53,62,70,79,92,128,102,94,91,103,94,90,109,95,68,69,67,25,11,0,7,10
0,9,53,56,62,76,78,103,112,115,109,110,114,100,102,89,71,58,58,52,10,5,8,3
0,30,53,50,55,71,99,99,126,130,135,143,144,140,123,102,75,59,61,66,53,10,11,10
15,58,54,33,52,64,77,120,137,151,153,136,152,151,129,102,66,57,67,57,54,20,13,9
13,61,66,49,18,55,64,121,155,157,156,140,137,159,135,107,85,56,51,60,59,47,12,4
43,64,72,15,13,50,65,106,133,147,151,140,145,141,125,106,68,42,43,59,57,46,6,3
53,104,64,44,11,15,68,107,118,130,136,124,126,128,118,104,66,27,75,63,65,59,9,9
38,40,16,11,11,36,55,103,90,82,104,115,117,121,120,105,63,20,8,9,14,4,5,7
7,4,4,0,10,14,56,101,85,71,74,81,102,108,84,74,60,37,10,13,12,23,11,5
8,9,8,10,13,69,100,110,91,92,120,102,120,77,72,72,65,55,32,13,7,11,9,0
2,7,14,26,40,63,89,126,149,153,163,161,141,174,147,156,80,39,21,14,13,8,8,6
1,3,9,12,51,102,129,159,158,192,200,198,212,167,155,154,132,75,50,32,24,12,6,0
3,8,5,13,35,106,122,163,196,201,230,221,251,210,189,176,143,111,88,30,14,12,7,0
0,0,13,20,36,65,125,165,170,182,226,197,216,199,190,178,139,114,60,38,28,14,10,8
0,0,11,12,50,72,122,145,176,192,198,144,163,192,163,174,138,103,55,40,26,11,0,8
0,4,11,14,30,45,101,125,138,143,136,102,110,129,136,127,125,102,53,36,13,5,0,0
0,4,8,4,13,63,101,114,114,112,101,12,61,106,122,115,119,108,69,14,10,10,0,0
1,0,0,0,9,37,76,104,104,103,75,12,103,104,106,112,101,96,40,26,8,0,0,0
0,1,9,10,5,15,54,96,101,101,17,9,108,105,107,107,104,94,9,1,0,0,0,0
0,0,0,8,9,10,13,64,84,92,7,14,102,111,103,104,102,46,8,6,4,0,0,6
5,0,0,0,0,11,14,46,66,63,12,83,69,102,91,100,100,36,7,5,0,4,0,2
0,0,0,0,0,0,1,11,3,27,2,28,56,68,91,20,9,0,2,5,1,0,7,0
0,0,0,0,0,0,0,8,0,0,18,38,52,51,49,47,9,0,4,0,0,0,3,0
0,3,0,0,0,4,7,6,5,7,17,29,37,42,47,24,7,0,4,10,4,0,0,4
0,0,0,0,0,0,2,0,0,0,7,8,44,57,63,53,10,9,5,0,8,0,0,2
5,0,0,0,0,0,0,0,1,5,5,14,56,66,65,65,30,9,11,7,1,7,0,0
0,0,0,0,0,2,0,0,0,3,6,28,58,75,79,82,32,13,8,5,0,10,0,1
0,0,0,0,0,3,0,3,0,7,3,13,51,61,75,61,50,13,11,4,2,3,4,0
0,0,0,0,0,0,0,0,5,0,0,11,53,57,58,57,32,14,6,0,0,0,9,0
0,0,0,0,0,0,0,0,0,0,0,11,21,67,57,33,19,7,6,9,7,0,0,4
2,0,0,0,2,0,0,0,0,0,4,9,30,51,60,34,10,8,9,6,3,0,3,3
0,0,0,0,0,0,0,0,0,0,2,14,33,56,53,12,8,3,6,0,0,0,0,0
0,0,0,0,0,0,0,0,1,5,12,13,30,54,50,6,6,8,6,0,0,0,0,0
3,3,0,0,0,1,6,12,10,14,11,50,55,69,45,8,10,3,4,7,0,0,0,0
7,5,0,0,0,10,12,14,12,13,43,67,146,81,24,20,11,9,11,0,0,4,3,3
5,5,0,0,2,0,0,8,8,33,53,101,289,124,31,14,28,40,12,6,1,9,9,0
4,0,3,1,7,0,1,3,3,5,11,23,45,37,13,28,8,10,14,13,13,7,9,7

0,0,0,1,6,11,8,13,25,50,51,56,53,44,33,15,0,7,4,1,8,3,5,0
8,0,0,4,9,14,45,50,62,52,55,63,58,54,56,37,24,13,13,15,11,8,5,3
1,0,0,0,0,23,34,48,58,60,67,63,91,77,55,52,27,32,16,13,0,0,4,3
0,0,4,4,0,6,14,48,54,65,80,80,70,60,54,50,50,30,21,4,7,0,0,2
0,0,0,10,10,44,59,68,77,71,71,68,97,65,58,53,53,50,26,17,1,0,0,2
2,5,26,50,55,67,61,86,97,76,82,94,89,92,81,76,61,61,14,0,3,0,0,0
7,11,52,57,63,68,71,88,101,86,89,92,111,125,100,85,70,71,54,10,0,0,0,0
0,7,53,62,70,79,91,128,103,95,91,102,94,89,108,94,68,68,67,25,11,0,7,11
0,9,53,56,62,76,78,103,112,115,109,111,114,99,102,89,71,58,59,52,10,5,8,3
1,29,53,50,55,71,99,99,126,130,136,144,144,141,123,102,75,59,61,66,53,10,11,10
14,58,54,33,52,64,77,120,137,151,154,137,153,151,129,102,66,57,67,57,54,20,13,9
13,61,66,49,19,55,64,121,156,158,157,140,138,159,135,107,85,55,51,60,59,47,12,4
42,64,73,15,13,50,65,106,133,147,151,141,145,141,125,106,68,43,44,59,57,46,6,3
53,104,64,45,11,15,68,107,118,130,136,124,126,128,118,104,66,27,75,64,66,59,9,9
38,40,16,11,11,37,55,103,90,82,104,115,117,121,119,105,62,21,8,9,14,4,5,7
7,4,4,0,10,14,56,101,85,71,74,81,101,108,84,74,60,36,10,13,12,23,11,4
8,9,8,10,13,68,100,110,91,92,120,102,121,77,72,72,65,55,32,13,7,11,9,0
2,7,14,27,40,63,89,126,149,153,163,161,141,174,147,156,80,39,21,14,13,8,8,6
1,3,9,12,51,102,129,159,158,192,200,198,212,166,154,154,132,75,50,32,23,12,6,0
3,8,5,13,35,107,122,164,196,201,230,221,251,210,189,177,143,111,88,31,14,12,7,0
0,0,13,20,36,65,125,165,170,182,225,197,216,199,190,178,139,114,61,37,28,14,10,8
0,0,11,12,50,73,122,145,176,192,198,144,163,192,163,175,138,103,55,40,26,11,0,8
0,4,11,14,30,45,101,125,138,143,136,102,109,129,136,127,125,102,53,36,13,5,0,0
0,4,8,4,13,63,101,113,114,112,101,12,62,106,122,115,119,108,68,14,10,10,0,0
1,0,0,0,9,36,76,104,104,103,75,12,103,104,106,112,101,96,40,26,8,0,0,0
0,1,9,10,5,14,56,96,101,101,17,9,109,105,107,107,104,96,9,1,0,0,0,0
0,0,0,8,9,10,13,64,82,93,7,14,102,111,103,104,102,44,8,6,4,0,0,6
5,0,0,0,0,11,14,46,66,64,12,84,68,102,90,100,100,35,7,5,0,4,0,2
0,0,0,0,0,0,1,11,3,27,2,29,56,69,91,20,9,0,2,5,1,0,7,0
0,0,0,0,0,0,0,8,0,0,18,39,52,51,49,47,9,0,5,0,0,0,3,0
0,3,0,0,0,4,7,6,6,7,18,29,36,41,47,24,7,0,4,10,4,0,0,4
0,0,0,0,0,0,2,0,0,0,7,8,45,57,64,53,10,9,5,0,8,0,0,2
5,0,0,0,0,0,0,0,1,5,5,14,56,66,65,65,30,9,11,7,1,7,0,0
0,0,0,0,0,2,0,0,0,3,6,28,58,75,80,82,32,13,8,5,0,10,0,0
0,0,0,0,0,3,0,4,0,7,3,13,51,61,75,60,50,13,10,4,2,3,4,0
0,0,0,0,0,0,0,0,5,0,0,11,53,57,58,58,31,14,6,0,0,0,9,0
0,0,0,0,0,0,0,0,0,0,0,11,22,67,57,33,20,7,6,9,7,0,0,4
2,0,0,0,3,0,0,0,0,0,4,9,31,51,59,35,9,8,9,6,3,0,3,3
0,0,0,0,0,0,0,0,0,0,2,14,33,56,53,12,8,3,6,0,0,0,0,0
0,0,0,0,0,0,0,0,1,5,12,13,30,54,50,6,6,8,6,0,0,0,0,0
3,3,0,0,0,1,6,12,10,14,11,50,55,70,47,9,10,3,4,7,0,0,1,0
7,5,0,0,0,11,12,14,12,13,43,67,146,81,25,20,11,9,11,0,0,4,3,3
5,5,0,0,2,0,0,8,8,33,53,101,290,124,31,14,29,40,12,6,1,9,9,0
4,0,3,1,7,0,2,3,3,5,11,23,46,38,13,28,8,10,14,13,13,7,9,7

0,0,0,2,6,11,8,13,25,50,51,56,53,46,34,14,0,7,4,1,8,3,6,0
8,0,0,4,9,14,47,50,62,52,55,63,58,54,56,37,24,13,13,14,12,8,5,3
1,0,0,0,0,21,36,48,58,60,67,64,91,76,55,52,28,31,16,13,0,0,4,3
0,0,4,4,0,6,14,48,53,65,80,80,69,60,54,50,50,30,22,5,7,0,0,2
0,0,0,10,10,43,59,68,77,70,71,68,97,65,59,53,53,50,26,17,1,0,0,2
2,5,25,50,54,67,61,86,97,76,82,94,89,92,81,76,61,61,14,0,3,0,0,0
7,11,52,57,63,68,71,88,101,86,89,92,111,125,100,85,70,71,54,10,0,0,0,0
0,7,53,62,70,79,92,128,103,95,91,102,94,89,108,94,68,68,67,25,11,0,7,11
0,9,53,56,62,76,78,103,112,115,109,111,114,100,102,89,71,58,59,52,10,5,8,3
0,30,53,50,55,71,100,100,127,130,136,144,145,141,124,102,75,59,61,66,53,10,11,10
15,58,54,33,52,64,77,120,137,151,154,137,153,151,129,102,66,56,67,57,54,20,13,9
13,61,66,50,20,55,64,121,156,157,157,140,138,159,136,107,85,56,51,60,60,48,12,4
43,64,72,15,13,50,65,106,133,147,150,140,144,141,125,106,68,42,44,60,57,46,6,3
53,105,64,46,11,16,68,107,118,129,135,124,125,128,118,104,66,29,76,64,66,60,9,9
41,41,17,11,11,35,55,103,89,82,104,115,117,121,119,105,62,20,8,9,14,5,6,8
7,5,4,0,10,14,56,100,85,70,74,81,101,108,84,74,60,37,10,13,12,24,11,5
8,9,8,10,13,68,100,110,91,91,120,101,120,77,72,72,65,55,32,13,7,11,9,0
2,7,14,27,40,63,88,125,149,152,163,161,140,174,147,156,80,39,21,14,13,8,8,6
1,3,9,12,51,102,129,159,158,192,200,198,211,166,154,154,132,75,50,32,23,12,6,0
3,8,6,13,35,107,122,163,196,201,229,221,251,210,189,176,143,111,88,31,14,12,7,0
0,0,13,20,36,65,126,165,170,182,225,197,215,199,190,178,139,114,60,37,28,14,10,8
0,0,11,12,50,73,122,145,176,192,198,144,163,192,163,175,138,103,55,40,26,11,0,8
0,4,11,14,30,45,101,125,138,143,136,102,109,129,136,127,125,102,53,36,13,5,0,0
0,4,8,5,13,64,101,114,114,112,101,12,62,106,122,115,119,107,68,14,10,10,0,0
1,0,0,0,9,36,76,104,104,103,77,12,103,103,106,112,101,96,40,26,8,0,0,0
0,1,9,10,5,16,55,96,101,101,20,9,108,105,107,107,104,95,9,1,0,0,0,0
0,0,0,8,9,10,13,64,84,95,7,14,102,111,103,104,102,46,8,6,4,0,0,6
4,0,0,0,0,11,14,47,67,64,12,84,68,102,90,100,100,35,8,5,0,4,0,2
0,0,0,0,0,0,1,11,3,29,2,29,57,69,91,22,9,0,2,5,1,0,7,0
0,0,0,0,0,0,0,8,0,0,18,39,52,51,49,47,9,1,5,0,0,0,3,0
1,3,0,0,0,4,7,6,6,7,18,29,36,42,47,23,7,0,4,10,4,0,0,4
0,0,0,0,0,0,2,0,0,0,7,8,46,57,63,53,10,9,5,0,8,0,0,2
5,0,0,0,0,0,0,0,1,5,5,14,56,66,65,65,30,9,11,7,1,7,0,0
0,0,0,0,0,2,0,0,0,3,6,28,58,75,79,82,32,13,8,5,0,10,0,0
0,0,0,0,0,3,0,4,1,7,3,13,51,61,75,60,50,13,10,4,2,3,4,0
0,0,0,0,0,0,0,0,5,0,0,11,53,57,58,58,32,13,6,0,0,0,9,0
0,0,0,0,0,0,0,0,0,0,0,11,21,67,56,33,20,7,6,9,7,0,0,4
2,0,0,0,3,0,0,0,0,0,4,9,31,51,60,36,10,8,9,6,3,0,3,3
0,0,0,0,0,0,0,0,0,0,2,14,33,56,53,12,8,3,6,0,0,0,0,0
0,0,0,0,0,0,0,0,2,5,12,13,30,54,50,6,6,8,6,0,0,0,0,0
3,4,0,0,0,1,6,12,10,14,11,50,55,69,47,9,10,3,4,7,0,0,1,0
7,5,0,0,0,11,12,14,12,13,44,67,146,81,24,20,11,9,11,0,0,4,3,3
5,5,0,0,2,0,0,8,8,33,53,101,292,124,31,14,29,40,12,6,1,9,9,0
4,0,3,1,7,0,2,3,3,5,11,23,46,38,13,29,8,10,14,13,13,7,9,7

0,0,0,2,6,11,8,13,25,50,51,56,53,45,34,14,0,7,4,1,8,3,5,0
8,0,0,4,9,14,45,50,62,52,55,63,58,54,56,37,24,13,14,15,12,8,5,3
1,0,0,0,0,23,36,48,59,60,68,63,90,76,55,52,27,31,16,13,0,0,4,3
0,0,5,4,0,6,14,49,54,66,81,81,70,60,55,50,50,30,22,5,7,0,0,2
0,0,0,10,10,43,59,68,77,71,71,68,97,65,59,53,53,50,26,17,1,0,0,2
2,5,25,50,54,67,61,86,98,76,82,95,89,93,81,76,61,61,14,0,3,0,0,0
7,11,52,57,63,68,71,88,101,86,89,92,112,126,101,85,71,71,54,10,0,0,0,0
0,7,53,62,70,79,92,128,103,95,91,103,94,89,108,94,68,69,67,25,11,0,7,11
0,9,53,56,62,76,78,103,112,115,109,111,114,100,102,90,72,58,59,52,10,5,8,3
0,31,53,50,55,71,99,100,127,130,136,145,145,141,124,102,76,59,62,66,53,10,11,10
15,58,54,35,52,64,77,120,138,152,154,137,153,152,130,102,66,57,67,57,54,21,13,9
13,61,66,50,21,55,64,121,155,157,157,140,137,158,135,107,85,56,51,60,60,47,12,4
45,64,72,16,13,50,65,106,133,146,150,139,144,141,124,106,68,42,44,60,57,47,6,3
53,105,65,45,11,15,68,107,118,129,135,123,125,127,118,104,66,29,78,64,67,60,9,9
43,43,18,11,11,35,55,103,89,82,103,114,116,121,119,105,62,21,8,9,14,5,6,8
8,5,5,0,10,14,56,100,85,70,74,81,101,108,84,74,60,37,10,13,12,23,11,5
8,9,8,10,13,68,100,110,91,91,119,101,120,77,71,72,65,55,32,13,7,11,9,0
2,7,14,27,40,63,88,125,148,152,162,160,140,173,146,155,80,39,21,14,13,8,8,6
1,3,9,12,52,102,129,159,158,191,200,197,211,166,154,154,131,75,50,32,23,12,6,0
3,8,6,13,34,106,122,163,196,201,229,221,250,209,189,176,143,111,88,30,14,12,7,0
0,0,13,20,36,65,126,165,170,182,225,197,215,199,190,178,139,114,60,37,28,14,10,8
0,0,11,12,50,73,122,145,176,192,198,144,163,192,163,175,138,103,55,40,26,11,0,8
0,4,11,14,31,45,101,126,138,143,136,102,110,129,136,127,125,102,53,36,13,5,0,0
0,4,8,4,13,63,101,114,114,112,101,12,61,106,122,115,119,108,68,14,10,10,0,0
1,0,0,0,9,37,78,104,104,103,75,12,103,104,106,112,101,96,40,26,8,0,0,0
0,1,9,10,5,14,55,96,101,101,19,9,109,105,107,107,104,95,9,1,0,0,0,0
0,0,0,8,9,10,13,64,84,93,7,14,102,111,103,104,102,46,8,6,5,0,0,6
4,0,0,0,0,11,14,47,66,64,12,84,68,103,90,100,100,35,8,5,0,4,0,2
0,0,0,0,0,0,1,11,4,30,2,29,57,69,92,24,9,0,2,5,1,0,7,0
0,0,0,0,0,0,0,8,0,0,18,39,52,51,49,47,9,1,5,0,0,0,3,0
1,3,0,0,0,4,7,6,6,7,18,29,36,42,47,24,7,0,4,10,4,0,0,4
0,0,0,0,0,0,2,0,0,0,7,8,45,57,63,53,10,9,5,0,8,0,0,2
5,0,0,0,0,0,0,0,1,5,5,14,56,66,65,65,30,9,11,7,1,7,0,0
0,0,0,0,0,2,0,0,0,3,6,28,58,75,80,82,32,13,8,5,0,10,0,1
0,0,0,0,0,3,0,4,1,7,3,13,51,61,75,61,50,13,11,4,2,3,4,0
0,0,0,0,0,0,0,0,5,0,0,11,53,57,58,58,32,14,6,0,0,0,9,0
0,0,0,0,0,0,0,0,0,0,0,11,20,67,57,33,20,7,6,9,7,0,0,4
2,0,0,0,3,0,0,0,0,0,4,9,31,51,60,35,10,8,9,6,3,0,3,3
0,0,0,0,0,0,0,0,0,0,2,14,33,56,53,12,8,3,6,0,0,0,0,0
0,0,0,0,0,0,0,0,2,5,12,13,29,54,50,6,6,8,6,0,0,0,0,0
3,4,0,0,0,1,6,12,10,14,11,50,56,69,47,9,10,3,4,7,0,0,1,0
7,5,0,0,0,11,12,14,12,13,44,68,146,82,26,20,11,9,11,0,0,4,3,3
5,5,0,0,2,0,0,9,8,36,53,101,293,124,31,14,30,43,13,6,2,9,9,0
4,0,3,1,7,0,3,3,3,5,11,23,45,38,13,28,8,10,14,13,13,7,9,7
0,5,3,8,1,4,6,0,14,33,46,53,57,51,50,25,12,8,10,6,1,0,0,0
2,4,8,11,15,13,13,23,37,56,54,58,63,55,52,62,50,44,14,9,2,0,0,5
2,4,0,0,13,17,31,27,52,55,76,88,63,67,59,58,46,33,20,0,0,0,0,0
2,0,0,7,4,22,30,50,50,54,60,69,80,79,64,53,48,14,5,0,2,2,0,0
2,0,0,1,17,26,50,53,54,59,65,98,69,72,72,78,68,59,45,10,10,0,0,0
0,0,0,3,0,14,61,61,77,82,94,90,95,83,77,98,87,61,67,55,50,25,5,2
0,0,0,0,10,54,71,70,85,101,126,112,93,90,87,101,89,72,68,63,57,52,11,7
10,7,0,11,24,67,68,68,94,108,89,94,103,92,96,103,129,92,79,70,62,52,7,0
3,8,5,10,52,58,58,71,89,101,99,114,110,109,116,113,103,78,76,62,56,53,9,0
10,11,10,53,66,61,59,75,101,123,140,144,144,135,130,127,100,99,71,55,50,53,30,0
9,13,20,53,57,67,56,66,102,130,152,153,137,154,152,138,121,78,65,52,34,54,58,15
4,12,47,60,60,51,55,84,107,136,159,138,141,159,160,158,122,64,55,18,48,66,61,13
3,6,46,57,59,43,42,67,105,125,141,146,143,155,149,135,107,65,50,13,16,72,64,43
9,9,58,66,63,75,33,65,104,118,129,127,127,139,133,120,108,68,17,11,44,64,104,53
7,5,4,14,9,7,22,63,105,121,123,120,120,109,86,93,104,55,37,12,11,15,40,41
5,11,24,12,13,11,41,61,76,86,110,105,87,79,74,91,102,58,14,10,0,4,4,7
0,9,11,7,13,29,56,66,74,74,79,125,108,128,99,96,112,100,70,13,10,8,10,9
5,8,8,13,14,21,39,81,158,150,179,144,167,171,162,157,129,92,64,40,29,14,7,3
0,6,12,23,32,49,75,131,154,156,167,213,199,203,196,162,162,130,102,52,12,9,3,3
0,7,11,14,27,87,110,142,174,188,209,250,220,230,203,197,164,122,106,36,13,6,9,4
8,10,14,26,36,58,112,136,174,186,196,213,194,224,181,168,163,123,64,35,20,13,0,0
7,0,11,24,38,54,100,133,168,157,186,154,140,193,187,171,142,118,68,47,12,11,0,0
0,0,5,13,32,53,100,122,124,133,126,107,100,131,138,132,118,90,43,27,13,10,4,0
0,0,9,9,14,67,107,117,113,120,106,58,12,100,110,111,110,100,57,12,3,8,3,0
0,0,0,7,21,38,95,101,111,106,103,103,11,65,102,103,102,67,21,7,0,0,0,0
0,0,0,0,0,8,91,104,107,107,105,108,10,13,100,100,85,38,13,3,9,8,1,0
5,0,0,4,5,7,40,102,104,103,110,102,14,5,75,74,41,11,8,7,7,0,0,0
2,0,3,0,5,6,35,100,100,89,102,68,85,10,52,44,22,10,8,0,0,0,0,4
0,6,0,0,4,2,0,8,14,88,69,56,28,0,10,0,6,0,0,0,0,0,0,0
0,3,0,0,0,5,1,11,48,49,50,52,39,14,0,0,4,0,0,0,0,0,0,0
3,0,0,3,10,4,0,8,23,46,41,37,29,14,5,0,5,7,5,0,0,0,3,1
2,0,0,7,0,5,9,10,53,63,57,46,7,3,0,0,0,1,0,0,0,0,0,0
0,0,7,0,7,11,9,29,65,65,66,56,13,0,5,2,0,0,0,0,0,0,0,5
0,0,10,0,5,7,13,32,82,79,74,57,25,0,1,0,0,0,1,0,0,0,0,0
0,4,3,2,4,11,13,50,60,74,60,51,12,3,5,0,1,0,3,0,0,0,0,0
0,9,0,0,0,6,13,31,58,57,57,53,10,0,0,4,0,0,0,0,0,0,0,0
4,0,0,7,9,6,7,17,34,57,67,18,10,0,0,0,0,0,0,0,0,0,0,0
3,3,0,3,5,8,7,9,34,60,51,27,8,3,0,0,0,0,0,2,0,0,0,2
0,0,0,0,0,6,2,8,12,54,56,32,13,1,0,0,0,0,0,0,0,0,0,0
0,0,0,0,0,6,8,6,6,50,54,28,13,12,3,0,0,0,0,0,0,0,0,0
0,0,0,0,6,4,3,10,8,38,70,56,50,10,14,10,12,6,0,0,0,0,3,2
3,2,3,0,0,10,8,10,19,24,80,144,67,39,12,12,14,12,10,0,0,0,5,7
0,9,9,1,4,12,36,18,13,31,122,275,100,53,23,2,6,0,0,2,0,0,4,5
7,9,6,13,13,13,10,7,24,13,37,44,19,10,1,2,2,0,0,8,0,3,0,4

0,5,3,8,1,4,7,0,14,33,44,53,57,51,50,25,12,8,11,6,1,0,0,0
2,4,8,11,14,13,13,23,36,55,54,57,63,55,52,62,50,42,14,8,2,0,0,6
2,4,0,0,13,16,31,27,52,55,75,90,63,67,59,58,46,33,21,0,0,0,0,0
2,0,0,7,4,22,30,50,50,54,59,70,80,79,64,54,47,14,6,0,3,3,0,0
2,0,0,1,17,26,50,53,54,59,65,97,69,72,71,78,68,59,44,10,10,0,0,0
0,0,0,3,0,14,61,61,77,81,93,89,95,83,76,98,86,61,67,54,50,25,5,2
0,0,0,0,10,54,71,70,85,100,125,111,92,89,87,101,88,71,68,63,57,52,11,7
10,7,0,11,25,67,68,68,93,107,89,93,102,91,95,103,128,92,79,70,62,53,7,0
3,8,5,10,52,58,58,71,89,101,99,113,110,109,115,113,103,78,76,62,56,53,9,0
10,11,10,53,66,61,59,75,102,124,140,144,144,135,130,127,100,100,71,55,50,53,30,0
9,13,21,54,57,67,57,66,102,130,152,153,137,154,152,138,121,78,65,52,34,54,58,15
4,12,47,60,60,51,56,85,108,136,159,138,141,158,159,157,122,65,55,20,50,66,61,13
3,6,46,57,60,44,42,68,106,125,141,145,141,152,148,134,107,66,50,13,17,72,64,43
9,9,59,66,64,75,31,65,104,118,128,126,125,137,131,119,108,69,17,11,46,64,105,53
7,5,4,14,9,7,21,62,105,120,122,118,117,106,84,92,104,55,38,11,11,17,40,40
5,11,24,12,13,10,39,61,75,85,108,103,83,77,73,89,101,57,14,10,0,4,4,7
0,9,11,7,13,28,56,66,73,73,78,123,105,123,95,94,111,100,69,13,10,8,10,8
5,8,8,13,14,21,39,81,158,149,177,143,163,167,157,153,127,91,64,40,28,14,7,3
0,6,12,23,32,50,75,132,154,156,168,213,199,202,194,161,161,130,102,51,12,9,3,2
0,7,12,14,27,88,110,142,175,189,210,252,221,230,202,197,164,123,106,36,13,6,9,3
8,10,14,27,37,59,113,137,176,188,198,214,196,225,182,170,165,125,65,36,20,13,0,0
7,0,11,25,39,55,101,135,170,159,188,157,142,195,190,173,144,121,71,50,12,11,0,0
0,0,5,13,33,53,101,123,124,134,127,108,100,133,140,135,121,99,44,29,14,10,4,0
0,0,9,9,14,68,107,118,114,121,106,56,12,100,111,113,112,101,64,13,4,8,3,0
0,0,0,8,23,38,95,101,111,106,103,103,11,64,102,104,103,75,33,8,0,0,0,0
0,0,0,0,0,8,92,104,107,107,105,108,9,14,101,101,96,54,14,4,10,9,1,0
6,0,0,4,5,7,39,102,104,103,110,102,14,6,87,84,63,13,9,8,8,0,0,0
2,0,3,0,5,6,32,100,100,88,102,68,83,11,61,62,42,12,10,0,0,0,0,4
0,7,0,1,4,2,0,8,14,88,68,56,26,1,18,0,9,0,0,0,0,0,0,0
0,3,0,0,0,4,1,10,47,48,50,51,37,14,0,0,6,0,0,0,0,0,0,0
3,0,0,4,10,4,0,8,22,46,41,37,28,14,6,1,5,7,4,0,0,0,3,0
2,0,0,7,0,5,9,10,52,62,56,44,7,5,0,0,0,1,0,0,0,0,0,0
0,0,7,0,7,11,9,26,65,64,66,56,14,3,6,1,0,0,0,0,0,0,0,5
0,0,10,0,5,7,12,31,81,78,74,57,26,4,2,0,0,0,1,0,0,0,0,0
0,4,3,2,4,10,13,50,59,74,60,51,12,3,6,0,2,0,3,0,0,0,0,0
0,9,0,0,0,6,13,31,57,57,57,53,10,0,0,4,0,0,0,0,0,0,0,0
4,0,0,7,9,6,6,16,33,57,67,16,11,0,0,0,0,0,0,0,0,0,0,0
3,3,0,3,5,8,7,9,34,59,51,29,8,3,0,0,0,0,0,2,0,0,0,2
0,0,0,0,0,6,2,8,12,53,56,33,13,1,0,0,0,0,0,0,0,0,0,0
0,0,0,0,0,6,8,6,6,50,54,30,13,12,4,0,0,0,0,0,0,0,0,0
0,0,0,0,6,4,3,10,8,37,70,56,50,10,14,10,12,6,0,0,0,0,3,2
3,2,4,0,0,10,8,10,19,22,80,145,67,40,12,12,15,12,10,0,0,0,5,7
0,9,9,1,5,12,36,22,13,31,123,279,100,52,26,5,7,0,0,1,0,0,4,5
7,9,6,13,13,13,10,7,24,13,37,44,21,10,3,2,1,0,0,7,0,3,0,4

0,5,3,8,1,4,7,0,14,33,44,52,57,51,50,25,12,8,11,6,1,0,0,0
2,4,8,11,15,13,13,24,37,56,54,58,63,55,52,62,50,44,14,9,3,0,0,6
2,4,0,0,13,16,31,28,52,55,77,89,63,67,59,57,46,34,21,0,0,0,0,0
2,0,0,7,4,22,30,50,50,54,59,70,80,79,64,54,48,14,6,0,3,3,0,0
2,0,0,1,17,26,50,53,54,59,65,97,68,71,71,78,68,59,43,10,10,0,0,0
0,0,0,3,0,14,61,61,77,81,93,89,94,82,76,98,86,61,67,55,50,25,5,2
0,0,0,0,10,54,71,70,85,100,125,110,92,89,86,101,88,71,68,63,57,52,11,7
10,7,0,11,25,67,68,68,94,107,89,93,102,91,95,103,128,92,79,70,62,53,7,0
3,8,5,10,52,59,58,71,89,101,99,113,110,109,115,113,104,78,76,62,56,53,9,0
10,11,10,53,66,61,59,76,102,124,141,144,144,136,131,127,100,100,71,55,50,53,31,1
9,13,21,54,57,67,57,66,103,130,152,154,138,155,153,138,121,78,65,52,34,54,58,15
4,12,47,60,60,51,56,85,108,136,159,138,141,157,158,157,122,65,55,21,50,66,61,13
3,6,47,57,60,43,42,68,106,124,141,144,140,151,147,134,106,66,50,13,16,72,64,43
9,9,60,66,64,76,30,65,104,118,128,125,124,136,130,118,107,69,17,11,47,64,105,53
7,6,5,14,9,8,21,62,105,120,122,118,116,105,83,91,104,55,37,11,11,17,43,42
5,11,24,12,13,10,38,61,75,84,108,103,82,76,72,87,101,57,14,10,0,4,5,8
0,9,11,7,13,30,55,66,73,72,78,122,104,122,94,93,111,100,68,13,10,8,9,8
6,8,8,13,14,21,39,81,158,148,176,142,163,166,156,152,127,90,63,40,28,14,7,2
0,6,12,24,32,50,75,132,155,155,167,213,199,202,194,160,161,130,102,51,12,9,3,2
0,7,12,14,28,88,111,142,175,188,209,251,221,230,202,197,164,123,106,36,13,6,9,3
8,10,14,27,37,59,113,138,176,188,198,214,196,225,182,170,165,125,65,36,20,13,0,0
7,0,11,25,39,55,101,136,171,160,189,158,142,196,190,174,144,121,72,50,12,11,0,0
0,0,5,13,34,53,101,123,125,134,127,108,100,133,141,135,122,100,45,29,14,11,4,0
0,0,9,9,14,68,107,118,114,121,106,58,12,101,111,113,112,101,64,13,4,8,3,0
0,0,0,8,24,39,96,101,111,106,103,103,12,68,103,104,103,76,33,9,0,0,0,0
0,0,0,0,0,9,92,104,107,107,105,108,9,14,101,101,95,54,14,4,10,9,1,0
6,0,0,4,5,7,40,102,103,103,110,102,14,6,90,82,63,13,9,9,8,0,0,0
2,0,3,0,5,7,32,100,100,88,102,68,82,11,62,63,43,13,10,0,0,0,0,4
0,7,0,1,4,2,0,8,14,88,68,56,26,1,20,1,10,0,0,0,0,0,0,0
0,3,0,0,0,4,1,10,47,48,50,52,37,15,0,0,7,0,0,0,0,0,0,0
3,0,0,4,10,4,0,8,22,47,41,36,28,14,6,2,5,7,4,0,0,0,3,0
2,0,0,8,0,5,9,10,53,62,56,45,7,5,0,0,0,1,0,0,0,0,0,0
0,0,7,0,7,11,9,26,65,64,66,56,14,3,6,1,0,0,0,0,0,0,0,5
0,0,10,0,5,7,13,31,81,78,74,57,26,5,2,0,0,0,2,0,0,0,0,0
0,4,3,2,4,10,13,50,60,74,60,51,12,3,6,0,2,0,3,0,0,0,0,0
0,9,0,0,0,6,13,31,57,57,57,53,10,0,0,4,0,0,0,0,0,0,0,0
4,0,0,7,9,6,6,17,32,57,67,18,11,0,0,0,0,0,0,0,0,0,0,0
3,3,0,3,6,8,7,9,34,59,51,28,8,3,0,0,0,0,0,2,0,0,0,2
0,0,0,0,0,6,2,8,12,53,56,32,13,1,0,0,0,0,0,0,0,0,0,0
0,0,0,0,0,6,8,6,6,50,54,28,13,12,4,1,0,0,0,0,0,0,0,0
0,0,0,0,6,4,3,10,8,37,70,56,50,10,14,10,12,6,0,0,0,0,3,2
3,2,4,0,0,11,9,10,19,23,80,145,67,40,12,12,15,12,10,0,0,0,5,7
0,9,9,1,5,12,37,23,13,31,123,281,101,52,29,6,8,0,0,2,0,0,4,5
7,9,6,13,13,13,10,7,24,13,37,43,21,10,3,3,2,0,0,7,0,3,0,4

0,5,3,7,1,4,7,0,14,34,46,53,57,51,50,25,12,8,11,6,1,0,0,0
2,4,8,11,15,13,13,23,37,56,54,58,63,55,52,61,50,45,14,9,3,0,0,7
2,4,0,0,13,16,31,27,52,55,75,89,63,67,59,58,47,34,21,0,0,0,0,0
2,0,0,7,5,22,30,50,50,55,60,70,80,79,65,54,47,14,6,0,3,3,0,0
2,0,0,1,17,26,50,53,54,59,65,97,68,71,71,77,68,59,44,10,10,0,0,0
0,0,0,3,0,14,61,61,77,82,93,89,94,82,76,98,86,61,67,54,50,25,5,2
0,0,0,0,10,54,71,70,85,100,125,110,92,89,86,101,88,71,68,63,57,52,11,7
10,7,0,11,25,67,68,68,94,107,89,93,102,91,95,103,129,92,79,70,62,52,7,0
3,8,5,10,52,58,58,71,89,101,99,113,110,108,115,113,104,78,76,62,56,53,9,0
10,11,10,53,66,61,59,76,102,124,140,144,143,135,130,127,100,100,71,55,50,53,30,0
9,13,22,54,57,67,57,66,103,130,152,153,137,154,152,138,121,77,65,52,35,54,59,15
4,12,48,60,60,51,56,85,108,136,159,138,140,157,158,156,122,65,55,21,50,66,61,13
3,6,47,57,59,44,42,68,106,125,141,144,140,151,147,133,106,65,50,13,17,72,64,44
9,9,60,67,65,77,29,65,104,118,128,125,124,136,130,118,107,68,17,11,47,64,105,53
8,6,5,14,9,8,20,62,105,119,121,117,115,105,83,90,104,55,35,11,11,17,43,43
5,11,25,12,13,10,37,60,75,84,108,102,82,75,71,87,101,57,14,10,0,5,5,7
0,9,11,7,13,31,55,66,73,72,78,121,103,121,93,93,110,100,69,13,10,8,10,8
6,8,8,13,14,21,39,81,157,148,176,142,162,165,155,151,127,90,63,40,28,14,7,2
0,6,12,23,32,50,75,132,154,156,167,213,198,201,194,160,160,130,102,51,12,9,3,2
0,7,12,14,28,88,111,142,175,189,210,251,221,230,202,197,164,122,106,35,13,6,9,3
8,10,14,27,37,59,114,138,177,189,198,215,196,225,182,170,165,125,65,36,20,13,0,0
7,0,11,25,39,55,102,136,172,161,189,159,143,196,191,174,144,121,72,50,12,11,0,0
0,0,5,13,34,53,101,123,125,135,128,108,101,134,141,136,123,100,45,30,14,11,4,0
0,0,9,9,14,68,107,118,114,121,106,60,12,101,111,113,112,101,62,13,4,8,4,0
0,0,0,8,24,39,96,101,111,106,103,103,12,68,103,104,103,76,35,9,0,0,0,0
0,0,0,0,1,9,92,104,107,106,105,108,9,14,101,101,95,52,14,4,10,9,1,0
6,0,0,4,5,7,43,102,104,103,110,102,14,6,89,82,63,13,9,9,8,0,0,0
2,0,4,0,5,7,35,100,100,89,102,68,83,12,62,64,44,13,10,0,0,0,0,4
0,7,0,1,4,2,0,9,14,89,69,56,26,1,22,1,10,0,0,0,0,0,0,0
0,3,0,0,0,4,0,10,47,48,50,52,37,15,0,0,7,0,0,0,0,0,0,0
3,0,0,4,10,4,0,8,23,46,40,37,28,15,6,2,5,7,4,0,0,0,3,0
2,0,0,8,0,5,9,10,52,63,56,44,7,5,0,0,0,1,0,0,0,0,0,0
0,0,7,1,7,11,9,26,65,65,66,56,14,3,6,1,0,0,0,0,0,0,0,5
0,0,10,0,5,7,13,31,81,78,74,57,27,5,2,0,0,0,2,0,0,0,0,0
0,4,3,2,4,10,13,50,60,74,60,51,13,3,6,0,2,0,3,0,0,0,0,0
0,9,0,0,0,6,13,31,57,57,57,53,10,0,0,4,0,0,0,0,0,0,0,0
4,0,0,7,9,6,6,18,33,57,67,19,11,0,0,0,0,0,0,0,0,0,0,0
3,3,0,3,6,8,7,9,34,59,51,30,8,3,0,0,0,0,0,2,0,0,0,2
0,0,0,0,0,6,2,8,12,53,56,32,13,1,0,0,0,0,0,0,0,0,0,0
0,0,0,0,0,6,8,6,6,50,54,27,13,12,4,1,0,0,0,0,0,0,0,0
0,0,0,0,6,4,3,10,8,41,70,56,50,10,14,10,12,6,0,0,0,0,3,2
3,2,4,0,0,11,9,10,19,22,80,145,67,40,12,12,15,12,10,0,0,0,5,7
0,9,9,1,5,12,37,24,13,31,123,283,100,52,30,6,8,0,0,2,0,0,4,5
7,9,7,13,13,13,10,7,25,13,38,44,22,10,4,3,2,0,0,7,0,3,0,4

0,5,3,8,1,4,7,0,14,34,47,53,57,51,50,25,12,8,11,6,1,0,0,0
2,4,8,11,15,13,13,24,37,55,54,58,63,55,52,62,50,44,14,9,3,0,0,7
2,4,0,0,13,16,32,27,52,55,75,91,63,67,59,58,47,34,21,0,0,0,0,0
2,0,0,7,4,21,30,50,50,55,60,70,80,79,64,53,48,14,6,0,3,3,0,0
2,0,0,1,17,26,50,53,54,59,65,98,68,71,71,78,68,59,45,10,10,0,0,0
0,0,0,3,0,14,61,61,77,82,93,90,94,82,76,98,87,61,67,55,50,25,5,2
0,0,0,0,10,54,71,70,86,101,126,111,92,89,86,101,88,72,68,63,57,52,11,7
10,7,0,11,25,67,68,68,94,108,89,94,102,91,95,103,129,92,79,70,61,53,7,0
3,8,5,10,52,58,58,71,89,101,99,113,110,108,115,112,103,78,76,62,56,53,9,0
10,11,10,53,66,61,59,75,102,123,140,143,143,134,130,126,100,99,71,55,50,53,30,0
9,13,21,54,57,67,57,66,102,129,151,152,136,153,151,137,120,77,64,52,34,54,58,15
4,12,47,59,60,51,55,84,107,136,159,138,140,157,158,156,121,64,55,19,49,66,61,13
3,6,46,57,60,43,43,68,106,125,141,145,140,152,147,134,106,65,50,13,16,72,64,45
9,9,59,66,64,76,29,65,104,118,128,126,124,136,131,119,107,68,16,11,45,64,105,53
7,5,4,14,9,8,20,62,105,120,122,117,116,105,83,90,104,55,36,11,11,15,41,41
5,11,24,12,13,10,37,60,74,84,108,102,82,75,71,87,101,57,14,10,0,4,4,7
0,9,11,7,13,30,55,66,72,72,78,121,103,121,93,92,110,100,68,13,10,8,9,8
5,8,8,13,14,21,39,81,157,148,176,141,162,165,155,151,126,89,63,40,27,14,7,2
0,6,12,23,32,50,75,132,154,155,167,212,198,201,193,160,160,130,102,52,12,9,3,2
0,7,12,14,29,88,111,143,176,189,210,251,221,230,202,197,164,122,106,35,13,6,9,3
8,10,14,27,37,59,114,138,177,189,198,215,196,226,182,170,165,125,65,36,20,13,0,0
7,0,11,25,39,55,102,136,173,161,190,160,143,196,191,174,145,121,72,50,12,11,0,0
0,0,5,13,35,53,101,124,126,135,128,109,101,134,141,136,123,100,45,30,14,11,4,0
0,0,10,9,14,68,107,118,114,121,106,60,12,101,111,113,113,101,64,13,4,8,4,0
0,0,0,8,24,40,96,101,111,106,103,103,12,70,103,104,103,77,35,9,0,0,0,1
0,0,0,0,1,9,92,104,107,106,105,108,9,14,101,101,95,54,14,4,10,9,1,0
6,0,0,4,6,7,43,102,104,103,111,102,14,7,92,82,63,13,10,9,8,0,0,0
2,0,4,0,5,7,33,100,100,88,102,68,82,12,63,64,44,13,10,0,0,0,0,4
0,7,0,1,5,2,0,9,15,88,68,56,26,1,24,2,10,0,0,0,0,0,0,0
0,3,0,0,0,4,0,9,47,48,50,51,37,16,0,0,7,0,0,0,0,0,0,0
3,0,0,4,10,4,0,8,22,47,41,36,28,15,7,3,5,7,4,0,0,0,3,0
2,0,0,8,0,5,9,10,53,63,56,45,7,5,0,0,0,1,0,0,0,0,0,0
0,0,7,1,7,11,9,27,65,65,66,56,14,4,6,1,0,0,0,0,0,0,0,5
0,0,10,0,5,7,13,31,81,79,74,57,27,5,2,0,0,0,2,0,0,0,0,0
0,4,3,2,4,10,13,50,60,74,60,51,12,3,6,0,2,0,3,0,0,0,0,0
0,9,0,0,0,6,13,31,57,57,57,53,11,0,0,4,0,0,0,0,0,0,0,0
4,0,0,7,9,6,7,19,33,57,67,20,11,0,0,0,0,0,0,0,0,0,0,0
3,3,0,3,6,8,7,9,34,59,51,29,8,4,0,0,0,0,0,2,0,0,0,2
0,0,0,0,0,6,3,8,12,53,56,33,13,1,0,0,0,0,0,0,0,0,0,0
0,0,0,0,0,6,8,6,6,50,54,27,13,12,4,1,0,0,0,0,0,0,0,0
0,0,0,0,6,4,3,10,8,40,70,56,50,11,14,10,12,6,0,0,0,0,3,2
3,2,4,0,0,11,9,10,19,21,80,145,67,40,12,12,15,12,10,0,0,0,5,7
0,9,9,1,5,12,38,23,14,31,123,284,101,53,31,7,8,0,0,2,0,0,5,5
7,9,6,13,13,14,10,8,27,13,38,45,21,10,4,3,2,0,0,7,0,3,0,4

0,5,3,8,1,4,7,0,14,34,44,53,57,51,50,25,12,8,11,6,1,0,0,0
2,4,8,12,15,13,13,24,37,55,54,57,63,55,52,62,50,45,14,9,3,0,0,7
3,4,0,0,13,16,31,28,52,55,77,89,63,67,60,58,47,36,21,0,0,0,0,0
2,0,0,7,4,22,30,50,50,54,59,70,80,79,64,54,48,14,6,0,3,3,0,0
2,0,0,1,17,26,50,53,53,59,65,98,69,71,71,78,68,60,45,10,10,0,0,0
0,0,0,3,0,14,61,60,76,81,93,90,95,83,76,98,87,61,67,54,50,26,5,2
0,0,0,0,10,54,71,70,86,101,126,112,92,89,87,101,88,72,68,63,57,52,11,7
10,7,0,11,25,67,68,68,94,108,89,94,103,91,95,103,129,92,79,70,62,53,7,0
3,8,5,10,52,58,58,71,89,101,99,113,110,108,115,112,103,78,76,62,56,53,9,0
10,11,10,53,66,61,59,75,101,123,140,143,143,134,130,126,99,99,71,55,50,53,30,0
9,13,20,54,57,67,56,66,102,129,150,152,136,153,151,137,120,77,64,51,33,54,58,15
4,12,48,59,60,51,55,85,107,136,160,138,140,157,158,155,121,64,55,17,49,66,61,13
3,6,46,57,60,43,42,68,106,125,141,145,141,152,148,134,106,65,50,13,16,72,64,43
9,9,59,65,63,75,27,65,104,118,128,126,125,136,131,119,107,68,15,11,44,62,104,53
7,5,4,14,9,7,21,63,105,120,122,118,116,105,83,91,104,55,36,11,11,14,39,39
5,11,23,12,13,10,37,60,74,84,108,102,82,75,71,87,101,57,14,10,0,4,4,7
0,9,11,7,13,31,55,66,73,72,78,121,103,121,93,92,110,100,68,13,10,8,9,8
6,8,8,13,14,21,39,81,157,148,176,142,162,164,154,151,126,89,63,40,27,14,7,2
0,6,12,24,32,50,75,132,155,156,167,213,198,201,193,159,160,130,102,52,12,9,3,2
0,7,12,14,29,88,111,143,176,189,210,252,221,230,202,197,164,122,106,35,13,6,9,3
8,10,14,28,37,60,114,138,178,189,199,216,196,225,182,170,165,125,65,36,20,13,0,0
7,0,11,26,39,55,102,137,173,162,190,161,143,197,191,175,145,121,72,50,12,11,0,0
0,0,5,13,35,53,101,124,126,135,128,109,101,135,142,137,124,100,45,30,14,11,4,0
0,0,10,9,14,68,107,118,114,121,106,60,12,101,112,113,113,101,62,13,4,8,3,0
0,0,0,8,24,40,96,101,112,106,103,103,12,71,103,104,104,77,37,9,0,0,0,0
0,0,0,0,1,9,92,104,107,107,105,108,9,14,101,101,96,55,14,4,10,9,1,0
6,0,0,4,6,7,43,102,104,103,111,102,14,7,92,82,63,13,10,9,8,0,0,0
2,0,4,0,5,7,35,100,100,89,102,68,82,12,63,64,44,13,10,0,0,0,0,4
0,7,0,1,5,2,0,9,15,90,69,56,27,1,25,2,10,0,0,0,0,0,0,0
0,3,0,0,0,4,0,9,47,48,51,52,37,16,0,0,8,0,0,0,0,0,0,0
3,0,0,4,10,4,0,8,23,46,41,36,28,16,7,3,6,7,4,0,0,0,3,0
2,0,0,8,0,5,9,10,53,63,56,46,7,6,0,0,0,1,0,0,0,0,0,0
0,0,7,1,7,11,9,28,65,65,66,56,14,4,6,1,0,0,0,0,0,0,0,5
0,0,10,0,5,7,13,31,81,79,74,57,27,5,2,0,0,0,2,0,0,0,0,0
0,4,3,2,4,10,13,50,60,74,60,51,13,3,6,0,3,0,3,0,0,0,0,0
0,9,0,0,0,6,14,32,57,57,57,53,11,0,0,5,0,0,0,0,0,0,0,0
4,0,0,7,9,6,6,17,33,57,67,18,11,0,0,0,0,0,0,0,0,0,0,0
3,3,0,3,6,8,7,9,34,59,51,29,8,4,0,0,0,0,0,2,0,0,0,2
0,0,0,0,0,6,3,8,12,53,56,33,13,1,0,0,0,0,0,0,0,0,0,0
0,0,0,0,0,6,8,6,6,50,54,28,13,12,4,1,0,0,0,0,0,0,0,0
0,0,0,0,6,4,3,10,8,40,70,55,50,10,14,10,12,6,0,0,0,0,3,2
3,2,4,0,0,11,9,10,20,23,81,146,67,40,12,12,14,12,10,0,0,0,5,7
0,9,9,1,5,12,38,24,13,31,123,285,101,53,31,7,8,0,0,2,0,0,5,5
7,9,7,13,13,14,10,8,26,13,38,45,22,11,4,3,2,0,0,7,0,3,0,4

0,5,3,8,1,4,7,0,14,34,44,53,56,51,50,27,12,8,11,6,1,0,0,0
2,4,8,12,15,13,13,24,37,56,54,57,63,55,52,62,50,45,14,9,3,0,0,7
3,4,0,0,13,16,31,27,52,55,76,91,63,67,60,58,47,34,21,0,0,0,0,0
2,0,0,7,4,22,30,50,50,54,59,70,80,79,64,54,48,14,6,0,3,4,0,0
2,0,0,1,17,26,50,53,54,59,65,98,69,72,71,78,68,59,45,10,10,0,0,0
0,0,0,3,0,14,61,61,77,81,93,90,95,83,76,98,86,61,67,54,50,25,5,2
0,0,0,0,10,54,71,70,85,101,126,111,92,89,87,101,88,72,68,63,57,52,11,7
10,7,0,11,24,67,68,68,94,109,89,94,103,91,95,103,128,92,79,70,62,53,7,0
3,8,5,10,52,59,58,71,89,102,100,114,110,109,115,112,103,78,76,62,56,53,9,0
10,11,10,53,66,61,59,75,102,123,140,144,143,135,130,126,100,99,71,55,50,53,30,0
9,13,21,54,57,67,56,66,102,129,151,152,136,153,151,137,120,77,64,51,33,54,58,15
4,12,47,60,60,51,55,85,107,135,159,137,140,156,157,155,121,64,55,18,49,66,61,13
3,6,46,57,59,44,42,68,106,125,141,145,140,151,147,133,106,65,50,13,15,72,64,43
9,9,59,66,64,75,29,66,104,118,128,126,124,136,130,118,107,68,15,11,45,63,104,53
8,5,5,14,9,8,20,62,105,119,122,117,116,105,83,90,104,55,37,11,11,17,39,40
5,11,24,12,13,10,37,61,74,85,108,102,82,75,71,86,101,57,14,10,0,4,4,7
0,9,11,7,13,31,55,65,72,72,77,121,102,121,93,92,110,100,69,13,10,8,9,8
6,8,8,13,14,21,39,80,157,147,175,141,161,164,154,150,126,89,63,40,27,14,7,2
0,6,12,23,32,50,75,132,154,155,167,212,198,201,193,159,160,130,102,52,12,9,3,1
0,7,12,14,29,88,111,143,176,189,210,251,221,230,202,197,164,123,106,35,13,6,9,3
8,10,14,28,37,60,114,138,178,189,199,215,197,226,182,170,165,125,65,36,20,13,0,0
7,0,11,26,39,55,102,137,173,162,191,161,143,197,191,175,145,122,72,50,12,11,0,0
0,0,5,13,35,53,102,124,126,135,128,109,101,135,142,137,124,100,45,30,14,11,4,0
0,0,10,9,14,68,107,118,114,121,106,60,12,101,112,114,113,101,63,13,4,8,4,0
0,0,0,8,24,40,96,101,112,106,103,103,12,72,103,104,104,76,35,9,0,0,0,0
0,0,0,0,1,9,93,104,107,107,105,108,9,14,101,101,95,54,14,4,10,9,1,0
6,0,0,4,6,7,43,102,104,103,111,102,14,7,92,82,63,13,10,9,8,0,0,0
2,0,4,0,5,7,36,100,100,89,103,68,83,12,64,65,46,14,10,0,0,0,0,5
0,7,0,1,5,2,0,9,16,90,69,56,27,1,26,2,11,0,0,0,0,0,0,0
0,3,0,0,0,5,0,9,47,48,51,52,38,16,0,0,8,0,0,0,0,0,0,0
3,0,0,4,10,4,0,8,23,47,41,36,29,16,7,4,6,7,4,0,0,0,3,0
2,0,0,8,0,5,9,10,53,63,57,44,8,6,0,0,0,2,0,0,0,0,0,0
0,0,7,1,7,11,9,28,65,65,66,56,14,4,6,1,0,0,0,0,0,0,0,5
0,0,10,0,5,8,13,32,82,79,75,58,29,6,3,0,0,0,2,0,0,0,0,0
0,4,3,2,4,10,13,50,60,74,60,51,13,3,6,0,3,0,3,0,0,0,0,0
0,9,0,0,0,6,14,32,57,58,57,53,11,0,0,5,0,0,0,0,0,0,0,0
4,0,0,7,9,6,7,18,33,57,67,20,11,0,0,0,0,0,0,0,0,0,0,0
3,3,0,3,6,9,7,9,34,59,51,30,8,4,0,0,0,0,0,2,0,0,0,2
0,0,0,0,0,6,3,8,12,53,56,32,13,1,0,0,0,0,0,0,0,0,0,0
0,0,0,0,0,6,8,6,6,50,54,29,13,12,5,1,0,0,0,0,0,0,0,0
0,0,0,0,6,4,3,10,8,40,70,55,50,10,14,10,12,6,0,0,0,0,3,2
3,3,4,0,0,11,9,10,20,24,81,146,67,43,12,12,15,12,10,0,0,0,5,7
0,9,9,1,5,12,40,25,14,31,123,287,101,53,31,7,8,0,0,2,0,0,5,5
7,9,7,13,13,14,10,8,26,13,38,43,23,11,5,3,2,1,0,7,0,3,0,4

0,5,3,8,1,4,7,0,14,34,43,53,57,51,50,27,13,8,11,6,1,0,0,0
3,4,8,11,14,14,13,24,37,56,54,58,63,55,52,62,50,45,14,9,3,0,0,7
3,4,0,0,13,16,31,28,52,55,76,88,63,67,59,58,48,34,21,0,0,0,0,0
2,0,0,7,4,21,30,50,51,54,59,71,80,80,64,54,48,14,6,0,4,4,0,0
2,0,0,1,17,26,50,53,54,59,65,97,69,72,71,78,68,59,45,10,10,0,0,0
0,0,0,3,0,14,61,61,77,81,93,90,95,83,76,98,86,61,67,55,50,25,5,2
0,0,0,0,10,54,71,70,86,101,126,111,93,89,87,101,88,71,68,63,57,52,11,7
10,7,0,11,25,67,68,68,94,108,89,94,102,91,95,103,128,91,79,70,62,53,7,0
3,8,5,10,52,58,58,72,89,102,100,113,110,108,115,112,103,78,76,62,56,53,9,0
10,11,10,53,66,61,59,75,102,123,140,143,143,134,129,126,99,99,71,55,50,53,30,0
9,13,21,54,57,67,57,66,102,129,151,152,136,153,150,137,120,77,64,52,33,54,58,15
4,12,48,60,60,51,56,85,107,135,158,137,140,156,157,155,121,64,55,19,50,66,61,13
3,6,46,57,60,43,42,68,106,125,141,144,139,150,146,133,106,65,50,13,15,72,64,44
9,9,60,66,64,76,29,65,104,118,128,125,124,135,130,118,107,68,16,11,46,64,105,53
7,6,5,14,9,8,21,62,105,119,121,117,115,104,82,90,104,55,36,11,11,18,41,42
5,11,24,12,13,10,37,60,74,84,108,102,81,75,71,86,101,57,14,10,0,4,5,7
0,9,11,7,13,32,55,66,72,72,77,120,102,120,92,92,110,100,69,13,10,8,9,8
6,8,8,13,14,21,39,80,156,147,174,141,161,163,153,150,126,89,63,40,27,14,7,2
0,6,12,24,32,50,75,131,154,155,167,212,198,201,193,159,160,130,102,52,12,9,3,1
0,7,12,14,28,88,111,143,176,189,210,252,222,230,202,197,164,123,106,35,13,6,8,3
8,10,14,28,37,60,114,139,178,189,199,216,197,226,182,170,165,125,65,36,20,13,0,0
7,0,11,26,40,55,102,137,173,162,191,162,143,197,192,175,145,122,72,50,12,11,0,0
0,0,5,13,36,53,102,124,126,135,128,109,101,135,142,137,124,101,45,30,14,11,4,0
0,0,10,9,14,68,108,119,114,122,106,60,12,101,112,114,113,101,63,13,4,8,4,0
0,0,0,8,25,40,96,101,112,106,103,103,12,72,103,104,104,77,36,9,0,0,0,0
0,0,0,0,1,9,94,104,107,107,105,108,9,15,101,101,96,52,14,4,10,9,1,0
6,0,0,4,6,7,43,102,104,103,111,102,14,7,92,82,63,13,10,9,8,0,0,0
2,0,4,0,5,7,36,100,100,90,102,68,83,12,63,65,46,14,11,0,0,0,0,4
0,7,0,1,5,2,0,9,17,90,69,56,26,2,26,3,11,0,0,0,0,0,0,0
0,3,0,0,0,5,0,9,47,48,51,52,38,17,0,0,8,0,0,0,0,0,0,0
3,0,0,4,10,4,0,7,23,46,41,36,29,16,7,4,6,7,4,0,0,0,3,0
2,0,0,8,0,5,9,10,53,63,57,46,8,6,0,0,0,2,0,0,0,0,0,0
0,0,7,1,7,11,9,29,65,65,66,56,14,5,6,1,0,0,0,0,0,0,0,5
0,0,10,0,5,8,13,32,82,79,75,58,27,6,3,0,0,0,2,0,0,0,0,0
0,4,3,2,4,10,13,50,60,75,60,51,12,3,6,0,3,0,3,0,0,0,0,0
0,9,0,0,0,6,13,32,58,57,57,53,11,0,0,5,0,0,0,0,0,0,0,0
4,0,0,7,9,6,7,18,33,57,67,20,11,0,0,0,0,0,0,0,0,0,0,0
3,3,0,3,6,9,7,9,35,59,51,30,9,4,0,0,0,0,0,2,0,0,0,2
0,0,0,0,0,6,3,8,12,53,56,32,13,1,0,0,0,0,0,0,0,0,0,0
0,0,0,0,0,6,8,6,6,50,54,30,13,12,5,1,0,0,0,0,0,0,0,0
0,0,0,0,7,4,3,10,8,40,69,55,50,10,14,10,12,6,0,0,0,0,3,2
3,3,4,0,0,11,9,11,20,23,81,146,67,43,13,12,15,12,10,0,0,0,5,7
0,9,9,1,6,12,40,25,14,31,124,288,101,53,32,7,8,0,0,2,0,0,5,5
7,9,7,13,13,14,10,8,26,13,38,46,23,11,5,3,2,1,0,7,0,3,0,4

0,5,3,8,1,4,7,0,14,34,44,53,57,51,50,25,13,8,11,6,1,0,0,0
3,4,8,12,15,14,13,24,38,55,54,58,63,55,52,62,50,47,14,9,3,0,0,7
3,4,0,0,13,16,31,27,52,55,76,90,63,67,60,58,48,36,23,0,0,0,0,0
2,0,0,7,4,22,30,50,50,54,60,70,80,80,65,54,48,14,6,0,4,4,0,0
2,0,0,1,17,26,50,53,53,59,65,97,69,72,71,77,68,60,44,10,10,0,0,0
0,0,0,3,0,14,61,61,77,81,93,90,95,83,76,98,86,61,67,55,50,25,5,2
0,0,0,0,10,54,71,70,86,101,126,112,92,89,86,101,88,71,68,63,57,52,11,7
10,7,0,11,25,67,68,68,94,109,90,93,102,91,94,103,128,91,79,70,62,53,7,0
3,8,5,10,52,59,58,71,89,102,100,113,110,108,115,112,103,78,76,62,56,53,9,0
10,11,10,53,66,61,59,75,102,124,140,143,143,134,129,126,99,99,71,55,50,53,31,0
9,13,21,54,57,67,57,66,102,130,151,152,136,153,150,137,120,77,64,51,34,54,59,15
4,13,48,60,60,51,56,86,108,135,158,137,139,156,157,155,121,64,55,20,50,66,61,13
3,6,47,57,60,44,43,68,106,125,140,144,139,150,146,133,106,65,50,13,16,72,64,43
9,9,61,67,64,77,29,65,104,118,127,125,123,135,129,118,107,68,17,11,46,64,105,53
8,6,5,14,9,8,20,62,105,119,121,117,115,104,82,89,103,55,36,11,11,20,45,44
5,11,23,12,13,10,37,60,74,84,108,102,81,74,71,85,101,56,14,10,0,5,5,7
0,9,11,7,13,31,55,65,72,72,77,120,102,120,92,91,110,100,69,13,10,8,9,8
6,8,8,13,14,21,39,80,156,147,174,140,161,163,153,149,126,89,63,40,27,14,7,2
0,6,12,23,32,50,75,131,154,155,166,212,198,201,192,159,160,130,102,52,12,9,3,1
0,7,12,14,30,88,111,143,176,189,210,250,221,230,202,196,164,122,107,35,13,5,8,3
8,10,14,28,37,60,114,139,178,190,199,216,197,226,182,170,165,125,65,36,20,13,0,0
7,0,11,26,40,55,102,137,174,163,191,162,144,198,192,176,145,122,72,50,12,11,0,0
0,0,5,13,35,53,102,124,127,135,128,109,101,136,143,137,124,101,45,30,14,11,4,0
0,0,10,9,14,68,107,119,114,121,106,60,12,101,112,114,113,101,64,13,4,8,4,0
0,0,0,8,25,40,96,101,112,106,103,103,12,72,103,104,104,76,37,9,0,0,0,1
0,0,0,0,1,9,94,104,107,107,105,108,9,15,101,101,98,54,14,4,10,9,1,0
6,0,0,4,6,8,44,102,104,103,111,102,14,7,92,82,63,13,10,9,8,0,0,0
2,0,4,0,5,7,35,100,100,89,102,68,84,12,64,66,46,14,11,0,0,0,0,4
0,7,0,1,5,2,0,9,17,91,69,56,28,2,26,3,11,0,0,0,0,0,0,0
0,3,0,0,0,4,1,9,47,49,51,52,38,17,0,0,8,0,0,0,0,0,0,0
3,0,0,4,10,4,0,7,23,46,41,36,29,17,7,5,6,7,4,0,0,0,3,0
2,0,0,8,0,5,9,10,53,64,57,46,8,6,0,0,0,2,0,0,0,0,0,0
0,0,7,1,7,11,9,29,65,65,66,56,14,5,5,1,0,0,0,0,0,0,0,5
0,0,10,0,5,8,13,32,81,79,75,58,28,6,3,0,0,0,2,0,0,0,0,0
0,4,3,2,4,10,13,50,60,75,60,51,12,3,6,0,3,0,3,0,0,0,0,0
0,9,0,0,0,6,14,31,57,57,57,53,11,0,0,5,0,0,0,0,0,0,0,0
4,0,0,7,9,6,7,19,33,57,67,19,11,0,0,0,0,0,0,0,0,0,0,0
3,3,0,3,6,9,8,9,36,59,51,30,9,4,0,0,0,0,0,2,0,0,0,2
0,0,0,0,0,6,3,8,12,53,56,33,13,1,0,0,0,0,0,0,0,0,0,0
0,0,0,0,0,6,8,6,6,50,54,31,13,12,5,1,0,0,0,0,0,0,0,0
0,0,0,0,7,4,3,10,8,41,70,55,50,11,14,10,12,6,0,0,0,0,3,3
3,3,4,0,0,11,9,11,20,24,81,146,67,44,12,12,14,12,11,0,0,0,5,7
0,9,9,1,6,12,40,27,13,31,124,287,101,53,32,7,8,0,0,2,0,0,5,5
7,9,7,13,13,14,10,8,27,13,38,44,23,11,5,3,2,1,0,7,1,3,0,4

0,5,3,8,1,4,7,0,14,34,46,53,57,51,50,28,13,8,11,6,1,0,0,0
3,4,8,11,15,13,13,24,37,56,54,58,63,55,52,61,50,47,14,9,4,0,0,7
3,4,0,0,13,16,31,28,52,55,77,90,63,67,60,58,48,36,23,0,0,0,0,1
2,0,0,7,4,21,30,50,51,54,60,70,80,80,65,54,48,14,6,0,4,4,0,0
2,0,0,1,17,26,50,53,54,59,65,97,68,71,71,77,68,59,45,10,10,0,0,0
0,0,0,3,0,14,61,61,77,81,93,89,94,82,76,98,86,62,67,55,50,26,5,2
0,0,0,0,10,54,71,70,86,101,126,111,92,89,86,101,88,71,68,63,57,52,11,7
10,7,0,11,26,67,69,68,94,109,90,93,102,90,94,103,128,91,79,70,62,53,7,0
2,8,5,10,52,59,58,72,90,102,100,113,110,108,115,112,103,78,76,62,56,53,9,0
10,11,10,53,66,61,59,76,102,124,141,144,143,134,129,126,100,99,71,55,50,53,30,0
9,13,21,54,57,67,57,66,103,130,151,152,136,153,151,137,120,77,64,52,35,54,59,15
4,12,48,60,60,51,56,85,108,135,158,137,140,156,157,155,121,64,55,20,50,66,61,13
3,6,47,58,60,44,43,68,106,124,140,144,139,149,146,132,106,65,50,14,17,74,64,44
9,9,60,67,64,78,30,65,104,118,127,125,123,135,129,117,107,68,16,11,46,65,105,53
8,6,5,14,9,8,21,62,105,119,121,116,114,103,82,89,103,55,36,11,11,21,45,45
5,11,24,12,14,10,37,60,74,84,107,101,81,74,70,85,100,56,14,10,0,5,5,7
0,9,11,7,13,31,55,65,72,72,77,120,101,120,92,91,110,100,69,13,10,8,9,8
6,8,8,13,14,21,39,80,156,146,173,141,161,163,153,149,126,89,63,40,27,14,7,2
0,6,12,24,32,50,75,131,154,155,166,212,198,200,192,158,159,129,102,52,12,9,3,1
0,7,12,14,28,88,111,143,176,189,210,251,221,230,201,196,164,122,106,34,13,5,8,3
8,10,14,28,37,60,114,139,178,190,199,215,197,226,182,170,165,125,65,36,20,13,0,0
7,0,11,26,39,55,102,137,174,162,191,162,144,198,192,176,145,122,73,50,12,11,0,0
0,0,5,13,36,53,102,125,127,136,128,109,101,136,143,138,125,101,45,30,14,11,4,0
0,0,10,9,14,68,108,119,114,122,106,64,12,101,112,114,113,101,63,13,4,8,4,0
0,0,0,8,25,40,96,101,112,106,104,103,12,74,103,104,104,77,39,9,0,0,0,1
0,0,0,0,1,9,93,104,107,107,105,108,9,16,101,101,95,52,14,4,10,9,1,0
6,0,0,4,6,8,46,102,104,103,111,102,14,7,93,82,65,13,10,9,8,0,0,0
2,0,4,0,5,7,36,100,100,89,102,69,84,12,64,66,46,14,11,0,0,0,0,4
0,7,0,1,5,2,0,9,19,91,69,56,27,2,26,3,11,1,0,0,0,0,0,0
0,3,0,0,0,5,0,9,47,48,51,52,38,17,0,0,8,0,0,0,0,0,0,0
3,0,0,4,10,4,0,8,23,47,41,36,29,17,7,5,6,7,4,0,0,0,3,0
2,0,0,8,0,5,9,10,53,63,56,46,8,6,0,0,0,2,0,0,0,0,0,0
0,0,7,1,7,11,9,30,65,65,66,56,14,5,5,1,0,0,0,0,0,0,0,5
0,0,10,0,5,8,13,32,82,79,75,57,27,6,3,0,0,0,2,0,0,0,0,0
0,4,3,2,4,11,13,50,60,75,60,51,12,3,6,0,3,0,3,0,0,0,0,0
0,9,0,0,0,6,14,31,58,57,57,53,11,0,0,5,0,0,0,0,0,0,0,0
4,0,0,7,9,6,7,20,33,57,67,18,11,0,0,0,0,0,0,0,0,0,0,0
3,3,0,3,6,9,8,9,35,59,51,30,9,4,0,0,0,0,0,2,0,0,0,2
0,0,0,0,0,6,3,8,12,53,56,32,13,1,0,0,0,0,0,0,0,0,0,0
0,0,0,0,0,6,8,6,6,50,54,31,13,12,5,2,0,0,0,0,0,0,0,0
0,0,0,0,7,4,3,10,8,41,70,55,50,11,14,10,12,6,0,0,0,0,3,3
3,3,4,0,0,11,9,11,20,24,81,146,67,42,13,12,14,12,10,0,0,0,5,7
0,9,9,1,6,12,41,28,14,31,124,288,101,53,32,8,8,0,0,2,0,0,5,5
7,9,7,13,13,14,10,8,27,13,38,46,23,11,5,3,2,1,0,7,0,3,0,4

0,5,3,8,1,4,7,0,14,34,46,53,56,51,50,25,13,8,11,6,1,0,0,0
3,5,8,11,15,13,13,24,37,56,54,58,63,55,52,61,50,45,14,9,4,0,0,7
3,4,0,0,13,16,32,28,52,55,78,90,63,68,60,58,48,37,24,0,0,0,0,1
2,0,0,7,5,22,30,50,50,54,59,70,80,80,65,54,49,14,6,0,4,4,0,0
2,0,0,1,17,26,50,53,53,59,65,97,68,71,71,77,68,59,46,10,10,0,0,0
0,0,0,3,0,14,61,61,76,81,93,89,94,82,76,97,86,61,67,54,50,25,5,2
0,0,0,0,10,54,71,70,86,101,126,111,92,88,86,101,88,71,68,63,57,52,11,7
11,7,0,11,25,67,68,68,95,109,90,94,102,90,94,102,128,92,79,70,62,53,7,0
3,8,5,10,52,58,58,71,90,102,100,114,110,108,115,112,103,78,76,62,56,53,9,0
10,11,10,53,66,61,59,76,102,123,140,144,143,134,130,126,99,99,71,55,50,53,30,0
9,13,21,54,57,67,57,66,102,129,151,152,136,153,150,137,120,77,64,52,33,54,58,15
4,12,47,60,60,51,56,85,107,135,159,138,140,156,157,155,121,64,55,19,50,66,61,13
3,6,47,57,60,44,43,68,105,125,141,144,140,151,147,133,106,65,50,13,15,72,64,43
9,9,60,66,64,76,27,66,104,118,128,125,124,135,130,118,107,68,15,11,45,64,105,53
8,6,5,14,9,8,20,62,105,119,121,116,115,104,82,89,103,55,36,11,11,18,40,42
5,11,24,12,13,10,37,60,74,84,108,101,81,74,70,85,101,56,14,10,0,4,5,7
0,9,11,7,13,32,55,65,72,72,77,120,102,120,92,91,110,100,69,13,10,8,9,8
6,8,8,13,14,21,39,80,156,146,174,141,161,163,152,149,126,89,63,40,27,14,7,2
0,6,12,23,32,50,75,132,154,155,166,212,198,200,192,158,159,129,102,51,12,9,3,1
0,7,12,14,31,88,111,143,176,189,210,251,221,230,201,196,163,122,106,35,13,5,8,3
8,10,14,28,38,60,114,139,178,190,199,216,197,226,182,170,165,125,65,36,20,13,0,0
8,0,11,26,40,55,103,138,174,163,191,163,144,198,192,176,145,122,73,50,12,11,0,0
0,0,5,13,36,53,102,125,127,136,129,109,102,136,143,138,125,101,45,30,14,11,4,0
0,0,10,10,14,68,108,119,114,122,106,62,12,101,112,114,113,101,63,13,4,8,4,0
0,0,0,8,25,41,96,101,112,106,103,103,12,75,103,104,104,77,37,9,0,0,0,1
0,0,0,0,1,9,93,104,107,107,105,108,9,17,101,101,95,54,14,5,10,9,1,0
6,0,0,4,6,8,44,102,104,103,111,102,14,7,95,84,64,13,10,9,8,0,0,0
2,0,4,0,5,7,36,100,100,90,102,68,83,12,65,65,46,14,11,0,0,0,0,5
0,7,0,1,5,2,0,9,23,91,69,57,29,2,27,3,11,1,0,0,0,0,0,0
0,3,0,0,0,4,0,9,47,49,51,52,38,18,0,0,8,0,0,0,0,0,0,0
3,0,0,4,10,4,0,7,24,47,42,37,29,17,7,5,6,7,4,0,0,0,3,0
2,0,0,8,0,5,9,10,53,63,56,45,8,6,0,0,0,2,0,0,0,0,0,0
0,0,7,1,7,11,9,29,65,65,66,56,14,5,5,1,0,0,0,0,0,0,0,5
0,0,10,0,5,8,13,32,82,79,75,57,28,6,3,0,0,0,2,0,0,0,0,0
0,4,3,2,4,11,13,50,60,75,60,51,13,3,6,0,3,0,3,0,0,0,0,0
0,9,0,0,0,6,14,32,57,58,57,53,11,0,0,5,0,0,0,0,0,0,0,0
4,0,0,7,9,6,7,20,33,57,67,20,11,0,0,0,0,0,0,0,0,0,0,0
3,3,0,3,6,9,8,10,34,59,51,28,9,4,0,0,0,0,0,2,0,0,0,2
0,0,0,0,0,6,3,8,12,53,56,33,13,1,0,0,0,0,0,0,0,0,0,0
0,0,0,0,0,6,8,6,6,50,54,27,13,12,5,1,0,0,0,0,0,0,0,0
0,0,0,0,7,4,3,10,8,45,69,55,50,10,14,10,12,6,0,0,0,0,3,3
3,3,4,0,0,11,9,11,20,24,81,146,67,43,13,12,14,12,11,0,0,0,5,7
0,9,9,1,6,12,41,28,14,31,124,289,101,53,33,8,8,0,0,2,0,0,5,5
7,9,7,13,13,14,10,8,27,13,38,45,23,11,5,3,2,1,0,7,1,3,0,4

0,5,3,8,1,4,7,0,14,33,45,53,57,51,50,27,13,8,11,6,2,0,0,0
3,5,8,11,14,13,13,25,37,56,54,58,63,55,52,62,50,47,14,9,4,0,0,7
3,4,0,0,13,16,32,27,52,55,75,89,63,68,60,58,50,34,23,0,0,0,0,1
2,0,0,7,5,21,30,50,50,55,60,70,80,79,65,54,48,14,6,0,4,4,0,0
2,0,0,1,18,26,50,53,53,59,65,97,68,71,71,78,68,60,44,10,10,0,0,0
0,0,0,3,0,14,61,61,76,81,93,89,94,82,76,97,87,62,67,54,50,26,5,2
0,0,0,0,10,54,71,70,85,101,126,111,92,88,86,101,88,72,68,63,57,52,11,7
10,7,0,11,25,67,69,68,95,109,90,94,103,91,94,102,128,92,79,70,62,53,7,0
3,8,5,10,52,58,58,71,89,102,100,114,110,109,115,112,103,78,76,62,56,53,9,0
10,11,10,53,66,61,59,75,102,123,140,144,143,135,130,126,99,99,71,55,50,53,30,0
9,13,20,54,57,67,57,66,102,129,151,152,136,153,151,137,120,77,64,52,33,54,58,15
4,12,47,59,60,51,56,85,107,135,159,137,140,156,157,155,121,64,55,18,49,66,61,13
3,6,46,57,59,43,42,68,106,125,141,145,140,151,147,133,106,65,50,13,15,72,64,43
9,9,59,65,63,75,27,66,104,118,128,126,124,136,130,118,107,68,15,11,44,64,104,53
7,5,4,14,9,8,20,63,105,120,121,117,115,104,82,90,103,55,36,11,11,16,40,38
5,11,23,12,13,10,37,60,74,84,108,102,81,74,71,85,101,56,14,10,0,4,4,7
0,9,11,7,13,32,55,65,72,72,77,120,102,120,92,91,110,100,69,13,10,8,9,8
6,8,8,13,14,21,39,80,156,147,174,141,161,163,153,149,126,89,63,40,26,14,7,2
0,6,12,24,32,50,75,132,154,155,167,212,198,200,192,158,159,129,102,51,12,9,3,1
0,7,12,14,30,88,111,143,176,189,210,251,221,230,201,196,163,122,106,35,13,5,8,3
8,10,14,28,38,60,114,139,178,190,199,216,197,226,182,170,165,125,65,36,20,13,0,0
8,0,11,26,40,55,103,138,174,163,192,163,144,198,192,176,145,122,72,50,12,11,0,0
0,0,5,13,36,53,102,125,127,136,129,110,102,136,143,138,125,101,45,30,14,11,4,0
0,0,10,10,14,69,108,119,115,122,106,61,12,101,112,114,114,101,63,13,4,8,4,0
0,0,0,8,26,40,96,101,112,106,104,103,12,75,103,104,104,76,37,9,0,0,0,1
0,0,0,0,1,9,94,104,107,107,105,108,9,17,101,101,96,54,15,5,10,9,1,0
6,0,0,4,6,8,46,102,104,103,111,102,14,7,92,84,64,13,10,9,8,0,0,0
2,0,4,0,5,7,36,100,100,91,102,69,83,12,63,66,46,14,11,0,0,0,0,5
0,7,0,1,5,2,0,9,20,91,68,56,28,2,27,3,11,1,0,0,0,0,0,0
0,3,0,0,0,4,0,9,47,49,51,52,38,18,0,0,8,0,0,0,0,0,0,0
4,0,0,4,10,4,0,7,24,47,42,37,29,17,7,5,6,7,4,0,0,0,3,0
2,0,0,8,0,5,9,10,53,63,57,44,8,7,0,0,0,2,0,0,0,0,0,0
0,0,7,1,7,11,9,30,65,65,66,56,14,5,5,1,0,0,0,0,0,0,0,5
1,0,10,0,5,8,13,32,82,79,75,58,28,6,3,0,0,0,2,0,0,0,0,0
0,4,3,2,4,11,13,50,61,75,61,51,13,3,7,0,3,0,3,0,0,0,0,0
0,9,0,0,0,6,14,32,57,58,57,53,11,0,0,5,0,0,0,0,0,0,0,0
4,0,0,7,9,6,7,19,33,57,67,21,11,0,0,0,0,0,0,0,0,0,0,0
3,3,0,3,6,9,8,10,34,60,51,30,9,4,0,0,0,0,0,2,0,0,0,2
0,0,0,0,0,6,3,8,12,53,56,33,14,2,0,0,0,0,0,0,0,0,0,0
0,0,0,0,0,6,8,6,6,50,54,30,13,12,5,1,0,0,0,0,0,0,0,0
0,0,0,0,7,4,3,10,8,45,69,55,50,11,14,10,12,6,1,0,0,0,3,3
3,3,4,0,0,11,9,11,20,24,81,146,67,43,13,12,14,12,10,0,0,0,5,7
0,9,9,1,6,12,40,28,14,31,124,289,101,53,33,8,8,0,0,2,0,0,5,5
7,9,7,13,13,14,10,8,28,13,37,45,23,11,5,3,3,1,0,7,1,3,0,4

0,5,3,8,1,4,7,0,15,33,44,53,56,51,50,25,13,8,11,6,1,0,0,0
3,5,8,11,15,13,13,24,37,56,54,58,63,55,52,62,50,45,14,9,4,0,0,8
3,4,0,0,13,16,32,27,52,55,77,91,63,67,60,58,48,34,23,0,0,0,0,1
2,0,0,7,4,21,30,50,50,54,60,70,80,80,65,54,48,14,6,0,4,4,0,0
2,0,0,1,17,26,50,53,53,58,65,97,68,71,71,77,68,59,44,10,10,0,0,0
0,0,0,3,0,14,61,61,76,81,92,89,94,82,76,97,86,61,67,55,50,26,5,2
0,0,0,0,10,54,71,70,85,100,125,111,92,89,86,101,88,71,68,63,57,52,11,7
11,7,0,11,25,67,68,68,94,108,89,94,102,91,95,103,128,91,79,70,62,53,7,0
3,8,5,10,52,59,58,71,89,102,99,114,111,109,115,112,103,78,76,62,56,53,9,0
10,11,10,53,66,61,59,75,102,123,141,144,144,136,130,126,99,99,71,55,50,53,29,1
9,13,20,54,57,67,57,66,102,129,151,153,137,154,151,137,120,77,64,52,33,54,58,14
4,12,47,59,60,51,55,85,107,135,159,138,140,157,158,156,121,64,55,19,49,66,61,13
3,6,46,57,59,44,43,68,106,125,141,145,141,151,147,133,106,65,50,13,15,73,64,42
9,9,59,66,64,75,27,66,104,118,128,126,124,136,130,118,107,68,15,11,45,64,104,53
7,5,4,14,9,8,21,62,105,119,121,117,115,104,82,90,103,55,37,11,11,16,40,38
4,11,23,12,13,10,36,60,74,84,108,101,81,74,71,85,101,56,14,10,0,4,4,7
0,9,11,7,13,32,55,65,72,72,77,121,102,120,92,91,110,100,68,13,10,8,9,8
6,8,8,13,14,21,39,80,156,147,174,141,161,163,153,149,126,89,63,40,27,14,7,2
0,6,12,23,32,50,75,132,154,154,166,212,198,200,192,158,159,129,102,51,12,9,3,1
0,7,12,14,31,88,111,143,177,189,210,251,221,230,201,196,164,122,107,35,13,5,8,3
8,10,14,28,37,61,114,139,178,190,199,216,197,225,182,170,165,125,65,36,20,13,0,0
8,0,11,26,40,55,103,138,175,163,192,163,144,198,192,176,145,122,73,50,12,11,0,0
0,0,5,13,36,53,102,125,127,136,129,109,102,136,143,138,125,101,45,30,14,11,4,0
0,0,10,10,14,68,108,119,115,122,106,62,12,101,112,114,113,101,63,13,4,8,4,0
0,0,0,8,26,40,96,101,112,106,104,103,12,75,103,104,104,76,36,9,0,0,0,1
0,0,0,0,1,9,96,104,107,107,105,109,9,17,101,101,96,56,14,5,10,9,1,0
6,0,0,4,6,8,44,102,104,103,111,102,14,7,93,82,64,13,10,9,8,0,0,0
2,0,4,0,5,7,35,100,100,90,102,68,84,12,64,66,46,14,11,0,0,0,0,5
0,7,0,1,5,2,0,9,20,91,69,56,29,2,27,3,11,1,0,0,0,0,0,0
0,3,0,0,0,5,0,9,47,49,51,52,39,18,0,0,8,0,0,0,0,0,0,0
4,0,0,4,10,4,0,7,24,47,41,36,29,18,7,6,6,7,4,0,0,0,3,0
2,0,0,8,0,5,9,10,53,64,57,45,8,7,0,0,0,2,0,0,0,0,0,0
0,0,7,1,7,11,9,30,65,65,66,56,14,5,5,1,0,0,0,0,0,0,0,5
0,0,10,0,5,8,13,32,82,80,75,58,28,6,3,0,0,0,2,0,0,0,0,0
0,4,3,2,4,10,13,50,60,75,61,51,13,3,7,0,4,0,3,0,0,0,0,0
0,9,0,0,0,6,14,31,58,58,57,53,11,0,0,5,0,0,0,0,0,0,0,0
4,0,0,7,9,6,7,20,33,57,67,22,11,0,0,0,0,0,0,0,0,0,0,0
3,3,0,3,6,9,8,9,35,59,51,31,9,4,0,0,0,0,0,3,0,0,0,2
0,0,0,0,0,6,3,8,12,53,56,33,14,2,0,0,0,0,0,0,0,0,0,0
0,0,0,0,0,6,8,6,6,50,54,30,13,12,5,1,0,0,0,0,0,0,0,0
0,1,0,0,7,4,3,10,9,47,70,55,50,11,14,10,12,6,1,0,0,0,3,3
3,3,4,0,0,11,9,11,20,25,81,146,67,43,13,12,14,12,11,0,0,0,5,7
0,9,9,1,6,12,40,29,14,31,124,290,101,53,33,8,8,0,0,2,0,0,5,5
7,9,7,13,13,14,10,8,28,13,38,46,23,11,5,3,3,2,0,7,1,3,0,4

0,6,3,8,1,4,7,0,14,34,46,53,56,51,50,25,13,8,11,6,2,0,0,0
3,5,8,12,14,13,13,24,37,56,54,58,63,55,52,62,50,47,14,9,4,0,0,8
3,4,0,0,13,16,31,28,52,55,76,91,64,67,60,58,48,36,21,0,0,0,0,1
2,0,0,7,5,22,30,50,50,54,60,69,80,80,65,53,48,14,6,0,4,4,0,0
2,0,0,1,17,26,50,53,53,59,65,97,68,71,70,77,68,59,43,10,10,0,0,0
0,0,0,3,0,14,61,61,76,81,92,89,94,82,76,97,86,61,67,54,50,25,5,2
0,0,0,0,10,54,71,70,85,100,125,111,92,89,86,101,88,71,68,63,57,52,11,7
11,7,0,11,25,67,68,68,94,108,89,94,102,91,95,103,128,92,79,70,62,53,7,0
3,8,5,10,52,59,58,71,89,102,100,114,111,109,115,112,103,78,76,62,56,53,9,0
10,11,10,53,66,61,59,75,102,124,141,145,144,136,130,127,100,100,71,55,50,53,30,0
9,13,20,54,57,67,56,66,102,129,151,153,137,154,151,137,120,77,64,52,33,54,58,15
4,12,48,60,60,51,56,85,107,136,159,138,140,157,157,156,121,64,55,20,50,66,61,13
3,6,46,57,60,44,42,68,106,125,141,144,140,150,147,133,106,65,50,13,15,72,64,43
9,9,60,66,64,76,29,66,104,118,128,125,124,135,129,118,107,68,16,11,46,64,105,53
8,6,5,14,9,8,20,62,105,119,121,117,115,104,82,89,103,55,35,11,11,17,41,41
5,11,24,12,13,10,37,60,74,84,108,101,81,74,70,85,100,56,14,10,0,4,5,7
0,9,11,7,13,32,55,65,72,72,77,120,101,120,91,91,110,100,68,13,10,8,9,8
6,8,8,13,14,21,39,80,156,147,174,140,161,163,152,149,125,88,63,40,27,14,7,2
0,6,12,23,32,50,75,132,154,154,166,211,198,200,192,158,159,129,102,51,12,9,3,1
0,7,12,14,31,88,111,143,176,189,210,251,221,229,201,196,163,122,107,35,13,6,8,3
8,10,14,28,37,60,114,139,178,190,199,215,197,225,182,170,165,126,65,36,20,13,0,0
8,0,11,26,40,55,103,138,175,163,192,163,144,198,192,176,145,122,73,50,12,11,0,0
0,0,5,13,36,53,102,125,127,136,129,109,102,136,143,138,125,101,45,30,14,11,4,0
0,0,10,10,14,68,107,119,115,122,106,62,12,101,112,114,114,101,64,13,5,8,4,0
0,0,0,8,26,40,96,101,112,106,103,103,12,77,103,104,104,76,36,9,0,0,0,1
0,0,0,0,1,9,95,104,107,107,105,108,9,20,101,101,96,55,16,5,10,9,1,0
6,0,0,4,6,8,46,102,104,103,111,102,14,7,95,84,64,13,10,9,8,0,0,0
2,0,4,0,5,8,35,100,100,90,102,68,84,12,64,67,47,14,11,0,0,0,0,4
0,7,0,1,5,2,0,9,22,91,69,57,29,2,29,3,11,1,0,0,0,0,0,0
0,3,0,0,0,5,1,9,47,49,51,52,39,18,0,0,8,0,0,0,0,0,0,0
4,0,0,4,10,4,0,7,23,47,42,36,29,18,7,6,6,7,4,0,0,0,3,1
2,0,0,8,0,5,9,10,53,63,57,46,8,7,0,0,0,2,0,0,0,0,0,0
0,0,7,1,7,11,9,30,65,65,66,56,14,5,5,1,0,0,0,0,0,0,0,5
0,0,10,0,5,8,13,32,82,79,75,58,28,6,3,0,0,0,2,0,0,0,0,0
0,4,3,2,4,10,13,50,60,75,61,51,13,3,7,1,4,0,3,0,0,0,0,0
0,9,0,0,0,6,13,32,58,58,57,53,11,0,0,5,0,0,0,0,0,0,0,0
4,0,0,7,9,6,7,20,33,56,67,21,11,0,0,0,0,0,0,0,0,0,0,0
3,3,0,3,6,9,8,10,36,60,51,31,9,4,0,0,0,0,0,3,0,0,0,2
0,0,0,0,0,6,3,8,12,53,56,33,14,2,0,0,0,0,0,0,0,0,0,0
0,0,0,0,0,6,8,6,6,50,54,30,13,12,5,2,0,0,0,0,0,0,0,0
0,1,0,0,7,4,3,10,9,47,69,55,50,11,14,10,12,6,1,0,0,0,4,3
3,3,4,0,0,11,9,11,20,24,81,146,67,44,13,12,14,12,11,0,0,0,5,7
0,9,9,1,6,12,40,29,14,31,124,292,101,53,33,8,8,0,0,2,0,0,5,5
7,9,7,13,13,14,10,8,29,13,38,46,23,11,5,3,3,2,0,7,1,3,0,4

0,5,3,8,1,4,7,0,14,34,45,53,56,51,50,25,13,8,11,6,2,0,0,0
3,5,8,12,15,14,13,24,37,56,54,58,63,55,52,62,50,45,14,9,4,0,0,8
3,4,0,0,13,16,31,27,52,55,76,90,63,68,60,59,48,36,23,0,0,0,0,1
2,0,0,7,5,22,30,50,50,55,60,70,81,81,66,54,49,14,6,0,4,5,0,0
2,0,0,1,17,26,50,53,53,59,65,97,68,71,71,77,68,59,43,10,10,0,0,0
0,0,0,3,0,14,61,61,76,81,93,89,95,82,76,98,86,61,67,54,50,25,5,2
0,0,0,0,10,54,71,71,85,101,126,112,92,89,86,101,88,71,68,63,57,52,11,7
11,7,0,11,25,67,69,68,94,108,89,94,103,91,95,103,128,92,79,70,62,53,7,0
3,8,5,10,52,59,58,72,90,102,100,114,111,109,115,112,103,78,76,62,56,53,9,0
10,11,10,53,66,62,59,76,102,124,141,145,145,136,130,127,100,99,71,55,50,53,31,0
9,13,21,54,57,67,57,66,102,130,152,153,137,154,152,138,120,77,64,52,35,54,58,15
4,12,47,60,60,51,56,85,107,135,158,137,140,157,157,155,121,64,55,21,50,66,61,13
3,6,47,57,60,44,42,68,106,124,141,144,139,150,146,133,106,65,50,13,16,72,64,45
9,9,60,67,64,78,29,66,104,118,127,125,123,135,129,118,107,68,15,11,45,65,105,53
8,6,5,14,9,8,21,62,105,119,121,116,114,103,82,89,103,55,35,11,11,18,43,43
5,11,23,12,13,10,37,60,74,84,108,101,81,74,70,85,100,56,14,10,0,5,5,8
0,9,11,7,13,32,55,65,72,71,77,120,101,119,91,91,110,100,68,13,10,8,9,8
6,8,8,13,14,21,39,80,155,146,173,140,160,162,152,148,125,88,63,40,27,14,7,2
0,6,12,23,32,50,75,131,154,154,166,211,197,200,191,158,159,129,102,52,12,9,3,1
0,7,12,14,30,88,111,143,176,189,209,250,221,229,201,196,163,122,106,34,13,6,8,3
8,10,14,28,37,60,114,139,178,190,199,215,197,225,182,170,165,126,65,36,20,13,0,0
8,0,11,26,40,55,103,138,175,163,192,163,144,198,192,176,145,122,73,50,12,11,0,0
0,0,5,13,36,53,102,125,127,136,129,110,102,136,143,138,126,101,45,31,14,11,4,0
0,0,10,10,14,68,108,119,115,122,106,61,12,101,112,114,114,101,63,13,4,8,4,0
0,0,0,8,26,40,96,101,112,106,104,103,12,75,103,104,104,78,37,9,0,0,0,1
0,0,0,0,1,9,95,104,107,107,105,109,9,19,101,101,96,55,14,5,10,9,1,0
6,0,0,5,6,8,46,102,104,103,111,102,14,7,93,84,64,13,10,9,8,0,0,0
2,0,4,0,5,8,35,100,100,90,103,68,84,12,64,66,47,14,11,0,0,0,0,4
0,7,0,1,5,2,0,9,24,92,69,57,29,2,30,4,11,1,0,0,0,0,0,0
0,3,0,0,0,5,1,9,47,49,51,52,39,18,0,0,8,0,0,0,0,0,0,0
4,0,0,4,10,4,0,7,24,47,42,36,29,18,7,6,6,7,4,0,0,0,3,1
2,0,0,8,0,5,9,10,53,63,57,45,8,7,0,0,0,2,0,0,0,0,0,0
0,0,7,1,7,11,9,30,65,65,66,56,14,5,5,1,0,0,0,0,0,0,0,5
1,0,10,0,5,8,13,32,82,80,75,58,28,6,3,0,0,0,2,0,0,0,0,0
0,4,3,2,4,11,13,50,61,75,61,51,13,3,7,1,4,0,3,0,0,0,0,0
0,9,0,0,0,6,14,32,58,58,57,53,11,0,0,5,0,0,0,0,0,0,0,0
4,0,0,7,9,6,7,20,33,57,67,20,11,0,0,0,0,0,0,0,0,0,0,0
3,3,0,3,6,9,8,10,35,60,51,31,9,4,0,0,0,0,0,3,0,0,0,2
0,0,0,0,0,6,3,8,12,53,56,33,14,2,0,0,0,0,0,0,0,0,0,0
0,0,0,0,0,6,8,6,6,50,54,29,13,12,5,2,0,0,0,0,0,0,0,0
0,1,0,0,7,4,3,10,9,47,69,56,50,11,14,10,12,6,1,0,0,0,4,3
3,3,4,0,0,11,9,11,20,26,82,146,68,44,13,12,14,12,11,0,0,0,5,7
0,9,9,2,6,13,43,30,14,31,124,293,101,53,36,8,9,0,0,2,0,0,5,5
7,9,7,13,13,14,10,8,28,13,38,45,23,11,5,3,3,3,0,7,1,3,0,4
