7,7,8,6,5,10,6,6,7,9,0,0,0,9,0,8,0,1,0,0,3,6,13,6
10,0,6,6,7,8,10,8,0,5,5,0,0,0,0,0,8,0,0,8,9,5,8,7
5,0,0,0,0,3,4,6,3,7,9,27,94,112,85,66,32,29,0,0,2,0,8,7
7,6,0,0,0,0,0,10,12,52,100,114,174,284,281,175,116,46,11,6,0,0,0,5
0,0,0,0,10,0,0,9,46,66,101,149,292,428,383,274,170,117,53,12,3,0,0,0
12,11,6,10,13,8,12,49,52,64,123,213,325,379,410,347,267,185,101,47,11,0,0,0
10,9,9,8,9,10,32,14,35,78,126,185,250,266,336,321,235,224,163,109,57,1,6,0
0,0,0,0,0,9,0,9,51,83,117,152,155,162,135,172,180,163,141,116,97,80,26,10
0,0,0,0,0,0,9,20,62,90,109,132,146,150,137,93,77,86,99,108,97,76,64,55
0,0,0,0,9,0,0,13,59,87,120,171,196,194,161,104,74,14,50,62,60,64,79,85
0,0,0,0,0,0,4,10,68,94,147,196,234,227,165,105,66,50,1,3,13,13,58,64
0,0,4,0,0,0,0,60,103,126,174,178,216,223,172,123,88,61,11,1,0,7,10,8
2,0,0,7,3,6,0,67,112,144,179,189,193,184,142,117,104,60,36,0,7,0,0,13
2,3,5,12,7,10,47,104,122,149,178,172,153,152,134,116,107,92,53,3,0,0,0,3
0,0,0,6,13,7,48,104,112,128,170,175,154,138,120,113,100,79,0,0,0,0,0,5
7,6,5,7,6,9,13,99,107,128,146,199,189,140,110,80,64,67,2,4,0,7,0,0
10,10,11,11,12,13,29,108,91,135,218,194,197,109,71,59,36,35,3,0,10,8,5,0
7,12,17,21,29,40,47,90,138,200,256,285,230,172,102,59,45,29,24,17,12,8,12,12
0,3,8,12,24,50,75,107,133,193,247,246,243,178,155,125,74,44,20,23,14,18,10,14
6,5,11,15,27,52,59,109,141,182,247,280,281,231,192,148,119,82,11,9,11,14,11,14
7,11,15,13,13,23,50,81,106,135,214,261,238,248,215,157,120,74,31,24,14,24,45,54
3,8,10,10,12,15,33,43,106,124,169,247,246,246,207,167,125,55,26,24,14,42,61,66
9,8,13,14,17,19,30,34,43,98,119,182,189,192,155,131,122,76,13,49,12,38,50,60
1,0,0,4,6,10,6,33,41,100,106,126,142,148,142,124,114,100,14,14,13,9,53,101
0,5,0,0,0,8,9,10,10,52,101,112,125,129,123,119,113,100,33,29,23,26,45,41
5,0,11,4,5,5,7,8,10,48,88,106,125,123,124,121,107,102,14,30,38,65,78,61
0,0,1,7,6,0,9,6,1,20,17,70,104,113,116,107,102,65,13,14,41,53,51,17
0,9,12,0,8,0,7,9,10,14,35,59,62,105,117,113,104,66,9,13,50,62,35,10
0,12,0,6,7,1,1,0,6,7,42,47,58,99,114,112,102,51,34,23,42,47,20,4
11,9,0,7,9,0,0,0,14,6,36,48,55,84,80,78,63,31,17,31,53,17,13,6
9,8,6,9,9,11,1,10,15,25,39,47,58,92,105,98,52,28,10,36,20,7,15,7
0,0,0,0,4,1,0,6,11,11,14,53,66,100,117,95,53,23,32,38,29,0,5,3
10,0,0,0,0,0,0,0,0,2,21,50,60,99,106,83,56,36,34,62,38,4,5,6
3,0,0,0,4,5,0,0,0,3,13,35,54,69,85,75,28,24,41,66,51,1,9,9
0,0,0,0,6,0,0,0,0,7,11,9,37,56,65,67,48,46,37,56,57,3,7,6
2,0,0,0,0,0,10,0,0,0,5,6,14,54,63,56,22,13,10,47,56,12,5,0
1,1,0,6,1,6,7,6,0,0,0,8,25,53,61,38,11,1,5,8,11,13,0,0
1,0,0,8,7,7,8,11,8,0,4,9,10,33,50,50,9,0,1,5,10,6,0,0
0,0,0,0,0,0,6,8,9,5,0,11,13,27,52,40,10,3,1,5,8,10,0,0
0,8,1,0,8,3,0,2,10,5,6,9,11,18,50,33,14,8,0,0,2,0,0,0
0,7,4,7,8,7,7,12,11,12,7,0,1,13,26,42,10,0,8,7,0,0,0,0
6,8,0,0,10,9,12,11,9,3,8,9,7,0,13,21,14,13,13,11,4,0,0,1
7,8,2,6,6,3,1,4,3,10,10,3,3,9,5,6,28,14,10,6,8,9,0,0
6,1,8,10,8,0,3,7,4,8,0,0,1,6,4,9,3,8,11,12,10,0,5,2

7,8,8,6,5,10,6,6,7,9,0,0,0,9,0,8,0,1,0,0,2,6,13,6
10,0,6,6,7,8,10,8,0,5,5,0,0,0,0,0,8,0,0,8,9,5,7,7
4,0,0,0,0,3,4,6,3,7,9,33,100,114,89,68,33,29,0,0,2,0,8,7
7,5,0,0,1,0,0,9,12,53,100,114,176,289,288,179,118,47,11,6,0,0,0,5
0,0,0,0,10,0,0,9,45,66,101,148,291,427,385,277,173,118,54,12,3,0,0,0
12,11,6,9,13,8,12,49,52,64,122,212,325,379,410,349,269,186,102,47,11,0,0,0
10,9,9,8,9,10,33,14,34,78,126,186,250,267,336,323,236,224,163,109,57,2,7,0
0,0,0,0,0,9,0,9,52,83,117,153,155,163,135,172,180,163,141,115,97,81,27,10
0,0,0,0,0,0,9,21,62,91,110,132,147,151,138,93,77,86,98,107,97,76,64,55
0,0,0,0,8,0,0,13,59,88,121,173,197,195,161,104,74,14,50,62,60,64,79,85
0,0,0,0,0,0,4,10,68,94,148,196,234,227,164,105,66,50,1,3,13,13,58,64
0,0,5,0,0,1,0,59,103,126,174,177,215,222,171,122,88,61,11,1,0,7,10,9
2,0,0,7,3,5,0,67,112,143,178,189,192,182,141,116,104,60,38,0,8,0,0,13
2,2,4,12,7,9,44,103,122,148,178,172,153,151,133,116,106,91,51,2,0,0,0,3
0,0,0,6,13,7,45,103,111,127,169,175,154,137,120,113,100,78,0,0,0,0,0,5
7,6,5,7,6,9,12,95,106,126,146,201,192,141,111,81,64,66,1,4,0,7,0,0
10,10,11,11,12,12,24,106,89,133,218,196,200,110,71,59,38,32,3,0,10,8,5,0
7,12,16,20,29,39,47,87,135,196,255,287,231,171,102,59,45,28,24,17,12,8,12,12
0,2,8,12,21,47,74,106,131,189,244,245,243,177,153,125,74,43,19,23,14,18,10,14
6,4,11,14,25,51,58,108,140,178,241,277,280,230,190,148,118,82,11,9,11,14,11,14
7,11,14,13,12,23,50,80,106,134,212,259,237,247,214,156,120,73,31,24,14,25,46,55
3,8,10,10,12,15,32,43,106,124,169,247,247,248,208,165,123,54,25,24,15,42,61,66
9,8,13,14,17,19,29,35,43,100,120,184,191,193,154,130,120,73,13,48,12,38,50,60
1,0,0,4,6,10,6,33,42,100,107,127,142,148,141,123,113,100,13,14,13,9,53,101
0,5,0,0,0,8,9,10,10,52,101,113,125,129,123,118,112,94,33,30,24,27,45,41
6,0,12,4,5,5,7,9,10,48,92,107,125,123,123,120,106,101,14,34,40,64,78,61
0,0,1,6,6,0,9,7,2,23,19,72,105,113,116,107,101,62,13,14,41,54,51,17
1,9,12,0,8,0,7,10,11,14,36,59,63,106,117,111,102,56,8,13,50,61,35,10
0,12,0,6,8,1,1,2,7,7,42,48,59,101,115,110,101,45,33,24,41,46,20,4
11,9,0,7,10,0,0,0,14,6,36,48,56,86,82,78,61,29,16,30,53,17,13,6
9,8,6,9,9,11,1,11,15,25,40,46,58,92,107,98,52,28,10,32,19,7,15,7
0,0,0,0,3,0,0,6,11,11,14,53,66,100,118,96,54,24,31,38,29,0,5,3
10,0,0,0,0,0,0,0,0,2,21,50,60,98,107,87,57,36,33,61,37,4,5,6
3,0,0,0,3,5,0,0,0,3,13,33,54,69,87,80,29,25,38,65,52,1,9,9
0,0,0,0,6,0,0,1,0,7,11,9,34,55,66,71,50,47,37,56,57,3,7,6
2,0,0,0,0,0,10,0,0,0,5,6,14,54,65,59,25,13,10,47,56,12,5,0
1,1,0,6,2,6,8,6,0,0,0,8,23,53,61,48,12,3,5,8,11,13,0,0
2,0,0,8,8,8,9,11,8,0,4,9,10,34,51,55,11,0,0,5,10,6,0,0
0,0,0,0,0,0,6,8,9,5,0,11,13,27,54,53,11,4,1,5,8,10,0,0
0,8,2,0,8,4,0,2,9,5,6,8,12,20,52,50,20,8,0,0,2,0,0,0
0,7,3,7,7,7,7,12,11,12,7,0,1,13,40,51,13,1,8,8,0,0,0,0
6,8,0,0,10,9,12,11,9,3,7,9,7,0,12,25,30,26,13,11,4,0,0,1
7,8,2,6,6,3,0,4,3,10,10,2,3,9,5,6,34,14,11,6,8,9,0,0
6,1,8,10,8,0,3,7,3,8,0,0,1,6,3,8,3,8,12,12,10,0,5,2

7,8,8,6,5,10,6,6,7,9,0,0,0,9,0,8,0,1,0,0,2,6,13,6
10,0,6,6,6,8,10,8,0,5,5,0,0,0,0,0,8,0,0,8,9,5,7,7
4,0,0,0,0,3,4,6,3,7,9,31,100,114,91,70,34,30,0,0,2,0,8,7
7,5,0,0,1,0,0,9,12,53,100,114,175,292,293,182,119,48,12,6,0,0,0,5
0,0,0,0,10,0,0,10,44,66,100,146,289,427,386,280,175,119,55,12,4,0,0,0
12,11,6,9,13,8,12,49,51,64,120,209,325,380,413,353,272,188,103,48,12,0,0,0
10,9,9,7,9,10,33,14,34,77,125,184,250,268,340,326,240,227,164,110,57,2,7,0
0,0,0,0,0,9,0,9,51,83,116,152,155,164,136,173,182,165,141,116,97,81,27,11
0,0,0,0,0,0,9,21,62,90,109,131,147,152,139,93,77,86,99,108,97,77,65,56
0,0,0,0,8,0,0,13,59,88,120,173,197,195,162,105,74,14,50,62,60,64,79,86
0,0,0,0,0,0,4,10,68,93,147,196,235,228,165,106,67,51,1,4,13,13,58,64
0,0,5,0,0,1,0,59,103,125,173,177,215,222,170,122,88,61,11,1,0,7,11,9
2,0,0,8,3,5,0,67,111,143,178,188,192,181,141,116,104,60,36,0,9,0,0,13
2,2,3,12,7,9,44,103,122,148,178,172,152,151,133,116,106,91,40,2,0,0,0,3
0,0,0,6,13,7,45,103,111,128,170,175,154,137,119,113,99,77,0,0,0,0,0,5
7,6,5,7,6,9,12,95,106,127,147,201,190,140,110,80,63,64,0,4,0,7,0,0
10,9,11,11,12,12,26,107,90,133,217,194,197,109,71,59,37,30,3,0,10,8,5,0
7,12,16,20,28,39,48,88,136,197,253,281,226,169,100,58,45,28,24,17,12,8,12,12
0,2,8,12,21,47,75,106,133,191,243,242,238,173,151,125,74,43,19,22,14,18,10,14
6,4,11,14,25,51,58,109,141,182,243,275,277,226,188,147,119,83,11,10,11,14,11,14
7,10,14,13,12,23,50,82,108,137,216,261,237,246,211,156,120,74,30,24,14,25,47,55
2,8,10,10,12,15,33,45,108,127,175,252,250,250,208,165,123,55,26,25,16,43,61,66
9,8,13,14,17,19,29,35,45,102,123,189,193,194,155,130,120,74,13,47,12,38,50,60
1,0,0,4,6,10,6,35,43,100,108,128,144,149,142,124,113,100,13,14,13,10,53,101
0,5,0,0,0,8,9,10,10,54,101,113,125,129,123,118,113,96,33,29,24,27,46,41
6,0,11,4,5,5,7,9,10,51,89,106,125,123,124,120,106,101,14,34,40,65,78,61
0,0,1,6,6,0,9,7,2,26,19,70,104,113,117,107,102,68,13,14,40,53,51,16
0,9,12,0,8,0,8,10,11,14,38,56,62,106,117,112,103,62,8,13,50,62,32,10
0,12,0,6,8,2,2,2,7,7,43,47,58,101,116,112,102,51,34,24,41,46,20,4
11,9,0,7,9,0,0,0,14,6,36,47,55,85,83,81,64,32,15,30,53,17,13,6
9,8,6,9,9,11,1,11,16,23,39,46,57,89,108,100,54,29,10,33,19,7,15,7
0,0,0,0,3,0,0,6,11,11,13,53,66,97,117,97,55,24,31,38,29,0,5,3
10,0,0,0,0,0,0,0,0,2,20,50,60,96,107,88,57,36,33,61,39,4,5,6
3,0,0,0,3,4,0,0,0,3,12,31,54,67,87,81,29,24,38,66,52,1,9,9
0,0,0,0,6,0,0,0,0,7,11,9,33,55,66,71,50,49,37,56,57,3,7,6
2,0,0,0,0,0,10,0,0,0,5,6,14,54,64,59,26,13,11,50,56,12,5,0
0,0,0,5,1,6,7,6,0,0,0,8,21,52,60,46,12,3,6,9,12,13,0,0
2,0,0,8,8,7,9,11,8,0,4,9,10,33,50,54,11,0,0,5,10,7,0,0
0,0,0,0,0,0,6,8,9,5,0,11,13,25,53,52,11,5,2,5,8,10,0,0
0,8,3,0,8,3,0,2,9,5,6,8,11,14,51,50,20,9,1,0,2,0,0,0
0,7,3,7,7,7,7,12,11,12,7,0,1,13,40,51,18,2,9,8,0,0,0,0
6,8,0,0,10,9,12,11,9,3,7,9,7,0,12,25,31,34,13,11,3,0,0,1
7,8,2,6,6,3,0,4,3,10,10,2,3,9,4,6,35,14,11,6,8,9,0,0
7,1,8,10,8,0,3,7,3,8,0,0,1,6,3,8,3,8,12,12,10,0,5,2

7,8,8,6,5,10,6,6,7,9,0,0,0,9,0,8,1,1,0,0,2,6,13,6
10,0,6,6,6,8,10,8,0,5,5,0,0,0,0,0,8,0,0,8,9,5,7,7
4,0,0,0,0,3,4,6,3,7,9,30,100,114,91,70,33,30,0,0,2,0,8,7
7,5,0,0,1,1,0,9,12,53,100,114,175,293,293,182,119,48,12,6,0,0,0,5
0,0,0,0,10,0,0,10,44,66,100,146,288,429,387,280,175,119,55,12,4,0,0,0
12,12,6,9,13,9,12,49,51,63,120,208,324,381,413,353,273,188,104,48,12,0,0,0
10,9,9,7,9,10,33,14,31,77,124,184,249,268,340,326,240,227,164,110,57,2,7,0
0,0,0,0,0,9,0,9,51,83,116,151,155,164,136,174,183,165,142,116,97,81,27,11
0,0,0,0,0,0,9,21,62,90,109,131,147,152,139,94,78,86,99,108,97,77,65,56
0,0,0,0,8,0,0,13,59,87,120,172,197,196,163,105,75,14,50,62,60,64,79,86
0,0,0,0,0,0,4,10,68,93,147,196,235,228,165,106,67,51,1,4,13,13,58,64
0,0,5,0,0,0,0,59,103,125,173,177,215,222,170,122,88,61,10,1,0,7,11,9
2,0,0,8,3,5,0,67,111,143,177,188,191,181,140,116,104,60,35,0,9,0,0,13
2,2,3,12,7,9,43,103,122,148,178,172,151,150,132,115,106,90,32,2,0,0,0,3
0,0,0,6,13,7,43,103,111,127,169,174,153,137,119,113,98,76,0,0,0,0,0,5
7,6,5,6,6,9,12,96,106,127,146,201,190,140,110,80,63,63,0,4,0,7,0,0
10,9,11,10,12,12,28,107,90,133,216,193,197,109,71,59,36,29,2,0,10,8,5,0
7,12,16,20,28,40,48,89,137,197,252,279,225,170,101,59,45,28,24,17,12,8,12,12
0,2,8,12,23,47,76,106,133,192,243,241,237,173,151,125,74,43,19,22,14,18,10,14
6,4,11,15,26,52,59,109,141,183,244,275,276,225,187,148,119,83,11,10,11,14,11,14
7,10,14,13,12,23,50,83,108,137,216,262,236,245,210,156,120,75,31,24,14,27,47,56
2,7,10,10,12,15,33,46,109,128,175,252,249,249,207,165,124,55,26,25,16,43,62,66
9,8,13,14,16,19,30,35,45,102,123,189,193,194,155,131,121,75,13,48,12,38,50,60
1,0,0,4,6,10,6,36,45,100,108,128,144,149,142,124,114,100,14,14,13,10,53,101
0,5,0,0,0,8,9,10,10,55,101,112,125,129,123,118,113,99,35,30,24,27,46,41
5,0,11,4,5,5,7,9,10,50,91,106,125,122,123,121,107,101,14,35,42,65,78,61
0,0,1,6,6,0,9,8,1,28,17,70,104,112,117,107,102,75,13,14,41,54,51,17
0,9,12,0,8,0,8,10,11,14,40,55,62,106,118,113,104,71,8,13,50,61,33,10
0,12,0,6,8,2,2,2,7,6,42,47,57,100,116,113,103,55,35,24,41,46,20,4
11,9,0,7,9,0,0,0,14,5,36,47,54,83,84,83,66,34,15,31,53,18,13,7
9,8,6,9,8,11,1,11,17,22,39,46,56,87,108,101,55,28,11,32,20,7,16,7
0,0,0,0,3,1,0,6,11,11,13,53,65,95,117,98,56,26,31,38,29,0,5,3
10,0,0,0,0,0,0,0,0,2,18,50,59,95,106,88,57,36,34,61,38,4,5,6
3,0,0,0,2,4,0,0,0,2,12,31,53,67,86,81,29,24,38,66,52,1,9,9
0,0,0,0,5,0,0,0,0,7,11,9,33,55,65,70,50,50,38,56,57,3,7,6
2,0,0,0,0,0,10,0,0,0,5,5,14,54,63,58,26,13,10,50,57,12,5,0
0,0,0,5,1,6,7,6,0,0,0,8,19,52,59,45,12,3,6,9,12,13,0,0
2,0,0,8,8,7,8,11,8,0,4,9,10,33,50,54,12,0,0,6,10,7,0,0
0,0,0,0,0,0,6,8,9,5,0,11,13,24,53,52,11,5,2,5,8,10,0,0
0,8,2,0,8,3,0,2,9,5,6,8,11,14,51,50,22,9,1,0,2,0,0,0
0,7,3,7,7,7,7,12,11,12,7,0,1,13,40,51,19,2,9,8,0,0,0,0
6,8,0,0,10,9,12,11,9,3,7,9,7,0,12,26,31,38,13,11,3,0,0,1
7,8,2,6,6,3,0,4,3,10,10,2,3,9,5,6,39,14,11,6,8,9,0,0
7,1,8,10,8,0,3,7,3,8,0,0,1,6,3,8,3,8,12,12,10,0,5,2

7,8,8,6,5,10,6,6,7,9,0,0,0,9,0,8,1,1,0,0,2,6,13,6
10,0,6,6,7,8,10,8,0,5,5,0,0,0,0,0,8,0,0,8,9,5,8,7
4,0,0,0,0,3,4,6,3,7,9,30,100,114,91,70,34,31,0,0,2,0,8,7
7,5,0,0,1,1,0,9,12,54,100,114,175,293,294,182,119,48,12,6,0,0,0,5
0,0,0,0,10,0,0,10,44,66,100,145,289,429,388,281,176,119,55,12,4,0,0,0
12,12,6,9,13,9,12,49,51,63,119,207,325,382,415,354,274,189,104,48,12,0,0,0
10,9,9,7,9,10,33,14,28,77,123,183,249,267,340,327,240,228,165,110,57,2,7,0
0,0,0,0,0,9,0,9,51,82,116,151,153,164,136,173,182,165,141,116,97,81,27,11
0,0,0,0,0,0,9,20,62,90,108,130,146,152,139,93,78,86,99,108,97,77,65,56
0,0,0,0,8,0,0,13,58,87,119,171,196,196,162,105,75,13,50,62,60,64,79,86
0,0,0,0,0,0,3,10,68,93,146,195,235,228,166,106,66,51,1,4,13,13,58,64
0,0,5,0,0,0,0,59,103,125,173,177,216,223,172,123,88,61,11,1,0,7,10,9
2,0,0,8,3,5,0,67,111,143,178,189,192,182,141,116,104,61,38,0,9,0,0,13
2,2,3,12,7,9,46,103,122,148,178,172,152,151,133,116,106,91,43,2,0,0,0,3
0,0,0,6,13,7,44,103,111,127,169,174,153,137,120,113,99,77,0,0,0,0,0,5
7,6,5,6,6,9,12,96,106,127,145,198,187,139,110,80,63,64,0,4,0,7,0,0
10,9,10,10,12,12,28,107,89,133,215,191,195,108,71,59,37,31,3,0,10,8,5,0
7,12,15,20,28,39,48,88,136,197,251,278,223,168,100,58,45,28,24,16,12,8,11,12
0,2,8,12,21,47,75,106,133,192,243,241,237,172,150,125,74,44,19,22,14,18,10,14
6,4,11,16,26,52,59,109,142,184,244,275,275,225,187,147,119,83,11,10,11,14,11,14
7,10,14,13,12,23,51,83,108,138,217,262,236,245,210,156,120,75,31,24,14,26,47,55
2,8,10,10,12,15,33,46,109,128,176,254,251,249,208,165,124,55,26,25,17,43,61,66
9,8,13,14,16,19,29,35,46,102,124,190,194,194,155,131,121,75,13,48,12,38,50,60
1,0,0,4,6,10,6,37,45,100,108,128,144,149,142,124,114,100,14,14,13,10,53,101
0,5,0,0,0,8,9,10,10,55,101,112,125,129,123,118,113,100,35,30,25,27,46,41
5,0,11,4,5,5,7,9,10,51,92,106,125,123,124,121,107,101,14,36,43,64,79,61
0,0,1,6,6,0,9,8,1,28,18,69,104,112,117,107,102,76,13,14,42,54,51,17
0,9,12,0,8,0,8,10,11,14,41,55,62,106,117,114,104,72,8,13,50,62,33,10
0,12,0,6,7,2,2,2,7,6,42,48,57,100,116,113,103,56,35,25,41,47,20,4
11,9,0,7,10,0,0,0,14,5,36,47,54,84,84,84,67,35,15,30,53,18,13,7
9,8,6,9,8,11,1,11,16,22,39,45,56,87,109,102,55,28,11,32,22,7,15,7
0,0,0,0,2,0,0,6,11,11,13,53,65,95,117,98,56,25,31,38,30,0,5,3
10,0,0,0,0,0,0,0,0,2,18,50,59,95,106,89,58,36,34,61,38,4,5,6
3,0,0,0,2,4,0,0,0,3,12,31,53,67,86,82,30,25,39,66,52,1,9,9
0,0,0,0,5,0,0,0,0,7,11,9,31,55,65,70,51,50,39,56,57,4,7,6
2,0,0,0,0,0,10,0,0,0,5,5,14,54,63,58,27,13,11,50,57,13,5,0
0,0,0,5,1,5,7,6,0,0,0,8,20,52,59,45,12,4,6,9,12,13,0,0
2,0,0,8,7,7,8,11,8,0,4,9,10,34,50,54,12,0,0,6,11,7,0,0
0,0,0,0,0,0,6,8,9,5,0,10,13,25,53,52,12,5,2,5,8,10,0,0
0,8,2,0,8,3,0,2,9,5,6,8,11,15,52,50,23,9,1,0,2,0,0,0
0,7,3,7,7,7,7,12,11,12,7,0,1,13,42,52,20,3,9,8,0,0,0,0
6,8,0,0,10,9,12,11,9,3,7,9,7,0,12,26,33,42,13,11,3,0,0,1
7,8,2,6,6,2,0,3,3,10,10,2,3,9,5,6,40,14,11,6,8,9,0,0
7,1,8,10,8,0,3,7,3,8,0,0,1,6,3,8,3,8,12,12,10,0,5,2

7,8,8,6,5,10,6,6,7,9,0,0,0,9,0,8,1,1,0,0,2,6,13,6
9,0,6,6,7,8,10,8,0,5,5,0,0,0,0,0,8,0,0,9,9,5,8,7
4,0,0,0,0,3,4,6,3,7,9,30,101,114,91,70,34,30,0,0,2,0,8,7
7,5,0,0,1,1,0,9,12,54,100,114,175,292,294,183,120,49,12,6,0,0,0,5
0,0,0,0,10,0,0,10,43,66,100,146,288,427,387,282,176,120,56,12,4,0,0,0
12,12,6,9,13,8,12,49,51,63,120,207,325,382,415,354,275,190,104,48,12,0,0,0
10,9,9,7,9,10,33,14,28,77,123,182,249,268,340,327,241,228,165,110,58,3,7,0
0,0,0,0,1,9,0,8,51,82,115,150,153,162,135,173,182,165,141,116,97,81,27,11
0,0,0,0,0,0,8,18,62,89,107,130,145,150,138,93,77,86,99,108,97,77,65,56
0,0,0,0,8,0,0,12,58,86,118,170,195,195,162,104,74,13,50,62,60,64,79,86
0,0,0,0,0,0,3,10,68,92,146,195,235,229,167,106,66,51,1,4,13,13,58,64
0,0,5,0,0,0,0,59,103,125,174,177,217,225,173,123,89,61,12,1,0,7,10,9
2,0,0,8,3,5,0,67,111,143,178,189,193,184,142,117,105,61,41,0,9,0,0,13
2,2,3,12,7,9,47,103,122,148,178,173,153,152,134,116,107,92,56,2,0,0,0,3
0,0,0,6,13,7,45,103,111,128,170,174,153,137,120,114,100,80,0,0,0,0,0,5
7,6,5,6,6,9,12,96,106,128,145,194,184,139,110,81,64,68,1,4,0,7,0,0
10,9,10,10,12,12,28,107,90,133,215,189,193,107,71,59,40,34,3,0,10,8,5,0
7,12,15,20,28,39,48,89,137,198,252,278,222,166,99,58,45,28,24,17,12,8,11,12
0,2,8,12,23,48,76,107,134,194,244,241,237,172,149,124,74,44,20,23,14,18,10,14
5,4,11,15,28,52,59,110,142,186,246,276,275,222,186,147,119,83,11,10,11,14,11,14
7,10,14,13,12,23,51,84,109,138,218,262,236,243,209,156,121,75,31,24,14,27,47,55
2,7,10,10,12,15,34,47,110,129,177,253,250,247,206,167,125,55,26,25,17,43,61,66
9,7,13,14,16,19,30,35,46,102,124,189,193,193,154,131,122,77,13,49,12,38,50,60
1,0,0,4,6,10,6,37,45,100,108,128,144,148,142,125,115,101,14,14,13,10,53,101
0,5,0,0,0,8,9,10,10,54,101,112,125,129,123,119,114,100,35,30,25,27,46,41
5,0,11,4,5,5,7,9,10,50,89,106,124,123,124,121,107,102,15,35,42,64,78,61
0,0,1,6,6,0,10,8,1,29,17,68,104,112,117,108,103,93,13,14,41,53,51,17
0,9,12,0,8,0,8,10,11,14,42,50,60,105,117,115,106,90,9,13,50,62,36,10
0,12,0,6,7,2,2,2,6,6,42,45,55,97,116,116,105,67,37,25,40,47,20,4
11,9,0,7,9,0,0,0,14,5,36,47,53,80,84,87,71,40,14,29,53,18,13,7
9,8,5,9,8,10,1,11,18,21,38,45,55,85,108,104,59,28,11,32,23,7,16,7
0,0,0,0,2,1,0,6,11,11,13,52,64,94,117,100,58,27,31,38,30,0,5,3
10,0,0,0,0,0,0,0,0,2,18,50,59,93,106,90,58,36,33,61,40,4,4,6
3,0,0,0,2,4,0,0,0,3,11,32,53,66,85,82,30,26,38,66,52,1,9,9
0,0,0,0,5,0,0,0,0,7,11,9,33,54,64,69,50,50,38,56,58,4,7,6
2,0,0,0,0,0,10,0,0,0,5,6,14,54,62,57,26,14,11,50,57,13,5,0
0,1,0,5,0,5,7,5,0,0,0,8,20,52,58,41,12,4,6,10,12,13,0,0
1,0,0,8,7,7,8,11,7,0,4,9,10,32,50,52,11,0,0,5,11,7,0,0
0,0,0,0,0,0,5,7,9,5,0,10,13,23,53,50,12,5,2,5,7,10,0,0
0,8,2,0,8,3,0,2,9,4,6,7,10,14,51,47,21,9,0,0,2,0,0,0
0,7,3,7,7,7,7,12,11,12,7,0,1,13,45,52,19,2,9,8,0,0,0,0
6,8,0,0,10,9,12,11,9,3,7,8,6,0,13,28,33,42,13,10,3,0,0,1
7,8,2,6,6,2,1,4,3,10,10,2,2,8,6,6,47,18,11,7,8,9,0,0
6,1,8,10,8,0,3,7,4,8,0,0,0,7,3,8,3,8,12,12,10,0,5,2

7,8,8,6,5,10,6,6,7,9,0,0,0,9,0,8,1,2,0,0,3,6,13,6
10,0,6,6,7,8,10,8,0,5,5,0,0,0,0,0,8,0,0,9,9,5,8,7
4,0,0,0,0,3,4,6,3,7,9,29,100,114,91,70,34,30,0,0,2,0,8,8
6,5,0,0,1,0,0,9,12,53,100,114,175,291,292,182,119,48,12,6,0,0,0,5
0,0,0,0,10,0,0,10,43,66,100,146,288,427,387,280,176,119,55,12,4,0,0,0
12,12,6,9,13,9,12,49,51,63,119,207,323,380,413,353,273,189,104,48,12,0,0,0
10,9,9,7,9,10,33,14,27,77,123,181,248,267,339,326,240,228,165,110,57,3,7,0
0,0,0,0,0,9,0,8,51,82,115,149,152,162,136,173,182,165,141,116,97,81,27,11
0,0,0,0,0,0,8,16,61,89,107,129,145,150,138,93,78,86,99,108,97,77,65,56
0,0,0,0,8,0,0,12,58,86,117,169,194,195,162,105,75,14,50,63,61,64,79,86
0,0,0,0,0,0,3,10,68,92,145,194,234,229,167,107,67,51,1,4,13,13,58,64
0,0,5,0,0,0,0,59,103,125,173,177,216,225,173,123,89,62,12,1,0,7,10,8
2,0,0,8,3,5,0,67,111,143,178,189,193,184,142,117,105,61,44,0,9,0,0,13
2,2,3,12,7,9,47,103,122,148,178,172,153,152,134,117,107,94,62,2,0,0,0,3
0,0,0,6,13,7,45,103,111,128,170,174,153,137,120,114,100,80,0,0,0,0,0,5
7,6,5,6,6,9,12,97,107,128,146,195,184,139,110,81,64,70,2,4,0,7,0,0
10,9,11,11,12,12,31,108,90,133,216,191,194,107,71,60,41,35,3,0,10,8,5,0
7,12,15,20,28,39,48,89,137,198,252,279,223,166,99,58,45,28,24,17,12,8,11,12
0,2,7,12,24,48,77,107,135,195,245,242,237,171,149,124,74,43,20,23,14,18,10,14
5,4,11,16,28,52,59,110,143,187,246,276,274,222,186,147,119,82,11,10,11,14,11,14
7,10,14,13,12,23,51,84,109,139,218,262,235,243,209,157,121,76,32,24,14,27,48,56
2,7,10,10,12,15,34,47,110,128,177,253,249,247,206,168,126,56,26,25,18,43,62,66
9,7,13,14,17,19,30,35,46,103,124,188,192,192,155,132,123,79,13,49,13,38,50,60
1,0,0,4,6,10,6,36,43,100,108,128,143,148,142,125,115,101,14,14,13,10,53,101
0,5,0,0,0,8,9,10,10,55,101,112,125,129,123,119,114,101,37,30,24,27,46,41
5,0,11,4,5,5,7,9,10,50,88,105,124,123,124,121,108,103,17,35,42,65,79,61
0,0,1,6,6,0,10,8,1,29,16,67,103,112,117,108,104,100,14,14,42,54,52,18
0,9,12,0,7,0,8,10,10,14,41,50,59,105,117,116,107,97,9,13,50,62,36,10
0,12,0,6,7,3,2,1,6,6,42,45,55,95,115,116,105,71,38,25,41,48,20,4
11,9,0,7,9,0,0,0,14,5,35,47,53,79,84,88,72,41,14,30,53,18,14,7
9,8,5,8,8,10,1,11,18,20,38,44,55,84,108,104,60,28,11,32,24,7,16,7
0,0,0,0,2,1,0,6,10,11,13,52,64,94,117,100,58,27,31,38,30,0,6,3
10,0,0,0,0,0,0,0,0,2,18,50,58,93,106,90,58,36,33,61,40,4,4,6
3,0,0,0,2,4,0,0,0,3,11,32,53,66,85,81,30,25,37,65,52,1,9,9
0,0,0,0,5,0,0,0,0,7,11,9,33,54,64,68,51,50,38,56,58,4,7,6
2,0,0,0,0,0,10,0,0,0,5,6,14,53,62,56,26,14,11,50,57,13,5,0
0,1,0,5,0,5,7,5,0,0,0,8,19,52,58,41,12,4,6,10,12,14,0,0
1,0,0,8,7,7,8,10,7,0,4,9,10,32,50,52,11,0,0,5,11,7,0,0
0,0,0,0,0,0,5,7,9,5,0,10,12,21,53,50,11,5,2,5,7,10,0,0
0,8,2,0,8,3,0,2,9,4,6,7,11,14,50,46,21,9,0,0,1,0,0,0
0,7,3,7,7,7,7,12,12,12,6,0,2,13,45,52,18,2,8,7,0,0,0,0
6,8,0,0,10,9,12,11,9,2,7,7,6,0,13,28,33,42,13,10,3,0,0,1
6,8,2,6,6,2,1,4,3,10,10,2,2,8,6,6,48,17,11,6,8,9,0,0
6,0,8,10,8,0,3,7,4,8,0,0,0,7,3,8,3,8,12,13,10,0,5,2

7,8,8,6,5,10,6,6,7,9,0,0,0,9,0,8,1,2,0,0,3,6,13,6
10,0,6,6,7,8,10,8,0,5,5,0,0,0,0,0,8,0,0,9,9,5,8,7
4,0,0,0,0,3,4,6,3,7,9,29,100,114,91,70,34,31,0,0,2,0,8,8
7,5,0,0,1,0,0,9,12,53,100,114,175,293,294,183,120,48,12,6,0,0,0,5
0,0,0,0,10,0,0,10,44,66,100,146,288,429,387,281,176,119,55,12,4,0,0,0
12,12,6,9,13,9,12,49,51,64,119,207,323,380,413,352,274,189,104,48,12,0,0,0
10,9,9,7,9,10,33,14,27,77,123,182,248,266,339,326,240,228,165,110,58,3,7,0
0,0,0,0,0,9,0,8,51,82,115,150,152,162,136,173,182,165,142,116,97,81,27,11
0,0,0,0,0,0,8,17,62,89,107,130,145,150,139,93,78,86,99,108,97,77,65,56
0,0,0,0,8,0,0,12,58,86,118,170,195,196,162,105,75,13,50,63,61,64,79,86
0,0,0,0,0,0,3,10,68,92,145,194,234,228,167,107,67,51,1,4,13,13,58,64
0,0,5,0,0,0,0,59,103,124,172,176,215,223,172,123,89,62,11,1,0,7,11,9
2,0,0,7,3,5,0,67,111,142,177,188,192,182,141,117,105,61,42,0,9,0,0,13
2,2,3,12,7,9,46,103,122,148,177,171,152,151,133,116,107,92,57,2,0,0,0,3
0,0,0,6,13,7,44,103,111,128,169,173,153,137,120,114,100,80,0,0,0,0,0,5
7,6,5,7,6,9,12,97,106,128,147,198,185,139,110,80,64,68,1,4,0,7,0,0
10,9,11,10,12,12,32,108,90,134,217,192,195,107,71,59,38,33,3,0,10,8,5,0
7,12,16,20,28,39,48,89,137,198,253,280,224,167,99,58,45,28,24,17,12,8,11,12
0,2,8,12,24,48,77,107,135,195,245,242,238,172,149,124,74,44,20,23,14,18,10,14
6,4,11,15,28,52,59,110,143,187,247,276,275,222,186,147,119,82,11,10,11,14,11,14
7,10,15,13,12,23,51,84,109,139,218,262,236,243,209,157,121,77,32,24,14,28,48,56
2,8,10,10,12,16,34,47,110,128,177,253,249,247,206,168,126,56,26,25,18,43,62,66
9,7,13,14,16,19,30,35,46,103,124,188,192,192,155,132,123,80,13,50,13,38,50,60
1,0,0,4,6,10,6,37,43,100,108,127,143,148,142,125,115,101,14,15,13,10,53,101
0,5,0,0,0,8,9,10,10,55,101,112,125,129,123,119,114,101,37,30,25,27,46,41
5,0,11,4,5,5,7,9,10,50,86,105,124,123,124,121,108,103,19,35,42,65,79,62
0,0,1,6,6,0,10,8,0,29,16,66,103,112,117,108,104,100,14,14,41,53,52,18
0,9,12,0,7,0,9,10,10,14,42,50,59,104,117,116,107,100,9,13,50,62,37,10
0,12,0,6,7,3,2,1,6,6,41,45,55,94,115,117,105,74,38,25,41,49,20,4
11,9,0,7,9,0,0,0,14,5,35,46,53,79,84,88,73,42,14,30,53,18,14,7
9,8,5,8,7,10,1,10,19,20,38,44,55,84,108,105,60,28,11,31,24,7,16,7
0,0,0,0,2,1,0,6,10,11,13,52,64,93,117,100,59,28,31,38,30,0,6,3
9,0,0,0,0,0,0,0,0,2,17,50,58,93,106,90,58,37,33,61,41,4,4,6
3,0,0,0,2,4,0,0,0,3,11,31,53,66,85,82,30,25,37,65,52,1,9,9
0,0,0,0,5,0,0,0,0,7,11,9,33,54,64,68,51,50,38,56,58,4,7,6
2,0,0,0,0,0,10,0,0,0,5,6,14,53,62,56,26,14,11,50,57,13,5,0
0,1,0,5,0,5,7,5,0,0,0,8,19,52,58,40,12,4,6,10,12,14,0,0
1,0,0,8,7,7,8,10,7,0,4,9,10,31,48,52,11,0,0,5,11,7,0,0
0,0,0,0,0,0,5,7,9,5,0,10,12,21,53,50,11,5,2,5,7,10,0,0
0,8,2,0,8,3,0,2,9,4,6,7,10,14,50,46,21,9,0,0,1,0,0,0
0,7,3,7,7,7,7,12,12,12,6,0,2,13,45,52,18,2,8,7,0,0,0,0
6,8,0,0,10,9,12,11,9,2,7,7,6,0,13,28,32,43,13,10,3,0,0,1
6,8,2,6,6,2,1,4,3,10,10,2,2,8,6,6,48,18,11,7,8,9,0,0
6,1,8,10,8,0,3,7,4,8,0,0,0,7,3,8,3,8,12,13,10,0,5,2

7,8,8,6,5,10,6,6,7,9,0,0,0,9,0,8,1,2,0,0,3,6,13,6
10,0,6,6,7,8,10,8,0,5,5,0,0,0,0,0,8,0,0,9,9,5,8,7
4,0,0,0,0,3,4,6,3,7,9,30,100,114,90,70,33,29,0,0,2,0,8,8
7,5,0,0,1,1,0,9,12,53,100,114,174,293,293,183,120,48,12,6,0,0,0,5
0,0,0,0,10,0,0,10,45,66,100,146,288,429,387,281,176,119,55,12,4,0,0,0
12,12,6,9,13,9,12,49,51,63,120,207,322,379,412,352,274,189,104,48,12,0,0,0
10,9,9,7,9,10,33,14,28,77,124,182,249,268,340,326,240,228,165,110,57,3,7,0
0,0,0,0,0,9,0,8,51,82,115,150,153,164,136,174,184,166,142,116,97,81,27,11
0,0,0,0,0,0,8,18,62,89,108,130,146,151,139,94,78,86,100,108,98,77,65,56
0,0,0,0,8,0,0,13,58,87,118,170,196,195,163,106,75,14,50,63,61,64,79,86
0,0,0,0,0,0,3,10,68,92,145,194,234,227,166,107,67,51,1,4,13,13,58,64
0,0,5,0,0,0,0,59,103,124,172,176,215,222,171,123,89,62,11,1,0,7,11,9
2,0,0,7,3,5,0,67,111,142,176,187,191,182,141,116,104,61,41,0,9,0,0,14
2,2,3,12,7,9,44,103,121,148,177,171,151,150,133,116,107,92,55,2,0,0,0,3
0,0,0,6,13,7,44,103,111,127,169,173,153,136,119,113,100,79,0,0,0,0,0,5
7,6,5,6,6,9,12,97,106,128,147,199,187,139,110,80,64,67,1,4,0,7,0,0
10,9,11,11,12,13,32,108,90,134,217,193,196,107,71,59,38,32,2,0,10,8,5,0
7,12,15,20,28,39,48,89,137,198,253,281,224,167,99,58,44,28,24,17,12,8,11,12
0,2,8,12,23,48,77,107,134,195,245,242,237,171,149,124,74,43,20,22,14,18,10,14
6,4,11,16,28,52,59,110,142,187,247,276,275,222,186,147,119,83,11,10,11,14,12,14
7,10,14,13,12,23,52,84,109,139,218,263,235,243,208,157,121,77,31,25,14,28,49,56
2,8,10,10,12,15,34,47,110,128,177,254,249,247,207,168,126,57,27,26,18,43,62,66
9,7,13,14,16,19,30,35,46,102,124,188,192,192,155,132,123,80,13,49,13,39,50,60
1,0,0,4,6,10,6,36,43,100,108,127,143,148,142,125,115,101,14,15,13,10,53,101
0,5,0,0,0,8,9,10,10,55,101,112,125,129,123,120,115,101,37,30,25,28,46,41
5,0,11,4,5,5,7,9,10,50,86,105,124,122,124,121,108,103,20,35,42,64,79,62
0,0,1,6,6,0,10,8,1,31,15,68,103,112,117,108,104,100,14,14,41,54,52,18
0,9,12,0,7,0,9,10,10,14,41,50,59,104,117,116,107,100,9,13,50,63,37,10
0,11,0,6,7,3,2,1,5,6,42,45,55,94,115,117,105,73,38,25,40,48,21,4
11,9,0,7,9,0,0,0,14,5,36,47,53,79,84,89,73,42,14,30,53,18,14,7
9,8,5,8,7,10,1,10,19,20,38,44,55,84,108,104,60,28,11,32,24,7,17,7
0,0,0,0,1,1,0,6,11,11,13,52,63,93,117,100,59,28,31,38,30,0,6,3
9,0,0,0,0,0,0,0,0,2,17,50,58,93,105,90,58,36,34,61,41,4,4,7
3,0,0,0,2,3,0,0,0,3,11,31,53,66,85,82,30,26,37,65,52,1,9,9
0,0,0,0,5,0,0,0,0,7,11,9,31,54,63,68,51,50,39,56,58,4,7,6
2,0,0,0,0,0,10,0,0,0,5,6,14,53,61,56,26,14,11,50,57,13,5,0
0,1,0,5,0,5,7,5,0,0,0,8,18,52,58,40,12,4,6,10,12,14,0,0
1,0,0,8,7,7,8,10,7,0,4,9,10,32,49,52,11,0,0,5,11,6,0,0
0,0,0,0,0,0,5,7,9,5,0,10,12,20,53,50,11,4,2,5,7,10,0,0
0,8,2,0,8,3,0,2,9,4,6,7,10,13,51,46,21,9,0,0,1,0,0,0
0,7,3,7,7,7,7,12,12,12,6,0,1,13,42,52,18,2,8,7,0,0,0,0
6,8,0,0,10,9,12,11,9,2,7,7,5,0,13,28,32,43,13,10,3,0,0,1
6,8,2,6,6,2,1,4,3,10,10,2,2,8,6,6,50,20,11,7,8,9,0,0
6,1,8,10,8,0,3,7,4,8,0,0,0,7,3,8,3,8,12,13,10,0,5,2

7,8,8,6,5,10,6,6,7,9,0,0,0,9,0,8,1,2,0,0,3,6,13,6
10,0,6,6,7,8,10,8,0,5,5,0,0,0,0,0,8,0,0,9,9,5,8,7
4,0,0,0,0,3,4,6,3,7,9,29,100,114,90,69,33,30,0,0,2,0,8,8
7,5,0,0,1,1,0,9,12,54,100,113,175,293,293,183,119,48,12,6,0,0,0,6
0,0,0,0,10,0,0,10,44,66,100,146,287,428,387,281,176,119,55,12,4,0,0,0
12,12,6,9,13,8,12,49,51,63,120,207,322,380,412,353,274,190,104,48,12,0,0,0
10,9,9,7,9,10,33,14,29,77,124,183,248,267,340,326,240,228,165,110,57,3,7,0
0,0,0,0,0,9,0,8,51,82,115,150,153,164,136,174,184,166,142,116,97,81,27,11
0,0,0,0,0,0,8,18,62,89,108,130,146,152,140,94,78,87,100,108,98,77,65,56
0,0,0,0,8,0,0,12,58,87,118,171,196,196,163,106,75,14,50,63,61,64,79,86
0,0,0,0,0,0,3,10,68,91,145,194,234,227,166,107,67,51,1,4,13,13,58,64
0,0,5,0,0,0,0,59,103,124,171,176,215,222,171,123,89,62,11,1,0,7,11,9
1,0,0,7,3,5,0,67,111,142,176,187,191,181,140,116,104,61,39,0,9,0,0,13
2,2,3,12,7,9,44,103,121,148,177,171,151,149,133,116,106,91,50,1,0,0,0,3
0,0,0,6,13,7,44,103,111,127,169,173,152,136,119,113,100,78,0,0,0,0,0,5
7,6,5,6,6,9,12,97,106,128,148,200,188,139,110,80,63,66,0,4,0,7,0,0
10,9,10,10,12,13,32,108,90,134,218,194,196,107,71,59,36,30,2,0,10,8,5,0
7,12,15,20,28,39,48,89,137,198,253,281,225,168,99,58,45,28,24,17,12,8,11,12
0,2,7,12,23,48,77,107,134,194,245,242,238,172,149,125,74,43,19,23,15,18,10,14
6,4,11,16,29,52,59,110,142,187,247,276,275,223,186,147,119,83,11,10,12,14,12,14
7,10,14,13,12,22,51,84,109,139,218,262,235,243,208,157,121,77,32,24,14,28,49,56
2,8,10,10,12,16,34,47,110,128,177,254,250,247,207,169,126,57,27,26,19,43,62,66
9,7,13,14,16,19,30,35,46,102,124,188,192,192,155,132,123,80,13,50,13,39,50,60
1,0,0,4,6,10,6,37,43,100,108,127,143,148,142,126,115,101,14,15,13,10,53,101
0,4,0,0,0,8,9,10,10,55,101,112,125,129,123,120,115,101,38,30,25,28,46,41
5,0,11,4,5,5,7,9,10,50,86,105,124,123,124,122,108,103,20,36,43,65,79,61
0,0,1,6,6,0,10,8,0,32,15,66,103,112,117,108,104,100,14,14,41,54,52,18
0,9,12,0,7,0,9,10,10,14,43,50,59,104,117,116,107,100,9,13,50,62,38,10
0,11,0,6,7,3,2,1,5,6,42,45,55,94,115,117,105,75,39,25,41,50,21,4
11,9,0,7,9,0,0,0,14,5,36,47,53,79,84,89,74,43,14,30,53,19,14,7
9,8,5,8,7,10,1,10,19,19,37,44,55,83,108,105,61,28,11,32,24,7,17,7
0,0,0,0,1,1,0,6,11,10,13,52,63,93,117,100,59,28,30,38,30,0,6,3
9,0,0,0,0,0,0,0,0,2,18,50,58,93,105,90,59,36,33,61,41,4,4,7
3,0,0,0,1,3,0,0,0,3,10,31,53,65,85,82,30,26,38,65,52,1,9,9
0,0,0,0,5,0,0,0,0,7,11,9,31,54,63,68,51,50,39,56,58,4,7,6
2,0,0,0,0,0,10,0,0,0,5,6,14,53,61,56,27,14,11,50,57,13,5,0
0,1,0,5,0,5,7,5,0,0,0,8,18,52,57,40,12,4,6,10,12,14,0,0
1,0,0,8,7,7,8,10,7,0,4,9,10,31,49,52,11,0,0,5,11,7,0,0
0,0,0,0,0,0,5,7,9,4,0,10,12,20,52,49,11,4,2,5,7,10,0,0
0,8,2,0,8,3,0,2,9,4,6,7,10,14,50,46,22,9,0,0,1,0,0,0
0,7,3,7,7,7,7,12,11,12,6,0,1,13,45,51,18,2,8,7,0,0,0,0
6,8,0,0,10,9,12,11,9,2,7,7,5,0,13,28,32,43,13,10,3,0,0,1
7,8,2,6,6,2,1,4,3,10,10,2,2,8,6,6,50,20,11,7,8,9,0,0
6,0,8,10,8,0,3,7,4,8,0,0,0,7,3,8,3,8,12,13,10,0,5,2

7,8,8,6,5,10,6,6,7,9,0,0,0,9,0,8,1,2,0,0,3,6,13,6
10,0,6,6,7,8,10,8,0,5,5,0,0,0,0,0,8,0,0,9,9,5,8,7
4,0,0,0,0,3,4,6,3,7,9,29,100,114,90,69,33,30,0,0,3,0,8,8
7,5,0,0,1,0,0,9,12,53,100,114,175,293,295,183,120,48,12,6,0,0,0,6
0,0,0,0,10,0,0,10,45,66,100,146,288,430,388,281,177,120,55,12,4,0,0,0
12,12,6,9,13,8,12,49,51,63,120,208,322,380,412,352,274,190,104,48,12,0,0,0
10,9,9,7,9,10,34,14,29,77,124,183,249,267,339,326,240,228,165,110,57,3,7,0
0,0,0,0,1,9,0,8,51,82,116,151,153,164,137,174,185,166,142,116,97,81,27,11
0,0,0,0,0,0,8,18,62,89,108,130,146,152,140,94,78,87,100,108,98,77,65,56
0,0,0,0,8,0,0,12,58,87,118,171,196,197,164,106,76,14,50,63,61,64,79,86
0,0,0,0,0,0,3,10,68,92,145,195,235,228,166,107,67,51,1,4,13,13,58,64
0,0,5,0,0,0,0,59,103,124,171,176,215,223,172,123,89,62,11,1,0,7,11,9
1,0,0,8,3,5,0,66,111,142,176,187,191,182,141,116,104,61,39,0,9,0,0,13
2,2,3,12,7,9,43,103,121,147,177,171,151,149,132,116,106,91,45,1,0,0,0,3
0,0,0,6,13,7,44,103,111,127,169,173,152,136,119,113,100,78,0,0,0,0,0,5
7,6,5,6,6,9,12,96,106,128,147,200,187,139,110,79,63,65,0,4,0,7,0,0
10,9,10,10,12,13,32,108,90,133,218,194,196,107,71,59,37,31,2,0,10,8,5,0
7,12,16,20,28,39,48,89,137,198,253,281,226,167,99,58,44,28,24,16,12,8,11,12
0,2,8,12,23,47,77,107,134,194,245,242,237,172,149,124,74,43,19,22,15,18,10,14
6,4,11,15,28,52,59,110,142,187,247,276,274,222,186,147,119,83,11,10,12,14,12,14
7,10,14,13,12,23,51,84,109,139,218,262,235,243,209,157,121,77,31,24,15,28,49,57
2,8,10,10,12,16,34,47,110,128,177,254,250,247,207,168,126,57,27,26,19,44,62,66
9,7,13,14,16,19,30,35,46,102,124,189,192,193,155,132,123,80,13,50,13,38,50,60
1,0,0,4,6,10,6,36,43,100,108,127,143,148,142,126,115,101,14,16,13,10,53,101
0,4,0,0,0,8,9,10,10,56,101,112,125,129,123,120,115,101,37,31,26,28,47,42
5,0,11,4,5,5,7,9,10,50,86,105,124,123,124,122,108,103,20,36,42,65,79,62
0,0,1,6,6,0,10,8,0,29,15,66,103,112,117,108,104,100,14,14,41,53,53,18
0,9,12,0,7,0,8,9,10,14,43,50,59,104,117,117,107,100,9,13,50,63,37,10
0,12,0,6,7,3,2,1,5,6,42,44,55,94,115,117,105,74,38,25,40,49,21,4
11,9,0,7,9,0,0,0,14,5,36,47,53,78,84,89,73,43,14,30,53,19,14,7
9,8,5,7,7,10,1,10,19,19,38,44,55,83,108,105,61,28,11,32,24,7,17,7
0,0,0,0,1,1,0,6,11,11,13,52,63,94,117,100,59,28,30,38,30,0,6,3
9,0,0,0,0,0,0,0,0,2,19,50,58,93,106,90,58,36,33,61,41,4,4,7
3,0,0,0,1,3,0,0,0,3,11,31,53,65,85,82,30,26,38,65,52,1,9,9
0,0,0,0,5,0,0,0,0,7,11,9,31,54,63,68,51,50,39,56,58,4,7,6
2,0,0,0,0,0,10,0,0,0,5,6,14,53,62,56,26,14,11,50,57,13,5,0
0,1,0,4,0,5,7,5,0,0,0,8,16,52,57,40,12,4,6,10,13,14,0,0
1,0,0,8,7,7,8,10,7,0,4,9,10,32,49,52,11,0,0,5,11,7,0,0
0,0,0,0,0,0,5,7,9,4,0,10,12,20,53,50,11,4,2,5,7,10,0,0
0,8,2,0,8,3,0,2,9,4,6,7,11,14,51,46,22,9,0,0,1,0,0,0
0,7,3,7,7,7,7,12,11,12,6,0,2,13,45,52,18,2,8,7,0,0,0,0
6,8,0,0,10,9,12,11,9,2,7,7,5,0,13,28,32,44,13,10,3,0,0,1
7,8,2,6,6,2,1,4,3,10,10,2,2,8,6,6,50,20,11,7,8,9,0,0
6,0,8,10,8,0,3,7,4,8,0,0,0,7,3,8,3,8,12,13,10,0,5,2

7,8,8,6,5,10,6,6,7,10,0,0,0,9,0,8,1,2,0,0,3,6,13,6
10,0,6,6,7,8,10,8,0,5,5,0,0,0,0,0,8,0,0,9,9,5,8,7
4,0,0,0,0,3,4,6,3,7,9,29,100,114,91,70,33,30,0,0,2,0,8,8
7,5,0,0,1,1,0,9,12,53,100,114,175,293,295,184,120,48,12,6,1,0,0,5
0,0,0,0,10,0,0,10,44,66,100,146,288,428,388,283,177,120,55,12,4,0,0,0
12,12,6,9,13,9,12,49,51,63,119,207,324,381,413,354,275,190,105,48,12,0,0,0
10,9,9,7,9,10,33,14,28,77,123,182,249,268,340,327,241,228,166,110,57,3,7,0
0,0,0,0,0,9,0,8,51,82,115,150,153,162,136,174,183,166,142,116,97,82,27,11
0,0,0,0,0,0,8,16,62,89,107,129,145,151,139,93,78,86,100,108,98,77,65,56
0,0,0,0,8,0,0,12,58,86,118,170,196,196,163,105,75,13,50,63,61,64,79,86
0,0,0,0,0,0,2,9,68,92,145,194,235,228,167,107,67,51,1,4,13,13,58,64
0,0,5,0,0,0,0,59,102,124,172,176,216,224,173,123,89,62,11,1,0,7,11,9
1,0,0,7,3,5,0,67,111,142,176,188,192,183,141,117,105,61,41,0,9,0,0,13
2,2,3,12,7,9,44,103,121,148,177,171,152,150,133,116,107,92,54,2,0,0,0,3
0,0,0,6,13,7,45,103,111,127,169,173,152,137,120,113,100,79,0,0,0,0,0,5
7,6,5,6,6,9,12,97,106,128,146,197,185,138,109,80,63,67,1,4,0,7,0,0
10,9,10,10,12,12,32,108,90,133,216,191,194,107,71,59,40,32,3,0,10,8,5,0
7,12,15,20,28,39,48,88,137,198,252,280,223,166,99,58,44,28,24,16,12,8,11,12
0,2,7,12,23,47,76,107,134,194,245,242,237,171,149,124,74,43,20,23,14,18,10,14
6,4,11,15,28,52,59,110,142,187,247,276,273,222,186,147,119,83,11,10,11,14,12,14
7,10,14,13,12,23,51,84,109,139,218,263,235,243,208,157,121,77,32,25,15,29,49,57
2,7,10,10,12,15,34,47,110,129,178,255,250,247,206,168,126,56,27,26,19,44,62,66
9,7,13,14,16,19,30,35,46,103,124,189,192,193,155,132,123,80,13,50,13,38,50,60
1,0,0,4,6,10,6,36,43,100,108,128,143,148,142,125,115,101,14,15,13,10,53,101
0,5,0,0,0,8,9,10,10,56,101,112,125,129,123,120,115,101,38,30,25,28,47,42
5,0,11,4,5,5,7,9,10,50,86,105,124,123,124,122,108,103,21,36,43,65,80,61
0,0,1,6,6,0,10,8,0,31,17,67,103,112,117,108,104,100,14,14,41,54,53,19
0,9,12,0,7,0,8,9,10,14,44,51,59,104,117,117,108,100,9,13,50,63,38,11
0,11,0,6,7,2,2,1,5,6,41,45,54,94,115,117,105,75,39,25,41,50,21,4
11,9,0,7,9,0,0,0,14,5,36,47,53,79,84,89,74,43,14,30,53,19,14,7
9,8,5,7,7,10,1,10,19,19,38,44,55,83,108,105,61,28,11,32,25,7,17,7
0,0,0,0,1,1,0,6,10,10,13,52,64,94,117,100,59,29,31,38,30,0,6,3
9,0,0,0,0,0,0,0,0,2,18,50,58,93,106,90,59,37,34,61,41,4,4,7
3,0,0,0,1,3,0,0,0,3,10,31,53,65,85,82,30,26,38,65,52,1,9,9
0,0,0,0,5,0,0,0,0,7,11,9,32,54,63,68,51,50,40,56,58,4,7,6
2,0,0,0,0,0,10,0,0,0,5,6,14,53,61,56,27,14,11,50,57,13,5,0
0,1,0,5,0,5,7,5,0,0,0,8,16,52,58,40,12,4,6,10,13,14,0,0
1,0,0,8,7,7,8,10,7,0,4,9,10,31,49,52,11,0,0,5,11,7,0,0
0,0,0,0,0,0,5,7,9,4,0,10,12,23,53,50,12,5,2,5,7,10,0,0
0,8,2,0,8,3,0,2,9,4,5,7,10,14,51,47,22,9,0,0,1,0,0,0
0,7,3,7,7,7,7,12,11,12,6,0,1,13,45,52,18,2,9,7,0,0,0,0
6,8,0,0,10,9,12,11,9,2,7,7,5,0,13,28,32,44,13,10,3,0,0,1
7,8,2,6,6,2,1,4,3,10,10,2,2,8,6,6,50,22,11,7,8,9,0,0
6,0,8,10,8,0,3,7,4,8,0,0,0,7,3,8,3,8,12,13,10,0,5,2

7,8,8,6,5,10,6,6,7,9,0,0,0,9,0,8,1,2,0,0,3,6,13,6
10,0,6,6,7,8,10,8,0,5,5,0,0,0,0,0,8,0,0,9,9,5,8,7
4,0,0,0,0,3,4,6,3,7,9,30,100,114,91,70,34,30,0,0,3,0,8,8
7,5,0,0,1,1,0,9,12,54,100,114,175,294,295,185,120,49,12,7,1,0,0,5
0,0,0,0,10,0,0,10,44,66,100,146,289,429,389,284,178,120,56,12,4,0,0,0
12,12,6,9,13,9,12,48,51,63,119,206,325,382,415,355,276,191,105,49,12,0,0,0
10,9,9,7,9,10,33,14,25,77,123,181,249,268,341,328,241,229,166,110,58,3,7,0
0,0,0,0,1,9,0,8,51,82,114,149,152,162,135,174,183,165,142,116,97,81,27,11
0,0,0,0,0,0,8,15,61,89,106,129,145,150,138,93,77,86,99,108,97,77,65,56
0,0,0,0,8,0,0,12,57,85,117,169,195,195,162,104,74,13,50,63,60,64,79,86
0,0,0,0,0,0,2,9,67,91,144,193,234,229,167,106,67,51,1,4,13,13,58,64
0,0,5,0,0,0,0,59,102,124,172,176,216,225,174,124,90,62,12,1,0,7,11,9
1,0,0,8,3,5,0,67,111,142,177,188,193,184,142,117,105,61,44,0,9,0,0,14
2,2,3,12,7,9,46,103,121,148,178,172,152,152,134,117,107,94,63,1,0,0,0,3
0,0,0,6,13,7,45,103,111,127,169,173,153,137,121,114,100,81,0,0,0,0,0,5
7,6,5,6,6,9,12,96,106,128,145,194,183,138,110,81,64,71,2,5,0,7,0,0
10,9,10,10,12,12,32,108,90,133,215,190,192,106,71,59,43,35,3,0,10,8,5,0
7,12,15,20,28,39,48,88,137,198,251,278,222,166,99,58,45,28,24,16,12,8,11,12
0,2,8,12,23,47,77,107,134,194,244,241,236,171,149,124,74,44,20,23,14,18,10,14
5,4,11,16,28,52,59,110,142,187,246,275,274,221,186,147,119,83,11,10,12,14,12,14
7,10,14,13,12,23,51,84,109,139,218,262,235,242,208,157,121,77,32,25,15,28,49,57
2,8,10,10,11,15,34,48,110,129,178,255,250,248,207,168,126,57,27,26,19,44,62,66
9,7,13,14,16,19,30,35,47,103,124,190,193,193,155,132,123,80,13,50,13,39,50,60
1,0,0,4,6,10,6,36,42,100,108,128,144,148,142,126,115,101,14,16,13,10,53,101
0,4,0,0,0,8,9,10,10,55,101,112,125,129,123,120,115,101,38,31,25,28,47,42
5,0,11,4,5,5,7,9,9,48,86,105,124,123,124,122,108,103,21,36,43,64,80,62
0,0,1,6,6,0,10,8,0,31,16,67,103,112,117,108,104,100,14,14,42,54,53,18
0,9,12,0,7,0,8,10,10,14,43,50,58,104,117,117,107,100,9,13,50,63,38,11
0,12,0,6,7,2,2,1,5,6,42,45,55,94,115,117,105,75,39,25,41,49,21,4
11,9,0,7,9,0,0,0,14,5,35,46,53,79,84,89,74,43,14,30,53,19,14,7
9,8,5,7,7,10,1,10,19,19,38,44,55,84,108,105,61,28,11,32,25,7,17,7
0,0,0,0,1,1,0,6,10,11,13,52,63,93,117,100,59,29,30,38,30,0,6,3
9,0,0,0,0,0,0,0,0,2,19,50,58,93,106,91,59,36,34,61,41,4,4,7
3,0,0,0,1,3,0,0,0,3,11,31,53,65,85,82,30,26,37,65,52,1,9,9
0,0,0,0,5,0,0,0,0,7,11,9,31,54,63,68,51,50,40,56,58,4,7,6
2,0,0,0,0,0,10,0,0,0,5,6,14,53,62,56,27,14,11,50,57,13,5,0
0,1,0,4,0,5,7,5,0,0,0,8,19,52,58,40,12,4,6,10,13,14,0,0
1,0,0,8,7,7,8,10,7,0,4,9,10,32,49,52,11,0,0,5,11,7,0,0
0,0,0,0,0,0,5,7,9,4,0,10,12,22,53,50,12,5,2,5,7,10,0,0
0,8,2,0,8,3,0,2,9,4,6,7,10,14,51,48,22,9,0,0,1,0,0,0
0,7,3,7,7,7,7,12,11,12,6,0,2,13,47,52,18,2,9,7,0,0,0,0
6,8,0,0,10,9,12,11,9,2,6,7,5,0,13,28,33,45,13,10,3,0,0,1
6,8,2,6,6,2,1,4,3,10,10,2,2,8,6,6,50,21,11,7,8,9,0,0
6,0,8,10,8,0,3,7,4,8,0,0,0,7,3,8,3,8,12,13,10,0,5,2

7,8,8,6,5,10,6,6,7,10,0,0,0,9,0,8,1,2,0,0,3,6,13,6
10,0,6,6,7,8,10,8,0,5,5,0,0,0,0,0,8,0,0,9,10,5,8,7
4,0,0,0,0,3,4,6,3,7,9,30,101,115,91,70,34,31,0,0,3,0,8,8
7,4,0,0,1,1,0,9,12,54,100,114,175,294,295,185,120,49,12,6,0,0,0,5
0,0,0,0,10,0,0,10,44,66,100,146,288,427,387,283,178,120,56,12,4,0,0,0
12,11,6,9,13,9,12,49,51,63,119,207,323,380,413,353,275,191,105,49,12,0,0,0
10,9,9,7,9,10,33,14,25,77,123,181,248,267,340,327,241,229,166,110,58,3,7,0
0,0,0,0,1,9,0,8,51,82,115,149,151,162,136,173,183,166,142,116,97,82,27,11
0,0,0,0,0,0,8,15,61,89,106,129,145,150,139,94,78,86,99,108,97,77,65,56
0,0,0,0,8,0,0,12,58,85,117,169,195,195,163,105,75,14,50,63,61,64,79,86
0,0,0,0,0,0,2,9,67,91,144,193,233,228,167,107,67,51,1,4,13,13,58,64
0,0,5,0,0,0,0,59,102,124,172,175,215,224,174,124,90,62,12,1,0,7,11,9
1,0,0,8,3,5,0,67,111,142,177,188,192,183,142,117,105,62,45,0,9,0,0,14
2,2,3,12,7,9,46,103,121,148,177,172,152,151,134,117,107,94,67,1,0,0,0,3
0,0,0,6,13,7,44,103,111,127,169,173,153,137,120,114,100,82,0,0,0,0,0,5
7,6,5,6,6,9,12,97,106,128,145,195,184,139,110,81,64,71,2,5,0,7,0,0
10,9,10,10,12,12,32,108,90,133,216,190,193,107,71,60,43,35,3,0,10,8,5,0
7,12,15,20,28,39,48,88,137,198,252,279,222,166,99,58,45,28,24,16,12,8,11,12
0,2,7,12,23,48,77,107,134,194,244,241,236,171,149,124,74,43,20,23,14,18,10,14
6,4,11,16,28,52,59,110,143,187,247,275,273,222,185,147,119,83,11,10,12,14,12,14
7,10,14,13,12,23,51,85,109,139,218,263,236,243,208,157,121,77,32,25,15,28,50,57
2,7,10,10,11,15,34,48,110,129,178,255,251,247,207,168,126,57,27,26,19,44,62,66
9,7,13,14,16,19,30,35,47,103,124,190,193,193,155,133,123,80,13,50,13,39,50,60
1,0,0,4,6,10,6,37,43,100,108,128,144,148,142,126,116,101,14,16,13,10,54,101
0,4,0,0,0,8,9,10,10,55,101,112,125,129,123,120,115,101,38,31,25,28,47,42
5,0,11,4,5,5,7,9,10,50,88,105,124,123,124,122,108,103,22,36,44,65,80,62
0,0,0,6,6,0,10,8,0,32,16,66,103,112,117,108,104,100,14,15,41,54,53,19
0,9,12,0,7,0,8,9,10,14,42,50,59,104,117,117,107,100,10,13,50,62,38,11
0,12,0,6,6,2,2,1,5,6,42,44,55,94,115,117,105,76,39,25,41,49,21,4
11,8,0,7,9,0,0,0,14,5,35,47,53,78,84,89,74,43,14,30,53,19,14,7
9,8,5,7,7,10,1,10,19,19,37,44,55,83,108,105,61,28,11,32,25,7,17,7
0,0,0,0,1,1,0,6,10,11,13,52,63,93,117,100,59,29,31,38,30,0,6,4
9,0,0,0,0,0,0,0,0,2,19,50,58,93,106,91,59,37,34,61,42,4,4,7
3,0,0,0,0,3,0,0,0,3,10,31,53,65,85,82,30,26,37,65,52,1,9,9
0,0,0,0,5,0,0,0,0,7,11,9,31,54,63,68,51,50,40,56,58,4,7,6
2,0,0,0,0,0,10,0,0,0,5,6,14,53,61,56,27,14,11,50,57,13,5,0
0,0,0,4,0,5,7,5,0,0,0,8,17,52,57,40,12,4,6,10,13,14,0,0
1,0,0,8,7,7,8,10,7,0,4,9,10,32,49,52,11,0,0,5,11,7,0,0
0,0,0,0,0,0,5,7,9,4,0,10,13,22,53,50,12,5,2,5,7,10,0,0
0,8,2,0,8,3,0,2,9,4,5,7,11,14,51,48,23,9,0,0,1,0,0,0
0,7,3,7,7,7,7,12,11,12,6,0,2,13,47,52,18,2,9,7,0,0,0,0
6,8,0,0,10,9,12,11,9,2,7,7,5,0,13,29,33,45,13,10,3,0,0,1
6,8,2,6,6,2,1,4,3,10,10,2,2,8,6,6,50,22,11,7,8,9,0,0
6,0,8,10,8,0,3,7,4,8,0,0,0,7,3,8,3,8,12,13,10,0,5,2

7,8,8,6,5,10,6,6,7,9,0,0,0,9,0,8,2,2,1,0,4,6,13,6
10,0,6,6,7,8,10,8,0,6,5,0,0,0,0,0,8,0,0,9,10,5,8,7
4,0,0,0,0,3,4,6,3,7,9,33,101,115,93,72,34,31,0,0,3,0,8,7
7,4,0,0,1,0,0,9,12,54,100,114,175,293,296,186,121,50,12,6,0,0,0,5
0,0,0,0,10,0,0,10,44,66,101,148,286,420,384,282,179,121,56,12,4,0,0,0
12,12,6,9,13,8,12,49,51,64,121,209,321,377,408,350,274,191,106,49,12,0,0,0
10,9,9,7,9,10,33,14,28,77,124,183,248,266,337,324,241,229,166,111,58,3,7,0
0,0,0,0,1,9,0,8,51,82,116,150,153,162,136,173,183,166,141,116,97,82,27,11
0,0,0,0,0,0,8,17,62,89,108,130,146,151,139,93,78,86,99,108,97,77,65,55
0,0,0,0,8,0,0,12,58,86,118,170,196,196,163,105,75,13,50,63,61,64,79,85
0,0,0,0,0,0,2,10,68,92,145,195,235,228,166,107,67,51,1,4,13,13,58,64
0,0,5,0,0,0,0,59,103,124,173,177,216,223,171,123,89,62,11,1,0,7,11,9
1,0,0,7,2,5,0,67,111,142,177,188,191,182,141,117,105,61,44,0,9,0,0,14
2,2,3,12,7,9,46,103,121,147,177,171,151,150,133,116,107,93,62,1,0,0,0,3
0,0,0,5,13,7,44,103,111,127,169,173,152,137,120,114,100,80,0,0,0,0,0,5
7,6,5,6,6,9,12,97,106,128,146,196,184,139,110,80,64,69,1,5,0,7,0,0
10,9,10,10,12,13,32,108,90,133,216,191,193,106,71,60,41,34,3,0,10,8,5,0
7,12,15,20,28,39,49,89,137,198,252,279,222,165,98,58,44,28,24,16,12,8,11,12
0,2,7,12,21,47,77,107,135,195,245,241,236,171,148,124,74,43,19,22,14,18,10,14
6,4,11,15,29,52,59,110,143,188,247,276,274,221,185,147,119,83,11,10,12,14,12,14
7,10,14,13,12,23,52,85,109,139,220,264,236,242,207,157,121,77,32,24,15,28,50,57
2,8,10,10,11,15,34,48,111,129,179,257,252,248,207,168,126,57,27,26,19,44,62,66
9,7,13,14,16,19,30,35,47,103,125,190,194,193,156,133,123,81,13,50,13,39,50,60
1,0,0,4,6,10,6,37,45,101,108,128,144,149,142,126,116,102,15,17,13,10,53,101
0,4,0,0,0,8,9,10,10,58,101,112,125,129,123,120,115,101,38,31,25,28,47,42
5,0,11,4,5,5,7,9,10,51,88,105,124,123,124,122,108,103,23,37,44,65,80,62
0,0,0,6,6,0,9,8,0,31,16,66,103,112,117,108,104,100,14,14,42,54,53,19
0,9,12,0,7,0,8,10,10,14,44,50,59,104,117,117,108,100,9,13,50,63,38,11
0,11,0,6,6,2,1,1,5,6,42,44,55,94,115,117,105,76,39,25,41,50,21,4
11,8,0,6,9,0,0,0,14,5,36,47,52,78,84,89,74,43,14,30,54,19,14,7
9,8,5,7,7,10,1,10,19,19,38,44,54,83,108,105,62,28,11,32,25,7,17,7
0,0,0,0,1,0,0,6,10,10,13,52,63,93,117,100,59,29,31,38,30,0,6,4
9,0,0,0,0,0,0,0,0,2,17,50,58,93,106,91,59,37,33,61,41,4,4,7
3,0,0,0,0,2,0,0,0,3,11,31,53,65,85,82,30,26,37,65,53,1,9,9
0,0,0,0,5,0,0,0,0,7,11,9,33,54,63,68,51,50,40,56,58,4,7,6
2,0,0,0,0,0,10,0,0,0,5,6,14,53,61,56,27,14,11,50,57,13,5,0
0,0,0,4,0,5,7,5,0,0,0,8,18,52,57,40,12,4,6,10,13,14,0,0
1,0,0,8,7,7,8,10,7,0,4,9,10,33,49,52,11,0,0,5,11,7,0,0
0,0,0,0,0,0,5,7,9,4,0,10,13,23,53,50,12,5,2,5,7,10,0,0
0,8,2,0,8,3,0,2,9,4,5,7,10,14,51,47,22,9,0,0,1,0,0,0
0,7,3,7,7,7,7,12,11,12,6,0,2,13,48,52,18,2,9,7,0,0,0,0
6,8,0,0,10,9,12,11,9,2,7,7,5,0,13,29,34,46,13,10,3,0,0,1
6,8,2,6,6,2,1,4,3,10,10,2,1,8,6,6,50,21,11,7,8,9,0,0
6,0,8,10,8,0,3,7,4,8,0,0,0,7,3,8,3,8,12,13,10,0,5,2
7,13,8,9,4,4,10,7,8,14,10,2,4,7,11,10,10,6,6,2,5,6,2,6
7,10,13,13,11,0,0,2,0,1,11,2,0,6,13,15,9,8,2,0,4,6,4,11
5,11,4,9,8,0,10,10,0,5,0,11,54,10,6,11,7,2,0,2,9,10,8,12
8,5,0,1,0,12,10,12,52,61,109,120,108,113,67,14,9,15,1,14,8,13,12,0
4,0,0,5,9,10,13,25,55,150,278,328,201,163,121,112,71,56,30,26,14,13,9,0
7,0,0,0,1,8,16,53,96,238,378,404,326,269,203,177,147,115,104,61,52,40,14,13
0,0,0,4,10,9,14,62,129,229,281,282,245,227,211,190,184,154,189,146,101,55,31,12
5,8,22,5,2,41,11,66,134,198,208,184,146,125,132,129,134,134,153,148,117,69,55,50
0,2,7,0,8,0,23,70,114,149,170,173,140,101,27,27,53,52,80,69,61,52,10,12
0,2,1,4,8,0,9,82,107,151,200,203,171,122,80,12,7,41,54,50,48,14,4,4
3,0,0,0,2,36,58,75,120,158,204,236,210,139,80,54,3,9,12,14,27,14,3,8
0,0,0,0,14,1,51,100,129,149,197,217,196,158,96,64,39,9,14,14,6,6,0,0
0,0,0,8,3,4,51,102,123,140,195,217,190,154,120,78,58,13,12,12,13,12,9,9
0,4,1,5,4,1,63,105,125,149,175,181,163,143,112,101,98,13,7,14,11,10,0,1
0,6,0,10,5,3,12,103,122,143,157,164,150,118,74,68,76,13,13,4,6,0,2,0
2,1,1,0,0,0,43,73,108,138,164,161,126,85,72,60,58,30,14,4,9,0,5,10
0,0,0,0,4,3,26,68,91,101,130,166,111,116,73,52,60,44,26,19,14,9,10,8
1,5,11,14,12,16,30,67,116,165,220,236,250,217,153,123,84,75,78,53,44,35,26,9
6,0,0,4,9,9,45,104,146,173,198,283,295,283,251,194,178,145,120,114,104,103,55,10
1,5,7,7,6,7,84,119,149,200,265,364,401,380,303,293,203,138,137,126,117,101,86,51
10,0,0,9,25,28,68,116,150,202,253,350,439,409,325,238,224,177,120,104,109,96,101,61
10,4,3,12,12,7,38,93,134,164,211,269,324,316,260,211,189,162,134,115,109,91,72,52
7,4,9,3,7,13,13,62,102,115,132,146,159,149,130,119,115,92,66,48,48,79,78,57
0,9,10,8,10,8,37,44,14,78,103,107,105,106,102,101,100,81,47,52,56,62,66,105
7,5,0,1,9,12,2,5,70,11,54,58,71,78,100,95,70,69,39,24,59,72,82,59
7,6,0,1,6,4,7,32,20,13,11,13,27,23,66,95,82,58,50,33,57,56,55,51
6,0,0,4,14,12,9,2,0,11,8,58,46,46,11,74,59,45,47,55,75,52,52,18
7,6,9,15,11,1,0,0,3,19,12,52,92,74,13,60,53,62,56,68,83,47,14,9
5,11,14,13,2,0,0,3,7,11,23,53,60,63,21,58,69,73,76,76,53,23,12,3
6,6,10,0,0,3,13,12,26,6,27,44,55,61,43,64,65,81,70,68,27,10,12,10
3,3,0,3,10,13,10,20,11,15,22,32,53,53,45,59,71,56,56,50,14,10,12,10
0,0,8,14,8,12,11,5,8,11,13,13,50,58,12,23,58,68,61,14,12,0,6,3
2,7,5,8,10,9,7,7,8,14,4,9,26,14,2,14,51,59,53,12,8,0,7,8
10,11,6,2,6,3,5,6,9,11,14,37,47,7,9,18,38,57,50,13,2,0,8,1
5,0,0,9,0,6,2,0,8,12,15,34,27,6,11,8,6,11,13,7,0,0,0,0
0,1,0,11,0,5,7,0,13,7,16,49,12,0,0,4,3,0,5,0,0,0,5,5
0,1,3,8,0,4,0,3,8,9,21,51,10,0,0,0,3,4,0,0,2,1,0,0
1,0,0,5,6,0,0,7,3,14,32,40,14,11,9,4,0,0,1,0,0,0,0,0
4,0,0,0,0,4,6,4,10,11,44,34,12,5,11,4,0,0,0,0,0,0,0,0
0,0,0,5,1,9,12,2,8,14,53,52,37,14,5,0,0,0,0,0,0,0,0,0
0,0,0,11,9,6,5,7,25,58,62,60,50,14,13,14,12,9,3,7,1,0,0,0
4,2,4,9,7,9,5,0,43,72,55,77,55,30,2,4,11,13,9,2,0,0,7,5
0,5,11,9,3,10,12,15,58,63,58,86,63,51,12,2,0,5,6,8,3,6,11,9
3,6,0,11,12,14,8,9,16,14,17,20,54,55,12,8,10,8,3,7,10,10,2,6

7,13,8,9,4,4,10,7,8,14,10,2,4,6,11,10,10,6,6,2,5,6,2,6
7,10,13,13,11,0,0,2,0,0,11,2,0,6,13,15,9,8,2,0,4,6,4,11
4,11,4,9,8,0,10,10,0,5,0,11,54,10,6,11,7,2,0,2,9,10,9,12
8,5,0,1,0,12,10,11,52,61,108,120,107,112,66,14,9,16,1,14,8,13,12,0
4,0,0,5,9,10,13,25,55,149,276,329,201,163,120,111,71,56,31,28,14,13,9,0
7,0,0,0,1,8,16,53,96,237,380,407,328,269,203,176,146,114,103,61,52,40,15,14
0,0,0,4,10,9,14,62,130,230,283,284,245,227,210,190,185,154,189,146,101,55,33,12
5,8,21,5,2,43,11,66,135,197,207,184,146,126,132,129,135,134,153,149,117,70,55,50
0,2,7,0,8,0,25,71,116,150,171,174,141,102,27,30,53,52,80,69,61,52,11,12
0,2,2,4,8,0,9,82,107,152,200,204,173,123,80,12,7,41,54,50,46,14,3,4
3,0,0,0,2,38,59,75,120,159,205,238,212,139,80,54,3,9,12,14,27,14,3,8
0,0,0,0,14,2,51,100,130,151,199,218,196,158,96,64,39,9,14,14,6,5,0,0
0,0,0,8,4,4,51,102,124,140,195,217,190,153,120,78,58,13,12,12,13,12,8,9
0,4,1,4,3,1,63,105,124,148,174,180,162,142,111,100,97,13,7,14,11,10,0,0
0,6,0,10,5,2,11,102,121,143,156,163,149,117,74,68,74,12,12,4,6,0,2,0
2,1,0,0,0,0,43,72,108,137,163,160,125,84,71,60,58,27,14,4,9,0,5,10
0,0,0,0,4,3,23,68,91,100,129,165,112,116,73,52,60,42,25,19,14,9,10,8
1,5,11,14,12,16,30,67,116,165,220,236,249,216,151,122,83,74,77,53,44,36,26,9
6,0,0,4,9,9,45,104,146,173,198,283,295,283,251,193,177,144,120,114,104,103,55,10
1,5,7,7,6,6,84,119,149,201,265,365,401,381,304,293,202,138,137,126,117,101,85,50
10,0,0,9,25,28,70,117,150,203,253,350,439,410,325,238,224,177,120,104,109,95,101,61
10,4,3,12,12,7,39,94,134,165,212,269,323,316,260,211,189,162,134,115,109,90,72,52
7,4,9,3,7,13,13,62,102,115,132,146,159,149,130,119,115,92,66,48,48,80,78,57
0,9,10,8,11,8,38,46,14,81,103,108,105,106,102,101,100,81,50,52,57,63,66,105
7,5,0,1,9,12,2,5,70,11,54,58,70,80,100,97,70,69,40,23,58,71,82,59
7,6,0,1,6,4,7,32,18,13,11,13,27,21,68,95,82,58,50,31,57,55,55,53
6,0,0,4,14,12,9,2,0,11,8,57,50,47,11,74,60,45,48,54,75,52,52,17
7,6,9,15,11,1,0,0,3,22,12,53,92,75,13,60,53,62,57,69,83,48,14,9
5,11,14,13,2,0,0,3,7,11,27,54,60,63,22,58,69,73,76,78,53,25,12,3
6,6,10,0,0,3,13,12,26,6,28,44,55,61,44,65,66,82,70,69,28,10,12,10
3,3,0,3,10,13,10,20,12,16,23,32,53,53,46,59,71,56,57,50,15,10,12,10
0,0,8,14,8,12,11,5,8,11,13,13,51,59,12,24,58,68,61,14,12,0,5,3
2,7,5,8,10,9,7,7,8,14,4,9,26,15,3,14,52,59,54,12,8,0,7,8
10,11,6,2,6,3,5,6,9,11,14,40,47,7,10,19,39,57,50,13,1,0,8,1
5,0,0,9,0,6,3,0,8,12,17,34,27,6,11,8,6,11,13,7,0,0,0,0
0,1,0,11,0,5,7,0,13,7,15,50,12,0,0,4,3,0,5,0,0,0,5,5
0,1,3,8,0,5,0,3,8,9,25,51,10,0,0,0,3,4,0,0,2,1,0,0
1,0,0,5,6,0,0,7,3,14,32,42,14,11,9,4,0,0,1,0,0,0,0,0
4,0,0,0,0,4,6,4,10,12,46,35,13,6,11,4,0,0,0,0,0,0,0,0
0,0,0,5,1,9,12,3,8,15,52,52,37,14,5,0,0,0,0,0,0,0,0,0
0,0,0,11,9,6,5,7,25,58,62,60,50,14,13,14,12,9,3,7,1,0,0,0
4,2,4,9,8,9,6,0,43,72,55,77,55,30,2,4,11,13,9,1,0,0,7,5
0,5,11,9,4,10,12,18,59,64,59,87,63,52,13,2,0,5,6,8,3,6,11,9
3,6,0,11,13,14,9,10,16,14,19,19,54,55,13,8,10,8,3,7,10,10,2,6

7,13,8,9,4,4,10,7,8,14,11,2,4,6,10,10,10,6,6,2,5,6,2,6
7,10,13,13,11,0,0,2,0,0,11,2,0,6,13,16,9,8,2,0,4,6,4,11
4,11,3,9,8,0,10,10,0,5,0,11,54,10,6,11,7,2,0,2,9,10,8,12
8,5,0,1,0,11,10,11,52,61,108,120,107,112,66,14,9,14,1,14,8,13,12,0
4,0,0,5,9,10,13,24,55,148,274,328,202,163,120,112,71,56,32,26,14,13,9,0
7,0,0,0,1,8,16,53,96,237,380,407,328,269,203,176,147,114,103,61,52,40,14,14
0,0,0,5,10,9,14,62,130,230,283,284,245,228,211,191,185,155,189,146,101,55,34,12
5,8,21,5,2,42,11,66,135,198,208,185,146,126,132,129,135,134,154,150,117,70,55,50
0,2,7,0,8,0,26,71,116,151,171,174,141,101,28,30,53,52,80,69,61,53,11,12
1,2,2,4,8,0,9,82,108,153,201,204,172,123,80,12,7,41,54,50,47,14,3,4
3,0,0,0,2,38,59,75,121,160,207,239,211,139,80,54,3,9,12,14,27,14,3,7
0,0,0,0,14,2,51,100,130,151,200,221,198,158,95,64,39,9,14,14,6,5,0,0
0,0,0,8,4,4,51,102,123,140,196,219,190,153,119,78,58,13,12,12,12,12,8,9
0,4,1,4,4,1,62,105,124,148,174,180,161,142,111,100,96,12,7,13,11,9,0,0
0,6,0,10,5,2,11,102,121,142,155,162,149,116,73,67,74,12,12,4,6,0,2,0
2,1,1,0,0,0,43,72,108,137,162,159,124,84,71,59,58,26,14,4,9,0,5,10
0,0,0,0,4,3,22,68,90,100,129,165,112,116,73,52,58,41,23,18,14,9,9,8
1,5,11,14,12,15,30,67,116,164,219,236,249,215,151,121,82,73,77,53,44,35,25,9
6,0,0,4,8,9,46,104,146,172,198,283,295,282,250,193,176,144,119,113,103,103,54,10
1,5,7,7,6,7,85,119,149,201,265,364,402,382,304,293,202,138,137,126,117,101,85,50
10,0,0,9,25,28,71,117,151,204,254,351,439,410,326,238,223,177,120,104,109,95,101,61
10,4,3,12,12,7,39,95,135,165,212,269,323,316,261,211,189,162,134,115,109,90,72,52
7,4,9,3,7,13,13,64,102,116,132,146,160,149,130,119,115,92,66,48,48,80,78,57
0,9,10,8,11,8,37,45,14,79,103,108,105,106,102,101,100,81,48,52,56,62,65,105
7,5,0,1,9,12,2,5,70,12,54,56,71,80,100,95,70,67,40,23,59,71,82,60
7,6,0,1,6,4,7,32,18,13,11,13,28,20,68,95,82,56,51,31,57,55,56,54
6,0,0,4,14,12,9,2,0,11,8,58,50,48,11,74,60,45,50,53,75,52,52,16
7,6,9,15,11,1,0,0,2,23,13,53,93,75,13,60,53,63,57,69,83,49,14,9
5,11,14,13,2,0,0,3,7,11,25,53,60,64,24,58,69,73,76,78,53,25,12,2
6,6,10,0,0,3,13,12,26,6,28,44,55,61,44,65,65,82,70,69,28,10,12,10
3,3,0,3,10,13,9,20,12,17,24,33,53,53,46,59,70,56,57,51,14,10,12,10
0,0,8,14,8,13,11,5,9,11,13,13,51,61,12,27,58,68,62,14,12,0,5,2
2,7,5,8,10,9,7,8,8,14,4,9,28,16,3,14,52,59,54,12,7,0,7,8
10,11,6,2,6,3,5,7,9,11,14,38,48,8,10,21,39,57,50,14,1,0,8,1
5,0,0,9,0,7,3,0,8,12,17,35,27,7,11,9,7,11,13,7,0,0,0,0
0,1,0,11,0,5,7,0,13,8,16,50,13,0,0,4,4,0,5,0,0,0,5,5
0,1,4,8,0,5,0,3,9,9,24,51,10,0,0,0,3,4,0,0,2,1,0,0
1,0,0,5,6,0,0,8,4,14,32,42,14,12,9,4,0,0,1,0,0,0,0,0
4,0,0,0,0,4,6,4,11,12,46,35,13,6,11,4,0,0,0,0,0,0,0,0
0,0,0,5,0,9,12,3,9,16,53,52,38,14,5,0,0,0,0,0,0,0,0,0
0,0,0,11,9,6,5,7,26,58,62,60,50,14,12,14,12,9,3,7,1,0,0,0
4,2,4,9,8,9,6,0,44,72,56,76,55,31,2,4,11,13,9,1,0,0,7,5
0,5,11,9,4,11,12,17,59,64,59,86,63,51,13,3,0,5,6,8,3,6,11,9
3,6,0,11,13,15,9,10,17,15,19,21,54,55,13,8,10,8,3,7,10,10,2,6

7,13,8,9,4,4,10,7,8,14,10,2,4,6,10,10,10,6,6,2,5,6,2,5
7,10,13,13,11,0,0,2,0,0,11,2,0,6,13,15,9,8,2,0,4,6,4,11
4,11,4,9,8,0,10,10,0,5,0,11,54,10,6,11,7,2,0,2,9,10,8,12
8,5,0,1,0,11,10,11,52,61,107,120,108,112,66,14,9,14,1,14,8,13,12,0
4,0,0,5,9,10,13,24,55,148,274,328,201,163,120,111,70,56,30,27,14,13,9,0
7,0,0,0,1,8,16,53,96,237,378,406,327,269,202,176,146,114,103,60,52,39,14,14
0,0,0,4,10,9,14,62,130,231,284,284,245,227,210,190,185,154,189,146,101,55,32,12
5,8,21,5,2,43,11,66,136,199,208,184,146,126,132,129,135,135,154,150,118,70,55,50
0,2,7,0,8,0,25,71,116,151,171,174,140,101,28,30,53,52,80,69,61,52,11,12
1,2,2,4,8,0,10,82,108,154,202,205,172,123,80,12,7,41,54,50,48,14,3,4
3,0,0,0,2,38,59,75,121,161,208,239,212,139,80,54,3,9,12,14,26,13,3,7
0,0,0,0,14,2,51,100,130,151,202,222,199,158,95,64,39,9,14,14,5,5,0,0
0,0,0,8,4,4,51,102,123,140,197,221,191,153,119,78,57,13,12,12,12,12,8,9
0,4,1,4,3,1,61,105,124,148,176,181,161,142,111,100,96,12,6,14,11,9,0,0
0,6,0,10,5,2,11,102,121,142,156,162,148,116,73,67,73,12,12,4,6,0,2,0
2,1,1,0,0,0,43,72,107,137,162,159,124,83,71,59,58,27,14,4,9,0,5,10
0,0,0,0,4,3,21,67,90,100,129,165,111,116,73,52,58,39,22,17,14,9,9,8
1,5,11,14,12,15,30,67,115,164,219,235,249,215,150,121,82,73,76,52,44,35,25,9
6,0,0,4,9,9,45,104,146,172,198,282,295,282,250,192,176,143,119,113,103,103,53,10
1,5,7,7,6,7,85,120,149,201,265,365,402,382,304,292,201,138,137,126,117,101,85,51
10,0,0,9,25,28,71,117,151,203,254,351,440,411,326,239,224,177,120,104,109,95,100,61
10,4,3,12,12,7,39,95,135,166,212,269,323,316,260,211,189,162,134,115,109,90,73,53
7,5,9,3,7,13,13,63,102,115,132,146,160,150,130,120,115,92,66,48,48,80,78,57
0,9,10,8,11,8,40,46,14,81,104,108,105,106,102,101,100,81,48,51,57,62,66,105
7,5,0,0,9,12,2,5,70,11,54,54,71,80,100,95,71,67,40,23,59,71,80,59
7,6,0,1,6,4,7,33,18,13,11,13,30,19,66,95,82,59,51,31,57,55,56,54
6,0,0,4,14,12,9,2,0,11,8,60,50,48,11,74,60,45,50,53,75,52,52,17
7,6,9,16,11,1,0,0,2,20,13,53,93,76,13,60,53,62,57,68,83,47,14,9
5,11,14,13,2,0,0,3,7,11,26,54,60,64,23,58,69,73,76,77,53,24,12,2
6,6,10,0,0,3,13,12,26,6,29,45,55,62,44,65,65,82,71,70,28,10,12,10
3,3,0,3,10,13,9,20,12,17,24,32,53,53,46,59,70,56,57,51,14,10,12,10
0,0,8,14,9,13,11,5,9,11,14,14,51,61,13,28,58,68,62,16,12,0,5,3
2,7,5,8,10,9,8,8,8,14,5,10,28,16,3,16,52,59,54,12,7,0,7,8
10,11,7,3,6,3,5,7,10,11,14,40,50,8,10,22,41,57,50,14,1,0,8,1
5,0,0,9,0,7,3,0,9,12,17,36,27,7,11,9,7,11,13,7,0,0,0,0
0,1,0,11,0,6,7,0,13,8,18,50,13,0,0,4,4,0,5,0,0,0,5,5
0,1,4,8,0,5,0,3,9,9,24,51,11,0,0,0,3,4,0,0,2,1,0,0
1,0,0,5,6,0,0,7,4,14,32,42,14,12,9,4,0,0,1,0,0,0,0,0
4,0,0,0,0,4,7,5,11,12,46,35,13,6,11,4,0,0,0,0,0,0,0,0
0,0,0,5,0,9,12,3,9,16,52,52,38,14,5,0,0,0,0,0,0,0,0,0
0,0,0,11,9,6,5,8,26,59,62,60,50,14,12,14,12,9,3,7,1,0,0,0
4,2,4,9,8,10,6,0,44,72,55,76,55,33,2,4,11,13,9,1,0,0,7,5
0,5,11,9,4,11,12,19,59,64,59,87,63,51,13,3,0,5,6,8,3,6,11,9
3,6,0,11,13,15,9,10,17,14,19,21,54,55,13,8,11,8,3,7,10,10,3,6

7,13,8,9,4,4,10,7,8,14,10,2,4,6,10,10,10,6,6,2,5,6,2,5
7,10,13,13,11,0,0,2,0,1,11,2,0,6,13,15,9,8,2,0,4,6,4,11
4,11,3,9,8,0,10,10,0,5,0,11,54,10,6,11,7,2,0,2,9,10,8,12
8,5,0,1,0,11,10,11,52,61,108,120,108,112,66,14,9,14,1,14,8,13,12,0
4,0,0,5,9,10,13,25,55,148,275,328,201,163,120,111,70,56,31,27,14,13,9,0
7,0,0,0,1,8,17,53,97,238,379,407,327,269,202,176,146,114,103,61,52,40,14,14
0,0,0,4,10,9,14,62,130,231,283,283,245,227,210,190,185,154,189,146,101,55,31,12
5,8,22,5,2,43,11,66,135,199,208,184,146,126,132,129,135,135,154,150,118,70,55,50
0,2,7,0,8,0,26,71,116,151,172,174,140,101,27,29,53,52,80,69,61,52,11,12
0,2,2,4,8,0,9,82,108,153,202,205,172,122,80,12,7,41,54,50,47,14,3,4
3,0,0,0,2,38,58,75,120,160,208,238,211,139,80,54,3,9,12,14,26,13,2,7
0,0,0,0,14,2,52,100,130,151,201,221,198,158,95,64,39,9,14,14,5,5,0,0
0,0,0,8,4,4,51,102,124,140,197,220,191,153,119,78,57,13,12,12,12,12,8,9
0,4,1,4,3,1,62,105,124,149,176,182,162,142,111,100,95,12,6,13,10,9,0,0
0,6,0,10,5,2,11,102,121,143,156,163,149,116,73,67,74,12,12,4,6,0,1,0
2,1,0,0,0,0,43,72,108,137,162,159,124,84,70,59,57,26,14,4,9,0,5,10
0,0,0,0,4,3,23,68,90,100,129,165,111,115,72,52,58,41,22,16,14,9,9,8
1,5,11,14,12,16,30,67,116,164,219,234,249,215,150,121,82,73,76,52,44,35,25,8
6,0,0,4,9,9,46,104,146,173,199,283,294,282,250,192,176,143,119,113,103,103,55,10
1,5,7,7,6,7,86,120,149,201,266,365,402,381,304,292,202,138,136,126,117,101,84,50
10,0,0,9,25,28,71,117,151,204,254,351,440,410,326,238,223,177,120,104,109,93,100,61
10,4,3,12,12,7,39,96,135,166,212,270,323,316,260,211,189,162,134,115,109,91,73,52
7,4,9,3,7,13,13,63,102,116,132,146,160,150,130,120,115,92,66,47,48,80,77,57
0,9,10,8,11,8,40,46,14,83,104,108,105,106,102,101,100,80,50,52,56,62,66,105
7,5,0,0,9,12,2,5,69,11,54,54,71,80,100,95,69,69,39,23,59,71,79,59
7,6,0,1,6,4,7,33,18,13,11,13,29,17,68,96,82,58,51,33,57,54,56,53
6,0,0,4,14,12,9,2,0,11,8,60,50,48,11,74,59,47,48,53,74,52,52,17
8,6,9,16,11,1,0,0,2,20,13,53,94,78,13,61,53,62,57,70,83,48,14,9
5,11,14,13,2,0,0,3,7,11,28,54,60,64,24,58,70,72,76,79,53,23,12,2
6,6,10,0,0,3,13,12,26,6,29,44,55,62,45,65,66,82,71,69,28,10,12,10
3,3,0,3,10,13,9,20,12,17,24,33,53,53,46,59,70,56,57,51,15,10,12,10
0,0,8,14,9,13,11,5,9,11,14,13,51,61,13,29,58,68,62,17,12,0,5,2
2,7,5,8,11,9,8,8,8,14,5,10,29,18,4,16,52,59,54,12,7,0,7,8
10,12,7,3,6,3,5,7,10,11,14,40,48,8,10,22,41,57,50,14,1,0,8,0
5,0,0,9,1,7,3,0,8,12,18,35,27,7,12,9,7,11,13,7,0,0,0,0
0,1,0,11,0,6,8,0,13,8,18,50,13,0,0,4,4,0,5,0,0,0,5,5
0,1,4,8,0,5,0,3,9,10,27,51,11,0,0,0,3,5,0,0,2,1,0,0
1,0,0,5,6,0,0,8,4,14,33,42,14,12,9,4,0,0,1,0,0,0,0,0
5,0,0,0,0,4,7,5,11,12,46,35,13,6,11,4,0,0,0,0,0,0,0,0
0,0,0,5,0,9,12,3,9,16,53,52,38,14,5,0,0,0,0,0,0,0,0,0
0,0,0,11,9,7,6,8,25,59,62,60,50,14,12,14,12,9,3,7,1,0,0,0
4,2,4,9,8,10,6,0,44,72,55,76,55,33,2,4,11,13,9,1,0,0,7,5
0,5,11,9,4,11,12,21,59,65,59,87,63,51,13,3,0,5,6,8,3,6,11,9
3,6,0,11,13,15,9,10,19,15,20,22,54,55,13,9,11,8,3,7,10,10,3,6

7,13,8,9,4,4,10,7,8,14,10,2,4,6,10,10,10,6,6,2,5,6,2,6
7,10,13,13,11,0,0,2,0,0,12,2,0,6,13,16,9,8,2,0,4,6,3,11
4,11,3,9,8,0,10,10,0,5,0,11,54,10,6,11,7,2,0,2,9,10,8,12
8,5,0,1,0,12,10,11,52,61,108,119,108,112,66,14,9,14,1,14,8,13,12,0
4,0,0,5,9,10,13,23,55,148,275,328,201,163,120,111,70,56,30,26,14,13,9,0
7,0,0,0,1,8,16,53,97,238,380,406,327,269,202,176,147,114,103,61,52,39,14,13
0,0,0,4,10,9,14,62,130,231,284,283,245,227,210,190,184,154,189,146,101,55,33,12
5,8,21,5,2,43,11,66,135,198,208,185,146,126,132,129,134,134,153,149,117,70,55,50
0,2,7,0,8,0,25,71,116,150,171,174,140,101,27,29,53,52,80,69,61,52,10,12
1,2,2,4,8,0,9,82,107,152,200,204,171,122,80,12,7,40,54,50,46,14,3,4
3,0,0,0,2,38,58,75,120,159,206,237,210,138,80,53,3,9,12,14,25,13,2,7
0,0,0,0,14,2,51,100,129,150,199,219,197,158,95,63,38,9,14,14,5,4,0,0
0,0,0,8,3,4,52,102,124,140,196,219,192,154,120,77,57,13,12,12,12,12,8,9
0,4,1,4,4,1,63,105,125,149,176,183,164,143,111,100,96,12,6,13,10,9,0,0
0,6,0,10,5,2,12,103,121,143,157,164,150,117,74,67,74,12,12,4,6,0,1,0
2,1,1,0,0,0,45,73,108,138,164,161,125,84,71,59,58,26,14,4,9,0,5,10
0,0,0,0,4,3,25,68,91,100,129,164,110,114,72,52,59,42,23,16,14,9,9,8
1,5,11,14,12,16,31,67,117,165,219,235,248,215,150,121,82,73,76,52,44,35,25,8
6,0,0,4,9,9,46,105,147,173,199,283,294,281,249,192,176,144,119,113,103,103,55,10
1,5,7,7,6,7,86,120,150,201,266,365,401,380,302,292,201,138,136,126,117,101,84,50
10,0,0,9,25,28,72,117,151,204,254,352,440,410,325,238,223,177,120,103,109,94,101,61
10,4,3,12,12,7,40,96,135,166,213,269,323,316,260,211,190,162,134,115,109,90,72,52
7,4,9,3,7,13,13,64,103,116,133,147,160,150,130,120,115,92,66,47,48,81,78,57
0,9,10,8,11,8,40,46,14,83,104,108,105,106,103,101,100,81,50,52,56,62,66,105
7,5,0,1,9,12,2,5,72,12,54,56,72,84,100,95,71,67,40,24,59,72,81,59
7,6,0,1,6,4,7,32,18,13,11,13,30,15,66,95,84,58,51,30,57,54,55,51
6,0,0,4,14,12,9,2,0,11,8,60,51,50,11,74,60,47,48,53,75,52,52,17
8,6,9,15,11,1,0,0,2,23,13,53,94,77,13,61,53,62,57,70,82,48,14,9
5,11,14,13,3,0,0,3,7,11,28,54,60,64,26,59,70,73,76,79,53,24,12,2
6,6,10,0,0,3,13,12,26,6,28,44,55,61,45,65,65,83,71,69,28,10,12,9
3,3,0,3,10,13,9,20,12,17,24,33,53,53,47,59,70,56,57,51,14,9,12,10
0,0,8,14,9,13,11,5,9,11,13,13,51,61,13,29,58,68,62,15,12,0,5,2
2,7,5,8,11,9,8,8,8,14,5,10,29,19,4,17,52,59,54,12,7,0,7,8
10,11,7,3,6,3,5,7,10,11,14,40,48,8,10,22,41,57,50,14,0,0,8,0
5,0,0,9,1,7,3,0,9,12,18,35,27,7,12,9,7,12,13,7,0,0,0,0
0,1,0,11,0,6,7,0,13,8,16,50,13,0,0,4,4,0,5,0,0,0,5,5
0,1,4,9,0,5,0,3,9,10,25,51,11,0,0,0,3,4,0,0,2,1,0,0
1,0,0,6,6,0,0,8,4,14,33,45,14,12,9,4,0,0,1,0,0,0,0,0
5,0,0,0,0,4,7,5,11,12,46,35,13,6,11,4,0,0,0,0,0,0,0,0
0,0,0,5,0,9,12,3,9,17,53,52,39,14,5,0,0,0,0,0,0,0,0,0
0,0,0,11,9,7,6,8,26,59,61,60,50,14,12,14,12,9,3,7,1,0,0,0
4,2,4,9,8,10,7,0,44,72,55,76,55,33,2,4,11,13,9,1,0,0,7,6
0,5,11,9,4,11,12,23,59,65,60,87,63,52,13,3,0,5,6,8,3,6,11,9
3,6,0,11,13,15,9,10,17,15,20,21,55,56,13,9,11,8,3,7,10,10,2,6

7,13,8,9,4,4,10,7,8,14,10,2,4,7,10,10,9,6,6,2,5,6,2,5
7,10,13,13,11,0,0,2,0,0,12,2,0,6,13,15,9,8,2,0,4,6,3,11
4,11,3,9,8,0,10,10,0,5,0,11,54,10,6,11,7,2,0,2,9,10,8,12
8,5,0,1,0,11,10,11,52,61,107,120,107,112,66,14,9,14,1,14,8,13,12,0
4,0,0,5,9,10,13,24,55,149,275,327,201,163,120,111,70,56,32,27,14,13,9,0
7,0,0,0,1,8,17,53,97,240,380,405,326,269,203,176,147,114,104,61,52,40,14,13
0,0,0,4,10,9,14,62,131,232,284,284,245,227,211,191,185,154,189,146,101,55,33,12
5,8,21,5,2,42,11,66,135,198,208,184,146,126,132,129,135,134,153,148,117,70,55,50
0,2,7,0,8,0,24,71,116,150,171,173,140,101,27,29,53,52,80,69,61,52,11,12
0,2,2,4,8,0,9,82,107,153,201,204,171,122,80,12,7,40,54,50,46,14,2,3
3,0,0,0,2,38,58,75,120,159,207,238,209,138,80,54,3,9,12,14,26,13,2,7
0,0,0,0,14,2,51,100,129,151,199,219,197,157,95,63,37,9,14,14,5,4,0,0
0,0,0,8,3,4,52,102,124,140,197,220,191,154,119,77,57,13,12,12,12,12,8,9
0,4,1,4,4,1,63,105,125,149,177,182,164,143,111,100,96,12,6,13,10,9,0,0
0,6,0,10,5,2,12,103,121,143,157,164,150,117,74,67,74,12,12,4,6,0,1,0
2,1,0,0,0,0,45,73,108,138,164,160,125,84,71,60,58,27,14,4,9,0,5,10
0,0,0,0,4,3,26,68,91,100,129,164,110,114,72,52,59,42,23,16,14,9,9,8
1,5,11,14,12,16,31,67,117,165,219,235,248,215,150,121,82,73,76,52,44,35,25,8
6,0,0,4,9,9,46,104,146,173,199,283,295,282,249,192,176,143,119,113,103,103,55,10
1,5,7,7,6,7,86,120,150,201,266,365,402,381,303,291,201,138,136,125,117,101,83,50
10,0,0,9,25,28,72,117,151,204,256,352,440,410,325,238,223,177,120,103,109,93,100,61
10,4,3,12,12,7,40,96,135,166,213,269,323,316,260,211,190,162,134,115,109,89,72,52
7,5,9,3,7,13,13,65,103,116,133,147,161,150,130,120,115,92,66,48,49,81,77,57
0,9,10,8,11,8,38,46,14,82,104,108,105,106,103,101,100,81,48,52,57,61,64,105
7,5,0,0,9,12,2,5,73,12,54,58,72,81,100,97,69,69,40,24,58,71,82,58
7,6,0,1,6,4,7,32,20,13,11,13,29,15,68,95,82,59,52,33,57,55,56,53
6,0,0,4,14,12,9,2,0,11,8,60,51,50,11,75,60,48,50,53,75,52,52,18
8,6,9,15,11,1,0,0,2,22,13,53,95,78,13,60,53,62,57,69,83,48,14,9
6,11,14,13,3,0,0,3,7,11,26,54,60,64,26,59,70,73,77,79,53,25,12,2
6,6,10,0,0,3,13,12,26,6,29,44,55,62,45,65,65,83,71,70,29,10,12,10
2,3,0,3,10,13,9,20,12,18,24,34,53,53,47,59,70,56,57,51,14,10,12,10
0,0,8,14,9,13,11,5,9,11,13,14,51,61,13,28,58,68,63,17,12,0,5,2
2,7,5,8,11,9,8,8,8,14,5,10,30,20,4,19,52,59,54,12,7,0,7,8
10,12,7,3,6,3,5,7,10,11,14,42,48,9,11,22,41,57,50,14,0,0,8,1
5,0,0,9,1,7,3,0,9,12,17,35,28,7,12,9,7,12,13,7,0,0,0,0
0,1,0,11,0,6,8,0,13,8,18,50,13,0,0,4,4,0,5,0,0,0,5,5
0,1,4,9,0,5,0,3,9,10,25,51,11,0,0,0,3,4,0,0,2,1,0,0
1,0,0,6,6,0,0,8,4,14,34,45,14,12,9,4,0,0,1,0,0,0,0,0
5,0,0,0,0,4,7,5,11,12,47,36,13,6,11,4,0,0,0,0,0,0,0,0
0,0,0,5,0,9,12,3,10,18,53,52,40,14,5,0,0,0,0,0,0,0,0,0
0,0,0,11,9,7,6,8,26,59,62,60,50,14,12,14,12,9,3,7,1,0,0,0
4,3,4,8,8,10,7,0,45,72,55,76,55,34,2,4,12,13,9,1,0,0,7,6
0,5,11,9,4,11,12,22,59,65,60,88,64,52,13,3,0,5,6,8,3,6,11,9
3,6,0,11,13,15,9,10,18,15,20,22,54,56,13,9,11,8,3,7,10,10,3,6

7,13,8,9,4,4,10,7,8,14,10,2,4,6,10,10,9,6,6,2,4,6,2,5
7,10,13,13,11,0,0,2,0,0,11,2,0,6,13,14,9,8,2,0,4,5,3,11
5,11,3,9,8,0,10,10,0,5,0,11,54,10,6,11,7,2,0,2,9,10,8,12
8,5,0,1,0,11,10,11,52,61,108,119,107,112,66,14,9,14,1,14,8,13,12,0
4,0,0,5,9,10,13,24,55,148,274,326,201,162,120,111,70,56,30,26,14,13,9,0
7,0,0,0,1,8,17,53,97,238,379,405,327,268,202,176,147,115,103,61,52,40,14,13
0,0,0,5,10,9,14,62,131,231,284,284,245,227,211,191,185,154,189,146,101,55,32,12
5,8,21,5,2,43,11,66,136,200,209,185,146,126,132,129,135,134,153,149,117,70,55,50
0,2,7,0,8,0,25,71,116,152,172,175,141,102,28,31,53,52,80,69,61,52,11,12
0,2,2,4,8,0,10,82,108,154,203,205,172,122,80,12,7,40,54,50,46,14,3,4
3,0,0,0,2,38,58,75,120,160,208,239,211,139,80,53,3,9,12,14,26,13,2,7
0,0,0,0,14,2,52,100,130,152,200,220,198,158,95,63,38,9,14,14,5,4,0,0
0,0,0,8,4,4,52,102,124,140,198,221,191,154,119,77,57,13,12,12,12,11,7,8
0,4,1,4,4,1,63,105,125,149,177,182,163,142,111,100,94,12,6,13,10,8,0,0
0,6,0,10,5,2,11,102,121,143,157,163,149,116,73,67,73,12,12,4,6,0,1,0
2,1,1,0,0,0,45,72,108,137,163,159,124,84,70,59,58,26,14,4,9,0,5,10
0,0,0,0,4,3,23,68,91,100,129,163,110,114,72,51,58,40,22,16,14,9,9,8
1,5,11,14,12,15,30,67,116,164,218,233,246,214,149,120,81,72,75,51,44,35,25,8
6,0,0,4,9,9,47,104,147,172,198,282,293,280,248,191,175,143,119,113,103,103,55,10
1,5,7,7,6,7,87,120,150,201,265,363,402,380,303,291,201,137,136,125,116,101,83,51
10,0,0,9,25,28,74,117,151,205,255,350,439,409,324,237,223,176,119,103,109,93,100,61
10,4,3,12,12,7,41,97,136,167,213,269,322,315,259,211,189,161,134,115,109,90,73,53
7,5,9,3,7,13,13,65,103,116,133,147,161,150,130,120,114,92,66,48,48,81,77,57
0,9,10,8,11,8,40,46,14,84,104,108,105,106,103,101,100,80,50,52,56,62,64,105
7,5,0,1,9,12,2,5,72,12,55,56,71,82,100,95,71,67,40,24,59,71,81,60
7,6,0,1,6,4,7,32,21,13,11,13,30,15,66,96,84,58,52,33,58,56,56,54
6,0,0,4,14,12,9,2,0,11,8,60,52,50,11,75,61,45,48,53,75,52,52,17
8,6,9,16,11,1,0,0,2,22,13,53,95,79,13,61,53,63,58,70,83,49,14,9
5,11,14,13,3,0,0,3,7,11,30,54,60,64,26,59,70,74,76,79,54,24,12,2
6,6,10,0,0,3,13,12,26,6,29,45,55,62,46,65,65,83,71,70,28,10,12,10
3,3,0,3,10,13,9,20,12,17,25,33,53,53,47,59,70,56,57,51,14,9,12,10
0,0,8,14,9,13,11,5,9,11,14,14,51,61,13,30,58,68,63,17,12,0,5,3
2,7,5,8,11,9,8,8,8,14,5,10,32,22,4,19,52,59,55,12,6,0,7,8
10,12,7,3,6,4,5,7,10,11,14,41,48,9,11,23,41,57,50,14,0,0,8,0
5,0,0,9,1,7,3,0,9,12,17,35,28,7,12,9,7,12,13,7,0,0,0,0
0,1,0,11,0,6,8,0,13,8,19,50,13,0,0,4,4,0,5,0,0,0,5,5
0,1,4,9,0,5,0,3,9,10,26,52,11,0,0,0,3,4,0,0,2,1,0,0
1,0,0,6,6,0,0,8,4,14,33,45,14,12,9,4,0,0,1,0,0,0,0,0
5,0,0,0,0,4,7,5,11,12,48,36,13,6,11,4,0,0,0,0,0,0,0,0
0,0,0,5,0,9,12,4,10,20,53,53,40,15,5,0,0,0,0,0,0,0,0,0
0,0,0,11,9,7,6,8,26,59,62,61,50,14,12,14,12,9,3,7,1,0,0,0
4,2,4,8,8,10,8,0,45,72,55,76,55,35,3,5,12,13,9,1,0,0,7,6
0,5,11,9,4,11,12,24,59,66,60,88,64,52,13,3,0,5,6,8,3,6,11,9
3,6,0,11,13,15,10,10,19,15,22,22,55,56,13,9,11,8,3,7,10,10,3,6

7,13,8,9,4,4,10,7,8,14,10,2,4,6,10,10,9,6,6,2,5,6,2,5
7,10,13,13,11,0,0,2,0,0,11,2,0,6,13,14,9,8,2,0,4,6,3,11
4,10,3,9,8,0,10,10,0,5,0,11,54,10,6,11,7,2,0,2,9,10,8,12
8,5,0,1,0,11,10,11,52,61,107,119,107,112,66,14,9,14,1,14,8,13,12,0
4,0,0,5,9,10,13,24,55,148,274,325,200,162,120,111,70,56,30,26,14,13,8,0
7,0,0,0,1,8,17,53,97,239,379,404,327,268,202,176,147,115,103,61,52,40,14,14
0,0,0,4,10,9,14,62,131,232,282,283,245,228,211,191,185,154,189,145,101,55,32,12
5,8,22,5,2,43,11,66,136,201,210,185,147,126,133,129,135,134,153,149,117,70,55,50
0,2,7,0,8,0,26,71,117,153,173,175,141,102,27,30,53,52,80,69,61,52,11,12
1,2,2,4,8,0,10,82,108,155,204,206,173,123,80,12,7,40,54,50,46,14,3,4
3,0,0,0,2,40,59,75,121,161,210,240,212,139,80,54,3,9,12,14,25,13,2,7
0,0,0,0,14,2,52,100,130,153,203,223,199,158,95,63,38,9,14,14,5,4,0,0
0,0,0,8,4,4,52,102,124,141,198,222,192,153,119,77,57,13,12,12,12,11,7,8
0,4,0,4,3,1,62,105,125,149,178,182,163,142,111,100,94,12,6,13,10,8,0,0
0,6,0,10,5,2,11,102,121,143,157,163,149,116,73,67,73,12,12,4,5,0,1,0
2,1,1,0,0,0,44,72,108,137,162,159,124,83,70,58,57,25,14,4,9,0,4,10
0,0,0,0,4,3,22,68,90,99,128,163,110,114,72,51,57,39,22,16,14,9,9,8
1,5,11,14,12,15,30,67,116,164,218,232,246,213,149,120,81,72,75,51,44,35,25,8
6,0,0,4,9,9,47,104,146,172,197,281,293,280,248,191,174,143,119,112,103,103,55,10
1,5,7,7,6,7,89,120,150,202,265,365,402,381,303,291,200,137,136,125,116,101,83,51
10,0,0,9,25,28,74,117,152,205,255,350,440,410,325,238,223,176,119,103,108,93,100,61
10,4,3,12,12,7,41,97,136,167,213,269,322,315,260,211,189,161,134,115,109,90,72,52
7,4,9,3,7,13,13,66,103,116,133,147,161,150,131,120,115,93,66,47,48,81,77,57
0,9,10,8,11,8,38,46,14,84,104,108,105,106,103,101,100,81,50,52,56,62,65,105
7,5,0,0,9,12,2,5,72,12,52,56,72,81,100,95,69,67,40,23,58,71,80,58
7,6,0,1,6,4,7,32,18,13,11,13,31,15,68,95,84,58,51,33,57,54,56,54
6,0,0,4,14,12,8,2,0,11,9,61,52,50,11,74,60,47,50,53,75,52,52,17
8,6,9,15,11,1,0,0,2,24,13,54,95,78,13,61,53,62,58,70,83,49,14,9
5,11,14,13,3,0,0,3,7,12,31,54,60,64,26,59,70,73,76,79,54,23,12,2
6,6,10,0,0,3,13,12,27,7,28,46,55,62,47,65,65,83,71,70,28,10,12,9
2,3,0,3,10,13,9,20,12,18,25,34,53,53,47,59,70,56,57,51,14,9,12,10
0,0,8,14,9,13,11,6,9,12,14,14,51,61,13,30,58,68,63,18,12,0,5,2
2,7,5,8,11,9,8,8,8,14,5,10,31,23,5,19,52,59,54,12,6,0,7,8
10,12,7,3,6,4,5,7,10,11,14,42,49,9,11,22,42,57,50,14,0,0,8,1
5,0,0,9,1,7,4,0,9,12,19,36,27,7,12,10,7,12,13,7,0,0,0,0
0,1,0,11,0,6,8,0,13,8,20,50,13,0,0,4,4,0,5,0,0,0,5,5
0,1,4,9,0,5,0,3,9,10,26,52,11,0,0,0,3,4,0,0,2,1,0,0
1,0,0,6,6,0,0,8,4,14,33,43,14,12,9,4,0,0,1,0,0,0,0,0
5,0,0,0,0,4,7,5,11,12,48,36,13,7,11,4,0,0,0,0,0,0,0,0
0,0,0,5,0,9,12,4,10,18,53,52,40,15,5,0,0,0,0,0,0,0,0,0
0,0,0,11,9,7,6,8,26,59,62,61,50,14,12,14,12,9,3,7,1,0,0,0
4,3,4,8,8,10,8,0,46,72,56,77,55,35,3,5,12,13,9,1,0,0,7,6
0,5,11,9,4,11,12,25,59,66,60,88,64,52,13,3,0,5,6,8,3,6,11,10
3,6,0,11,13,15,10,10,19,15,20,23,55,56,13,9,11,8,3,7,10,10,3,6

7,13,8,9,4,4,10,7,8,14,10,2,4,6,10,10,9,6,6,2,4,6,2,5
7,10,13,13,11,0,0,2,0,0,11,2,0,6,13,14,9,8,2,0,4,5,3,11
4,10,3,9,8,0,10,10,0,5,0,11,54,10,6,11,7,2,0,2,9,10,8,12
8,5,0,1,0,11,10,11,52,61,107,119,107,112,66,14,9,14,1,14,8,13,12,0
4,0,0,5,9,10,13,24,55,148,273,326,201,163,120,111,70,56,31,26,14,13,8,0
7,0,0,0,1,8,17,54,97,239,379,404,327,269,203,176,147,115,103,61,52,40,14,14
0,0,0,4,10,9,14,62,131,232,283,284,245,228,211,191,185,154,189,145,101,55,32,12
5,8,22,5,2,44,11,66,136,201,210,185,147,126,133,130,135,135,154,150,118,70,55,50
0,2,7,0,8,0,27,71,117,153,173,175,141,102,29,31,53,52,80,69,61,52,11,12
0,2,2,4,8,0,10,82,108,155,204,206,173,123,80,12,7,40,54,50,47,14,2,3
3,0,0,0,2,39,59,75,121,162,211,241,212,139,80,54,3,9,12,14,25,13,2,7
0,0,0,0,14,3,52,100,130,153,203,224,200,158,95,64,40,9,14,14,5,4,0,0
0,0,0,8,4,4,51,102,124,141,199,223,192,153,119,77,57,12,12,12,12,11,7,8
0,4,1,4,3,1,62,105,124,149,178,182,162,142,111,100,93,11,6,13,10,8,0,0
0,6,0,10,5,2,11,102,121,143,157,163,148,116,73,67,72,12,12,4,5,0,1,0
2,1,0,0,0,0,45,72,108,137,162,159,123,83,70,58,58,23,14,4,9,0,5,10
0,0,0,0,4,3,24,68,90,99,128,163,110,114,72,51,57,38,20,15,14,9,9,8
1,5,11,14,12,15,31,67,116,164,217,233,246,213,148,119,80,71,75,51,44,35,25,8
6,0,0,4,9,9,48,105,147,173,198,282,292,280,248,191,174,142,119,112,103,103,55,10
1,5,7,7,6,7,89,120,150,201,265,364,402,382,303,291,200,137,136,125,116,100,83,50
10,0,0,9,25,28,75,117,152,206,255,352,440,410,325,237,223,176,119,103,108,93,100,61
10,4,3,12,12,7,41,98,137,168,214,270,322,315,260,211,189,161,134,115,109,90,72,53
7,5,9,4,7,13,13,67,103,116,133,147,161,151,131,120,114,92,66,47,49,81,77,57
0,9,10,8,11,8,40,46,14,84,104,108,105,106,103,101,100,81,50,52,56,62,65,105
7,5,0,1,9,12,2,5,72,12,54,56,72,85,100,95,71,69,40,25,60,71,82,60
7,6,0,1,6,4,7,32,21,14,11,13,31,14,68,95,82,58,52,33,56,56,55,53
6,0,0,4,14,12,9,2,0,11,9,62,52,51,11,74,60,45,50,55,75,52,52,18
8,6,9,16,11,1,0,0,2,25,13,54,96,79,13,61,53,62,57,70,83,50,14,9
5,11,14,13,3,0,0,3,7,11,30,54,60,64,26,59,70,73,77,80,53,25,12,2
6,6,10,0,0,3,13,12,26,6,29,45,55,62,47,65,65,83,71,70,28,10,12,9
2,3,0,3,10,13,9,20,12,19,25,34,53,53,47,59,70,56,57,51,15,9,12,10
0,0,8,14,9,13,11,6,9,12,14,14,51,62,13,33,58,68,63,18,12,0,5,3
2,7,5,8,11,9,8,9,8,14,5,10,32,23,5,20,52,59,55,12,6,0,7,8
10,12,7,3,6,4,5,7,10,12,14,42,49,9,11,23,42,57,50,14,0,0,8,0
5,0,0,10,1,7,4,0,9,12,19,36,28,7,12,10,7,12,13,7,0,0,0,0
0,1,0,11,0,6,8,0,13,8,19,50,13,0,0,4,4,0,5,0,0,0,5,5
0,1,4,9,0,5,0,3,9,10,26,51,11,0,0,0,3,4,0,0,2,1,0,0
1,0,0,6,6,0,0,8,4,14,34,45,14,12,9,4,0,0,1,0,0,0,0,0
5,0,0,0,0,4,7,6,11,12,49,36,13,7,11,4,0,0,0,0,0,0,0,0
0,0,0,5,0,9,12,4,10,19,53,53,39,15,5,0,0,0,0,0,0,0,0,0
0,0,0,11,9,7,6,8,27,60,62,61,50,14,12,14,12,9,3,6,1,0,0,0
4,3,4,9,8,10,8,0,46,72,56,77,55,36,3,5,12,13,9,1,0,0,7,6
0,5,11,9,4,11,12,25,60,67,60,89,64,52,13,3,0,5,6,8,3,6,11,10
3,6,0,11,13,15,10,10,19,16,21,22,55,56,13,9,11,8,3,7,10,10,3,6

7,13,8,9,4,4,10,7,8,14,10,2,4,6,10,10,9,6,6,2,5,6,2,5
7,10,13,13,11,0,0,2,0,0,11,2,0,6,13,14,9,8,2,0,4,5,3,11
4,10,3,9,8,0,10,10,0,5,0,11,54,10,6,11,7,2,0,2,9,10,8,12
8,5,0,1,0,11,10,11,52,61,107,119,107,112,66,14,9,14,1,14,8,13,12,0
4,0,0,5,9,10,13,24,55,148,273,326,201,163,120,111,70,56,30,26,14,13,8,0
7,0,0,0,1,8,16,53,97,238,377,404,326,268,202,176,147,114,103,61,52,39,14,13
0,0,0,5,10,9,14,62,131,232,282,282,245,227,211,190,185,154,189,145,101,55,32,12
5,8,22,5,2,45,11,66,137,201,210,185,147,126,132,129,135,135,154,150,118,70,55,50
0,2,7,0,8,0,27,71,117,153,172,174,140,101,28,31,53,52,80,69,61,52,11,12
1,2,2,4,8,0,10,82,108,155,203,205,172,122,80,12,7,39,54,50,45,14,2,3
3,0,0,0,2,40,59,75,121,162,211,241,212,139,80,54,3,9,12,14,26,13,2,7
0,0,0,0,14,2,52,100,130,153,203,224,200,158,95,63,39,9,14,14,5,4,0,0
0,0,0,8,4,4,52,102,124,141,198,222,193,154,119,77,57,13,12,12,12,11,7,8
0,4,0,4,3,1,63,105,125,149,177,183,163,142,111,100,93,12,6,13,10,8,0,0
0,6,0,10,5,2,11,102,121,143,157,163,149,116,73,67,72,12,12,4,5,0,1,0
2,1,1,0,0,0,44,72,108,137,162,159,123,83,70,58,57,25,13,3,9,0,4,9
0,0,0,0,4,3,25,68,90,99,128,163,110,113,72,51,57,39,20,15,14,9,9,8
1,5,11,14,12,15,31,67,115,164,217,232,245,213,148,119,81,71,74,51,44,35,25,8
6,0,0,4,9,9,48,105,147,172,197,282,292,280,248,191,174,142,119,112,103,103,55,10
1,5,7,7,6,7,89,120,150,201,265,365,402,381,303,291,200,137,136,125,116,101,83,50
10,0,0,9,25,28,75,117,152,205,254,351,440,410,326,238,223,176,119,103,108,92,100,61
10,4,3,12,12,7,41,98,137,168,213,271,322,315,260,211,189,161,134,115,108,91,72,52
7,5,9,4,7,13,13,67,103,116,133,147,161,151,131,120,115,92,66,47,48,81,77,57
0,9,10,8,11,8,41,46,14,84,104,108,105,106,102,101,100,80,50,52,56,62,64,105
7,5,0,1,9,12,2,5,70,12,54,54,71,84,100,97,70,66,40,24,59,70,81,60
7,6,0,1,6,4,7,33,22,14,11,13,30,14,68,95,82,59,52,31,57,55,56,53
6,0,0,4,14,12,8,2,0,11,9,60,52,51,11,75,60,45,50,54,75,52,52,18
8,6,9,15,11,1,0,0,2,24,13,53,95,80,13,61,53,62,57,70,82,47,14,9
6,11,14,13,3,0,0,3,7,12,30,55,60,65,26,60,70,73,77,80,54,25,12,2
6,6,10,0,0,3,13,12,26,6,29,46,55,62,47,65,65,83,71,70,28,10,12,9
2,3,0,3,10,13,9,20,12,18,25,33,53,53,47,59,70,56,57,51,14,9,12,10
0,0,8,14,9,13,11,6,9,12,14,14,51,61,13,30,58,68,63,18,12,0,5,2
2,8,5,8,11,9,8,9,8,14,5,10,32,24,5,22,52,59,55,12,6,0,7,8
10,12,7,3,6,4,5,7,10,11,14,42,48,9,11,23,42,57,50,14,0,0,8,0
5,0,0,10,1,7,4,0,9,12,20,37,29,8,12,10,7,12,13,7,0,0,0,0
0,1,0,11,0,6,8,0,13,8,20,50,14,0,0,4,4,0,5,0,0,0,5,5
0,1,4,9,0,5,0,3,9,10,25,51,11,0,0,0,3,4,0,0,1,1,0,0
1,0,0,6,7,0,0,8,4,14,33,43,14,12,9,4,0,0,1,0,0,0,0,0
5,0,0,0,0,4,7,6,11,12,47,36,13,7,11,4,0,0,0,0,0,0,0,0
0,0,0,5,0,9,12,4,10,21,53,53,40,15,5,0,0,0,0,1,0,0,0,0
0,0,0,11,9,7,7,9,27,60,62,61,50,14,12,14,12,9,3,7,1,0,0,0
4,3,4,8,8,10,8,0,46,72,56,77,55,35,3,5,12,13,9,1,0,0,7,6
0,5,11,9,4,11,12,25,60,67,60,89,64,52,13,3,0,5,6,8,3,6,11,10
3,6,0,11,13,15,10,10,20,16,22,25,55,56,13,9,11,8,3,7,10,10,3,6

7,13,8,9,4,4,10,7,8,14,10,2,4,6,10,10,9,6,6,2,5,6,2,5
7,10,13,13,11,0,0,2,0,0,11,2,0,6,13,14,9,8,2,0,4,5,3,11
4,10,3,9,8,0,10,10,0,5,0,11,54,10,6,11,7,2,0,2,9,10,8,12
8,4,0,1,0,11,10,12,52,61,108,120,108,112,66,14,9,14,1,14,8,13,12,0
4,0,0,5,9,10,13,25,55,149,274,327,201,163,120,111,70,56,30,27,14,13,8,0
7,0,0,0,1,8,17,53,98,239,377,403,326,268,202,176,146,114,103,60,52,38,14,13
0,0,0,4,10,9,14,62,131,232,282,282,245,227,210,190,184,154,188,145,101,55,32,12
5,8,21,5,2,43,11,66,136,200,209,184,146,126,132,129,134,134,153,149,117,70,55,50
0,2,7,0,8,0,26,71,117,152,172,174,140,101,28,29,53,52,80,69,61,52,11,12
1,2,2,4,8,0,9,82,108,154,203,205,172,122,80,12,7,40,54,50,46,14,2,3
3,0,0,0,2,39,59,75,121,160,208,240,212,138,80,53,3,9,12,14,25,13,1,7
0,0,0,0,14,2,52,100,130,152,200,221,199,159,95,63,38,9,14,14,5,3,0,0
0,0,0,8,4,4,52,102,124,141,198,222,193,155,119,77,56,12,12,12,12,11,7,8
0,4,1,4,3,1,64,105,125,150,178,183,164,143,111,100,94,12,6,13,10,8,0,0
0,6,0,10,5,2,12,103,122,143,158,164,150,116,73,67,73,12,12,4,5,0,1,0
2,1,1,0,0,0,45,73,108,137,163,159,124,83,70,59,57,25,13,3,9,0,4,9
0,0,0,0,4,3,26,68,91,99,128,162,109,113,71,51,58,39,22,15,14,8,9,8
1,5,11,14,12,16,31,67,116,164,217,232,245,213,148,120,81,72,75,51,44,35,25,8
6,0,0,4,9,9,48,105,147,173,198,281,292,280,248,191,174,143,119,112,103,103,56,10
1,5,7,7,6,7,90,121,150,202,266,365,402,380,302,290,200,137,136,125,116,101,83,51
10,0,0,9,25,28,75,117,152,206,255,351,440,410,325,237,223,176,119,103,108,93,100,61
10,4,3,12,12,7,41,98,137,168,214,269,322,315,260,211,190,162,134,115,109,89,72,53
7,5,9,4,7,13,13,67,103,116,133,147,161,151,131,120,115,92,66,48,48,81,77,57
0,9,10,8,11,8,41,46,14,85,104,108,105,107,103,101,100,81,50,52,56,62,65,105
7,5,0,0,9,12,2,5,73,12,55,61,75,84,100,97,70,67,41,25,59,71,81,60
7,6,0,1,6,4,7,32,21,14,11,13,29,14,68,95,84,59,52,34,57,55,56,54
6,0,0,4,14,12,8,2,0,11,9,61,52,51,11,75,60,47,50,53,75,52,52,16
8,6,9,15,11,1,0,0,2,24,13,54,95,79,13,61,53,63,58,70,83,49,14,9
5,11,14,13,3,0,0,3,7,12,30,54,60,64,26,60,70,73,76,80,53,24,12,2
6,6,10,0,0,3,13,12,26,7,29,46,55,62,47,65,65,83,71,70,29,10,12,9
2,3,0,3,10,13,9,20,12,19,26,34,53,53,47,59,70,56,57,51,15,9,12,10
0,0,8,14,9,13,11,6,9,11,14,14,51,63,13,31,58,68,63,20,12,0,5,2
2,7,5,8,11,9,8,9,8,14,5,10,32,24,5,21,52,59,55,12,6,0,7,8
10,12,7,3,6,4,5,7,10,12,14,42,49,9,11,23,43,57,50,14,0,0,8,0
5,0,0,10,1,7,4,0,9,12,18,36,28,8,12,10,7,12,13,7,0,0,0,0
0,1,0,11,0,6,8,0,13,8,18,50,14,0,0,4,4,0,5,0,0,0,5,5
0,1,4,9,0,5,0,4,9,10,26,52,11,0,0,0,3,4,0,0,2,1,0,0
1,0,0,6,7,0,0,8,4,14,33,45,14,13,9,4,0,0,1,0,0,0,0,0
5,0,0,0,0,4,7,6,11,12,48,36,13,7,11,4,0,0,0,0,0,0,0,0
0,0,0,5,0,9,12,4,10,19,53,52,40,15,5,0,0,0,0,1,0,0,0,0
0,0,0,11,8,7,7,9,26,60,62,60,51,14,12,14,12,9,3,7,1,0,0,0
4,3,4,8,8,10,8,0,46,72,56,77,55,36,3,5,12,13,9,1,0,0,7,6
0,5,11,9,4,11,12,24,59,66,60,88,64,52,13,3,0,5,6,8,3,6,11,9
3,6,0,11,13,15,10,10,20,16,21,25,55,56,13,9,11,8,3,7,10,10,3,6

7,13,8,9,4,4,10,7,8,14,10,2,4,6,10,10,9,6,6,2,5,6,2,5
7,10,13,12,11,0,0,2,0,0,11,2,0,6,13,14,9,8,2,0,4,5,3,11
4,10,3,9,8,0,10,10,0,5,0,11,54,10,6,11,7,2,0,2,9,9,8,12
8,5,0,1,0,11,10,11,52,61,108,120,108,112,66,14,9,14,1,14,8,13,12,0
4,0,0,5,9,10,13,25,55,149,276,327,202,163,120,111,71,56,30,26,14,13,8,0
7,0,0,0,1,8,17,54,98,240,379,404,326,268,202,176,146,114,103,61,52,39,14,13
0,0,0,4,10,9,14,62,131,232,282,283,244,227,209,189,184,153,188,145,101,55,31,12
5,8,21,5,2,44,11,66,136,201,210,184,146,126,132,129,134,134,153,149,117,70,55,50
0,2,7,0,8,0,26,71,116,152,172,174,140,101,26,29,53,52,80,69,61,52,11,12
0,2,2,4,8,0,10,82,108,153,202,204,171,122,80,12,7,40,54,50,45,14,2,3
3,0,0,0,2,38,59,75,120,159,207,239,210,138,79,53,3,9,12,14,25,13,1,6
0,0,0,0,14,2,52,100,130,151,199,219,198,158,95,63,38,9,13,14,4,3,0,0
0,0,0,8,3,4,52,102,124,141,197,221,193,155,119,77,56,12,12,12,12,11,7,8
0,4,1,4,4,1,64,105,125,150,178,184,165,143,111,100,94,12,6,13,10,8,0,0
0,6,0,10,5,2,13,103,122,144,158,164,150,117,73,67,74,12,12,4,5,0,1,0
2,1,1,0,0,0,47,73,109,138,163,160,124,84,70,59,58,25,14,4,9,0,4,10
0,0,0,0,4,3,28,68,91,100,128,162,109,112,71,51,58,41,22,14,14,9,9,8
1,5,11,14,12,16,31,68,117,164,217,232,245,213,149,120,81,72,75,51,44,35,25,8
6,0,0,4,9,9,49,105,147,173,198,282,292,279,248,191,175,143,119,112,103,103,55,10
1,5,7,7,6,7,90,120,150,202,265,364,401,380,302,291,200,137,136,125,116,100,83,50
10,0,0,9,25,28,76,118,153,206,255,352,440,409,324,237,223,176,119,103,108,93,100,61
10,4,3,12,12,7,42,99,137,169,214,271,323,315,260,211,190,162,135,115,109,91,73,53
7,4,9,4,7,13,14,67,104,117,134,147,161,151,131,120,115,92,66,48,49,81,77,57
0,9,10,8,11,8,41,46,14,85,104,108,105,107,103,101,100,81,50,52,56,62,65,105
7,5,0,0,9,12,2,5,72,12,54,58,72,82,100,95,71,67,40,25,59,72,80,60
7,6,0,1,6,4,7,32,22,14,11,13,30,14,68,95,84,59,52,34,57,55,56,55
6,0,0,4,14,12,9,2,0,11,9,62,52,51,11,75,60,45,50,54,75,52,52,17
8,6,9,15,11,1,0,0,2,23,13,54,97,80,13,61,53,63,58,70,83,49,14,9
5,11,14,13,3,0,0,3,7,12,32,55,60,64,26,59,70,73,76,80,54,26,12,2
6,6,10,0,0,3,13,12,27,6,29,45,55,62,47,65,65,84,71,70,29,9,12,10
2,3,0,3,10,13,9,20,12,18,25,33,53,53,47,59,70,56,57,51,14,9,12,10
0,0,8,14,9,13,11,6,9,11,14,14,51,62,13,33,58,68,63,17,12,0,5,3
2,7,5,8,11,9,8,9,8,14,5,10,33,24,5,21,52,59,55,12,5,0,7,8
10,12,7,3,6,4,5,7,10,12,14,43,49,10,11,24,42,57,50,14,0,0,8,0
5,0,0,10,1,7,4,0,9,12,18,37,29,8,12,10,8,12,13,7,0,0,0,0
0,1,0,11,0,6,8,0,13,8,20,50,14,0,0,4,4,0,5,0,0,0,5,5
0,1,4,9,0,5,0,4,9,11,26,52,11,0,0,0,3,4,0,0,1,1,0,0
1,0,0,6,7,0,0,8,4,14,34,45,14,13,9,4,0,0,1,0,0,0,0,0
5,0,0,0,0,4,7,6,11,12,48,36,13,7,11,4,0,0,0,0,0,0,0,0
0,0,0,5,0,9,12,4,11,20,53,53,40,15,5,0,0,0,0,0,0,0,0,0
0,0,0,11,8,7,6,9,27,60,62,61,50,14,12,14,12,9,3,6,1,0,0,0
4,3,4,8,8,10,9,0,46,72,56,77,56,35,3,5,12,13,9,1,0,0,7,6
0,5,11,9,4,11,12,25,59,67,60,89,64,52,13,3,0,5,6,8,3,6,11,9
3,6,0,11,13,15,10,10,21,16,22,25,55,56,13,9,11,8,3,7,10,10,3,6

7,13,8,9,4,4,10,7,8,14,10,2,4,6,10,10,9,6,6,2,4,6,2,5
7,10,13,13,11,0,0,2,0,0,11,3,0,6,13,15,9,8,2,0,4,5,3,11
4,10,3,9,8,0,10,10,0,5,0,11,54,10,6,11,7,2,0,2,9,9,8,12
8,5,0,1,0,11,10,11,52,60,107,119,107,112,66,14,9,15,1,14,8,13,12,0
4,0,0,5,9,10,13,23,55,149,273,325,201,162,120,111,70,56,29,26,14,13,8,0
7,0,0,0,1,8,17,53,98,240,377,404,325,268,202,175,146,114,103,61,52,40,14,13
0,0,0,4,10,9,14,62,131,232,283,283,244,227,209,189,184,154,188,145,101,55,31,12
5,8,22,5,2,43,11,66,136,202,210,184,146,126,132,129,134,134,153,149,117,70,55,50
0,2,7,0,8,0,25,71,116,153,172,174,140,101,27,29,52,52,80,69,61,52,11,12
0,2,2,4,8,0,10,82,108,155,204,206,172,122,80,12,7,40,54,50,46,14,2,3
3,0,0,0,2,39,59,75,121,161,209,240,211,139,80,53,3,9,12,14,25,13,1,6
0,0,0,0,14,2,52,100,130,152,201,221,199,158,95,63,38,9,14,14,4,3,0,0
0,0,0,8,4,4,52,102,124,141,198,222,192,154,119,76,56,12,12,12,11,11,7,8
0,4,1,4,4,1,64,105,125,150,178,183,164,143,111,100,94,12,6,13,10,8,0,0
0,6,0,10,5,2,12,103,122,143,157,164,149,116,73,67,73,12,12,4,5,0,1,0
2,1,1,0,0,0,47,73,108,137,162,159,124,83,70,59,57,26,14,3,9,0,4,10
0,0,0,0,4,3,28,68,91,99,128,162,109,113,71,51,58,40,21,15,14,8,9,8
1,5,11,14,12,16,31,67,117,164,217,233,245,213,148,120,81,71,75,51,44,35,25,8
6,0,0,4,9,9,48,105,147,173,198,281,293,280,248,191,174,142,119,112,103,103,55,10
1,5,7,7,6,7,90,121,150,202,266,365,402,381,302,291,200,137,136,125,116,100,83,51
10,0,0,9,25,28,77,118,153,206,256,352,441,410,325,237,223,176,119,103,108,92,100,61
10,4,3,12,13,7,42,99,137,169,214,270,323,315,260,211,190,162,134,115,109,90,73,53
7,4,9,4,7,13,14,67,104,117,134,148,162,151,131,120,115,92,66,47,48,82,77,57
0,9,10,8,11,8,42,48,14,87,104,108,105,107,103,101,100,81,50,52,57,62,66,105
7,5,0,0,9,12,2,5,72,12,53,58,72,84,100,95,70,67,40,23,59,71,80,60
7,6,0,1,6,4,7,32,22,13,11,13,31,14,68,96,82,59,52,31,57,55,55,53
6,0,0,4,14,12,8,2,0,11,9,61,52,51,11,74,60,48,48,54,75,52,52,18
8,6,9,15,11,1,0,0,2,26,13,54,96,80,13,61,53,63,58,71,83,50,14,9
5,11,14,13,3,0,0,3,7,12,32,55,60,64,27,60,70,73,77,80,53,25,12,2
6,6,10,0,0,3,13,12,27,7,30,46,55,62,47,65,66,83,72,71,29,10,12,9
2,3,0,3,10,13,9,21,12,18,25,33,53,53,47,59,70,56,57,51,15,9,12,10
0,0,8,14,9,13,11,6,9,12,14,14,51,62,13,31,58,68,63,18,12,0,5,2
2,8,5,8,11,9,8,9,9,14,5,10,33,25,5,22,52,59,55,12,6,0,7,8
10,12,7,3,6,4,5,8,10,11,14,42,50,10,11,24,42,57,50,14,0,0,8,0
5,0,0,10,1,7,4,0,9,12,18,37,28,8,12,10,7,12,13,8,0,0,0,0
0,1,0,12,0,6,8,0,14,8,19,50,14,0,0,5,4,0,6,0,0,0,5,5
0,1,4,9,0,5,0,4,9,10,27,52,11,0,0,0,3,4,0,0,1,1,0,0
1,0,0,6,7,0,0,8,4,14,34,46,14,13,9,4,0,0,1,0,0,0,0,0
5,0,0,0,0,4,7,6,11,12,48,37,13,7,11,4,0,0,0,0,0,0,0,0
0,0,0,5,0,9,12,4,11,21,53,53,40,15,5,0,0,0,0,1,0,0,0,0
0,0,0,11,8,7,7,9,26,60,62,60,51,14,12,14,12,9,3,7,1,0,0,0
4,3,4,8,8,10,9,0,47,73,56,78,55,35,3,5,12,13,9,1,0,0,7,6
0,5,11,9,4,11,12,25,60,67,61,89,64,52,13,3,0,5,6,8,3,6,11,9
3,6,0,11,13,15,10,10,21,16,22,26,55,56,13,9,11,8,3,7,10,10,3,6

7,13,8,9,4,4,10,7,8,14,10,2,4,7,10,10,10,6,6,2,5,6,2,5
7,10,13,13,11,0,0,2,0,0,11,2,0,6,13,16,9,8,2,0,4,5,3,11
4,10,3,9,8,0,10,10,0,5,0,11,53,10,6,11,7,2,0,2,9,9,8,12
8,5,0,1,0,11,9,11,52,61,108,120,108,112,66,14,9,14,1,14,8,13,12,0
4,0,0,5,9,10,13,24,55,150,269,318,199,162,120,112,71,56,32,27,14,13,8,0
7,0,0,0,1,8,17,54,99,239,370,395,321,266,201,176,147,115,104,61,52,40,14,13
0,0,0,4,10,9,14,62,132,231,278,279,243,227,210,190,184,154,189,146,101,55,32,12
5,8,21,5,2,44,11,66,137,202,209,184,146,126,132,129,134,134,153,149,117,70,55,50
0,2,7,0,8,0,27,71,117,153,173,174,140,101,26,28,53,52,80,69,61,52,11,12
1,2,2,4,8,0,10,82,108,154,203,205,172,122,80,12,7,39,54,50,45,14,2,3
3,0,0,0,2,40,59,75,121,161,209,240,213,140,80,53,3,9,12,14,25,13,1,6
0,0,0,0,14,2,52,100,130,152,202,225,203,160,95,64,38,9,14,14,4,3,0,0
0,0,0,8,4,4,52,102,124,141,199,225,194,154,119,76,57,12,12,12,12,11,7,8
0,4,0,4,3,1,63,105,125,150,179,184,163,142,111,100,93,12,6,13,10,8,0,0
0,6,0,10,5,2,12,103,121,143,158,163,149,116,73,67,73,12,12,4,5,0,0,0
2,1,1,0,0,0,46,73,108,137,162,159,123,83,70,58,57,25,14,3,9,0,4,9
0,0,0,0,4,3,26,68,90,99,128,162,110,113,71,51,57,38,19,15,14,8,9,8
1,5,11,14,12,16,31,67,116,164,217,231,246,213,148,119,80,71,74,50,44,35,24,8
6,0,0,4,9,9,50,105,147,173,199,281,292,280,247,190,173,142,118,112,103,102,55,10
1,5,7,7,6,7,91,121,151,202,266,365,402,381,303,290,200,137,136,125,116,100,82,50
10,0,0,9,25,28,77,118,153,207,256,352,441,411,326,237,223,176,119,103,108,92,100,61
10,4,3,12,12,7,42,100,137,169,215,271,324,317,260,211,189,161,134,115,108,89,73,52
7,5,9,4,7,13,14,68,104,117,134,148,162,151,131,120,115,92,66,47,48,82,77,57
0,9,10,8,11,8,42,46,14,86,104,108,105,107,103,101,100,81,50,52,55,61,64,105
7,5,0,1,9,12,2,5,73,12,54,58,73,84,100,97,70,67,40,25,59,71,80,60
7,6,0,1,6,4,8,34,22,14,12,13,31,14,69,95,84,62,52,33,57,54,56,53
6,0,0,4,14,12,9,2,0,11,9,62,53,52,11,75,60,47,50,54,75,52,52,19
8,6,9,16,11,1,0,0,2,27,13,54,96,81,13,62,53,62,58,70,82,49,14,9
5,11,14,13,3,0,0,3,7,12,32,55,60,64,27,59,70,73,76,80,54,25,11,2
6,6,10,0,0,3,13,12,27,7,29,46,55,62,47,65,65,83,71,70,27,10,12,9
2,3,0,3,10,13,9,21,12,19,26,34,53,53,47,59,70,56,57,51,15,9,12,10
0,0,8,14,9,13,11,6,9,12,14,14,51,63,13,33,58,68,64,20,12,0,5,2
2,7,5,8,11,9,8,9,9,14,5,10,33,25,6,22,52,59,55,12,5,0,7,8
10,12,7,3,6,4,5,8,10,12,14,42,48,10,11,24,43,57,50,14,0,0,8,0
5,0,0,10,1,7,4,1,9,12,19,37,29,8,12,10,8,12,13,8,0,0,0,0
0,1,0,11,0,6,8,0,13,8,19,50,14,0,0,4,4,0,6,0,0,0,5,5
0,1,4,9,0,5,1,4,9,11,28,52,11,0,0,0,3,4,0,0,2,1,0,0
1,0,0,6,7,0,0,8,4,14,34,45,14,13,9,4,0,0,1,0,0,0,0,0
5,0,0,0,0,4,7,6,11,12,49,36,13,7,11,4,0,0,0,0,0,0,0,0
0,0,0,5,0,9,12,4,11,20,53,53,40,15,5,0,0,0,0,1,0,0,0,0
0,0,0,11,8,7,7,9,27,61,62,61,51,14,12,14,12,9,3,7,1,0,0,0
4,3,4,8,9,10,9,0,47,72,55,77,55,36,3,5,12,13,9,1,0,0,7,6
0,5,11,9,5,11,12,29,60,68,61,89,64,52,13,3,0,5,6,8,3,6,11,10
3,6,0,11,13,16,10,10,21,16,22,26,55,56,13,9,11,8,3,7,10,10,3,6
