2,2,0,0,0,0,0,0,6,0,0,0,0,10,24,8,0,1,0,0,0,3,6,0
8,0,0,1,3,0,0,2,0,1,3,0,27,59,86,63,19,0,0,0,0,0,0,2
4,4,3,0,0,0,0,0,7,10,14,17,100,104,91,76,69,51,23,1,0,0,6,3
4,5,6,4,0,3,0,0,0,0,9,50,56,79,83,90,72,61,32,1,0,0,0,0
0,0,0,0,0,3,0,0,2,14,11,61,84,61,57,60,58,54,26,12,6,2,0,0
10,7,11,13,13,12,12,26,45,54,72,102,138,149,86,62,44,26,14,24,10,2,2,9
9,8,9,7,8,10,14,14,55,70,133,229,342,451,337,109,58,45,18,13,11,2,0,0
6,1,7,5,7,12,10,20,54,86,168,278,331,368,303,163,66,50,53,30,13,10,8,2
6,0,0,0,7,14,50,54,67,99,165,228,290,290,241,158,82,67,54,15,11,7,6,0
0,2,8,3,0,8,11,17,58,94,153,186,286,320,281,192,104,133,101,59,11,8,4,3
9,9,12,1,0,9,0,53,64,100,150,137,155,343,302,234,128,148,187,91,48,1,7,6
0,1,0,0,8,8,6,58,86,113,147,143,103,250,288,223,129,71,77,64,44,13,5,0
7,2,5,9,3,13,3,56,88,121,144,155,146,130,165,156,133,63,57,38,23,0,0,0
6,2,4,8,7,10,6,86,87,116,151,166,147,117,118,140,140,104,102,13,12,8,0,0
0,6,1,8,0,3,7,61,60,74,128,159,148,122,104,114,142,115,101,11,8,4,8,9
4,0,0,0,0,10,7,30,60,68,97,115,132,122,83,80,101,115,83,27,9,9,0,0
2,0,2,4,8,13,9,14,51,63,99,103,124,82,63,59,66,83,95,26,0,0,0,0
12,13,13,10,13,24,16,33,48,80,136,146,121,98,64,68,49,58,58,27,14,8,7,10
1,2,7,7,2,6,9,26,61,123,165,168,138,95,78,101,65,53,54,73,22,11,9,4
2,8,9,1,5,2,14,60,101,124,186,206,183,140,124,111,101,64,85,100,12,10,2,1
0,0,6,7,9,10,11,64,95,141,220,246,209,140,113,103,73,26,78,66,29,13,9,10
0,0,7,8,12,17,40,65,122,168,240,281,263,193,99,55,36,46,45,38,23,12,12,17
0,6,10,11,11,15,39,81,118,168,249,257,235,203,133,82,33,46,40,38,13,1,9,6
0,0,0,0,1,12,48,104,119,148,190,218,219,191,138,106,90,15,13,10,12,11,5,0
0,8,5,2,5,3,19,100,112,135,172,201,208,190,143,115,100,13,14,28,10,10,6,9
8,7,10,9,3,6,8,73,105,125,153,180,189,176,147,117,100,48,14,25,25,13,5,0
1,0,10,0,0,9,15,59,100,123,135,148,157,144,135,114,84,52,12,14,14,12,6,10
0,6,0,4,0,11,13,37,77,104,127,145,136,125,122,102,78,43,19,50,42,31,10,5
5,1,0,0,7,4,1,7,61,76,102,105,112,124,110,96,74,40,37,44,58,53,35,15
5,0,0,7,5,6,4,1,26,100,100,74,88,83,60,50,40,40,33,46,54,56,54,23
0,0,12,8,6,13,14,10,26,56,70,75,72,65,55,42,43,37,21,33,47,52,52,17
0,3,5,0,3,8,11,7,14,65,106,71,58,61,56,14,50,34,25,27,31,33,15,10
4,0,0,0,0,9,13,9,45,59,101,66,56,53,33,13,14,8,14,27,50,27,13,9
3,0,0,0,0,2,14,47,62,67,66,63,53,50,12,15,14,9,11,24,53,51,14,11
0,0,0,0,0,0,12,50,61,68,59,54,38,28,14,17,8,16,13,38,53,48,28,23
0,0,0,0,2,0,3,45,56,65,60,53,50,14,13,23,14,12,12,2,24,23,19,0
0,0,1,6,0,0,8,32,62,60,61,51,34,15,17,15,30,12,0,2,8,14,24,1
0,0,0,0,2,6,4,15,45,55,54,50,35,27,24,28,46,14,12,19,14,22,12,1
0,0,0,0,0,0,0,13,46,53,53,40,34,39,28,40,46,18,13,14,39,55,53,31
0,0,0,0,0,0,5,0,51,46,31,50,35,13,38,34,31,22,13,20,53,47,59,37
0,0,0,1,3,6,7,13,13,14,22,13,14,13,14,7,13,1,11,11,14,46,41,46
5,3,0,0,8,7,11,13,6,3,8,8,13,6,5,0,6,8,13,9,12,16,26,56
5,7,0,4,7,5,8,4,11,12,0,7,0,3,7,0,0,13,9,10,11,20,14,26
7,0,6,10,9,0,7,12,12,11,8,6,3,4,9,0,3,10,8,12,13,5,13,12

2,2,1,0,0,0,0,0,6,0,0,0,0,10,24,8,0,1,0,0,0,3,6,0
8,0,0,1,3,0,0,2,0,1,4,0,25,58,86,63,18,0,0,0,0,0,0,2
4,4,3,0,0,0,0,0,7,10,14,17,100,104,91,76,68,51,21,2,0,0,6,3
5,5,6,4,0,3,0,0,0,0,8,50,56,78,83,91,72,61,33,2,0,0,0,0
0,0,0,0,0,3,0,0,2,13,11,61,84,62,58,60,58,55,26,13,6,2,0,0
10,7,11,13,13,12,12,26,45,53,72,101,138,148,86,62,44,27,14,24,10,2,2,9
9,8,9,7,8,10,14,14,55,70,132,227,341,452,337,109,58,45,18,13,11,2,0,0
6,2,7,5,7,12,10,19,54,85,167,276,331,369,304,163,66,50,53,29,13,10,8,2
6,0,0,0,7,14,50,54,67,98,163,228,289,290,242,159,82,67,54,15,11,7,6,0
0,2,8,3,0,8,11,16,58,93,151,185,286,320,282,193,104,133,101,60,11,8,4,3
9,9,12,1,0,9,0,52,64,99,148,135,155,344,303,236,129,148,188,92,50,1,7,6
0,1,0,0,8,8,6,58,85,112,146,143,103,250,289,225,129,71,78,64,44,13,6,0
7,3,5,9,3,13,2,55,87,121,143,154,145,130,165,157,133,63,57,39,23,0,0,0
6,2,4,8,7,10,6,85,86,115,150,165,147,117,118,140,140,105,102,13,12,8,0,0
0,6,1,8,0,3,7,60,60,73,127,159,148,122,104,114,143,115,102,11,8,4,8,9
5,0,0,0,0,10,7,29,60,67,96,116,133,123,84,80,101,116,84,28,9,9,0,0
2,0,2,4,8,13,9,14,51,63,99,104,125,83,64,59,67,84,97,29,0,0,0,0
12,13,14,10,13,24,17,33,48,79,136,147,122,99,65,68,50,59,59,28,14,8,7,10
1,2,7,7,3,6,9,25,60,123,165,167,139,96,79,102,65,53,54,76,23,11,9,5
2,8,10,1,5,2,13,58,100,122,184,203,182,141,125,111,101,66,86,100,12,11,2,1
0,0,6,7,9,10,11,63,94,139,217,243,206,139,114,103,74,27,80,69,30,13,9,10
0,0,7,8,12,17,40,63,121,165,237,282,263,191,100,57,36,46,46,41,22,12,12,17
0,7,10,11,11,14,38,78,116,162,245,260,239,205,133,81,33,45,35,32,13,1,9,6
0,0,0,0,1,12,48,103,118,145,185,218,223,193,138,106,89,17,13,10,12,11,5,0
0,8,5,2,6,4,17,96,111,134,170,205,216,194,142,113,97,13,14,29,10,10,6,9
9,7,10,9,3,6,8,75,105,126,156,188,198,179,145,114,100,48,16,24,24,13,5,0
1,0,10,0,0,9,17,57,100,125,141,157,164,144,133,112,80,51,12,14,14,11,5,9
0,6,0,4,0,11,13,35,82,105,132,151,137,124,121,101,73,48,25,50,36,27,10,4
5,1,0,0,7,5,2,8,64,78,105,109,112,124,107,88,74,41,37,43,57,52,35,14
5,0,0,7,5,6,2,2,50,101,100,75,89,83,57,49,40,41,33,45,53,55,54,24
0,0,12,8,6,13,14,9,35,59,70,70,67,59,51,42,44,39,24,31,43,51,52,16
0,3,5,0,3,4,12,8,33,72,106,63,54,55,48,14,51,37,26,27,30,32,15,10
3,0,0,0,0,7,13,12,51,63,97,58,52,24,15,12,14,7,14,25,49,27,14,9
3,0,0,0,0,1,14,50,68,69,64,58,51,49,12,14,16,11,11,22,53,51,14,11
0,0,0,0,0,0,12,51,64,69,57,51,31,25,14,15,9,14,13,35,53,48,28,24
0,0,0,0,2,0,4,50,57,65,58,51,45,14,13,23,14,11,12,1,21,23,19,0
0,0,1,6,0,0,8,36,63,61,60,50,28,14,17,15,29,12,0,2,8,14,25,3
0,0,0,0,3,6,4,17,50,55,54,47,32,26,24,30,46,14,13,19,14,20,12,2
0,0,0,0,0,0,0,14,48,53,53,39,34,37,29,42,46,20,14,15,38,55,53,37
0,0,0,0,0,0,6,0,50,47,31,50,37,14,41,35,33,22,13,20,53,44,58,40
0,0,0,0,3,6,7,14,14,14,24,13,14,13,14,8,13,2,11,11,14,44,41,48
6,3,0,0,9,7,11,13,8,5,8,8,14,7,6,0,7,9,13,10,11,16,26,56
5,7,0,4,8,5,9,4,11,12,1,7,0,4,8,1,0,13,9,11,11,21,14,36
7,0,6,10,9,0,7,11,12,12,8,6,3,4,9,0,4,10,9,13,13,5,14,13

2,2,1,0,0,0,0,0,6,0,0,0,0,10,24,8,0,1,0,0,0,3,6,0
8,0,0,1,3,0,0,2,0,1,4,0,29,59,86,63,19,0,0,0,0,0,0,2
4,4,3,0,0,0,0,0,7,10,14,17,100,104,90,76,68,51,21,1,0,0,6,3
4,5,6,4,0,3,0,0,0,0,9,50,56,79,83,90,72,61,32,2,0,0,0,0
0,0,0,0,0,3,0,0,2,14,11,62,85,62,57,60,58,55,26,13,6,2,0,0
10,7,11,13,13,12,12,26,45,53,72,102,138,148,86,62,43,27,14,24,10,2,2,9
9,8,9,7,8,10,14,14,55,70,133,229,343,454,339,109,58,45,18,13,11,2,0,0
6,1,7,5,7,12,10,20,54,86,168,278,332,369,304,163,66,50,53,30,13,10,8,2
6,0,0,0,7,14,50,54,67,99,164,228,289,290,241,159,82,67,54,15,11,7,6,0
0,2,8,3,0,8,11,16,58,95,153,186,286,320,281,193,104,133,101,59,11,8,4,3
9,9,12,1,0,9,0,53,64,100,150,136,154,343,301,235,129,148,189,92,49,1,7,6
0,1,0,0,8,8,6,59,86,113,147,144,103,250,289,224,130,71,78,64,44,13,6,0
7,2,5,8,3,13,2,56,88,121,144,155,146,130,165,157,133,63,57,39,23,0,0,0
6,2,4,8,7,10,6,87,87,116,151,165,147,117,118,140,140,105,102,13,12,8,0,0
0,6,1,8,0,3,7,61,61,74,128,159,147,121,104,114,143,115,102,11,8,4,8,9
5,0,0,0,0,10,7,30,61,68,97,115,132,122,83,80,101,116,84,28,9,9,0,0
2,0,2,4,8,13,9,14,52,63,99,103,124,82,63,59,66,83,96,28,0,0,0,0
12,13,14,10,13,24,17,33,48,80,136,147,122,99,64,68,50,59,58,28,14,8,7,10
1,2,7,7,2,6,9,26,60,123,165,168,140,97,79,101,65,53,54,75,22,11,9,5
2,8,10,1,5,2,13,59,101,123,185,205,185,142,125,111,101,65,85,100,12,10,2,1
0,0,6,7,9,10,11,64,95,140,217,243,209,142,114,103,74,25,79,67,29,13,9,10
0,0,7,8,12,18,40,64,122,165,234,278,264,192,101,58,36,46,45,39,22,12,12,17
0,7,10,11,11,14,39,79,117,162,242,257,240,205,133,80,32,44,32,31,13,1,9,6
0,0,0,0,1,12,47,103,118,145,185,221,226,194,138,106,85,15,13,10,12,12,5,0
0,8,5,2,6,3,17,98,111,134,172,210,220,197,143,113,97,14,14,31,10,10,7,9
8,7,10,9,3,6,8,78,105,127,159,190,199,181,145,114,100,50,17,24,25,13,5,0
1,0,10,0,0,9,19,57,100,126,142,159,166,144,133,111,80,51,12,14,14,8,2,8
0,6,0,4,0,11,13,36,85,106,134,152,137,124,120,100,72,48,17,45,16,13,10,5
5,1,0,0,7,5,2,9,66,78,105,109,112,123,106,85,73,42,36,40,51,37,24,13
4,0,0,7,5,7,1,1,53,101,100,75,89,83,56,49,40,40,36,41,51,42,33,17
0,0,12,8,6,13,14,9,37,60,70,70,66,58,50,41,44,39,28,32,43,50,40,13
0,3,5,0,4,4,12,8,37,72,106,62,53,54,37,13,51,39,29,27,30,28,9,8
3,0,0,0,0,7,13,12,52,63,95,58,52,22,13,12,13,8,14,22,43,16,11,8
3,0,0,0,0,2,14,51,68,69,63,58,51,45,11,14,19,14,11,22,53,51,13,10
0,0,0,0,0,0,13,51,65,68,57,51,31,23,14,14,8,13,12,37,53,45,26,21
0,0,0,0,2,0,5,50,57,65,58,51,46,13,13,22,13,11,11,1,21,23,18,0
0,0,1,6,0,0,8,36,63,60,60,50,29,14,17,15,30,13,0,1,7,14,24,4
0,0,0,0,3,6,4,18,50,55,54,50,35,27,25,33,46,16,13,19,14,16,12,2
0,0,0,0,0,0,0,14,46,53,53,39,33,39,29,41,47,20,14,15,39,55,53,38
0,0,0,0,0,0,6,0,50,46,31,50,35,14,41,37,33,22,13,20,52,42,57,40
0,0,0,0,3,6,6,13,13,14,23,13,14,13,14,10,14,4,11,11,14,44,41,48
6,3,0,0,8,7,11,13,7,4,8,8,13,7,6,0,8,9,14,10,12,18,27,56
5,7,0,4,8,5,8,4,10,11,1,7,0,3,8,2,0,13,9,12,12,22,14,46
7,0,6,10,9,0,7,11,12,12,8,6,3,4,9,0,4,10,10,13,13,6,14,13

2,2,0,0,0,0,0,0,6,0,0,0,0,10,24,8,0,1,0,0,0,3,6,0
8,0,0,1,3,0,0,2,0,1,4,0,25,58,86,63,19,0,0,0,0,0,0,2
4,4,3,0,0,0,0,0,7,10,14,16,100,104,90,76,68,51,23,1,0,0,7,3
4,5,6,4,0,3,0,0,0,0,9,50,56,79,83,90,72,61,33,2,0,0,0,0
0,0,0,0,0,3,0,0,2,14,11,61,84,61,57,60,58,55,26,13,6,2,0,0
10,7,11,13,13,12,12,26,45,54,72,102,138,149,86,62,44,27,14,24,10,3,2,9
9,8,9,7,8,10,14,14,55,70,133,229,344,455,341,110,58,46,19,13,11,2,0,0
6,1,7,5,7,12,10,21,54,86,168,278,332,370,304,163,66,51,53,30,13,10,8,2
6,0,0,0,7,14,50,54,67,99,164,227,288,290,242,158,82,67,54,15,11,7,6,0
0,2,8,3,0,8,11,16,58,95,153,186,286,318,281,193,104,133,101,59,11,8,4,3
9,9,12,1,0,9,0,53,64,101,152,137,154,342,301,235,129,148,189,91,49,1,7,6
0,1,0,0,8,8,6,58,86,113,147,144,104,250,288,224,129,71,78,64,44,13,6,0
7,2,5,8,3,13,3,56,89,121,144,156,146,130,166,157,133,63,57,39,23,0,0,0
6,2,4,8,7,10,6,87,88,116,152,165,147,117,118,140,140,104,102,13,12,8,0,0
0,6,1,8,0,3,8,62,61,74,128,159,147,121,104,114,142,115,102,11,8,4,8,9
4,0,0,0,0,10,8,31,61,68,97,115,132,121,83,80,101,115,83,28,9,9,0,0
2,0,2,4,8,13,9,14,52,63,99,103,124,82,63,59,66,83,95,25,0,0,0,0
12,13,14,10,13,24,17,33,47,79,136,146,122,98,64,68,49,58,58,27,14,8,7,10
1,2,7,7,2,6,9,27,60,123,166,169,139,96,78,101,65,53,54,74,22,11,9,5
1,8,10,1,5,2,14,59,101,124,187,208,187,142,125,111,101,65,85,100,12,10,2,1
0,0,6,7,9,10,11,64,95,141,219,245,211,143,114,103,73,26,79,66,29,13,9,10
0,0,7,8,12,17,41,65,122,166,235,278,264,193,101,57,36,46,45,39,22,11,11,16
0,7,10,11,11,14,39,81,117,164,243,258,239,206,134,80,32,44,32,31,13,1,9,6
0,0,0,0,1,12,47,104,118,146,187,222,227,194,138,106,84,14,13,10,12,11,5,0
0,8,5,2,6,3,17,100,112,135,173,210,219,197,143,113,96,14,14,31,10,10,6,9
8,7,10,9,3,6,8,79,106,127,159,190,199,181,145,114,100,50,16,21,22,12,4,0
1,0,10,0,0,9,19,58,100,126,142,159,164,145,133,111,80,50,12,14,14,8,2,7
0,6,0,4,0,11,13,37,85,106,133,152,138,124,120,100,73,52,17,45,28,13,10,5
5,1,0,0,7,5,2,9,65,78,104,108,112,123,106,86,72,42,36,41,52,42,26,12
4,0,0,7,5,6,2,1,52,100,99,74,88,83,56,49,40,40,35,42,52,44,39,17
0,0,12,8,6,13,14,9,36,59,70,70,67,59,50,41,44,39,26,32,44,50,45,13
0,3,5,0,4,4,12,8,33,71,106,63,54,55,40,12,50,37,29,27,30,28,11,9
4,0,0,0,0,7,13,12,51,62,96,58,53,35,13,11,13,7,14,22,42,17,11,9
3,0,0,0,0,2,14,50,68,68,63,58,51,46,11,14,18,14,11,21,53,51,13,10
0,0,0,0,0,0,13,51,64,68,57,52,34,24,14,14,8,14,13,37,53,46,26,22
0,0,0,0,3,0,4,50,57,64,58,52,46,14,13,21,13,11,11,1,23,23,19,0
0,0,1,6,0,0,8,36,63,60,60,51,28,14,16,15,29,13,0,1,7,14,25,4
0,0,0,0,3,6,4,17,48,55,54,48,33,26,24,30,46,14,13,18,14,16,12,3
0,0,0,0,0,0,0,14,45,53,53,39,34,39,30,41,48,20,14,15,37,54,53,38
0,0,0,0,1,0,5,0,50,46,31,50,38,14,42,38,33,23,13,20,52,43,57,40
0,0,0,1,3,6,6,13,13,14,23,13,14,13,14,9,14,3,11,11,14,45,41,48
5,3,0,0,8,7,11,13,6,3,8,8,14,7,6,0,8,9,14,10,12,18,27,56
6,7,0,4,7,5,8,3,10,11,1,7,0,3,8,2,0,13,9,12,12,22,14,44
7,0,6,10,9,0,7,11,12,12,8,6,3,4,9,0,4,10,10,13,13,6,14,13

2,2,1,0,0,0,0,0,6,0,0,0,0,10,24,8,0,1,0,0,0,3,6,0
8,0,0,1,3,0,0,2,0,1,4,0,28,58,86,63,20,0,0,0,0,0,0,2
4,4,3,0,0,0,0,0,7,10,14,16,100,104,91,76,69,51,24,2,0,0,7,3
4,5,6,4,0,3,0,0,0,0,9,50,56,78,83,90,72,61,34,2,0,0,0,0
0,0,0,0,0,3,0,0,2,14,11,61,84,61,57,60,58,56,26,13,6,2,0,0
10,7,11,13,13,12,11,26,45,53,72,101,138,149,86,62,44,27,14,24,10,3,2,9
9,8,9,7,8,10,14,14,55,70,133,228,343,453,340,110,58,45,19,13,11,2,0,0
6,1,7,4,7,12,10,19,54,86,167,277,331,370,304,163,66,50,53,29,13,10,8,2
6,0,0,0,7,14,50,54,67,99,164,227,287,289,241,158,82,67,54,15,11,7,6,0
0,2,8,3,0,8,11,16,58,95,153,186,286,318,280,193,104,133,101,59,11,8,4,3
9,9,12,1,0,9,0,53,64,101,152,137,155,342,301,235,129,149,190,92,49,2,7,6
0,1,0,0,8,8,6,58,86,114,148,145,104,251,288,224,130,71,78,64,44,13,6,0
7,2,5,9,3,13,3,56,89,121,145,157,146,131,166,157,133,63,57,39,23,0,0,0
6,2,4,8,7,10,6,87,88,116,152,165,147,117,118,140,140,104,102,13,12,8,0,0
0,6,1,8,0,3,8,61,61,74,127,158,147,121,104,114,142,114,101,11,8,4,8,9
4,0,0,0,0,10,7,30,61,68,97,115,131,121,82,80,100,115,82,27,9,9,0,0
2,0,2,4,8,13,9,14,51,63,98,103,123,81,63,59,66,82,95,24,0,0,0,0
12,13,13,10,13,24,17,33,47,79,135,146,121,98,65,68,49,58,57,27,14,8,7,10
1,2,7,7,3,6,9,26,60,123,166,169,139,96,78,101,65,53,54,73,21,11,9,4
1,8,10,1,5,2,14,60,101,124,187,209,188,142,124,111,101,65,84,100,12,10,2,1
0,0,6,7,9,10,11,65,96,141,219,246,214,143,114,103,72,25,77,63,28,13,9,10
0,0,7,8,12,17,41,65,122,167,236,280,266,195,102,57,35,46,45,37,21,11,11,16
0,7,11,11,11,15,39,81,118,164,244,258,240,207,135,82,33,46,38,36,13,1,9,6
0,0,0,0,1,12,48,104,119,146,188,222,225,194,139,106,84,14,13,10,12,11,5,0
0,8,5,2,6,3,19,100,112,135,174,209,217,195,143,114,97,14,14,31,10,10,6,8
8,7,10,9,3,6,8,79,106,127,158,188,197,181,146,115,100,50,15,21,22,12,4,0
1,0,10,0,0,9,17,57,100,126,141,157,163,144,134,112,81,50,11,14,14,9,1,7
0,6,0,4,0,11,13,36,84,105,131,150,137,124,121,101,73,50,19,48,36,14,10,5
5,1,0,0,7,5,1,9,65,77,103,107,112,123,107,87,72,42,37,43,53,50,30,13
4,0,0,7,4,6,2,1,51,100,98,73,88,83,57,49,39,40,35,46,53,49,50,20
0,0,12,8,6,13,14,9,35,59,70,71,67,61,51,41,44,38,24,33,46,51,50,14
0,3,5,0,4,4,12,7,28,71,106,64,55,57,50,12,50,36,27,27,30,30,14,9
4,0,0,0,0,7,13,11,51,62,96,59,54,50,15,12,13,7,13,23,44,23,12,9
3,0,0,0,0,2,14,50,66,68,64,59,51,48,11,14,19,13,11,23,54,52,13,11
0,0,0,0,0,0,13,50,63,68,58,52,35,27,14,14,9,14,13,39,53,46,27,24
0,0,0,0,2,0,4,50,56,64,58,52,48,14,13,21,13,11,11,2,25,23,19,0
0,0,1,6,0,0,8,35,62,60,60,51,31,14,16,15,30,13,0,1,7,14,26,5
0,0,0,0,3,6,4,17,47,55,54,50,33,27,24,29,46,14,13,18,14,16,12,3
0,0,0,0,0,0,0,14,45,53,53,40,34,39,28,40,47,19,14,14,37,54,53,37
0,0,0,0,0,0,5,0,50,47,31,50,35,14,40,33,32,22,13,18,52,44,57,39
0,0,0,1,3,6,6,13,13,14,22,13,14,13,14,9,13,3,11,11,14,46,42,48
6,3,0,0,8,7,11,13,6,4,8,8,13,7,6,0,7,9,14,10,12,17,27,56
5,7,0,4,7,5,8,3,10,11,1,7,0,3,7,1,0,13,9,11,12,21,14,41
7,0,6,10,9,0,7,11,12,12,8,6,3,4,9,0,4,10,10,13,13,6,14,13

2,2,1,0,0,0,0,0,6,0,0,0,0,10,25,8,0,1,0,0,0,3,6,0
8,0,0,1,3,0,0,2,0,1,3,0,24,58,86,63,19,0,0,0,0,0,0,2
4,5,3,0,0,0,0,0,7,10,14,15,100,104,90,76,69,52,28,2,0,0,7,3
4,5,6,4,0,3,0,0,0,0,8,50,55,78,83,91,72,62,37,3,0,0,0,0
0,0,0,0,0,3,0,0,2,13,11,61,84,62,57,60,59,56,27,13,6,3,0,0
10,7,11,13,13,12,11,26,44,53,71,101,138,148,86,62,44,28,14,24,10,3,2,9
9,8,9,7,8,10,14,14,55,70,132,226,342,455,341,110,58,46,18,13,11,2,0,0
6,1,7,5,7,12,10,20,54,85,166,276,331,370,304,163,66,50,53,29,13,10,8,2
6,0,0,0,7,14,50,54,67,99,163,227,287,289,242,158,82,67,54,15,11,7,6,0
0,2,8,3,0,8,11,16,58,94,153,185,285,317,280,193,104,133,101,59,11,8,4,3
9,9,12,1,0,9,0,53,64,100,151,137,155,343,301,235,130,149,192,93,50,2,7,6
0,1,0,0,8,8,6,58,85,113,147,145,104,252,289,225,130,71,78,64,44,13,6,0
7,3,5,9,3,13,2,56,88,121,144,157,147,131,167,158,133,63,57,39,23,0,0,0
6,2,4,8,7,10,6,86,87,116,152,166,148,117,118,141,140,104,102,13,12,8,0,0
0,6,1,8,0,3,7,61,61,74,127,159,148,121,104,114,142,114,101,11,8,4,8,9
4,0,0,0,0,10,7,27,61,67,97,115,132,121,83,80,100,115,83,27,9,9,0,0
2,0,2,5,8,13,9,14,51,63,98,103,123,81,63,59,66,82,95,24,0,0,0,0
12,13,14,10,13,24,17,33,47,79,135,146,121,98,65,68,49,58,57,27,14,8,7,10
1,2,7,7,3,6,9,26,60,122,166,169,140,96,78,101,65,53,54,73,22,11,9,4
2,8,10,1,5,2,14,59,101,123,188,209,188,142,125,111,101,65,84,100,12,10,2,1
0,0,6,7,9,10,11,64,95,141,221,250,216,143,114,103,73,25,76,63,28,13,9,10
0,0,7,8,12,17,41,64,121,166,240,289,272,197,102,56,36,46,44,36,21,11,11,16
0,7,11,11,11,15,39,80,117,163,248,264,242,208,135,81,33,46,38,36,13,1,9,6
0,0,0,0,1,12,48,103,118,146,187,222,225,193,138,106,86,15,13,10,12,11,5,0
0,8,5,2,6,3,17,98,111,134,173,207,216,194,142,113,97,14,14,31,10,10,6,8
8,7,10,9,3,6,8,79,105,127,158,188,197,180,145,114,100,50,16,21,22,12,3,0
1,0,10,0,0,9,17,58,100,126,142,158,164,144,133,112,81,50,11,14,14,8,1,7
0,6,0,4,0,11,13,37,84,106,133,152,137,124,120,100,73,52,19,48,37,14,11,6
5,1,0,0,7,4,1,9,65,78,104,109,113,123,107,86,70,41,36,42,52,50,29,13
4,0,0,6,4,6,2,0,52,100,99,74,88,83,56,49,39,40,33,44,52,48,50,20
0,0,12,8,6,13,14,9,37,59,70,70,67,60,51,41,44,37,24,30,44,51,50,13
0,3,5,0,4,4,12,8,34,71,106,63,54,55,47,12,50,36,28,26,29,29,13,9
3,0,0,0,0,7,13,11,51,62,95,58,53,39,14,12,13,7,13,22,43,22,12,9
3,0,0,0,0,2,14,50,67,68,63,58,51,45,11,14,19,13,11,22,53,52,13,11
0,0,0,0,0,0,13,51,65,69,57,52,34,25,14,14,9,14,13,37,53,46,27,24
0,0,0,0,3,0,5,50,57,65,58,51,48,14,13,23,13,11,11,2,24,23,19,1
0,0,1,6,0,0,8,38,63,60,60,51,27,14,16,15,30,13,0,1,7,14,26,5
0,0,0,0,3,6,4,18,49,55,54,47,33,26,24,30,46,14,13,19,14,16,12,4
0,0,0,0,0,0,0,14,45,53,53,39,34,38,28,41,47,19,14,14,38,54,53,39
0,0,0,0,1,0,6,0,50,46,31,50,36,14,42,37,34,22,14,20,52,43,57,40
0,0,0,1,3,6,6,13,13,14,23,13,14,13,14,9,14,3,11,12,14,46,42,48
6,3,0,0,8,7,11,13,7,4,8,8,13,7,6,0,7,9,14,10,12,18,27,56
5,7,0,4,7,5,8,3,10,11,1,7,0,3,8,2,0,13,9,12,12,22,14,45
7,0,6,10,9,0,7,11,12,12,8,6,3,4,9,0,4,10,11,13,13,6,14,13

2,2,0,0,0,0,0,0,6,0,0,0,0,10,24,8,0,1,0,0,0,3,6,0
8,0,0,1,3,0,0,2,0,1,4,0,25,58,86,63,20,0,0,0,0,0,0,2
4,4,3,0,0,0,0,0,7,10,14,15,100,104,91,76,69,52,27,2,0,0,7,3
4,5,6,4,0,3,0,0,0,0,8,50,56,78,83,91,72,62,37,3,0,0,0,0
0,0,0,0,0,3,0,0,2,13,11,61,83,62,57,60,59,56,27,13,6,3,0,0
10,7,11,13,13,12,11,26,44,53,72,101,138,147,86,62,44,27,14,24,11,3,2,9
9,8,9,7,8,10,14,14,55,70,132,227,343,455,341,110,58,46,18,13,11,2,0,0
6,1,7,4,7,12,10,20,54,85,166,276,331,370,303,163,66,50,53,29,13,10,8,2
6,0,0,0,7,14,50,55,67,99,164,227,287,288,241,159,82,67,54,14,11,7,6,0
0,2,8,3,0,8,11,17,58,95,153,186,285,317,280,193,104,133,101,59,11,8,4,3
9,9,12,1,0,9,0,53,64,101,152,137,155,342,300,235,130,149,192,93,50,2,7,6
0,1,0,0,8,8,6,58,86,113,147,145,104,252,289,225,130,71,78,64,45,13,6,0
7,2,5,9,3,13,2,56,88,121,144,157,147,131,167,158,134,63,57,39,23,0,0,0
6,2,4,8,7,10,6,86,87,116,152,166,148,117,118,141,140,104,102,13,12,8,0,0
0,6,1,8,0,3,7,61,61,74,127,160,148,121,104,114,142,114,101,11,8,4,8,9
5,0,0,0,0,10,7,29,60,67,97,116,132,122,83,80,101,115,83,27,9,9,0,0
2,0,2,5,8,13,9,14,51,63,98,103,124,81,63,59,66,82,95,23,0,0,0,0
12,14,14,10,13,24,18,32,47,79,135,147,122,98,65,68,49,58,57,27,14,8,7,10
1,2,7,8,2,6,9,26,60,122,166,169,140,97,78,101,65,53,54,72,22,11,9,4
2,8,10,1,5,2,14,59,101,123,187,209,191,143,125,111,101,65,84,100,12,10,2,1
0,0,6,7,9,10,11,64,95,140,218,245,215,145,115,103,72,25,76,63,28,13,9,10
0,0,7,8,12,17,41,65,122,166,235,279,268,198,103,57,36,46,44,37,21,11,11,17
0,7,11,11,11,15,39,80,117,162,242,258,242,208,134,81,33,46,37,35,13,1,9,6
0,0,0,0,1,12,48,103,118,145,186,223,228,195,137,105,85,14,13,10,12,12,5,0
0,8,5,2,5,3,19,100,111,135,173,210,220,195,141,113,96,14,14,31,10,10,6,9
8,7,10,9,3,6,8,81,106,128,161,191,198,180,144,114,100,50,17,21,21,12,4,0
1,0,10,1,1,9,20,58,100,127,144,162,165,144,133,111,81,50,12,14,14,9,2,8
0,6,0,4,0,11,13,36,87,106,135,156,138,124,120,100,72,51,14,43,28,13,11,6
5,0,0,0,7,5,2,10,66,79,106,111,114,123,106,85,73,42,36,40,50,34,23,12
4,0,0,6,5,6,1,1,53,101,100,75,91,84,56,49,40,40,35,40,51,38,31,14
0,0,12,8,6,13,14,8,37,60,71,70,66,59,50,41,44,38,26,30,43,48,41,13
0,3,5,0,4,3,12,8,35,70,106,63,53,54,36,11,50,37,29,26,29,27,9,8
3,0,0,0,0,7,13,12,51,62,94,57,52,29,12,12,13,7,13,21,39,14,10,8
3,0,0,0,0,2,14,51,68,68,63,57,50,44,12,14,19,14,11,22,53,51,13,10
0,0,0,0,0,0,13,51,65,68,57,51,31,23,14,14,10,14,12,38,53,45,26,21
0,0,0,0,3,0,5,50,57,65,58,51,45,14,13,21,13,12,11,2,27,23,18,0
0,0,1,6,0,0,8,39,63,60,59,50,25,14,16,15,29,13,0,1,7,14,25,4
0,0,0,0,3,6,4,19,49,55,54,47,31,26,24,30,46,15,13,19,14,17,12,3
0,0,0,0,0,0,0,14,45,53,53,39,34,39,30,41,50,21,14,15,39,54,53,39
0,0,0,0,1,0,6,0,50,46,31,50,37,14,42,39,34,23,14,20,52,43,57,40
0,0,0,1,3,6,6,13,13,14,20,13,14,13,14,10,14,4,11,12,15,46,42,48
6,3,0,0,8,7,11,13,6,3,8,7,13,7,6,0,8,10,14,10,13,18,27,56
5,7,0,4,8,5,9,3,10,11,0,7,0,3,8,2,0,13,10,12,12,22,14,47
7,0,6,10,9,0,7,11,12,11,8,6,3,4,9,0,4,10,11,13,14,6,14,13

2,2,0,0,0,0,0,0,6,0,0,0,0,10,24,8,0,1,0,0,0,3,6,0
8,0,0,1,3,0,0,2,0,1,4,0,25,58,86,63,20,0,0,0,0,0,0,2
4,4,3,0,0,0,0,0,7,10,13,16,100,104,90,76,69,52,27,2,0,0,7,3
5,5,6,4,0,3,0,0,0,0,8,51,56,78,83,91,72,62,37,3,0,0,0,0
0,0,0,0,0,3,0,0,2,14,11,61,84,61,58,60,59,56,26,13,6,2,0,0
10,7,11,13,13,12,12,26,45,53,72,101,138,149,86,62,44,27,14,24,11,3,2,9
9,8,9,7,8,10,14,14,55,70,133,228,344,455,342,110,58,45,18,13,11,2,0,0
6,1,7,5,7,12,10,20,54,86,167,277,331,370,304,163,66,50,53,29,13,10,8,2
6,0,0,0,7,14,50,54,67,99,164,227,287,288,241,158,82,67,54,14,11,7,6,0
0,2,9,3,0,8,11,18,58,95,154,186,285,316,279,193,104,133,101,59,11,8,4,3
9,9,12,1,0,9,0,53,64,101,152,138,155,343,301,235,130,149,192,92,50,2,7,6
0,1,0,0,8,8,6,59,86,113,148,145,104,253,290,225,130,71,78,64,44,13,6,0
7,3,5,9,3,13,3,56,88,121,145,158,147,131,167,158,133,63,57,39,23,0,0,0
6,2,4,8,7,10,6,87,87,116,152,166,148,117,118,141,140,104,102,13,12,8,0,0
0,6,1,8,0,3,7,61,61,74,128,160,148,122,104,114,142,114,101,11,8,4,8,9
4,0,0,0,0,10,7,30,61,67,97,116,132,122,82,80,100,115,82,27,9,9,0,0
2,0,2,4,8,13,9,14,51,63,99,103,124,81,63,59,66,82,95,24,0,0,0,0
12,13,14,10,13,24,18,33,47,79,135,147,122,98,64,68,49,58,57,27,14,8,7,10
1,2,7,7,2,6,9,27,60,123,167,170,140,96,78,101,65,53,54,72,22,11,9,4
2,8,10,1,5,2,14,60,101,124,188,210,191,143,125,111,101,65,84,100,12,10,2,1
0,0,6,7,9,10,11,65,95,141,219,246,215,145,115,103,72,25,76,63,28,13,9,10
0,0,7,8,12,18,41,66,122,166,235,278,267,196,102,57,36,46,44,36,21,11,11,16
0,7,10,11,11,15,39,81,118,164,243,257,240,207,134,80,33,45,36,34,13,1,9,6
0,0,0,0,1,12,48,104,118,146,188,223,227,194,137,105,83,14,13,10,12,12,5,0
0,8,5,2,5,3,20,100,112,135,175,211,220,196,141,113,96,14,14,31,10,10,6,9
8,7,10,9,4,6,9,82,106,128,162,191,199,181,144,114,100,50,17,21,22,12,3,0
1,0,10,1,1,9,20,58,101,128,144,162,166,144,133,111,81,52,12,14,14,9,2,8
0,6,0,4,0,11,13,38,87,106,135,156,138,124,120,100,74,52,15,41,28,13,11,6
5,0,0,0,7,4,2,10,66,78,105,111,114,123,106,84,71,43,36,40,50,35,22,12
4,0,0,7,4,7,1,1,53,101,100,75,90,84,56,49,40,40,36,40,51,37,29,14
0,0,12,8,6,13,14,9,38,59,70,70,66,59,50,41,44,39,27,31,43,48,41,13
0,3,5,0,4,3,12,8,35,70,106,63,54,54,38,11,50,38,29,27,29,27,9,8
3,0,0,0,0,7,13,12,51,62,94,57,52,33,11,11,13,7,14,21,38,14,10,8
3,0,0,0,0,2,14,51,68,68,63,57,50,44,12,14,19,14,11,21,53,51,13,10
0,0,0,0,0,0,13,51,65,68,56,51,31,23,14,14,10,15,12,38,53,44,26,21
0,0,0,0,3,0,5,50,57,64,58,51,46,14,13,21,13,12,11,2,27,23,19,0
0,0,1,6,0,0,8,38,63,60,59,51,26,14,17,15,30,13,0,0,7,14,26,5
0,0,0,0,3,6,4,19,48,55,54,46,31,26,24,30,46,14,13,18,14,16,12,3
0,0,0,0,0,0,0,14,45,53,53,39,34,39,30,41,48,20,14,16,39,55,52,39
0,0,0,0,1,0,5,0,50,45,31,50,37,14,41,39,34,23,14,20,52,43,56,40
0,0,0,0,3,6,6,13,13,14,22,13,14,13,16,10,14,4,11,12,15,46,41,48
6,3,0,0,8,7,11,13,6,3,8,8,14,7,6,0,8,10,14,10,13,19,27,56
5,7,0,4,7,5,8,3,10,11,0,7,0,3,8,2,0,13,10,12,12,23,14,45
7,0,6,10,9,0,7,11,12,12,8,6,3,4,9,0,4,10,11,13,14,6,14,13

2,2,1,0,0,0,0,0,6,0,0,0,0,10,24,8,0,1,0,0,0,3,6,0
8,0,0,1,2,0,0,2,0,1,4,0,29,58,86,63,19,0,0,0,0,0,0,2
4,4,3,0,0,0,0,0,7,10,13,17,100,104,90,76,69,51,27,2,0,0,7,3
4,5,6,4,0,3,0,0,0,0,8,50,56,78,83,91,72,61,36,3,0,0,0,0
0,0,0,0,0,3,0,0,2,14,11,61,84,62,57,60,59,56,26,13,6,2,0,0
10,7,11,13,13,12,11,26,45,53,72,101,138,148,86,62,44,27,14,24,10,3,2,9
9,8,9,7,8,10,14,14,55,70,132,228,342,454,340,110,58,45,18,13,11,2,0,0
6,2,7,4,7,12,10,20,54,86,167,276,331,369,303,164,66,50,53,29,13,10,8,2
6,0,0,0,6,14,50,54,67,99,164,227,287,289,241,158,82,67,54,15,11,7,6,0
0,2,8,3,0,8,11,16,58,95,153,185,285,318,281,193,104,133,101,59,11,8,4,3
9,9,12,1,0,9,0,53,64,100,150,136,154,342,301,235,129,149,191,92,50,2,7,6
0,1,0,0,8,8,6,58,86,112,146,144,104,252,288,225,130,71,78,64,44,13,6,0
7,2,5,9,3,13,2,56,88,120,144,157,147,131,167,157,134,63,57,39,23,0,0,0
5,2,4,8,7,10,6,86,86,115,151,167,149,118,118,140,140,104,102,13,12,8,0,0
0,6,1,8,0,3,7,61,60,73,127,160,149,122,104,114,143,115,101,11,8,4,8,9
4,0,0,0,0,10,7,29,60,67,97,116,133,123,83,81,101,115,83,28,9,9,0,0
2,0,2,5,8,13,9,14,51,63,99,104,125,82,64,60,66,83,95,24,0,0,0,0
12,13,14,10,13,24,18,33,47,80,136,147,123,99,65,68,50,59,58,27,14,8,7,10
1,2,7,7,2,6,9,27,60,124,167,170,140,97,79,102,65,53,54,74,22,11,9,4
1,8,10,1,5,2,14,61,102,125,189,210,189,142,125,111,101,65,84,100,12,10,2,1
0,0,6,7,9,10,12,66,97,142,220,245,213,143,114,103,72,25,77,64,28,13,9,10
0,0,7,8,12,17,41,68,123,168,235,275,262,193,101,57,35,46,44,37,21,11,11,16
0,7,10,11,11,15,40,84,119,167,244,253,236,204,133,80,32,46,36,35,13,1,9,6
0,0,0,0,1,12,51,104,119,148,190,222,224,193,137,105,84,14,13,10,12,11,5,0
0,8,5,2,6,3,20,100,112,136,176,211,218,195,141,113,95,14,14,31,9,10,6,8
8,7,10,9,4,6,9,82,106,129,162,191,198,180,145,114,100,50,16,20,20,11,3,0
1,0,10,1,1,9,21,59,101,128,143,161,165,144,133,111,82,51,12,14,14,9,2,8
0,6,0,4,0,11,13,36,87,106,134,154,139,124,120,100,74,53,14,41,31,13,11,6
5,0,0,0,7,4,2,10,66,78,104,110,114,124,107,85,71,43,36,40,50,38,23,12
4,0,0,6,4,6,1,1,52,101,98,74,90,84,57,49,40,40,36,42,51,38,32,14
0,0,12,8,6,13,14,9,36,59,70,71,67,60,51,41,44,38,26,33,45,50,43,13
0,3,5,0,4,3,12,8,31,70,105,64,54,56,45,10,50,37,29,27,29,27,9,8
3,0,0,0,0,7,13,11,51,62,94,59,54,50,13,11,13,7,13,21,39,14,10,8
3,0,0,0,0,2,14,50,66,67,63,58,51,44,12,14,19,14,11,22,53,51,13,10
0,0,0,0,0,0,13,51,63,67,57,52,34,25,14,14,11,16,13,40,53,45,26,22
0,0,0,0,3,0,4,50,56,64,58,52,46,14,13,21,13,12,11,2,29,23,19,0
0,0,1,6,0,0,8,36,62,60,60,51,29,14,16,15,28,13,0,0,7,14,26,5
0,0,0,0,3,6,4,16,46,55,54,50,33,26,24,30,45,14,13,18,14,17,12,3
0,0,0,0,0,0,0,13,44,53,53,39,34,37,28,42,47,20,14,15,40,54,52,38
0,0,0,0,1,0,5,0,48,46,31,50,36,14,41,36,32,22,14,20,52,43,57,39
0,0,0,0,3,6,6,12,13,14,22,13,14,13,14,10,14,4,11,12,15,48,42,48
6,3,0,0,8,7,11,12,5,2,8,7,14,7,6,0,8,10,14,10,12,18,27,55
5,7,0,4,7,5,8,3,9,11,0,7,0,3,8,2,0,13,9,12,12,22,14,45
7,0,6,10,9,0,7,11,12,12,8,6,3,4,9,0,4,10,11,13,14,6,14,13

2,2,1,0,0,0,0,0,6,0,0,0,0,10,24,8,0,1,0,0,0,3,6,0
8,0,0,1,2,0,0,2,0,1,4,0,28,59,86,63,20,0,0,0,0,0,0,2
4,4,3,0,0,0,0,0,7,10,14,16,100,104,91,76,69,52,27,2,0,0,7,3
4,5,6,4,0,3,0,0,0,0,8,50,57,78,83,91,72,62,36,3,0,0,0,0
0,0,0,0,0,3,0,0,2,14,11,61,84,62,58,60,59,56,27,13,6,2,0,0
10,7,11,13,13,12,11,26,45,53,72,101,138,148,87,62,44,27,14,24,10,3,2,9
9,8,9,7,8,10,14,14,55,70,132,227,342,453,340,110,58,46,18,13,11,2,0,0
6,2,6,4,7,12,10,19,54,86,167,276,329,369,303,163,66,50,53,30,13,10,8,2
6,0,0,0,7,14,50,54,67,99,164,227,288,290,241,159,83,67,54,14,11,7,6,0
0,2,8,3,0,8,11,16,58,94,152,185,286,319,281,194,104,133,101,59,11,8,4,3
9,9,12,1,0,9,0,53,64,100,149,136,154,343,301,235,129,149,190,92,49,1,7,6
0,1,0,0,8,8,6,58,85,112,146,143,104,250,288,224,130,71,78,64,44,13,5,0
7,3,5,9,3,13,2,55,88,120,143,156,147,131,165,157,134,63,57,39,23,0,0,0
6,2,4,8,7,10,6,85,86,115,150,166,148,117,118,140,141,105,102,13,12,8,0,0
0,6,1,8,0,3,7,60,60,73,128,160,149,122,104,114,143,115,102,11,8,4,8,9
4,0,0,0,0,10,7,29,60,67,97,116,134,123,84,81,101,116,84,29,10,9,0,0
2,0,2,5,8,13,9,14,52,63,99,104,126,83,64,60,66,83,97,27,0,0,0,0
12,13,14,10,13,25,17,33,48,80,136,147,124,100,66,69,50,59,59,28,14,8,7,10
1,2,7,7,3,6,9,27,61,124,167,169,140,97,79,102,65,54,55,76,22,11,9,4
2,8,10,1,5,2,14,60,102,125,188,208,187,142,125,111,101,66,85,101,12,10,2,1
0,0,6,7,9,10,12,68,97,142,219,243,209,142,114,103,74,25,77,66,29,13,9,10
0,0,7,8,12,17,41,70,124,169,234,271,255,190,100,57,36,46,45,38,21,11,11,16
0,7,10,11,11,15,40,86,120,169,244,249,231,200,132,79,32,46,39,36,13,0,9,6
0,0,0,0,1,11,53,104,120,148,191,221,222,193,138,105,85,15,13,10,12,11,5,0
0,8,5,3,6,3,22,100,112,137,177,212,219,196,142,113,97,14,14,30,9,9,6,8
8,7,10,10,4,6,9,84,106,129,162,190,198,181,146,115,100,48,16,20,20,11,3,0
1,0,10,1,1,9,19,58,101,127,143,159,165,145,134,112,82,51,12,14,14,9,2,8
0,6,0,4,0,11,13,38,87,106,132,152,138,125,121,101,73,52,16,46,42,14,12,7
5,1,0,0,7,4,2,10,65,78,103,108,113,124,107,86,72,41,37,43,52,50,28,12
4,0,0,6,4,6,2,1,52,100,98,74,89,84,57,49,39,39,35,48,53,44,47,16
0,0,12,8,6,13,14,9,35,59,70,71,68,61,51,41,43,38,23,35,48,51,49,13
0,3,5,0,4,3,12,7,28,70,105,65,55,57,51,11,50,36,28,27,30,29,13,9
3,0,0,0,0,7,13,11,50,61,94,60,55,51,14,12,13,7,13,22,42,21,11,9
3,0,0,0,0,2,14,50,65,67,63,60,51,47,12,14,19,14,11,25,54,51,13,11
0,0,0,0,0,0,13,50,63,67,57,53,36,25,14,15,11,18,13,42,53,46,27,23
0,0,0,0,3,0,4,50,56,64,58,52,50,14,13,21,13,12,11,3,31,24,20,1
0,0,1,6,0,0,8,35,62,60,60,51,29,14,16,15,26,12,0,1,7,14,27,5
0,0,0,0,3,6,4,16,44,55,54,50,32,26,23,27,44,14,12,18,14,18,12,4
0,0,0,0,0,0,0,13,43,53,54,40,34,39,27,40,46,18,13,14,37,54,52,38
0,0,0,0,1,0,5,0,47,46,31,50,38,14,41,36,32,22,13,17,52,44,57,39
0,0,0,0,3,6,6,12,13,14,23,14,14,13,14,8,13,3,11,12,14,50,42,47
6,3,0,0,8,7,10,12,5,3,8,8,14,7,6,0,7,9,14,10,12,18,26,55
5,7,0,4,7,5,8,3,9,11,0,7,0,3,8,2,0,13,9,11,12,22,14,41
7,0,6,10,9,0,7,11,12,12,8,6,3,4,9,0,3,10,10,13,13,6,14,13

2,2,0,0,0,0,0,0,6,0,0,0,0,10,24,8,0,1,0,0,0,3,6,0
8,0,0,1,3,0,0,2,0,1,4,0,29,59,86,64,21,0,0,0,0,0,0,2
4,4,3,0,0,0,0,0,7,10,14,16,100,104,91,76,69,52,28,2,0,0,7,3
5,5,6,4,0,3,0,0,0,0,8,50,56,78,83,91,72,62,38,3,0,0,0,0
0,0,0,0,0,3,0,0,1,13,11,61,84,62,58,60,59,57,27,12,6,3,0,0
10,7,11,13,13,12,11,26,44,53,71,101,138,148,86,62,43,27,14,24,10,3,2,9
9,8,9,8,8,10,14,14,55,70,131,225,340,455,340,110,59,45,17,13,11,2,0,0
6,2,6,4,7,12,10,19,54,85,165,274,329,369,304,164,66,50,53,29,13,10,8,2
6,0,0,0,6,14,50,54,67,98,163,226,286,289,242,158,83,67,54,14,11,7,6,0
0,2,8,3,0,8,11,16,58,94,151,184,284,317,280,193,104,132,101,59,11,8,4,3
9,9,12,1,0,9,0,52,63,99,148,135,154,343,301,235,130,149,192,93,50,2,7,6
0,1,0,0,8,8,6,58,85,111,145,143,103,249,288,225,130,71,78,64,44,13,6,0
7,2,5,9,3,13,2,55,87,120,143,155,146,130,166,158,134,63,57,39,23,0,0,0
6,2,4,8,7,10,6,85,86,115,151,165,147,117,118,141,141,105,102,13,12,8,0,0
0,6,1,8,0,3,7,60,60,73,127,159,148,122,104,114,143,115,102,11,8,4,8,9
4,0,0,0,0,10,7,29,61,67,96,116,133,122,83,80,101,116,84,29,10,9,0,0
2,0,2,5,8,13,9,14,52,63,98,103,125,82,64,60,66,83,96,28,0,0,0,0
12,13,13,10,13,24,17,33,48,80,136,146,122,100,65,69,50,59,59,28,14,8,7,10
1,2,7,7,3,6,9,28,61,124,166,169,140,97,79,102,66,53,55,75,23,11,9,4
2,8,10,1,5,2,14,61,102,125,188,209,188,142,125,111,101,66,86,101,12,10,2,1
0,0,6,7,9,10,12,68,97,142,220,245,211,142,114,103,74,26,78,66,29,13,9,10
0,0,7,8,13,17,41,70,124,169,234,271,257,192,100,57,36,46,45,38,21,11,11,16
0,7,11,11,11,14,40,87,120,170,244,250,233,201,132,80,32,47,40,37,13,1,9,5
0,0,0,0,1,12,53,104,120,149,192,222,223,194,138,106,86,15,13,10,12,11,5,0
0,8,5,3,6,3,22,100,112,137,177,212,219,196,143,114,97,14,14,30,9,9,6,8
8,7,10,10,4,6,9,84,106,129,161,190,198,181,146,115,100,50,18,21,20,11,3,0
1,0,10,1,1,9,19,58,101,127,142,158,165,145,135,112,84,52,12,14,14,10,2,8
0,6,0,4,0,12,13,37,88,106,132,152,138,125,121,101,76,52,19,50,47,20,12,7
5,1,0,0,7,4,2,10,65,78,103,107,113,125,108,87,72,42,38,44,53,51,30,13
4,0,0,7,5,6,2,1,51,100,97,74,89,85,57,49,40,40,35,49,53,46,51,18
0,0,12,8,6,13,14,9,35,59,69,71,68,62,52,41,44,38,24,36,50,51,50,13
0,3,5,0,4,3,12,7,24,69,105,65,55,58,33,11,50,36,28,27,30,30,14,9
3,0,0,0,0,7,13,10,50,61,94,60,55,51,21,12,13,7,13,22,43,22,12,9
3,0,0,0,0,2,14,50,64,66,63,60,52,48,12,16,19,14,11,24,54,51,13,11
0,0,0,0,0,0,13,50,62,67,57,53,37,28,14,16,11,18,13,42,53,46,27,24
0,0,0,0,3,0,4,49,56,64,58,52,50,14,13,21,13,12,11,3,33,24,20,1
0,0,1,6,0,0,8,33,61,60,60,51,33,15,16,15,27,12,0,1,7,14,27,5
0,0,0,0,3,6,4,15,44,55,55,50,34,26,23,27,44,14,12,18,14,19,12,4
0,0,0,0,0,0,0,13,41,53,53,40,34,39,28,40,46,18,13,14,35,54,52,37
0,0,0,0,1,0,5,0,45,46,31,50,38,14,40,36,32,22,13,17,52,44,56,39
0,0,0,0,2,6,6,12,13,14,22,14,14,13,14,8,13,2,11,11,14,50,42,47
6,3,0,0,8,6,10,12,4,2,8,7,14,7,6,0,8,9,14,10,12,17,27,55
5,7,0,4,7,5,8,2,9,11,0,7,0,3,8,1,0,13,9,11,12,21,14,40
7,0,6,10,9,0,7,11,12,12,8,6,3,4,9,0,3,10,10,13,13,6,14,13

2,2,1,0,0,0,0,0,6,0,0,0,0,10,25,8,0,1,0,0,0,3,6,0
8,0,0,1,3,0,0,2,0,1,3,0,31,59,87,64,21,0,0,0,0,0,0,2
4,4,3,0,0,0,0,0,7,10,13,17,100,104,91,76,69,52,28,2,0,0,7,3
5,5,6,4,0,3,0,0,0,0,8,50,56,79,83,91,72,62,37,3,0,0,0,0
0,0,0,0,0,3,0,0,1,13,11,61,84,61,58,60,59,57,27,12,6,3,0,0
10,7,11,13,13,11,11,26,44,53,71,100,137,148,87,62,44,27,14,24,10,3,2,9
9,8,9,8,8,10,14,14,55,70,130,221,342,460,344,111,58,46,18,13,10,2,0,0
6,2,6,4,7,12,10,18,54,85,164,271,326,373,307,164,66,51,53,30,13,10,8,2
6,0,0,0,6,14,50,54,67,98,162,226,286,289,241,157,82,67,54,14,11,7,6,0
0,2,8,2,0,8,11,15,58,93,150,184,284,318,281,193,104,132,101,60,11,8,4,3
9,9,12,1,0,9,0,52,63,99,148,135,154,344,301,236,130,149,192,93,50,2,7,6
0,1,0,0,8,8,6,58,85,111,145,143,104,251,289,225,130,71,78,65,44,13,6,0
7,2,5,9,3,13,2,56,87,120,143,156,146,131,166,158,134,63,57,39,23,0,0,0
6,2,4,8,7,10,6,86,86,116,151,165,147,117,118,141,141,105,102,13,12,8,0,0
0,6,1,8,0,3,7,60,61,74,127,158,147,121,104,114,143,115,102,11,8,4,8,9
4,0,0,0,0,10,7,30,61,67,96,115,132,122,83,80,101,116,83,29,9,9,0,0
2,0,2,5,8,13,9,14,52,63,98,103,124,82,64,60,66,83,96,26,0,0,0,0
12,14,13,10,13,24,17,34,48,80,136,146,122,99,65,69,50,59,58,28,14,8,7,10
1,1,7,7,3,6,9,29,61,124,167,169,140,97,79,102,66,53,55,75,22,11,9,4
2,8,10,1,5,2,14,61,102,125,189,211,189,142,125,111,101,66,86,100,12,10,2,1
0,0,6,7,9,10,12,68,97,142,220,246,214,143,114,103,74,26,78,65,29,13,9,10
0,0,7,8,13,17,41,70,124,169,234,272,259,194,101,57,36,46,45,38,21,11,11,16
0,7,11,11,11,14,40,86,120,169,244,250,232,202,133,80,32,46,40,37,13,1,9,6
0,0,0,0,1,12,52,104,120,149,192,222,224,194,139,106,86,17,14,10,12,11,5,0
0,8,5,3,6,3,22,100,112,137,177,212,219,197,143,114,97,14,14,31,9,9,6,8
8,7,10,10,4,6,9,84,106,128,161,190,198,181,146,115,100,50,19,22,22,12,3,0
1,0,10,1,1,9,19,58,101,127,142,158,165,145,135,112,84,53,12,14,14,10,2,8
0,6,0,5,0,11,13,37,86,106,131,151,138,125,121,101,76,55,20,50,48,19,12,7
5,0,0,0,7,4,1,10,65,77,103,107,113,125,108,87,71,43,38,44,53,51,30,13
4,0,0,7,5,6,2,1,51,100,97,74,89,85,58,49,40,40,36,49,53,46,51,18
0,0,12,8,6,13,14,9,34,58,69,71,69,62,52,41,44,38,25,36,50,51,50,13
0,3,5,0,4,3,11,7,24,69,105,65,56,59,33,11,50,36,29,27,30,30,14,9
4,0,0,0,0,7,13,10,50,61,94,60,55,52,27,12,13,7,13,22,42,21,12,9
3,0,0,0,0,2,14,50,64,66,63,60,52,50,12,16,19,14,11,24,54,51,13,11
0,0,0,0,0,0,13,50,62,67,57,53,37,27,14,16,11,19,13,42,53,46,27,24
0,0,0,0,3,0,4,49,56,64,58,52,50,14,13,22,13,12,11,3,33,23,20,1
0,0,1,6,0,0,8,33,61,60,60,51,33,15,16,15,27,12,0,1,7,14,27,5
0,0,0,0,3,6,4,15,44,55,54,50,35,26,24,28,45,14,12,18,14,19,12,4
0,0,0,0,0,0,0,13,41,53,54,39,34,38,27,40,46,18,13,14,36,54,52,36
0,0,0,0,0,0,5,0,45,46,31,50,39,14,40,36,32,22,13,16,52,44,56,38
0,0,0,0,2,6,5,12,13,14,22,14,15,13,14,8,13,3,11,11,14,48,42,47
6,3,0,0,8,6,10,12,4,2,8,8,14,7,6,0,7,9,14,10,12,18,27,55
5,7,0,4,7,5,8,2,9,11,0,7,0,3,7,1,0,13,9,11,12,21,14,40
7,0,6,10,9,0,7,11,12,12,8,6,3,4,9,0,3,10,10,12,13,6,14,13

2,2,1,0,0,0,0,0,6,0,0,0,0,10,25,8,0,1,0,0,0,3,6,0
8,0,0,1,2,0,0,2,0,1,3,0,27,58,86,64,21,0,0,0,0,0,0,2
4,4,3,0,0,0,0,0,7,10,13,17,100,104,91,76,69,52,29,3,0,0,7,3
4,5,6,4,0,3,0,0,0,0,8,50,55,78,83,91,72,62,38,3,0,0,0,0
0,0,0,0,0,3,0,0,1,13,11,61,85,62,58,61,59,57,27,12,6,3,0,0
10,7,11,13,13,11,11,26,44,53,71,100,138,148,87,62,43,27,14,24,10,3,2,9
9,8,9,8,8,10,14,14,55,70,130,223,340,456,343,111,58,46,17,13,11,2,0,0
6,2,7,4,7,12,10,19,54,84,164,273,328,370,304,164,66,50,53,29,13,10,8,2
6,0,0,0,6,14,50,54,67,98,162,225,285,289,241,158,83,67,54,14,11,7,6,0
0,2,8,3,0,8,11,15,58,93,151,184,284,318,280,193,104,132,101,60,11,8,4,3
9,9,12,1,0,9,0,52,63,99,149,135,154,344,302,236,130,150,194,94,50,2,7,6
0,1,0,0,8,8,6,58,85,112,146,144,104,252,290,226,130,71,78,65,45,13,6,0
7,2,5,9,3,13,2,55,88,120,144,157,147,131,167,158,134,63,57,40,24,0,0,0
6,2,4,8,7,10,6,86,86,116,152,166,147,117,118,141,140,105,102,13,12,8,0,0
0,6,1,8,0,3,7,61,61,74,127,159,147,121,104,114,143,115,101,11,8,4,8,9
4,0,0,0,0,10,7,30,61,67,96,115,132,121,82,80,101,115,83,28,9,9,0,0
2,0,2,5,8,13,9,14,52,63,98,103,123,81,63,59,66,83,95,25,0,0,0,0
12,13,14,10,13,24,17,33,48,80,135,146,122,99,65,69,50,59,58,28,14,8,7,10
1,2,7,7,3,6,9,27,61,124,167,169,140,96,79,102,66,53,54,74,22,11,9,4
2,8,10,1,5,2,14,61,102,125,189,212,190,142,125,111,101,66,85,100,12,10,2,1
0,0,6,7,9,10,12,67,97,142,220,247,215,143,114,103,74,26,77,65,28,13,9,10
0,0,7,8,13,18,41,70,124,168,235,274,262,196,101,57,36,46,45,37,21,11,11,16
0,7,11,11,11,15,40,86,120,169,245,252,235,204,134,81,33,47,40,37,13,1,9,6
0,0,0,0,1,12,53,104,120,149,192,223,225,195,139,106,86,18,13,10,12,11,5,0
0,8,5,3,6,3,22,100,112,137,177,211,218,196,143,114,100,14,14,31,9,10,6,8
8,7,10,10,4,6,9,82,106,128,161,189,196,180,146,116,100,51,19,23,22,12,3,0
1,0,10,1,1,9,21,59,101,127,141,157,164,145,135,112,84,53,12,14,15,10,2,9
0,6,0,4,0,11,13,37,86,106,131,151,138,125,122,101,76,52,20,50,50,27,12,8
5,1,0,0,7,4,2,9,65,77,103,107,113,125,108,88,72,43,38,45,53,52,32,13
4,0,0,7,5,6,2,1,50,100,97,74,89,85,58,49,40,40,35,50,53,48,52,20
0,0,12,8,6,13,14,9,33,58,69,72,69,63,52,41,43,37,23,36,50,51,51,14
0,3,5,0,4,3,11,7,22,69,105,66,56,59,37,11,47,35,28,27,30,30,15,10
4,0,0,0,0,7,13,10,50,61,94,61,56,52,33,13,13,7,13,23,43,24,13,9
3,0,0,0,0,2,14,50,64,66,63,61,52,50,12,21,19,14,11,24,54,52,13,11
0,0,0,0,0,0,13,50,62,67,58,53,38,28,14,16,12,20,13,42,53,46,28,25
0,0,0,0,3,0,4,48,56,64,58,52,50,14,13,22,14,12,11,4,33,23,20,2
0,0,1,6,0,0,8,34,61,60,60,51,32,15,16,15,27,12,0,1,7,14,28,6
0,0,0,0,3,6,4,15,44,55,55,50,34,26,23,27,43,14,12,18,14,17,12,4
0,0,0,0,0,0,0,13,42,53,54,40,34,39,26,39,46,16,13,14,35,54,52,35
0,0,0,0,1,0,5,0,44,45,31,50,37,13,39,33,31,21,13,14,51,43,56,38
0,0,0,0,2,6,6,11,12,14,22,14,14,13,14,8,13,2,11,11,14,50,42,46
6,3,0,0,8,6,10,12,4,2,8,7,14,7,5,0,7,9,13,10,12,16,26,55
5,7,0,4,7,5,8,2,8,11,0,7,0,3,7,1,0,13,9,11,11,21,14,36
7,0,6,10,9,0,7,11,12,12,8,6,3,4,9,0,3,10,9,12,13,5,14,13

2,2,1,0,0,0,0,0,6,0,0,0,0,10,25,8,0,1,0,0,0,3,6,0
8,0,0,1,3,0,0,2,0,1,3,0,29,58,86,64,21,0,0,0,0,0,0,2
4,4,3,0,0,0,0,0,7,10,13,16,100,104,92,76,69,52,32,3,0,0,7,3
4,5,6,4,0,3,0,0,0,0,8,50,56,78,83,91,73,62,39,4,0,0,0,0
0,0,0,0,0,3,0,0,1,13,11,61,84,61,58,61,59,58,27,13,6,3,0,0
10,7,11,13,13,11,11,26,44,53,71,100,136,146,85,61,43,27,14,24,10,3,2,9
9,8,9,8,8,10,14,14,55,69,129,221,337,454,340,110,58,45,16,13,10,2,0,0
5,2,6,4,7,12,10,18,54,84,163,271,326,369,303,163,66,50,53,29,13,10,8,2
6,0,0,0,7,14,50,54,67,97,161,225,286,289,242,158,83,67,54,14,11,7,6,0
0,2,8,2,0,8,11,15,58,93,150,183,283,317,280,194,104,133,102,60,11,8,4,3
9,9,12,1,0,9,0,52,63,98,148,135,155,345,302,236,130,150,194,95,50,2,8,6
0,1,0,0,8,8,6,58,84,111,145,144,104,253,290,226,130,71,78,65,45,13,6,0
7,2,6,9,3,13,2,55,86,120,143,156,147,131,168,159,134,63,57,40,24,0,0,0
6,2,4,8,7,10,5,84,85,115,151,165,148,117,118,142,141,105,102,13,12,8,0,0
0,6,1,8,0,3,6,60,60,73,127,159,147,121,104,114,144,115,102,11,8,4,8,9
4,0,0,0,0,10,7,26,60,67,96,115,132,122,82,80,101,116,83,28,9,9,0,0
2,0,2,5,8,13,9,14,51,63,98,102,124,81,63,59,66,83,96,27,0,0,0,0
12,14,14,10,13,24,16,33,47,79,134,145,120,98,65,69,50,59,59,28,14,8,7,10
1,2,7,7,3,6,9,26,60,122,164,167,138,96,79,102,66,53,55,75,23,11,9,4
2,8,10,1,5,2,14,59,101,123,186,208,187,141,125,111,101,67,86,100,12,10,2,1
0,0,6,8,9,10,11,65,95,140,218,245,214,142,114,103,75,27,79,66,29,13,9,10
0,0,7,8,12,18,40,68,123,168,233,272,261,195,101,58,36,47,46,38,21,11,11,16
0,7,11,11,11,14,40,85,120,169,245,251,234,204,134,81,33,48,45,40,13,1,9,5
0,0,0,0,0,11,51,104,119,149,194,224,225,196,140,106,88,20,14,10,12,11,5,0
0,8,5,3,6,3,22,100,112,137,178,211,218,197,145,115,100,14,15,31,9,9,6,8
8,7,10,10,4,6,9,82,106,128,160,188,196,182,148,117,100,51,20,24,22,11,3,0
1,0,10,1,1,9,20,58,101,126,140,156,163,146,136,113,86,55,12,18,28,13,3,9
0,6,0,4,0,11,13,36,85,105,130,149,138,126,123,102,80,57,31,52,54,58,14,8
5,1,0,0,6,4,1,9,64,77,103,106,113,125,109,91,73,42,41,48,56,58,42,14
4,0,0,7,5,6,2,2,50,100,97,74,89,85,58,49,40,40,32,51,54,54,63,30
0,0,12,9,6,13,14,9,32,58,70,73,70,64,53,41,43,36,18,34,50,53,56,21
0,3,5,0,3,4,11,7,14,68,105,67,57,60,50,12,43,33,24,26,30,32,26,11
4,0,0,0,0,8,13,10,46,60,95,62,57,53,43,13,13,7,13,24,45,29,19,10
3,0,0,0,0,3,14,50,62,66,63,63,53,50,12,25,18,13,11,25,54,52,14,12
0,0,0,0,0,0,13,50,61,67,58,54,39,28,14,17,12,22,13,42,53,47,30,27
0,0,0,0,2,0,3,45,55,64,59,53,50,14,13,21,13,12,11,3,32,23,20,4
0,0,1,6,0,0,8,32,60,60,61,52,35,14,15,14,25,12,0,1,7,14,28,6
0,0,0,0,3,6,4,15,40,55,55,50,34,25,22,24,39,13,10,16,14,14,12,3
0,0,0,0,0,0,0,13,39,53,54,40,35,37,23,37,42,14,11,14,29,53,51,30
0,0,0,0,0,0,5,0,41,46,32,50,35,13,34,28,27,19,12,13,50,41,56,34
0,0,0,1,2,5,5,11,12,14,23,14,15,13,14,6,11,0,11,11,13,46,41,44
6,3,0,0,8,6,10,12,4,2,8,8,14,7,5,0,7,8,13,9,11,15,26,54
5,7,0,4,7,4,8,2,8,11,1,7,0,3,7,0,0,13,8,10,11,20,13,24
7,0,6,10,9,0,7,11,12,12,8,7,3,4,9,0,2,10,8,11,13,5,13,13

2,2,1,0,0,0,0,0,6,0,0,0,0,10,24,8,0,1,0,0,0,3,6,0
8,0,0,1,3,0,0,2,0,1,3,0,25,58,86,64,22,0,0,0,0,0,0,2
4,5,3,0,0,0,0,0,7,10,13,15,100,104,92,77,70,53,32,4,0,0,7,3
5,5,6,4,0,3,0,0,0,0,8,48,56,78,84,92,73,63,42,4,0,0,1,0
0,0,0,0,0,3,0,0,0,12,11,61,84,61,58,61,60,59,28,13,6,3,0,0
10,7,11,13,13,11,11,26,43,53,70,99,136,146,86,61,44,28,14,24,10,3,2,9
9,8,10,8,9,10,14,13,55,69,127,217,338,455,341,110,58,45,17,13,10,2,0,0
6,2,6,4,7,12,10,17,53,83,161,268,325,371,306,163,66,51,53,29,13,10,8,2
6,0,0,0,6,14,50,54,67,97,160,223,284,288,241,158,82,67,54,14,11,7,6,0
0,2,8,3,0,8,11,14,57,91,148,182,282,318,281,194,104,134,103,61,11,8,4,3
9,9,12,1,0,9,0,52,62,97,146,133,155,344,302,237,130,151,197,97,50,2,8,6
0,1,0,0,8,8,6,56,83,109,144,142,104,253,291,226,131,71,79,65,45,13,6,0
7,3,6,9,4,13,2,54,85,119,142,155,147,131,168,160,135,64,58,40,24,0,0,0
6,3,4,8,7,10,5,81,84,114,150,164,147,117,118,143,141,105,102,13,12,8,0,0
0,6,1,8,0,3,5,57,60,73,126,158,147,121,104,115,145,116,102,12,7,4,8,9
4,0,0,0,0,10,6,20,59,67,95,115,132,122,83,80,101,116,84,29,9,9,0,0
2,0,2,5,8,13,9,13,51,62,97,102,124,82,64,60,66,84,97,28,0,0,0,0
12,14,14,10,13,24,16,32,47,78,133,144,120,98,65,69,50,59,59,28,14,8,7,10
1,2,7,7,3,6,9,24,60,122,162,166,137,96,79,102,66,54,55,77,23,11,9,4
2,8,10,1,5,2,13,58,101,122,183,205,185,141,125,111,101,68,88,101,12,11,2,1
0,0,7,7,9,10,11,64,94,139,216,243,211,142,114,103,76,27,79,68,29,13,9,10
0,1,7,8,12,18,40,66,123,167,232,271,259,194,100,58,36,47,47,39,22,11,11,16
0,7,11,11,10,14,40,83,119,169,244,251,235,204,134,82,34,49,47,43,13,1,9,5
0,0,0,0,0,11,51,104,119,149,194,225,227,197,140,106,89,23,14,10,12,11,5,0
0,8,5,3,5,3,22,100,112,137,179,214,221,199,145,115,100,14,15,30,9,9,6,8
8,7,10,10,4,6,9,82,106,128,162,190,199,183,148,117,100,52,20,27,23,12,3,0
1,0,10,1,1,9,20,59,100,126,142,158,166,146,136,113,87,58,12,20,30,15,4,9
0,6,0,5,0,11,14,37,84,105,131,151,139,126,123,102,82,60,36,52,54,59,14,9
5,1,0,0,6,4,2,9,64,77,103,107,114,126,109,91,75,43,42,49,57,59,43,14
4,0,0,7,5,6,1,2,48,100,97,74,90,86,59,49,40,41,32,51,54,54,64,32
0,0,12,9,6,13,14,9,32,58,70,72,70,64,53,41,44,37,21,35,50,53,56,23
0,3,5,0,3,4,11,7,14,68,105,67,57,60,51,12,47,34,25,27,31,33,27,11
4,0,0,0,0,8,13,10,46,60,94,62,57,53,42,14,13,8,13,24,45,30,21,10
3,0,0,0,0,2,14,49,62,65,63,62,53,50,12,25,18,14,11,25,54,52,14,12
0,0,0,0,0,0,12,50,61,66,58,54,39,27,14,18,12,23,13,42,53,46,30,28
0,0,0,0,2,0,3,45,55,64,59,53,50,14,13,21,13,12,11,4,33,23,21,4
0,0,1,6,0,0,8,31,60,60,61,52,37,15,15,15,25,12,0,1,7,14,28,6
0,0,0,0,3,6,4,14,40,55,55,50,36,25,22,24,39,13,10,16,14,15,12,3
0,0,0,0,0,0,0,13,41,53,54,41,35,37,23,38,42,14,11,14,30,53,51,31
0,0,0,0,0,0,5,0,42,46,32,50,35,13,35,30,28,19,12,13,50,41,56,35
0,0,0,0,2,6,5,12,12,14,24,14,16,13,14,6,11,0,11,11,13,46,41,44
6,3,0,0,8,6,10,12,4,2,8,8,14,7,5,0,7,8,13,9,11,14,26,54
5,7,0,4,7,4,8,2,8,11,1,7,0,3,7,0,0,13,8,9,10,20,13,24
7,0,6,10,9,0,7,11,12,12,8,6,3,4,8,0,2,10,8,11,13,5,13,13
0,8,0,0,0,0,0,0,5,0,6,7,0,0,7,8,0,0,0,0,0,0,0,2
5,0,0,0,0,0,0,2,0,5,9,9,9,8,8,0,0,0,0,0,0,0,1,10
6,11,3,0,1,0,26,4,12,39,45,74,61,53,13,8,0,10,5,1,5,6,9,4
2,0,0,0,0,14,15,32,50,53,70,75,73,33,15,12,5,20,11,8,0,5,11,6
0,2,0,0,12,22,39,60,66,88,84,96,67,41,22,46,9,10,8,0,2,0,0,0
3,0,2,6,20,36,64,115,195,282,238,138,96,63,52,42,26,25,19,18,8,10,7,10
0,4,11,12,13,53,114,158,307,366,400,317,134,78,58,50,13,22,14,7,10,6,5,6
2,14,7,12,13,63,111,190,260,268,273,225,167,107,66,60,28,7,9,0,0,0,0,0
0,0,9,6,50,68,130,206,208,154,126,182,172,122,79,65,33,11,12,0,0,0,1,7
3,0,6,13,40,68,145,216,207,170,109,113,164,122,71,53,16,13,7,0,2,8,4,2
4,0,0,11,53,91,153,205,217,177,136,71,101,121,82,55,25,26,11,12,11,9,4,7
0,3,2,10,58,92,141,194,214,193,145,67,65,111,113,83,57,12,11,4,0,0,0,0
0,0,0,6,52,89,113,178,209,180,138,102,56,101,126,120,79,36,2,7,7,0,0,4
0,0,0,0,65,113,127,165,196,188,140,104,79,89,89,104,110,81,8,5,8,6,0,4
0,2,0,0,59,108,127,150,172,166,131,106,69,55,51,59,100,60,14,4,3,4,2,0
7,5,4,6,13,97,113,119,133,125,114,91,59,38,35,23,55,52,52,8,0,0,0,2
0,6,1,8,47,83,84,93,97,81,77,92,57,13,12,11,13,15,50,12,7,0,0,0
6,10,8,19,33,61,95,146,153,102,93,64,56,49,32,31,36,36,42,37,16,14,7,6
7,11,12,31,63,82,117,142,143,92,79,79,100,65,50,27,52,100,87,39,10,4,0,1
7,11,13,41,114,126,161,198,176,134,104,100,100,63,50,51,89,66,56,14,5,10,8,0
6,7,32,93,125,166,218,244,239,181,123,105,101,81,52,43,62,70,30,10,3,11,11,0
23,21,41,97,145,195,278,326,317,258,185,99,66,60,48,57,52,42,12,7,5,3,0,0
10,14,43,105,144,175,311,371,335,275,204,135,100,63,50,31,34,28,11,12,12,12,8,0
10,39,72,111,133,167,283,411,375,268,221,161,127,106,88,50,51,32,7,1,0,0,0,0
12,13,37,84,117,128,157,226,259,229,216,179,145,115,103,100,60,12,13,12,9,6,9,0
5,13,26,48,101,116,126,155,187,188,185,175,150,122,104,100,26,13,9,11,12,11,7,10
9,2,10,12,14,54,102,117,135,151,142,143,129,115,107,82,14,12,8,10,10,2,8,0
9,11,2,11,8,10,62,92,103,117,116,111,123,108,101,79,50,21,8,9,10,7,12,4
9,7,6,2,13,33,35,14,65,83,100,75,77,85,66,68,55,13,0,3,3,5,8,6
0,8,10,10,3,27,20,13,28,20,50,53,58,73,72,58,42,4,0,0,0,0,6,3
4,12,10,4,13,11,18,17,13,12,33,31,44,58,67,56,47,20,8,5,6,9,0,1
3,3,6,13,20,13,11,10,9,10,11,14,51,91,84,62,51,20,6,12,0,1,4,0
0,0,5,3,6,7,8,12,12,8,11,37,56,75,81,77,60,24,11,6,0,0,0,4
7,11,5,0,5,5,11,16,19,22,42,51,62,81,99,105,74,50,11,0,0,0,0,0
14,14,13,11,11,9,12,4,13,13,24,25,52,58,76,94,64,37,3,0,0,0,0,0
8,16,20,15,7,11,11,8,11,13,13,9,28,52,58,64,57,21,0,0,0,0,0,6
10,27,31,14,12,7,9,14,13,13,12,12,14,50,53,74,77,14,9,0,0,0,0,0
8,12,12,13,13,11,5,23,11,13,16,14,14,14,51,52,42,12,11,0,0,0,0,0
13,36,14,12,12,11,7,13,14,11,24,15,12,30,23,25,22,11,6,0,0,0,0,0
14,22,13,20,8,13,10,8,6,9,10,12,19,16,19,13,14,13,1,0,0,0,0,0
29,24,14,14,8,10,5,8,5,0,11,7,3,8,14,19,36,13,0,7,0,0,5,0
52,26,17,13,13,12,2,3,6,14,11,14,9,8,8,11,32,27,12,11,0,0,4,3
40,40,35,14,8,11,5,4,0,10,5,10,12,13,11,7,8,20,24,19,11,1,3,1
11,53,14,19,17,14,9,9,1,3,10,8,3,5,7,11,10,7,10,12,11,6,0,4

0,8,0,0,0,0,0,0,5,0,6,7,0,0,7,8,0,0,0,0,0,0,0,2
5,0,0,0,0,0,0,2,0,5,9,10,10,8,8,0,0,0,0,0,0,0,1,10
6,11,3,0,1,0,26,5,12,40,46,73,61,55,15,10,0,10,5,1,5,6,9,4
2,0,0,0,0,14,15,33,50,54,70,75,74,37,32,13,5,21,11,8,0,5,11,6
0,2,0,0,13,22,41,60,66,89,85,97,68,44,27,47,9,11,8,0,2,0,0,0
3,0,2,6,20,36,64,114,197,287,243,140,97,63,52,42,26,25,18,19,8,10,7,10
0,4,11,12,13,53,113,158,308,370,405,320,135,78,58,51,13,22,14,7,9,6,5,6
2,14,7,11,12,62,110,188,258,269,275,226,168,107,66,60,29,8,9,0,0,0,0,0
0,0,9,6,50,67,129,203,205,153,125,183,172,122,79,65,33,11,12,0,0,0,1,7
3,0,5,13,36,68,143,213,204,169,110,114,165,122,71,53,16,13,7,0,2,8,4,2
4,0,0,11,52,90,150,200,214,177,136,71,102,122,82,55,24,25,11,12,11,8,4,7
0,3,2,9,57,90,139,192,214,194,146,68,65,111,113,83,57,12,11,4,0,0,0,0
0,0,0,6,52,87,112,176,207,180,139,102,56,101,126,120,78,34,2,6,7,0,0,4
0,0,0,0,64,113,126,164,195,187,139,104,79,89,89,104,110,81,7,5,8,6,0,4
0,2,0,0,58,108,126,149,171,166,130,105,68,55,51,59,100,60,14,4,3,4,2,0
8,5,4,6,13,97,113,119,133,125,114,91,59,37,35,24,55,52,52,8,0,0,0,2
0,6,1,8,47,83,84,92,96,81,77,92,58,13,12,11,13,15,51,12,7,0,0,0
6,11,8,19,33,61,95,146,153,102,93,65,57,49,32,32,36,36,43,37,16,14,7,6
7,11,12,32,64,82,117,142,143,93,79,80,100,65,50,27,51,97,87,39,9,4,0,1
7,11,13,41,114,127,161,199,177,135,104,100,100,63,50,51,90,63,57,14,5,10,8,0
6,7,33,93,125,167,219,245,240,182,123,105,101,81,52,43,62,71,31,10,4,11,11,0
23,21,42,98,146,195,279,327,317,257,184,99,66,60,49,58,54,42,12,7,6,3,0,0
10,14,44,105,144,176,312,375,339,273,202,135,101,63,51,31,35,28,11,12,13,11,8,0
10,40,72,111,133,167,284,413,377,266,218,159,126,107,91,51,51,31,7,1,0,0,0,0
12,13,38,84,117,128,157,226,259,228,214,178,145,115,103,100,61,12,13,12,9,6,9,0
5,13,27,49,101,116,126,155,187,188,185,174,150,122,104,100,25,13,10,11,12,11,7,10
9,2,10,12,14,53,102,117,135,152,143,143,129,115,107,82,14,12,8,10,10,2,8,0
9,11,2,11,8,10,62,92,103,117,116,111,124,108,101,80,51,21,8,9,10,7,12,4
9,7,6,2,13,33,34,15,65,83,100,75,77,85,66,68,55,13,0,3,3,5,8,6
1,8,10,10,2,27,20,13,28,21,50,53,58,73,71,58,42,4,0,0,0,0,6,2
4,12,11,4,13,11,19,17,13,12,33,32,44,57,67,56,47,20,8,5,6,9,0,1
4,4,6,13,21,13,11,11,9,10,11,14,51,92,84,61,51,19,6,12,0,1,4,0
0,0,5,3,6,8,8,12,12,7,12,37,56,75,81,77,60,24,10,5,0,0,0,4
8,11,5,0,5,6,11,15,19,21,40,51,62,81,99,105,73,49,11,0,0,0,0,0
14,15,13,11,11,9,12,4,13,13,24,27,52,58,76,94,63,37,3,0,0,0,0,0
9,17,20,17,7,11,11,8,11,13,13,10,28,52,58,63,57,20,0,0,0,0,0,6
10,27,31,14,12,7,9,14,13,13,12,12,14,51,53,73,77,13,9,0,0,0,0,0
9,12,12,13,13,11,6,25,12,13,17,14,14,14,51,52,41,12,11,0,0,0,0,0
13,35,14,12,12,11,7,13,14,11,23,15,12,29,24,26,21,11,6,0,0,0,0,0
15,22,13,21,8,13,10,8,6,9,10,12,20,16,19,13,14,13,1,0,0,0,0,0
29,24,14,14,9,10,5,7,5,0,10,7,3,8,14,19,36,13,0,7,0,0,5,0
52,26,17,14,13,12,2,3,6,14,11,14,9,8,8,11,32,27,12,11,0,0,4,3
40,40,35,14,9,11,5,5,0,10,5,10,12,13,11,7,8,20,24,19,11,1,3,1
11,53,14,20,17,14,9,9,0,2,10,8,2,5,7,11,10,7,10,12,11,6,0,4

0,8,0,0,0,0,0,0,5,0,6,7,0,0,7,8,0,0,0,0,0,0,0,2
5,0,0,0,0,0,0,2,0,5,9,10,10,8,8,0,0,0,0,0,0,0,1,10
6,11,3,0,1,0,27,5,12,43,46,74,61,54,15,9,0,10,5,1,5,6,9,4
2,0,0,0,0,14,15,33,50,54,70,75,74,37,31,12,5,20,11,8,0,5,11,6
0,2,0,0,13,22,41,60,66,89,85,96,68,43,26,46,9,11,8,0,2,0,0,0
3,0,2,6,21,37,64,115,197,287,243,139,97,63,52,42,26,25,18,19,8,10,7,10
0,4,11,12,13,53,113,158,308,370,403,319,135,78,59,50,13,21,14,7,10,6,5,6
2,14,7,11,12,62,110,188,258,268,274,225,168,107,66,60,29,7,9,0,0,0,0,0
0,0,9,6,50,67,128,204,205,153,125,182,172,122,79,65,33,11,12,0,0,0,1,7
3,0,5,13,35,68,143,213,204,169,110,114,165,122,71,53,15,13,7,0,2,8,4,2
4,0,0,11,52,89,150,200,213,177,137,71,102,122,82,55,24,25,11,12,11,8,4,7
0,3,2,9,57,90,139,192,213,194,147,68,65,111,113,83,57,12,11,4,0,0,0,0
0,0,0,6,52,88,112,176,207,180,139,102,56,101,126,120,78,35,2,6,7,0,0,4
0,0,0,0,64,113,126,163,194,187,139,104,80,90,89,104,110,82,8,5,8,6,0,4
0,2,0,0,59,107,126,149,171,166,130,106,68,55,50,59,100,60,14,4,3,4,2,0
8,5,4,6,13,97,113,119,133,125,114,91,59,37,35,23,55,52,52,8,0,0,0,2
0,6,1,8,48,83,84,92,96,81,77,92,58,13,12,11,13,15,51,12,7,0,0,0
6,11,8,19,34,61,95,145,152,102,93,64,57,49,33,32,36,36,43,37,16,14,7,6
7,11,12,32,63,82,117,142,143,92,79,79,100,65,50,27,51,97,86,39,10,4,0,1
7,11,13,42,114,127,162,199,177,135,104,100,100,63,51,52,92,63,57,14,5,10,8,0
6,7,33,94,125,167,220,246,240,183,123,105,101,81,52,45,63,70,30,10,4,11,11,0
23,21,42,98,146,196,280,328,319,256,184,99,66,60,48,58,52,42,12,7,5,3,0,0
10,14,44,106,144,177,314,377,340,273,200,134,101,63,50,31,34,28,11,13,13,12,8,0
10,40,73,111,133,168,286,417,379,267,217,158,126,107,90,51,50,31,7,1,0,0,0,0
12,13,38,84,117,128,157,227,259,228,213,177,144,115,103,100,60,12,13,12,9,6,9,0
5,13,27,49,101,116,126,156,187,188,184,173,150,122,104,100,25,13,9,11,12,11,7,10
9,3,10,12,14,55,102,117,136,152,142,143,129,115,107,84,14,12,8,10,10,2,8,0
9,11,2,11,8,10,62,93,103,117,116,111,124,108,101,80,51,22,8,9,10,7,12,4
9,7,6,2,13,33,35,15,64,84,100,75,77,85,67,68,55,13,0,3,3,5,8,6
1,8,10,10,3,27,21,13,29,20,50,53,58,72,71,58,43,4,0,0,0,0,6,2
5,12,11,4,13,11,19,17,13,12,33,32,44,58,67,56,48,20,8,5,6,9,0,1
4,4,7,13,21,13,11,11,9,10,11,16,51,91,83,62,52,19,5,11,0,1,4,0
0,0,5,3,6,8,8,12,12,8,12,38,56,75,81,77,60,24,10,5,0,0,0,4
8,11,5,0,5,6,11,15,19,21,42,51,62,81,99,105,73,49,11,0,0,0,0,0
14,15,13,12,12,9,12,4,12,13,24,27,52,59,76,94,63,37,2,0,0,0,0,0
9,17,20,17,7,11,11,8,11,13,13,10,30,52,58,63,57,19,0,0,0,0,0,6
10,27,31,14,12,7,10,14,13,13,12,12,14,51,53,73,76,13,9,0,0,0,0,0
9,12,12,13,14,11,6,23,11,13,16,14,14,14,51,51,40,12,11,0,0,0,0,0
13,35,14,12,12,11,7,13,14,11,23,15,12,30,24,25,21,11,6,0,0,0,0,0
14,22,13,21,8,13,10,8,5,9,10,12,18,16,19,13,14,13,1,0,0,0,0,0
29,24,14,14,9,10,5,8,5,0,11,8,3,8,14,19,35,13,0,7,0,0,5,0
52,26,17,14,13,12,2,3,6,14,11,14,9,8,8,11,32,27,12,10,0,0,4,3
43,41,35,14,9,11,5,4,0,10,5,10,12,13,11,7,8,20,24,20,11,1,3,2
11,53,14,20,17,14,9,9,0,3,10,8,2,5,7,11,10,7,10,12,11,6,0,4

0,8,0,0,0,0,0,0,5,0,6,7,0,0,7,8,0,0,0,0,0,0,0,2
5,0,0,0,0,0,0,2,0,5,9,10,10,8,8,0,0,0,0,0,0,0,1,10
6,11,3,0,1,0,26,5,12,43,47,74,61,55,20,10,0,10,5,1,5,6,9,4
2,0,0,0,0,14,15,32,50,53,70,75,74,37,34,13,5,20,11,8,0,5,11,6
0,2,0,0,13,22,41,60,66,89,85,96,68,44,26,46,9,10,8,0,2,0,0,0
3,0,2,6,20,36,64,115,197,286,242,140,97,63,52,42,26,25,18,19,8,10,7,10
0,4,11,12,13,53,113,158,308,370,404,320,135,78,58,50,13,22,14,7,10,6,5,6
2,14,7,11,12,62,110,188,258,268,275,225,168,107,66,60,29,7,9,0,0,0,0,0
0,0,9,6,50,67,129,204,205,153,125,182,172,122,79,65,33,11,12,0,0,0,1,7
3,0,5,13,35,68,143,213,204,169,110,114,165,122,71,53,16,13,7,0,2,8,4,2
4,0,0,11,52,89,150,201,215,178,137,71,102,121,82,55,24,27,11,12,11,8,4,7
0,3,2,9,57,90,140,192,214,195,147,68,65,111,113,83,57,12,11,4,0,0,0,0
0,0,0,6,52,87,112,177,208,181,139,102,56,101,126,120,79,35,2,7,7,0,0,4
0,0,0,0,65,113,126,163,195,187,139,104,79,89,89,104,110,81,8,6,8,6,0,4
0,2,0,0,60,108,126,149,171,165,130,106,68,55,50,59,100,60,14,4,3,4,2,0
8,5,4,6,13,97,113,119,133,125,114,91,59,38,35,23,54,52,52,8,0,0,0,2
0,6,1,8,48,83,84,92,96,81,77,92,57,13,12,11,13,15,51,12,7,0,0,0
6,11,8,19,33,61,95,144,152,101,92,64,57,49,32,32,36,36,43,37,16,14,7,6
7,11,12,32,63,82,117,142,143,92,79,79,100,65,50,27,51,97,87,39,10,4,0,1
7,11,13,42,114,127,162,199,177,135,104,100,100,63,51,52,93,63,57,14,5,10,8,0
6,7,33,94,126,167,219,245,240,183,123,105,101,81,52,46,64,72,31,10,4,11,11,0
23,21,42,98,146,197,280,328,317,255,183,98,66,60,48,57,52,42,12,7,5,3,0,0
10,14,44,106,145,177,314,378,342,271,199,134,100,63,50,31,34,28,11,12,12,12,8,0
10,40,73,111,133,168,286,417,382,266,215,157,126,107,90,51,50,29,7,1,0,0,0,0
12,13,38,85,117,129,157,226,259,227,211,176,143,115,103,100,60,12,13,12,9,6,9,0
6,13,27,49,101,116,126,155,187,188,184,173,149,122,104,100,23,13,9,11,12,11,7,10
9,3,10,12,14,53,102,117,135,151,142,143,129,115,107,85,14,12,8,10,10,2,8,0
9,11,2,11,8,10,61,93,103,117,115,110,124,108,101,80,51,21,8,9,10,7,12,4
9,7,6,2,13,34,35,16,65,83,100,74,76,85,67,69,55,14,0,3,3,5,8,6
1,8,10,10,3,27,21,13,29,20,49,53,57,72,70,59,46,4,0,0,0,0,6,2
5,12,11,4,13,11,19,17,13,12,33,31,44,57,67,56,49,20,8,5,6,9,0,1
4,4,7,13,21,13,11,11,9,10,12,15,51,92,83,62,52,18,5,11,0,1,4,0
0,1,5,3,6,8,8,12,12,8,12,38,56,75,81,77,60,24,10,5,0,0,0,4
8,11,5,0,5,6,11,15,19,22,41,51,62,81,99,104,73,49,11,0,0,0,0,0
14,15,13,12,12,9,12,4,12,13,24,27,52,59,76,93,63,36,2,0,0,0,0,0
9,16,21,18,7,11,11,8,10,13,13,10,30,52,57,63,56,19,0,0,0,0,0,6
10,27,32,14,12,8,10,14,13,13,12,12,14,51,53,73,76,13,8,0,0,0,0,0
9,12,12,13,14,11,6,23,12,13,16,15,14,14,51,52,40,12,11,0,0,0,0,0
13,36,14,12,12,11,7,13,14,11,24,15,12,30,25,26,22,11,5,0,0,0,0,0
15,24,13,21,8,13,10,8,5,9,11,13,19,17,20,13,14,13,1,0,0,0,0,0
29,24,14,14,9,10,5,8,5,0,11,8,4,9,14,20,37,13,0,7,0,0,5,0
52,26,17,14,13,12,2,3,6,14,11,14,9,8,9,11,33,28,12,10,0,0,4,3
45,44,36,15,9,11,4,4,0,10,5,11,12,13,11,8,8,23,26,21,11,1,3,2
11,54,14,20,17,14,9,9,0,3,10,8,2,5,7,11,10,7,10,12,11,6,0,4

0,8,0,0,0,0,0,0,5,0,6,7,0,0,7,8,0,0,0,0,0,0,0,2
5,0,0,0,0,0,0,2,0,5,9,10,10,8,8,0,0,0,0,0,0,0,1,10
6,11,3,0,1,0,26,5,12,41,48,74,61,55,20,10,0,10,5,1,5,6,9,4
2,0,0,0,0,14,15,31,50,53,70,75,75,37,35,13,5,21,11,8,0,5,11,6
0,2,0,0,13,22,40,60,66,89,85,96,68,45,27,47,9,11,8,0,2,0,0,0
3,0,2,6,20,36,64,114,196,286,242,139,97,63,52,42,26,25,18,19,8,10,7,10
0,4,11,12,13,53,113,158,308,370,404,319,135,78,59,50,13,22,14,7,9,6,5,6
2,14,7,12,12,62,110,188,259,269,274,226,168,107,66,60,29,7,9,0,0,0,0,0
0,0,9,6,50,67,129,205,207,153,125,183,172,122,79,65,33,11,12,0,0,0,1,7
3,0,6,13,37,68,143,215,206,171,110,114,165,122,71,53,16,13,7,0,2,8,4,2
4,0,0,11,52,89,150,202,217,180,139,71,102,121,82,55,25,26,11,12,11,8,4,7
0,3,2,9,58,91,140,193,216,197,149,68,65,111,113,83,57,12,11,4,0,0,0,0
0,0,0,6,52,88,112,178,210,183,140,102,56,101,126,120,79,35,2,6,7,0,0,4
0,0,0,0,67,113,127,164,196,188,140,104,80,89,89,104,110,82,8,5,8,6,0,4
0,2,0,1,61,108,126,149,171,167,130,105,69,55,50,59,100,60,14,4,3,4,2,0
7,4,4,6,13,97,113,119,133,125,113,90,58,35,35,21,55,52,52,8,0,0,0,2
0,6,1,8,45,83,83,92,96,81,76,90,57,13,12,11,13,14,51,12,7,0,0,0
6,10,8,19,33,60,95,144,151,101,92,64,56,49,32,32,36,36,42,37,15,14,7,6
7,11,12,32,63,82,117,142,143,92,78,79,100,67,50,29,52,96,87,40,10,4,0,1
7,11,13,42,114,127,161,199,177,135,104,100,98,63,51,53,95,63,57,14,5,10,8,0
6,8,34,95,126,167,219,245,240,183,123,105,101,81,52,46,64,72,31,10,4,11,11,0
23,22,42,99,147,197,281,328,317,255,182,98,66,60,48,57,52,42,12,7,5,3,0,0
10,14,45,106,145,178,314,379,343,270,198,133,100,63,50,31,34,28,11,12,12,12,8,0
10,42,73,111,134,168,285,417,381,265,214,155,125,106,88,50,50,27,7,0,0,0,0,0
13,14,38,85,118,129,157,225,256,226,208,175,143,115,103,100,59,11,13,12,9,6,9,0
6,13,27,49,101,116,126,155,186,187,182,171,148,122,104,100,23,13,9,11,12,11,7,10
9,3,10,12,14,54,102,117,135,151,141,142,128,115,107,86,14,12,8,10,10,2,8,0
9,11,2,10,8,10,62,93,103,117,115,110,123,108,101,82,51,22,8,9,10,7,12,4
9,7,6,2,13,34,35,16,64,82,100,74,76,85,67,70,56,14,0,3,2,5,8,6
1,8,10,10,3,27,20,13,28,20,49,53,57,72,71,59,47,4,0,0,0,0,6,2
5,12,11,4,13,11,19,17,13,12,33,31,44,57,67,57,48,19,8,5,6,9,0,1
4,4,7,13,21,13,11,11,9,10,12,17,51,92,83,61,52,19,5,11,0,1,4,0
0,1,5,3,6,8,8,12,12,8,12,38,56,75,81,77,59,22,10,5,0,0,0,4
8,11,5,0,5,6,11,15,17,19,41,51,62,81,99,104,72,48,10,0,0,0,0,0
14,15,13,12,12,9,12,3,12,13,23,27,52,59,76,93,62,35,2,0,0,0,0,0
9,17,21,20,8,11,11,7,10,13,13,11,30,52,58,63,56,18,0,0,0,0,0,6
10,28,32,14,12,8,10,14,13,13,12,12,14,51,53,73,75,13,8,0,0,0,0,0
9,13,12,13,14,11,6,24,11,13,17,15,14,14,51,51,39,12,11,0,0,0,0,0
14,36,14,12,12,11,7,13,14,11,25,16,13,30,26,27,20,11,5,0,0,0,0,0
15,24,14,22,8,13,10,8,5,9,11,13,19,17,20,13,14,13,1,0,0,0,0,0
29,24,15,14,9,10,5,8,5,0,11,9,4,9,14,21,37,13,1,7,0,0,5,0
52,26,17,14,13,12,2,3,6,14,11,14,9,8,9,11,35,29,12,11,0,0,4,3
45,46,36,15,9,11,4,4,0,10,5,11,13,13,11,8,8,25,28,22,11,2,3,1
11,54,14,21,17,14,9,9,0,2,10,8,2,5,7,11,10,7,10,12,11,6,0,4

0,8,0,0,0,0,0,0,5,0,6,7,0,0,7,8,0,0,0,0,0,0,0,2
5,0,0,0,0,0,0,2,0,5,9,9,10,8,8,0,0,0,0,0,0,0,1,10
6,11,3,0,1,0,26,5,12,41,47,74,61,55,17,10,0,10,5,1,5,6,9,4
2,0,0,0,0,14,15,31,50,53,70,75,74,36,33,13,5,20,11,8,0,5,11,6
0,2,0,0,13,22,39,60,65,88,85,96,68,45,25,46,9,11,8,0,2,0,0,0
3,0,2,6,20,36,63,114,196,283,241,139,96,63,52,42,26,25,18,19,8,10,7,10
0,4,11,12,13,53,113,158,308,370,404,320,135,78,58,51,13,22,14,7,9,6,5,6
2,14,7,12,12,62,110,189,260,269,274,226,167,107,66,60,29,7,9,0,0,0,0,0
0,0,9,6,50,67,130,207,208,153,125,182,172,122,79,65,33,11,12,0,0,0,1,7
3,0,6,13,37,68,144,217,208,171,110,114,165,122,71,53,17,13,6,0,2,8,4,2
4,0,0,11,52,89,151,204,219,182,139,71,101,121,82,55,25,26,11,12,11,8,4,7
0,3,2,9,57,90,140,194,218,198,149,69,65,111,113,83,57,12,11,4,0,0,0,0
0,0,0,6,52,88,113,179,212,184,141,102,56,101,126,120,79,35,2,7,7,0,0,4
0,0,0,0,68,113,127,165,197,189,140,104,79,89,89,104,110,82,8,6,8,6,0,4
0,2,0,1,60,108,126,149,172,167,130,105,68,55,50,59,100,60,15,4,3,4,2,0
7,4,4,6,13,97,113,118,134,125,113,89,58,33,35,20,55,52,52,8,0,0,0,2
0,6,1,8,44,83,83,92,96,81,76,90,57,13,12,11,13,14,50,12,7,0,0,0
6,11,8,19,33,60,95,144,151,101,91,63,56,49,32,32,37,36,42,37,16,14,7,6
7,11,12,32,63,82,117,142,143,92,78,78,97,65,50,28,51,96,86,39,9,4,0,1
7,11,13,43,114,127,161,199,177,135,104,100,100,63,51,53,95,63,57,14,5,10,8,0
6,8,34,95,126,168,219,246,240,183,123,105,101,82,52,47,64,72,30,10,4,11,11,0
23,22,42,100,147,198,281,329,318,254,183,98,66,60,48,57,53,42,12,7,5,3,0,0
10,14,45,106,146,178,316,380,345,270,197,133,100,62,50,31,34,28,11,12,12,12,7,0
10,42,73,111,134,169,285,416,382,264,213,155,125,106,90,50,50,27,7,0,0,0,0,0
13,14,38,85,118,129,157,224,256,225,207,174,142,115,103,100,59,11,12,12,9,6,9,0
6,13,26,49,101,116,126,155,185,186,181,169,147,122,104,100,25,13,9,11,12,11,7,10
9,3,10,12,14,53,102,117,135,150,141,141,128,115,107,86,14,12,8,10,10,1,8,0
9,11,2,11,8,10,61,93,103,116,115,109,123,108,101,83,51,21,8,8,10,7,12,4
9,7,6,2,13,34,35,17,64,83,100,74,76,85,67,71,56,13,0,3,2,4,8,6
1,8,10,10,3,27,21,13,29,20,49,53,57,71,72,59,48,4,0,0,0,0,5,2
5,12,11,4,13,11,19,17,13,12,33,32,44,57,67,56,48,19,8,5,6,9,0,1
4,4,7,13,22,14,11,11,9,10,12,16,51,92,83,61,52,17,5,11,0,1,4,0
0,1,5,3,6,8,8,12,12,7,12,39,56,75,81,76,59,22,10,5,0,0,0,4
8,11,6,0,5,6,11,15,17,21,41,51,62,81,99,104,72,48,10,0,0,0,0,0
14,16,14,12,12,9,12,3,12,13,23,27,52,59,76,92,62,35,2,0,0,0,0,0
9,17,21,21,8,11,12,7,10,13,13,11,31,52,57,62,56,17,0,0,0,0,0,6
10,27,32,14,12,8,10,14,13,13,13,12,14,51,53,73,75,13,8,0,0,0,0,0
9,13,12,13,14,11,6,24,11,13,16,15,14,14,51,51,39,12,11,0,0,0,0,0
14,36,14,12,12,11,7,13,14,11,24,16,13,30,26,27,20,11,5,0,0,0,0,0
15,25,14,24,8,13,10,8,5,9,11,13,19,17,20,14,14,13,1,0,0,0,0,0
29,24,15,14,9,10,5,8,5,0,11,9,4,9,14,21,37,13,0,7,0,0,5,0
52,26,18,14,13,12,2,3,6,14,11,14,9,8,9,11,35,29,12,11,0,0,4,3
45,46,37,15,9,11,4,4,0,10,5,11,13,13,11,8,8,26,29,23,11,2,3,2
11,54,14,21,17,14,9,9,0,3,10,8,2,5,7,11,11,7,11,12,11,6,0,4

0,8,0,0,0,0,0,0,5,0,6,7,0,0,7,8,0,0,0,0,0,0,0,2
5,0,0,0,0,0,0,2,0,5,9,10,10,8,8,0,0,0,0,0,0,0,1,10
6,11,3,0,1,0,27,5,12,41,47,74,61,55,24,10,0,10,5,1,5,6,9,4
2,0,0,0,0,14,15,32,50,53,70,75,74,37,36,13,5,20,11,8,0,5,11,6
0,2,0,0,13,22,39,60,65,88,84,95,68,44,27,47,9,11,8,0,2,0,0,0
3,0,2,6,21,36,63,114,195,283,240,139,97,63,52,42,26,25,19,18,8,10,7,10
0,4,11,12,13,53,113,158,308,370,405,319,135,78,58,50,13,22,14,7,9,6,5,6
2,14,7,12,12,62,110,189,260,269,274,225,167,107,66,60,29,7,9,0,0,0,0,0
0,0,9,6,50,67,130,206,208,153,125,182,172,122,79,65,33,11,12,0,0,0,1,6
3,0,6,13,37,68,144,217,208,171,110,114,165,122,71,53,16,13,6,0,2,8,4,2
4,0,0,11,52,89,151,204,219,182,139,71,102,121,82,55,24,26,11,12,11,8,4,7
0,3,2,9,57,90,140,194,217,198,150,68,65,111,113,83,57,12,11,4,0,0,0,0
0,0,0,6,52,87,112,179,212,184,141,102,56,101,126,120,79,36,2,6,7,0,0,4
0,0,0,0,65,113,127,164,196,189,140,104,80,90,89,104,110,82,8,6,8,6,0,4
0,2,0,0,59,107,126,149,172,168,130,105,68,55,50,59,100,60,14,4,3,4,2,0
7,4,4,7,13,96,113,118,134,125,113,90,58,35,35,20,54,52,52,8,0,0,0,2
0,6,1,8,41,83,83,92,96,81,76,90,57,13,12,11,13,14,51,12,7,0,0,0
6,11,8,19,33,60,95,143,151,101,91,63,56,48,32,32,37,36,43,37,16,14,7,6
7,11,12,32,63,82,117,142,143,92,78,78,97,66,50,27,52,96,86,39,10,4,0,1
7,11,13,42,114,127,162,199,178,135,104,100,100,63,51,53,96,63,57,14,6,10,8,0
7,8,34,95,126,168,220,246,241,185,123,105,101,81,52,46,64,70,30,10,4,11,11,0
23,22,42,100,147,198,282,330,319,255,183,98,66,60,48,57,53,43,12,7,5,3,0,0
10,14,45,106,146,179,317,381,346,270,197,133,100,62,50,31,34,28,11,12,12,11,8,0
10,43,73,112,134,170,286,418,382,263,213,154,125,106,90,51,48,27,7,0,0,0,0,0
13,14,38,86,118,129,157,225,255,224,207,173,142,115,103,100,59,11,12,12,9,6,9,0
6,13,27,50,101,116,127,155,185,186,181,169,147,122,104,100,23,13,9,11,12,11,7,10
9,3,10,12,14,54,102,117,135,150,141,141,128,115,107,85,14,12,8,10,10,1,8,0
9,11,2,11,8,10,62,93,103,117,115,109,123,108,101,83,51,22,8,8,10,7,12,4
9,7,6,2,13,34,34,18,65,82,100,74,75,85,67,71,55,13,0,3,2,4,8,6
1,8,10,10,3,27,20,13,28,20,50,53,57,71,71,59,48,4,0,0,0,0,5,2
5,12,11,4,13,11,19,17,13,12,34,31,44,57,66,56,48,18,7,5,6,9,0,1
4,4,7,13,22,14,11,11,9,10,12,16,51,92,83,61,52,18,5,11,0,1,4,0
0,1,6,3,6,8,8,12,11,7,12,38,56,75,81,76,59,21,10,5,0,0,0,4
8,11,6,0,5,6,11,15,17,19,41,51,62,81,98,103,71,48,10,0,0,0,0,0
14,16,14,12,12,9,13,2,12,13,22,27,52,59,76,92,62,33,1,0,0,0,0,0
9,17,21,22,8,11,12,7,10,13,13,11,31,52,57,62,56,16,0,0,0,0,0,6
10,28,33,14,12,8,10,14,13,13,13,12,14,51,53,73,74,13,8,0,0,0,0,0
9,13,13,13,14,11,6,23,11,13,17,15,14,14,51,51,37,12,11,0,0,0,0,0
14,37,14,12,12,11,7,13,14,11,25,16,13,30,25,28,20,11,5,0,0,0,0,0
15,25,14,24,8,13,10,8,5,9,12,13,19,17,21,14,14,13,1,0,0,0,0,0
29,24,14,14,9,10,5,8,5,0,11,9,4,9,14,21,37,13,0,7,0,0,5,0
52,26,18,14,13,12,2,3,6,14,11,14,9,8,9,11,35,29,12,11,0,0,4,3
46,47,37,15,9,11,4,4,0,10,5,10,12,13,11,8,8,25,29,23,11,2,3,2
11,54,14,22,17,14,9,9,0,3,10,8,2,5,7,11,11,7,11,12,11,6,0,4

0,8,0,0,0,0,0,0,5,0,6,7,0,0,7,8,0,0,0,0,0,0,0,2
5,0,0,0,0,0,0,2,0,5,9,10,10,8,8,0,0,0,0,0,0,0,1,10
6,11,3,0,1,0,26,4,12,40,45,74,61,55,24,10,0,10,5,1,5,6,9,4
2,0,0,0,0,14,15,32,50,53,70,75,75,39,37,13,5,21,11,8,0,5,11,6
0,2,0,0,13,22,40,60,66,88,84,96,68,43,27,47,9,11,8,0,2,0,0,0
3,0,2,6,20,36,63,114,195,283,240,139,96,63,52,42,26,25,19,19,8,10,7,10
0,4,11,12,13,53,113,157,308,370,404,319,135,78,58,50,13,22,14,7,9,6,5,6
2,14,7,12,12,62,110,189,259,269,275,225,167,107,66,60,29,7,9,0,0,0,0,0
0,0,9,6,50,68,130,206,208,153,125,182,172,121,79,65,33,11,12,0,0,0,1,7
3,0,6,13,38,68,144,217,208,171,110,114,165,122,71,54,16,13,6,0,2,8,4,2
4,0,0,11,52,89,151,205,219,182,139,71,102,121,82,55,25,26,11,12,11,8,4,7
0,3,2,9,57,90,140,195,218,199,150,68,65,111,113,83,57,12,11,4,0,0,0,0
0,0,0,6,52,87,112,179,212,184,141,102,56,101,126,120,79,35,2,6,7,0,0,4
0,0,0,0,65,113,127,165,197,189,140,104,80,89,89,104,110,82,8,6,8,6,0,4
0,2,0,0,59,107,126,149,172,168,130,105,69,55,50,59,100,60,14,4,3,4,2,0
8,4,4,6,13,96,113,118,134,125,114,89,58,35,33,20,55,52,52,8,0,0,0,2
0,6,1,8,41,83,83,92,96,81,76,90,57,13,12,11,12,14,52,12,7,0,0,0
6,11,8,19,33,60,94,143,151,101,91,63,56,49,32,32,37,36,42,37,16,14,7,6
7,11,12,32,63,82,117,142,143,92,78,78,97,66,50,28,52,96,86,40,10,4,0,1
7,11,13,42,114,127,162,199,177,135,104,100,100,63,51,53,96,63,57,14,5,10,8,0
7,8,34,94,126,168,220,246,241,184,123,105,101,81,52,46,64,71,31,10,4,11,11,0
23,22,42,100,147,198,282,330,319,255,184,98,65,60,48,58,53,42,12,7,5,3,0,0
10,14,45,106,146,179,317,382,346,271,197,133,100,63,49,31,34,27,11,12,12,12,7,0
10,42,73,112,134,170,287,419,383,265,212,154,125,106,88,51,48,28,7,0,0,0,0,0
13,14,38,85,118,129,157,225,255,225,207,173,142,115,103,100,57,11,12,12,9,6,9,0
6,13,27,49,101,117,127,155,186,186,181,169,147,121,104,100,23,13,9,10,12,11,7,10
9,3,10,12,14,54,102,117,135,150,141,141,128,115,107,85,14,12,8,10,10,1,8,0
9,11,2,11,8,10,61,94,103,117,115,109,123,108,101,83,51,22,8,8,10,7,12,4
9,7,6,2,13,34,34,18,63,82,100,73,75,85,67,71,56,13,0,3,2,4,8,6
1,8,10,10,2,27,21,13,28,20,49,53,57,71,71,59,48,3,0,0,0,0,5,2
5,12,11,4,13,11,19,17,13,12,34,32,44,57,66,56,48,19,7,5,6,9,0,1
4,4,7,13,22,14,11,11,9,10,12,17,51,91,83,61,52,17,5,11,0,1,4,0
0,1,6,4,6,8,8,12,12,7,12,39,56,75,81,76,59,22,10,5,0,0,0,4
8,12,6,0,5,6,11,15,17,18,40,51,62,81,98,103,72,48,10,0,0,0,0,0
14,17,14,12,12,9,13,2,12,12,23,27,52,59,75,92,62,34,1,0,0,0,0,0
10,17,22,24,8,11,12,7,10,13,13,11,30,52,57,62,56,17,0,0,0,0,0,6
11,28,33,14,12,8,11,14,13,13,13,12,14,51,53,72,74,13,8,0,0,0,0,0
9,13,13,13,14,11,6,24,11,13,16,15,14,14,51,51,37,12,11,0,0,0,0,0
14,36,14,13,12,11,7,13,14,11,25,15,13,30,26,26,20,11,5,0,0,0,0,0
15,26,14,22,8,13,10,8,5,9,11,13,19,17,20,14,14,13,1,0,0,0,0,0
29,24,15,14,9,10,5,8,5,0,11,9,4,9,14,21,37,13,0,7,0,0,5,0
52,26,18,14,13,12,2,3,6,14,11,14,9,8,9,11,35,29,12,11,0,0,4,3
46,47,37,15,9,11,4,4,0,10,5,10,12,13,11,8,8,25,29,23,11,2,3,2
11,54,14,21,17,14,9,9,0,3,10,8,2,5,7,11,11,7,11,12,11,6,0,4

0,8,0,0,0,0,0,0,5,0,6,7,0,0,7,8,0,0,0,0,0,0,0,2
5,0,0,0,0,0,0,2,0,5,9,10,10,8,8,0,0,0,0,0,0,0,1,10
6,11,3,0,1,0,27,5,12,44,48,75,61,55,24,10,0,10,5,1,5,6,9,4
2,0,0,0,0,14,15,32,50,54,70,75,75,37,38,13,5,20,11,8,0,5,11,6
0,2,0,0,13,22,39,60,65,88,84,95,68,44,27,46,9,11,8,0,2,0,0,0
3,0,2,6,21,36,64,114,195,283,239,139,96,63,52,42,26,25,18,19,8,10,7,10
0,4,11,12,13,53,113,158,308,370,404,319,134,78,58,50,13,22,14,7,9,6,5,6
2,14,7,12,12,62,110,189,259,269,275,225,167,107,66,60,29,7,9,0,0,0,0,0
0,0,9,7,50,68,130,207,208,153,125,182,171,121,79,65,33,11,12,0,0,0,1,7
3,0,6,13,39,68,144,217,208,171,110,114,164,121,71,53,16,13,6,0,2,8,4,2
4,0,0,11,52,89,152,205,220,182,139,71,102,121,82,55,24,25,11,12,11,8,4,7
0,3,2,10,58,91,141,195,218,199,150,68,65,111,113,82,57,12,11,4,0,0,0,0
0,0,0,6,52,88,113,180,212,184,141,102,56,101,126,120,78,35,2,6,7,0,0,4
0,0,0,0,65,113,127,165,197,189,140,104,79,89,89,104,110,81,8,6,8,6,0,4
0,2,0,0,60,107,126,149,172,168,130,105,68,55,50,59,100,60,14,4,3,4,2,0
7,4,4,6,13,96,113,118,134,125,113,89,58,33,33,20,54,52,52,8,0,0,0,2
0,6,1,8,41,83,83,91,96,81,76,90,57,13,12,11,13,14,50,12,7,0,0,0
6,11,8,19,33,60,94,143,151,101,91,63,56,48,32,32,36,36,43,37,15,14,7,6
7,11,12,32,63,82,116,142,143,92,78,78,97,66,50,28,51,95,86,40,9,4,0,1
7,11,13,43,114,127,162,199,178,135,104,100,100,63,51,53,96,63,57,14,5,10,8,0
7,8,34,95,126,168,220,246,241,185,124,105,101,82,52,45,64,70,31,10,4,11,11,0
23,22,42,99,147,198,282,330,320,257,184,98,65,59,48,58,53,42,12,7,5,3,0,0
10,14,45,106,146,179,317,382,346,272,198,133,100,63,50,31,34,27,11,12,13,12,8,0
10,42,73,111,134,170,287,419,384,266,213,154,125,106,88,50,50,27,7,0,0,0,0,0
13,14,38,85,118,129,157,225,256,225,207,173,142,115,103,100,59,11,12,12,9,6,9,0
6,13,27,49,101,116,127,155,186,187,182,170,147,121,104,100,20,13,9,10,12,11,7,10
9,3,10,12,14,53,102,117,135,150,141,142,128,115,107,84,14,12,8,10,10,1,8,0
9,11,2,11,8,10,61,93,103,117,115,109,123,108,101,82,51,21,8,8,10,7,12,4
9,7,6,2,13,34,36,21,65,83,100,74,76,85,67,71,56,13,0,3,2,4,8,6
1,8,10,10,2,27,21,13,29,20,49,53,57,71,70,59,48,3,0,0,0,0,5,2
5,12,11,4,13,11,19,17,13,12,33,32,44,57,66,56,48,18,7,5,6,9,0,1
4,4,7,13,22,14,11,10,9,10,11,18,51,91,82,61,52,16,5,11,0,1,4,0
0,1,6,4,7,8,8,12,12,7,12,39,56,75,81,76,59,21,10,5,0,0,0,4
9,12,6,0,5,6,11,15,17,19,40,51,62,81,98,103,71,48,10,0,0,0,0,0
14,17,14,12,12,9,13,2,12,13,25,27,52,59,75,91,62,33,1,0,0,0,0,0
10,17,22,23,8,11,12,7,9,13,13,11,31,52,57,62,56,16,0,0,0,0,0,6
11,28,33,14,12,9,10,14,13,13,12,12,14,51,53,72,74,13,8,0,0,0,0,0
9,13,13,13,14,11,6,24,12,13,16,15,14,14,51,51,37,12,11,0,0,0,0,0
14,37,14,13,12,11,7,13,14,11,24,16,12,30,25,27,20,11,5,0,0,0,0,0
15,26,14,24,8,13,10,8,5,9,11,13,18,17,20,13,14,13,1,0,0,0,0,0
29,24,16,14,9,10,6,8,5,0,11,9,4,9,14,21,38,14,1,7,0,0,5,0
52,26,18,14,13,12,2,3,6,14,11,14,9,8,9,11,35,29,12,11,0,0,4,3
47,47,37,15,9,11,4,4,0,10,5,10,12,13,11,8,8,25,29,23,11,2,3,2
11,54,14,21,17,14,9,9,0,2,10,8,2,5,7,11,11,7,11,12,11,6,0,4

0,8,0,0,0,0,0,0,5,0,7,7,0,0,7,8,0,0,0,0,0,0,0,2
5,0,0,0,0,0,0,2,0,5,9,9,10,8,8,0,0,0,0,0,0,0,0,10
6,11,3,0,1,0,27,4,12,41,48,73,61,55,27,10,0,10,5,1,5,6,9,4
2,0,0,0,0,14,15,31,50,53,70,74,75,37,40,13,5,20,11,8,0,5,11,6
0,2,0,0,13,22,40,60,66,88,84,96,68,44,28,48,9,11,8,0,2,0,0,0
3,0,2,6,20,36,63,114,195,283,239,139,96,63,52,42,26,25,19,18,8,10,7,10
0,4,11,12,13,53,113,158,308,370,405,318,134,78,58,51,13,22,14,7,9,6,5,6
2,14,7,12,12,62,110,189,259,268,275,224,167,107,66,60,30,7,9,0,0,0,0,0
0,0,9,6,50,68,130,206,207,153,125,182,171,121,79,65,33,11,12,0,0,0,1,7
3,0,6,13,39,68,144,217,208,171,110,114,164,121,71,53,16,13,7,0,2,8,4,2
4,0,0,11,52,89,152,205,219,182,139,71,102,121,82,55,25,26,11,12,11,8,4,7
0,4,2,10,57,91,140,195,218,198,150,68,65,111,113,82,57,12,11,4,0,0,0,0
0,0,0,6,53,88,113,180,212,184,141,102,56,101,126,120,78,35,2,6,7,0,0,4
0,0,0,0,65,113,127,166,197,189,140,104,80,89,89,104,110,81,8,5,8,6,0,4
0,2,0,0,60,107,126,149,172,168,130,105,69,55,50,59,100,60,14,4,3,4,2,0
7,4,4,6,13,96,113,118,134,125,113,90,58,33,33,20,54,52,52,8,0,0,0,2
0,6,1,8,41,83,83,91,96,81,76,90,57,13,12,11,13,14,50,12,7,0,0,0
6,11,8,19,33,60,94,143,151,101,92,63,56,49,32,32,36,36,42,37,16,14,7,6
7,11,12,32,62,82,116,142,143,92,78,78,98,67,50,28,52,95,86,41,9,4,0,1
7,11,13,41,114,127,161,199,178,135,104,100,100,63,51,53,96,63,57,14,5,10,8,0
7,8,33,94,126,168,220,246,241,185,124,105,101,81,52,46,64,71,31,10,4,11,11,0
23,22,42,99,147,198,282,330,319,257,185,99,65,60,48,57,53,42,12,7,5,3,0,0
10,14,45,106,146,179,318,383,348,271,198,133,100,63,50,31,34,27,11,12,12,12,7,0
10,42,73,111,134,169,286,418,384,265,212,154,125,106,90,50,48,25,7,0,0,0,0,0
13,14,38,85,118,129,157,224,256,225,207,173,142,115,103,100,59,11,12,12,9,6,9,0
6,13,27,49,101,116,127,155,185,186,182,170,147,121,104,100,22,13,9,10,12,11,7,10
9,3,10,12,15,54,102,117,135,151,141,142,128,115,107,85,14,12,8,10,10,1,8,0
9,11,2,11,8,10,61,93,103,117,115,109,123,108,101,83,51,22,8,8,10,7,12,4
9,7,6,2,13,34,36,20,65,83,100,74,76,85,67,71,56,13,0,3,2,4,8,6
1,8,10,10,2,27,21,13,29,20,49,53,57,71,71,59,47,3,0,0,0,0,5,2
5,12,11,4,13,11,19,17,14,12,33,32,44,57,66,56,49,18,7,4,6,9,0,1
4,4,8,13,22,14,11,10,9,10,12,19,51,92,82,61,52,16,4,11,0,1,4,0
0,1,6,4,6,8,8,12,12,8,12,39,56,75,81,76,59,22,10,4,0,0,0,4
9,12,6,0,5,6,11,15,17,20,41,51,62,81,98,103,71,48,10,0,0,0,0,0
14,17,14,12,12,9,13,2,11,12,25,27,52,59,75,91,62,34,1,0,0,0,0,0
10,17,22,23,8,12,12,7,9,13,13,11,32,52,57,62,56,16,0,0,0,0,0,6
11,28,33,14,12,9,10,14,13,13,13,12,15,51,53,72,74,13,8,0,0,0,0,0
9,13,13,13,14,11,6,23,11,13,16,14,14,14,51,51,37,12,11,0,0,0,0,0
14,37,14,13,12,11,8,13,14,11,25,16,13,32,26,28,20,11,5,0,0,0,0,0
15,26,14,24,9,13,10,8,5,9,11,13,18,17,21,14,14,13,1,0,0,0,0,0
29,24,17,14,9,11,5,8,5,0,11,9,4,9,14,22,38,13,1,7,0,0,5,0
52,26,18,14,13,12,2,3,6,14,11,14,9,8,9,11,35,29,12,11,0,0,4,3
47,48,37,15,9,11,4,4,0,10,5,10,12,13,11,8,8,26,29,23,11,1,3,2
11,55,14,22,17,14,9,9,0,2,10,8,2,5,7,11,11,7,11,12,11,6,0,4

0,8,0,0,0,0,0,0,5,0,6,7,0,0,7,8,0,0,0,0,0,0,0,2
5,0,0,0,0,0,0,2,0,5,9,10,10,8,8,0,0,0,0,0,0,0,1,10
6,11,3,0,1,0,27,5,12,43,45,75,61,55,26,10,0,10,5,1,5,6,9,4
2,0,0,0,0,14,15,32,50,54,70,75,75,37,39,13,5,20,11,8,0,5,11,6
0,2,0,0,13,22,41,59,66,88,84,96,68,44,27,47,9,11,8,0,2,0,0,0
3,0,2,6,20,36,63,114,195,282,239,138,96,63,52,42,26,25,18,18,8,10,7,10
0,4,11,12,13,53,113,158,308,370,404,318,134,78,58,50,13,21,14,7,9,6,5,6
2,14,7,12,12,62,110,189,259,269,275,225,167,107,66,60,29,7,9,0,0,0,0,0
0,0,9,7,50,68,130,207,208,153,125,182,171,121,79,65,33,11,12,0,0,0,1,7
3,0,6,13,39,68,144,218,209,171,110,114,164,121,71,53,16,13,6,0,2,8,4,2
4,0,0,11,52,89,152,206,220,182,139,71,102,121,82,55,24,26,11,12,11,8,4,7
0,4,2,10,58,91,141,196,219,199,150,68,65,111,113,83,57,12,11,4,0,0,0,0
0,0,0,6,52,88,113,180,213,184,141,102,56,101,126,120,78,35,2,6,7,0,0,4
0,0,0,0,66,113,127,165,197,189,141,104,79,90,89,104,110,81,8,5,8,6,0,4
0,2,0,0,60,107,126,149,172,168,130,105,69,55,50,59,100,60,14,4,3,4,2,0
7,4,4,6,13,96,113,118,134,125,113,89,58,33,32,19,54,52,52,8,0,0,0,2
0,6,1,8,41,83,83,91,96,81,76,90,57,13,12,11,13,14,51,12,7,0,0,0
6,11,8,19,33,60,94,143,151,101,91,63,56,49,32,32,36,36,42,37,15,14,7,6
7,11,12,32,62,82,116,141,143,92,78,78,97,66,50,27,52,95,86,39,9,4,0,1
7,11,13,42,114,127,162,199,178,135,104,100,100,63,51,53,96,63,57,14,5,10,8,0
7,8,34,95,126,168,220,246,242,185,124,105,101,81,52,47,63,71,31,10,4,11,11,0
23,22,42,99,147,199,283,331,319,256,185,98,66,59,48,57,53,42,12,7,5,3,0,0
10,14,45,106,146,180,318,384,348,271,198,133,100,62,49,31,34,27,11,12,12,11,8,0
10,43,73,111,134,170,287,420,383,266,212,154,125,106,90,50,50,27,7,0,0,0,0,0
13,14,38,85,118,129,157,224,256,225,206,173,141,114,103,100,57,11,12,12,9,6,9,0
6,13,27,50,101,116,127,155,185,187,182,170,147,121,104,100,22,13,9,10,12,11,7,10
9,3,10,12,14,54,102,117,135,150,141,141,128,114,106,84,14,12,8,10,10,1,8,0
9,11,2,11,8,10,61,93,103,117,115,109,123,108,101,83,51,21,8,8,10,7,12,4
9,7,6,2,13,34,35,20,64,83,99,74,75,85,67,71,55,13,0,3,2,4,8,6
1,8,10,10,3,27,21,13,29,20,49,53,57,71,70,59,47,3,0,0,0,0,5,2
5,12,11,4,13,11,19,17,14,12,34,32,44,57,67,56,48,18,7,4,6,9,0,1
4,4,8,13,22,14,11,11,9,10,12,18,51,93,83,61,52,16,4,11,0,1,4,0
0,1,6,4,7,8,8,12,12,8,12,40,56,75,81,76,59,20,10,4,0,0,0,4
9,12,6,0,5,6,11,15,18,21,41,51,62,81,98,103,71,47,10,0,0,0,0,0
14,17,14,12,12,9,13,2,12,12,23,27,52,59,75,91,61,33,1,0,0,0,0,0
10,17,22,23,8,12,12,7,9,13,13,11,32,52,57,62,56,15,0,0,0,0,0,6
11,28,33,14,12,9,10,14,13,13,13,12,15,51,53,72,73,13,8,0,0,0,0,0
9,13,13,13,14,11,6,24,11,13,16,15,14,14,51,51,36,12,11,0,0,0,0,0
14,37,14,13,13,11,8,13,14,11,25,16,12,30,26,28,20,11,5,0,0,0,0,0
15,26,14,25,8,13,10,8,5,9,11,13,18,17,21,14,14,13,1,0,0,0,0,0
29,25,16,14,9,11,5,8,5,0,11,9,4,9,14,22,37,13,1,7,0,0,5,0
52,27,18,14,13,12,2,3,6,14,11,14,9,8,9,11,36,30,12,11,0,0,4,3
47,49,37,15,9,11,4,4,0,10,5,10,12,13,11,8,9,25,28,22,11,2,3,2
11,55,15,22,17,14,9,9,0,2,10,8,2,5,7,11,11,7,11,12,11,6,0,4

0,8,0,0,0,0,0,0,5,0,6,7,0,0,7,8,0,0,0,0,0,0,0,2
5,0,0,0,0,0,0,2,0,5,9,10,10,8,8,0,0,0,0,0,0,0,1,10
6,11,3,0,1,0,26,5,12,41,47,75,61,55,26,10,0,10,5,1,5,6,9,4
2,0,0,0,0,14,15,32,50,53,70,74,75,38,40,13,5,20,11,8,0,5,11,6
0,2,0,0,13,22,39,60,65,88,84,96,68,44,27,47,9,11,8,0,2,0,0,0
3,0,2,6,21,36,64,114,195,283,239,139,96,63,52,42,26,25,19,18,8,10,7,10
0,4,11,12,13,53,113,158,308,369,404,318,135,78,58,50,13,22,14,7,9,6,5,6
2,14,7,12,12,63,111,189,261,269,275,225,167,107,66,60,30,8,9,0,0,0,0,0
0,0,9,6,50,68,131,206,208,154,125,183,172,121,79,65,33,11,12,0,0,0,1,7
3,0,6,13,39,68,145,218,209,172,110,114,164,121,71,54,16,13,6,0,2,8,4,2
4,0,0,11,52,89,152,205,219,181,138,71,101,121,82,55,24,25,11,12,11,9,4,7
0,4,2,10,57,90,140,194,217,198,149,68,65,111,113,82,57,12,11,4,0,0,0,0
0,0,0,6,52,87,111,178,211,184,142,102,56,101,126,120,78,35,2,6,7,0,0,4
0,0,0,0,65,113,126,164,196,191,142,105,80,89,89,104,110,81,8,5,8,6,0,4
0,2,0,0,60,107,126,149,173,168,132,106,69,55,50,59,100,60,14,4,3,4,2,0
8,4,4,7,13,97,113,119,134,126,114,91,59,36,32,19,55,52,52,9,0,0,0,2
0,6,1,8,46,83,83,92,97,81,76,91,57,13,12,11,12,14,51,12,7,0,0,0
6,11,8,19,33,61,95,144,152,101,92,64,56,49,32,32,36,36,42,37,16,14,7,6
7,11,12,32,63,82,117,142,143,92,78,78,99,66,50,27,51,94,86,40,9,4,0,1
7,11,13,43,114,127,162,200,177,135,104,100,98,63,51,53,94,62,57,14,5,10,8,0
7,8,34,95,126,168,220,246,241,184,123,105,100,81,52,45,63,70,30,10,4,11,11,0
24,22,42,100,148,199,283,331,319,256,184,98,65,60,48,57,52,41,12,7,5,3,0,0
10,14,45,106,146,180,319,386,348,271,198,133,100,62,49,31,34,27,11,12,12,11,7,0
10,43,73,112,134,170,288,420,384,265,212,154,125,106,90,50,48,25,7,0,0,0,0,0
13,14,38,85,118,129,158,225,255,225,207,173,141,114,103,100,57,11,12,12,9,6,9,0
6,13,27,49,101,117,127,155,186,186,181,169,147,121,104,100,22,13,9,10,12,11,7,10
9,3,10,12,14,54,102,117,135,150,141,141,128,114,106,84,14,12,8,10,10,1,8,0
9,11,2,11,8,11,61,93,103,117,115,109,123,108,101,83,51,21,8,8,10,6,12,4
9,7,6,3,13,34,35,21,64,82,100,73,75,85,67,71,55,13,0,3,2,4,8,6
1,8,10,10,3,27,21,14,29,20,50,53,57,71,72,59,47,3,0,0,0,0,5,2
5,12,11,4,13,11,19,17,14,12,34,31,44,57,66,56,48,17,7,4,6,9,0,1
4,4,8,13,22,14,11,11,9,10,12,21,51,94,83,61,51,16,4,11,0,1,4,0
0,1,6,4,6,8,8,12,12,7,12,39,57,75,81,76,59,20,10,4,0,0,0,4
9,12,6,0,4,6,11,15,17,20,41,51,62,81,98,103,71,48,10,0,0,0,0,0
14,17,14,12,12,9,13,2,11,12,25,27,52,59,75,91,61,33,1,0,0,0,0,0
10,17,22,23,8,12,12,7,9,13,13,11,33,52,57,62,55,15,0,0,0,0,0,6
11,28,33,14,13,9,10,14,13,13,13,12,15,51,53,72,73,13,8,0,0,0,0,0
9,13,13,13,14,11,6,23,11,13,16,15,14,14,51,51,37,12,11,0,0,0,0,0
14,38,14,13,13,11,8,13,14,11,25,16,12,30,27,28,20,11,5,0,0,0,0,0
15,26,14,24,8,14,10,8,5,9,12,13,18,17,21,14,15,13,1,0,0,0,0,0
29,24,17,14,9,11,6,8,5,1,11,9,4,9,14,22,38,14,1,7,0,0,5,0
52,26,18,14,13,12,2,3,6,14,11,14,9,8,9,11,36,30,12,11,0,0,4,3
48,49,37,15,9,11,4,4,0,10,5,10,12,13,11,8,8,25,29,23,11,1,3,2
11,55,15,22,17,14,9,9,0,3,10,8,2,5,7,11,11,7,11,12,11,6,0,4

0,8,0,0,0,0,0,0,5,0,7,7,0,0,7,8,0,0,0,0,0,0,0,2
4,0,0,0,0,0,0,2,0,5,9,10,10,8,8,0,0,0,0,0,0,0,1,10
6,11,3,0,1,0,26,4,12,41,47,75,61,55,31,10,0,10,5,1,5,6,9,4
2,0,0,0,0,14,16,33,50,54,70,75,75,38,43,13,5,21,11,8,0,5,11,6
0,2,0,0,13,22,38,60,65,88,84,96,68,45,30,48,9,11,8,0,2,0,0,0
3,0,2,6,21,36,64,115,196,283,240,139,96,63,52,42,26,25,19,18,8,10,7,10
0,4,11,12,13,53,113,158,308,370,404,318,135,78,58,51,13,22,14,7,9,6,5,6
2,14,7,12,12,63,111,189,259,269,275,225,167,107,66,60,30,7,9,0,0,0,0,0
0,0,9,6,50,68,130,205,207,154,126,182,172,121,79,65,33,11,12,0,0,0,1,7
3,0,6,13,38,68,145,216,207,171,110,114,164,121,71,54,15,13,6,0,2,8,4,2
4,0,0,11,52,89,151,203,217,180,138,71,101,121,82,55,24,26,11,12,11,9,4,7
0,3,2,9,57,90,139,193,215,197,148,68,65,111,113,82,57,12,11,4,0,0,0,0
0,0,0,6,52,86,111,176,210,183,141,102,56,101,126,120,78,35,2,6,7,0,0,4
0,0,0,0,62,112,125,162,196,192,142,105,80,90,89,104,110,81,8,5,8,6,0,4
0,2,0,0,58,107,125,149,172,169,132,106,69,55,50,59,100,60,14,4,3,4,2,0
8,5,4,6,13,97,113,119,134,126,115,92,59,36,32,19,54,52,52,8,0,0,0,2
0,6,1,8,49,83,84,92,97,81,77,92,58,13,12,11,12,14,50,12,7,0,0,0
6,11,8,20,34,61,96,145,153,102,92,64,57,50,32,32,36,36,43,37,16,14,7,6
7,11,12,32,63,82,117,142,143,92,78,79,100,65,50,27,51,94,86,40,9,4,0,1
7,11,13,43,114,127,162,199,177,134,104,100,98,63,51,52,94,62,57,14,5,10,7,0
7,8,34,96,126,169,221,246,240,183,123,105,101,82,52,44,63,70,31,10,4,11,11,0
23,22,43,100,148,200,284,332,319,255,183,98,65,59,47,57,51,41,12,7,5,3,0,0
10,14,45,106,147,180,320,385,347,269,197,133,100,63,49,31,34,27,11,12,12,11,8,0
10,43,73,112,135,171,290,422,383,263,211,154,125,106,88,52,50,27,7,0,0,0,0,0
13,14,38,86,118,130,158,225,256,224,206,173,141,114,103,100,59,11,12,12,9,6,9,0
6,13,27,50,101,117,127,156,186,186,181,169,147,121,104,100,22,13,9,10,12,11,7,10
9,3,10,12,14,54,102,117,135,150,141,141,128,114,106,82,14,12,8,9,10,1,8,0
9,11,2,11,8,11,60,93,103,117,115,109,123,108,101,82,51,21,8,8,10,6,12,4
9,7,6,3,13,34,35,21,64,83,100,74,76,85,67,71,55,13,0,3,2,4,8,6
1,8,10,10,3,27,22,14,29,20,49,53,57,71,70,59,47,3,0,0,0,0,5,2
5,12,11,4,13,11,20,17,14,12,34,32,44,57,67,56,48,18,7,4,6,9,0,1
4,4,8,13,22,14,11,10,9,10,12,21,51,93,83,61,52,16,4,11,0,1,4,0
0,1,6,4,6,8,8,12,12,8,12,39,57,75,81,76,59,21,10,4,0,0,0,4
9,12,6,0,5,6,11,15,17,21,42,51,62,81,98,103,71,48,10,0,0,0,0,0
14,17,14,12,12,9,13,2,11,12,24,28,52,59,75,91,61,34,1,0,0,0,0,0
10,17,22,23,8,12,12,7,9,13,14,11,33,52,57,62,55,16,0,0,0,0,0,6
11,28,33,14,13,9,10,14,13,13,13,12,15,51,53,72,73,13,8,0,0,0,0,0
9,13,13,13,14,11,6,25,11,13,17,15,14,14,51,51,37,12,11,0,0,0,0,0
14,37,14,13,13,11,8,13,14,11,26,17,13,32,27,28,21,11,5,0,0,0,0,0
15,26,14,24,8,14,10,8,4,9,12,13,19,17,21,14,14,13,1,0,0,0,0,0
29,25,16,14,9,11,6,8,5,1,12,9,5,9,14,22,38,14,1,7,0,0,5,0
52,26,18,14,13,12,3,3,6,14,11,14,9,8,9,11,36,29,12,11,0,0,4,3
47,50,37,15,9,11,4,4,0,10,5,11,12,13,11,8,9,26,29,23,11,2,3,2
11,55,15,22,17,14,9,9,0,3,10,8,2,5,7,11,11,7,11,12,11,6,0,4

0,8,0,0,0,0,0,0,5,0,6,7,0,0,7,8,0,0,0,0,0,0,0,2
5,0,0,0,0,0,0,2,0,5,9,10,10,8,8,0,0,0,0,0,0,0,0,10
6,11,3,0,1,0,27,5,12,43,50,75,61,55,31,10,0,10,5,1,5,6,9,4
2,0,0,0,0,14,15,32,50,54,70,75,75,38,45,13,5,20,11,8,0,5,11,6
0,2,0,0,13,22,41,60,65,89,85,95,68,45,30,48,9,11,8,0,2,0,0,0
3,0,2,6,21,36,64,115,197,286,241,139,97,63,52,42,26,25,18,19,8,10,7,10
0,4,11,12,13,53,114,158,308,370,403,318,135,78,58,51,13,22,14,7,9,6,5,6
2,14,7,11,12,63,111,189,259,269,276,225,167,107,66,60,29,7,9,0,0,0,0,0
0,0,9,6,50,68,130,205,207,154,126,183,172,121,79,65,34,11,12,0,0,0,1,7
3,0,6,13,37,68,144,215,206,171,110,114,164,121,71,53,15,13,6,0,2,8,4,2
4,0,0,11,52,89,151,201,215,179,138,71,101,121,82,55,23,25,11,12,11,8,4,7
0,3,2,9,57,90,139,192,214,195,147,68,65,111,113,82,57,12,11,4,0,0,0,0
0,0,0,6,52,86,111,176,208,183,141,102,57,101,126,120,78,36,2,6,7,0,0,4
0,0,0,0,62,112,125,161,195,192,142,105,80,90,89,104,110,82,8,5,8,6,0,4
0,2,0,0,57,107,125,148,173,169,133,107,69,55,50,59,100,60,15,4,3,4,2,0
8,5,4,7,14,96,113,119,134,126,115,93,59,38,33,19,54,52,52,8,0,0,0,2
0,6,1,8,50,83,84,93,97,82,78,93,58,14,12,11,12,14,51,12,7,0,0,0
6,11,8,20,34,61,96,146,155,103,93,65,58,50,32,32,36,36,43,37,15,14,7,6
7,11,12,32,65,83,118,143,143,92,79,79,100,66,49,27,51,94,86,40,9,4,0,1
7,11,13,43,114,127,163,200,176,134,103,100,98,63,51,52,93,62,57,14,5,10,7,0
7,8,35,96,127,169,222,247,240,183,122,105,101,81,52,44,63,70,30,10,4,11,11,0
23,22,43,100,149,201,284,331,319,254,182,97,66,60,47,56,51,41,12,7,5,3,0,0
10,14,46,106,147,181,322,385,346,269,197,133,100,63,49,31,34,27,11,12,12,11,8,0
10,44,73,112,135,171,290,421,380,261,211,153,125,106,88,52,48,25,6,0,0,0,0,0
13,14,38,86,118,130,158,226,255,224,206,172,141,114,103,100,59,11,12,12,9,6,9,0
6,13,27,50,101,117,127,156,186,186,181,169,147,121,104,100,20,13,9,10,12,11,7,10
9,3,10,12,16,55,102,117,135,151,141,141,128,114,106,84,14,12,8,10,10,1,8,0
10,11,2,11,8,11,60,93,103,117,115,109,123,108,101,82,51,21,8,8,10,6,12,4
9,7,6,3,13,34,36,22,64,83,100,74,75,85,67,71,55,13,0,3,2,4,8,6
1,8,10,10,3,27,22,14,29,20,49,53,57,71,70,59,48,3,0,0,0,0,5,2
5,12,11,4,13,11,20,17,14,12,33,32,45,57,67,56,48,18,7,4,6,9,0,1
4,5,8,13,22,14,11,10,9,10,12,22,52,94,83,61,52,16,4,11,0,1,4,0
0,1,6,4,6,8,8,12,12,8,12,41,57,76,81,76,59,21,10,4,0,0,0,4
9,12,6,0,5,6,11,15,16,19,41,51,63,81,98,103,71,47,10,0,0,0,0,0
14,17,14,12,12,9,13,2,11,12,23,27,52,59,75,91,61,34,1,0,0,0,0,0
10,17,22,22,8,12,12,7,9,13,14,11,33,52,57,62,55,16,0,0,0,0,0,6
11,28,33,14,13,9,11,14,13,13,13,12,16,51,53,72,73,13,8,0,0,0,0,0
9,13,13,13,14,11,6,24,11,13,16,15,14,14,51,51,36,12,11,0,0,0,0,0
14,37,14,13,13,11,8,13,14,11,25,16,12,32,26,29,22,11,5,0,0,0,0,0
15,26,14,24,8,13,10,8,5,9,12,13,18,17,21,14,15,13,1,0,0,0,0,0
29,24,16,14,9,11,6,8,5,1,12,9,5,9,14,22,39,14,1,7,0,0,5,0
52,26,18,14,13,12,2,3,6,14,11,14,9,8,9,11,36,30,13,11,0,0,4,3
47,49,37,15,9,11,4,4,0,10,5,11,12,13,11,8,8,26,29,24,11,2,3,2
11,55,16,22,17,14,9,9,0,3,10,8,2,5,7,11,11,7,11,12,11,6,0,4

0,8,0,0,0,0,0,0,5,0,6,7,0,0,7,8,0,0,0,0,0,0,0,2
5,0,0,0,0,0,0,2,0,5,9,10,10,8,8,0,0,0,0,0,0,0,1,10
6,11,3,0,1,0,27,5,12,44,48,75,61,55,34,10,0,10,5,1,5,6,9,4
2,0,0,0,0,14,15,32,50,53,70,75,75,38,45,13,5,21,11,8,0,5,11,6
0,2,0,0,13,22,41,60,66,89,85,96,68,45,30,47,9,11,8,0,2,0,0,0
3,0,2,6,21,36,64,115,197,286,242,139,97,63,52,42,26,25,19,19,8,10,7,10
0,4,11,12,13,53,114,158,309,370,403,319,135,78,58,51,13,22,14,7,9,6,5,6
2,14,7,11,12,63,111,189,259,269,276,226,167,107,66,60,29,7,9,0,0,0,0,0
0,0,9,6,50,68,130,204,207,153,125,183,172,122,79,65,33,11,12,0,0,0,1,7
3,0,6,13,37,68,144,213,205,170,110,114,165,122,71,53,16,13,6,0,2,8,4,2
4,0,0,11,52,90,150,200,214,178,137,71,101,121,82,55,24,25,11,12,11,8,4,7
0,3,2,9,57,90,139,192,214,194,147,68,65,111,113,83,57,12,11,4,0,0,0,0
0,0,0,6,52,87,111,175,208,181,140,102,57,101,126,120,78,35,2,6,7,0,0,4
0,0,0,0,62,112,125,160,195,190,142,105,79,89,88,104,110,82,8,5,8,6,0,4
0,2,0,0,58,107,125,148,172,168,133,106,69,55,50,59,100,60,14,4,3,4,2,0
8,5,4,7,14,97,113,119,134,126,115,93,59,38,32,19,54,52,52,8,0,0,0,2
0,6,1,8,50,83,84,93,97,82,78,93,58,14,12,11,12,14,51,12,7,0,0,0
6,11,8,20,34,61,97,147,155,103,93,65,58,50,32,32,36,36,42,37,16,14,7,6
7,11,12,32,66,83,118,143,143,92,79,80,100,65,50,26,51,94,86,40,9,4,0,1
7,11,13,43,115,128,163,200,176,134,103,100,100,63,51,52,93,62,57,14,5,10,7,0
7,8,35,97,127,170,222,247,241,183,122,105,101,81,52,44,63,70,31,10,4,11,11,0
23,23,43,100,149,201,285,331,319,254,182,97,65,59,47,56,51,41,12,7,5,3,0,0
10,14,46,106,147,182,323,386,347,269,196,133,100,62,49,31,34,27,11,12,12,11,7,0
10,44,74,112,135,171,292,423,382,262,211,153,125,106,90,51,50,27,7,0,0,0,0,0
13,14,39,87,119,130,159,227,256,225,206,173,141,114,103,100,59,11,12,12,9,6,9,0
6,13,27,50,101,117,127,156,187,186,181,169,147,121,104,100,20,13,9,10,12,11,7,10
9,3,10,12,15,56,102,117,135,151,141,141,128,114,106,82,14,12,8,9,10,1,8,0
10,11,2,11,8,11,61,93,103,117,115,109,123,108,101,82,51,21,8,8,10,6,12,4
9,7,6,3,13,34,36,23,65,83,100,74,75,85,67,71,55,13,0,3,2,4,8,6
1,8,10,10,3,28,22,14,30,20,49,53,57,71,70,59,47,3,0,0,0,0,5,2
5,12,11,4,13,11,20,17,14,12,34,32,44,57,67,56,48,17,7,4,6,9,0,1
4,5,8,13,22,14,11,10,9,10,12,20,52,94,83,61,51,16,4,11,0,1,4,0
0,1,6,4,6,8,9,12,12,8,12,41,57,76,81,76,59,20,10,4,0,0,0,4
9,12,6,0,4,6,11,15,17,21,42,51,63,81,98,103,71,47,10,0,0,0,0,0
14,17,14,12,12,9,13,2,11,12,23,27,52,59,75,91,61,33,1,0,0,0,0,0
10,17,22,23,8,12,12,7,9,13,14,11,33,52,57,61,55,16,0,0,0,0,0,6
11,28,33,14,12,9,10,14,13,13,13,13,15,51,53,72,73,13,8,0,0,0,0,0
9,13,13,13,14,11,6,24,11,13,17,15,14,14,51,51,37,12,11,0,0,0,0,0
14,37,14,12,13,11,8,13,14,11,25,16,13,32,27,30,21,11,5,0,0,0,0,0
15,27,14,24,9,13,10,8,5,9,12,13,18,17,21,14,15,13,1,0,0,0,0,0
29,24,16,14,9,11,6,8,5,0,12,9,5,9,14,23,38,14,1,7,0,0,5,0
52,26,18,14,13,12,3,3,6,14,11,14,9,8,9,11,36,30,13,11,0,0,4,3
48,48,37,15,9,11,4,4,0,10,5,11,12,13,11,8,9,26,30,24,11,1,3,2
11,55,15,22,17,14,9,9,0,3,10,8,2,5,7,11,11,7,11,12,11,6,0,4
