0,1,0,0,0,0,0,0,7,5,0,0,0,2,0,0,0,0,0,0,0,1,10,0
8,0,0,0,0,0,0,6,9,13,8,0,0,0,0,0,5,0,0,0,0,0,0,2
0,5,1,0,0,3,11,61,79,87,66,11,9,0,4,0,0,5,0,0,0,0,8,3
4,11,0,0,3,9,53,113,118,100,56,51,19,46,5,4,11,0,8,0,0,0,0,0
0,0,0,3,0,0,11,48,71,60,31,65,91,60,52,41,11,6,9,10,0,0,0,0
10,7,7,11,11,14,26,38,52,55,70,121,201,189,91,59,33,12,11,12,7,2,0,6
9,9,11,9,10,13,12,57,76,102,115,210,419,441,203,78,51,29,11,10,13,3,1,0
4,2,3,3,8,10,14,76,89,101,142,246,337,322,191,123,59,9,10,12,9,7,8,0
10,1,0,4,6,13,56,68,83,93,186,291,321,260,180,126,90,56,20,4,0,9,12,0
1,1,11,7,9,53,78,68,58,107,210,310,300,227,133,95,84,40,9,8,11,6,1,0
8,7,20,25,51,68,79,63,87,183,260,314,282,152,103,107,73,32,27,10,0,0,0,3
4,9,40,56,78,87,65,90,162,214,232,216,133,111,130,118,95,29,5,6,0,0,0,0
3,22,83,103,112,102,70,124,227,232,164,116,109,125,130,118,102,26,8,7,4,0,0,0
14,55,101,111,91,81,110,149,197,168,108,106,121,136,144,129,105,60,13,11,9,0,0,0
11,58,112,116,57,58,100,120,82,59,81,117,138,143,143,126,104,57,32,15,2,11,8,7
10,5,33,51,73,81,58,81,69,67,89,108,139,141,126,112,78,68,30,8,11,4,0,1
5,7,12,61,68,52,51,64,61,79,108,111,135,104,84,82,68,60,51,14,13,0,5,1
11,12,27,43,38,40,38,51,72,93,131,154,138,133,100,116,93,50,32,23,18,12,12,9
0,0,14,52,50,13,14,56,72,117,144,156,151,112,105,128,109,60,40,32,14,11,13,7
0,0,3,13,19,8,9,29,74,92,117,130,133,120,127,134,118,102,60,26,14,10,11,5
0,0,9,8,11,12,10,17,62,66,107,118,119,119,135,144,130,110,59,36,27,11,9,12
0,0,0,7,12,13,15,25,64,75,90,105,108,133,181,235,146,91,51,39,24,13,11,17
0,0,7,8,7,11,24,34,63,87,96,115,134,158,219,224,137,100,61,52,16,11,12,6
0,0,0,0,4,7,37,77,101,105,119,156,175,188,184,158,116,102,14,13,29,13,4,0
0,2,6,4,13,11,38,76,101,110,140,177,190,192,162,142,111,90,42,20,10,7,9,13
7,9,11,12,11,14,67,101,105,131,160,180,180,171,141,126,110,100,33,13,5,9,4,0
0,7,1,10,9,14,58,83,109,142,149,154,155,138,127,115,92,11,12,13,10,6,5,5
0,3,9,13,8,23,63,63,114,132,148,161,126,116,110,102,48,8,7,11,11,11,13,9
7,11,8,10,14,54,72,102,117,116,129,120,100,109,90,64,11,11,17,13,8,7,0,9
6,9,5,11,30,35,59,98,115,123,131,91,74,56,40,33,18,11,13,6,9,12,8,1
10,1,8,9,16,41,55,127,196,119,125,71,45,35,16,11,12,0,8,11,11,10,19,9
6,0,4,8,12,12,54,98,121,134,114,62,51,36,12,10,12,10,6,15,0,0,5,4
10,5,5,0,5,13,50,60,92,105,105,68,54,43,10,12,11,7,9,10,2,0,0,0
2,0,0,0,3,10,45,60,116,131,126,95,64,52,36,31,13,12,6,9,0,5,8,6
0,0,0,0,4,11,33,51,100,134,114,87,60,50,26,14,14,13,13,8,12,6,8,11
1,0,0,1,6,0,14,46,63,95,77,62,55,15,13,11,13,10,6,10,4,10,10,0
0,0,0,2,0,7,12,13,56,63,66,54,44,14,12,12,14,0,6,10,5,9,7,0
0,0,0,0,4,10,9,8,36,69,61,52,16,14,10,10,9,5,7,11,11,6,1,0
0,0,0,0,0,5,2,0,12,54,56,44,30,12,12,13,13,5,8,8,5,12,6,0
0,0,0,0,0,0,8,0,8,49,37,48,17,8,1,0,8,9,6,0,11,9,9,6
0,0,0,0,0,3,2,8,14,53,53,51,16,6,0,0,7,0,6,0,11,5,6,0
5,3,0,0,1,7,11,25,51,52,53,40,13,4,0,9,1,0,10,4,6,11,3,12
4,5,0,1,6,9,12,13,52,60,55,14,10,6,7,7,5,10,4,0,6,13,5,0
5,0,6,8,7,1,11,29,50,53,18,7,3,7,4,0,9,8,0,9,11,1,10,5

0,1,0,0,0,0,0,0,7,5,0,0,0,2,0,0,0,0,0,0,0,1,10,0
8,1,0,0,0,0,0,6,10,13,8,0,0,0,0,0,5,0,0,0,0,0,0,2
0,5,1,0,0,3,11,60,78,87,66,11,9,0,4,0,0,5,0,0,0,0,8,3
4,11,0,0,3,8,53,112,117,100,55,50,16,43,5,3,11,0,8,0,0,0,0,0
0,0,0,3,0,0,11,48,71,59,28,65,91,60,52,40,11,6,9,10,0,0,0,0
10,7,7,11,11,14,25,38,52,55,70,120,201,187,91,59,33,12,11,12,7,2,0,6
9,9,10,9,10,13,12,57,77,105,115,209,417,439,202,77,51,28,11,10,13,3,1,0
4,1,2,4,8,10,14,76,91,101,142,245,334,323,193,123,59,9,10,12,9,7,8,0
9,2,0,4,6,12,55,69,85,93,186,291,323,263,181,126,89,56,22,4,0,9,13,0
0,1,12,8,10,54,80,73,58,106,209,311,303,231,134,96,84,40,9,8,11,6,1,0
8,6,23,29,52,70,87,65,86,180,259,315,287,154,104,108,74,36,29,10,0,0,0,3
4,10,46,58,83,97,69,90,158,210,231,217,134,112,133,119,96,39,5,6,0,0,0,0
3,25,84,104,116,105,71,121,220,227,163,117,109,127,132,119,102,30,9,7,4,0,0,0
20,55,101,114,101,84,109,148,196,167,108,105,120,135,144,130,105,61,13,11,8,0,0,0
12,62,113,132,60,58,99,118,80,58,76,112,134,139,141,127,104,56,29,14,2,10,7,7
11,6,44,57,72,81,57,78,67,65,84,102,134,137,124,111,78,69,28,8,11,4,0,1
6,7,13,61,68,52,50,58,59,75,103,106,132,101,82,81,68,60,50,14,12,0,4,1
11,12,28,43,38,40,38,48,67,87,126,150,135,131,98,116,94,50,32,23,18,12,12,8
0,1,13,52,50,13,13,52,67,114,142,155,150,111,105,129,110,61,40,32,14,11,13,8
0,0,2,13,23,8,8,27,69,86,115,128,132,120,130,137,120,103,63,31,13,10,11,5
0,0,9,9,11,12,10,17,59,64,106,118,118,120,139,148,133,111,62,38,28,12,9,12
0,0,0,7,12,13,16,24,58,71,85,103,108,134,192,244,149,96,53,41,26,14,12,17
0,1,7,8,7,11,23,32,60,82,91,113,133,161,227,232,139,102,63,54,17,11,12,6
0,0,0,0,5,8,37,77,101,104,116,151,175,193,192,165,118,103,22,13,35,13,4,0
0,3,6,5,13,11,40,73,101,108,136,175,193,198,168,145,112,95,44,21,10,7,9,13
8,9,11,12,11,14,70,101,105,128,159,181,183,176,143,127,111,101,35,13,5,9,4,0
0,7,1,10,8,14,57,80,107,141,148,155,157,140,129,115,97,12,12,14,11,7,5,5
0,3,9,12,8,20,62,62,112,131,148,162,127,117,110,102,54,8,7,12,11,11,13,9
7,11,8,10,14,52,71,102,115,115,129,120,100,109,91,67,11,12,18,14,8,7,0,9
6,9,5,11,30,30,58,95,113,122,130,91,74,57,40,34,18,11,14,6,9,12,8,1
10,1,8,9,17,39,55,120,187,115,125,71,46,34,13,12,12,0,7,11,11,10,19,9
6,0,4,7,11,12,54,93,118,132,115,62,51,39,12,10,12,9,6,14,0,0,5,4
10,5,5,0,5,12,50,59,91,105,105,68,55,43,11,11,11,7,9,10,2,0,0,0
2,0,0,0,2,10,45,59,116,132,127,96,65,51,36,29,13,12,6,9,0,5,8,6
0,0,0,0,3,11,34,51,100,135,115,88,60,50,26,14,13,13,13,8,12,6,8,11
1,0,0,2,6,0,14,45,63,96,77,63,55,16,13,11,13,10,5,10,4,10,10,0
0,0,0,2,0,8,12,13,56,63,66,54,46,14,12,12,14,0,6,10,5,9,7,0
0,0,0,0,4,10,9,8,38,70,61,52,17,14,10,10,10,5,7,11,11,6,1,0
0,0,0,0,0,5,2,0,12,54,57,45,30,13,12,13,13,5,8,8,5,12,6,0
0,0,0,0,0,0,9,0,9,50,38,48,17,8,1,0,8,9,6,0,11,9,9,6
0,0,0,0,0,3,2,8,14,53,53,51,17,6,0,0,8,0,6,0,11,4,6,0
6,3,0,0,1,7,11,25,51,52,53,39,13,5,0,9,2,0,10,4,7,11,3,12
3,5,0,1,6,9,12,13,53,60,55,14,10,7,7,7,5,10,4,0,6,13,5,0
5,0,6,8,7,1,12,30,50,53,18,7,3,7,5,0,9,8,0,9,11,1,10,5

0,1,0,0,0,0,0,0,7,5,0,0,0,2,0,0,0,0,0,0,0,1,10,0
8,1,0,0,0,0,0,6,9,13,8,0,0,0,0,0,5,0,0,0,0,0,0,2
0,5,1,0,0,3,10,60,77,86,65,11,9,0,4,0,0,5,0,0,0,0,8,3
4,11,0,0,3,7,52,111,115,100,53,50,19,45,5,4,11,0,7,0,0,0,0,0
0,0,0,4,0,0,11,44,70,59,26,65,91,60,52,40,11,5,9,10,0,0,0,0
10,7,7,11,11,14,24,38,52,55,70,120,201,186,90,59,32,12,11,12,7,2,0,6
9,9,10,9,10,13,12,57,77,106,116,210,415,437,199,76,51,29,11,10,13,3,1,0
4,1,2,4,8,10,14,77,92,102,142,245,334,324,194,122,59,9,11,12,9,7,8,0
9,2,0,4,6,11,56,70,86,94,187,291,322,263,181,126,89,56,23,4,0,9,13,0
0,2,12,8,10,55,83,75,58,106,209,312,304,230,133,95,83,39,9,8,11,6,1,0
9,6,24,30,52,72,89,65,86,181,260,318,290,155,104,108,73,36,29,10,0,0,0,3
5,11,48,59,86,101,69,91,159,211,232,220,135,112,133,119,95,40,5,6,0,0,0,0
3,28,85,105,118,106,71,122,221,227,164,117,109,127,131,118,102,30,9,7,4,0,0,0
22,56,101,116,103,84,109,148,196,167,108,105,119,135,143,128,105,60,13,11,8,0,0,0
13,63,113,136,61,58,99,118,79,58,74,111,133,138,140,125,104,55,27,15,2,10,7,7
11,6,45,59,73,82,57,78,67,64,82,100,133,136,123,110,77,68,27,7,11,4,0,1
6,7,13,62,68,52,51,57,58,74,102,104,131,100,82,80,68,59,49,14,12,0,4,1
11,12,28,43,39,40,38,47,66,85,125,149,133,130,97,115,93,50,32,22,18,12,12,8
0,1,14,53,48,13,13,51,66,113,141,154,149,111,105,129,110,61,40,31,14,11,13,8
0,0,2,13,23,8,8,25,68,85,115,128,132,120,130,138,120,103,65,32,13,10,11,5
0,0,9,9,11,12,10,19,59,64,106,117,118,119,140,150,134,112,63,39,28,12,9,12
0,0,0,7,12,13,16,24,57,70,84,103,107,135,194,247,150,98,54,42,26,14,12,18
0,1,7,8,7,11,23,31,59,81,90,112,132,162,228,234,140,103,63,54,17,11,12,6
0,0,0,0,5,8,36,77,100,104,115,149,175,194,193,167,119,103,30,13,36,13,4,0
0,3,6,5,13,11,41,73,101,108,135,175,193,200,169,146,113,95,44,22,10,7,9,13
7,9,11,11,11,14,70,101,104,128,159,181,184,177,144,128,112,101,36,13,5,9,4,0
0,7,1,10,8,14,59,80,107,140,148,155,159,141,129,116,99,12,12,14,11,7,5,5
0,3,9,12,8,19,62,62,112,131,148,163,127,117,111,103,54,9,7,12,11,11,13,10
7,11,8,10,14,51,70,102,115,115,129,121,100,110,93,67,12,12,19,14,9,7,0,9
6,9,5,11,28,28,58,94,113,121,129,91,75,57,41,34,19,11,14,6,9,12,8,1
11,1,8,9,18,39,54,119,185,114,125,71,46,35,14,12,12,0,7,11,11,10,20,9
6,0,4,7,11,12,54,92,118,132,115,62,51,40,12,10,12,9,6,15,0,0,5,4
10,5,5,0,5,12,50,59,91,105,106,68,55,43,11,11,11,7,9,10,2,0,0,0
2,0,0,0,2,10,45,59,116,133,128,96,65,51,35,30,13,12,6,9,0,5,8,5
0,0,0,0,3,11,34,51,100,136,115,88,60,50,27,14,13,13,13,8,12,6,8,11
1,0,0,2,6,0,14,46,64,96,78,63,55,16,13,11,13,10,6,10,4,10,10,0
0,0,0,2,0,8,12,14,56,63,66,55,46,14,12,12,14,0,6,10,5,9,7,0
0,0,0,0,4,10,9,8,38,70,61,52,17,14,10,10,10,5,7,11,11,6,1,0
0,0,0,0,0,5,2,0,13,54,57,46,30,13,12,13,13,5,8,8,5,12,6,0
0,0,0,0,0,0,9,0,9,50,38,50,22,8,2,0,8,9,6,0,11,9,9,6
0,0,0,0,0,3,1,8,14,53,54,51,18,6,0,0,8,0,6,0,11,5,6,0
6,3,0,0,1,7,10,24,51,52,53,39,13,5,0,10,2,0,10,4,7,11,3,12
4,5,0,0,5,8,12,13,53,59,55,16,10,7,8,7,5,10,4,0,6,13,5,0
5,0,6,7,7,0,11,26,50,52,15,7,3,7,5,0,9,8,0,9,11,1,10,5

0,1,0,0,0,0,0,0,7,5,0,0,0,2,0,0,0,0,0,0,0,0,10,0
8,1,0,0,0,0,0,5,9,13,8,0,0,0,0,0,5,0,0,0,0,0,0,2
0,5,1,0,0,3,10,57,75,84,64,11,9,0,4,0,0,5,0,0,0,0,8,3
3,11,0,0,2,7,51,110,113,98,51,50,18,44,5,4,11,0,8,0,0,0,0,0
0,0,0,4,0,0,11,44,69,58,23,65,91,60,52,41,11,6,9,10,0,0,0,0
10,7,7,11,11,14,24,38,52,56,70,121,202,186,89,59,33,12,11,12,7,2,0,6
8,9,10,9,10,13,12,57,78,106,116,211,414,437,199,76,51,29,11,10,13,3,1,0
4,1,2,5,9,10,15,79,93,102,143,245,333,323,194,122,59,9,11,12,9,7,8,0
10,2,0,5,7,12,56,71,87,94,187,291,323,264,182,126,89,56,22,4,0,9,13,0
0,2,12,9,11,57,86,80,59,105,209,312,304,232,134,95,84,40,9,8,11,6,1,0
9,7,25,32,53,75,94,67,85,179,260,319,290,155,104,108,74,38,30,10,0,0,0,3
5,12,50,59,91,105,71,90,157,209,232,221,135,113,135,119,96,44,6,6,0,0,0,0
3,29,87,105,121,107,72,121,218,224,163,117,109,128,132,118,102,31,10,7,4,0,0,0
23,56,101,118,106,85,108,147,195,166,108,105,119,135,143,129,105,61,13,11,8,0,0,0
13,64,114,139,62,58,99,117,78,58,74,110,132,137,140,125,104,55,27,14,2,10,7,7
11,6,45,61,74,82,57,77,66,64,81,98,131,135,122,109,78,68,27,7,11,4,0,1
7,7,13,63,68,52,50,55,58,72,101,103,130,100,81,80,68,60,48,14,12,0,4,1
11,13,28,42,38,40,38,46,64,83,124,147,132,129,96,115,93,50,32,22,18,12,12,8
0,2,14,53,50,12,13,48,64,111,141,154,149,110,105,130,110,61,40,32,14,11,13,8
0,0,2,13,23,8,7,25,66,82,114,127,131,120,130,138,120,103,67,33,13,10,11,5
0,0,9,9,12,13,10,23,57,63,106,117,118,119,140,150,135,112,65,40,29,12,9,12
0,0,0,8,12,13,17,24,55,68,82,102,107,134,194,251,152,100,55,43,27,14,12,18
0,0,7,8,7,11,23,30,57,79,87,111,131,161,229,240,142,104,64,55,17,11,12,6
0,0,0,0,6,9,37,77,100,104,114,148,176,195,195,170,120,104,37,13,40,13,4,0
0,3,6,5,14,11,44,73,100,107,133,174,194,203,172,148,114,99,46,23,10,8,9,13
7,9,11,11,11,14,71,101,104,126,158,182,185,179,145,129,112,101,36,13,5,9,4,0
0,8,1,10,8,14,58,79,106,140,148,156,159,141,130,116,100,12,12,14,11,7,5,5
0,3,9,12,6,15,60,61,111,130,147,162,127,117,111,103,54,9,7,12,11,11,13,9
7,10,7,10,13,48,68,101,113,113,127,120,100,110,94,69,12,12,18,14,8,7,0,9
6,9,5,11,21,17,57,90,111,119,127,91,74,57,40,33,17,10,13,6,8,12,8,1
11,1,8,9,20,35,53,109,166,108,123,71,47,36,14,12,12,0,7,11,11,10,19,9
6,0,4,5,12,25,53,87,114,130,115,62,51,40,13,10,12,9,6,14,0,0,4,4
10,5,4,0,5,13,50,60,94,107,108,68,55,42,13,11,11,7,9,10,1,0,0,0
2,1,0,0,4,10,48,60,124,144,138,100,66,52,41,34,13,12,6,9,0,5,7,5
0,0,0,0,5,12,40,52,106,147,127,94,63,50,32,17,14,13,13,8,12,6,8,11
1,0,0,2,6,0,19,48,64,101,82,65,57,20,14,12,13,11,6,10,4,10,10,0
0,0,0,4,0,8,13,14,56,64,69,57,50,19,13,13,14,1,7,10,5,9,7,0
0,0,0,0,6,11,10,9,39,71,64,54,30,15,10,10,10,6,7,11,11,6,2,0
0,0,0,0,0,7,3,3,14,54,58,50,33,14,12,13,14,4,8,8,5,12,6,0
0,0,0,0,0,0,8,5,10,50,41,51,32,10,3,1,9,8,6,0,11,9,9,6
0,0,0,0,0,3,0,7,14,54,56,52,23,7,0,0,7,0,7,0,11,5,6,0
6,4,0,0,0,6,8,14,51,52,53,32,12,8,0,11,0,0,10,4,6,11,3,12
4,5,0,0,3,6,8,7,51,55,48,13,7,6,9,6,5,10,4,0,6,13,5,0
5,0,6,7,6,0,11,14,39,44,11,1,3,7,4,0,9,8,0,9,11,1,10,5

0,2,0,0,0,0,0,0,7,4,0,0,0,3,0,0,0,0,0,0,0,1,10,0
8,1,0,0,0,0,0,4,7,11,7,0,0,0,0,0,5,0,0,0,0,0,0,2
0,5,2,2,0,1,8,52,71,79,61,11,9,0,4,0,0,5,0,0,0,0,8,3
3,11,0,0,3,5,42,106,108,90,40,50,23,47,5,4,12,0,8,0,0,0,0,0
0,0,0,5,0,0,11,25,66,56,14,65,92,61,52,43,11,6,9,10,0,0,0,0
10,7,7,11,11,13,20,38,51,55,69,121,203,187,90,59,33,12,11,12,7,2,0,6
8,8,10,10,10,13,12,58,78,105,116,209,414,440,203,76,51,29,11,10,13,3,1,0
4,0,2,7,9,11,36,83,95,100,142,244,330,323,194,122,59,9,12,12,9,7,8,0
9,2,0,7,8,13,60,78,92,94,185,290,323,265,182,126,89,56,23,4,0,9,13,0
0,3,13,10,13,63,101,97,62,102,205,312,306,234,134,96,84,40,9,8,11,6,1,0
10,7,28,36,56,85,105,69,82,173,257,318,292,156,105,109,74,42,31,10,0,0,0,3
6,12,50,63,104,119,73,90,151,203,229,220,135,114,137,120,97,50,7,6,0,0,0,0
4,33,87,106,127,110,72,119,210,216,160,117,110,130,134,119,102,35,11,8,4,0,0,0
28,56,101,123,112,85,108,145,191,161,108,104,119,135,144,129,105,64,13,11,8,0,0,0
14,65,116,144,63,58,97,116,76,57,71,108,130,136,139,126,104,56,26,14,1,9,7,7
12,7,45,68,74,82,57,75,65,62,77,94,129,133,120,109,78,69,27,7,11,4,0,1
7,8,13,64,67,50,50,54,57,69,96,99,127,99,81,80,68,60,48,13,12,0,4,0
11,13,28,43,39,40,39,44,61,78,120,145,129,128,96,115,95,51,32,22,18,11,12,8
0,3,14,54,47,13,12,40,61,108,139,152,148,110,106,130,111,62,43,32,14,11,13,8
0,0,1,13,23,8,6,24,62,77,112,126,131,120,131,140,122,104,73,38,13,11,11,5
0,0,9,10,12,13,11,26,55,61,105,116,117,119,141,153,137,115,69,43,30,12,9,12
0,0,0,8,12,14,18,23,53,64,77,101,106,131,192,260,160,105,58,45,29,14,12,18
0,0,7,8,7,11,23,29,53,75,82,109,130,159,230,252,147,107,67,57,16,11,12,6
0,0,0,0,6,9,39,75,100,103,113,146,176,197,198,176,124,106,53,14,45,13,4,0
0,3,5,5,14,11,44,72,100,106,130,173,194,205,174,151,116,100,48,23,10,8,9,13
7,9,11,11,11,13,71,101,103,124,156,181,185,179,146,130,114,102,33,13,5,8,4,0
0,8,1,10,7,14,55,76,105,137,147,155,160,141,131,118,101,13,12,14,11,7,4,5
0,3,9,12,5,14,53,58,109,128,146,161,126,116,112,104,58,9,7,12,11,11,13,9
7,10,7,9,11,27,62,100,109,110,125,118,98,110,99,72,12,12,18,13,8,7,0,9
7,10,6,12,14,13,55,81,106,114,124,89,74,58,39,32,14,8,13,7,8,12,8,1
11,2,9,10,15,26,51,87,135,100,121,71,47,38,14,14,13,0,6,11,11,10,19,8
7,1,4,5,13,30,51,74,105,126,116,62,51,50,14,12,12,9,6,14,0,0,4,4
10,5,3,0,7,14,50,57,90,107,111,67,55,49,14,11,11,6,8,10,1,0,0,0
2,1,0,0,6,10,49,59,126,148,142,101,67,52,39,35,14,12,6,9,0,5,8,5
0,0,0,0,5,12,42,52,107,153,133,97,65,50,35,19,14,13,13,9,12,6,8,11
1,0,0,3,6,0,24,49,65,103,84,67,58,25,14,13,14,11,6,10,4,10,10,0
0,0,0,4,0,9,13,14,57,65,70,59,50,20,13,13,14,2,7,10,6,9,7,0
0,0,0,0,6,11,11,9,43,71,65,54,32,19,10,11,11,6,8,11,11,6,2,0
0,0,0,0,0,7,3,5,14,54,60,50,32,15,11,13,14,4,9,8,5,12,6,0
0,0,0,0,0,0,8,5,11,50,43,50,30,10,5,3,10,9,6,0,11,10,9,6
0,0,0,0,0,3,0,7,18,54,56,52,16,7,2,0,7,0,7,0,11,5,6,0
5,3,0,0,0,7,11,23,52,52,52,29,12,9,0,12,0,1,10,4,6,11,3,12
3,4,0,0,5,10,15,23,52,55,46,13,5,6,8,5,6,11,4,0,6,13,5,0
4,0,5,6,7,4,14,50,43,38,10,0,2,7,2,0,8,8,0,9,11,1,10,5

0,2,0,0,0,0,0,0,6,4,0,0,0,2,0,0,0,0,0,0,0,0,9,0
8,1,0,0,0,0,0,3,6,11,7,0,0,0,0,0,5,0,0,0,0,0,0,2
0,5,2,3,0,0,6,47,68,76,58,11,9,0,4,0,0,5,0,0,0,0,8,3
3,11,0,0,3,4,32,103,104,85,29,50,22,47,5,4,12,0,7,0,0,0,0,0
0,0,0,5,0,0,11,13,63,54,13,65,91,60,52,44,11,6,9,10,0,0,0,0
10,7,7,11,11,13,20,38,50,54,69,120,203,186,89,59,34,12,11,12,7,2,0,6
7,7,10,11,10,13,12,58,79,104,116,210,414,445,212,76,51,31,11,10,13,3,1,0
5,0,3,9,10,13,50,87,98,98,144,244,329,321,191,119,58,10,12,12,9,7,8,0
10,3,0,8,10,43,67,87,97,95,185,291,325,269,182,126,89,56,23,5,0,9,13,0
0,5,13,11,14,70,111,116,65,99,205,316,310,237,134,96,84,40,10,8,11,6,1,0
11,8,30,39,60,97,115,72,80,167,258,322,300,158,105,109,74,47,32,10,0,0,0,3
8,13,51,66,113,129,76,88,145,201,234,221,136,116,139,120,98,51,7,6,0,0,0,0
4,29,85,107,131,111,72,117,201,210,161,114,110,132,136,120,103,38,11,8,3,0,0,0
25,55,101,124,114,84,107,144,188,161,108,104,118,137,147,131,106,67,14,11,8,0,0,0
13,64,113,139,62,58,97,116,75,56,69,106,129,135,141,129,105,59,28,15,1,9,7,7
11,6,38,65,75,83,57,75,64,61,74,90,127,132,120,111,80,73,30,7,11,4,0,1
7,8,13,68,68,52,51,54,55,66,92,95,125,97,80,81,69,61,51,13,12,0,4,0
11,13,31,43,39,40,40,43,57,73,116,141,126,126,95,116,97,52,33,23,18,11,12,8
0,3,14,55,43,13,12,32,59,105,137,149,146,109,104,130,112,63,45,32,15,11,13,8
0,0,1,13,21,4,8,19,58,72,110,124,129,119,131,140,122,105,78,41,13,11,11,5
0,0,9,11,12,13,9,32,54,59,104,114,116,118,140,154,139,116,74,44,31,12,9,12
0,0,0,8,12,14,19,22,50,60,72,97,104,131,195,263,162,109,62,47,29,15,13,18
0,1,7,8,8,12,24,27,50,72,78,107,128,163,236,256,149,109,70,60,16,11,12,6
0,0,0,0,6,9,40,75,98,103,111,144,173,198,201,179,128,108,62,14,48,13,4,0
0,3,5,5,14,11,44,71,100,105,127,169,191,201,174,155,118,102,52,24,10,8,9,13
7,9,11,11,10,13,70,101,103,122,153,178,182,177,147,132,116,104,22,13,5,9,4,0
0,8,1,10,7,13,54,76,104,135,146,152,156,140,132,119,101,14,12,14,12,7,4,5
0,3,9,11,4,14,51,58,108,127,144,158,125,117,113,106,66,9,6,12,11,11,13,10
7,10,7,9,11,24,63,100,109,109,125,117,99,111,100,76,12,12,18,13,8,7,0,9
7,10,6,12,14,14,55,82,106,115,125,89,75,59,40,33,16,8,13,7,8,12,8,1
11,2,9,9,17,27,51,92,133,102,121,70,47,38,14,14,13,0,6,11,11,10,18,8
7,1,4,5,13,30,51,74,105,127,115,62,51,47,14,12,12,9,6,14,0,0,4,4
10,5,4,0,7,14,50,57,89,106,109,67,55,47,14,11,11,6,8,10,1,0,0,0
2,1,0,0,5,10,50,59,125,146,139,100,67,52,39,35,14,12,6,9,0,5,8,5
0,0,0,0,4,12,40,52,107,149,130,96,65,50,33,18,13,13,13,9,12,6,8,11
2,0,0,2,6,0,22,49,65,102,83,67,58,24,14,13,14,11,7,10,4,10,10,0
0,0,0,4,0,9,13,14,57,64,69,58,50,22,13,13,14,2,7,10,6,9,7,0
0,0,0,0,6,11,10,9,44,72,65,54,32,19,11,11,11,6,8,11,11,6,2,0
0,0,0,0,0,7,3,5,15,55,60,49,32,15,11,13,14,4,9,8,5,12,6,0
0,0,0,0,0,0,9,6,12,51,43,50,28,10,6,4,10,8,6,0,11,9,9,6
0,0,0,0,0,4,2,9,21,54,56,52,16,7,3,0,7,0,7,0,11,5,6,0
5,2,0,0,0,8,12,30,53,52,53,38,12,10,0,12,0,1,10,4,6,11,3,12
2,3,0,0,7,12,26,40,54,56,51,14,6,6,8,4,6,10,4,0,6,13,5,0
3,0,6,7,8,9,30,52,51,41,11,0,2,7,2,0,8,8,0,9,11,1,10,5

0,1,0,0,0,0,0,0,5,4,0,0,0,3,0,0,0,0,0,0,0,1,9,0
7,2,0,0,0,0,0,0,0,3,6,0,0,0,0,0,5,0,0,0,0,0,0,2
0,5,2,4,0,2,5,11,15,9,14,10,9,0,5,0,0,5,0,0,0,0,8,3
2,11,0,0,4,5,14,25,61,13,9,50,31,50,6,4,12,0,8,0,0,0,0,0
0,0,0,4,0,2,11,5,42,22,10,65,93,61,52,46,12,7,11,10,0,0,0,0
10,7,6,11,12,14,20,30,50,54,67,127,213,177,85,59,35,13,11,13,7,2,0,6
6,6,10,11,9,14,22,60,83,100,114,221,433,452,213,77,51,33,11,10,13,2,1,0
6,2,6,19,18,54,63,101,101,91,144,245,344,325,192,122,59,10,13,13,9,6,8,0
11,5,2,25,50,68,136,148,108,101,176,289,346,284,182,131,93,57,30,5,0,9,12,0
8,12,23,14,30,87,150,161,75,91,194,328,327,229,127,101,91,52,10,9,11,6,1,0
13,10,26,34,62,105,117,76,74,137,246,324,296,140,113,116,79,55,43,11,0,0,0,2
9,12,37,60,102,107,69,87,126,176,218,188,123,124,153,128,103,57,11,6,0,0,0,0
8,20,55,93,108,97,68,112,174,176,145,100,110,138,149,135,107,54,24,8,2,0,0,0
12,36,46,75,66,69,107,142,173,141,105,101,119,146,164,146,114,91,54,11,7,0,0,0
8,10,51,58,52,60,109,125,75,53,63,101,127,139,153,142,117,86,43,13,1,9,6,6
9,8,13,17,95,107,66,79,60,58,67,84,122,131,124,120,94,101,50,6,11,3,0,1
7,11,20,117,101,64,58,58,53,60,82,88,120,94,80,84,75,68,61,13,12,0,3,0
12,19,43,70,42,44,42,43,50,61,106,130,117,120,92,116,103,59,42,24,14,12,11,7
0,5,31,66,56,14,36,42,53,86,127,141,138,103,100,128,114,68,54,35,14,11,13,8
0,0,6,28,25,7,17,50,55,61,104,119,123,114,126,138,126,110,99,48,13,10,11,5
0,0,10,11,13,14,11,37,51,56,101,111,112,114,134,150,143,123,91,55,34,12,9,12
0,0,0,7,12,13,19,21,45,52,61,84,100,122,179,254,176,121,75,56,30,16,13,18
0,1,7,8,7,10,24,26,47,67,71,104,122,153,227,255,164,118,81,71,13,10,12,6
0,0,0,0,6,9,39,74,95,102,109,136,163,190,196,182,138,114,92,47,43,13,4,0
0,2,5,4,13,10,40,69,100,103,123,161,185,196,173,162,126,106,72,25,11,8,9,13
8,8,11,11,10,13,70,101,103,119,149,174,178,176,148,135,120,107,45,14,6,9,4,0
0,7,0,9,6,13,54,76,104,134,144,149,154,141,135,122,104,35,13,14,12,7,4,5
0,3,8,11,2,14,55,60,109,127,144,156,125,119,116,108,83,9,7,12,10,10,13,9
7,10,6,9,11,31,66,101,111,112,126,117,101,114,102,81,13,11,18,12,7,7,0,9
6,9,5,12,19,22,58,94,109,119,127,88,76,61,42,34,19,8,13,7,8,11,7,0
11,2,9,9,20,32,54,130,136,108,115,67,46,38,14,13,13,0,7,11,11,10,17,8
7,0,3,6,13,29,53,82,110,129,112,61,51,43,14,11,12,9,6,14,0,0,4,4
10,5,4,0,7,14,50,59,94,106,106,67,54,36,13,11,12,6,9,10,1,0,0,0
2,1,0,0,5,11,50,62,131,146,136,99,67,52,43,36,14,13,6,9,0,5,7,5
0,0,0,0,5,12,43,53,111,149,126,94,64,50,33,18,14,13,13,9,12,6,8,11
1,0,0,2,6,0,23,50,67,102,81,65,57,22,14,13,14,11,7,10,5,10,10,0
0,0,0,4,0,9,13,16,59,65,68,57,50,19,13,13,14,3,7,10,6,9,7,0
0,0,0,0,6,11,11,10,49,73,64,53,28,19,11,11,11,7,8,11,11,6,2,0
0,0,0,0,0,7,3,5,19,55,59,46,31,15,11,14,14,4,9,8,5,12,6,0
0,0,0,0,0,0,9,6,13,52,42,46,25,10,7,5,10,8,6,0,10,10,9,6
0,0,0,0,0,4,3,10,25,55,56,52,14,7,4,1,6,0,8,0,11,5,6,0
5,3,0,0,0,8,12,32,54,52,53,36,12,10,0,12,0,2,10,4,6,11,3,12
3,4,0,0,7,12,26,40,54,56,50,14,6,7,8,5,6,11,4,0,6,13,5,0
4,0,6,7,8,8,25,52,50,40,11,0,2,7,2,0,9,8,0,9,11,1,10,5

0,0,0,0,0,0,0,0,5,3,0,0,0,2,0,0,0,0,0,0,0,1,9,0
7,2,0,0,0,0,0,0,0,2,6,0,0,0,0,0,5,0,0,0,0,0,0,2
0,5,3,4,0,1,6,9,13,9,14,10,9,0,4,0,0,5,0,0,0,0,8,2
2,12,0,0,3,5,16,14,55,12,11,46,24,50,6,4,12,0,7,0,0,0,0,0
0,0,0,7,0,6,9,0,35,20,11,65,91,60,51,43,12,7,11,10,0,0,0,0
11,8,9,12,13,14,25,34,51,53,66,131,202,168,88,60,33,12,11,13,6,1,0,5
10,11,13,10,12,14,37,62,78,90,108,215,407,408,225,96,53,34,11,9,10,1,1,0
7,8,11,25,41,57,67,104,94,86,133,237,342,310,227,161,81,13,36,14,10,4,8,0
11,6,3,30,52,64,138,155,106,101,158,281,352,309,222,160,118,68,52,6,0,8,11,0
9,12,22,14,24,64,118,116,72,83,184,331,336,246,132,127,116,77,14,11,12,4,1,0
13,11,18,23,39,60,74,75,68,112,227,313,294,140,136,140,105,82,57,12,0,0,0,2
7,11,13,25,54,54,56,80,114,145,193,170,116,137,178,158,122,74,49,7,0,0,0,0
9,14,22,45,55,58,61,107,163,172,141,88,108,144,174,167,129,69,55,12,1,0,0,0
11,32,22,13,25,63,108,142,176,143,105,87,113,149,184,181,133,106,100,13,7,0,0,0
9,12,13,31,52,61,113,132,84,53,58,83,117,135,171,165,135,107,73,14,1,9,4,5
10,10,14,39,99,111,73,85,60,55,59,71,113,126,124,129,108,108,58,9,10,3,0,0
9,14,41,132,105,74,58,58,52,54,65,73,114,90,80,87,81,75,74,14,13,0,1,0
13,24,45,89,43,45,42,43,46,51,82,108,104,114,91,119,111,67,51,29,13,12,11,8
0,6,40,68,57,14,36,42,51,62,108,125,127,98,97,128,116,74,63,49,14,11,13,8
0,0,7,31,28,9,30,52,53,51,81,112,114,109,122,138,129,114,105,88,14,10,11,5
0,0,10,12,14,14,10,38,51,54,94,107,109,111,131,151,148,132,106,75,41,12,9,12
0,0,0,7,12,13,18,21,41,46,51,72,92,119,176,247,184,138,92,80,36,19,14,18
0,2,7,7,6,10,26,27,46,63,67,101,119,150,216,241,173,130,94,91,16,7,12,5
0,0,0,0,6,8,37,73,93,102,108,132,157,184,188,181,151,128,104,93,54,13,4,0
0,3,5,4,13,10,40,69,100,103,120,153,177,188,170,165,138,113,100,44,12,9,10,13
8,9,11,11,10,13,67,101,103,118,145,167,172,172,149,138,125,110,100,24,7,9,4,0
0,7,0,9,7,13,54,75,104,132,141,146,150,141,138,125,107,82,14,13,12,7,3,5
0,3,9,12,4,15,57,60,109,125,141,154,125,120,118,110,95,11,7,11,10,10,12,9
7,10,7,9,12,37,67,101,111,111,125,116,101,116,104,87,14,10,17,11,6,6,0,8
6,9,6,11,25,28,59,101,110,120,126,89,77,61,42,33,20,7,13,7,7,10,7,0
11,2,9,9,21,34,54,134,141,112,113,67,47,38,14,13,13,0,7,11,11,10,16,8
6,1,4,6,13,29,52,78,110,129,112,61,51,46,14,11,12,9,6,13,0,0,4,4
10,5,5,0,6,14,50,59,95,107,108,68,55,43,14,11,12,6,9,11,1,0,0,0
2,1,0,0,6,11,50,63,132,147,136,100,68,52,45,38,14,13,6,9,0,5,7,5
0,0,0,0,5,13,42,53,110,147,123,93,64,50,35,18,14,13,13,9,12,6,8,11
1,0,0,2,6,0,22,49,66,100,79,64,56,22,14,13,14,11,7,11,5,10,10,0
0,0,0,4,0,9,13,15,59,64,68,56,49,18,13,13,14,4,7,10,6,9,7,0
0,0,0,0,6,11,11,10,47,73,63,52,22,18,10,11,11,7,8,11,11,6,2,0
0,0,0,0,0,7,2,3,15,55,58,45,30,14,11,14,14,5,9,8,5,12,7,0
0,0,0,0,0,0,9,5,13,51,41,41,18,10,7,5,10,8,7,0,11,10,9,6
0,0,0,0,0,4,2,10,27,55,55,51,14,7,5,3,7,1,9,0,11,5,6,0
5,3,0,0,0,8,12,32,54,52,53,22,11,10,0,12,0,5,10,4,6,11,3,12
2,4,0,0,7,12,29,45,54,56,43,13,5,7,9,5,6,11,4,0,6,13,5,0
3,0,6,7,8,9,25,51,50,34,11,0,2,7,3,0,9,8,0,9,11,1,10,5

2,1,0,0,0,0,0,0,6,4,0,0,0,2,0,0,0,0,0,0,0,1,9,0
9,1,0,0,0,0,0,1,0,3,6,0,0,0,0,0,5,0,0,0,0,0,0,1
3,5,3,6,0,0,1,5,13,8,14,10,9,0,5,0,0,6,0,0,0,0,8,2
6,12,0,0,5,7,23,12,31,11,11,47,27,50,6,4,11,0,7,0,0,0,0,0
0,0,0,6,0,0,9,9,33,34,11,66,90,59,52,46,16,6,14,10,0,0,0,0
12,8,9,13,13,14,25,34,43,52,67,128,197,173,100,68,41,12,10,16,6,0,0,5
11,12,13,11,11,13,21,52,60,68,101,203,380,402,256,125,62,14,13,10,9,0,1,0
7,8,10,13,16,15,31,61,73,71,126,239,346,335,283,211,111,51,52,23,11,5,8,0
11,5,0,11,14,51,55,64,87,94,157,287,369,342,262,189,139,81,58,8,0,9,11,0
7,10,13,10,10,50,58,62,60,76,182,330,341,258,140,159,146,101,51,12,13,5,1,0
12,13,13,17,14,50,54,50,60,105,216,304,287,139,150,168,140,109,65,16,0,0,0,2
6,8,11,31,13,44,50,67,107,132,187,169,109,139,190,185,145,95,60,11,0,0,0,0
7,14,37,49,51,54,56,104,151,171,141,84,104,142,181,188,145,84,65,20,0,0,0,0
13,34,27,51,52,63,108,143,179,147,105,78,108,145,188,193,143,113,104,17,6,0,0,0
10,13,12,52,53,63,115,135,91,54,54,72,111,131,170,175,141,112,99,24,3,9,2,4
11,10,23,57,101,112,76,90,60,54,55,66,107,121,123,130,114,111,63,10,9,2,0,0
11,29,53,149,107,77,58,56,51,51,58,66,109,87,79,87,84,78,78,27,13,0,0,0
13,27,47,97,43,45,42,43,44,47,69,91,96,110,89,119,114,71,53,33,15,13,11,8
0,7,50,72,59,14,33,38,50,52,102,116,119,94,95,128,117,77,66,59,14,12,13,8
1,0,9,37,33,11,34,50,51,32,70,107,110,105,120,137,130,115,106,100,14,9,11,5
0,0,11,12,14,14,10,34,46,53,82,104,107,109,130,151,150,135,109,82,45,12,9,11
0,0,0,8,13,14,18,18,39,43,46,64,87,118,175,245,186,143,98,88,39,21,14,18
0,1,7,8,7,11,25,24,45,61,64,96,117,149,214,240,178,134,99,96,25,8,12,5
0,0,0,0,6,8,35,70,91,101,107,131,155,181,187,182,158,133,105,100,62,14,5,0
0,2,5,4,13,10,40,68,100,103,120,151,174,184,168,167,142,115,100,51,13,10,10,13
7,9,11,11,10,13,66,100,103,117,144,165,169,170,150,140,127,111,101,29,7,9,4,0
0,8,0,9,7,13,53,76,103,131,140,145,149,141,139,127,108,94,15,13,12,7,3,5
0,3,9,12,5,16,57,59,108,124,140,152,123,120,119,110,96,12,8,11,10,10,12,9
7,10,7,9,13,46,67,101,111,111,125,116,102,116,104,87,17,11,18,11,6,5,0,8
6,9,6,11,27,29,59,102,112,121,128,88,76,61,41,33,20,8,13,6,7,10,7,0
11,2,9,9,20,35,54,127,145,114,114,66,46,36,14,13,13,0,7,11,11,10,16,8
6,1,4,6,13,29,52,76,108,129,112,61,51,46,14,12,13,10,6,14,0,0,4,4
10,5,5,0,6,14,50,59,94,108,109,68,55,44,14,11,11,6,9,10,1,0,0,0
3,1,0,0,6,11,50,63,131,148,137,100,68,52,44,36,14,13,6,9,0,5,7,5
0,0,0,0,6,13,43,53,110,147,123,92,63,50,33,17,14,13,13,9,12,6,8,11
1,0,0,3,6,0,22,49,66,100,79,64,56,20,14,13,14,11,7,11,5,10,10,0
0,0,0,4,0,9,13,14,59,64,68,56,48,16,12,13,14,4,7,10,6,9,7,0
0,0,0,0,6,11,11,10,49,73,63,53,22,18,10,11,11,7,8,11,11,6,2,0
0,0,0,0,0,7,2,3,19,56,58,44,29,14,11,13,14,5,9,8,5,12,6,0
0,0,0,0,0,0,9,6,14,52,41,40,16,9,7,5,10,9,7,0,11,10,9,6
0,0,0,0,0,4,3,10,31,56,56,51,14,6,6,3,7,1,9,0,11,5,6,0
5,3,0,0,0,9,13,35,56,53,53,27,11,11,0,12,0,5,10,4,7,11,3,12
2,3,0,0,8,13,32,50,55,57,50,13,4,8,8,5,6,11,4,0,6,13,5,0
3,0,6,7,8,10,34,52,50,33,11,0,1,7,3,0,9,8,0,9,11,1,10,5

3,2,0,0,0,1,0,0,6,4,0,0,0,3,0,0,0,0,0,0,0,1,9,0
9,3,0,0,2,0,0,0,0,3,6,0,0,0,0,0,5,0,0,0,0,0,0,1
5,6,3,7,0,0,0,4,12,8,14,10,9,0,5,0,0,7,0,0,0,0,8,2
7,12,0,0,5,6,20,12,27,10,10,43,20,43,6,4,10,0,7,0,0,0,0,0
0,0,0,6,0,0,8,5,16,25,11,65,89,59,52,43,21,5,14,10,0,0,0,0
12,8,9,13,13,14,20,28,41,51,66,125,189,164,100,69,45,12,9,16,6,0,0,4
11,11,13,11,10,13,18,51,58,66,100,200,364,379,256,131,67,14,13,10,9,0,1,0
6,7,8,11,14,14,33,47,53,63,124,234,326,328,296,228,117,53,53,25,11,5,8,0
11,4,0,9,12,30,51,56,70,87,150,275,360,342,267,197,144,82,58,9,0,9,11,0
6,9,13,10,8,33,53,52,53,73,172,314,329,247,142,177,160,107,54,13,13,5,2,0
12,13,12,13,14,44,52,48,58,98,197,281,264,135,161,184,157,121,70,27,0,0,0,3
4,7,11,24,15,47,49,65,103,123,175,157,103,141,198,197,161,107,68,14,0,0,0,0
4,12,36,48,52,55,56,101,143,157,135,81,103,142,187,200,160,94,71,29,2,0,0,0
12,32,25,52,52,63,108,140,169,140,104,72,105,142,191,205,152,119,107,45,6,0,0,0
9,13,12,52,53,62,113,133,90,54,55,63,107,127,170,183,148,121,104,50,7,10,1,3
11,10,23,57,100,110,75,88,60,54,53,62,101,116,122,133,122,117,75,11,8,1,0,0
11,22,54,146,106,75,56,54,51,50,54,61,102,83,78,89,89,84,84,52,14,0,1,0
13,27,47,92,43,44,41,41,44,46,62,74,86,105,89,122,120,79,56,38,22,13,11,6
0,7,47,70,57,14,30,38,48,54,97,108,111,91,94,129,120,84,71,74,20,12,13,9
3,0,9,35,31,11,35,45,50,50,65,103,107,102,120,140,135,119,110,103,30,11,11,4
0,0,11,12,14,14,9,25,29,53,78,101,106,108,133,159,163,145,118,97,54,13,9,11
0,0,0,7,13,14,16,17,39,39,41,50,84,121,187,250,198,163,111,104,45,26,18,19
0,3,7,7,6,10,25,33,45,53,53,85,114,155,223,245,194,149,111,102,51,8,12,5
0,0,0,0,7,9,36,69,85,100,105,123,154,188,198,197,185,148,111,102,92,18,5,1
0,3,5,5,14,11,44,65,100,102,114,148,177,192,178,182,157,122,102,68,18,11,11,13
9,9,11,11,8,13,60,100,102,111,140,165,172,176,159,148,133,114,104,40,11,9,3,0
0,8,1,9,6,14,47,65,101,124,138,144,150,143,144,132,110,101,41,13,13,5,2,5
0,4,9,11,7,20,44,53,103,119,138,149,124,122,122,112,100,28,7,13,11,10,12,9
7,10,7,10,11,24,53,88,105,106,122,115,101,116,105,94,31,12,17,12,6,5,0,8
7,10,7,12,13,14,53,80,103,113,124,87,74,60,41,33,19,9,14,6,7,9,7,0
11,3,9,10,14,23,49,82,116,102,114,66,45,37,15,20,13,0,7,10,10,10,14,8
7,1,4,5,13,28,50,65,97,125,113,61,51,50,26,13,12,9,6,15,0,0,3,3
10,5,4,0,7,13,50,56,87,106,109,68,55,50,14,10,11,5,8,8,0,0,0,0
3,1,0,0,5,11,48,60,125,147,138,99,67,51,35,31,14,12,6,10,0,5,7,5
0,0,0,0,5,12,41,52,107,148,127,93,63,50,31,16,12,13,13,10,12,7,8,11
2,0,0,3,6,0,21,48,65,102,82,65,57,20,14,12,13,11,7,10,4,10,10,0
0,0,0,4,0,9,13,15,59,66,70,58,49,15,12,13,14,2,6,10,6,9,7,0
0,0,0,0,6,11,11,10,50,76,67,53,26,19,11,11,12,6,7,11,11,5,2,0
0,0,0,0,0,7,4,5,26,56,60,47,31,17,12,14,14,5,9,8,5,12,6,0
0,0,0,0,0,0,10,8,23,53,46,50,22,9,9,6,10,9,6,0,11,10,9,6
0,0,0,0,0,4,2,11,32,57,60,53,16,7,7,4,7,1,9,0,11,5,6,0
6,3,0,0,0,8,12,35,55,54,55,51,13,11,0,13,0,5,10,4,6,11,4,12
3,4,0,0,6,11,20,46,55,58,52,15,5,9,8,6,6,11,4,0,6,13,5,0
4,0,5,6,7,6,21,52,50,35,12,0,2,7,3,0,9,8,0,9,11,1,10,5

3,2,0,0,0,1,0,0,6,4,0,0,0,2,0,0,0,0,0,0,0,1,9,0
10,3,0,0,3,0,0,0,0,3,6,0,0,0,0,0,5,0,0,0,0,0,0,1
5,6,3,7,0,0,0,3,12,8,14,9,9,0,5,0,0,7,0,0,0,0,8,1
7,12,0,0,5,6,19,11,22,10,10,37,18,38,6,5,11,0,8,0,0,0,0,0
0,0,0,6,0,0,7,4,14,18,10,65,88,58,52,48,32,4,14,10,0,0,0,0
12,8,9,13,13,14,18,26,40,50,65,116,182,165,111,76,53,12,9,15,5,0,0,4
11,11,13,11,10,13,14,51,58,65,95,185,339,382,280,153,79,47,14,10,8,0,0,0
6,6,7,10,14,14,31,37,53,62,120,222,313,331,318,256,135,65,54,29,11,5,7,0
11,3,0,8,11,24,51,55,69,86,146,260,349,339,273,212,161,90,61,10,0,8,11,0
6,9,13,9,7,25,53,51,53,71,163,293,311,238,147,193,179,122,62,18,13,6,2,1
11,13,12,12,14,41,53,46,57,93,184,252,239,132,166,198,179,139,80,50,0,0,0,4
3,7,11,18,14,46,48,64,101,117,164,147,95,135,194,207,178,124,79,43,0,0,0,0
4,12,34,45,52,55,55,100,138,147,131,77,101,133,177,206,172,104,80,49,4,0,0,0
11,30,22,52,52,62,107,138,157,134,103,70,103,133,188,208,160,125,110,65,8,0,0,0
9,12,13,51,52,61,110,129,85,54,55,60,103,121,165,189,150,128,108,65,10,4,0,2
10,10,19,54,95,108,72,85,60,53,53,61,87,109,118,134,127,120,85,24,6,0,1,1
10,14,52,134,105,73,55,55,51,50,52,57,86,74,76,88,93,90,88,57,20,0,2,0
13,24,45,85,42,43,40,41,44,47,59,58,71,93,87,122,125,88,62,44,28,13,11,4
0,7,40,67,54,14,27,41,45,54,87,102,98,84,89,130,123,96,79,98,28,13,13,9
4,0,8,32,28,11,34,41,47,51,61,100,103,98,118,140,141,126,115,110,54,12,11,4
0,2,10,12,14,14,9,20,25,53,76,93,104,106,133,163,179,162,134,108,78,14,9,10
0,0,0,4,12,14,17,17,35,35,39,48,80,120,186,249,215,191,132,118,63,33,22,20
0,4,8,8,7,11,25,35,45,48,54,81,113,151,217,248,220,183,128,109,94,18,13,5
0,0,0,0,5,9,37,66,81,100,105,122,151,183,196,212,228,186,122,105,104,54,8,2
0,4,6,5,14,11,41,65,98,101,114,145,173,189,180,194,180,131,106,90,48,13,10,13
10,8,10,11,3,12,44,100,102,111,136,160,169,175,162,155,139,118,108,72,13,7,4,0
0,7,3,10,6,13,36,59,101,121,135,141,149,143,147,135,112,102,53,12,13,5,0,5
0,4,8,11,8,19,39,53,103,117,134,148,123,122,123,113,101,53,10,12,12,9,11,9
7,11,7,10,11,18,47,90,105,104,120,112,100,117,106,96,42,13,15,10,6,5,0,8
6,10,7,12,13,14,53,84,102,112,121,86,74,60,42,31,25,11,14,5,7,9,6,0
11,3,9,10,14,18,49,80,106,100,108,64,44,36,16,27,17,0,7,10,10,9,13,7
7,1,4,5,13,24,50,63,95,123,111,60,51,50,30,14,11,9,7,15,0,0,3,2
10,5,4,0,7,13,50,56,87,105,107,67,55,50,15,10,10,5,8,7,0,0,0,0
3,1,0,0,4,10,49,61,124,144,134,98,67,51,33,29,14,12,7,10,0,5,7,5
0,0,0,0,5,12,41,52,105,144,122,91,63,49,25,15,11,13,13,10,12,7,8,11
2,0,0,3,6,0,21,48,65,100,80,63,56,17,13,12,13,11,7,10,4,10,9,0
0,0,0,4,0,9,13,14,58,65,69,57,47,14,12,12,14,1,6,10,6,9,7,0
0,0,0,0,6,11,11,10,50,75,65,53,21,18,11,10,11,5,6,11,11,4,2,0
0,0,0,0,0,7,3,4,23,56,59,44,29,16,12,13,14,5,8,8,5,12,6,0
0,0,0,0,0,0,10,7,21,53,44,43,14,8,9,6,10,10,7,0,11,10,9,6
0,1,0,0,0,4,2,11,31,56,58,52,14,7,7,5,8,2,9,0,11,6,6,0
6,3,0,0,0,8,12,36,56,53,54,48,12,11,0,13,1,5,11,5,7,11,4,12
3,4,0,0,6,11,23,50,55,58,51,14,4,9,8,6,6,11,4,0,6,13,5,0
4,0,6,7,8,6,18,51,50,33,11,0,2,7,4,0,9,8,0,9,11,1,10,5

3,2,0,0,0,2,0,0,6,4,0,0,0,2,0,0,0,0,0,0,0,1,9,0
10,4,0,0,3,0,0,1,0,3,5,0,0,0,0,0,2,0,0,0,0,0,0,2
5,7,3,7,0,0,0,3,12,7,14,9,9,0,5,0,0,7,0,0,0,0,8,1
7,12,0,0,5,7,19,11,19,9,9,29,14,27,8,6,11,0,10,0,0,0,0,0
0,0,0,6,0,0,7,4,13,14,9,64,86,57,53,50,39,3,13,9,0,0,0,0
12,8,9,13,13,14,17,26,38,49,62,105,170,160,118,83,58,13,9,12,5,0,0,4
11,11,13,11,10,13,14,50,57,64,92,175,302,368,299,182,96,61,23,11,9,0,0,0
6,6,7,10,14,14,29,27,52,60,117,206,284,316,313,262,146,78,53,29,11,5,7,0
11,3,0,8,10,19,46,54,67,84,145,244,326,319,266,217,169,98,63,11,0,7,10,0
7,9,13,8,6,20,51,30,53,71,162,279,298,233,153,202,189,127,66,27,13,6,3,2
12,12,12,13,13,33,52,50,56,91,182,244,230,133,170,206,188,144,82,53,1,0,0,5
5,8,11,14,22,45,46,64,99,117,164,144,92,137,197,211,185,131,83,51,2,0,0,0
5,13,34,36,42,54,55,98,136,147,131,76,101,133,177,206,177,108,83,52,7,0,0,0
11,28,19,50,50,60,104,132,152,140,104,63,101,133,186,208,162,126,110,67,3,0,0,0
8,12,30,41,52,56,99,122,80,53,55,55,102,122,170,192,150,129,109,68,10,0,0,2
10,10,13,14,70,94,64,80,60,53,52,59,84,108,120,136,128,121,88,33,5,0,1,2
7,9,14,97,88,63,50,51,50,43,40,56,86,73,76,89,95,92,89,60,21,0,3,0
13,15,33,47,39,41,38,39,43,46,56,59,70,92,87,125,129,93,65,46,31,13,11,2
0,7,13,53,53,14,14,33,42,53,81,103,98,84,89,130,126,103,84,101,33,14,12,8
4,2,1,21,28,11,25,19,31,47,58,100,103,97,117,142,146,130,118,112,59,12,13,5
0,2,7,10,13,13,9,14,16,52,77,94,104,106,131,168,189,173,141,115,90,14,9,10
0,0,0,3,11,13,15,15,30,33,38,48,77,118,183,256,230,204,144,128,71,35,23,22
0,5,9,10,8,11,23,34,43,46,53,77,112,149,215,254,231,195,138,115,100,26,13,6
1,2,0,0,3,6,35,64,78,100,104,121,149,182,195,212,231,198,132,108,105,57,10,3
0,4,6,6,14,10,37,62,98,101,114,145,173,190,181,195,186,138,110,97,53,17,10,14
11,9,10,11,2,12,40,100,102,110,136,160,171,177,164,159,142,121,111,79,17,8,5,0
0,7,2,9,6,12,36,60,101,121,135,143,152,145,149,138,115,103,63,11,13,6,1,5
0,5,8,11,7,17,47,55,104,117,136,151,126,124,125,116,102,62,12,12,11,10,11,9
7,11,7,10,11,22,57,93,106,106,122,115,103,119,107,100,47,14,14,9,5,4,0,8
6,10,6,12,14,14,55,89,106,116,124,88,76,62,44,32,25,12,14,5,7,8,6,0
11,3,9,9,15,23,51,90,122,108,112,65,45,37,16,25,18,0,7,10,10,10,13,8
7,1,4,6,13,24,51,65,100,126,112,60,51,50,25,14,12,9,7,16,0,0,3,3
10,5,5,0,6,13,50,57,90,106,109,67,55,43,14,9,10,5,8,7,1,0,0,0
3,0,0,0,5,11,50,61,126,146,135,98,66,51,36,31,14,13,6,10,0,6,7,5
0,0,0,0,5,12,42,52,106,145,122,90,62,50,28,16,12,13,13,9,12,7,8,11
2,0,0,3,6,0,22,48,65,99,79,63,56,18,13,12,13,11,7,10,4,11,10,0
0,0,0,4,0,9,13,14,59,64,68,56,45,14,12,12,14,1,6,10,6,9,7,0
0,0,0,0,6,11,11,10,50,74,64,52,20,17,10,10,11,5,7,11,11,5,2,0
0,0,0,0,0,8,3,4,19,55,58,43,28,14,12,13,14,5,9,8,6,12,6,0
0,0,0,0,0,0,10,6,16,52,41,39,14,8,8,6,10,10,7,0,11,10,9,6
0,1,0,0,0,4,3,10,29,55,56,50,13,6,6,4,8,2,9,0,11,6,6,0
5,4,0,0,0,9,13,36,55,52,53,25,11,11,0,12,1,5,11,5,7,11,4,12
2,4,0,0,7,12,27,50,54,56,38,13,3,9,8,6,6,11,4,0,6,13,5,0
4,0,6,7,8,9,25,52,50,27,10,0,1,7,3,0,9,8,0,10,11,1,10,5

3,2,0,0,0,1,0,0,6,4,0,0,0,2,0,0,0,0,0,0,0,1,9,0
10,3,0,0,3,0,0,0,0,3,6,0,0,0,0,0,2,0,0,0,0,0,0,1
5,6,3,7,0,0,0,2,12,7,14,9,9,0,5,0,0,7,0,0,0,0,8,2
7,12,0,0,5,6,17,10,16,9,10,41,26,42,9,6,11,0,10,0,0,0,0,0
0,0,0,5,0,0,7,3,14,17,10,66,88,59,54,51,39,4,13,9,0,0,0,0
11,8,9,13,13,14,19,28,40,51,65,122,192,204,140,86,58,13,11,12,6,1,0,5
10,11,12,11,10,13,14,51,58,65,98,196,330,385,303,181,97,61,25,11,11,0,0,0
6,6,6,9,13,14,26,18,52,62,123,215,294,312,301,251,142,78,52,25,11,6,8,0
11,3,0,8,10,15,41,54,66,84,149,251,327,315,257,210,158,92,61,11,0,7,10,0
7,9,13,8,5,14,52,31,53,72,168,288,304,234,151,196,179,118,62,18,13,6,3,2
11,12,12,13,14,23,52,43,55,92,190,255,238,135,173,199,177,133,76,51,0,0,0,5
5,7,11,12,21,40,47,65,99,118,170,146,94,145,206,209,177,121,75,38,0,0,0,0
4,12,29,26,36,53,55,96,136,155,134,77,102,140,185,205,171,103,77,45,6,0,0,0
10,26,14,45,35,59,102,129,154,146,107,60,101,137,188,209,160,124,109,50,2,0,0,0
7,10,30,28,50,54,87,120,80,54,56,53,103,125,171,188,150,126,107,59,10,0,0,3
9,9,12,13,59,81,61,79,60,53,51,59,91,111,123,136,125,120,83,25,5,0,1,1
6,7,12,63,74,59,44,47,50,30,27,58,95,76,78,89,94,90,87,57,16,0,3,0
13,14,32,42,38,39,38,39,42,43,57,67,76,95,90,126,129,92,63,44,29,13,11,2
0,6,13,50,50,13,13,24,35,53,90,107,105,88,91,131,126,102,80,100,26,14,12,8
3,1,1,14,24,10,18,13,14,44,63,102,105,100,119,143,146,128,116,109,52,12,13,5
0,2,6,8,12,13,9,14,14,52,78,101,105,107,133,169,187,168,137,111,80,14,9,11
0,0,0,3,10,12,14,15,30,34,39,51,80,120,184,255,226,197,138,123,64,32,21,21
0,5,8,9,8,10,23,33,43,47,52,83,115,150,214,251,224,187,134,113,96,21,13,6
1,1,0,0,3,5,31,62,77,100,105,125,151,180,192,204,217,187,129,107,104,54,9,3
0,4,6,5,14,10,36,61,98,102,116,146,172,188,178,190,180,136,109,91,45,16,11,14
10,9,11,11,1,12,47,100,102,112,137,161,171,177,163,156,141,120,110,65,14,9,5,0
0,7,3,9,6,12,43,66,101,123,136,144,154,146,149,137,115,103,62,10,13,5,1,5
0,4,8,12,5,15,55,57,105,119,138,155,128,125,126,116,102,57,11,12,10,10,11,9
7,11,7,10,12,36,62,99,109,110,126,118,105,120,108,100,45,14,13,7,5,5,0,8
6,10,6,12,29,28,57,94,111,121,128,92,79,63,45,33,25,12,13,6,7,9,6,0
11,3,9,9,20,34,53,105,148,118,117,67,47,38,15,22,16,0,7,10,10,10,13,8
6,1,4,7,13,25,51,69,105,130,113,61,51,48,16,14,12,9,7,16,0,0,3,3
10,5,5,0,6,14,50,58,93,108,109,68,55,38,14,10,11,6,8,8,2,0,0,0
3,0,0,0,6,12,50,62,128,147,135,98,66,51,39,35,14,13,6,9,0,6,7,5
0,0,0,0,6,13,43,53,107,145,121,90,62,50,28,16,13,13,13,9,12,7,8,11
1,0,0,3,7,0,24,49,65,98,78,63,56,16,13,12,13,11,7,11,4,11,10,0
0,0,0,4,0,9,13,16,59,64,67,55,46,14,12,12,14,2,6,10,6,9,7,0
0,0,0,0,5,11,11,10,50,73,62,52,18,17,10,11,11,6,7,12,11,5,2,0
0,0,0,0,0,8,3,3,17,55,57,41,28,14,12,13,14,5,9,8,6,12,6,0
0,0,0,0,0,0,10,3,14,51,38,37,14,8,7,5,10,10,7,0,11,10,9,6
0,2,0,0,0,4,5,10,28,54,54,50,12,6,5,3,8,2,9,0,11,6,6,0
5,4,0,0,0,9,13,35,55,52,52,14,11,11,0,12,0,5,11,5,7,11,4,12
2,4,0,0,7,13,30,50,54,55,14,12,2,8,8,6,6,11,4,0,6,13,5,0
3,0,6,7,8,10,28,51,50,22,9,0,1,7,3,0,9,8,0,10,11,1,10,5

3,2,0,0,0,1,0,0,6,4,0,0,0,2,0,0,0,0,0,0,0,1,9,0
10,3,0,0,2,0,0,1,0,3,6,0,0,0,0,0,3,0,0,0,0,0,0,1
5,6,2,6,0,0,0,1,12,7,15,10,10,0,6,0,0,6,0,0,0,0,8,2
7,12,0,0,5,6,16,10,16,9,11,50,36,50,9,6,12,0,9,0,0,0,0,0
0,0,0,4,0,0,8,4,17,24,11,67,90,60,54,51,36,4,14,9,0,0,0,0
11,7,8,13,13,14,21,29,40,51,67,130,204,220,141,85,56,13,11,12,6,1,0,6
10,11,12,11,10,13,14,51,58,65,100,207,356,403,306,176,90,56,18,11,12,0,0,0
6,5,5,8,12,14,24,14,53,63,125,221,308,316,296,243,136,72,51,22,11,6,8,0
10,2,0,8,9,14,40,54,67,85,151,257,331,313,250,205,154,90,61,11,0,7,10,0
6,9,13,8,5,13,52,37,53,73,171,295,310,236,149,190,171,114,60,14,13,6,3,2
11,11,12,12,13,19,52,50,56,92,194,265,247,137,174,194,167,126,73,50,0,0,0,5
5,6,10,9,15,38,46,65,99,119,174,149,97,150,211,207,170,115,71,26,0,0,0,0
3,12,26,20,33,53,55,96,136,155,135,78,103,144,191,206,167,100,74,39,6,0,0,0
9,23,13,41,33,59,102,128,153,146,107,63,103,140,191,210,158,122,108,23,2,0,0,0
6,9,25,25,50,54,85,120,80,54,56,56,105,127,173,186,149,124,105,51,10,1,0,4
9,8,11,13,59,80,61,79,60,53,51,61,96,113,124,135,123,119,80,17,5,0,1,1
6,6,12,60,72,58,43,46,48,23,41,61,100,78,79,90,93,89,86,56,14,0,3,0
13,14,32,42,38,38,37,39,41,42,63,73,79,97,91,126,128,91,61,42,27,13,11,3
0,5,13,50,50,13,13,23,38,53,101,109,110,89,92,131,126,101,79,94,22,13,12,8
1,1,1,13,23,10,15,14,15,44,68,103,106,101,120,144,146,127,114,107,47,12,13,5
0,0,6,8,12,12,9,14,18,52,83,102,105,107,134,171,186,166,135,109,74,13,9,11
0,0,0,3,10,12,14,15,30,34,39,54,83,121,186,256,225,194,135,121,59,30,21,21
0,4,8,8,7,10,23,31,43,47,53,88,117,150,214,250,221,182,131,111,90,18,13,6
1,0,0,0,3,4,31,62,77,100,106,127,152,180,191,201,209,180,127,106,103,52,8,2
0,4,6,5,14,10,36,60,98,102,117,147,172,187,176,187,176,134,108,87,40,14,11,14
10,10,11,10,2,12,55,100,102,112,138,162,172,177,162,155,140,119,109,55,13,9,5,0
0,8,2,9,6,12,47,68,102,124,137,145,156,146,149,137,115,103,60,10,13,5,1,5
0,4,8,12,5,14,58,58,106,120,140,158,129,125,126,116,102,55,11,12,10,10,11,9
7,11,8,10,13,43,65,100,110,112,127,119,106,121,108,100,46,14,12,6,5,5,0,8
6,9,6,12,34,33,58,97,114,124,130,93,80,64,45,33,26,13,13,6,8,9,6,0
11,3,9,10,20,38,53,111,168,124,121,69,47,38,16,18,14,0,7,10,11,10,13,9
6,1,4,7,13,18,52,71,108,132,114,61,51,47,15,13,12,10,7,16,0,0,3,3
10,6,6,0,7,14,50,58,94,109,110,68,55,40,14,10,11,6,8,8,2,0,0,0
3,0,0,0,7,12,50,62,129,147,135,97,66,51,41,36,14,13,6,9,0,6,8,6
0,0,0,0,6,13,45,53,107,144,120,89,61,50,31,16,13,13,13,9,12,7,8,11
1,0,0,2,7,0,24,50,65,98,77,62,55,16,13,12,13,11,7,11,4,11,10,0
0,0,0,4,0,9,13,17,60,63,66,55,45,14,12,13,15,3,6,11,6,9,7,0
0,0,0,0,5,11,11,10,50,72,61,52,17,16,10,11,11,6,8,12,11,5,2,0
0,0,0,0,0,9,3,3,16,55,56,41,28,14,12,13,14,5,9,8,6,12,6,0
0,0,0,0,0,0,10,2,14,51,36,35,13,8,6,5,10,10,7,0,11,10,9,6
0,2,0,0,0,4,6,10,27,54,53,43,12,6,5,3,8,2,9,0,11,6,6,0
5,4,0,0,0,9,14,35,55,51,51,13,10,10,0,12,1,5,11,5,7,11,4,12
2,3,0,0,8,13,31,50,54,54,14,11,1,8,7,6,6,11,4,0,6,13,5,0
3,0,6,6,8,11,30,51,50,18,9,0,1,8,3,0,9,8,0,10,11,1,10,5

3,2,0,0,0,1,0,0,6,4,0,0,0,2,0,0,0,0,0,0,0,1,9,0
10,2,0,0,2,0,0,1,0,3,6,0,0,0,0,0,3,0,0,0,0,0,0,2
5,5,2,6,0,0,0,1,12,7,15,10,10,0,6,0,0,6,0,0,0,0,9,2
7,12,0,0,5,6,15,10,15,8,11,50,34,50,9,6,12,0,9,0,0,0,0,0
0,0,0,4,0,0,8,4,17,25,11,67,90,60,54,51,35,4,14,9,0,0,0,0
11,7,8,13,13,14,21,29,40,52,68,132,210,222,141,84,56,14,11,12,6,1,0,6
10,11,12,10,10,13,14,51,58,66,100,210,362,403,304,173,89,55,16,11,12,1,0,0
6,5,5,7,12,13,22,14,53,63,126,224,313,320,297,241,135,71,51,23,11,6,8,0
10,2,0,7,8,14,38,54,67,85,151,262,335,317,250,204,153,89,61,11,0,7,11,0
6,8,12,7,4,12,51,38,54,74,173,301,315,239,147,188,169,111,60,14,13,6,3,2
11,11,11,11,13,15,52,50,56,93,198,272,251,138,173,192,165,124,71,50,0,0,0,5
4,6,10,8,14,37,46,66,99,119,177,153,98,152,213,206,168,113,70,24,0,0,0,0
3,12,25,19,35,53,55,96,137,158,136,78,103,146,192,206,166,99,73,38,6,0,0,0
9,21,13,40,33,59,102,128,154,147,108,64,103,140,191,209,158,121,107,20,2,0,0,0
5,9,24,25,50,54,85,120,80,54,56,58,106,127,172,185,149,124,105,47,10,2,0,4
8,8,11,12,58,79,61,79,60,53,51,62,97,113,124,135,122,118,79,14,5,0,1,1
5,6,12,58,72,58,43,48,50,26,48,61,100,78,79,89,92,88,85,55,14,0,3,0
13,14,31,42,38,38,37,39,42,42,64,73,79,97,91,125,127,90,61,41,27,13,11,3
0,5,13,51,50,13,13,23,39,54,101,109,110,89,92,131,126,100,78,91,20,13,12,8
0,0,0,13,22,10,14,14,17,46,70,104,106,102,120,145,146,127,114,106,45,12,13,5
0,0,6,7,12,12,9,14,21,52,86,102,105,107,135,172,188,166,134,109,71,13,9,11
0,0,0,3,10,12,14,15,31,35,40,55,83,122,187,257,225,193,134,120,57,30,20,21
0,4,8,8,7,9,23,31,43,48,53,91,118,151,214,250,220,181,130,111,87,17,13,6
1,0,0,0,2,4,29,62,78,100,106,129,152,179,190,200,207,177,126,106,103,51,8,2
0,4,6,5,14,10,34,61,100,102,118,147,171,186,176,187,175,134,107,85,39,14,11,14
10,10,11,11,3,12,56,100,102,113,139,162,172,177,162,154,140,119,109,52,13,9,5,0
0,8,3,9,6,12,50,70,102,124,137,145,156,146,149,137,115,103,59,10,13,5,1,5
0,4,8,12,5,14,59,59,106,120,140,158,129,125,126,116,102,53,11,11,10,10,11,9
7,11,8,10,13,47,66,100,110,112,128,120,107,121,108,100,45,14,12,6,5,5,0,8
7,9,6,12,35,35,58,98,115,125,131,94,81,64,44,34,26,13,13,6,8,9,6,0
11,3,10,10,21,39,54,114,174,127,122,70,47,38,17,18,14,0,7,10,11,10,13,9
6,1,4,8,14,17,52,72,109,132,115,61,51,46,14,13,13,10,7,17,0,0,3,3
10,6,6,0,7,15,51,58,94,109,110,68,55,41,14,10,11,6,8,8,3,0,0,0
3,0,0,0,7,12,50,62,129,147,135,97,66,52,43,37,14,13,6,9,0,6,8,6
0,0,0,0,6,13,45,53,108,144,120,89,61,49,29,16,13,13,13,9,12,7,8,11
1,0,0,2,7,0,24,50,65,97,77,62,55,16,13,12,14,11,7,11,4,11,10,0
0,0,0,4,0,9,13,17,60,63,66,55,44,14,12,13,14,3,6,11,6,9,7,0
0,0,0,0,5,11,11,10,50,72,61,52,16,15,10,11,11,6,8,12,11,6,2,0
0,0,0,0,0,9,3,3,16,55,56,40,28,14,12,13,14,5,9,8,6,12,6,0
0,0,0,0,0,0,10,2,14,51,36,35,13,8,6,5,10,10,7,0,11,10,9,6
0,3,0,0,0,4,6,10,27,54,53,42,12,5,5,3,8,2,9,0,11,6,6,0
5,4,0,0,0,9,14,35,55,51,51,13,10,10,0,12,0,5,11,5,7,11,4,12
2,3,0,0,8,13,30,50,54,54,14,11,1,8,7,5,6,11,4,0,6,13,6,0
3,0,6,6,8,11,29,51,49,17,9,0,1,8,3,0,9,8,0,10,11,1,10,5
0,2,0,0,0,6,14,14,16,24,9,0,0,0,3,4,0,0,0,0,0,0,1,0
3,0,1,7,12,61,107,60,62,75,57,12,0,1,0,0,0,0,0,0,0,0,0,7
5,7,0,1,55,89,95,89,93,83,71,53,11,8,5,0,0,0,0,0,0,0,0,2
0,0,0,1,50,59,74,75,70,64,57,13,19,5,0,0,0,0,0,0,5,4,3,2
2,5,1,6,26,37,82,72,71,62,56,18,30,19,0,12,0,0,1,0,0,0,0,0
0,0,5,13,25,34,52,61,66,61,27,61,58,61,54,45,13,9,11,11,10,8,6,9
0,0,8,13,18,59,110,73,83,82,78,85,119,140,92,56,13,12,9,8,8,7,6,8
4,9,12,54,95,142,167,142,122,129,118,140,209,221,149,79,15,7,7,2,1,0,0,4
4,2,15,92,259,183,155,124,108,142,191,191,177,168,129,88,56,40,11,2,0,0,1,4
12,38,82,145,164,72,74,97,144,212,244,197,193,168,132,85,54,6,0,0,3,4,0,0
32,96,136,157,105,74,82,110,177,234,251,149,205,196,147,93,59,2,10,0,6,6,8,7
101,140,171,125,78,66,75,130,193,256,213,121,181,192,155,112,65,7,2,7,2,0,1,0
116,137,106,66,59,59,62,122,155,173,139,132,175,171,140,100,53,0,1,4,11,5,0,7
138,109,93,55,78,102,94,110,130,125,115,118,168,200,136,56,61,0,10,0,6,0,1,5
67,30,17,32,60,100,99,104,107,110,126,183,197,184,74,13,7,0,0,2,4,0,2,0
3,11,11,14,33,64,101,69,70,99,171,232,181,92,57,12,12,0,0,2,0,0,0,6
0,0,0,1,14,75,64,57,61,91,161,190,88,56,51,13,11,0,6,6,4,1,0,3
9,3,7,11,25,33,50,73,164,187,151,66,63,63,52,33,35,5,9,14,14,13,14,11
1,0,10,14,35,40,81,253,292,110,40,68,108,105,88,55,14,0,0,6,7,4,1,0
7,5,13,11,12,101,128,198,141,81,77,118,127,132,105,101,65,12,7,0,3,1,8,0
13,10,8,11,25,64,113,117,107,105,115,153,182,167,114,82,60,8,5,3,5,1,0,0
11,7,11,9,12,42,63,81,87,86,148,207,208,170,141,112,54,38,14,9,7,3,1,1
8,10,1,8,9,26,74,109,127,159,188,197,192,185,139,100,48,16,12,9,10,8,5,1
6,9,12,10,13,37,100,116,153,179,193,191,180,157,128,107,53,12,11,5,0,0,0,0
9,9,7,13,28,22,100,126,159,166,182,171,150,136,111,101,35,11,0,6,0,0,8,2
6,11,14,13,48,87,112,138,151,162,158,144,131,114,101,39,10,4,0,1,6,5,8,10
6,11,9,13,46,88,108,130,143,144,124,122,109,101,39,14,8,11,9,8,5,0,3,2
7,8,12,23,15,100,115,130,136,133,116,105,107,71,21,13,13,8,9,2,3,2,5,0
11,13,13,21,38,103,127,134,131,126,111,67,51,50,39,9,2,0,11,5,0,0,3,5
12,12,14,35,53,67,139,142,134,89,62,50,30,35,14,3,2,5,1,6,4,2,0,9
11,24,14,14,47,70,142,137,131,89,55,41,36,41,24,14,14,14,8,2,11,11,3,9
4,0,0,23,32,43,78,129,126,116,63,51,50,41,11,12,11,5,11,7,0,1,4,0
5,5,10,12,27,25,55,139,148,121,85,55,45,22,6,5,8,11,10,0,0,0,0,4
10,13,10,13,27,29,53,144,187,157,97,60,51,43,11,6,11,14,6,0,0,0,0,6
14,13,10,11,14,24,51,134,236,166,80,51,26,14,5,11,0,9,0,4,0,0,0,0
0,10,5,8,9,24,50,67,148,128,59,51,10,5,1,0,0,0,0,2,0,0,0,0
4,5,11,11,8,13,43,54,95,86,59,32,13,0,0,0,0,2,0,0,7,6,0,0
0,3,11,10,14,14,14,53,70,66,42,14,11,0,0,7,3,4,6,5,0,0,0,0
0,8,10,8,11,9,29,51,64,64,47,13,7,0,6,9,0,0,0,0,0,0,0,0
2,4,4,6,7,0,17,35,61,62,52,11,7,10,8,0,0,0,5,3,0,0,0,0
0,0,0,8,2,9,9,36,67,76,45,6,11,8,7,7,8,2,5,2,2,0,0,0
11,0,9,11,11,13,39,58,52,56,14,11,4,0,0,9,7,11,5,8,0,0,6,7
0,4,13,10,12,14,56,62,59,24,7,0,6,7,0,0,0,8,7,8,6,2,9,6
5,7,0,9,15,23,57,44,9,11,13,4,0,0,0,8,7,0,0,10,10,6,1,7

0,2,0,0,0,6,14,14,18,24,9,0,0,0,3,4,0,0,0,0,0,0,1,0
3,0,2,7,13,62,107,61,63,75,58,13,0,1,0,0,0,0,0,0,0,0,0,7
5,7,0,2,55,90,96,90,94,84,73,55,11,8,6,0,0,0,0,0,0,0,0,2
0,0,0,1,51,60,74,76,70,64,58,14,19,5,0,0,0,0,0,0,5,4,3,2
2,5,1,6,26,37,82,72,71,62,57,20,31,18,0,11,0,0,1,0,0,0,0,0
0,0,5,13,24,34,52,62,66,61,27,62,58,61,54,45,13,9,11,11,10,8,6,9
1,0,8,13,17,59,109,73,83,82,79,85,119,140,92,56,13,12,9,8,8,7,6,8
4,9,12,54,95,141,165,141,122,130,118,140,209,220,148,78,14,7,6,2,0,0,0,4
4,1,15,92,258,182,154,124,109,142,191,192,177,167,129,88,56,40,11,2,0,0,1,4
12,38,82,144,163,72,74,97,144,211,243,197,193,168,132,85,54,6,0,0,3,4,0,0
33,96,136,157,105,74,82,111,177,233,252,149,205,196,146,93,59,2,10,0,7,6,8,7
101,141,171,125,78,66,75,130,193,256,212,121,181,192,154,111,65,7,1,7,2,0,1,0
116,137,106,66,59,59,62,122,154,172,139,132,175,171,140,100,53,0,0,4,10,5,0,6
138,109,92,55,78,102,94,110,130,125,115,118,168,200,135,56,59,0,9,0,6,0,1,5
67,30,17,32,60,99,99,104,107,110,126,184,197,182,73,13,6,0,0,2,4,0,2,0
3,11,11,14,33,64,101,69,70,99,171,232,180,91,57,12,12,0,0,2,0,0,0,6
0,0,0,1,14,75,64,57,61,90,160,189,87,56,51,13,11,0,6,6,3,0,0,3
9,3,7,11,25,33,50,73,164,188,150,66,62,63,52,33,34,5,9,14,14,13,14,11
1,0,10,14,35,40,82,252,293,111,39,68,108,105,88,55,14,0,0,6,7,4,1,0
7,5,13,11,12,102,128,198,141,82,77,119,127,133,105,101,66,12,7,0,3,1,8,0
13,10,8,11,25,64,113,117,107,105,115,153,182,167,114,82,61,9,5,3,5,0,0,0
11,7,11,9,12,43,64,82,87,86,149,208,209,171,141,112,54,38,15,9,7,3,1,1
8,10,2,9,9,27,74,109,127,159,188,197,193,186,139,100,48,16,12,9,10,8,5,1
6,10,12,10,13,37,100,116,154,179,193,191,180,157,129,107,53,12,11,5,0,0,0,0
9,9,7,13,29,23,100,127,159,166,183,171,151,136,111,101,35,11,1,6,0,0,8,2
6,11,14,14,49,87,112,138,151,163,158,144,131,114,101,39,10,4,0,1,6,5,8,10
6,11,9,13,47,89,108,130,143,144,124,122,109,101,41,14,8,11,9,7,5,0,3,2
7,8,12,24,17,100,116,130,136,133,116,105,107,70,22,13,13,8,9,2,3,2,5,0
11,13,13,21,39,103,127,134,131,126,111,67,51,50,39,9,1,0,11,5,0,0,3,5
12,12,14,35,53,67,139,142,134,89,63,50,30,35,14,3,2,4,1,6,5,2,0,9
11,24,14,14,46,70,143,138,131,89,54,41,35,41,24,14,13,14,8,2,11,11,3,9
4,0,0,23,32,44,78,130,126,117,63,51,50,41,11,12,11,4,11,7,0,1,4,0
5,5,10,12,27,26,55,140,148,121,85,55,46,26,6,5,8,11,10,0,0,0,0,4
10,13,10,13,26,29,53,144,187,157,97,60,51,43,11,6,11,14,6,0,0,0,0,6
14,13,10,11,15,24,52,134,236,167,80,51,27,14,5,11,0,9,0,4,0,0,0,0
0,10,5,8,10,24,50,68,148,128,59,51,10,5,1,0,0,0,0,2,0,0,0,0
4,5,11,11,8,13,43,54,95,86,59,31,13,0,0,0,0,2,0,0,7,6,0,0
0,3,11,10,14,14,14,53,70,66,43,14,11,0,0,7,3,4,6,5,0,0,0,0
0,8,10,8,11,9,27,51,64,63,47,13,7,0,6,9,0,0,0,0,0,0,0,0
2,4,4,6,7,0,17,36,61,62,52,11,7,10,8,0,0,0,5,3,0,0,0,0
0,0,0,8,2,9,9,36,67,75,47,6,11,7,7,7,8,2,5,2,2,0,0,0
11,0,10,11,11,13,40,58,52,57,14,11,4,0,0,9,7,11,5,8,0,0,6,7
0,4,13,10,12,14,56,62,59,24,7,0,6,7,0,0,0,8,7,8,6,2,9,6
5,7,0,9,15,23,57,42,9,11,13,3,0,0,0,8,7,0,0,10,10,6,1,7

0,2,0,0,0,7,14,16,21,25,10,0,0,0,3,4,0,0,0,0,0,0,2,0
4,0,2,8,13,63,107,62,65,76,58,13,0,1,0,0,0,0,0,0,0,0,0,7
5,7,0,3,55,90,97,92,96,85,75,56,11,8,6,0,0,0,0,0,0,0,0,2
0,0,0,2,51,60,75,76,71,64,58,14,20,5,0,0,0,0,0,0,5,4,3,2
2,5,2,6,27,37,82,72,71,63,57,22,32,18,0,11,0,0,0,0,0,0,0,0
0,0,5,13,24,35,52,62,66,62,28,62,59,61,54,44,13,9,11,11,10,8,6,9
1,0,8,13,16,59,109,73,83,82,79,85,119,139,92,56,13,12,9,8,8,7,6,8
4,9,12,53,95,141,165,141,122,129,118,139,208,218,147,78,15,7,6,2,0,0,0,4
4,2,15,92,259,182,153,124,108,142,191,191,176,167,129,88,56,38,11,2,0,0,1,4
12,38,81,144,162,72,74,98,144,209,242,196,193,167,131,84,54,6,0,0,3,4,0,0
32,95,136,156,105,74,83,111,177,232,249,148,204,196,146,92,59,2,10,0,6,6,8,7
101,140,169,125,78,66,75,131,193,255,211,120,181,192,154,111,65,7,1,7,2,0,1,0
116,136,106,66,59,59,62,122,154,172,139,132,174,170,139,100,53,0,0,4,10,5,0,6
136,108,92,55,78,102,95,110,130,125,115,118,168,199,135,56,59,0,9,0,6,0,1,5
65,29,17,32,60,100,100,104,108,110,125,184,197,182,73,13,6,0,0,2,4,0,2,0
3,11,11,14,33,64,101,69,70,98,171,232,180,91,57,12,12,0,0,1,0,0,0,6
0,0,0,1,14,75,64,57,61,90,160,190,87,56,51,13,11,0,6,6,3,0,0,3
9,3,7,11,26,34,50,73,164,188,151,66,63,63,52,33,34,4,9,14,14,13,14,12
1,0,10,14,36,40,82,253,294,111,38,68,108,106,88,55,14,0,0,6,7,4,1,0
7,5,13,11,12,102,128,198,141,82,78,119,127,133,105,101,65,12,7,0,3,1,8,0
13,10,8,11,25,65,113,117,107,106,115,154,183,167,114,82,60,9,5,3,5,1,0,0
11,7,11,9,12,44,64,83,87,86,149,208,210,171,141,112,54,38,14,9,7,3,1,1
8,10,2,9,9,28,74,109,127,160,188,198,193,185,139,100,47,16,12,9,10,8,5,1
6,10,12,10,13,40,100,117,154,179,194,191,180,156,128,106,52,12,11,5,0,0,0,0
9,9,7,13,28,24,100,127,160,166,183,171,151,135,111,101,35,11,1,6,0,0,8,2
6,11,14,14,50,89,112,138,151,163,159,144,131,114,101,39,10,4,0,1,6,5,8,10
6,11,9,13,47,89,108,131,143,144,124,122,109,101,38,14,8,11,9,8,5,0,3,2
7,8,12,24,17,100,116,130,137,133,116,105,108,70,21,13,13,8,9,2,3,2,5,0
11,13,13,21,39,103,127,135,132,126,111,67,51,50,38,9,2,0,11,5,0,0,3,5
12,12,15,35,53,68,140,143,135,89,63,50,30,35,14,3,2,4,1,6,5,2,0,9
11,25,14,14,47,70,144,139,132,90,54,41,36,41,24,14,13,14,8,2,11,11,3,8
4,0,0,23,32,43,79,130,126,116,63,51,50,40,11,12,11,4,11,7,0,1,4,0
5,5,10,12,27,25,55,140,148,121,85,55,44,22,6,5,8,10,10,0,0,0,0,4
10,13,10,13,28,30,53,145,188,157,97,60,51,43,11,6,11,14,6,0,0,0,0,7
14,13,10,11,16,25,51,135,237,166,80,51,27,14,5,11,0,9,0,4,0,0,0,0
0,10,5,8,10,24,50,68,148,128,59,51,10,5,1,0,0,0,0,2,0,0,0,0
4,6,11,11,8,13,43,54,95,86,59,33,13,0,0,0,0,2,0,0,7,6,0,0
0,3,11,10,14,14,14,53,70,66,43,14,11,0,0,7,3,4,6,5,0,0,0,0
0,8,10,8,11,9,28,51,64,63,46,13,7,0,6,9,0,0,0,0,0,0,0,0
2,4,4,6,7,0,17,36,61,62,52,11,7,10,8,0,0,0,5,3,0,0,0,0
0,0,0,8,2,9,9,36,67,75,46,6,11,7,7,7,8,2,5,2,2,0,0,0
11,0,10,11,11,13,42,58,52,57,14,11,4,0,0,9,7,11,5,8,0,0,6,7
0,4,13,10,12,14,56,62,59,24,7,0,6,7,0,0,0,8,7,8,6,2,9,6
5,7,0,9,15,23,57,42,8,11,13,3,0,0,0,8,7,0,0,10,10,6,1,7

0,2,0,0,0,7,14,17,22,26,10,0,0,0,4,4,0,0,0,0,0,0,2,0
4,0,3,8,13,65,108,62,65,76,58,14,0,1,0,0,0,0,0,0,0,0,0,7
5,8,0,3,55,92,98,93,97,85,76,57,12,8,6,0,0,0,0,0,0,0,0,2
0,0,0,3,51,60,77,77,71,64,59,14,22,5,0,0,0,0,0,0,4,4,3,2
2,5,2,6,27,37,81,72,71,63,57,22,33,17,0,11,0,0,0,0,0,0,0,0
0,0,5,13,24,35,53,62,66,62,28,62,59,61,54,44,13,8,10,11,10,8,6,9
1,0,8,13,16,59,108,73,83,82,79,85,119,140,92,56,13,12,9,8,8,7,6,8
4,9,12,54,95,141,164,141,122,129,118,139,207,218,147,78,14,7,6,2,0,0,0,4
4,1,14,92,260,181,153,123,109,141,190,191,176,167,128,88,56,38,11,2,0,0,1,4
12,39,81,144,162,71,74,98,144,210,242,195,193,167,131,84,54,6,0,0,3,4,0,0
33,95,136,157,104,74,83,112,178,232,250,148,204,196,146,92,59,2,10,0,6,6,7,7
101,140,171,125,78,66,75,132,194,256,211,120,181,192,153,111,65,7,1,7,2,0,1,0
116,137,106,66,59,59,62,122,154,171,139,132,174,170,139,100,53,0,0,4,10,5,0,6
137,109,92,55,78,102,95,110,129,125,115,118,168,199,135,56,59,0,9,0,6,0,1,5
66,30,17,33,60,99,99,104,107,110,125,183,196,182,73,13,6,0,0,2,4,0,2,0
3,11,11,14,33,64,101,69,70,99,170,232,180,91,57,12,12,0,0,1,0,0,0,6
0,0,0,1,14,75,64,57,61,91,160,190,87,56,51,13,11,0,6,6,3,0,0,2
9,3,7,11,26,33,50,73,164,188,151,66,62,63,52,34,34,4,9,14,14,13,14,11
1,0,10,14,35,40,81,254,295,111,39,68,108,106,88,55,14,0,0,6,7,4,1,0
7,5,13,11,12,102,128,198,141,82,78,119,127,133,105,101,66,13,6,0,3,1,8,0
13,10,8,11,25,65,113,117,107,105,115,155,183,167,114,82,61,9,4,3,5,0,0,0
11,7,11,9,12,44,64,82,88,86,149,209,210,171,141,112,54,38,14,9,7,3,1,1
8,10,2,9,9,28,75,109,127,160,188,198,193,186,139,100,48,17,12,9,10,8,5,1
6,10,12,10,13,38,100,117,154,179,194,192,180,157,128,107,53,12,11,5,0,0,0,0
9,9,7,13,29,24,100,127,160,167,183,171,151,136,111,101,35,11,0,6,0,0,8,2
6,11,14,14,50,87,112,138,152,163,159,145,131,114,101,40,10,4,0,1,6,5,8,10
6,11,9,13,47,89,108,131,143,144,124,122,109,101,39,14,8,11,9,8,5,0,3,2
7,8,12,24,18,100,116,130,136,134,116,105,107,70,22,13,13,8,9,2,3,2,5,0
11,13,13,21,39,103,127,134,132,126,111,67,51,50,39,9,1,0,11,5,0,0,3,5
12,12,15,35,53,67,139,142,134,89,62,50,30,35,14,3,2,4,1,6,4,2,0,9
11,25,14,14,46,70,143,138,131,89,54,41,35,41,24,14,13,14,8,2,11,11,3,8
4,0,0,23,32,44,79,130,126,116,63,51,50,41,11,12,11,4,11,7,0,1,4,0
5,5,10,12,27,25,55,140,148,121,85,55,44,22,6,5,8,11,10,0,0,0,0,4
10,13,10,13,28,30,53,145,188,158,97,60,51,43,11,6,11,14,6,0,0,0,0,7
14,13,10,11,14,24,51,134,238,167,80,51,26,14,5,11,0,9,0,4,0,0,0,0
0,10,5,8,10,24,50,68,149,129,59,51,10,5,1,0,0,0,0,2,0,0,0,0
3,5,11,11,8,13,43,54,95,86,59,33,13,0,0,0,0,2,0,0,7,6,0,0
0,3,11,10,14,14,14,53,70,66,43,15,11,0,0,7,3,4,6,5,0,0,0,0
0,8,10,8,11,9,28,51,64,63,47,13,7,0,6,9,0,0,0,0,0,0,0,0
2,4,4,6,7,0,17,36,61,62,52,11,7,10,8,0,0,0,5,3,0,0,0,0
0,0,0,8,2,9,9,35,67,75,45,6,11,7,7,7,8,2,5,2,2,0,0,0
11,0,10,11,11,13,39,58,52,57,14,11,4,0,0,9,7,11,5,8,0,0,6,7
0,4,13,10,12,14,56,62,59,24,7,0,6,7,0,0,0,8,7,8,6,2,9,6
5,7,0,9,15,23,57,43,9,11,13,3,0,0,0,8,7,0,0,10,10,6,1,7

0,2,0,0,0,8,14,19,24,28,10,0,0,0,3,4,0,0,0,0,0,0,2,0
4,0,3,9,13,65,108,63,66,76,59,14,0,1,0,0,0,0,0,0,0,0,0,7
5,8,0,4,56,92,100,95,98,86,77,58,12,8,6,0,0,0,0,0,0,0,0,2
0,0,0,4,51,61,79,78,71,65,59,15,24,5,0,0,0,0,0,0,4,4,3,2
2,5,3,6,27,37,81,73,71,63,57,25,33,17,0,11,0,0,0,0,0,0,0,0
0,0,4,13,24,36,52,62,67,62,28,62,59,61,54,44,13,8,10,11,10,8,6,9
1,0,8,13,16,59,108,73,83,82,79,85,119,140,92,56,13,12,9,8,8,7,6,8
4,9,12,54,95,141,163,140,122,129,118,139,208,218,147,78,15,7,6,2,0,0,0,4
4,1,14,92,264,181,152,123,108,141,190,191,176,167,128,87,56,38,11,2,0,0,1,4
13,38,81,145,162,71,74,97,144,209,241,196,193,167,131,84,54,6,0,0,3,4,0,0
33,96,136,159,104,73,82,111,177,232,249,148,204,196,146,92,59,2,10,0,6,6,7,7
101,141,172,125,78,66,75,131,194,255,210,120,181,192,153,111,65,7,1,7,1,0,0,0
116,137,106,66,59,59,62,122,154,171,138,132,174,170,139,100,53,0,0,4,10,5,0,6
138,109,93,55,78,102,94,110,129,124,115,118,168,199,135,56,59,0,9,0,6,0,1,4
67,31,18,32,60,98,98,103,106,110,125,183,196,182,73,13,6,0,0,2,4,0,2,0
3,11,11,14,33,64,100,69,70,98,171,232,179,91,57,12,12,0,0,1,0,0,0,6
0,0,0,1,14,74,63,57,61,91,160,189,87,56,51,13,11,0,6,6,3,0,0,3
9,4,7,11,26,33,50,73,164,189,151,66,63,63,52,34,34,4,9,14,14,13,14,11
1,0,10,14,35,40,81,253,296,111,37,68,108,106,88,55,14,0,0,6,7,4,1,0
7,5,13,11,12,102,128,198,141,82,78,119,128,133,105,101,66,13,7,0,3,1,8,0
13,10,8,11,26,65,113,117,107,106,115,155,183,167,114,82,60,9,4,3,5,0,0,0
11,7,11,9,12,44,64,82,88,86,149,209,210,171,141,112,54,38,14,8,7,3,1,1
8,10,2,9,9,29,75,109,127,160,188,198,193,186,139,100,48,17,12,9,10,8,5,1
6,10,12,10,13,41,100,117,155,179,193,191,180,157,128,107,53,12,11,5,0,0,0,0
9,9,7,13,29,24,100,127,160,167,183,171,151,136,111,101,35,11,0,6,0,0,8,2
6,11,14,14,49,89,112,139,151,163,159,144,131,114,101,39,10,4,0,1,6,5,8,10
6,11,9,13,48,90,108,131,143,144,124,122,109,101,41,14,8,11,9,7,4,0,3,2
7,8,12,24,18,100,116,130,136,133,116,105,107,71,23,13,13,8,9,2,3,2,5,0
11,13,13,21,40,103,127,134,132,126,111,67,51,50,39,9,1,0,11,5,0,0,3,5
12,12,15,35,53,67,139,142,134,89,62,50,30,35,14,3,2,4,1,6,4,2,0,9
11,25,14,14,47,71,144,138,132,90,55,41,36,41,24,14,13,14,8,2,11,11,3,8
4,0,0,23,32,43,79,130,126,117,63,51,50,40,11,12,11,4,11,7,0,1,4,0
5,6,10,12,27,25,55,140,149,121,85,55,44,23,6,5,8,10,10,0,0,0,0,4
10,13,10,13,28,30,53,145,188,158,97,60,51,43,11,6,11,14,6,0,0,0,0,6
14,13,10,11,15,25,51,135,238,168,80,51,27,14,5,11,0,9,0,4,0,0,0,0
0,10,5,8,10,24,50,68,149,129,59,51,10,6,1,0,0,0,0,2,0,0,0,0
4,5,11,11,8,13,43,54,95,86,59,33,13,0,0,0,0,2,0,0,7,6,0,0
0,3,11,10,14,14,14,53,70,66,43,15,12,0,0,7,3,4,6,5,0,0,0,0
0,8,10,8,11,9,29,51,64,63,46,13,7,0,6,9,0,0,0,0,0,0,0,0
2,4,4,6,7,0,17,36,61,62,52,11,6,10,8,0,0,0,5,3,0,0,0,0
0,0,0,8,2,9,9,36,66,75,46,6,11,7,7,7,8,2,5,2,2,0,0,0
11,0,10,11,11,13,42,58,52,57,14,11,4,0,0,9,7,11,5,8,0,0,6,7
0,4,13,10,12,14,56,62,59,24,7,0,6,7,0,0,0,8,7,8,6,2,9,6
5,7,0,9,15,23,57,43,9,11,13,3,0,0,0,8,7,0,0,10,9,6,1,7

0,3,0,0,0,8,14,19,24,27,10,0,0,0,4,4,0,0,0,0,0,0,2,0
4,0,3,9,13,65,108,63,66,76,59,15,0,1,0,0,0,0,0,0,0,0,0,7
5,8,0,4,56,92,100,96,99,87,78,59,12,8,6,0,0,0,0,0,0,0,0,2
0,0,0,4,51,61,79,78,72,65,59,17,23,5,0,0,0,0,0,0,4,4,3,2
2,5,3,7,28,37,82,73,71,63,58,27,34,17,0,10,0,0,0,0,0,0,0,0
0,0,5,13,24,36,53,62,67,62,28,63,59,61,54,44,13,8,10,11,10,8,6,9
1,0,8,13,16,59,109,73,83,83,80,86,119,140,92,56,13,12,9,8,8,7,6,8
4,9,12,53,95,141,164,141,123,130,119,140,207,217,147,78,15,7,6,2,0,0,0,4
4,2,15,92,264,181,152,123,108,141,190,191,176,167,128,87,56,38,11,2,0,0,1,4
13,39,81,145,162,71,74,97,144,209,242,196,193,167,131,84,54,5,0,0,3,4,0,0
33,96,136,158,104,73,83,111,176,231,250,148,203,195,145,92,59,2,10,0,6,6,7,7
101,141,172,125,78,66,75,131,193,255,211,120,181,192,153,111,65,6,1,6,1,0,0,0
117,137,106,66,59,59,62,122,154,171,138,132,173,170,139,100,53,0,0,4,10,5,0,6
138,109,93,55,78,102,94,110,129,124,115,117,168,199,135,56,59,0,9,0,6,0,1,4
66,30,17,33,60,99,98,103,107,110,125,183,196,181,73,13,6,0,0,2,4,0,2,0
3,11,11,14,33,64,101,68,69,98,170,231,179,91,57,12,11,0,0,1,0,0,0,6
0,0,0,1,14,75,63,57,61,90,160,189,87,56,51,13,11,0,6,6,3,0,0,3
9,3,7,11,26,34,50,73,164,188,150,66,62,63,52,34,34,4,9,14,14,13,14,11
1,0,10,14,36,40,81,253,297,111,38,68,108,106,89,55,14,0,0,6,7,4,1,0
7,5,13,11,12,102,128,198,141,82,77,119,128,133,105,101,66,12,7,0,3,1,8,0
13,10,8,11,26,65,113,117,107,105,115,155,184,167,114,82,61,9,4,3,5,0,0,0
11,7,11,9,12,44,64,83,88,86,150,209,210,171,141,112,54,38,15,8,7,3,1,1
8,10,2,9,9,29,75,109,127,161,188,198,193,186,139,100,48,17,11,9,10,8,5,1
6,10,12,10,13,41,100,117,155,180,194,191,180,157,128,107,55,12,11,5,0,0,0,0
10,9,7,13,29,24,100,127,160,167,183,171,151,136,111,101,35,11,0,6,0,0,8,2
6,11,14,14,49,89,112,139,152,163,159,144,131,114,101,40,10,4,0,1,6,4,7,10
6,11,9,13,48,90,108,131,144,144,124,122,109,101,42,14,8,11,9,8,5,0,3,2
7,8,12,25,20,100,116,130,137,134,116,105,107,71,23,13,13,8,9,2,3,2,5,0
11,13,13,21,40,103,127,135,132,126,111,67,51,50,39,9,1,0,11,5,0,0,3,5
12,12,15,35,53,67,139,142,135,89,62,50,30,36,14,3,2,4,1,6,4,2,0,9
11,25,14,14,46,71,144,138,132,89,55,41,36,41,24,14,13,14,8,2,11,11,3,8
4,0,0,23,32,44,79,130,126,117,63,51,50,40,11,12,11,4,11,7,0,1,4,0
5,6,10,12,27,25,55,140,149,121,85,55,44,24,6,5,8,11,10,0,0,0,0,4
10,13,10,13,28,29,53,145,188,158,98,60,51,43,11,6,11,14,6,0,0,0,0,6
14,13,10,11,15,24,51,135,238,168,80,51,27,14,5,11,0,9,0,4,0,0,0,0
0,10,5,8,10,24,50,68,149,129,59,52,10,6,1,0,0,0,0,2,0,0,0,0
4,5,11,11,8,13,44,54,95,86,59,34,13,0,0,0,0,2,0,0,7,6,0,0
0,3,11,10,14,14,14,53,70,66,43,15,12,0,0,7,3,4,6,5,0,0,0,0
0,8,10,8,11,9,29,51,64,63,47,13,7,0,6,9,0,0,0,0,0,0,0,0
2,4,4,6,7,0,17,36,61,62,51,11,6,10,8,0,0,0,5,3,0,0,0,0
0,0,0,8,2,9,9,36,66,75,48,6,11,7,7,7,8,2,5,2,2,0,0,0
11,0,10,11,11,13,39,58,52,57,14,11,4,0,0,9,7,11,5,8,0,0,6,7
0,4,13,10,12,14,55,62,59,24,7,0,6,7,0,0,0,8,7,8,6,2,9,6
5,7,0,9,15,23,57,44,9,11,13,3,0,0,0,8,7,0,0,10,9,6,1,7

0,3,0,0,0,8,14,22,24,28,11,0,0,0,4,4,0,0,0,0,0,0,2,1
4,0,4,9,13,65,108,63,66,76,59,14,0,1,0,0,0,0,0,0,0,0,0,7
6,8,0,4,56,92,100,96,100,87,78,59,12,8,6,0,0,0,0,0,0,0,0,3
0,0,0,4,51,61,79,78,72,65,60,17,24,5,0,0,0,0,0,0,4,4,3,2
2,5,4,7,28,37,82,73,72,63,57,27,34,18,0,10,0,0,0,0,0,0,0,0
0,0,5,13,24,36,53,63,67,63,29,63,59,61,54,44,13,8,10,11,10,7,6,9
1,0,8,13,17,59,109,73,83,83,80,86,119,140,92,56,13,12,9,8,8,7,6,8
4,9,12,54,95,141,165,141,123,130,119,140,207,216,147,78,14,7,6,2,0,0,0,4
4,2,15,92,265,181,152,123,109,141,190,192,176,166,128,87,56,37,11,2,0,0,1,4
13,39,82,145,162,71,74,97,144,208,241,195,193,167,131,84,54,5,0,0,3,4,0,0
33,96,137,158,104,73,82,110,176,231,249,148,203,195,145,92,58,2,10,0,6,6,7,7
101,141,172,125,78,66,75,130,193,255,210,120,180,191,153,111,65,6,1,6,1,0,0,0
117,137,106,66,59,59,62,122,154,171,138,132,173,169,138,100,53,0,0,4,10,5,0,6
138,109,92,55,78,102,94,110,129,124,115,117,167,199,134,56,58,0,9,0,6,0,1,4
66,30,17,33,60,98,98,103,107,110,125,183,196,181,73,12,6,0,0,2,4,0,2,0
3,11,11,14,33,64,101,69,69,98,170,231,179,91,57,12,11,0,0,1,0,0,0,6
0,0,0,1,14,75,63,57,61,90,160,190,87,56,51,13,11,0,6,5,3,0,0,2
9,4,7,11,26,34,50,73,164,189,151,66,62,63,52,34,34,4,9,14,14,13,14,11
1,0,10,14,36,40,81,254,297,111,38,68,108,106,88,55,14,0,0,6,7,3,0,0
7,5,13,11,12,102,128,198,141,82,77,119,127,132,105,101,65,12,6,0,2,0,8,0
13,10,8,11,26,66,113,117,107,106,115,155,183,166,113,81,60,9,4,3,5,0,0,0
11,7,11,9,12,44,64,83,88,86,150,210,210,170,140,112,54,38,14,8,7,3,1,1
8,10,2,9,9,30,75,109,127,160,188,198,192,185,138,100,48,16,11,9,10,8,5,1
5,10,12,10,13,41,100,117,155,180,194,191,179,155,128,106,55,12,11,4,0,0,0,0
10,9,7,13,29,24,100,127,160,167,183,170,150,135,111,101,35,11,0,6,0,0,8,2
6,11,14,14,49,89,112,139,152,163,159,144,131,114,101,37,10,4,0,1,6,5,7,10
6,11,9,13,47,89,108,131,143,145,124,122,109,101,39,14,8,11,9,8,5,0,3,2
7,8,12,24,18,100,116,130,136,134,116,105,107,71,22,13,13,8,9,2,3,2,5,0
11,13,13,22,40,103,127,135,132,126,111,67,51,50,39,9,1,0,11,5,0,0,3,5
12,12,15,35,53,68,139,142,134,89,63,50,30,35,14,3,2,4,1,6,4,2,0,9
11,25,14,14,46,71,145,138,131,89,54,41,36,41,24,13,13,13,8,2,11,11,3,8
4,0,0,23,32,43,79,130,126,117,62,51,50,40,11,12,11,4,11,7,0,1,4,0
5,6,10,12,27,26,55,140,149,122,86,55,46,24,6,5,8,11,10,0,0,0,0,4
10,13,10,12,27,30,53,146,189,159,98,60,52,44,12,7,11,14,6,0,0,0,0,6
14,13,10,11,15,24,51,134,239,169,80,51,29,14,5,11,0,9,0,4,0,0,0,0
0,10,5,8,10,22,50,68,149,130,59,52,10,6,1,0,0,0,0,2,0,0,0,0
4,5,11,11,8,13,43,54,95,87,60,33,13,0,0,0,0,2,0,0,7,6,0,0
0,3,11,10,14,14,14,53,70,67,43,17,12,0,0,7,3,4,6,5,0,0,0,0
0,8,10,8,11,9,29,51,64,63,47,13,7,0,6,9,0,0,0,0,0,0,0,0
2,4,4,6,7,0,17,36,61,62,52,11,6,10,8,0,0,0,5,3,0,0,0,0
0,0,0,8,2,9,9,35,66,76,48,6,11,7,7,7,8,2,5,2,2,0,0,0
11,0,10,11,11,13,39,58,52,57,14,11,4,0,0,9,7,11,5,8,0,0,6,7
0,4,13,10,12,14,55,62,59,25,8,0,6,7,0,0,0,8,7,7,6,2,9,6
5,7,0,9,15,23,57,47,9,11,13,3,0,0,0,8,7,0,0,10,9,6,1,7

0,3,0,0,0,8,14,20,25,28,11,0,0,0,4,5,0,0,0,0,0,0,2,0
4,0,4,9,13,65,108,63,67,76,59,15,0,1,0,0,0,0,0,0,0,0,0,7
6,8,0,4,56,92,100,96,100,87,78,59,12,8,6,0,0,0,0,0,0,0,0,2
0,0,0,4,51,61,80,79,72,66,60,22,27,5,0,0,0,0,0,0,4,4,3,2
3,5,4,7,28,37,82,73,72,63,58,28,35,18,0,10,0,0,0,0,0,0,0,0
1,0,5,13,24,36,53,63,67,63,29,62,58,61,54,44,13,8,10,11,10,7,6,9
1,0,8,13,16,59,109,73,84,83,81,86,119,140,92,56,13,12,9,8,8,7,6,8
4,9,12,54,95,141,165,141,123,130,119,140,207,216,147,78,14,7,6,1,0,0,0,4
4,2,15,92,266,181,152,123,108,141,190,191,176,166,128,87,56,37,11,2,0,0,1,4
13,39,82,145,162,71,74,98,144,208,241,196,193,167,131,84,54,5,0,0,3,4,0,0
34,96,137,158,104,73,83,111,176,231,249,148,203,195,145,92,59,2,10,0,6,5,7,7
101,141,172,125,78,66,75,131,193,255,210,120,180,191,152,111,65,6,1,6,1,0,0,0
117,137,106,65,59,59,62,122,154,171,138,132,173,169,138,100,53,0,0,4,10,5,0,6
138,109,92,55,78,102,95,110,129,125,115,118,167,199,134,56,59,0,9,0,6,0,1,4
66,30,18,33,60,98,98,104,107,110,125,183,196,181,73,13,6,0,0,2,4,0,2,0
3,11,11,14,33,64,100,69,69,98,170,231,179,91,57,12,11,0,0,1,0,0,0,6
0,0,0,1,14,75,63,58,61,91,160,189,87,56,51,13,11,0,6,5,3,0,0,2
9,4,7,11,26,34,50,73,165,189,151,66,62,63,52,34,34,4,9,14,14,13,14,11
1,0,10,14,36,40,81,255,299,111,39,68,108,106,88,55,14,0,0,6,7,4,1,0
7,5,13,11,12,102,129,198,141,82,78,119,127,133,105,101,65,12,6,0,2,0,8,0
13,10,8,11,26,66,113,117,107,106,116,155,183,166,113,81,60,9,4,3,5,0,0,0
11,7,11,9,13,45,64,83,88,86,150,210,209,169,140,111,54,38,14,8,7,3,1,1
8,10,2,9,9,30,76,109,128,161,188,198,192,184,138,100,48,16,11,9,10,8,5,0
6,10,12,10,13,41,100,117,155,180,194,191,179,156,128,106,55,12,11,5,0,0,0,0
9,9,7,13,29,25,100,128,161,167,183,171,150,135,111,101,33,11,0,6,0,0,8,2
6,11,14,14,50,90,113,139,152,163,159,144,131,114,101,37,10,4,0,1,6,5,7,10
6,11,9,13,48,90,108,131,144,144,124,122,109,101,42,14,8,11,9,8,4,0,3,2
7,8,12,24,20,100,116,130,137,134,116,105,107,71,24,13,13,8,9,2,3,2,5,0
11,13,13,21,40,103,127,134,132,127,111,67,51,50,39,9,1,0,11,5,0,0,3,5
12,12,14,34,53,67,137,141,135,89,63,50,31,36,14,3,2,4,1,6,4,2,0,9
11,25,14,14,45,70,144,138,132,90,55,41,36,41,24,14,13,13,8,2,11,11,3,8
4,0,0,23,32,43,78,130,127,117,62,51,50,40,11,12,11,4,11,7,0,0,4,0
5,5,10,12,27,25,55,140,149,122,86,55,44,23,6,5,8,10,10,0,0,0,0,4
10,13,10,12,28,29,53,145,190,160,99,60,51,43,12,7,11,14,6,0,0,0,0,6
14,13,10,11,15,24,51,135,240,171,81,51,28,14,5,11,0,9,0,4,0,0,0,0
0,10,5,8,10,23,50,68,150,132,60,52,11,6,1,0,0,0,0,1,0,0,0,0
3,5,11,11,8,13,44,54,96,88,60,34,14,0,0,0,0,2,0,0,6,6,0,0
0,3,11,10,14,14,14,53,70,67,45,17,12,0,0,7,3,4,6,5,0,0,0,0
0,8,10,9,11,9,29,51,64,64,50,14,7,0,6,9,0,0,0,0,0,0,0,0
2,4,4,6,8,0,18,36,61,62,52,11,6,10,8,0,0,0,5,3,0,0,0,0
0,0,1,8,2,9,9,36,67,77,50,6,11,7,7,7,8,2,5,1,2,0,0,0
11,0,10,11,11,13,39,58,53,58,17,11,4,0,0,9,7,11,5,8,0,0,6,7
0,4,13,10,12,14,56,63,60,25,8,0,5,7,0,0,0,8,7,7,6,2,9,6
5,7,0,9,15,23,58,50,9,11,13,3,0,0,0,8,7,0,0,10,9,6,1,7

0,3,0,0,0,8,14,22,26,29,11,0,0,0,4,5,0,0,0,0,0,0,2,0
4,0,4,9,13,65,108,63,68,77,59,19,0,1,0,0,0,0,0,0,0,0,0,7
6,8,0,4,56,92,101,98,101,88,78,61,12,8,6,0,0,0,0,0,0,0,0,2
0,0,0,5,51,61,80,79,73,66,60,22,25,5,0,0,0,0,0,0,4,4,3,2
2,6,5,7,28,37,82,73,73,64,58,30,36,17,0,11,0,0,0,0,0,0,0,0
1,0,5,13,25,37,53,64,68,64,30,63,58,61,54,44,13,8,10,11,10,7,6,9
1,0,8,13,16,59,110,74,84,84,82,86,119,140,93,56,13,12,9,8,8,7,6,8
4,9,12,54,96,143,167,142,125,132,121,141,207,216,148,78,15,7,6,1,0,0,0,4
4,2,15,93,269,182,153,123,109,141,191,192,177,167,128,87,56,39,11,2,0,0,1,4
13,39,82,146,163,72,75,98,145,210,242,197,194,167,131,84,54,5,0,0,3,4,0,0
33,96,137,160,104,73,83,112,177,230,249,148,205,197,146,92,59,2,10,0,6,5,7,7
101,141,173,125,78,66,75,131,193,252,210,120,181,193,153,111,65,6,1,6,1,0,0,0
117,137,106,65,59,59,62,121,152,169,138,132,174,170,139,100,54,0,0,4,10,5,0,6
137,109,92,55,78,102,92,109,127,123,114,117,167,200,135,56,59,0,9,0,6,0,1,4
65,30,17,33,59,93,93,102,105,110,125,183,196,182,73,13,6,0,0,2,4,0,2,0
3,11,11,14,32,61,99,67,69,98,171,232,180,92,57,12,11,0,0,1,0,0,0,6
0,0,0,1,14,71,62,57,61,91,162,191,88,56,51,13,10,0,6,5,3,0,0,2
9,4,7,11,25,33,49,73,166,191,154,67,63,63,51,32,33,4,9,14,14,13,14,12
1,0,10,14,36,40,81,256,303,113,40,68,108,105,85,54,14,0,0,6,7,4,1,0
7,5,13,11,12,102,128,198,141,83,78,119,126,130,103,100,60,12,6,0,2,0,8,0
13,10,8,11,26,66,113,118,107,106,116,156,178,161,111,79,57,8,5,3,5,0,0,0
11,7,11,9,13,46,65,84,89,87,151,209,203,165,139,110,52,37,14,8,7,3,1,1
8,10,3,10,9,32,78,110,128,162,189,197,189,182,137,96,46,14,11,9,10,8,5,1
5,10,12,10,13,42,101,118,156,180,194,190,178,154,127,106,53,12,11,4,0,0,0,0
10,9,7,13,30,26,100,128,161,167,182,170,149,135,110,101,33,11,0,6,0,0,8,1
6,11,14,14,50,90,113,139,152,163,157,144,130,114,101,39,10,4,0,1,6,5,8,10
6,11,9,13,47,90,108,131,144,144,124,122,109,101,41,14,8,11,9,7,4,0,3,2
7,8,12,22,18,100,116,130,136,133,116,105,107,71,24,13,13,8,9,2,3,2,5,0
11,13,13,21,39,103,127,134,132,126,111,67,51,50,40,9,2,0,11,5,0,0,3,5
12,11,14,33,53,66,134,139,134,89,63,51,30,37,14,3,2,5,1,6,4,2,0,9
11,24,13,14,44,69,142,137,132,91,55,41,36,42,24,14,13,13,8,2,11,11,3,8
4,0,0,23,32,43,77,129,127,118,63,51,50,43,11,12,11,4,11,7,0,0,4,0
5,5,10,12,26,26,54,139,149,122,86,55,45,24,7,5,8,10,10,0,0,0,0,4
10,13,10,12,28,29,53,145,190,161,100,61,51,43,11,7,11,14,6,0,0,0,0,6
14,13,10,11,15,24,51,135,242,174,82,52,29,14,5,11,0,9,0,4,0,0,0,0
0,10,5,8,10,24,50,68,151,134,60,52,11,6,1,0,0,0,0,2,0,0,0,0
3,5,11,11,8,13,44,54,97,89,60,38,14,0,0,0,0,2,0,0,6,6,0,0
0,3,11,10,14,14,16,53,71,67,45,19,12,0,0,7,3,4,6,5,0,0,0,0
0,8,10,9,12,9,29,51,64,64,50,14,7,0,6,9,0,0,0,0,0,0,0,0
2,4,4,6,8,0,18,38,62,63,52,11,6,10,8,0,0,0,5,3,0,0,0,0
0,0,1,8,2,10,9,37,67,77,50,6,11,7,7,7,8,2,5,1,2,0,0,0
11,0,10,11,11,13,45,58,53,58,17,12,4,0,0,9,7,11,5,8,0,0,6,7
0,4,13,10,12,14,56,62,60,25,8,0,5,7,0,0,0,8,7,7,6,2,9,6
5,8,0,9,15,24,58,50,9,11,13,3,0,0,0,8,7,0,0,10,9,6,1,7

0,3,0,0,0,8,14,25,27,29,11,0,0,0,4,5,0,0,0,0,0,0,2,0
5,0,4,9,13,66,108,64,68,77,59,19,0,1,0,0,0,0,0,0,0,0,0,7
6,9,0,5,56,93,101,98,101,88,78,61,12,8,6,0,0,0,0,0,0,0,0,2
0,0,0,5,51,61,80,79,73,67,61,26,26,5,0,0,0,0,0,0,4,4,3,2
3,6,5,7,28,37,82,73,73,64,58,27,35,18,0,10,0,0,0,0,0,0,0,0
1,0,5,13,25,37,53,64,68,64,30,63,59,61,54,44,13,8,10,11,10,7,6,9
1,0,8,13,17,59,110,74,85,84,82,86,119,140,92,56,13,12,9,8,8,7,6,8
4,10,12,54,96,143,167,143,125,132,121,141,207,216,147,78,14,7,6,1,0,0,0,4
5,2,15,92,270,182,153,123,109,141,191,192,177,166,128,87,56,38,11,2,0,0,1,4
13,39,82,146,163,71,75,99,145,210,243,197,194,167,131,84,54,5,0,0,3,4,0,0
33,96,137,160,104,73,83,113,178,233,251,148,205,196,145,92,58,2,10,0,6,6,7,7
102,141,173,125,78,66,75,132,194,253,210,120,181,192,153,111,65,6,1,6,1,0,0,0
117,137,106,65,59,59,62,121,152,169,138,131,173,170,138,100,53,0,0,4,10,5,0,6
138,109,92,55,78,102,92,109,127,123,115,117,167,200,135,57,60,0,9,0,6,0,1,5
66,30,17,33,59,92,92,102,105,109,125,182,196,182,73,13,6,0,0,2,4,0,2,0
3,11,11,14,32,61,97,66,69,97,171,231,180,92,57,12,11,0,0,1,0,0,0,6
0,0,0,1,14,71,62,57,61,91,161,191,88,56,51,13,10,0,6,5,3,0,0,3
9,4,7,11,25,33,49,73,166,191,154,67,63,63,52,32,32,4,9,14,14,13,14,12
1,0,10,14,36,40,81,256,303,113,40,68,108,105,85,54,14,0,0,6,7,3,1,0
7,5,13,11,12,102,128,198,141,83,78,119,127,131,103,100,61,12,6,0,2,0,8,0
13,10,8,11,26,66,113,117,107,106,116,156,178,162,112,79,58,8,4,3,5,0,0,0
11,7,11,9,13,46,65,84,89,88,152,209,204,166,139,110,53,37,14,8,6,3,1,1
8,10,3,10,9,32,78,110,129,162,189,197,189,183,137,97,47,15,11,9,10,8,5,0
6,10,12,10,13,42,101,118,156,181,194,190,178,155,127,106,54,12,11,4,0,0,0,0
9,9,7,13,29,26,100,128,161,167,182,170,150,135,110,101,32,11,0,6,0,0,8,1
6,11,14,14,51,90,113,139,152,163,158,144,131,114,101,39,10,4,0,1,6,4,7,10
6,11,9,13,48,90,108,131,144,144,124,122,109,101,42,14,8,11,9,7,4,0,3,2
7,8,12,23,21,100,116,130,136,133,116,105,107,71,26,13,13,8,9,2,3,2,5,0
11,13,13,21,40,103,127,134,132,126,111,67,51,50,40,9,1,0,11,5,0,0,3,5
12,12,14,33,53,66,134,139,134,89,63,50,31,37,14,3,2,4,1,6,4,2,0,9
11,24,13,14,44,69,142,137,132,90,55,41,36,42,24,14,13,13,8,2,11,11,3,8
4,0,0,23,32,43,77,129,126,117,63,51,50,44,11,12,12,4,11,7,0,0,4,0
5,5,10,12,27,25,54,139,150,122,86,55,45,25,7,5,8,10,10,0,0,0,0,4
10,13,10,12,28,29,53,145,191,161,100,61,51,43,12,7,11,14,6,0,0,0,0,6
14,13,10,11,15,24,51,135,243,173,82,52,28,14,5,11,0,9,0,4,0,0,0,0
0,10,5,8,10,23,50,68,152,133,60,52,11,6,2,0,0,0,0,2,0,0,0,0
3,5,11,11,8,13,44,54,97,89,60,38,14,0,0,0,0,2,0,0,6,6,0,0
0,3,11,10,14,14,15,53,71,67,45,18,12,0,0,7,3,4,6,5,0,0,0,0
0,8,10,9,12,9,30,51,64,64,50,14,7,0,6,9,0,0,0,0,0,0,0,0
2,4,4,6,8,0,18,39,61,62,52,11,6,10,8,0,0,0,5,3,0,0,0,0
0,0,1,8,2,10,9,36,67,77,50,6,11,7,7,7,8,2,5,1,2,0,0,0
11,0,10,11,11,13,42,58,53,58,19,11,4,0,0,9,7,11,5,8,0,0,6,7
0,4,13,10,12,14,56,62,60,25,8,0,5,7,0,0,0,8,7,7,6,2,9,6
5,8,0,9,15,24,58,50,9,11,13,3,0,0,0,8,7,0,0,10,9,6,1,7

0,3,0,0,0,8,14,25,27,29,11,0,0,0,4,5,0,0,0,0,0,0,2,1
5,0,4,10,13,66,108,64,68,77,59,21,0,1,0,0,0,0,0,0,0,0,0,7
6,9,0,5,56,93,101,98,101,88,79,61,12,8,6,0,0,0,0,0,0,0,0,2
0,0,0,5,51,61,81,79,73,66,61,27,26,5,0,0,0,0,0,0,4,4,3,2
3,6,5,7,28,38,82,74,73,65,58,30,37,16,0,10,0,0,0,0,0,0,0,0
1,0,5,13,25,38,53,64,68,64,30,63,59,61,54,44,13,8,10,11,10,7,6,9
1,0,9,13,17,59,110,74,85,84,82,86,119,140,92,56,13,12,9,8,8,7,6,8
4,10,12,54,96,143,167,142,125,132,121,141,206,215,147,78,15,7,6,1,0,0,0,4
5,2,15,93,270,182,153,124,109,142,191,192,176,166,128,87,56,38,11,2,0,0,1,4
13,39,82,146,163,71,75,99,145,210,243,196,193,167,130,84,53,5,0,0,3,4,0,0
34,96,137,160,104,73,83,114,180,233,250,148,204,196,145,92,58,2,10,0,6,5,7,7
102,141,172,125,78,66,75,132,196,255,210,120,181,192,153,111,65,6,1,6,1,0,0,0
117,137,106,65,59,59,62,122,154,170,138,131,173,169,138,100,53,0,0,4,10,5,0,6
137,108,91,55,77,102,92,109,128,123,115,117,167,199,135,57,59,0,9,0,6,0,1,4
65,30,17,33,59,92,93,102,105,110,125,182,196,181,73,13,6,0,0,2,4,0,2,0
3,11,11,14,32,61,98,67,68,98,170,230,179,91,57,12,11,0,0,1,0,0,0,6
0,0,0,1,14,72,62,57,61,91,160,190,87,56,51,13,10,0,6,5,2,0,0,2
9,4,7,11,25,33,49,73,166,191,153,67,63,63,51,33,32,4,9,14,14,13,14,11
1,0,10,14,36,40,81,255,302,113,39,68,108,105,86,54,14,0,0,6,7,3,0,0
7,5,13,11,12,102,128,197,141,82,78,119,127,131,103,100,61,12,6,0,2,0,8,0
13,10,8,11,26,66,113,117,107,105,116,156,179,163,112,80,58,8,4,3,5,0,0,0
11,7,11,9,13,46,65,84,89,87,151,209,204,167,140,111,53,37,14,8,6,3,1,1
8,10,3,10,9,32,78,110,129,162,189,197,189,183,138,98,48,15,11,9,10,8,5,0
6,10,12,10,14,43,101,118,156,181,194,190,179,155,127,106,55,12,11,4,0,0,0,0
9,9,7,13,29,26,100,128,161,167,183,170,150,135,110,101,35,11,0,6,0,0,8,1
6,11,14,14,49,91,113,139,153,163,158,144,131,114,101,39,10,4,0,1,6,4,7,10
6,11,9,13,48,90,109,131,144,144,124,122,109,101,42,14,8,11,9,7,4,0,3,2
7,8,12,23,18,100,116,130,137,133,116,105,107,72,24,13,13,8,9,2,3,2,5,0
11,13,13,21,40,103,127,134,132,126,111,67,51,50,39,9,1,0,11,5,0,0,3,5
12,12,14,33,53,66,135,140,135,90,63,50,31,37,14,3,2,4,1,6,4,2,0,9
11,24,13,14,45,69,143,138,133,90,55,41,36,41,25,14,13,13,7,2,11,10,3,8
4,0,0,23,32,43,78,130,127,117,63,51,50,43,11,12,11,4,11,7,0,0,4,0
5,5,10,12,27,26,55,140,150,122,86,55,45,24,7,5,8,10,10,0,0,0,0,4
10,13,10,13,28,29,53,145,191,160,99,60,51,43,12,7,11,14,6,0,0,0,0,6
14,13,10,11,15,24,51,135,243,173,82,52,29,14,5,11,0,9,0,4,0,0,0,0
0,10,5,8,10,24,50,68,151,133,60,52,11,6,2,0,0,0,0,2,0,0,0,0
3,5,11,11,8,13,45,54,97,88,60,37,14,0,0,0,0,2,0,0,7,6,0,0
0,3,11,10,14,14,15,53,71,67,45,19,12,0,0,7,3,4,6,5,0,0,0,0
0,8,10,9,12,9,30,51,64,64,50,14,7,0,6,9,0,0,0,0,0,0,0,0
2,4,4,6,8,0,18,37,61,62,52,11,6,10,8,0,0,0,5,3,0,0,0,0
0,0,1,8,2,10,9,36,67,77,50,6,11,7,7,7,8,2,5,1,2,0,0,0
11,0,10,11,11,13,42,58,53,58,17,11,4,0,0,9,7,11,5,8,0,0,6,7
0,4,13,10,12,14,55,62,60,25,8,0,5,7,0,0,0,8,7,7,6,2,9,6
5,8,0,9,15,24,58,50,9,11,13,3,0,0,0,8,7,0,0,10,9,6,1,7

0,4,0,0,0,8,14,25,28,29,11,0,0,0,4,5,0,0,0,0,0,0,2,1
5,0,4,10,13,66,108,64,68,76,60,24,0,1,0,0,0,0,0,0,0,0,0,7
6,9,0,5,56,93,101,99,102,89,78,62,12,8,6,0,0,0,0,0,0,0,0,2
0,0,0,5,51,61,81,80,74,66,61,27,27,5,0,0,0,0,0,0,4,4,3,2
3,6,5,7,28,38,82,73,73,65,58,31,36,17,0,10,0,0,0,0,0,0,0,0
1,0,5,13,25,38,53,64,68,64,30,63,59,61,54,44,13,8,10,10,10,7,6,9
1,0,9,13,16,59,110,74,85,84,82,86,119,140,92,56,13,12,9,8,8,7,6,8
4,10,12,54,95,142,166,142,125,132,121,141,206,215,147,78,14,7,6,1,0,0,0,4
5,2,15,92,270,182,153,124,109,142,191,192,176,166,127,87,56,38,11,2,0,0,1,4
13,39,82,146,163,71,74,98,145,209,242,197,193,167,130,84,53,5,0,0,3,4,0,0
34,96,137,160,104,73,83,112,178,232,250,148,204,196,145,92,58,2,10,0,6,5,7,7
102,141,173,125,78,66,75,132,194,254,211,120,181,192,152,111,65,6,1,6,1,0,0,0
117,137,106,66,59,59,62,122,153,170,138,131,173,169,138,100,54,0,0,4,10,5,0,6
137,108,92,55,78,102,93,109,128,124,114,117,167,199,134,57,59,0,8,0,6,0,1,4
66,30,17,33,59,93,93,102,105,110,125,182,196,181,73,13,6,0,0,1,4,0,2,0
3,11,11,14,32,61,99,67,68,98,170,230,179,91,57,12,11,0,0,1,0,0,0,6
0,0,0,1,14,72,62,57,61,91,161,190,87,56,51,13,10,0,5,5,2,0,0,2
9,4,7,11,26,33,49,73,166,191,153,67,63,63,52,33,32,4,9,14,14,13,14,11
1,0,10,14,36,40,81,256,303,113,39,68,108,105,86,55,14,0,0,6,7,3,0,0
7,5,13,11,12,102,128,197,141,83,78,119,127,131,103,100,62,12,6,0,2,0,8,0
13,10,8,11,27,66,113,118,107,106,116,156,179,163,112,80,58,9,4,3,5,0,0,0
11,7,11,9,13,46,65,84,90,87,151,210,204,167,140,111,53,38,14,8,6,3,1,1
8,10,3,10,9,32,78,110,128,162,189,197,190,183,138,98,48,15,11,9,10,8,5,1
5,10,12,10,13,43,101,117,156,181,193,190,179,155,127,106,55,12,11,4,0,0,0,0
9,9,7,13,30,26,100,128,161,167,182,170,150,135,110,101,35,11,0,6,0,0,8,2
6,11,15,14,51,93,113,139,153,163,158,144,131,114,101,40,10,4,0,1,6,4,7,10
6,11,9,13,50,90,109,131,144,145,124,122,109,101,44,14,8,10,9,7,4,0,3,2
7,8,12,23,20,100,116,130,137,134,116,105,107,70,24,13,13,8,9,2,3,2,5,0
11,13,13,21,40,103,127,134,132,126,111,67,51,50,40,9,1,0,11,4,0,0,3,5
12,12,14,34,53,66,136,141,135,90,63,50,31,36,14,3,2,4,1,6,4,2,0,9
11,24,13,14,45,70,144,139,133,91,55,41,36,42,24,14,13,13,7,2,11,10,3,8
4,0,0,23,32,43,78,130,127,117,63,51,50,43,11,12,11,4,11,6,0,0,4,0
5,5,10,12,27,25,55,140,150,122,86,55,45,24,7,5,8,10,10,0,0,0,0,4
10,13,10,13,28,29,53,146,190,161,99,60,51,43,12,7,11,14,6,0,0,0,0,6
14,13,10,11,15,25,51,135,242,172,82,51,29,14,5,11,0,9,0,4,0,0,0,0
0,10,5,8,10,24,50,68,151,132,60,51,11,6,2,0,0,0,0,1,0,0,0,0
3,5,11,11,8,13,44,54,96,88,60,35,14,0,0,0,0,2,0,0,6,6,0,0
0,3,11,10,14,14,15,53,70,67,44,18,12,0,0,7,3,4,6,5,0,0,0,0
0,8,10,9,12,9,30,51,64,64,48,14,7,0,6,9,0,0,0,0,0,0,0,0
2,4,4,6,8,0,18,39,61,62,52,11,6,10,8,0,0,0,5,3,0,0,0,0
0,0,1,8,2,10,9,36,67,76,50,6,11,7,6,7,8,2,5,1,2,0,0,0
11,0,10,11,11,13,43,59,52,58,18,11,4,0,0,9,7,11,5,8,0,0,6,7
0,4,13,10,12,14,56,62,59,25,8,0,6,7,0,0,0,8,7,7,6,2,9,6
5,8,0,9,15,24,58,50,9,11,13,3,0,0,0,8,7,0,0,10,9,6,1,7

0,4,0,0,0,8,14,25,29,29,11,0,0,0,4,5,0,0,0,0,0,0,2,1
5,0,5,10,13,66,108,64,68,77,60,21,0,1,0,0,0,0,0,0,0,0,0,7
6,9,0,5,56,93,101,99,102,89,80,62,12,8,6,0,0,0,0,0,0,0,0,3
0,0,0,5,52,62,81,80,74,66,61,30,27,4,0,0,0,0,0,0,4,4,3,2
3,6,5,7,29,38,82,74,73,65,58,32,36,17,0,10,0,0,0,0,0,0,0,0
1,0,5,13,25,38,53,64,68,64,30,63,59,61,54,44,13,8,10,11,10,7,6,9
1,0,9,13,18,60,110,75,85,84,82,86,119,139,92,56,13,12,9,8,8,7,6,8
4,10,12,54,96,143,167,143,125,132,121,140,206,213,146,78,14,7,6,1,0,0,0,4
5,2,16,93,275,182,153,124,109,142,192,192,176,165,127,87,56,38,11,2,0,0,1,4
13,40,82,147,164,72,75,99,145,209,242,196,193,166,130,84,53,5,0,0,3,4,0,0
34,96,137,158,105,74,83,113,178,231,249,148,203,195,144,92,58,2,10,0,6,5,7,7
101,141,170,125,78,66,75,132,194,254,211,120,180,191,152,111,65,6,1,6,1,0,0,0
116,135,104,65,59,59,62,123,155,171,139,132,172,169,138,100,53,0,0,3,10,5,0,6
134,107,90,54,78,102,94,110,129,125,115,117,167,199,134,56,58,0,8,0,6,0,1,4
63,28,15,31,60,97,97,103,106,110,125,182,195,180,73,13,6,0,0,1,4,0,2,0
2,11,11,14,33,63,100,68,69,98,170,231,179,91,57,12,11,0,0,1,0,0,0,6
0,0,0,1,14,74,63,57,61,91,161,190,87,56,51,13,10,0,5,5,2,0,0,3
9,3,7,12,26,34,49,73,166,189,152,67,62,63,51,33,32,4,8,13,14,13,14,11
1,0,10,14,37,41,81,256,302,112,40,68,108,105,86,55,14,0,0,6,7,3,0,0
7,5,13,11,12,102,129,198,141,82,79,119,127,131,103,100,62,12,6,0,2,0,8,0
13,10,8,11,27,68,113,118,107,106,116,156,180,163,112,80,58,9,4,3,5,0,0,0
11,7,11,9,13,47,65,84,90,87,152,210,205,167,139,110,53,37,14,8,6,3,1,1
8,10,3,10,9,34,78,110,128,162,189,197,190,182,137,96,47,14,11,9,10,8,5,1
5,10,12,10,13,43,101,118,156,181,194,190,178,154,127,106,55,12,11,4,0,0,0,0
9,9,7,13,29,26,100,128,162,168,183,170,149,134,110,101,33,11,0,5,0,0,8,1
6,11,14,14,50,91,113,140,153,164,159,144,130,114,101,37,10,4,0,1,6,4,7,10
6,11,9,14,50,91,109,132,144,145,124,122,109,101,42,14,8,10,9,7,4,0,3,2
7,8,12,24,21,100,116,131,137,134,117,105,107,71,23,13,13,8,9,2,3,2,5,0
11,13,13,22,40,103,128,135,132,127,112,67,51,50,39,9,1,0,11,4,0,0,3,5
12,12,14,34,53,67,138,143,136,90,63,50,30,36,14,3,2,4,1,6,4,1,0,9
11,24,14,14,46,70,146,141,134,91,55,41,36,42,24,13,13,13,7,2,11,11,3,8
4,0,0,23,32,43,79,131,128,118,63,51,50,41,12,12,11,4,11,6,0,0,4,0
5,6,10,12,27,26,55,140,150,122,86,55,44,24,6,5,8,10,10,0,0,0,0,4
10,13,10,13,28,29,53,146,190,161,99,60,51,45,12,7,11,14,6,0,0,0,0,6
14,13,10,11,15,24,51,135,241,171,81,51,28,14,5,11,0,9,0,4,0,0,0,0
0,10,5,8,10,24,50,68,150,131,59,52,11,6,2,0,0,0,0,2,0,0,0,0
3,6,11,11,8,13,44,54,96,87,60,36,14,0,0,0,0,2,0,0,6,6,0,0
0,3,11,10,14,14,14,53,70,66,44,17,12,0,0,7,3,4,6,5,0,0,0,0
0,8,10,9,12,9,29,51,64,64,48,14,6,0,6,9,0,0,0,0,0,0,0,0
2,4,4,6,8,0,18,36,61,62,51,11,6,10,7,0,0,0,5,3,0,0,0,0
0,0,1,8,3,10,9,36,67,75,48,6,11,7,6,7,8,2,5,1,2,0,0,0
11,0,10,11,11,13,44,58,52,57,14,11,4,0,0,9,7,11,5,8,0,0,6,7
0,4,13,10,12,14,56,62,59,24,8,0,6,7,0,0,0,8,7,8,6,2,9,6
5,8,0,9,15,24,58,50,9,11,13,3,0,0,0,8,7,0,0,10,9,6,1,7

0,4,0,0,0,9,14,27,31,31,12,0,0,0,4,5,0,0,0,0,0,0,2,1
5,1,5,10,14,69,109,65,71,78,60,31,0,1,0,0,0,0,0,0,0,0,0,7
6,9,0,5,56,96,103,102,104,91,81,65,13,8,6,0,0,0,0,0,0,0,0,3
0,0,0,6,52,62,83,81,75,68,63,34,29,4,0,0,0,0,0,0,4,3,3,3
3,5,6,8,28,38,84,74,74,66,59,36,38,17,0,8,0,0,0,0,0,0,0,0
1,0,4,13,25,38,54,65,69,65,32,64,59,61,54,43,13,8,9,11,10,7,7,9
1,0,9,13,16,59,109,74,85,84,82,87,119,139,92,56,13,12,9,8,8,7,6,8
4,10,12,54,95,142,165,142,125,132,121,141,206,212,145,77,14,7,6,1,0,0,0,5
4,2,15,93,276,182,151,123,108,141,190,192,176,165,126,86,56,37,11,2,0,0,1,4
12,39,82,146,162,71,74,98,143,206,241,196,193,166,129,83,53,5,0,0,3,4,0,0
33,96,136,157,103,73,82,110,174,228,249,148,203,194,144,91,58,1,10,0,6,5,7,7
101,140,169,123,77,65,75,129,190,250,209,119,180,191,150,110,64,6,1,6,1,0,0,0
116,135,104,65,59,59,62,121,152,170,138,131,171,167,137,99,53,0,0,4,10,5,0,6
132,106,88,55,77,102,94,110,129,125,115,117,166,198,133,55,55,0,8,0,6,0,1,4
61,27,14,30,60,100,99,104,107,110,125,181,194,177,72,12,5,0,0,2,4,0,2,0
2,10,11,14,35,65,101,69,69,98,170,228,177,90,56,10,10,0,0,1,0,0,0,6
0,0,0,2,14,78,64,57,61,90,159,188,86,56,51,12,9,0,6,5,2,0,0,2
9,3,7,12,28,35,50,73,165,188,149,66,62,63,51,33,31,4,9,14,14,13,14,11
1,0,10,14,37,42,82,253,300,111,37,68,108,105,87,55,14,0,0,6,7,3,0,0
7,5,13,11,12,103,129,199,141,82,79,120,128,132,104,100,61,12,6,0,2,0,8,0
13,10,8,11,27,70,114,118,107,106,116,158,183,164,112,79,58,8,4,3,5,0,0,0
11,7,11,9,13,48,66,85,90,88,152,212,208,167,139,110,52,37,14,8,6,2,1,1
9,10,3,10,9,36,80,110,129,163,190,198,191,182,136,94,46,14,11,8,10,8,5,0
6,10,12,11,14,46,101,118,157,182,195,191,179,154,126,105,53,12,11,4,0,0,0,0
10,9,7,13,30,27,100,129,163,169,184,171,150,134,110,101,32,11,0,5,0,0,8,1
6,11,14,14,51,93,113,140,154,165,160,145,130,114,101,37,10,3,0,1,6,4,7,10
6,11,9,13,50,92,109,132,145,146,125,122,109,101,41,14,8,11,9,7,4,0,2,2
7,8,12,25,22,100,116,131,138,134,117,105,107,70,22,13,13,8,9,2,3,2,5,0
11,13,13,22,41,104,128,136,133,128,112,67,51,50,39,9,1,0,11,5,0,0,3,5
12,12,15,35,53,67,140,145,138,90,63,50,30,36,14,4,2,4,1,6,4,2,0,9
11,25,14,14,46,70,149,143,135,91,55,41,35,41,24,13,13,13,7,2,11,11,3,8
4,0,0,23,32,44,80,131,128,118,63,51,50,40,12,12,11,4,11,6,0,0,4,0
5,6,10,12,27,26,55,141,151,122,86,55,44,24,6,5,8,10,10,0,0,0,0,4
10,13,10,13,28,30,53,146,190,160,99,60,51,43,12,8,11,14,6,0,0,0,0,6
14,13,10,11,15,25,51,135,241,171,80,51,27,14,5,11,0,9,0,4,0,0,0,0
0,10,5,8,10,24,50,68,150,130,59,52,11,6,2,0,0,0,0,2,0,0,0,0
4,6,11,11,8,13,44,54,95,86,60,34,13,0,0,0,0,2,0,0,6,6,0,0
0,3,11,10,14,14,14,53,70,66,43,15,12,0,0,7,3,4,6,5,0,0,0,0
0,8,10,9,12,9,29,51,64,63,47,13,6,0,6,9,0,0,0,0,0,0,0,0
2,4,4,6,8,0,18,37,61,62,51,11,6,10,7,0,0,0,5,3,0,0,0,0
0,0,1,8,3,10,9,36,66,74,45,6,11,7,6,7,8,2,5,1,2,0,0,0
11,0,10,11,11,14,43,58,52,57,14,11,4,0,0,9,7,11,5,8,0,0,6,7
0,4,13,10,12,14,56,62,59,24,7,0,6,7,0,0,0,8,7,7,6,2,9,6
5,8,0,9,15,24,58,48,9,11,12,3,0,0,0,8,7,0,0,10,10,6,1,7

0,4,0,0,0,9,14,29,34,32,13,0,0,0,4,5,0,0,0,0,0,0,2,1
5,2,6,10,14,70,109,66,72,81,61,36,0,1,0,0,0,0,0,0,0,0,0,7
7,9,0,5,57,96,104,104,106,93,83,66,13,8,6,0,0,0,0,0,0,0,0,3
0,0,0,6,52,63,85,82,77,69,64,41,31,4,0,0,0,0,0,0,4,3,3,3
3,5,6,8,28,38,84,75,75,67,59,41,39,15,0,8,0,0,0,0,0,0,0,0
2,0,3,13,25,38,55,67,70,66,33,64,58,61,54,43,12,8,9,11,10,7,7,9
1,0,8,13,16,60,109,74,85,84,83,87,119,139,91,55,13,12,9,9,8,7,6,8
4,10,12,53,95,141,165,142,124,131,121,141,205,211,144,77,14,7,6,1,0,0,0,5
4,2,15,92,271,181,150,122,108,140,190,191,176,164,126,86,56,35,11,2,0,0,1,4
12,40,81,145,162,71,74,98,144,206,241,196,192,165,129,83,53,5,0,0,3,3,0,0
35,95,135,154,103,73,83,113,177,230,248,147,202,194,143,91,58,2,10,0,6,5,8,7
101,140,166,123,77,65,75,131,193,252,209,119,178,189,149,110,64,6,1,6,1,0,0,0
116,133,102,64,58,59,62,122,154,169,138,131,170,166,136,99,53,0,0,4,10,5,0,6
129,104,86,54,77,102,95,110,129,124,115,117,164,197,132,55,52,0,8,0,6,0,1,4
58,24,14,29,60,100,98,104,107,110,124,179,193,175,71,11,4,0,0,2,4,0,2,0
2,10,11,14,34,65,101,69,70,97,168,227,175,89,56,8,9,0,0,1,0,0,0,6
0,0,0,2,14,78,64,57,61,90,157,186,86,56,51,12,9,0,6,5,2,0,0,2
9,3,7,12,29,35,50,73,164,186,149,66,62,63,51,33,30,4,9,13,14,13,14,11
1,0,10,14,38,41,81,252,299,111,37,69,109,106,87,54,14,0,0,6,7,3,0,0
7,5,13,11,12,103,129,198,141,82,79,121,130,133,104,100,60,12,6,0,2,0,8,0
12,10,9,11,26,70,114,118,107,106,117,161,187,165,111,78,56,9,4,3,5,0,0,0
11,7,11,9,13,49,67,86,91,89,155,215,210,167,138,108,51,37,14,8,6,2,1,1
9,10,2,10,9,38,82,111,130,165,192,200,191,180,134,89,45,14,11,8,10,8,5,1
6,10,12,11,14,50,101,119,159,184,196,192,178,152,125,104,52,12,11,4,0,0,0,0
10,9,7,13,30,27,101,130,165,170,186,171,149,133,109,101,29,11,0,5,0,0,8,1
6,11,14,14,53,94,114,141,155,166,161,145,130,113,100,36,9,3,0,1,6,4,7,10
6,11,10,14,51,94,109,133,145,146,125,122,109,100,41,14,8,11,9,7,4,0,2,2
7,8,12,25,25,100,117,132,138,135,117,105,107,69,21,13,14,8,9,2,3,2,5,0
11,13,13,22,42,104,129,137,134,128,112,67,50,50,39,9,2,0,11,4,0,0,3,5
12,12,15,36,54,68,142,148,139,91,63,50,29,36,14,4,2,4,1,6,4,2,0,9
11,26,14,14,48,71,154,147,136,92,55,41,35,41,25,14,13,13,7,2,11,11,3,9
4,0,0,24,33,44,81,132,129,118,63,51,50,40,11,12,11,5,11,6,0,0,4,0
5,6,9,12,28,26,55,142,151,122,85,55,44,22,6,5,8,10,10,0,0,0,0,4
11,13,10,13,28,31,53,147,191,160,98,60,51,43,12,9,11,14,6,0,0,0,0,6
14,13,10,11,15,25,52,136,242,170,80,51,27,14,5,11,0,9,0,4,0,0,0,0
0,10,5,8,10,26,50,68,150,129,59,52,10,6,2,0,0,0,0,1,0,0,0,0
4,6,11,11,8,13,44,54,95,86,59,32,13,0,0,0,0,2,0,0,7,6,0,0
0,3,11,10,14,14,14,53,69,65,42,14,12,0,0,7,3,4,6,5,0,0,0,0
0,8,10,8,12,9,29,51,63,63,47,13,6,0,6,9,0,0,0,0,0,0,0,0
2,5,4,6,8,0,18,37,61,61,51,11,6,10,7,0,0,0,5,3,0,0,0,0
0,0,1,9,3,10,9,35,66,73,41,5,11,7,6,6,8,2,5,1,2,0,0,0
11,0,10,11,11,13,42,58,52,56,14,11,4,0,0,9,7,11,5,8,0,0,6,7
0,4,13,10,12,14,55,62,58,24,7,0,6,7,0,0,0,8,7,7,6,2,9,6
5,8,0,9,15,24,58,48,8,11,13,3,0,0,0,8,7,0,0,10,10,6,1,7
