0,0,0,0,0,10,10,10,5,0,0,0,0,0,0,0,0,0,0,0,0,0,3,0
4,0,0,0,3,13,13,50,0,0,0,0,0,0,0,0,0,0,0,0,0,0,0,0
8,0,10,4,3,10,7,0,0,30,20,13,11,7,2,0,0,5,0,0,0,0,1,0
0,11,16,9,7,37,31,99,114,146,150,131,113,90,58,8,4,11,11,0,0,0,0,0
4,7,29,40,54,60,63,102,189,333,384,321,236,174,123,66,50,13,13,4,0,0,0,0
15,29,56,78,113,82,77,139,285,410,465,448,410,324,211,105,69,48,8,11,6,0,0,0
14,24,54,67,62,60,92,154,242,314,350,356,342,311,223,141,81,72,13,10,9,0,0,0
12,13,55,90,85,78,103,164,198,210,213,212,213,209,200,151,102,85,59,14,6,0,0,0
7,13,51,57,56,79,107,139,153,153,116,157,178,187,183,161,133,102,82,13,0,0,0,0
11,1,18,20,52,73,122,142,137,93,76,168,221,253,229,198,173,137,83,59,15,0,0,0
7,2,11,27,63,89,112,112,70,55,73,119,185,236,227,205,180,159,115,62,41,0,2,0
2,11,52,78,90,82,70,74,57,60,80,112,153,222,226,221,202,165,106,71,51,14,0,0
15,51,100,107,107,86,60,50,60,76,100,105,144,172,189,200,176,119,108,77,49,17,0,0
50,74,103,102,59,55,26,15,23,63,100,101,119,139,155,167,155,135,126,104,62,43,0,0
59,101,89,54,14,13,12,11,10,14,61,82,111,122,133,143,147,145,128,100,81,30,6,0
54,55,40,12,4,5,5,9,6,15,50,66,106,121,127,143,153,157,137,108,97,55,9,0
17,23,12,10,0,0,8,8,9,30,11,50,77,74,84,126,141,159,146,116,101,110,14,2
10,13,19,20,14,14,20,30,28,43,50,69,84,132,176,271,268,244,191,131,92,80,29,11
0,3,0,3,5,9,19,55,56,104,139,177,189,211,253,269,247,225,187,170,122,72,29,13
3,4,7,9,5,27,79,125,137,152,196,228,280,297,335,351,313,274,232,167,132,67,18,10
6,13,19,29,49,70,122,142,138,170,213,258,287,336,388,369,321,251,217,176,138,81,14,13
4,8,43,90,110,122,128,179,195,220,248,292,316,345,382,385,348,304,228,156,101,55,32,22
12,45,69,88,117,117,131,171,221,240,271,258,238,247,258,265,247,225,153,125,107,37,12,12
71,91,109,109,108,119,127,137,151,176,193,192,190,182,187,184,177,145,120,109,91,50,11,3
105,114,103,105,105,114,118,124,128,133,137,126,120,116,127,122,114,106,65,29,20,10,11,13
107,74,82,67,82,87,100,103,102,100,101,101,101,95,101,101,59,71,50,21,14,10,3,1
76,66,69,70,39,40,14,44,16,13,57,56,52,55,35,41,9,11,36,13,9,9,15,13
68,105,92,86,80,69,26,50,31,42,42,65,51,57,29,12,5,11,9,12,11,11,11,11
69,112,112,99,100,80,29,39,49,52,46,35,12,12,11,24,13,12,0,1,13,14,14,10
69,102,110,81,93,57,13,14,50,12,13,13,25,27,26,31,14,3,0,0,0,11,12,8
14,60,96,64,65,56,45,20,36,25,12,22,13,13,12,12,7,0,10,11,10,0,0,5
6,55,107,82,69,73,13,2,8,8,6,9,12,5,11,9,9,7,11,14,8,0,0,0
10,26,63,72,75,69,3,0,5,0,0,0,10,10,2,0,8,12,8,8,1,2,2,0
7,8,28,61,67,55,0,15,9,4,0,0,2,2,11,11,10,12,7,3,0,6,9,8
0,0,7,47,55,53,14,7,0,0,0,7,8,4,10,14,13,10,10,11,11,9,11,2
0,0,0,24,56,63,32,12,0,0,5,4,8,11,12,12,9,11,7,10,7,8,6,0
0,0,0,13,56,58,55,25,21,8,6,8,12,12,15,11,7,5,0,4,12,8,0,3
0,0,0,26,70,77,100,57,14,7,11,11,7,13,11,10,8,3,0,10,10,3,3,0
0,0,4,9,51,55,52,42,13,11,2,13,10,11,12,13,9,10,7,8,10,11,4,0
0,0,14,51,52,23,22,33,12,11,6,9,12,9,13,12,13,15,14,8,10,9,8,4
4,18,50,40,28,14,12,17,13,13,7,11,6,8,11,11,12,14,10,8,8,2,5,2
6,12,14,15,18,19,14,14,11,11,11,0,0,5,10,19,13,9,11,10,13,4,3,9
1,8,6,12,13,10,5,0,9,8,7,1,0,0,14,12,3,10,10,2,10,13,8,0
1,0,5,7,10,6,4,12,13,9,7,1,4,10,6,8,8,11,12,11,12,3,10,6

0,0,0,0,0,10,11,12,5,0,0,0,0,0,0,0,0,0,0,0,0,0,3,0
5,0,0,0,3,13,15,53,2,0,0,0,0,0,0,0,0,0,0,0,0,0,0,0
8,1,10,4,3,10,7,0,0,30,20,13,11,7,2,0,0,5,0,0,0,0,1,0
0,11,16,9,7,38,30,99,114,147,152,132,114,91,59,8,4,11,11,0,0,0,0,0
5,7,29,40,54,60,63,102,189,334,385,324,238,176,123,66,50,13,13,4,0,0,0,0
14,30,56,78,114,82,78,140,284,409,465,449,411,325,213,105,69,50,8,11,6,0,0,0
14,24,54,67,61,60,92,154,241,312,349,355,340,310,224,141,81,72,13,10,8,0,0,0
12,13,55,89,84,78,103,163,197,209,212,212,213,209,199,151,102,85,59,14,6,0,0,0
7,12,50,56,55,79,107,139,152,153,115,156,178,187,182,161,133,101,81,13,0,0,0,0
11,1,16,18,52,73,121,141,137,92,76,167,220,252,229,197,172,136,83,59,15,0,0,0
7,2,11,28,63,88,111,111,70,55,73,119,186,235,226,204,179,158,114,62,41,0,2,0
1,11,52,78,89,82,70,73,56,61,80,113,154,222,225,221,202,164,106,71,51,14,0,0
14,51,100,107,107,86,60,50,60,76,100,105,145,173,190,200,177,120,108,77,50,17,0,0
50,74,103,102,58,54,24,15,24,63,100,101,120,139,156,168,156,136,126,104,62,44,0,0
59,101,89,54,14,13,11,11,11,15,61,83,111,123,135,144,148,145,129,100,82,31,7,0
54,55,36,12,4,5,5,8,7,20,51,67,106,122,128,144,153,158,137,108,97,55,9,0
17,23,12,10,0,0,8,8,9,30,11,50,78,75,85,126,141,159,147,116,101,110,16,2
10,13,20,19,14,14,20,30,28,43,50,69,84,131,173,268,267,244,191,131,93,80,29,12
0,3,0,3,5,9,19,56,56,104,139,178,190,211,252,267,246,225,187,170,122,72,29,13
3,4,7,9,5,27,79,125,137,153,197,229,281,297,333,350,313,273,232,167,132,67,18,10
6,13,19,29,49,70,122,142,137,170,213,258,287,335,387,368,320,250,217,176,138,81,14,13
4,7,44,89,109,122,128,180,196,220,249,292,316,345,380,384,348,303,227,156,101,55,32,22
12,45,69,88,117,117,130,172,222,241,272,258,237,247,258,265,246,225,153,126,107,37,12,12
71,90,109,108,108,119,127,138,152,177,194,192,190,183,186,183,177,145,121,109,90,51,11,3
105,114,102,105,105,114,119,125,128,133,138,126,120,116,127,122,114,106,65,28,20,10,11,13
107,73,83,69,84,90,100,103,103,100,101,101,101,96,101,101,60,71,51,21,14,10,3,1
76,66,69,71,40,43,19,47,18,14,58,57,55,56,35,41,9,11,34,13,9,9,15,13
68,105,91,86,81,71,29,50,36,46,46,67,51,58,27,12,5,10,9,12,11,11,10,11
70,112,112,100,101,82,33,46,50,53,48,36,12,12,11,24,13,12,0,1,13,14,13,10
68,102,110,81,94,57,14,27,50,12,14,13,25,27,26,31,14,3,0,0,0,11,11,8
14,60,96,64,65,56,45,21,37,26,12,22,13,13,12,12,6,0,10,11,9,0,0,5
6,55,107,82,69,73,14,3,8,8,6,9,12,5,11,9,9,7,11,13,8,0,0,0
11,27,63,72,75,69,4,0,4,0,0,0,10,10,2,0,7,12,8,8,1,1,2,0
7,8,28,61,68,56,0,16,9,6,0,0,2,2,11,11,10,12,7,3,0,6,9,8
0,0,8,48,55,53,14,8,0,0,0,7,8,3,10,14,13,10,10,11,11,9,11,2
0,0,0,25,56,62,33,13,0,0,6,4,8,11,12,11,9,11,7,10,7,7,5,0
0,0,0,13,56,58,55,30,22,8,6,9,12,12,16,11,7,4,0,4,12,8,0,3
0,0,0,26,71,78,100,57,15,8,11,11,7,13,12,10,7,3,0,10,10,3,3,0
0,0,5,10,51,55,52,43,13,12,3,13,10,11,12,13,9,9,6,8,10,11,4,0
0,0,15,51,52,27,23,33,13,11,6,9,12,9,13,12,13,15,14,7,10,9,8,4
4,19,50,43,28,15,12,19,14,13,7,11,6,8,11,11,12,14,10,8,8,2,4,2
6,12,14,16,18,19,14,14,11,11,11,1,0,5,10,19,13,9,11,10,13,4,3,9
1,8,5,12,13,10,6,0,9,8,7,1,0,0,14,12,3,10,10,2,10,13,8,0
1,0,5,7,10,6,4,12,13,9,7,1,4,10,6,8,8,11,12,11,12,3,10,6

0,0,0,0,0,10,11,12,5,0,0,0,0,0,0,0,0,0,0,0,0,0,3,0
5,0,0,0,3,13,15,54,2,0,0,0,0,0,0,0,0,0,0,0,0,0,0,0
9,2,10,5,4,10,7,0,0,31,23,13,11,7,2,0,0,5,0,0,0,0,1,0
0,11,16,9,8,39,31,100,114,148,153,132,114,90,59,8,4,11,11,0,0,0,0,0
5,7,30,40,54,60,63,103,191,337,386,324,238,176,123,66,50,13,13,4,0,0,0,0
14,29,56,77,113,82,78,140,285,409,465,449,411,324,212,105,69,50,8,11,6,0,0,0
14,24,53,67,61,60,92,154,240,311,349,355,341,310,224,141,81,73,13,10,9,0,0,0
12,13,55,89,84,78,103,163,196,209,212,211,213,210,200,152,102,86,59,15,6,0,0,0
7,12,50,57,56,79,107,138,152,152,115,156,178,187,183,162,134,102,82,14,0,0,0,0
10,1,16,18,52,73,121,140,136,92,76,168,221,253,230,199,174,138,84,60,16,0,0,0
7,2,11,27,63,88,111,111,69,55,74,120,186,236,228,206,181,161,116,62,43,1,2,0
1,11,52,78,89,81,70,73,56,61,81,113,153,222,226,222,204,166,107,71,51,14,0,0
14,51,100,106,107,86,60,50,60,76,100,105,144,173,189,200,177,120,108,78,50,18,0,0
50,74,102,102,59,54,24,16,24,63,100,101,119,139,155,167,156,136,126,104,62,44,0,0
59,101,89,54,14,13,11,11,11,16,61,83,111,123,134,143,147,145,128,100,82,32,7,0
54,54,37,11,4,5,5,8,6,20,51,67,106,122,128,143,153,157,137,108,97,56,9,0
17,24,12,10,0,0,7,8,9,30,11,51,78,75,85,126,141,159,147,116,101,110,15,2
10,13,20,19,14,14,20,30,28,43,50,69,85,132,176,270,267,244,191,131,92,80,29,11
0,2,0,3,5,9,18,56,56,104,139,178,190,211,252,268,246,225,187,170,122,72,29,13
3,4,7,9,5,28,79,125,137,153,197,229,280,297,334,350,312,273,232,167,132,67,18,10
6,13,18,29,49,70,122,142,137,170,213,258,287,336,387,367,319,250,217,176,138,82,15,13
4,8,44,89,109,122,128,180,196,220,248,292,315,345,380,383,347,303,227,156,102,55,32,22
12,46,69,88,117,117,131,172,222,240,272,258,237,246,257,265,247,225,153,126,108,38,12,11
71,90,109,108,108,119,128,138,152,177,194,192,190,183,186,183,177,145,121,109,91,51,11,3
105,114,102,105,105,114,119,125,129,134,138,126,120,116,127,122,114,106,65,29,20,10,11,13
107,73,83,68,85,91,100,103,103,101,101,101,101,96,101,101,60,71,50,20,14,10,3,1
75,66,69,71,40,45,23,50,22,14,61,58,57,55,35,42,9,11,34,13,9,8,14,13
69,105,91,87,80,71,34,50,40,50,50,67,52,59,29,11,5,10,9,12,11,11,10,11
70,112,112,100,101,82,36,50,51,53,49,38,13,12,11,24,12,12,0,1,13,14,13,10
68,102,110,81,94,58,14,35,50,13,14,13,25,27,26,31,13,3,0,0,0,11,11,7
14,60,97,65,65,56,46,22,37,26,12,22,13,13,12,12,6,0,10,11,9,0,0,5
6,55,107,82,69,73,14,3,9,8,7,9,12,4,11,9,9,7,11,13,8,0,0,0
11,28,63,72,76,69,5,0,4,0,0,0,10,10,2,0,7,12,8,8,1,1,1,0
7,8,27,60,68,56,0,17,9,7,1,0,3,2,11,11,10,12,7,3,0,6,9,8
0,0,8,50,55,53,14,8,0,0,0,7,8,3,10,14,13,10,10,11,11,9,11,2
0,0,0,24,56,63,34,13,0,0,6,4,8,12,12,11,9,11,7,10,7,7,5,0
0,0,0,14,56,58,55,33,22,8,6,9,12,12,15,11,7,4,0,4,12,8,0,3
0,0,0,28,71,78,100,57,15,8,11,11,8,13,12,10,7,2,0,10,10,3,3,0
0,0,6,10,51,55,52,44,13,12,3,13,10,11,12,13,9,9,6,8,10,11,4,0
0,0,15,51,52,30,25,34,13,11,7,9,12,10,13,12,13,15,14,7,10,9,8,4
4,21,50,42,30,16,12,21,14,13,8,11,6,8,11,11,12,14,10,8,8,2,4,2
7,12,14,16,20,19,14,14,11,11,11,1,0,5,10,19,13,8,11,10,13,4,3,9
2,8,6,12,13,10,6,0,9,9,7,1,0,0,14,12,3,10,10,1,10,13,8,0
1,0,5,7,10,6,4,12,13,9,7,1,4,10,5,8,8,11,12,11,12,2,10,6

0,0,0,0,0,10,11,12,5,0,0,0,0,0,0,0,0,0,0,0,0,0,3,0
5,0,0,0,3,14,16,54,3,0,0,0,0,0,0,0,0,0,0,0,0,0,0,0
9,2,10,6,4,10,7,0,0,30,23,13,11,7,2,0,0,5,0,0,0,0,1,0
0,11,16,9,8,40,31,100,114,148,153,131,114,91,59,8,4,12,11,0,0,0,0,0
5,7,30,40,54,60,63,103,191,337,386,324,238,176,123,66,50,13,14,4,0,0,0,0
14,29,55,77,113,83,78,141,286,409,464,449,411,325,212,105,69,50,9,12,6,0,0,0
14,23,54,67,61,60,92,155,240,311,349,355,342,313,225,142,82,72,13,11,9,0,0,0
12,13,55,89,84,78,104,163,196,209,213,213,214,211,202,153,103,86,60,17,6,0,0,0
7,12,51,57,56,80,107,138,152,152,115,157,179,189,185,163,135,103,82,14,0,0,0,0
10,1,17,19,52,73,121,140,136,91,76,168,222,256,232,201,177,140,85,60,18,0,0,0
7,2,11,28,63,88,111,111,69,55,74,120,186,237,228,208,183,162,117,63,45,1,2,0
1,11,52,78,88,81,70,73,56,61,80,112,152,222,226,223,205,167,107,72,51,14,0,0
14,52,100,106,107,86,60,50,60,76,100,105,144,172,189,199,177,120,109,78,50,19,0,0
50,73,102,102,59,55,24,16,26,63,100,101,119,138,153,166,155,136,126,104,62,47,0,0
59,101,89,54,14,13,11,11,11,15,61,83,111,122,133,142,146,144,128,100,82,32,7,0
53,54,37,12,4,5,5,8,7,17,51,67,106,121,127,142,152,156,136,108,96,56,9,0
17,24,12,10,0,0,7,8,9,31,11,51,78,75,85,126,140,159,146,116,101,110,15,2
10,13,20,20,14,14,20,30,28,43,50,69,86,133,178,271,267,243,191,131,92,80,29,11
0,2,0,3,5,9,18,56,56,104,139,178,190,212,251,267,246,225,187,170,122,72,29,13
3,4,7,9,5,29,79,125,137,152,196,228,280,296,333,350,312,273,232,167,132,67,19,10
6,13,19,29,49,70,122,142,137,170,213,258,287,336,387,368,319,250,217,176,138,82,15,13
4,8,46,89,109,122,128,180,196,220,249,292,316,345,379,382,348,303,227,156,102,55,32,22
12,45,69,87,117,117,131,172,222,241,272,258,238,247,257,264,246,225,153,126,108,38,12,12
71,90,109,108,108,119,128,138,153,178,194,192,190,183,186,183,177,145,121,109,92,50,11,3
105,114,102,105,105,114,119,125,129,134,138,127,120,116,127,122,114,106,66,29,20,10,11,13
107,73,84,69,85,92,100,103,103,101,101,101,101,98,101,101,61,71,50,21,14,10,3,1
75,66,69,71,41,45,27,50,24,15,61,58,56,56,33,42,8,11,36,13,9,8,14,13
68,105,91,87,81,71,34,51,43,50,52,69,52,56,29,11,4,10,9,12,11,11,10,11
70,112,112,100,101,82,40,53,52,53,50,39,13,12,11,25,12,12,0,0,13,14,13,10
68,102,110,82,94,58,15,39,50,14,15,13,24,27,26,30,13,3,0,0,0,11,11,7
14,60,97,65,66,56,47,22,38,27,12,23,13,13,12,12,7,0,10,11,9,0,0,5
6,55,107,83,69,73,16,4,9,8,7,9,12,4,11,8,9,6,11,12,8,0,0,0
11,28,63,72,76,70,5,0,4,0,0,0,10,10,2,0,7,12,8,7,1,1,1,0
7,9,28,61,68,56,0,16,9,8,1,0,3,2,11,11,10,12,7,3,0,6,9,8
0,0,8,49,55,53,14,8,0,0,0,7,8,3,10,14,13,10,10,10,11,9,11,2
0,0,0,24,56,62,35,13,0,0,7,5,8,11,12,11,9,11,7,10,7,7,5,0
0,0,0,14,56,58,55,38,22,8,7,9,12,13,16,11,6,4,0,4,12,8,0,3
0,0,0,29,71,78,100,57,15,8,11,11,8,14,12,10,7,2,0,10,10,3,3,0
0,0,6,10,52,55,52,44,13,12,3,13,10,11,12,13,9,9,6,8,10,11,4,0
0,0,17,51,52,31,25,35,13,11,7,9,12,10,13,12,13,15,14,7,10,9,8,4
5,21,50,42,29,16,12,20,14,14,8,11,6,8,11,11,12,14,10,8,8,2,4,2
7,12,14,17,20,20,14,14,11,12,12,1,0,5,10,19,13,9,11,10,12,4,3,9
2,8,6,13,13,10,6,0,9,9,7,1,0,0,14,12,3,10,9,1,10,13,8,0
1,0,5,7,10,6,4,12,13,9,7,1,4,10,6,8,8,11,12,11,12,2,10,6

0,0,0,0,0,10,11,12,5,0,0,0,0,0,0,0,0,0,0,0,0,0,3,0
6,0,0,0,4,13,16,54,3,0,0,0,0,0,0,0,0,0,0,0,0,0,0,0
9,2,10,6,4,10,7,0,0,27,22,13,11,7,2,0,0,6,0,0,0,0,1,0
0,11,16,9,8,40,31,100,114,148,152,131,114,90,59,8,4,12,12,0,0,0,0,0
5,7,30,39,54,60,63,103,191,336,384,323,238,176,123,66,50,13,14,4,0,0,0,0
14,29,55,77,113,82,78,141,286,408,464,449,411,327,213,105,69,50,9,12,6,0,0,0
13,22,53,67,61,60,93,155,240,311,349,356,343,314,226,143,82,73,14,11,9,0,0,0
12,13,55,88,84,78,104,163,196,209,213,213,215,213,204,155,103,87,60,22,6,0,0,0
7,12,50,57,56,80,107,138,152,152,115,157,180,190,186,165,136,103,83,14,0,0,0,0
10,1,15,19,52,73,121,140,136,91,75,168,222,257,234,203,179,141,85,60,20,0,0,0
7,2,11,27,63,88,111,111,69,55,74,119,186,238,230,210,184,165,118,63,47,1,2,0
1,11,52,78,89,81,70,73,57,61,80,112,152,222,226,224,208,169,107,72,51,14,0,0
14,52,100,106,107,87,60,51,60,76,100,105,143,171,188,200,177,120,109,78,50,19,0,0
50,74,102,102,59,54,25,16,26,63,100,101,119,137,153,165,155,136,126,104,62,47,0,0
59,101,89,54,14,13,11,11,11,15,60,82,111,122,133,142,146,144,128,100,82,32,7,0
54,54,37,12,4,5,5,8,6,17,51,66,106,121,126,142,152,156,136,108,96,56,9,0
16,23,12,10,0,0,7,8,9,30,11,51,78,75,85,126,140,158,146,116,101,110,15,2
10,13,20,20,14,14,20,30,28,43,50,69,86,134,179,272,267,243,191,131,92,80,29,11
0,3,0,3,5,9,18,57,56,104,139,178,190,211,251,267,245,224,187,170,122,72,29,13
3,4,7,9,5,29,79,125,137,152,196,228,280,297,333,349,311,273,231,167,133,67,19,10
6,13,18,29,49,70,122,142,137,170,213,258,287,335,388,367,318,250,217,176,138,82,15,13
4,8,45,89,109,122,128,180,196,220,249,292,315,344,379,382,346,302,227,156,102,55,32,22
12,46,69,87,117,117,131,172,222,241,272,258,238,246,256,264,246,224,153,126,108,38,12,12
72,90,109,108,108,119,128,138,153,178,194,192,190,183,186,183,176,145,121,109,92,50,11,3
105,114,102,105,105,114,119,125,129,134,138,126,120,116,128,122,114,106,65,29,20,10,11,13
107,73,84,70,86,95,100,103,103,101,101,101,101,100,102,101,62,70,51,21,14,10,3,1
75,66,69,71,41,47,29,52,26,17,63,58,57,57,36,42,8,11,34,13,9,8,14,13
68,105,91,87,82,72,38,51,44,51,53,70,52,57,30,11,4,10,9,11,11,11,10,11
70,113,112,100,101,82,43,54,53,53,50,39,13,12,11,24,12,11,0,0,13,14,13,10
68,102,110,82,95,58,20,42,50,14,18,13,25,27,26,31,13,3,0,0,0,11,11,7
14,60,97,65,66,56,46,17,38,28,12,23,13,13,11,12,6,0,10,11,9,0,0,4
6,55,107,83,69,73,17,4,9,8,7,9,12,4,11,8,8,6,11,12,7,0,0,0
11,29,63,72,76,70,6,0,4,0,0,0,11,10,2,0,7,12,7,7,0,1,1,0
8,9,29,61,68,56,0,17,9,9,1,0,3,2,11,11,10,12,7,3,0,6,9,8
0,0,8,50,55,54,14,8,0,0,0,7,8,3,10,14,13,10,10,10,10,9,11,2
0,0,0,25,56,62,37,13,0,0,7,5,8,11,12,11,9,11,7,10,7,7,5,0
0,0,0,14,56,58,56,50,14,8,7,9,12,13,15,11,6,4,0,3,12,8,0,3
0,0,0,30,71,78,101,58,16,8,11,11,8,14,12,10,7,2,0,10,10,3,3,0
0,0,6,10,51,55,52,45,13,12,3,13,10,11,12,13,9,9,6,8,10,11,4,0
0,0,16,51,52,32,28,36,13,11,7,9,12,10,13,12,13,16,14,7,10,9,8,4
5,21,50,42,29,15,12,20,14,14,8,11,6,8,11,11,12,14,10,8,8,2,4,2
7,12,14,19,20,21,14,14,11,12,12,1,0,5,10,19,13,9,11,10,12,3,3,9
2,9,6,13,13,10,6,0,9,9,7,1,0,0,14,12,3,10,9,1,9,13,8,0
1,0,6,7,10,6,4,12,13,9,7,1,4,10,5,8,8,11,12,11,12,2,10,6

0,0,0,0,0,11,11,12,5,0,0,0,0,0,0,0,0,0,0,0,0,0,3,0
6,0,0,0,4,14,17,55,3,0,0,0,0,0,0,0,0,0,0,0,0,0,0,0
9,3,10,6,4,10,7,0,0,27,23,13,11,7,2,0,0,6,0,0,0,0,1,0
0,11,16,9,8,41,31,100,114,148,152,131,114,91,59,8,4,12,12,0,0,0,0,0
5,7,30,39,53,61,63,103,191,337,386,324,239,176,123,66,50,13,14,4,0,0,0,0
14,29,56,77,113,83,78,141,286,409,465,450,413,327,213,105,69,50,9,12,6,0,0,0
14,22,53,67,61,60,93,154,239,310,348,355,342,314,226,143,82,73,14,11,9,0,0,0
12,13,55,88,84,78,104,162,195,208,212,212,214,212,204,155,103,87,60,21,6,0,0,0
7,12,50,57,56,80,107,138,151,152,115,157,180,190,186,165,136,103,83,14,0,0,0,0
11,1,16,19,52,73,121,140,136,91,75,168,223,257,234,203,178,141,85,60,20,0,0,0
7,2,11,28,63,88,110,111,69,55,74,120,187,238,230,210,184,164,117,63,47,1,2,0
2,11,52,78,89,81,70,73,57,61,81,113,153,223,227,225,208,168,108,72,52,14,0,0
14,52,100,106,107,86,60,50,60,76,100,105,144,172,190,201,178,121,109,78,50,19,0,0
50,74,102,102,59,55,24,16,25,63,100,101,119,138,154,166,156,136,127,104,62,48,0,0
59,101,89,54,14,13,11,11,10,15,60,83,111,122,133,142,147,145,129,100,81,33,7,0
54,55,38,12,4,5,5,8,6,17,51,67,106,122,127,142,152,157,137,108,97,56,9,0
16,24,12,10,0,0,7,8,9,30,11,50,77,75,85,126,140,159,147,116,101,110,16,2
10,13,20,19,14,14,20,30,28,43,50,69,85,133,177,270,266,244,191,131,92,80,29,11
0,2,0,3,4,9,17,56,56,104,139,178,190,211,250,266,245,223,187,170,122,72,29,13
3,4,7,9,5,30,79,125,137,153,197,229,280,296,332,348,310,272,231,167,132,67,19,10
6,13,18,29,49,70,122,142,138,170,213,258,286,335,387,366,318,249,217,176,138,82,15,13
4,8,48,89,109,122,128,181,196,220,249,293,316,345,378,382,346,302,227,156,102,55,32,22
12,45,69,87,117,117,131,172,222,241,272,258,237,246,255,264,245,224,153,126,108,38,12,12
72,90,109,108,108,119,128,138,153,178,194,192,190,183,185,183,176,145,121,109,92,50,11,3
105,114,102,105,105,114,119,126,129,134,138,127,120,116,127,122,114,106,65,29,20,10,11,13
107,73,84,69,86,95,100,104,103,101,101,101,101,98,102,101,61,71,52,21,14,10,3,1
75,65,69,71,41,48,31,52,27,20,63,59,58,56,35,42,8,11,34,13,9,8,14,13
69,105,91,86,82,73,38,51,46,52,54,70,52,56,29,11,4,10,9,11,11,11,10,11
70,113,112,100,101,82,46,55,53,54,50,39,13,12,11,24,12,11,0,0,13,14,13,10
68,102,111,82,96,58,24,42,50,17,20,13,25,27,26,31,13,3,0,0,0,10,11,7
14,60,97,65,66,57,46,15,38,29,12,23,13,12,11,12,6,0,10,11,9,0,0,4
6,56,107,83,69,74,19,5,9,8,7,9,12,4,11,8,8,6,11,12,7,0,0,0
11,28,63,72,76,70,6,0,4,0,0,0,11,10,2,0,7,12,7,7,0,1,1,0
8,9,28,61,68,56,0,17,9,9,2,0,3,2,11,11,10,12,7,3,0,6,9,8
0,0,9,50,55,53,14,8,0,0,0,7,8,4,10,14,13,10,10,10,11,9,11,2
0,0,0,25,56,62,37,13,0,0,7,5,8,12,12,11,8,11,7,10,7,7,5,0
0,0,0,14,56,58,56,50,15,8,7,9,12,12,16,11,6,4,0,3,11,8,0,3
0,0,0,31,71,79,101,58,15,8,11,11,8,13,12,10,7,2,0,10,10,3,3,0
0,0,6,10,51,55,52,45,13,12,3,13,10,11,12,13,9,9,6,8,10,11,4,0
0,0,17,51,52,34,28,35,13,11,7,9,12,10,13,12,13,15,14,7,10,9,8,4
5,22,50,43,30,17,13,20,14,14,8,11,6,8,11,11,12,14,10,8,8,2,4,2
7,12,15,19,21,20,14,14,11,12,12,1,0,5,10,19,13,9,11,10,12,3,3,9
2,9,5,13,13,10,6,0,9,9,7,1,0,0,14,12,3,10,9,1,9,13,8,0
1,0,6,7,10,6,4,12,13,9,7,1,4,10,5,8,8,11,12,11,12,2,10,6

0,0,0,0,0,10,11,12,5,0,0,0,0,0,0,0,0,0,0,0,0,0,4,0
6,1,0,0,4,14,17,55,3,0,0,0,0,0,0,0,0,0,0,0,0,0,0,0
9,3,11,6,4,10,7,0,0,27,23,13,11,7,3,0,0,6,0,0,0,0,2,0
0,11,16,9,8,41,31,100,114,148,153,132,114,91,59,8,4,12,12,0,0,0,0,0
5,7,30,39,54,60,63,103,191,338,386,325,240,177,123,66,50,13,14,4,0,0,0,0
14,29,56,77,113,83,78,141,285,409,465,450,413,327,214,106,69,50,9,12,6,0,0,0
14,24,53,67,61,60,92,154,239,310,349,356,342,313,227,143,82,73,13,11,9,0,0,0
12,13,55,87,84,78,103,162,196,208,213,213,215,211,204,155,103,86,60,20,6,0,0,0
7,12,50,56,55,79,106,138,151,152,115,157,180,190,185,164,135,103,83,14,0,0,0,0
10,1,16,16,52,73,121,140,136,91,75,169,223,256,233,201,176,140,84,60,18,0,0,0
7,1,11,27,63,88,110,111,69,55,74,122,188,238,228,208,182,162,116,62,46,1,2,0
2,11,52,78,89,81,70,73,56,61,81,114,155,224,227,224,206,167,107,71,51,14,0,0
14,52,100,106,107,86,59,50,60,76,101,106,145,173,191,202,178,121,109,78,50,19,0,0
50,74,102,102,59,54,22,16,26,64,100,101,119,139,156,168,156,136,127,104,62,50,0,0
59,101,88,54,14,12,11,11,11,16,61,83,112,123,134,143,147,145,129,100,82,33,7,0
54,54,38,11,4,5,5,8,6,18,51,67,106,122,128,143,153,157,137,108,96,56,9,0
17,23,12,10,0,0,7,8,9,30,11,51,78,75,85,126,141,159,147,116,101,111,16,2
10,13,20,19,14,14,21,30,28,43,50,69,85,132,174,268,265,243,191,132,93,80,29,12
0,2,0,3,5,9,17,55,55,104,139,178,190,211,250,266,245,223,187,170,122,72,29,13
3,4,8,9,5,29,79,125,137,154,198,229,281,296,332,348,310,272,231,166,132,67,19,10
6,13,18,29,49,70,122,142,138,171,214,258,287,335,385,366,318,249,216,176,138,82,14,13
4,8,46,89,109,122,128,181,196,221,250,292,315,344,377,381,345,301,227,155,102,55,32,22
12,46,69,87,117,117,131,172,223,241,273,258,237,246,256,263,245,224,153,126,108,38,12,11
72,90,109,108,108,119,128,138,154,178,194,192,190,183,186,183,176,145,121,109,92,50,11,3
105,114,102,105,105,114,120,126,129,134,138,127,120,116,128,122,114,106,65,29,20,10,11,13
107,73,84,70,87,95,100,104,103,101,101,101,101,100,102,101,62,70,52,21,14,10,3,1
75,66,69,71,43,48,32,52,27,20,64,59,58,55,36,42,8,11,34,13,9,8,14,13
68,105,91,87,82,74,40,51,47,54,55,70,52,56,30,11,4,10,9,11,11,11,10,11
70,113,112,100,101,83,48,56,54,54,50,40,13,12,11,24,12,11,0,0,12,14,13,10
68,102,111,82,96,58,26,43,51,20,22,13,25,27,26,31,13,2,0,0,0,10,11,7
14,60,98,65,66,57,47,15,38,29,12,23,13,12,11,12,6,0,10,10,9,0,0,4
6,55,107,84,70,74,22,5,9,8,7,9,13,4,11,8,8,6,11,12,7,0,0,0
11,28,63,72,76,70,6,0,4,0,0,0,11,10,1,0,7,12,7,7,0,1,1,0
8,9,30,61,68,56,0,17,9,9,2,0,3,2,11,11,10,12,7,3,0,5,9,8
0,0,9,50,55,53,14,8,0,0,0,7,8,3,10,14,13,10,10,10,11,9,11,2
0,0,0,25,55,62,37,13,0,0,7,5,9,12,12,11,8,11,7,10,7,7,5,0
0,0,0,14,56,58,56,50,16,8,7,9,12,12,16,11,6,4,0,3,12,8,0,3
0,0,0,31,72,79,101,58,17,9,11,11,8,13,12,10,7,1,0,10,10,3,3,0
0,0,7,10,52,55,52,46,13,12,4,13,10,11,12,13,9,9,5,8,10,11,4,0
0,0,18,51,52,38,27,37,13,12,7,9,12,10,13,12,13,15,14,7,10,9,8,4
6,24,50,44,30,18,13,20,14,14,8,11,7,8,11,11,12,14,10,8,8,2,4,2
7,12,15,19,21,21,14,14,11,12,12,1,0,5,10,19,13,9,11,10,12,3,3,9
2,9,5,13,13,10,6,0,9,9,7,1,0,0,14,12,3,10,9,1,9,13,8,0
1,0,6,7,10,6,4,12,13,9,7,1,4,10,6,8,8,11,12,11,12,2,10,6

0,0,0,0,0,12,14,50,6,0,0,0,0,0,0,0,0,0,0,0,0,0,4,0
6,1,0,0,6,50,51,70,8,0,0,0,0,0,0,0,0,0,0,0,0,0,0,0
9,2,10,6,5,11,7,0,0,21,20,13,11,7,2,0,0,6,0,0,0,0,2,0
0,11,15,8,8,43,25,96,114,149,155,132,115,92,59,8,4,11,12,0,0,0,0,0
5,7,29,37,53,60,63,103,191,338,388,327,241,177,124,66,50,13,14,4,0,0,0,0
14,28,56,77,113,83,78,141,285,407,465,452,414,326,213,105,69,50,9,12,6,0,0,0
13,22,53,67,61,60,92,154,238,307,347,353,340,311,224,142,82,73,13,11,9,0,0,0
12,13,55,88,84,78,103,161,194,207,211,211,213,210,201,153,103,86,60,16,6,0,0,0
7,12,50,56,56,80,106,137,151,151,115,156,179,188,184,163,134,102,82,14,0,0,0,0
10,0,16,17,52,73,120,139,135,90,75,168,222,255,232,200,175,139,84,60,17,0,0,0
7,1,11,27,63,88,110,110,68,55,74,122,188,238,228,208,182,161,116,62,45,1,2,0
1,11,52,78,88,81,69,72,56,61,81,114,156,225,227,225,206,167,107,71,51,14,0,0
14,52,100,106,107,86,59,50,60,76,101,106,145,174,191,203,179,121,109,78,50,19,0,0
50,73,102,102,58,54,24,16,26,64,100,102,120,140,156,168,157,137,127,104,62,48,0,0
59,101,88,54,14,12,11,11,11,20,61,84,112,123,135,144,148,146,130,101,82,34,7,0
53,54,36,11,4,5,5,8,6,21,52,67,107,123,128,143,153,157,137,109,97,56,9,0
16,23,12,10,0,0,7,8,9,30,11,51,78,75,85,126,141,159,147,117,101,111,16,2
10,13,20,19,14,14,20,30,28,43,50,69,85,131,174,268,265,244,192,132,93,81,29,12
0,2,0,3,5,9,19,56,56,104,140,179,191,212,251,265,245,224,187,171,122,72,29,13
3,4,7,9,5,31,80,125,138,154,198,230,282,297,332,348,310,272,231,167,133,68,19,10
6,13,18,29,49,71,122,143,138,171,214,259,288,335,386,366,318,249,217,176,138,83,15,13
4,8,46,89,109,122,128,181,197,221,250,293,316,344,377,381,345,302,227,156,102,55,32,22
13,45,69,87,117,117,131,173,223,242,273,258,237,246,256,263,245,224,153,126,108,38,12,11
71,90,109,108,108,119,128,138,154,178,194,192,190,183,186,183,176,145,121,109,93,50,11,3
105,114,102,105,105,114,120,126,130,134,138,127,121,116,128,122,114,107,66,29,20,10,11,13
107,73,84,71,87,95,100,104,104,101,101,101,101,98,102,101,62,70,52,21,14,10,3,1
75,65,68,72,41,48,36,53,30,23,65,59,58,55,36,42,8,11,34,13,9,8,14,13
68,105,91,87,83,73,40,51,49,54,56,70,52,56,26,11,4,10,9,11,11,11,10,11
70,113,112,100,101,83,50,57,54,54,50,40,13,12,11,24,12,11,0,0,12,14,13,10
67,102,111,83,96,58,29,45,51,20,23,13,25,27,26,31,13,2,0,0,0,10,11,7
14,60,98,65,66,57,47,15,38,30,12,23,13,12,11,12,6,0,10,10,9,0,0,4
6,55,107,84,70,74,23,5,9,8,7,9,12,4,11,8,8,6,11,12,7,0,0,0
11,30,63,72,77,71,7,0,4,0,0,0,11,10,2,0,7,12,7,7,0,1,1,0
8,9,30,61,68,56,0,18,9,10,2,0,3,2,12,11,10,12,7,3,0,5,9,7
0,0,9,50,55,54,14,8,0,0,0,7,8,3,10,14,13,10,10,10,10,9,11,2
0,0,0,25,56,62,38,13,0,0,7,5,8,12,12,11,8,11,7,10,7,7,5,0
0,0,0,14,56,58,56,50,16,8,7,9,12,12,16,11,6,4,0,3,12,8,0,3
0,0,0,31,72,79,101,58,18,9,11,11,8,14,12,10,7,1,0,10,10,3,3,0
0,1,7,10,52,55,52,47,13,12,4,13,10,11,12,13,9,9,5,8,10,11,4,0
0,0,17,51,52,37,28,36,13,12,7,9,12,10,13,12,13,15,14,7,10,8,8,4
6,25,50,45,31,17,13,21,14,14,8,11,6,8,11,11,12,14,10,8,8,2,4,2
7,12,15,19,22,21,14,14,11,12,12,1,0,5,10,19,13,9,11,9,12,3,3,9
2,9,5,13,13,10,6,0,9,9,7,1,0,0,14,12,3,10,9,1,9,13,8,0
1,0,6,7,10,6,4,12,13,9,7,1,4,10,5,8,8,11,12,11,12,2,10,6

0,0,0,0,0,13,15,52,7,0,0,0,0,0,0,0,0,0,0,0,0,0,4,0
6,2,0,0,6,51,52,71,8,0,0,0,0,0,0,0,0,0,0,0,0,0,0,0
9,2,10,6,5,11,7,0,0,18,20,13,11,7,2,0,0,6,0,0,0,0,2,0
0,11,16,8,8,45,24,96,114,148,154,132,114,91,60,8,4,11,12,0,0,0,0,0
5,7,29,38,53,60,63,103,191,337,387,325,240,177,123,66,51,13,14,4,0,0,0,0
14,27,55,77,112,83,78,141,283,406,463,450,413,326,212,105,69,50,9,12,6,0,0,0
13,22,53,67,61,60,92,153,237,306,346,352,339,311,225,143,82,73,13,11,9,0,0,0
11,13,55,87,84,78,103,161,194,206,211,210,212,209,202,154,103,86,60,19,6,0,0,0
7,12,50,56,55,80,106,137,151,151,115,156,178,188,185,164,135,103,82,14,0,0,0,0
10,1,15,17,52,73,120,139,135,90,75,168,221,255,232,202,177,140,84,60,19,0,0,0
7,2,10,27,63,88,110,110,68,55,74,121,187,237,229,209,184,163,117,63,47,1,3,0
1,11,52,78,88,81,69,72,57,61,81,114,154,224,227,225,208,168,107,71,52,14,0,0
14,51,100,106,107,86,59,50,60,76,100,106,145,173,190,201,178,121,110,78,50,20,0,0
50,73,102,102,59,54,25,16,27,64,100,101,119,139,156,167,157,137,127,104,62,50,0,0
59,101,88,54,14,12,11,11,11,18,61,84,111,123,134,143,147,145,129,101,82,34,7,0
53,54,36,11,4,5,5,8,7,20,52,67,107,122,128,143,153,157,137,109,96,56,9,0
15,24,12,10,0,0,7,8,9,30,11,51,78,75,85,126,141,159,147,116,101,111,16,2
10,13,20,19,14,14,21,30,28,43,50,69,86,133,175,269,266,243,191,132,93,80,29,12
0,2,0,3,4,9,17,56,56,104,140,179,191,212,250,266,245,223,187,171,122,72,29,13
3,4,7,9,5,31,80,125,138,154,198,230,281,296,332,348,310,271,231,167,133,68,19,10
6,13,18,29,49,71,122,143,138,171,214,259,288,336,387,366,317,249,217,176,138,83,15,13
4,8,48,89,109,122,128,181,197,221,250,293,316,344,378,380,345,302,227,156,102,56,32,21
13,46,69,87,117,116,131,173,224,242,274,259,237,246,256,263,245,224,153,126,108,39,12,11
71,90,109,108,108,119,128,139,154,179,194,192,190,183,186,182,176,145,121,109,93,51,11,3
105,114,102,105,105,114,120,126,129,134,139,127,121,116,128,122,114,107,65,29,20,10,11,13
107,74,85,70,88,96,100,104,104,101,102,101,101,100,102,101,62,72,52,21,14,10,3,1
75,66,69,71,44,50,37,54,31,26,65,60,58,57,35,42,8,11,34,13,9,8,14,13
68,105,91,87,83,73,42,51,50,54,56,70,52,56,31,11,4,10,9,11,11,11,10,11
70,113,112,100,101,82,51,58,55,54,50,41,13,12,11,24,12,11,0,0,12,14,13,10
68,102,111,83,96,58,31,45,50,22,23,13,25,27,26,31,13,2,0,0,0,10,11,7
14,60,98,65,66,57,47,15,38,30,12,23,13,12,11,12,6,0,10,10,9,0,0,4
6,55,107,84,70,75,25,6,9,8,7,9,12,4,11,8,8,6,11,11,7,0,0,0
11,29,63,73,77,71,7,0,4,0,0,0,11,10,2,0,7,12,7,7,0,1,1,0
8,9,30,61,68,56,0,17,9,10,2,0,3,2,11,11,10,12,7,2,0,5,9,7
0,0,9,50,55,54,14,9,0,0,0,7,8,4,10,14,13,10,10,10,11,9,11,2
0,0,0,26,56,62,39,13,0,0,8,5,9,11,12,11,8,11,7,10,7,7,5,0
0,0,0,14,56,58,56,50,17,8,7,10,12,13,16,11,6,3,0,3,12,8,0,3
0,0,0,34,72,79,101,58,17,9,11,11,8,14,12,10,7,1,0,9,10,3,3,0
0,1,7,11,52,55,52,46,13,12,4,13,10,11,12,13,9,8,5,8,10,11,4,0
0,0,19,51,52,39,28,37,13,12,7,9,12,10,13,12,13,15,14,7,10,9,8,4
6,25,50,44,30,18,13,21,14,14,8,11,7,8,11,11,12,14,10,8,8,2,4,2
7,12,14,20,22,21,14,14,11,12,12,1,0,5,10,19,13,9,11,10,12,3,3,9
2,9,6,13,13,10,6,0,9,9,7,1,0,0,14,12,3,10,9,1,9,13,8,0
2,0,6,7,11,6,4,12,13,9,7,1,4,10,5,8,8,11,12,11,12,2,10,6

1,0,0,0,0,13,18,52,7,0,0,0,0,0,0,0,0,0,0,0,0,0,4,0
7,4,1,0,7,53,54,71,8,0,0,0,0,0,0,0,0,0,0,0,0,0,0,0
10,6,10,7,6,12,8,0,0,25,23,13,11,7,3,0,0,6,0,0,0,0,2,0
2,12,15,8,6,50,32,100,115,152,157,133,114,90,59,8,4,12,12,0,0,0,0,0
7,5,22,7,10,55,63,105,197,348,393,329,240,176,122,65,50,13,14,4,0,0,0,0
14,17,52,61,61,66,74,144,294,416,471,454,415,326,211,104,68,49,9,12,6,0,0,0
14,15,41,53,44,58,91,152,239,313,351,356,343,313,225,142,81,72,13,11,9,0,0,0
11,11,50,60,63,74,103,161,195,208,213,213,214,212,203,153,102,85,59,15,6,0,0,0
8,12,25,40,48,80,106,138,152,152,116,157,180,189,186,164,134,102,82,14,0,0,0,0
11,3,20,17,52,73,121,140,135,90,76,171,225,258,234,202,177,139,83,59,17,0,0,0
8,2,11,28,63,89,110,110,68,55,76,125,191,242,231,210,184,162,115,62,44,1,3,0
3,12,53,79,89,80,69,72,56,62,83,117,159,229,231,226,208,168,106,71,51,14,0,0
14,53,100,106,106,84,59,51,60,77,101,108,147,176,192,204,179,121,109,77,50,18,0,0
51,74,102,101,58,53,22,17,31,64,101,102,120,140,156,168,157,136,127,104,62,46,0,0
59,101,87,52,13,12,11,11,11,22,61,84,112,123,134,143,147,145,129,100,81,32,7,0
54,54,33,11,4,5,5,8,7,23,52,67,107,122,128,142,152,156,137,108,95,55,9,0
16,23,12,10,0,0,7,8,10,30,11,51,78,75,85,125,140,158,146,116,101,110,15,2
10,13,20,20,14,14,21,30,28,43,50,69,86,133,176,268,265,242,190,130,92,80,29,11
0,2,0,3,4,9,18,55,56,104,140,179,191,212,250,265,244,222,186,170,121,71,28,13
3,4,8,9,5,31,80,125,138,154,198,230,281,296,333,348,309,271,230,166,132,67,18,10
6,13,18,29,49,71,123,143,138,172,214,260,288,336,387,366,317,249,216,175,138,82,14,13
4,8,47,89,109,122,129,182,197,222,251,293,315,345,378,380,345,302,226,155,102,56,32,22
13,46,69,87,117,117,131,173,224,243,274,259,237,246,256,263,245,224,153,126,108,38,12,11
72,90,109,108,108,119,128,139,155,179,195,192,190,183,185,182,176,145,121,109,93,51,11,3
105,114,102,105,105,114,120,126,130,135,139,127,121,116,128,122,115,107,65,29,20,10,11,13
107,73,85,70,87,97,101,104,104,101,101,101,101,100,102,101,62,70,52,21,14,10,3,1
75,66,69,71,47,50,37,54,34,26,66,59,59,57,36,43,8,11,34,13,9,8,14,13
69,105,91,88,82,74,42,51,50,55,57,70,53,56,30,11,3,10,8,11,11,10,10,11
70,113,112,100,101,84,52,58,55,54,50,41,13,12,11,25,12,11,0,0,12,14,13,10
68,103,111,83,96,58,34,47,50,23,24,13,25,27,26,31,13,2,0,0,0,10,11,7
14,60,98,65,66,57,47,15,39,30,12,23,13,12,11,12,6,0,10,10,9,0,0,4
6,55,107,84,70,74,26,6,9,8,7,9,13,4,11,8,8,6,11,11,7,0,0,0
11,29,63,73,77,71,7,0,4,0,0,0,11,10,1,0,7,12,7,7,0,0,1,0
8,9,30,61,68,56,0,18,9,10,2,0,3,2,12,11,10,12,7,3,0,5,9,7
0,0,9,50,55,54,14,8,0,0,0,7,9,3,10,14,13,10,10,10,11,9,11,2
0,0,0,26,56,62,40,13,0,0,8,5,8,12,12,11,8,11,7,10,7,7,5,0
0,0,0,14,56,58,56,51,18,8,7,10,12,13,16,11,6,4,0,3,12,8,0,3
0,0,0,33,72,79,101,58,17,9,11,11,8,14,12,10,7,1,0,10,10,3,3,0
0,1,7,11,51,55,52,47,13,12,4,13,10,11,12,13,9,8,5,8,10,11,4,0
0,0,18,51,52,38,29,36,14,12,7,9,12,10,13,12,13,15,14,7,10,8,8,4
6,24,50,45,30,18,13,21,14,14,8,11,6,8,11,11,12,13,10,8,8,2,4,2
7,12,15,20,21,22,14,15,11,12,12,1,0,5,10,19,13,9,11,10,12,3,3,9
2,9,5,13,13,10,6,0,9,9,7,1,0,0,14,12,3,10,9,1,9,13,8,0
2,0,6,7,11,6,4,12,13,9,7,1,4,10,5,8,8,11,12,11,12,2,10,6

2,0,0,0,0,13,14,51,6,0,0,0,0,0,0,0,0,0,0,0,0,0,4,0
8,5,3,2,8,54,54,70,8,0,0,0,0,0,0,0,0,0,0,0,0,0,0,0
11,8,11,7,4,12,8,0,0,21,22,13,11,7,2,0,0,6,0,0,0,0,2,0
2,12,16,8,0,49,27,100,115,149,154,132,114,90,58,8,4,12,12,0,0,0,0,0
8,6,14,8,7,54,63,104,194,342,387,324,238,175,122,65,50,13,14,4,0,0,0,0
14,14,50,56,51,60,72,142,286,408,464,449,411,325,211,104,68,50,9,12,6,0,0,0
13,14,32,51,21,57,90,150,236,306,346,352,340,312,226,143,82,73,14,11,9,0,0,0
11,12,38,58,57,74,104,159,193,206,212,210,213,212,204,156,104,86,60,23,6,0,0,0
7,9,12,50,52,83,106,137,151,151,115,157,180,190,186,167,136,103,83,14,0,0,0,0
11,3,17,15,52,75,121,139,135,90,76,169,223,259,235,205,180,142,85,60,21,0,0,0
7,2,11,29,64,89,110,110,69,55,75,121,188,240,231,213,186,166,118,63,48,2,3,0
4,11,53,79,89,81,69,72,57,62,82,114,155,226,229,227,211,170,108,72,52,14,0,0
14,53,100,106,107,87,60,51,61,77,101,106,145,174,191,203,180,122,110,78,50,21,0,0
51,75,103,102,59,55,30,22,33,64,100,101,119,139,155,168,157,137,128,104,63,50,0,0
59,101,90,54,14,13,12,11,11,18,61,82,111,122,134,143,147,145,130,101,82,34,7,0
54,55,38,12,4,6,5,8,7,20,52,67,106,122,128,143,152,157,138,109,97,56,9,0
18,24,12,10,0,0,7,8,9,30,11,51,78,75,85,126,141,159,147,117,101,111,18,2
10,13,20,20,14,14,21,30,28,43,50,69,86,133,177,269,266,244,192,133,93,81,29,12
0,2,0,3,5,9,19,55,56,104,140,179,191,212,250,265,244,223,187,171,122,72,29,13
3,4,7,9,5,32,80,126,138,154,198,230,281,296,333,347,309,272,232,167,133,68,20,10
6,13,18,29,49,71,123,143,138,172,215,260,288,336,386,366,317,249,217,177,138,83,15,13
4,8,46,89,109,122,129,182,197,222,250,292,315,344,377,379,345,302,227,157,102,56,33,22
13,46,69,86,117,117,131,173,224,243,274,259,237,246,255,263,244,224,154,126,108,39,12,11
72,90,109,108,108,119,128,139,155,179,194,192,190,183,185,182,176,145,121,109,93,51,11,3
105,114,102,105,105,114,120,126,130,135,139,127,121,116,128,122,114,107,65,29,20,10,10,13
107,73,84,71,87,96,101,104,104,101,101,101,101,98,102,101,62,71,52,22,14,10,3,1
75,65,69,71,44,50,39,54,33,26,66,59,60,56,36,43,8,11,33,13,9,8,14,13
69,105,91,87,83,74,43,51,51,56,57,70,53,56,29,11,3,10,8,11,11,11,10,11
70,113,112,100,101,84,53,60,55,54,50,40,13,12,11,23,12,11,0,0,12,14,13,10
68,102,111,83,97,58,37,47,51,23,25,13,25,27,26,31,13,2,0,0,0,10,11,7
14,60,98,65,66,57,47,15,39,30,12,23,13,12,11,12,6,0,10,10,9,0,0,4
6,55,107,84,70,74,26,6,9,8,7,9,12,4,11,8,8,6,11,11,7,0,0,0
11,28,63,73,77,71,8,0,4,0,0,0,11,10,2,0,7,12,7,7,0,0,1,0
8,9,29,61,68,56,1,18,9,10,1,0,3,2,12,11,10,12,7,2,0,5,9,7
0,0,9,50,55,53,14,8,0,0,0,6,9,4,10,14,13,10,10,10,11,9,11,2
0,0,0,27,56,62,40,13,0,0,7,6,8,11,12,11,8,11,7,10,7,7,5,0
0,0,0,14,56,58,56,50,19,8,7,9,12,13,15,11,6,3,0,3,11,8,0,3
0,0,0,34,72,79,101,58,18,9,11,12,8,14,12,10,6,1,0,9,10,3,3,0
0,2,7,11,51,55,52,47,13,12,4,13,10,11,12,13,9,8,5,8,9,11,4,0
0,0,19,51,52,39,29,37,14,12,8,9,12,10,13,12,13,15,14,7,10,8,8,4
6,23,50,46,30,18,13,22,14,14,8,11,6,9,11,11,13,14,10,8,8,2,4,2
7,12,16,20,22,22,14,15,11,12,12,2,0,5,10,19,13,9,11,9,12,3,3,9
2,9,5,13,13,11,6,0,9,9,7,1,0,0,14,11,3,10,9,1,9,13,8,0
2,0,6,7,11,6,4,12,13,9,7,1,4,10,5,8,8,11,12,11,12,2,10,6

2,0,0,0,0,13,16,52,7,0,0,0,0,0,0,0,0,0,0,0,0,0,4,0
8,5,2,0,8,54,55,70,8,0,0,0,0,0,0,0,0,0,0,0,0,0,0,0
10,8,10,6,3,11,8,0,0,24,23,13,11,7,3,0,0,6,0,0,0,0,2,0
2,12,16,8,0,49,26,100,116,151,156,132,115,92,59,8,4,12,12,0,0,0,0,0
7,6,13,8,6,55,63,105,196,341,386,323,238,176,123,66,51,13,14,4,0,0,0,0
14,14,50,54,50,58,72,145,288,408,462,448,410,325,212,105,69,50,9,12,6,0,0,0
13,14,29,50,17,58,92,151,236,307,345,352,340,313,226,143,82,73,14,11,9,0,0,0
10,12,34,57,56,75,105,160,194,207,213,211,214,212,204,155,104,86,61,23,6,0,0,0
7,9,12,51,55,85,108,138,151,151,114,156,179,189,186,166,136,103,83,14,0,0,0,0
11,2,16,15,54,77,123,141,136,90,75,169,223,257,235,204,179,141,85,60,20,0,0,0
7,2,12,34,67,90,112,111,69,55,75,123,189,239,230,211,185,164,117,63,47,2,3,0
4,11,55,81,90,81,70,73,57,62,83,116,157,227,229,228,211,170,108,71,52,14,0,0
14,53,100,107,108,87,59,51,61,77,101,107,147,176,193,205,180,122,110,78,50,21,0,0
51,75,103,102,59,54,31,27,37,64,101,102,120,140,158,169,159,137,128,105,63,51,0,0
60,101,89,54,13,13,12,11,11,21,61,83,112,123,135,144,148,146,130,101,82,35,7,0
54,54,37,12,4,5,5,8,7,21,52,67,107,123,128,144,154,158,138,109,97,56,9,0
19,23,12,10,0,0,7,8,9,30,11,51,79,76,86,126,141,159,148,117,101,111,18,3
10,13,20,20,14,14,21,30,28,43,50,69,85,131,174,268,265,244,193,133,94,81,29,12
0,2,0,3,4,9,18,56,56,104,140,179,191,212,250,265,244,223,187,171,122,72,29,13
3,4,7,9,5,32,80,126,138,155,199,231,282,296,331,348,310,271,231,167,133,68,20,10
6,13,18,29,49,71,123,143,138,172,215,260,287,335,386,365,317,249,217,177,138,83,15,13
4,8,47,88,109,122,129,182,197,222,251,293,315,343,377,379,344,302,227,156,102,56,33,22
13,46,68,86,117,117,131,173,224,243,274,258,237,245,256,262,244,224,154,126,108,39,12,11
72,90,109,108,108,119,128,139,155,179,195,192,190,183,186,183,176,145,121,109,94,51,11,3
105,114,102,105,105,114,120,126,130,135,139,127,121,116,128,122,115,107,65,29,20,10,11,13
107,73,86,71,87,98,101,104,104,101,101,101,101,100,102,101,62,70,54,21,14,10,3,1
75,65,68,71,43,48,39,54,34,26,66,60,59,56,36,42,8,11,34,13,9,8,14,13
68,105,91,87,83,74,44,51,51,55,59,70,52,55,30,11,3,10,8,11,11,10,10,11
70,113,112,100,101,83,53,60,55,54,51,40,13,12,11,25,12,11,0,0,12,14,13,10
67,102,111,83,96,58,37,48,51,23,26,13,26,27,26,31,13,2,0,0,0,10,11,7
14,60,98,65,67,57,47,16,39,31,12,23,13,12,11,12,6,0,10,10,9,0,0,4
6,55,107,84,70,75,27,6,9,8,7,9,12,4,11,8,8,6,11,11,7,0,0,0
11,29,63,73,77,71,8,0,4,0,0,0,11,10,1,0,7,12,7,7,0,0,1,0
8,10,30,61,69,56,1,19,9,10,0,0,3,2,12,11,10,12,7,2,0,5,9,7
0,0,9,50,55,54,14,8,1,0,0,6,8,3,10,14,13,10,10,10,10,9,11,2
0,0,0,27,56,63,41,13,0,0,7,6,8,12,12,11,8,11,7,10,7,7,5,0
0,0,0,14,56,58,56,51,18,8,7,10,12,13,16,11,6,3,0,3,11,8,0,3
0,0,0,34,72,79,101,58,18,9,11,12,8,14,12,10,7,1,0,9,10,3,3,0
0,2,7,11,52,55,52,47,13,12,4,13,10,11,12,13,9,8,5,8,9,11,4,0
0,0,20,51,53,41,29,37,14,12,8,9,12,10,13,12,13,15,14,7,10,9,8,4
6,24,50,45,30,18,13,22,14,14,8,11,7,8,11,11,13,13,10,8,8,2,4,2
7,12,17,21,23,21,14,15,11,12,12,2,0,5,10,19,13,9,11,9,12,3,3,9
2,9,5,13,13,10,6,0,9,9,7,1,0,0,14,12,3,10,9,1,9,13,8,0
2,0,6,7,11,6,4,12,13,9,7,1,4,10,5,8,8,11,12,11,12,2,10,6

2,0,0,0,0,13,18,52,7,0,0,0,0,0,0,0,0,0,0,0,0,0,4,0
8,5,3,0,8,54,55,71,9,0,0,0,0,0,0,0,0,0,0,0,0,0,0,0
11,8,10,6,3,12,8,0,0,24,23,13,11,7,3,0,0,6,0,0,0,0,2,0
2,12,15,7,0,47,26,100,116,152,159,134,115,92,60,8,4,11,12,0,0,0,0,0
7,6,13,8,6,55,63,105,196,341,386,324,240,178,124,66,51,13,14,4,0,0,0,0
13,14,50,54,50,58,72,144,287,406,461,448,411,326,213,106,69,50,9,12,6,0,0,0
13,14,29,50,20,58,92,151,235,304,343,351,339,311,225,143,82,73,13,11,9,0,0,0
10,12,33,58,56,75,105,160,193,206,211,210,212,210,202,154,103,86,60,21,6,0,0,0
7,9,12,51,55,85,108,138,151,151,114,155,178,189,185,164,135,103,82,14,0,0,0,0
10,2,17,15,54,77,123,140,135,89,74,167,222,254,232,202,176,139,84,60,20,0,0,0
7,2,12,35,67,90,111,111,68,55,75,122,188,237,228,209,183,162,115,62,47,2,3,0
4,11,55,81,90,81,69,73,57,62,83,116,157,226,228,227,209,168,107,71,51,14,0,0
14,54,100,107,108,86,60,51,61,77,101,107,147,176,194,205,181,122,110,78,50,21,0,0
51,75,103,102,59,54,31,26,37,64,101,102,120,141,159,171,160,138,129,105,63,51,0,0
60,101,89,54,14,13,12,12,11,22,61,84,112,124,136,145,149,147,131,101,83,35,7,0
54,55,36,12,4,5,5,9,7,22,52,68,107,123,130,144,154,159,139,109,97,57,10,0
17,23,12,10,0,0,7,8,9,29,11,51,79,76,86,127,141,160,148,118,102,111,18,3
10,13,21,20,14,15,21,30,28,42,49,68,84,130,170,265,265,243,193,133,94,81,29,12
0,2,0,2,4,9,19,56,56,105,140,180,192,212,250,265,244,223,187,171,122,72,29,13
3,4,7,9,5,32,80,126,138,155,200,231,282,297,332,347,310,271,231,167,133,68,19,10
6,13,18,29,49,71,123,143,138,173,215,260,288,335,386,365,317,249,217,177,138,83,15,13
4,8,47,88,109,122,129,182,198,223,251,293,315,343,378,379,345,302,227,156,102,56,33,22
13,46,69,86,117,116,131,173,224,243,274,259,237,246,256,263,245,224,154,126,108,39,12,11
72,90,109,108,108,119,128,139,155,179,195,192,190,184,186,183,176,145,121,109,93,50,11,3
105,114,102,105,105,114,120,126,130,135,139,127,121,117,128,122,115,107,65,29,20,10,11,13
107,73,86,70,88,98,101,104,104,102,102,102,102,100,102,101,62,70,54,22,14,10,3,1
75,65,69,72,44,50,40,54,34,28,65,60,60,57,33,42,8,11,34,13,9,8,14,13
69,105,91,87,83,75,44,51,52,57,58,70,53,56,29,11,3,10,8,11,11,11,10,11
70,113,112,100,101,84,53,60,55,54,51,41,13,12,11,25,12,11,0,0,12,14,13,10
67,102,111,83,97,58,37,48,51,24,26,13,26,27,26,31,13,2,0,0,0,10,11,7
14,60,98,65,67,57,47,16,39,31,12,23,13,12,11,12,6,0,10,10,9,0,0,4
6,55,107,84,70,75,27,7,9,7,7,9,12,4,11,8,8,6,10,11,7,0,0,0
11,30,63,73,77,71,9,0,4,0,0,0,11,10,1,0,7,12,7,7,0,0,1,0
8,10,30,61,69,56,1,18,9,10,0,0,3,2,12,11,10,12,7,2,0,5,9,7
0,0,9,50,55,54,14,8,1,0,0,6,9,3,10,14,13,10,10,10,10,9,11,2
0,0,0,26,56,63,42,13,0,0,8,6,8,11,12,10,8,11,7,10,7,7,4,0
0,0,0,14,56,59,56,51,18,8,7,10,12,13,16,11,6,3,0,3,11,8,0,3
0,0,0,34,72,80,101,58,18,9,11,12,8,14,12,10,6,1,0,9,10,3,3,0
0,2,8,11,52,55,52,48,13,13,4,13,10,11,12,13,9,8,5,8,9,11,4,0
0,0,19,51,53,41,29,38,14,12,8,9,12,10,13,12,13,15,14,7,10,9,8,4
6,25,50,45,31,18,13,22,14,14,8,11,6,8,11,11,12,13,10,8,8,2,4,2
7,12,15,21,23,22,14,15,11,12,12,2,0,5,10,18,13,9,11,9,12,3,3,9
2,9,5,13,13,11,6,0,9,9,7,1,0,0,14,12,3,10,9,1,9,13,8,0
2,0,6,8,11,6,4,12,13,9,7,1,4,10,5,8,8,11,12,11,12,2,10,6

2,0,0,0,0,13,22,54,7,0,0,0,0,0,0,0,0,0,0,0,0,0,4,0
8,5,3,0,8,56,57,73,10,0,0,0,0,0,0,0,0,0,0,0,0,0,0,0
11,8,11,6,3,12,8,0,0,25,24,14,11,7,3,0,0,6,0,0,0,0,2,0
2,12,15,7,0,49,26,100,116,153,160,134,115,93,60,8,4,11,12,0,0,0,0,0
7,5,13,8,6,55,63,105,197,343,387,325,240,177,124,66,50,13,14,4,0,0,0,0
13,14,49,53,50,57,72,145,287,406,461,449,411,325,212,105,69,50,9,12,6,0,0,0
13,14,28,51,20,58,92,151,235,303,342,349,337,310,224,142,82,73,13,11,9,0,0,0
10,12,33,57,56,75,105,159,192,204,210,209,211,209,202,154,103,86,60,22,6,0,0,0
7,9,12,51,56,86,108,138,150,151,113,154,177,188,185,165,135,103,83,14,0,0,0,0
10,2,17,15,54,77,124,140,135,89,74,166,220,255,233,203,178,140,84,60,20,0,0,0
7,3,12,36,67,91,111,111,68,55,75,122,187,237,229,211,185,163,116,62,47,2,3,0
5,11,55,81,90,81,69,73,57,62,83,115,156,224,229,228,211,170,108,71,52,14,0,0
15,54,100,107,108,87,59,51,61,77,101,107,146,176,193,205,181,123,110,78,50,21,0,0
51,75,103,102,58,55,31,27,38,65,101,102,120,140,158,170,159,138,129,105,63,51,0,0
60,101,89,54,14,13,12,12,11,23,61,84,112,123,136,144,149,147,131,101,83,36,7,0
54,54,36,12,4,5,5,9,7,21,52,68,107,123,129,144,154,158,138,109,97,57,10,0
17,23,12,10,0,0,7,8,9,30,11,51,80,76,86,127,141,160,148,117,102,111,18,3
10,13,21,20,14,15,21,30,28,43,49,69,85,131,172,266,265,243,192,133,94,81,29,12
0,2,0,3,4,9,19,56,56,105,140,180,192,213,249,265,244,223,187,171,122,72,29,13
3,4,8,9,5,32,80,126,138,155,200,231,282,297,331,348,309,271,231,167,133,68,20,10
6,13,19,29,49,71,123,143,138,173,215,260,288,336,386,365,317,249,217,177,138,83,15,13
4,8,48,89,109,122,129,182,198,223,251,293,316,344,377,379,345,302,227,157,102,56,33,21
13,46,69,86,116,116,131,173,224,243,274,259,237,246,255,263,245,224,154,126,108,39,12,11
71,90,109,108,108,119,128,139,155,179,195,192,190,183,185,183,176,145,121,109,94,51,11,3
105,114,102,105,105,114,120,126,130,135,139,127,121,117,128,122,115,107,65,29,20,10,11,13
107,73,84,71,88,97,101,104,104,102,102,101,101,100,102,101,62,69,52,22,14,10,3,1
75,65,68,72,44,50,40,55,34,28,67,59,59,55,37,42,8,11,33,13,9,8,14,13
68,105,91,88,83,74,46,51,52,56,57,70,53,56,29,11,3,10,8,11,11,10,10,11
70,113,112,100,101,84,55,60,56,54,51,41,13,12,11,25,12,11,0,0,12,14,13,10
67,102,111,83,96,59,38,48,51,24,27,13,25,27,26,31,13,2,0,0,0,10,11,7
14,60,98,65,67,57,47,16,39,31,13,23,13,12,11,12,6,0,10,10,9,0,0,4
6,55,107,84,70,75,29,7,9,7,8,9,12,4,11,8,8,6,10,11,7,0,0,0
11,30,63,73,77,71,9,0,4,0,0,0,11,10,1,0,7,12,7,7,0,0,1,0
8,10,30,61,69,56,1,17,9,10,0,0,3,2,12,11,10,12,7,2,0,5,9,7
0,0,9,50,56,54,15,8,1,0,0,6,9,3,10,14,13,10,10,10,11,9,11,2
0,0,0,27,56,63,42,13,0,0,8,6,8,12,12,11,8,11,7,10,7,7,4,0
0,0,0,14,56,59,56,51,19,8,7,10,12,12,16,11,6,3,0,3,11,8,0,3
0,0,0,34,72,79,101,58,19,9,11,12,8,14,12,10,6,1,0,9,10,3,3,0
0,2,8,11,52,55,52,49,14,13,4,13,10,11,12,13,9,8,5,8,9,11,4,0
0,0,20,51,52,41,29,37,14,12,8,9,13,10,13,12,13,15,14,7,10,8,8,4
6,26,50,46,32,19,13,22,14,14,8,11,6,9,11,11,13,13,10,8,8,2,4,2
7,12,16,23,22,22,14,15,11,12,12,2,0,5,10,19,13,9,11,9,12,3,3,9
2,9,5,13,13,11,6,0,9,9,7,1,0,0,14,11,3,10,9,1,9,13,8,0
2,0,6,8,11,6,4,12,13,9,7,1,4,10,5,8,8,11,12,11,11,2,10,6

2,0,0,0,0,13,22,54,7,0,0,0,0,0,0,0,0,0,0,0,0,0,4,0
8,5,4,1,8,56,57,72,9,0,0,0,0,0,0,0,0,0,0,0,0,0,0,0
11,8,10,6,4,12,9,0,0,24,26,14,11,7,3,0,0,6,0,0,0,0,2,0
2,12,15,7,0,50,26,100,116,153,160,134,115,92,60,8,4,11,12,0,0,0,0,0
7,5,12,8,5,55,63,106,197,343,387,324,240,178,123,66,50,13,14,4,0,0,0,0
13,14,49,53,50,57,72,145,287,406,461,448,412,325,212,105,69,51,9,12,6,0,0,0
13,14,28,50,22,58,92,150,235,304,342,350,337,311,225,143,82,73,14,11,9,0,0,0
10,12,32,57,56,75,105,159,192,205,210,209,211,211,203,155,104,86,61,24,6,0,0,0
7,9,12,51,56,86,108,138,150,151,113,154,178,189,186,166,136,103,83,14,0,0,0,0
10,2,18,16,54,77,124,140,135,89,74,166,221,255,235,205,180,142,85,60,21,0,0,0
7,3,12,36,67,91,111,111,68,55,75,121,187,237,230,213,187,166,117,63,50,2,3,0
5,11,55,81,90,81,69,73,57,62,82,115,155,224,229,229,213,171,108,72,52,14,0,0
15,54,100,107,108,87,59,51,61,77,101,107,146,175,192,205,181,123,110,78,50,21,0,0
51,75,103,102,59,54,33,27,38,65,100,101,120,140,157,169,158,137,129,105,63,51,0,0
60,101,90,54,14,13,12,12,11,22,61,84,111,123,135,144,148,146,131,101,83,35,7,0
54,54,37,12,4,5,5,9,7,22,52,68,107,123,128,143,153,158,138,109,97,56,10,0
17,23,12,10,0,0,7,8,10,30,11,51,80,76,86,127,141,159,148,117,101,111,18,3
10,13,20,20,14,15,21,30,28,42,50,69,85,131,175,267,265,243,192,133,93,80,29,12
0,2,0,3,4,10,19,56,56,105,140,180,192,213,249,265,244,222,187,171,122,72,29,13
3,4,8,9,5,32,80,126,138,155,199,231,282,297,332,347,309,271,231,167,133,68,20,10
6,13,19,29,49,71,123,143,138,173,215,260,288,336,386,366,317,249,217,176,138,83,15,13
4,8,48,89,109,122,129,182,198,222,251,293,316,344,377,379,344,301,227,156,102,56,32,22
13,46,69,86,117,117,131,173,224,243,274,259,237,245,256,263,244,224,154,126,108,39,12,12
72,90,109,108,108,119,129,139,155,179,195,192,190,183,186,183,176,145,121,109,93,50,11,3
105,114,102,105,105,114,120,127,130,135,139,127,121,117,128,122,115,107,65,29,20,10,11,13
107,73,86,71,88,97,101,104,104,102,102,102,101,98,102,101,62,69,54,23,14,10,3,1
75,65,68,71,45,50,41,55,37,29,67,60,59,57,36,42,8,11,33,13,9,8,14,13
69,105,91,87,84,74,46,51,53,57,58,71,53,56,29,10,3,10,8,11,11,10,10,11
70,113,112,100,101,84,55,61,56,54,51,41,13,12,11,25,12,11,0,0,12,14,13,10
67,102,111,83,97,58,39,50,51,26,27,13,26,27,26,31,13,2,0,0,0,10,11,7
14,60,99,65,67,57,47,16,39,32,13,23,13,12,11,12,6,0,10,10,9,0,0,4
6,55,107,85,70,75,30,7,9,7,8,9,12,4,11,8,8,6,10,11,7,0,0,0
11,30,63,73,78,71,9,0,4,0,0,0,11,10,1,0,7,12,7,7,0,0,1,0
8,10,30,61,69,56,1,17,9,10,0,0,3,2,12,11,10,12,7,2,0,5,9,7
0,0,9,50,56,54,14,8,2,0,0,6,9,3,10,14,13,10,10,10,10,9,11,2
0,0,0,27,56,63,43,13,0,0,8,6,8,12,12,10,8,11,7,10,7,7,4,0
0,0,0,14,56,59,56,51,20,8,7,10,12,12,16,11,6,3,0,3,12,8,0,3
0,0,0,35,72,80,101,58,20,9,11,12,8,14,12,10,6,1,0,9,10,3,3,0
0,3,8,11,52,55,52,48,14,13,4,13,10,11,12,13,9,8,5,8,9,11,4,0
0,1,21,51,53,44,30,38,14,12,8,9,13,10,13,12,13,15,14,7,10,8,8,4
6,28,50,46,31,19,13,22,14,14,9,11,7,8,11,11,13,13,10,8,8,2,4,2
7,12,17,21,23,22,14,15,11,12,12,2,0,5,10,19,13,9,11,9,12,3,3,9
2,9,5,13,13,11,6,0,9,9,8,1,0,0,14,12,3,10,9,1,9,13,8,0
2,0,6,8,11,6,4,12,13,9,7,1,4,10,5,8,8,11,12,11,11,2,10,6
0,2,0,0,0,0,3,12,10,8,5,4,6,0,0,1,0,0,0,0,0,0,0,0
0,0,0,0,0,0,8,29,51,65,61,68,69,56,10,0,0,0,0,0,0,0,0,5
0,2,0,8,1,32,48,69,132,161,161,146,136,117,86,66,20,12,8,7,0,0,0,9
0,0,5,4,14,50,95,133,187,228,241,229,252,183,131,106,101,57,24,11,8,8,0,1
0,0,9,12,32,47,136,192,254,322,324,311,335,257,174,127,91,66,15,11,0,8,5,0
0,1,8,18,47,87,178,229,290,272,285,400,404,354,250,177,128,88,66,13,13,8,11,6
0,0,12,33,50,104,155,144,173,110,210,301,342,331,282,213,149,107,73,52,12,14,10,9
0,0,5,8,55,105,129,126,62,75,120,155,236,247,227,195,167,126,97,69,48,0,0,3
0,0,10,14,62,101,118,80,0,67,111,150,194,182,184,185,152,113,110,75,53,15,0,0
0,0,6,53,83,94,92,0,10,86,152,187,238,208,199,200,179,144,102,68,56,9,0,0
0,0,10,57,90,95,13,0,60,83,142,164,210,224,226,244,208,154,112,77,58,18,7,11
0,5,55,83,74,20,1,19,67,79,108,129,151,195,227,236,199,142,118,98,80,59,0,0
1,4,50,66,64,23,1,55,73,87,107,115,126,146,180,186,172,134,127,117,106,97,14,2
0,60,73,54,30,4,9,50,90,68,108,109,122,134,145,149,162,147,133,117,115,102,47,6
14,39,24,13,8,0,0,12,42,43,106,110,111,110,97,137,167,151,118,111,131,108,74,6
11,12,11,8,0,0,0,10,46,52,87,100,82,83,100,143,177,144,157,146,133,89,51,5
28,12,3,3,0,0,3,10,32,12,52,64,62,71,104,142,195,189,175,167,141,97,75,13
21,13,7,6,11,14,18,33,45,45,59,70,144,189,214,283,252,219,215,173,147,87,40,11
31,17,14,10,11,18,16,54,91,74,92,146,198,219,246,244,283,238,213,183,144,113,79,9
19,14,7,13,14,65,103,123,139,143,147,201,251,247,273,295,314,253,216,165,144,106,54,14
12,9,4,9,38,65,105,121,135,165,182,211,239,245,252,276,302,276,174,140,126,72,39,12
5,4,16,30,50,76,105,130,168,230,237,244,262,263,290,274,245,198,171,132,107,65,25,8
7,8,29,86,106,106,133,148,161,172,183,210,206,238,225,187,150,125,113,102,41,40,20,0
8,51,77,123,112,117,127,128,128,140,146,155,146,135,117,107,105,103,66,28,15,14,10,0
36,51,96,102,102,110,110,113,118,109,106,108,104,103,100,98,100,69,14,8,4,3,0,0
88,113,102,95,107,106,102,103,103,103,101,101,78,100,100,100,100,13,12,5,9,10,10,0
16,59,73,105,85,100,101,90,101,101,76,16,58,67,62,33,50,9,9,9,7,0,10,0
11,72,92,81,83,103,104,101,77,71,66,55,61,68,28,10,13,0,7,11,8,1,5,0
7,26,71,97,107,109,107,103,78,63,52,51,47,48,10,13,7,11,12,11,13,9,10,1
7,5,41,87,104,101,83,68,49,43,29,20,17,14,5,9,1,11,5,11,9,3,11,1
11,27,34,51,82,107,71,62,53,48,17,20,36,27,19,31,11,30,30,14,9,7,8,7
8,11,18,29,47,84,78,81,85,53,39,13,22,8,11,10,9,12,12,13,5,4,0,0
3,6,8,13,27,64,119,118,67,53,43,26,13,0,0,4,3,6,10,11,3,0,0,3
6,12,8,13,9,26,74,114,83,54,46,14,26,5,5,3,2,7,13,11,5,1,0,5
10,11,9,11,4,31,62,73,57,53,33,20,11,4,6,0,9,6,8,7,6,0,0,0
2,9,9,11,0,6,11,54,72,57,50,14,3,9,0,0,10,0,0,1,0,0,0,0
1,0,3,5,3,0,11,52,53,69,56,38,14,14,7,0,9,7,2,0,2,0,0,4
0,0,1,6,6,3,17,57,61,55,51,50,14,13,8,6,7,0,0,5,5,0,8,3
7,0,5,11,5,16,46,66,74,63,51,27,14,12,9,1,0,0,0,8,5,0,0,0
2,0,5,14,13,56,53,101,63,55,51,37,33,14,5,0,0,5,2,4,0,0,0,0
0,0,4,13,46,53,63,50,55,13,26,10,12,11,9,12,10,0,0,6,5,4,5,1
11,7,7,14,14,50,15,13,24,19,11,12,9,9,6,12,6,10,4,10,0,3,6,3
0,6,12,10,11,12,13,3,10,18,10,2,4,7,12,0,2,0,7,8,9,0,2,0
4,7,0,12,14,13,5,3,2,8,14,9,0,1,4,10,10,7,6,11,11,9,3,0

0,2,0,0,0,0,3,12,10,7,5,3,6,0,0,1,0,0,0,0,0,0,0,0
0,0,0,0,0,0,8,28,50,63,61,67,67,55,10,0,0,0,0,0,0,0,0,5
0,1,0,7,0,31,48,68,130,158,158,145,135,116,85,66,14,12,8,7,0,0,0,9
0,0,5,4,13,50,95,132,186,225,237,226,250,183,131,106,101,57,25,10,8,8,0,0
0,0,9,12,32,47,136,191,251,320,320,309,335,259,177,129,93,67,23,11,0,8,5,0
0,1,8,18,47,87,177,226,287,269,281,398,404,358,257,182,132,89,66,13,13,8,11,6
0,0,12,33,50,104,154,143,171,109,208,300,343,334,289,220,153,108,74,53,13,14,10,9
0,0,5,8,55,105,128,125,61,75,120,155,237,249,230,198,169,127,98,70,50,0,0,4
0,0,10,14,62,100,117,79,0,67,111,151,196,184,185,186,154,114,110,75,53,17,0,0
0,0,6,53,83,94,92,0,11,85,153,190,242,211,200,201,180,144,102,68,56,9,0,0
0,0,10,57,90,95,12,0,61,83,142,166,212,225,226,243,208,154,112,77,58,20,7,12
0,5,54,82,74,22,1,20,67,79,108,129,152,195,226,235,198,142,118,98,81,60,1,0
1,4,50,67,64,23,2,55,73,88,107,115,126,146,179,186,172,134,127,117,106,96,14,3
0,60,73,55,32,4,9,50,89,71,108,109,122,134,145,149,161,147,133,117,115,102,48,6
14,38,25,13,8,0,0,12,41,43,105,110,111,110,97,137,166,151,118,111,131,108,73,6
11,12,11,8,0,0,0,10,44,51,86,99,81,82,99,143,177,144,157,146,133,89,51,5
27,12,3,3,0,0,3,10,32,12,52,63,61,71,104,142,195,189,175,167,141,96,74,13
21,13,7,6,11,14,18,33,45,45,59,70,144,189,214,283,252,219,216,173,147,87,40,11
31,17,14,10,11,17,16,53,91,74,92,146,198,219,246,245,283,238,213,183,144,113,80,9
20,14,7,13,14,65,103,123,139,143,147,201,251,247,273,296,314,253,216,165,144,106,54,14
12,9,4,9,38,65,105,121,135,166,182,210,239,245,252,277,302,277,174,140,126,72,39,12
5,4,16,30,50,76,105,130,168,230,237,244,263,263,290,274,245,198,171,132,107,66,25,8
7,8,29,86,106,106,133,148,161,173,183,210,207,238,226,188,150,125,113,102,40,40,20,0
8,51,77,123,112,117,127,128,128,140,146,156,147,136,117,107,105,103,67,27,15,14,10,0
36,51,96,102,102,110,110,113,118,109,106,109,104,103,100,100,100,67,14,8,4,3,0,0
88,113,102,95,107,106,102,103,103,103,101,100,77,100,100,100,100,13,12,5,9,10,10,0
16,60,73,105,85,100,101,89,101,101,76,19,58,67,62,33,50,9,9,9,7,0,10,0
11,72,92,81,83,103,104,101,77,71,66,55,62,68,27,10,13,0,7,11,8,1,5,0
7,26,71,97,107,109,108,103,78,62,51,51,46,48,10,13,7,11,12,11,13,9,10,1
7,5,42,87,104,101,83,67,49,42,29,21,17,14,5,9,1,11,5,10,8,3,11,1
11,28,34,51,82,107,71,62,54,48,18,20,36,27,19,31,11,30,30,14,9,7,8,7
8,11,18,29,47,84,78,80,85,54,40,13,22,8,11,10,9,12,12,13,5,4,0,0
3,6,8,13,27,64,119,118,67,53,44,24,13,0,0,4,3,6,9,11,3,0,0,3
6,12,8,13,9,26,74,114,83,54,47,14,24,5,5,3,2,7,13,10,5,1,0,5
11,11,9,11,4,31,62,73,57,53,33,21,11,4,6,0,9,6,8,7,6,0,0,0
2,9,9,12,0,6,11,54,72,57,48,15,3,9,0,0,10,0,0,1,0,0,0,0
1,0,4,6,3,0,11,52,53,70,57,38,14,14,7,0,9,6,2,0,2,0,0,4
0,0,1,6,6,3,17,57,61,55,51,50,14,13,8,6,7,0,0,5,5,0,8,3
7,0,5,11,5,16,46,67,74,63,51,28,14,12,9,1,0,0,0,8,6,0,0,0
2,0,5,14,13,56,53,101,63,55,51,37,33,14,5,0,0,5,2,4,0,0,0,0
0,0,4,13,46,53,63,50,55,13,27,10,12,11,9,12,10,0,0,6,5,4,4,1
11,7,7,14,14,50,16,12,24,21,11,12,9,9,6,12,6,10,4,10,0,3,6,3
0,6,12,10,11,12,13,3,10,18,10,2,4,7,12,0,2,0,7,8,9,0,1,0
4,7,0,12,14,13,5,3,2,8,14,9,0,1,4,10,10,7,6,11,11,9,3,0

0,2,0,0,0,0,3,12,10,7,5,5,7,0,1,2,0,0,0,0,0,0,0,0
0,0,0,0,0,0,8,29,52,66,63,70,71,57,11,0,0,0,0,0,0,0,0,5
0,1,0,8,2,37,50,71,134,165,164,148,139,118,87,66,18,12,8,7,0,0,0,10
0,0,5,4,14,50,99,135,191,232,245,232,259,187,132,106,101,57,21,11,8,8,0,1
0,0,9,12,33,47,138,195,259,328,327,313,337,259,174,127,91,66,14,10,0,8,5,0
0,1,8,18,47,89,181,233,295,275,287,399,399,349,247,176,127,86,65,13,12,8,11,6
0,0,12,33,50,105,157,146,175,110,212,301,338,325,276,209,147,105,72,52,12,13,10,9
0,0,5,8,55,106,130,127,62,75,120,155,234,243,223,192,164,125,96,69,48,0,0,4
0,0,10,14,62,101,119,80,0,67,111,150,193,181,182,183,151,113,110,74,53,15,0,0
0,0,6,53,83,95,93,0,10,86,154,190,239,207,198,198,178,143,101,68,56,9,0,0
0,0,10,57,89,95,13,0,60,83,144,168,214,226,226,244,207,154,111,77,58,19,7,12
0,5,54,82,73,21,1,17,68,80,108,131,154,197,229,237,199,142,118,98,81,60,1,0
1,4,49,66,64,23,2,55,72,89,108,116,127,147,180,187,173,134,127,117,106,96,14,3
0,60,72,54,28,4,9,51,92,70,109,110,122,134,145,149,162,147,133,117,115,102,49,6
14,38,23,12,8,0,0,12,41,46,106,110,111,110,97,137,167,151,118,111,131,108,74,7
11,12,11,8,0,0,0,10,47,52,87,100,82,83,100,143,178,144,157,146,133,89,51,5
27,12,3,3,0,0,3,10,32,12,52,63,62,71,104,142,195,189,175,167,141,97,75,13
20,13,7,6,11,14,18,33,45,45,59,70,144,189,214,283,252,218,216,173,148,87,40,11
31,17,14,10,11,18,16,54,91,74,93,147,199,219,246,245,283,237,213,183,144,113,80,9
20,14,7,13,14,66,103,123,139,143,147,201,251,247,273,296,314,253,216,165,144,106,54,14
12,9,4,9,38,65,105,121,135,166,183,211,240,245,252,276,302,276,174,139,126,71,39,12
5,4,16,30,50,76,105,130,169,231,237,244,263,263,290,273,245,197,171,131,107,65,25,8
7,8,29,86,106,106,133,148,161,173,183,211,207,238,225,187,150,124,113,102,41,40,19,0
8,51,77,123,112,117,127,128,128,140,146,155,146,135,117,107,105,102,67,25,14,14,10,0
36,51,96,102,102,110,110,113,118,109,106,108,104,103,100,100,100,69,14,8,4,3,0,0
87,113,102,95,107,106,102,103,103,103,101,101,80,100,100,100,100,13,12,5,9,10,10,0
16,59,73,106,85,100,101,90,101,101,76,20,58,68,62,35,50,9,9,9,7,0,10,0
11,70,92,81,83,103,104,101,77,70,67,55,62,68,28,10,13,0,7,11,8,1,5,0
7,26,71,97,107,109,108,103,78,62,52,51,47,48,10,13,7,12,12,11,13,9,10,1
7,5,41,87,104,101,84,67,49,43,29,20,17,14,5,8,1,11,5,10,8,3,11,1
11,28,34,51,82,107,71,63,54,48,18,20,36,27,19,31,11,30,30,14,10,7,8,7
8,11,18,29,47,84,78,81,85,53,40,13,22,8,11,10,9,12,12,13,5,4,0,0
3,6,8,13,27,64,119,118,67,53,45,26,13,0,0,4,3,6,10,11,3,0,0,3
6,12,8,13,9,26,74,114,83,55,47,14,25,5,5,3,2,7,13,10,5,1,0,5
11,11,9,11,4,30,62,73,58,53,34,21,11,4,6,0,9,6,8,7,6,0,0,0
2,9,9,12,0,6,11,54,72,58,47,14,3,8,0,0,10,0,0,1,0,0,0,0
1,0,4,6,3,0,11,52,54,70,57,40,14,14,7,0,9,7,2,0,2,0,0,4
0,0,1,6,6,3,18,57,61,55,51,50,14,13,8,6,7,0,0,5,5,0,8,3
7,0,5,11,5,16,46,66,74,63,51,28,14,12,9,1,0,0,0,8,5,0,0,0
2,0,5,14,13,56,53,101,63,55,51,39,33,14,5,0,0,5,2,4,0,0,0,0
0,0,4,13,47,53,63,50,55,13,27,10,12,11,9,12,10,0,0,6,5,4,5,2
11,7,7,14,14,50,16,12,24,20,11,12,9,9,6,12,6,10,4,10,0,3,6,3
0,6,12,10,11,12,13,3,10,18,10,2,4,7,12,0,2,0,7,8,9,0,1,0
4,7,0,12,14,13,5,3,2,8,14,9,0,1,4,10,10,7,6,11,11,9,3,0

0,2,0,0,0,0,2,11,10,11,6,4,8,0,1,2,0,0,0,0,0,0,0,0
0,0,0,0,0,0,7,28,50,65,63,72,76,61,13,0,0,0,0,0,0,0,0,4
0,2,0,7,1,27,44,66,129,163,166,152,144,125,96,70,36,12,9,7,0,0,0,10
0,0,5,4,13,50,93,131,185,227,246,236,271,197,137,107,101,58,22,11,8,8,0,1
0,0,9,12,32,46,136,191,252,325,329,317,342,266,177,129,92,67,14,10,0,8,5,0
0,1,8,17,47,87,178,230,293,275,290,405,399,343,243,175,128,88,66,13,12,7,10,6
0,0,12,33,50,103,155,145,172,109,210,301,336,316,261,200,145,106,73,53,13,13,9,8
0,0,5,8,55,105,129,126,61,73,117,152,230,238,216,188,162,124,97,70,50,0,0,3
0,0,9,14,62,100,118,79,0,62,107,146,189,177,179,181,150,113,110,75,53,14,0,0
0,0,6,52,81,94,93,0,9,81,145,179,233,204,197,197,177,143,102,69,56,10,0,0
0,0,10,56,89,96,13,0,60,80,135,158,208,226,227,245,208,154,112,78,58,21,7,11
0,5,54,81,74,24,1,17,67,77,105,126,151,197,232,239,200,142,118,100,82,60,1,0
1,4,48,66,65,25,2,55,72,86,107,114,126,147,182,189,173,135,128,118,107,99,14,3
0,59,72,54,31,4,9,50,90,63,108,110,122,135,146,151,164,148,134,118,116,102,49,6
14,38,23,12,8,0,0,12,42,39,105,110,111,111,98,140,169,154,120,112,132,108,75,7
10,12,11,8,0,0,0,10,46,51,85,100,82,84,101,145,180,145,159,147,134,90,51,5
27,12,3,3,0,0,3,10,32,12,52,64,62,71,105,143,195,190,176,169,142,98,75,13
20,13,7,7,11,14,18,33,45,46,59,71,145,189,214,283,252,219,216,175,149,89,41,11
32,17,14,10,12,19,16,54,92,74,93,148,200,221,247,245,283,238,213,183,145,113,82,9
20,14,7,13,14,66,103,123,139,144,147,202,252,248,274,296,313,252,216,165,145,106,54,14
12,9,4,9,39,65,105,122,136,166,183,212,241,246,253,275,300,275,173,139,126,72,39,12
5,4,16,30,50,76,105,130,169,231,237,245,264,264,289,272,243,196,170,131,107,65,25,8
7,8,29,86,106,106,133,149,161,173,184,211,207,237,223,186,149,124,112,102,41,40,20,0
8,51,77,123,112,117,127,128,128,140,146,155,146,135,117,107,105,102,66,24,16,14,10,0
36,51,96,102,102,110,110,113,117,109,106,108,104,103,100,98,100,67,14,8,4,3,0,0
87,113,102,94,107,106,102,103,103,103,101,101,80,100,100,100,100,12,12,5,10,10,10,0
16,59,73,105,85,100,101,91,101,101,77,17,58,68,62,34,48,9,9,9,7,0,10,0
11,70,91,81,83,103,104,101,77,70,67,55,62,68,27,10,13,0,7,11,8,1,5,0
7,26,71,97,107,109,108,103,78,63,52,51,47,48,10,13,7,12,12,11,13,9,10,1
7,5,41,87,104,101,83,68,49,42,29,21,17,14,5,8,1,11,5,10,8,3,11,1
11,27,33,51,82,107,71,63,54,48,18,20,36,27,19,31,11,30,30,14,10,8,8,8
8,11,18,29,47,84,78,81,85,53,39,13,22,8,11,10,9,12,12,13,5,4,0,0
3,6,8,13,27,64,119,118,67,53,45,26,13,0,0,4,3,6,9,11,3,0,0,3
6,12,8,13,9,25,74,114,84,55,47,14,24,5,5,2,2,7,13,10,5,1,0,5
11,11,9,11,4,32,62,73,57,53,34,19,11,4,6,0,9,6,8,7,6,0,0,0
2,9,9,11,0,6,11,54,72,57,49,14,3,8,0,0,10,0,0,1,0,0,0,0
2,0,4,6,3,0,11,52,54,70,57,40,14,14,7,0,9,6,2,0,2,0,0,4
0,0,1,6,6,3,16,57,61,55,51,50,14,13,8,6,7,0,0,5,5,0,8,3
7,0,5,11,5,16,45,66,74,63,51,28,14,12,9,1,0,0,0,8,6,0,0,0
2,0,5,14,13,56,52,101,63,55,51,39,32,14,5,0,0,5,2,4,0,0,0,0
0,0,4,13,46,53,63,50,55,13,29,10,12,11,9,12,10,0,0,6,5,4,5,1
11,8,7,14,14,50,17,13,24,20,11,12,9,9,6,12,6,10,4,10,0,3,6,3
0,6,12,10,11,12,13,3,10,18,10,2,4,7,12,0,2,0,7,8,9,0,1,0
4,7,0,12,14,13,5,3,2,8,14,9,0,1,4,10,10,7,6,11,11,9,3,0

0,2,0,0,0,0,2,11,11,14,7,2,7,0,1,2,0,0,0,0,0,0,0,0
0,0,0,0,0,0,7,27,50,65,63,72,75,60,13,0,0,0,0,0,0,0,0,5
0,2,0,5,0,19,42,65,128,161,164,150,142,124,95,69,33,12,9,8,0,0,0,10
0,0,5,3,13,50,93,131,184,226,243,233,266,194,136,106,101,58,21,11,8,8,0,1
0,0,9,12,31,46,135,191,251,322,327,315,339,263,175,128,91,66,14,10,0,8,5,0
0,0,7,17,46,87,177,228,289,272,286,401,397,343,242,173,126,87,65,13,12,7,10,6
0,0,11,33,50,103,155,144,171,109,208,300,336,318,264,200,144,105,73,53,12,13,9,8
0,0,5,8,55,105,129,126,61,73,118,153,231,239,218,188,161,123,96,70,50,0,0,3
0,0,9,14,62,100,118,80,0,64,108,147,190,179,181,182,150,112,110,74,53,14,0,0
0,0,6,52,82,94,93,0,9,83,148,182,233,205,197,198,177,142,101,68,56,9,0,0
0,0,10,56,89,96,13,0,60,81,137,160,210,225,226,246,208,154,112,78,58,20,7,11
0,5,54,81,74,23,1,16,67,77,106,127,152,196,231,238,200,142,118,99,81,60,0,0
1,3,49,66,65,24,1,55,73,86,107,115,126,147,182,188,173,135,128,118,106,98,14,3
0,59,71,54,31,4,9,50,90,65,109,110,122,135,146,150,163,148,134,118,116,102,48,6
14,38,24,13,8,0,0,12,42,44,106,110,112,111,98,139,169,154,120,112,132,108,74,7
10,12,11,8,0,0,0,10,47,52,87,100,83,84,101,145,180,145,158,147,134,90,51,5
27,12,3,3,0,0,3,10,33,12,52,64,62,71,106,143,196,190,176,168,142,98,75,13
20,13,7,7,11,14,18,33,45,46,59,71,146,191,216,284,252,219,216,174,148,89,41,11
32,17,14,10,12,19,16,54,93,74,93,148,200,221,247,245,283,238,213,183,145,113,84,9
20,14,7,13,14,67,104,124,139,144,147,202,253,248,274,296,313,252,215,165,144,106,54,14
12,9,4,9,39,66,106,122,136,167,184,213,241,246,253,275,300,274,173,139,126,71,39,12
5,4,16,31,50,76,105,131,170,232,238,245,264,264,289,271,243,195,170,131,106,64,23,8
7,8,29,86,106,107,133,149,162,173,183,211,207,237,223,185,148,124,112,101,40,40,19,0
8,51,78,123,112,118,127,129,128,140,146,155,146,135,116,107,104,102,66,23,15,14,10,0
36,51,96,102,102,110,110,113,118,109,106,108,103,103,100,97,100,69,14,8,4,3,0,0
88,113,102,95,107,106,102,103,103,103,101,100,80,100,100,100,100,12,12,5,10,10,10,0
16,59,73,105,85,100,101,90,101,101,76,19,58,68,62,33,48,9,9,9,7,0,10,0
11,71,92,81,83,103,104,101,77,71,67,55,62,68,27,10,13,0,7,11,8,1,5,0
7,26,71,97,107,109,108,103,78,62,52,51,47,48,10,13,7,12,12,11,13,9,10,1
7,5,41,87,104,101,84,68,49,43,29,20,17,14,5,9,1,11,5,10,8,3,11,1
11,28,34,51,82,107,71,62,54,48,18,20,36,27,19,31,11,30,31,14,10,7,8,7
8,11,18,29,47,84,78,81,85,53,39,13,21,8,11,10,9,12,12,12,5,4,0,0
3,6,8,13,27,64,119,118,67,53,43,25,13,0,0,4,3,6,10,11,3,0,0,3
6,12,8,13,9,26,74,114,83,55,44,14,24,5,5,2,2,7,13,10,5,1,0,5
11,11,9,11,4,31,62,73,57,53,33,19,11,4,6,0,9,6,8,7,6,0,0,0
2,9,9,12,0,6,11,54,72,58,48,14,3,8,0,0,10,0,0,1,0,0,0,0
2,0,4,6,3,0,11,52,53,70,57,39,14,13,7,0,9,6,2,0,2,0,0,4
0,0,2,6,6,3,16,57,61,55,51,50,14,13,8,6,7,0,0,5,5,0,8,3
7,0,5,11,5,16,46,66,74,63,51,27,14,12,9,1,0,0,0,8,5,0,0,0
2,0,5,14,13,56,53,101,63,55,51,37,32,14,5,0,0,5,2,4,0,0,0,0
0,0,4,13,46,53,63,50,55,13,26,10,12,11,9,12,10,0,0,6,5,4,5,1
11,8,7,14,14,50,16,12,24,20,11,12,8,9,6,12,6,10,4,10,0,3,6,3
0,6,12,10,11,12,13,2,10,18,10,2,4,7,12,0,2,0,7,8,9,0,1,0
4,7,0,12,14,13,5,1,2,8,14,8,0,1,4,10,10,7,6,11,11,9,3,0

0,2,0,0,0,0,2,11,11,16,7,2,6,0,1,2,0,0,0,0,0,0,0,0
0,0,0,0,0,0,7,27,49,65,62,71,75,60,13,0,0,0,0,0,0,0,0,5
0,2,0,3,0,14,41,65,127,158,162,149,142,123,95,69,35,12,9,8,0,0,0,10
0,0,5,4,13,50,93,130,183,223,241,232,264,194,136,107,101,58,24,11,8,8,0,1
0,0,8,12,31,46,135,189,249,320,324,313,338,263,176,128,92,67,14,10,0,8,5,0
0,0,7,17,46,86,176,227,288,270,285,403,398,344,244,174,127,87,66,13,12,7,10,6
0,0,11,32,50,103,154,143,171,109,208,301,339,321,266,203,146,106,73,54,13,13,9,8
0,0,5,7,55,105,128,126,61,73,118,154,233,241,221,190,163,125,97,70,51,0,0,3
0,0,9,14,62,100,118,79,0,64,109,148,191,180,182,183,151,113,110,75,53,15,0,0
0,0,6,52,82,94,93,0,9,83,147,181,233,206,199,200,179,143,102,68,56,9,0,0
0,0,10,56,89,96,13,0,60,80,136,158,206,223,226,247,210,155,112,78,58,20,7,11
0,5,54,82,75,24,1,15,67,77,105,126,149,195,229,237,201,143,118,99,81,60,0,0
1,4,49,66,65,25,2,54,72,87,107,114,125,146,180,187,173,135,128,118,106,98,14,3
0,59,72,54,31,4,9,50,89,67,108,109,122,134,145,149,162,147,134,118,116,102,50,6
14,38,24,13,8,0,0,12,42,43,106,110,111,111,97,138,168,153,120,112,132,108,74,7
10,12,11,8,0,0,0,10,47,52,87,100,82,84,101,144,180,145,158,147,134,90,51,5
27,12,3,3,0,0,3,10,32,12,52,64,62,72,106,144,196,190,176,168,142,98,75,13
20,13,7,7,11,14,18,33,45,46,60,71,147,191,217,285,253,219,216,174,149,89,41,11
32,17,14,10,12,19,16,54,93,74,93,148,200,221,247,245,283,238,213,183,145,113,84,9
20,14,7,13,14,67,103,124,140,144,147,202,253,248,274,296,313,252,215,165,144,106,54,14
12,9,4,9,39,66,106,122,136,167,183,213,241,246,252,275,300,274,173,139,126,71,39,12
5,5,16,31,51,76,105,131,170,232,237,246,264,264,289,271,243,196,169,131,106,65,24,8
7,8,29,87,106,107,133,149,162,173,184,211,207,237,223,185,148,124,112,101,40,40,19,0
8,51,78,123,112,118,128,129,128,140,146,154,146,135,116,107,104,102,65,24,14,14,10,0
36,51,96,102,102,110,110,113,118,109,106,108,103,103,100,98,100,67,14,8,4,3,0,0
88,113,102,95,107,106,102,103,103,103,101,101,78,100,100,100,100,13,12,5,10,10,10,0
16,60,73,106,85,100,101,90,101,101,76,19,57,69,63,33,50,8,9,9,7,0,10,0
11,71,92,81,83,103,104,101,77,71,67,55,61,68,27,10,13,0,7,11,8,1,5,0
7,26,71,97,107,109,108,103,78,62,52,51,46,48,10,13,7,12,12,10,13,9,10,1
7,5,42,87,104,101,84,68,49,43,29,20,17,14,5,9,1,11,5,11,8,3,11,1
11,27,34,51,82,107,71,62,54,48,18,20,36,27,19,31,11,30,31,14,9,7,8,7
8,11,18,29,47,84,78,81,85,53,41,13,22,8,11,10,9,12,12,13,5,4,0,0
3,6,8,13,27,64,119,118,67,53,43,24,13,0,0,4,3,6,10,11,3,0,0,2
6,12,8,13,9,26,74,114,83,55,45,14,24,5,5,2,2,7,13,10,5,1,0,5
11,11,9,11,4,31,62,73,57,53,34,21,11,4,6,0,8,6,8,7,6,0,0,0
2,9,9,11,0,6,11,54,72,57,48,14,3,8,0,0,10,0,0,1,0,0,0,0
1,0,4,6,3,0,11,52,54,70,56,38,14,13,7,0,9,6,2,0,2,0,0,4
0,0,1,6,6,3,17,57,61,55,51,50,14,13,8,6,7,0,0,5,5,0,8,3
7,0,5,11,5,16,45,66,74,63,51,27,14,12,9,1,0,0,0,8,5,0,0,0
2,0,5,14,13,56,53,101,63,55,51,37,32,14,5,0,0,5,2,4,0,0,0,0
0,0,4,13,46,53,63,50,55,13,26,10,12,11,9,12,10,0,0,6,5,4,4,1
11,8,7,14,14,50,16,13,24,18,11,12,9,9,6,12,6,10,4,10,0,3,6,3
0,6,12,10,11,12,13,2,10,18,10,2,4,7,12,0,2,0,7,8,9,0,1,0
4,7,0,12,14,13,5,1,2,8,14,8,0,1,4,10,10,7,6,11,11,9,3,0

0,2,0,0,0,0,2,11,11,16,7,2,6,0,1,2,0,0,0,0,0,0,0,0
0,0,0,0,0,0,7,27,49,65,62,71,75,60,13,0,0,0,0,0,0,0,0,5
0,2,0,3,0,14,40,65,127,158,162,149,142,123,96,69,35,12,9,7,0,0,0,10
0,0,5,4,13,50,93,130,183,223,241,231,264,194,136,107,101,59,24,11,8,8,0,1
0,0,8,12,31,46,135,190,249,320,325,314,339,265,176,128,92,67,14,10,0,8,5,0
0,1,7,17,47,86,176,227,289,271,287,403,400,347,246,175,128,88,66,13,12,8,10,6
0,0,11,32,50,103,154,143,171,109,208,302,340,322,269,204,146,107,73,54,13,13,9,8
0,0,5,8,55,105,129,125,61,73,118,154,234,242,221,191,163,125,98,71,51,0,0,3
0,0,9,14,62,100,118,79,0,63,108,148,192,180,182,183,151,113,110,75,53,16,0,0
0,0,6,52,82,94,93,0,9,82,147,181,233,206,199,199,179,144,102,69,57,10,0,0
0,0,10,56,89,96,13,0,60,80,136,158,207,225,226,247,210,155,113,78,58,21,7,12
0,5,53,81,75,24,2,17,67,77,105,126,150,195,230,238,200,143,119,100,82,60,1,0
1,3,49,66,65,24,2,55,72,87,107,114,125,146,180,187,173,135,128,118,106,98,14,3
0,59,71,54,31,4,9,50,90,66,108,110,122,134,145,149,162,148,134,118,116,102,49,6
14,38,24,13,8,0,0,12,42,41,105,110,111,111,97,139,168,154,120,112,132,108,74,7
11,12,11,9,0,0,0,10,48,52,86,100,82,84,101,145,180,145,158,147,134,90,51,5
27,12,3,3,0,0,3,10,33,12,52,64,62,71,106,143,196,190,175,168,142,97,75,13
20,13,7,7,12,14,18,33,45,46,60,71,146,191,215,283,252,219,216,174,149,89,40,11
31,17,14,10,12,19,17,54,92,74,93,148,200,221,247,245,283,237,213,183,145,113,84,9
19,14,7,13,14,67,104,124,140,144,147,202,252,248,274,296,313,251,215,165,144,106,54,14
12,9,4,9,39,66,106,122,136,167,183,212,241,246,252,275,299,274,173,139,126,71,39,12
5,4,17,31,51,76,105,131,170,232,238,246,264,264,289,271,243,196,170,131,106,65,23,8
7,8,29,86,106,107,133,149,162,174,184,211,207,237,223,185,149,124,112,101,40,40,19,0
8,51,77,123,112,118,128,129,128,140,146,155,146,135,116,107,105,102,65,24,15,14,10,0
36,51,96,102,102,110,110,113,118,109,106,108,103,103,100,100,100,67,14,8,4,3,0,0
88,113,102,94,107,106,102,103,103,103,101,101,80,100,100,100,100,12,12,5,10,10,10,0
16,60,73,105,85,100,101,90,101,101,76,20,58,67,62,33,50,8,9,9,7,0,10,0
11,70,92,81,83,103,104,101,78,71,67,55,62,68,26,10,13,0,7,11,8,1,5,0
7,26,71,97,107,109,108,103,78,63,52,51,46,48,10,13,7,12,12,10,13,9,10,1
7,5,41,87,104,102,84,68,49,43,29,20,17,14,5,8,1,11,5,10,8,3,11,1
11,27,34,51,82,107,71,63,54,49,18,20,36,27,18,31,11,30,30,14,9,7,8,7
8,11,18,29,47,84,78,81,85,53,39,13,21,8,11,10,9,12,12,13,5,4,0,0
3,6,8,13,27,64,119,118,67,53,42,25,13,0,0,4,3,6,9,11,3,0,0,2
6,12,8,13,9,26,75,114,84,55,46,14,24,5,5,2,2,7,13,10,5,1,0,5
11,11,9,11,4,30,62,73,58,53,35,20,10,4,6,0,8,6,8,7,6,0,0,0
2,9,9,12,0,6,11,54,72,57,50,15,3,8,0,0,10,0,0,1,0,0,0,0
1,0,4,6,3,0,11,52,54,70,57,41,14,14,7,0,9,6,2,0,2,0,0,4
0,0,2,6,6,3,18,57,61,55,51,50,14,13,8,6,7,0,0,5,5,0,8,3
7,0,5,11,5,16,45,66,74,63,51,28,14,12,9,1,0,0,0,8,5,0,0,0
2,0,5,14,13,56,53,101,63,55,51,40,33,14,5,0,0,5,2,4,0,0,0,0
0,0,4,13,47,53,63,50,55,13,27,10,12,11,9,12,10,0,0,6,5,4,4,1
11,8,7,14,14,51,18,13,24,20,11,12,9,9,6,12,6,10,4,10,0,3,6,3
0,6,12,10,11,12,13,2,10,18,10,2,4,7,12,0,1,0,7,8,9,0,1,0
4,7,0,12,14,13,5,1,2,8,14,9,0,1,4,10,10,7,6,11,11,9,3,0

0,1,0,0,0,0,2,11,11,17,7,2,6,0,1,2,0,0,0,0,0,0,0,0
0,0,0,0,0,0,7,27,49,65,62,71,75,60,13,0,0,0,0,0,0,0,0,5
0,2,0,3,0,14,41,65,127,158,162,149,142,123,95,69,33,12,8,8,0,0,0,9
0,0,5,4,13,50,93,130,183,224,241,232,264,194,136,106,101,58,24,11,8,8,0,1
0,0,9,12,31,46,135,190,250,321,325,313,338,263,176,128,91,67,14,10,0,8,5,0
0,1,7,17,47,87,177,228,290,273,287,403,398,345,244,175,127,87,66,13,12,8,10,6
0,0,11,32,50,103,155,144,172,109,209,302,338,320,266,203,146,106,73,53,13,13,9,8
0,0,5,8,55,105,129,126,61,73,118,155,232,240,219,189,163,125,98,70,51,0,0,3
0,0,9,14,62,100,118,79,0,63,109,148,191,179,181,182,151,113,110,75,53,16,0,0
0,0,6,52,82,94,93,0,9,83,147,181,234,206,198,198,178,144,103,69,57,10,0,0
0,0,10,56,89,96,13,0,60,80,136,160,210,226,227,246,209,155,113,79,59,22,7,12
0,5,54,81,75,24,1,17,67,77,106,127,151,196,232,239,200,143,119,100,83,60,1,0
1,4,48,66,65,24,2,55,72,87,107,114,126,146,181,188,173,135,128,118,107,98,14,4
0,59,71,54,31,4,9,50,90,67,108,110,122,135,146,150,163,148,135,118,116,102,50,7
14,38,24,13,8,0,0,12,42,42,105,110,111,111,98,139,169,154,120,112,132,108,75,7
10,12,11,8,0,0,0,10,47,52,86,100,82,84,101,145,180,145,158,147,134,90,51,5
27,12,3,3,0,0,3,10,34,12,52,64,62,71,105,143,195,189,176,168,142,98,75,13
20,13,7,7,11,14,18,33,45,46,60,71,146,190,214,283,252,218,216,174,148,89,40,11
32,17,14,10,12,19,16,54,92,74,93,148,200,221,247,245,283,237,213,183,145,113,84,9
19,14,7,13,14,67,103,124,140,144,147,203,253,248,274,296,313,252,215,165,144,106,54,14
12,9,4,9,39,66,106,122,136,167,184,212,241,246,253,275,300,274,173,139,126,71,39,12
6,4,16,31,51,76,105,131,170,232,238,246,265,264,289,271,243,196,170,131,106,65,24,8
7,8,29,86,106,107,133,149,162,173,184,211,207,237,223,185,149,124,112,102,40,40,19,0
8,51,78,123,112,118,128,129,128,140,146,155,146,135,116,107,105,102,66,24,15,14,10,0
36,51,96,102,103,110,110,113,118,109,106,108,103,103,100,98,100,69,14,8,4,3,0,0
88,113,102,95,107,106,102,103,103,103,101,101,80,100,100,100,100,12,12,5,10,10,10,0
16,60,73,105,85,100,101,90,101,101,76,20,58,67,62,33,47,8,9,9,7,0,10,0
11,71,92,81,83,103,104,101,77,71,67,55,62,68,27,10,13,0,7,11,8,1,5,0
7,26,71,97,107,109,108,103,78,62,52,51,46,48,10,13,7,12,12,11,13,9,10,1
7,5,42,87,104,102,84,68,49,43,29,20,17,14,5,9,1,11,5,10,8,3,11,1
11,28,34,51,82,107,71,63,54,49,18,20,36,27,18,31,11,30,30,14,9,7,8,7
8,11,18,29,47,84,79,81,85,53,41,14,22,8,11,10,9,12,12,13,5,4,0,0
3,6,8,13,27,64,120,118,67,53,43,24,13,0,0,4,3,6,9,11,3,0,0,3
6,12,8,13,9,25,75,114,84,55,46,14,24,5,5,2,2,7,13,10,5,1,0,5
11,11,9,11,4,32,62,73,57,53,33,19,11,4,6,0,8,6,8,7,6,0,0,0
2,9,9,12,0,6,11,54,72,58,48,14,3,8,0,0,10,0,0,1,0,0,0,0
2,0,4,6,3,0,11,52,54,70,57,41,14,13,7,0,9,6,1,0,2,0,0,4
0,0,2,6,6,3,18,57,61,55,51,50,14,13,8,6,7,0,0,5,5,0,8,3
7,0,5,11,5,17,46,66,74,63,51,28,14,12,9,1,0,0,0,7,5,0,0,0
2,0,5,14,13,56,53,101,63,55,51,40,32,14,5,0,0,5,2,4,0,0,0,0
0,0,4,13,46,53,63,50,55,13,29,10,12,11,9,12,10,0,0,6,5,4,4,1
11,8,7,14,14,51,19,13,24,21,11,12,8,9,6,12,6,10,4,9,0,3,6,3
0,6,12,10,11,12,13,2,10,19,10,2,4,7,12,0,2,0,7,8,9,0,1,0
4,7,0,12,14,13,5,1,2,8,14,8,0,1,4,10,10,7,6,11,11,9,3,0

0,1,0,0,0,0,2,11,11,17,7,2,6,0,1,1,0,0,0,0,0,0,0,0
0,0,0,0,0,0,7,27,49,65,62,71,75,60,13,0,0,0,0,0,0,0,0,5
0,2,0,3,0,14,40,65,128,158,162,149,142,123,95,69,32,11,8,8,0,0,0,10
0,0,5,4,13,50,93,130,183,223,241,231,263,194,136,106,101,58,23,11,8,8,0,1
0,0,8,12,31,46,135,190,250,320,325,313,337,263,175,128,91,67,14,10,0,8,5,0
0,0,7,17,47,87,177,228,289,272,287,402,396,343,244,175,128,87,66,13,12,7,10,6
0,0,11,32,50,103,155,144,171,109,208,301,336,319,266,203,146,107,73,54,13,13,9,8
0,0,5,8,55,105,129,126,61,73,118,154,232,239,219,190,163,125,98,70,51,0,0,3
0,0,9,14,62,100,118,79,0,63,109,148,191,179,181,182,151,113,111,75,53,17,0,0
0,0,6,52,82,94,93,0,9,83,147,181,234,206,198,198,179,144,103,69,57,10,0,0
0,0,10,56,89,96,13,0,60,80,136,160,210,226,227,246,209,155,113,79,58,22,7,12
0,5,54,81,75,24,1,17,67,77,105,127,151,196,231,238,200,143,119,100,82,60,1,0
1,3,49,66,65,25,2,55,72,87,107,114,125,146,181,188,173,135,128,118,107,99,14,4
0,59,71,54,30,4,9,50,90,66,109,110,122,134,146,150,163,148,134,118,116,102,49,6
14,38,24,13,8,0,0,12,42,43,106,110,112,111,98,139,169,154,120,113,132,108,74,7
10,12,11,8,0,0,0,10,48,52,86,100,83,84,101,145,180,145,159,147,134,90,51,5
27,12,3,3,0,0,3,10,34,12,52,64,62,71,105,143,195,190,175,168,142,98,75,13
20,13,7,7,12,14,18,33,45,46,60,71,146,191,215,283,252,218,216,174,148,89,40,11
32,17,14,10,12,19,17,54,92,75,93,148,200,221,247,245,283,237,213,183,145,113,84,9
18,14,7,13,15,67,104,124,140,144,147,202,253,248,274,296,313,252,215,165,144,106,54,14
12,9,4,9,39,66,106,122,136,167,184,213,241,246,253,275,300,274,173,139,126,72,39,12
5,5,16,31,51,76,105,131,170,232,238,246,264,264,289,271,242,195,169,131,106,65,23,8
7,8,29,87,106,107,133,149,162,174,184,211,207,237,223,185,148,124,112,102,40,40,19,0
8,51,78,123,112,118,128,129,128,140,146,155,146,135,116,107,104,102,65,24,15,14,10,0
36,51,96,102,102,110,110,113,118,109,106,108,103,103,100,100,100,67,14,8,4,3,0,0
88,113,102,95,107,106,102,103,103,103,101,101,82,100,100,100,100,12,12,5,10,10,10,0
16,60,73,105,85,100,101,91,101,101,77,20,58,67,62,33,48,8,9,9,7,0,10,0
11,71,92,81,83,103,104,101,77,71,66,55,62,68,27,10,13,0,7,11,8,1,5,0
7,26,71,97,107,109,108,103,78,62,52,51,47,48,10,13,7,12,12,11,13,9,10,1
7,5,42,87,104,102,84,68,49,43,30,20,18,14,5,8,1,11,5,10,8,3,11,1
11,28,34,51,82,107,71,63,54,48,19,21,36,27,18,31,11,30,30,14,9,7,8,8
8,11,18,29,47,84,78,81,85,54,39,14,22,8,11,10,9,12,12,12,5,4,0,0
3,6,8,13,27,64,120,118,67,53,44,25,13,0,0,4,3,6,9,11,3,0,0,3
6,12,8,13,9,25,75,114,83,55,44,14,23,5,4,2,2,7,13,10,5,1,0,5
11,11,9,11,4,31,62,73,58,53,33,19,10,4,6,0,9,6,8,7,6,0,0,0
2,9,9,12,0,6,11,54,72,58,48,14,3,8,0,0,10,0,0,1,0,0,0,0
2,0,4,6,3,0,11,52,54,70,57,40,14,13,7,0,9,6,1,0,2,0,0,4
0,0,2,6,6,3,18,57,61,55,51,50,14,13,8,6,7,0,0,5,5,0,8,3
7,0,5,11,5,16,46,66,74,63,51,28,14,12,9,1,0,0,0,7,6,0,0,0
2,0,5,14,13,56,52,101,63,55,51,38,32,14,5,0,0,5,2,4,0,0,0,0
0,0,4,13,47,53,63,50,55,13,29,10,12,11,9,12,10,0,0,6,5,4,4,1
11,8,7,14,14,51,18,13,24,20,11,12,9,9,6,12,6,10,4,9,0,3,6,3
0,6,12,10,11,12,13,2,10,18,10,2,4,7,12,0,2,0,7,8,9,0,1,0
4,7,0,12,14,13,5,1,2,8,14,8,0,1,4,10,10,7,6,11,11,9,3,0

0,1,0,0,0,0,2,11,11,17,7,2,6,0,1,1,0,0,0,0,0,0,0,0
0,0,0,0,0,0,7,27,49,65,62,71,75,60,13,0,0,0,0,0,0,0,0,5
0,2,0,2,0,14,40,65,127,158,162,149,142,123,95,69,33,11,8,8,0,0,0,10
0,0,5,4,13,50,93,130,182,223,241,231,263,193,136,107,101,58,24,11,8,8,0,1
0,0,8,12,31,46,135,189,248,319,323,312,337,262,176,128,92,67,14,11,0,8,5,0
0,0,7,16,47,86,176,226,287,271,285,401,398,344,245,176,128,88,66,13,12,8,10,6
0,0,11,32,50,103,154,143,171,109,207,301,338,321,267,204,147,107,73,54,13,13,9,8
0,0,5,8,55,105,128,126,61,73,118,154,233,242,221,191,164,125,98,71,51,0,0,3
0,0,9,14,62,100,118,79,0,64,109,148,192,180,183,184,152,113,111,76,53,17,0,0
0,0,6,52,82,94,93,0,10,83,147,181,233,206,199,200,180,144,103,69,57,10,0,0
0,0,10,56,90,96,13,0,60,80,136,158,207,225,226,247,210,156,113,78,58,22,7,12
0,5,54,81,75,24,1,16,67,77,105,126,149,195,230,238,201,143,119,100,82,60,1,0
1,3,49,66,65,24,2,55,72,87,107,114,125,146,180,187,173,135,128,118,106,98,14,4
0,59,72,54,31,4,9,50,90,66,109,110,122,134,145,149,162,148,134,118,116,102,49,7
14,38,24,13,8,0,0,12,42,44,106,110,112,111,98,139,169,154,120,112,132,108,74,7
10,12,11,8,0,0,0,10,46,52,87,100,83,84,101,145,180,145,158,147,134,90,51,5
27,12,3,3,0,0,3,10,34,12,53,64,62,72,106,143,196,190,176,168,142,98,75,13
20,13,7,7,11,14,18,33,45,46,60,71,147,191,216,284,252,218,216,174,148,89,41,11
32,18,14,10,12,19,17,54,92,75,93,148,201,221,247,245,283,237,213,183,145,113,85,9
18,14,7,13,15,67,103,124,140,144,147,203,253,248,274,296,312,251,215,165,144,106,54,14
12,9,4,9,39,66,106,122,136,167,184,213,241,246,253,275,300,274,173,139,126,72,39,12
5,5,17,31,51,76,105,131,171,233,238,246,265,264,289,271,243,195,169,131,106,65,24,8
7,8,29,86,106,107,134,149,163,174,184,212,207,237,222,185,148,124,112,101,40,40,19,0
8,51,78,123,112,118,128,129,128,140,146,155,146,135,117,107,104,102,65,24,15,14,10,0
37,51,96,102,103,110,110,113,118,109,106,108,103,103,100,98,100,67,14,8,4,3,0,0
89,113,102,95,107,106,102,103,103,103,101,100,80,100,100,100,100,12,12,5,10,10,10,0
16,60,73,105,85,100,101,91,101,101,77,21,58,67,63,33,47,8,9,9,7,0,10,0
11,71,92,81,83,103,104,101,77,72,67,55,62,68,26,10,13,0,7,11,8,1,5,0
7,27,71,97,107,109,108,103,78,62,52,51,46,48,10,13,7,12,12,11,13,9,10,1
7,5,41,87,104,102,84,68,49,43,30,20,18,14,5,8,0,11,5,10,8,3,11,1
11,28,34,51,82,107,71,63,54,49,19,21,36,27,18,31,11,30,30,14,9,7,8,7
8,11,18,29,47,84,78,81,85,54,41,13,22,8,11,10,9,12,12,12,5,4,0,0
3,6,8,13,27,64,120,118,67,53,44,26,13,0,0,4,3,6,9,11,3,0,0,2
6,12,8,13,9,25,75,114,83,55,46,14,23,5,5,2,2,7,13,10,5,1,0,5
11,11,9,11,4,31,62,73,58,53,33,20,10,4,6,0,8,6,8,7,6,0,0,0
2,9,9,12,0,6,11,54,72,58,48,14,2,8,0,0,10,0,0,1,0,0,0,0
2,0,4,6,3,0,12,52,53,70,57,40,14,13,7,0,9,6,1,0,2,0,0,4
0,0,2,6,6,3,17,57,61,55,51,50,14,13,8,6,7,0,0,5,5,0,8,3
7,0,5,11,5,16,46,66,74,63,51,28,14,12,9,1,0,0,0,7,6,0,0,0
2,0,5,14,13,56,53,101,63,55,51,38,32,14,5,0,0,5,2,4,0,0,0,0
0,0,4,13,46,53,63,50,55,13,27,10,12,11,9,12,10,0,0,6,5,4,4,1
11,8,7,14,14,51,18,13,24,20,11,12,9,9,6,12,6,10,4,9,0,3,6,3
0,6,12,10,11,12,13,2,10,18,10,2,4,7,12,0,2,0,7,8,9,0,1,0
4,7,0,12,14,13,5,1,2,8,14,8,0,1,4,10,10,7,6,11,11,9,3,0

0,1,0,0,0,0,2,11,11,18,7,2,6,0,1,1,0,0,0,0,0,0,0,0
0,0,0,0,0,0,7,28,49,65,62,71,75,60,13,0,0,0,0,0,0,0,0,5
0,2,0,2,0,14,40,65,127,158,162,149,142,123,95,70,35,12,8,8,0,0,0,10
0,0,5,4,13,50,93,130,182,223,240,231,264,194,136,107,101,59,25,11,8,8,0,1
0,0,8,12,31,46,135,189,248,319,324,312,338,264,177,128,92,67,16,11,0,8,5,0
0,0,7,16,47,86,176,225,286,270,283,402,399,346,246,177,129,88,66,13,12,8,10,6
0,0,11,32,49,103,154,143,170,108,207,301,340,323,271,207,148,108,74,54,13,13,9,8
0,0,5,7,55,105,128,125,61,73,118,155,234,243,223,193,165,126,99,71,52,0,0,3
0,0,9,14,62,100,118,79,0,64,108,148,192,181,184,185,153,114,111,76,54,18,0,0
0,0,6,52,82,94,93,0,10,82,147,181,233,207,200,202,180,144,102,69,57,10,0,0
0,0,10,56,90,96,13,0,60,80,135,156,205,223,226,248,210,156,113,78,58,21,7,12
0,5,53,81,75,24,2,17,67,77,105,125,148,194,228,237,201,143,119,99,81,60,1,0
1,3,48,66,66,25,2,55,73,86,107,114,124,145,179,186,172,135,128,118,106,98,14,3
0,59,71,54,31,4,9,50,90,67,108,109,121,134,145,149,162,147,134,118,116,102,49,7
14,38,24,13,8,0,0,12,42,44,106,110,111,110,97,138,168,153,120,112,132,108,76,7
10,12,11,8,0,0,0,10,48,52,86,100,82,84,101,145,180,145,158,147,134,90,51,5
27,12,3,3,0,0,3,10,34,12,53,64,62,72,107,144,196,190,175,168,142,98,75,13
20,13,7,7,11,14,19,33,45,46,60,71,147,192,217,285,252,219,216,174,149,89,41,11
32,17,14,10,12,19,16,54,93,74,93,148,201,221,248,245,283,237,213,183,145,113,85,9
19,14,7,13,15,67,104,124,140,144,147,202,253,248,274,295,312,251,215,165,144,106,54,14
12,9,4,9,39,66,106,122,136,167,184,213,241,246,253,275,299,274,172,139,126,72,39,12
6,5,17,31,51,76,105,131,171,233,238,246,264,264,289,271,243,195,169,131,106,65,24,8
7,8,29,88,106,107,134,149,163,174,184,212,207,237,222,185,148,124,112,101,40,40,19,0
8,51,78,123,112,118,128,129,129,141,146,155,146,135,116,107,104,102,65,24,15,14,10,0
37,51,96,102,103,110,110,113,118,109,106,108,103,103,100,100,100,67,14,8,4,3,0,0
89,113,103,95,107,106,102,103,103,103,101,101,80,100,100,100,100,12,12,5,10,10,10,0
16,60,73,105,85,100,101,90,101,101,76,20,57,67,62,33,47,8,9,9,7,0,10,0
11,70,92,81,83,103,104,101,77,71,67,55,62,68,26,10,13,0,7,11,8,1,5,0
7,26,71,97,107,109,108,103,78,63,51,51,46,48,10,13,7,12,12,10,13,9,10,1
7,5,41,87,105,102,84,68,49,43,30,20,17,14,5,8,1,11,5,10,8,3,11,1
11,28,34,51,82,107,71,63,54,49,19,21,36,26,18,31,11,30,30,14,9,7,8,7
8,11,18,29,47,84,79,81,85,53,41,14,21,8,11,10,9,12,12,13,5,3,0,0
3,6,8,13,27,64,120,118,67,53,43,26,13,0,0,4,2,6,9,11,3,0,0,2
6,12,8,13,9,26,75,114,83,55,45,14,23,5,4,2,2,7,13,10,5,1,0,5
11,11,9,11,4,31,62,73,58,53,33,20,10,4,6,0,9,6,8,7,6,0,0,0
2,9,9,12,0,6,11,54,72,58,49,14,2,8,0,0,10,0,0,1,0,0,0,0
2,0,4,6,3,0,11,52,54,70,57,40,14,13,6,0,9,6,1,0,2,0,0,4
0,0,2,6,6,3,17,57,61,55,51,50,14,12,8,6,7,0,0,5,5,0,8,3
7,0,5,11,5,16,46,66,74,63,51,27,14,12,9,1,0,0,0,7,6,0,0,0
2,0,5,14,13,56,52,101,63,55,51,37,32,13,5,0,0,5,2,4,0,0,0,0
0,0,4,13,46,53,63,50,55,13,27,10,12,11,9,12,10,0,0,6,5,4,4,1
11,8,7,14,14,51,18,13,24,20,11,12,9,9,6,12,6,10,3,9,0,3,6,3
0,6,12,10,11,12,13,2,10,18,10,2,4,7,12,0,1,0,7,8,9,0,1,0
4,7,0,12,14,13,5,1,2,8,14,8,0,1,4,10,10,7,6,11,11,9,3,0

0,1,0,0,0,0,2,11,11,17,7,2,6,0,1,2,0,0,0,0,0,0,0,0
0,0,0,0,0,0,7,27,49,65,62,71,75,60,13,0,0,0,0,0,0,0,0,5
0,2,0,3,0,14,40,65,127,158,162,149,142,124,96,70,36,12,9,8,0,0,0,10
0,0,5,4,13,50,93,130,183,223,241,232,265,195,136,107,101,59,24,11,8,8,0,1
0,0,8,12,31,46,135,189,249,319,324,313,339,265,177,128,92,67,14,10,0,8,5,0
0,0,7,17,47,86,176,226,287,270,284,403,400,347,246,176,129,88,66,13,12,8,10,6
0,0,11,32,50,103,154,143,170,108,207,302,340,323,270,205,147,107,74,54,13,13,9,9
0,0,5,7,55,105,128,125,61,73,118,155,234,242,221,191,164,126,98,71,52,0,0,3
0,0,9,14,62,100,118,79,0,63,108,148,191,180,183,184,152,113,111,76,53,17,0,0
0,0,6,52,82,94,93,0,9,82,147,181,234,207,199,200,180,144,103,69,57,10,0,0
0,0,9,56,89,96,13,0,60,80,136,158,208,225,227,247,210,156,113,79,58,21,7,12
0,5,53,81,75,24,2,17,67,77,105,126,149,195,230,238,200,143,119,100,82,60,1,0
1,3,49,66,65,25,2,55,72,87,107,114,125,146,180,187,173,135,128,118,106,98,14,4
0,59,72,54,31,4,9,50,90,67,108,110,122,134,145,149,162,148,135,118,116,102,50,7
14,38,23,13,8,0,0,12,42,43,105,110,111,111,97,139,169,154,120,112,132,108,75,7
10,12,11,8,0,0,0,10,47,52,86,100,82,84,101,145,180,145,158,147,134,90,51,5
27,12,3,3,0,0,3,10,33,12,52,63,62,71,106,143,195,190,176,168,142,98,75,13
20,13,7,7,12,14,18,33,45,46,60,71,147,191,215,283,252,218,216,174,149,89,41,11
32,17,14,10,12,19,16,54,93,74,93,148,201,221,247,245,283,237,213,183,145,113,84,9
18,14,7,13,14,67,104,124,140,144,148,202,253,248,274,296,312,251,215,165,144,106,54,14
12,9,4,9,39,66,106,122,136,167,184,213,241,246,253,275,299,273,172,139,126,71,39,12
6,5,17,31,51,76,105,131,171,233,238,246,265,264,289,271,242,195,169,131,106,65,23,8
7,8,29,87,106,107,134,149,163,174,184,212,207,237,222,185,148,124,112,101,40,40,18,0
8,51,78,123,112,118,128,129,129,141,146,155,146,135,117,107,104,102,66,24,15,14,10,0
36,51,96,102,103,110,110,113,118,109,106,108,103,103,100,100,98,66,14,8,4,3,0,0
88,113,102,95,107,106,102,103,103,103,101,101,81,100,100,100,100,12,12,5,10,10,10,0
16,60,73,105,85,100,101,90,101,101,77,17,58,67,60,31,47,8,9,9,7,0,10,0
11,72,92,81,84,103,104,101,78,71,68,55,62,68,29,10,13,0,7,11,8,1,5,0
7,26,71,97,107,109,108,103,78,63,52,51,47,48,10,12,7,12,12,11,13,9,10,1
7,5,42,87,105,102,84,68,49,43,30,20,18,14,5,8,1,11,5,10,8,3,11,1
11,28,34,51,82,107,71,63,54,49,19,21,36,26,18,31,11,30,30,14,9,7,8,7
8,11,18,29,47,85,79,81,85,54,41,13,21,8,11,10,9,12,12,12,5,4,0,0
3,6,8,13,27,65,120,118,68,53,43,25,13,0,0,4,3,6,9,11,3,0,0,2
6,12,8,13,9,25,75,115,84,55,46,14,23,5,4,2,2,7,13,10,5,1,0,5
11,11,9,11,5,31,62,73,58,53,36,19,10,4,6,0,8,6,8,7,6,0,0,0
2,9,9,12,0,6,11,54,72,58,49,14,3,8,0,0,10,0,0,1,0,0,0,0
2,0,4,6,3,0,12,52,54,71,57,39,14,13,7,0,9,6,1,0,2,0,0,4
0,0,2,6,6,4,18,57,61,55,52,50,14,13,8,6,7,0,0,5,5,0,8,3
7,0,5,11,5,16,46,66,74,63,51,27,14,12,9,1,0,0,0,7,5,0,0,0
2,0,5,14,13,56,53,101,63,55,51,39,32,14,5,0,0,5,2,4,0,0,0,0
0,0,4,13,47,53,63,50,55,13,29,10,12,11,9,12,10,0,0,6,5,4,4,1
11,8,7,14,14,51,20,13,24,21,11,12,9,9,6,12,6,10,3,9,0,3,6,3
0,6,12,10,11,12,13,2,10,18,10,2,4,7,12,0,1,0,7,8,9,0,1,0
4,7,0,12,14,13,5,1,2,8,14,8,0,1,4,10,10,7,6,11,11,9,3,0

0,1,0,0,0,0,2,11,11,17,7,2,6,0,1,2,0,0,0,0,0,0,0,0
0,0,0,0,0,0,7,28,49,66,62,71,75,60,13,0,0,0,0,0,0,0,0,5
0,2,0,3,0,14,40,65,127,158,162,149,142,124,95,69,33,12,9,8,0,0,0,10
0,0,5,4,13,50,93,130,183,223,242,232,265,195,136,107,101,59,24,11,8,8,0,1
0,0,8,12,31,46,135,190,249,320,325,313,339,265,177,128,92,67,14,10,0,8,5,0
0,0,7,17,47,86,176,227,288,272,287,403,398,346,246,176,128,88,66,13,12,8,10,6
0,0,11,32,50,103,154,143,171,109,208,301,338,321,268,204,147,107,73,54,13,13,9,8
0,0,5,7,55,105,128,126,61,73,118,154,232,240,220,190,164,125,98,71,51,0,0,3
0,0,9,14,61,100,118,79,0,63,108,147,191,179,181,183,151,114,111,76,54,17,0,0
0,0,6,52,82,94,93,0,9,83,147,181,234,206,198,198,179,144,103,69,57,10,0,0
0,0,10,56,89,96,13,0,60,80,137,160,210,226,227,246,210,156,113,79,59,22,7,12
0,5,54,81,75,24,2,18,67,77,105,127,151,196,231,239,201,143,119,100,83,60,1,0
1,3,48,66,65,25,2,55,72,86,107,114,125,146,181,188,173,135,129,118,107,99,14,4
0,59,72,54,31,4,9,50,90,69,108,110,122,134,146,150,163,148,135,118,116,102,50,7
14,38,23,13,8,0,0,12,42,42,106,110,112,111,98,139,169,154,120,113,133,108,75,7
10,12,11,8,0,0,0,10,47,52,86,100,83,84,102,145,180,146,159,147,134,90,51,5
28,12,3,3,0,0,3,10,33,12,52,63,62,71,105,143,196,189,176,169,142,98,75,13
20,13,7,7,11,14,18,33,45,46,60,71,146,190,215,282,251,218,216,174,149,89,40,11
31,17,14,10,12,19,17,54,92,74,94,148,201,221,247,244,283,236,212,183,144,113,84,9
18,14,7,13,14,67,104,124,140,145,147,202,253,248,273,295,311,251,214,164,144,106,54,14
12,9,4,9,39,66,106,122,136,167,184,213,241,246,252,273,298,273,172,139,126,71,39,12
6,5,17,31,51,76,105,131,171,233,238,246,265,264,288,271,242,195,169,130,106,65,25,8
7,8,29,86,106,107,134,149,163,174,184,211,207,237,222,185,148,124,112,101,40,40,19,0
8,51,78,123,112,118,128,129,129,141,146,155,146,135,116,107,105,102,67,25,15,14,10,0
36,51,96,102,102,110,110,113,118,109,106,108,103,103,100,98,100,66,14,8,4,3,0,0
88,113,102,95,107,106,102,103,103,103,101,101,80,100,100,100,100,12,12,5,10,10,10,0
16,60,73,105,85,100,101,91,101,101,77,19,58,67,60,31,45,8,9,9,7,0,10,0
11,71,92,81,83,103,104,101,77,71,66,55,62,68,26,10,13,0,7,11,8,1,5,0
7,26,71,97,107,109,108,103,78,62,52,51,45,48,10,12,7,12,12,10,13,9,10,1
7,5,42,87,105,102,84,68,49,43,30,20,18,14,5,8,0,11,5,10,8,3,11,1
11,28,34,51,83,107,71,63,54,49,20,21,36,26,18,31,11,30,29,14,9,7,8,7
8,11,18,29,47,85,79,81,86,54,41,13,21,8,11,10,9,12,12,12,5,3,0,0
3,6,8,13,27,65,120,118,68,53,44,25,13,0,0,4,2,6,9,11,3,0,0,3
6,12,8,13,9,26,75,115,84,55,46,14,23,5,4,2,2,7,13,10,5,1,0,4
11,11,9,11,4,32,62,74,58,53,35,19,10,4,5,0,8,6,8,7,6,0,0,0
2,9,9,12,0,6,11,54,73,58,49,14,2,8,0,0,10,0,0,1,0,0,0,0
2,0,4,6,3,0,12,52,54,71,57,41,14,13,6,0,9,6,1,0,2,0,0,4
0,0,2,6,6,4,19,57,61,55,51,50,14,12,8,6,7,0,0,5,5,0,8,3
7,0,5,11,5,17,45,67,74,63,51,28,14,12,9,1,0,0,0,7,5,0,0,0
2,0,5,14,13,56,53,101,64,55,51,39,33,14,5,0,0,5,2,4,0,0,0,0
0,0,4,13,48,53,63,50,55,13,30,10,12,11,9,12,10,0,0,6,4,4,4,1
11,8,8,14,14,51,20,13,24,19,11,12,9,9,6,12,6,10,3,9,0,3,6,3
0,6,12,10,11,13,13,2,10,18,10,2,4,7,12,0,1,0,7,8,9,0,1,0
4,7,0,12,14,13,5,0,2,8,14,8,0,1,4,10,10,7,6,11,11,9,3,0

0,2,0,0,0,0,2,11,11,17,7,2,6,0,1,2,0,0,0,0,0,0,0,0
0,0,0,0,0,0,7,27,49,65,62,71,75,60,13,0,0,0,0,0,0,0,0,5
0,2,0,3,0,14,41,65,127,159,162,149,142,124,96,70,35,12,8,8,0,0,0,10
0,0,5,4,13,50,93,130,183,223,242,232,265,195,136,107,101,59,24,11,8,8,0,1
0,0,8,12,31,46,135,190,249,320,325,313,339,265,177,129,92,67,15,11,0,8,5,0
0,1,7,16,46,86,176,227,288,272,285,403,398,345,246,177,129,88,66,13,12,8,10,6
0,0,11,32,50,103,154,143,170,108,208,301,338,321,269,205,148,108,74,54,13,13,9,8
0,0,5,8,55,105,129,125,61,73,118,154,233,241,221,191,165,126,99,71,52,0,0,3
0,0,9,14,62,100,118,79,0,63,108,147,191,180,182,184,152,114,111,76,54,18,0,0
0,0,6,52,82,94,93,0,10,82,147,180,234,207,199,200,180,145,103,69,57,10,0,0
0,0,9,56,89,96,13,0,60,80,136,159,208,225,227,247,210,156,114,79,59,23,7,12
0,5,53,81,75,24,2,17,67,77,105,126,149,195,231,239,201,143,119,100,83,60,1,0
1,3,48,66,65,25,2,55,73,87,107,114,125,146,180,187,173,135,129,118,107,99,14,4
0,59,71,54,30,4,9,51,91,68,109,110,122,134,146,150,163,148,135,118,116,102,50,7
14,38,24,13,8,0,0,12,42,43,106,110,112,111,98,139,169,154,120,113,133,109,75,7
10,12,11,8,0,0,0,10,47,52,86,100,82,84,101,145,180,145,159,147,134,90,51,5
27,12,3,3,0,0,3,10,33,12,52,63,62,71,106,143,195,190,176,169,142,98,75,13
20,13,7,7,11,14,18,33,45,46,60,71,146,191,215,283,252,218,216,174,149,89,41,11
32,18,14,10,12,19,17,54,93,74,93,148,201,221,247,244,282,237,213,183,145,113,84,9
18,14,7,13,15,67,104,124,140,144,147,203,253,248,273,294,312,250,214,164,144,106,54,14
12,9,4,9,39,66,106,122,136,167,184,213,241,246,252,274,298,272,172,139,126,72,39,12
6,5,17,31,51,76,105,131,171,233,238,246,265,264,288,271,242,195,169,130,106,65,24,8
7,8,30,86,106,107,134,149,163,174,184,212,207,237,222,185,148,123,112,101,40,40,19,0
8,51,78,123,112,118,128,129,129,141,146,155,146,135,116,107,104,102,66,24,15,14,10,0
36,51,96,102,103,110,110,113,118,109,106,108,103,103,100,100,100,67,14,8,4,3,0,0
88,113,102,96,107,106,102,103,103,103,101,100,80,100,100,100,100,12,12,4,10,10,10,0
17,60,73,105,86,100,101,91,101,101,77,19,57,67,65,31,47,8,9,9,7,0,10,0
11,71,93,81,83,103,104,101,77,70,67,55,62,68,26,10,13,0,7,11,8,1,5,0
7,27,71,97,107,109,108,103,79,63,52,51,45,48,10,12,7,12,12,10,13,9,10,1
7,5,41,87,105,102,84,68,49,43,30,20,18,14,5,9,1,11,5,10,8,3,11,1
11,28,34,51,83,107,71,63,54,50,20,21,36,26,17,31,11,30,30,14,9,7,8,7
8,11,18,29,47,85,79,81,86,54,41,14,21,8,11,10,9,12,12,12,5,3,0,0
3,6,8,13,27,65,120,118,68,53,45,23,13,0,0,4,2,6,9,11,3,0,0,2
6,12,8,13,9,26,75,115,84,55,45,14,23,5,4,2,2,7,13,10,5,1,0,5
11,11,9,11,4,32,62,74,58,53,35,19,10,4,6,0,8,6,8,7,6,0,0,0
2,9,9,12,0,6,11,54,73,58,49,14,3,8,0,0,10,0,0,0,0,0,0,0
2,0,4,6,3,0,12,52,54,71,57,40,14,14,7,0,9,6,1,0,2,0,0,4
0,0,2,7,6,4,19,57,61,56,52,50,14,13,8,6,7,0,0,5,5,0,8,3
7,0,5,11,5,17,46,67,75,63,51,28,14,12,9,1,0,0,0,7,5,0,0,0
2,0,5,14,13,56,53,102,64,55,51,39,32,14,5,0,0,5,1,4,0,0,0,0
0,0,4,13,48,53,63,50,56,13,29,10,12,11,9,12,10,0,0,6,5,4,4,1
11,8,8,14,14,51,21,13,24,19,12,12,9,9,6,12,6,10,3,9,0,3,6,3
0,6,12,10,11,13,13,0,11,18,10,2,4,7,12,0,1,0,7,8,9,0,1,0
4,7,0,12,14,13,5,0,2,8,14,8,0,1,4,10,10,7,6,11,11,9,3,0

0,2,0,0,0,0,2,11,11,17,7,2,6,0,1,2,0,0,0,0,0,0,0,0
0,0,0,0,0,0,7,27,50,66,62,72,75,60,13,0,0,0,0,0,0,0,0,5
0,2,0,3,0,14,40,65,128,159,163,149,142,124,96,70,35,12,9,8,0,0,0,10
0,0,5,4,13,50,93,130,183,224,241,233,266,195,136,107,101,58,25,11,8,8,0,1
0,0,8,12,31,46,135,190,249,319,325,313,338,265,177,129,92,67,16,11,0,8,5,0
0,0,7,17,46,86,176,226,287,270,285,403,398,346,247,178,130,88,66,13,12,8,10,6
0,0,11,32,50,103,154,143,170,108,208,301,339,322,270,207,148,108,74,54,13,13,9,9
0,0,5,7,55,105,128,125,61,73,118,154,234,242,222,192,165,127,99,71,52,0,0,3
0,0,9,14,62,100,118,79,0,63,109,148,192,181,183,185,153,114,111,76,54,19,0,0
0,0,6,52,82,94,93,0,10,82,147,181,234,207,200,201,181,145,103,69,57,10,0,0
0,0,10,56,89,96,13,0,60,80,136,157,206,224,227,248,211,157,113,79,59,22,7,12
0,5,53,81,75,24,2,17,67,77,105,125,149,194,229,238,201,143,119,100,82,60,1,0
1,3,48,66,66,25,2,55,72,87,107,114,124,145,180,187,173,135,128,118,107,98,14,4
0,59,71,54,31,4,9,50,90,68,108,110,122,134,145,149,162,148,135,118,116,102,49,7
14,38,23,13,8,0,0,12,42,44,105,110,111,111,97,139,168,154,120,113,132,108,76,7
10,12,11,8,0,0,0,10,48,52,86,100,82,84,101,145,180,146,158,147,134,90,51,5
27,12,3,3,0,0,3,10,34,12,53,64,62,71,106,144,196,190,175,168,142,97,75,13
20,13,7,7,11,14,18,33,45,46,59,71,147,191,216,284,252,218,216,174,148,88,41,11
32,18,14,10,12,19,17,54,92,74,93,148,201,221,247,245,283,237,212,183,144,113,84,9
18,14,7,13,14,67,104,124,140,144,147,202,253,247,273,295,312,251,215,164,144,106,54,14
12,9,4,9,39,66,106,122,136,167,184,213,241,247,252,274,298,273,172,138,126,71,39,12
6,5,17,31,51,76,105,131,171,234,238,246,265,265,289,271,242,195,169,131,106,65,23,8
7,8,29,87,106,107,134,150,163,174,185,212,207,237,222,185,148,124,112,101,40,40,19,0
8,51,78,123,112,118,128,130,129,141,146,155,146,135,116,107,104,102,65,21,15,14,10,0
37,51,96,102,103,110,110,114,118,109,106,108,103,103,100,100,100,67,14,8,4,3,0,0
88,113,102,95,107,106,102,103,103,103,101,100,78,100,100,100,100,12,12,4,10,10,10,0
17,60,73,105,85,100,101,90,101,101,76,17,58,68,62,33,47,8,9,9,7,0,10,0
11,71,92,81,83,103,104,101,77,71,66,55,62,68,27,10,13,0,7,10,8,0,5,0
7,27,71,97,107,110,108,103,78,62,52,51,47,48,10,12,7,12,12,10,13,9,10,1
7,5,42,87,105,102,84,68,49,43,30,20,18,14,5,8,0,11,5,10,8,3,10,1
11,28,34,51,83,108,71,63,54,50,20,21,36,26,17,31,11,30,30,14,9,7,8,7
8,11,18,29,47,85,79,81,86,54,41,14,22,8,10,10,9,12,12,12,5,3,0,0
3,6,8,13,27,65,120,118,67,53,43,23,13,0,0,4,2,6,9,11,3,0,0,3
6,12,8,13,9,26,75,115,84,55,47,14,23,5,5,2,2,7,13,10,5,1,0,5
11,11,9,11,5,31,62,73,58,53,33,19,10,4,5,0,8,6,8,7,6,0,0,0
2,9,9,12,0,6,11,54,73,58,48,14,2,8,0,0,10,0,0,0,0,0,0,0
2,0,4,6,3,0,12,52,54,71,57,41,14,13,7,0,9,6,1,0,2,0,0,4
0,0,2,7,6,4,19,58,61,55,51,50,14,12,8,6,7,0,0,5,5,0,8,3
7,0,5,11,5,17,46,67,74,63,51,28,14,12,9,1,0,0,0,7,6,0,0,0
2,0,5,14,13,56,53,101,63,55,51,38,32,14,5,0,0,5,2,4,0,0,0,0
0,0,4,13,48,53,63,50,55,13,29,10,12,11,9,12,10,0,0,6,4,4,4,1
11,8,7,14,14,51,20,13,24,18,11,12,9,9,6,12,6,10,3,9,0,3,6,3
0,6,13,10,11,13,13,0,11,18,11,2,4,7,12,0,1,0,7,8,9,0,1,0
4,7,0,12,14,13,4,0,1,8,14,8,0,1,4,10,10,7,6,11,11,9,3,0
