8,7,8,3,4,10,7,11,9,12,10,1,5,10,9,20,12,14,14,17,17,14,20,10
10,5,9,6,10,10,8,8,10,13,8,2,8,10,14,29,56,101,97,14,32,33,14,14
9,5,4,4,5,10,7,0,3,10,9,4,58,90,94,168,285,250,171,103,50,15,13,10
8,7,8,9,6,6,12,12,10,13,55,12,75,111,178,293,366,390,216,121,81,30,21,14
0,3,0,4,0,0,3,12,8,4,18,50,91,114,207,291,288,291,260,144,82,52,37,53
10,10,10,10,12,14,11,23,41,41,35,48,68,119,207,219,251,233,161,142,105,75,51,54
6,7,12,14,13,13,18,14,8,3,12,53,80,102,161,174,124,105,87,92,99,92,77,46
3,0,6,11,14,6,0,0,0,0,1,62,75,95,133,147,109,79,52,13,75,87,69,60
6,5,3,8,0,0,0,0,0,3,11,66,99,108,134,138,133,100,70,52,52,58,58,67
1,4,1,0,1,2,11,8,11,7,59,90,118,155,176,181,169,117,69,55,52,42,42,53
8,4,6,10,8,5,9,13,1,23,63,84,140,190,194,181,139,101,63,51,38,8,11,12
0,0,1,0,0,9,8,13,6,56,69,92,128,184,184,163,123,81,56,50,31,10,3,0
7,2,2,0,4,0,8,10,13,71,104,114,141,150,143,130,108,66,57,45,23,0,0,0
2,0,9,1,8,9,0,6,7,70,111,123,132,140,132,125,111,95,102,55,1,10,1,6
0,3,10,5,1,7,0,8,12,53,80,115,130,134,128,116,106,92,100,14,11,2,6,7
3,0,0,0,0,11,7,11,10,48,57,75,118,133,125,98,69,76,45,6,0,10,8,7
6,5,2,4,4,8,3,12,20,53,73,99,156,142,125,100,66,50,9,14,10,8,3,8
9,14,14,17,29,24,16,30,40,56,108,146,181,228,226,231,102,57,37,26,25,15,11,9
1,4,8,8,5,12,13,15,46,73,125,161,214,198,224,233,180,138,115,51,27,17,13,9
1,4,7,4,7,8,9,12,50,61,115,151,239,299,295,246,208,139,118,77,14,10,12,11
1,7,1,6,9,14,13,7,14,54,110,139,199,262,271,230,197,153,109,49,12,13,13,10
2,5,2,2,4,6,17,19,17,42,60,103,157,224,244,245,221,178,112,61,36,20,13,11
1,0,2,0,0,7,10,27,25,22,39,59,109,155,187,178,164,149,101,74,46,13,11,9
8,4,1,3,5,2,0,10,11,12,14,37,106,135,149,148,149,140,117,105,34,12,11,4
3,4,0,0,0,0,0,2,0,8,13,45,102,117,128,143,145,131,111,105,41,20,14,13
10,11,8,2,0,0,0,0,0,0,0,12,73,109,117,116,128,119,119,105,37,13,8,6
0,0,0,2,0,0,0,0,0,0,0,0,8,97,111,118,116,112,102,76,31,9,9,11
0,5,0,5,0,0,0,0,0,0,0,10,8,70,106,116,123,111,101,56,31,8,6,7
3,3,0,0,0,0,0,0,0,0,3,0,0,7,73,106,118,113,75,55,22,13,16,6
5,3,0,0,5,6,0,0,2,2,12,7,13,11,33,68,92,89,76,54,14,12,5,3
8,8,1,6,9,11,10,7,6,9,23,10,15,37,77,79,77,67,75,17,12,10,14,7
0,0,0,2,8,4,1,2,0,0,3,4,11,40,108,105,113,86,52,30,16,12,6,0
8,0,0,0,0,0,0,0,0,0,0,4,12,57,93,124,142,122,37,15,10,8,9,8
0,0,0,0,0,6,0,0,1,0,0,0,7,51,83,133,142,87,50,21,13,12,11,10
0,0,2,0,4,4,2,0,3,2,0,0,4,19,68,113,132,78,50,14,11,8,10,6
0,0,0,1,0,0,0,7,0,2,0,0,8,23,59,103,99,60,14,9,6,5,9,4
0,0,0,6,0,4,4,0,5,0,0,3,10,14,54,76,84,55,9,0,8,4,0,0
0,3,0,0,0,6,0,5,5,7,6,8,6,24,51,80,87,52,21,12,5,1,4,0
0,0,0,0,0,0,0,0,0,6,3,7,9,13,55,83,91,49,13,11,2,1,7,12
0,0,0,0,0,0,10,0,0,2,7,5,9,9,53,69,79,32,12,8,4,0,0,0
3,8,5,2,3,5,9,0,12,11,9,0,4,12,60,65,54,46,9,1,6,0,0,0
6,8,0,0,4,8,11,6,7,1,8,8,11,12,53,50,61,55,12,8,6,8,6,0
1,8,1,2,6,6,0,0,10,7,11,9,3,12,23,60,66,63,14,13,7,10,9,0
2,0,0,3,2,0,4,4,7,2,0,1,8,10,12,12,52,54,27,15,12,8,8,7

8,7,8,3,4,10,7,11,9,12,10,1,5,11,10,21,13,14,14,20,18,16,20,10
10,5,9,6,9,10,8,8,10,13,8,2,8,10,14,28,55,101,97,14,32,34,14,14
9,5,4,4,5,10,7,0,3,10,9,4,58,89,94,167,283,250,171,103,50,15,13,10
8,6,8,9,6,6,12,12,10,13,54,12,74,110,177,291,365,389,216,121,81,30,21,14
0,3,0,4,0,0,3,12,7,4,17,50,91,113,204,288,286,290,260,144,82,52,37,53
10,10,10,10,12,14,11,23,41,41,35,48,68,118,205,217,250,233,161,142,106,76,51,54
6,7,12,14,13,13,17,14,8,3,12,53,80,101,160,173,124,105,87,92,99,92,77,46
2,0,6,11,14,6,0,0,0,0,1,62,74,95,132,146,109,78,52,13,75,87,69,60
6,5,3,8,0,0,0,0,0,3,11,66,99,107,133,138,133,101,70,52,52,58,58,67
1,4,1,0,1,2,11,8,11,6,59,88,116,153,174,180,170,117,69,55,51,41,42,53
8,4,6,9,7,5,9,13,0,20,62,84,138,188,194,182,140,101,64,51,39,8,11,12
0,0,0,0,0,9,8,13,6,57,69,92,128,182,184,164,124,81,56,50,31,10,3,0
7,1,2,0,4,0,8,10,13,72,104,114,141,150,144,131,109,67,58,47,24,0,0,0
2,0,9,1,8,9,1,6,7,71,111,123,132,140,133,126,111,97,102,61,2,10,1,6
0,3,10,5,1,7,0,8,12,54,81,116,130,134,129,116,106,95,101,17,11,2,6,7
3,0,0,0,0,11,7,11,10,50,57,75,119,133,125,98,70,78,47,6,0,10,8,7
6,5,2,4,4,8,3,12,20,53,74,99,156,141,124,100,66,50,9,14,10,8,3,8
9,14,14,17,29,23,16,30,40,57,109,147,181,228,226,230,101,57,37,26,25,15,11,9
1,4,8,8,5,12,13,15,46,74,126,162,215,198,223,232,179,136,114,51,27,17,13,9
1,4,7,4,7,8,9,12,51,62,115,152,239,299,295,246,207,139,118,77,14,10,12,11
1,7,1,6,9,14,13,7,14,55,110,139,199,262,270,230,197,152,108,49,12,13,12,10
2,5,2,2,4,7,18,19,17,42,62,104,158,225,245,246,221,177,111,61,36,20,13,11
1,0,2,0,0,7,10,27,26,22,40,60,109,156,187,178,165,148,101,74,46,13,10,9
8,3,1,3,5,3,0,10,11,12,14,38,106,135,149,148,149,140,117,105,35,12,11,4
3,4,0,0,0,0,0,2,0,8,13,46,102,117,128,143,145,131,111,105,41,20,14,13
10,11,8,2,0,0,0,0,0,0,0,13,73,109,117,116,128,119,119,105,38,13,8,6
0,0,0,2,0,0,0,0,0,0,0,0,8,98,112,118,116,112,102,76,31,9,9,11
0,5,0,5,0,0,0,0,0,0,0,10,8,71,106,116,123,111,101,56,31,8,6,7
3,3,0,0,0,0,0,0,0,0,3,0,0,7,74,106,118,113,74,54,21,13,16,6
5,3,0,0,5,6,0,0,2,2,13,7,13,11,33,68,92,88,75,54,14,11,5,2
8,8,1,6,9,11,10,7,6,9,23,10,15,38,78,79,77,66,75,16,12,10,14,6
0,0,0,2,8,4,1,2,0,0,3,4,11,43,108,105,113,85,52,30,16,12,5,0
8,0,0,0,0,0,0,0,0,0,0,4,12,57,94,125,142,122,37,15,10,8,9,8
0,0,0,0,0,6,0,0,1,0,0,1,7,52,84,134,142,86,50,19,13,12,11,10
0,0,2,0,4,4,2,0,4,2,0,0,4,21,68,114,132,77,50,14,11,8,10,6
0,0,0,1,0,0,0,7,0,2,0,0,8,24,59,104,99,60,14,9,6,5,9,4
0,0,0,6,0,3,4,0,5,0,0,2,10,14,54,77,84,55,9,0,8,4,0,0
0,2,0,0,0,6,0,5,5,7,6,8,6,24,51,80,87,52,20,12,5,1,4,0
0,0,0,0,0,0,0,0,0,6,3,7,10,14,56,83,92,50,13,11,2,1,7,12
0,0,0,0,0,0,10,0,0,2,7,5,10,9,53,69,80,33,12,8,4,0,0,0
3,8,5,2,3,5,9,0,12,11,9,0,4,12,61,66,54,44,9,1,6,0,0,0
6,8,0,0,4,8,11,6,7,1,8,8,11,13,53,51,62,55,12,8,6,8,6,0
1,8,1,2,6,6,0,0,10,7,11,9,5,12,24,61,67,63,14,13,7,10,9,0
3,0,0,3,2,0,4,4,7,2,0,1,8,10,13,12,52,55,27,15,12,8,8,7

7,7,8,3,4,10,7,11,9,12,10,1,5,10,9,20,12,14,14,19,18,16,20,10
11,5,9,6,10,10,8,8,10,13,8,2,8,11,14,28,55,101,96,14,33,34,14,14
9,5,4,4,5,10,7,0,3,10,9,4,58,90,93,167,284,250,171,103,50,16,13,10
8,6,8,9,6,6,12,12,10,13,55,12,74,110,177,292,365,389,217,121,81,30,22,14
0,3,0,4,0,0,3,11,7,4,17,50,91,114,204,288,286,290,259,144,82,52,37,53
10,10,10,10,12,14,11,23,41,41,35,48,68,118,206,218,250,233,161,142,106,76,51,54
6,7,12,14,13,13,17,14,8,3,12,53,80,101,161,173,124,105,88,92,99,92,77,46
2,0,6,11,14,5,0,0,0,0,1,62,74,95,132,147,109,79,52,13,75,87,69,60
6,4,2,8,0,0,0,0,0,3,11,66,98,107,133,138,133,100,70,52,52,58,58,67
1,3,1,0,0,1,10,8,11,6,59,89,116,152,175,181,170,117,69,55,52,42,42,53
8,4,6,9,7,5,9,13,0,23,63,84,138,188,193,182,140,101,64,51,38,8,11,12
0,0,0,0,0,9,8,13,6,57,70,92,128,182,183,164,124,81,56,50,31,10,3,0
6,1,2,0,4,0,8,10,13,72,104,114,141,150,143,131,109,67,58,46,23,0,0,0
2,0,9,1,8,9,1,6,7,71,111,123,132,140,132,125,111,96,102,59,2,10,1,6
0,3,10,5,1,7,0,8,12,54,81,116,130,134,129,116,106,94,101,14,11,2,6,7
3,0,0,0,0,11,7,11,10,50,57,75,118,133,127,100,69,76,46,6,0,10,8,7
6,5,2,4,4,8,3,12,21,53,74,99,155,141,127,103,67,50,10,14,10,8,3,8
9,14,14,17,29,24,16,30,40,57,108,146,179,225,225,234,105,59,38,26,25,16,11,9
1,4,8,8,5,12,13,14,46,74,125,160,209,195,222,235,183,139,117,52,27,17,13,9
1,4,7,4,7,8,9,12,50,62,115,149,229,288,295,254,213,140,118,79,14,10,12,12
1,7,1,6,9,14,13,7,14,55,110,138,194,252,273,242,205,154,108,47,12,13,13,10
2,5,2,2,4,6,17,18,16,42,61,104,158,226,252,265,230,176,108,57,35,20,13,11
1,0,2,0,0,7,10,27,26,23,39,60,110,163,198,191,171,147,95,67,44,13,10,10
8,4,1,3,5,3,0,10,12,13,17,43,107,139,160,159,156,140,114,102,21,12,11,4
3,4,0,0,0,0,0,2,0,8,13,55,103,119,131,147,148,131,109,101,36,19,14,13
10,11,8,2,0,0,0,0,0,0,0,17,87,110,119,118,130,120,116,101,32,13,8,6
0,0,0,2,0,0,0,0,0,0,0,0,9,100,112,117,116,111,101,58,20,9,9,11
0,5,0,5,0,0,0,0,0,0,0,12,10,77,108,115,121,108,93,43,17,6,7,8
2,3,0,0,0,0,0,0,0,0,6,0,0,10,84,106,113,104,61,44,14,13,17,6
5,2,0,0,5,6,0,0,0,2,12,4,8,21,44,69,82,74,58,35,13,11,5,2
8,8,1,6,10,11,11,7,6,9,23,12,16,45,87,79,70,57,54,14,11,9,13,7
0,0,0,2,7,3,0,1,0,0,3,7,12,53,110,105,107,72,44,29,15,12,6,0
8,0,0,0,0,0,0,0,0,0,0,5,12,60,96,123,137,107,31,14,10,8,9,8
0,0,0,0,0,6,0,0,0,0,0,0,4,54,85,133,137,77,44,14,13,12,11,10
0,0,2,0,4,1,1,0,2,1,1,0,5,31,70,115,129,74,49,14,11,8,10,6
0,0,0,1,0,0,0,6,0,1,0,0,7,27,60,106,98,58,14,8,6,5,9,4
0,0,0,6,0,3,1,0,4,2,0,4,9,15,55,80,86,55,9,0,8,4,0,0
0,1,0,0,0,6,0,6,4,7,7,7,7,22,52,84,91,52,21,12,5,1,4,0
0,0,0,0,0,0,0,0,0,8,4,7,11,14,56,88,99,50,14,11,3,1,6,12
0,0,0,0,0,0,10,0,0,3,5,5,9,10,53,70,87,36,14,9,5,0,0,0
4,8,5,2,3,5,9,0,11,11,10,1,5,13,61,72,59,51,10,2,6,0,0,0
6,8,0,0,5,8,11,7,7,0,8,9,12,14,56,52,64,57,12,8,7,8,6,0
2,8,1,2,7,6,0,0,10,6,11,10,8,13,26,62,68,65,14,13,7,10,9,0
3,0,0,3,2,0,4,4,6,2,0,0,9,11,13,12,52,56,27,14,12,8,8,7

7,7,8,3,4,10,7,11,9,12,10,1,5,10,9,21,12,14,14,19,18,16,20,10
11,5,9,5,10,10,8,8,10,13,8,2,8,11,14,29,55,101,97,14,33,34,14,14
9,5,4,4,5,10,7,0,3,10,9,4,59,91,94,168,283,249,171,103,50,15,13,10
8,6,8,9,6,6,11,12,10,13,55,12,75,111,179,292,364,388,215,121,81,30,22,14
0,3,0,4,0,0,2,11,7,4,18,51,91,114,207,290,285,289,258,143,82,52,37,53
10,10,10,10,12,14,11,23,41,40,36,49,69,119,210,220,251,232,160,141,105,75,51,54
6,7,11,14,13,13,16,14,8,3,12,54,81,103,164,176,125,105,87,91,99,92,77,46
2,0,6,11,14,5,0,0,0,0,2,64,75,96,134,148,110,79,52,13,75,87,69,60
6,4,2,8,0,0,0,0,0,4,12,67,100,109,135,139,133,100,70,52,51,58,58,67
1,3,1,0,0,1,10,8,11,6,60,91,119,154,176,180,168,117,69,55,51,42,41,53
8,4,5,9,7,5,9,12,0,24,63,85,139,188,192,181,138,101,63,51,38,8,11,12
0,0,0,0,0,9,7,12,6,57,70,93,128,183,183,162,122,80,56,50,31,10,3,0
6,1,2,0,4,0,8,9,13,73,104,115,141,150,144,130,108,66,57,44,22,0,0,0
2,0,9,0,8,9,1,6,7,72,111,124,133,140,133,125,111,96,102,51,2,10,2,7
0,3,10,4,1,7,0,8,13,54,82,116,130,134,129,117,106,93,100,13,11,3,7,7
3,0,0,0,0,11,7,11,11,50,58,76,119,135,130,101,69,74,43,6,0,10,8,7
6,5,2,4,4,8,4,12,20,53,75,101,157,142,132,107,68,50,10,15,10,8,3,8
9,14,14,17,29,23,16,30,41,58,110,147,179,225,226,236,110,61,38,26,25,16,11,9
1,3,8,8,5,12,13,14,46,75,126,159,207,193,223,237,186,140,117,52,28,17,13,9
1,4,7,4,7,8,9,12,51,64,116,149,223,284,297,260,216,140,118,79,14,10,12,12
1,7,1,6,8,13,13,6,14,55,111,138,192,249,274,246,207,152,107,46,12,13,13,10
2,5,2,2,4,6,17,18,16,42,62,105,159,226,255,269,230,173,105,53,35,20,13,11
1,0,2,0,0,7,10,27,26,23,39,61,111,166,201,193,171,146,91,64,42,12,10,10
8,4,1,4,5,3,0,10,12,13,19,50,108,140,162,161,156,139,112,101,15,12,11,4
3,4,0,0,0,0,0,2,0,8,12,60,104,120,132,147,148,130,108,97,33,18,14,13
10,11,8,2,0,0,0,0,0,0,0,24,97,111,119,117,129,119,115,100,30,12,8,6
0,0,0,2,0,0,0,0,0,0,0,0,11,100,112,117,115,111,100,55,17,8,9,11
0,5,0,5,0,0,0,0,0,0,0,12,11,77,108,115,120,107,87,31,14,6,6,7
3,3,0,0,0,0,0,0,0,0,7,0,0,10,87,106,112,103,58,41,13,13,16,5
5,2,0,0,5,6,0,0,0,1,13,2,6,26,46,68,79,72,55,32,12,10,5,2
8,8,1,6,10,11,11,7,6,9,23,12,18,47,89,80,69,56,51,14,11,9,13,7
0,0,0,2,7,2,0,1,0,0,3,8,13,54,110,105,106,69,43,28,15,12,5,0
8,0,0,0,0,0,0,0,0,0,0,5,14,62,98,124,136,104,30,14,10,7,9,8
0,0,0,0,0,5,0,0,0,0,0,1,4,55,87,134,136,75,43,14,12,11,11,10
0,0,3,0,4,0,0,0,1,1,1,0,6,37,71,116,129,73,48,14,11,8,10,6
0,0,0,1,0,0,0,6,0,1,0,0,8,31,61,107,98,58,14,8,6,6,9,4
0,0,0,6,0,3,0,0,5,2,0,4,9,20,55,81,86,55,9,1,8,4,0,0
0,2,0,0,0,6,0,6,5,8,7,8,8,23,53,85,92,52,21,12,5,1,4,0
0,0,0,0,0,0,0,0,0,8,4,7,11,17,56,89,100,50,14,11,3,1,6,12
0,0,0,0,0,0,10,0,0,3,5,5,9,11,54,71,88,37,14,9,5,0,0,0
4,8,5,2,3,5,9,0,11,11,10,1,5,14,63,73,60,51,10,2,7,0,0,0
6,8,0,0,5,8,11,7,7,0,8,9,13,15,57,52,65,57,12,8,7,8,6,0
2,8,1,2,7,6,0,0,10,7,11,10,9,13,27,64,68,64,14,13,7,10,9,0
3,0,0,3,2,0,4,4,7,2,0,0,9,11,13,12,52,55,26,14,12,8,8,7

7,7,7,3,4,10,7,11,9,12,10,1,5,11,10,21,13,14,14,19,17,15,21,10
10,4,9,5,10,10,8,8,10,13,8,2,8,10,14,29,55,101,97,13,33,36,14,14
9,5,3,4,5,10,7,0,2,10,9,4,58,89,94,167,281,248,171,103,50,16,13,10
7,6,8,9,6,6,11,12,10,13,55,12,75,111,179,290,363,387,215,121,81,31,22,14
0,2,0,3,0,0,1,11,7,4,19,51,91,115,208,290,286,289,257,143,82,52,37,53
10,9,10,10,12,14,11,23,40,40,36,49,69,120,211,222,253,232,160,141,105,75,51,54
6,7,11,14,13,13,16,13,8,3,12,54,82,103,165,177,125,106,87,91,99,91,77,46
2,0,6,11,14,5,0,0,0,0,3,64,76,97,135,149,110,79,52,13,75,87,69,60
6,4,2,8,0,0,0,0,0,4,13,68,101,110,136,140,134,101,70,52,51,58,58,67
1,3,1,0,0,1,10,8,11,6,61,92,120,156,177,182,170,117,69,55,51,42,41,53
8,4,5,9,7,5,9,13,0,26,64,86,140,189,193,182,139,101,63,51,39,8,11,12
0,0,0,0,0,9,7,12,6,58,71,94,128,184,183,163,122,80,56,50,31,10,3,0
6,1,2,0,4,0,8,9,13,73,104,115,141,150,143,130,107,66,57,44,23,0,0,0
2,0,9,0,8,9,1,6,7,72,112,124,133,140,132,125,111,94,102,50,2,10,2,7
0,3,10,5,1,7,0,8,13,54,82,117,130,134,129,116,106,92,100,13,11,3,7,7
3,0,0,0,0,11,7,11,11,50,58,77,121,136,130,100,69,74,40,5,0,10,8,7
6,5,2,4,4,8,4,12,21,54,77,103,159,145,132,106,67,40,9,14,10,8,3,8
9,14,14,17,29,23,16,30,41,59,111,149,183,229,228,237,109,60,37,26,25,16,11,10
1,3,8,8,5,12,13,15,47,76,127,162,212,197,225,236,184,138,115,52,27,17,13,9
1,4,7,4,7,8,9,12,51,64,116,150,230,292,299,256,213,139,117,79,14,10,12,12
1,7,1,6,9,13,13,6,16,55,111,139,194,253,273,238,202,152,107,47,12,13,13,10
2,4,2,1,4,6,17,18,16,42,62,105,158,223,247,254,224,175,108,56,35,19,13,11
1,0,2,0,0,7,10,27,26,23,39,62,111,161,192,184,167,147,96,68,44,12,10,9
8,3,1,3,5,3,0,10,12,13,16,48,108,138,153,152,151,139,114,103,21,12,11,4
3,4,0,0,0,0,0,2,0,8,12,54,103,119,130,144,145,130,109,102,36,18,14,13
10,11,8,2,0,0,0,0,0,0,0,13,89,111,118,116,128,119,117,102,31,12,8,5
0,0,0,2,0,0,0,0,0,0,0,0,10,100,112,117,115,111,101,67,21,8,8,11
0,5,0,5,0,0,0,0,0,0,0,12,11,75,106,116,122,109,100,52,18,5,5,7
3,3,0,0,0,0,0,0,0,0,5,0,0,8,79,106,115,108,66,50,14,13,16,5
5,2,0,0,5,5,0,0,0,2,12,4,7,15,39,68,85,82,62,45,13,10,5,2
8,8,1,6,9,11,11,7,5,9,23,12,17,42,84,80,73,61,59,14,12,9,13,6
0,0,0,2,7,3,0,1,0,0,4,7,13,52,110,105,111,77,48,29,15,12,5,0
8,0,0,0,0,0,0,0,0,0,0,5,14,61,97,125,140,113,32,14,10,7,9,8
0,0,0,0,0,5,0,0,0,0,0,2,5,55,87,135,141,81,45,16,13,11,11,10
0,0,2,0,4,2,0,0,3,2,1,0,6,38,71,118,131,75,50,14,11,8,10,6
0,0,0,0,0,0,0,7,0,2,0,0,10,31,61,107,100,59,14,9,6,6,9,4
0,0,0,6,0,3,1,0,5,2,0,4,10,23,55,81,85,55,9,1,8,4,0,0
0,2,0,0,0,6,0,6,5,8,7,8,8,25,52,84,89,52,20,12,5,1,4,0
0,0,0,0,0,0,0,0,0,8,4,7,10,16,57,87,95,50,14,11,3,1,6,12
0,0,0,0,0,0,10,0,0,3,6,5,9,10,55,71,83,34,13,9,4,0,0,0
3,8,5,2,4,5,9,0,11,11,9,1,4,14,68,71,57,50,9,2,6,0,0,0
6,8,0,0,4,8,11,7,7,1,8,8,12,20,59,52,64,56,12,8,6,7,6,0
2,8,1,2,6,6,0,0,10,7,11,10,7,13,27,64,67,62,13,12,7,10,9,0
2,0,0,3,2,0,4,4,7,2,0,0,9,11,13,12,52,54,25,14,11,8,8,7

7,7,7,3,4,10,7,11,9,12,10,1,5,11,10,21,13,14,14,20,18,16,22,10
10,4,9,5,9,10,8,8,10,13,8,2,8,10,14,28,53,101,95,13,33,36,14,14
9,4,3,4,5,10,7,0,2,10,9,4,57,88,93,165,278,246,170,103,50,15,13,10
7,6,8,9,5,5,11,12,10,13,54,12,74,111,177,288,362,386,214,121,81,30,21,14
0,2,0,3,0,0,1,11,7,4,19,51,92,115,208,288,285,288,257,143,81,52,37,52
10,9,9,10,12,14,10,22,40,40,35,49,69,120,212,222,252,232,160,141,105,75,51,54
6,7,11,14,13,13,15,13,7,3,12,54,82,104,166,178,126,106,87,92,99,92,77,46
2,0,5,11,14,5,0,0,0,0,3,65,76,97,136,149,111,80,52,13,75,87,69,60
6,4,2,8,0,0,0,0,0,4,13,68,101,110,137,140,134,101,70,53,52,58,58,67
1,3,0,0,0,1,10,8,10,6,61,93,121,157,178,182,170,117,69,55,52,43,42,53
8,4,4,9,7,5,9,13,0,27,64,86,141,189,193,182,139,101,63,51,40,9,11,12
0,0,0,0,0,9,7,12,5,58,71,94,129,184,184,162,122,79,56,50,32,10,4,0
6,1,1,0,3,0,8,9,13,73,105,115,142,151,143,130,107,65,56,43,24,0,0,0
2,0,9,0,8,9,1,6,7,72,112,124,133,140,132,125,110,94,101,48,2,10,2,7
0,3,10,5,1,7,0,8,13,54,83,117,131,135,129,116,105,92,100,13,11,4,7,7
3,0,0,0,0,11,7,11,11,51,58,77,122,136,130,100,69,74,36,5,0,10,8,7
6,5,2,4,4,8,4,12,23,54,78,105,161,146,131,105,67,25,8,14,10,8,4,8
9,14,14,17,29,23,17,31,41,59,113,151,186,232,230,236,107,58,36,26,25,15,11,10
1,3,8,8,5,12,13,15,48,78,127,164,215,199,226,237,182,136,114,52,27,17,13,9
1,4,7,4,7,8,9,12,51,65,117,152,234,297,300,253,210,139,117,78,14,10,12,12
1,7,1,6,9,13,13,6,18,55,111,139,196,256,273,234,198,151,107,48,12,13,13,10
2,4,2,1,4,6,18,19,17,42,63,105,158,223,245,248,221,175,108,56,35,19,13,11
1,0,2,0,0,7,10,27,26,23,39,62,111,160,189,179,164,147,97,70,44,12,10,9
8,3,1,4,5,3,0,10,12,13,14,48,107,137,150,149,149,139,115,104,25,12,11,4
3,4,0,0,0,0,0,2,0,8,11,53,103,119,129,143,144,130,110,103,38,18,14,13
10,11,8,2,0,0,0,0,0,0,0,13,87,110,118,116,128,119,117,103,32,12,8,5
0,0,0,2,0,0,0,0,0,0,0,0,10,100,111,117,115,111,101,69,24,8,8,11
0,5,0,5,0,0,0,0,0,0,0,11,10,76,106,116,122,110,100,53,22,5,5,7
3,3,0,0,0,0,0,0,0,0,4,0,0,8,78,106,116,109,67,51,15,13,16,5
5,2,0,0,5,5,0,0,0,2,12,4,7,15,38,68,87,83,64,48,14,10,5,2
8,9,1,6,9,11,11,7,5,9,23,11,17,42,84,80,74,62,62,14,12,9,13,6
0,0,0,2,7,3,0,1,0,0,5,7,13,52,110,105,112,78,48,29,15,12,5,0
8,0,0,0,0,0,0,0,0,0,0,5,14,61,97,126,141,114,33,14,10,7,9,8
0,0,0,0,0,5,0,0,0,0,0,2,6,55,86,136,141,81,45,17,13,12,11,10
0,0,2,0,4,3,0,0,3,2,1,0,7,40,71,119,132,75,50,14,11,8,10,6
0,0,0,0,0,0,0,7,0,2,0,0,10,33,61,108,100,59,14,9,6,6,9,4
0,0,0,6,0,3,1,0,5,2,0,4,10,25,55,81,85,54,9,1,8,4,0,0
0,2,0,0,0,6,0,6,5,8,6,8,8,26,53,84,88,52,19,12,5,1,4,0
0,0,0,0,0,0,0,0,0,7,3,7,10,17,57,87,94,50,13,11,3,1,6,13
0,0,0,0,0,0,10,0,0,2,6,5,9,11,55,71,82,33,12,9,4,0,0,0
3,8,5,2,3,5,9,0,11,11,9,1,4,14,68,71,57,47,9,2,6,0,0,0
6,8,0,0,4,8,11,7,6,1,7,8,12,22,60,52,64,55,12,7,6,7,6,0
2,8,1,2,6,6,0,0,10,7,11,10,7,13,27,65,67,62,13,12,7,10,9,0
2,0,0,3,2,0,4,4,7,2,0,0,8,11,13,12,52,54,25,14,11,8,8,7

7,7,7,3,4,10,7,11,9,12,10,1,5,11,10,22,13,14,14,20,18,17,21,10
10,4,9,5,9,10,8,8,9,13,8,2,8,11,14,28,53,101,94,13,33,36,14,14
9,5,3,4,5,10,7,0,2,10,9,4,57,88,93,165,278,246,170,103,50,15,13,10
7,6,8,9,5,5,11,12,10,12,54,12,75,111,178,290,363,386,214,121,81,30,21,14
0,2,0,3,0,0,1,11,7,4,18,51,92,115,208,289,285,288,257,143,81,52,37,52
10,9,9,10,12,14,10,22,40,40,36,49,69,120,211,222,252,232,160,141,105,75,51,54
5,7,11,14,13,13,15,13,8,3,12,54,82,103,165,177,126,106,87,92,99,92,77,46
2,0,5,11,14,5,0,0,0,0,3,64,76,97,135,148,110,79,52,13,75,88,69,60
6,4,2,8,0,0,0,0,0,4,13,67,100,109,135,139,133,100,70,53,51,58,58,67
1,3,0,0,0,1,10,8,10,6,61,92,119,155,176,182,170,117,69,55,52,43,42,53
8,3,4,9,7,4,8,12,0,26,64,86,141,189,194,184,141,102,63,51,40,9,11,12
0,0,0,0,0,9,7,12,5,58,71,95,130,185,185,165,124,80,56,50,32,10,4,0
6,1,1,0,3,0,8,9,14,74,105,116,143,152,144,131,108,66,57,44,25,0,0,0
2,0,9,0,8,9,1,6,7,74,112,125,133,141,133,125,111,95,102,52,3,10,2,7
0,3,10,5,1,7,0,8,13,54,84,118,132,135,129,117,106,93,100,14,11,4,7,7
3,0,0,0,0,11,7,11,11,51,58,78,122,136,129,100,69,75,38,5,0,10,8,7
6,5,2,4,4,8,4,12,22,54,78,106,161,145,129,103,66,23,8,14,10,8,4,8
9,14,14,17,29,23,16,31,41,59,114,152,185,231,228,233,105,58,36,26,25,15,11,10
1,3,8,8,5,12,13,16,48,78,128,165,215,199,226,235,181,135,113,51,27,17,13,9
1,4,7,4,7,8,9,12,51,65,117,153,236,297,299,251,208,138,117,78,14,10,12,12
1,7,1,6,8,13,13,6,19,55,112,140,196,257,272,233,197,150,107,47,12,13,13,10
2,4,2,1,4,6,18,18,17,43,64,106,159,224,245,246,220,174,108,56,35,19,13,11
1,0,2,0,0,7,10,27,26,23,40,62,111,160,188,178,164,147,97,70,44,12,10,9
8,3,1,3,5,3,0,10,12,13,14,50,108,137,150,148,149,139,115,103,25,12,11,4
3,4,0,0,0,0,0,2,0,8,11,52,103,119,129,142,144,130,110,103,38,18,14,13
10,11,8,2,0,0,0,0,0,0,0,13,89,110,118,115,127,119,117,103,32,12,8,5
0,0,0,2,0,0,0,0,0,0,0,0,10,100,112,117,115,111,101,69,24,8,8,11
0,5,0,5,0,0,0,0,0,0,0,11,10,75,107,116,122,110,100,53,23,5,5,7
3,3,0,0,0,0,0,0,0,0,4,0,0,8,79,106,116,110,67,51,15,13,15,5
5,3,0,0,5,5,0,0,0,2,12,4,7,15,38,68,87,83,64,49,14,10,5,2
8,8,1,6,9,11,11,7,5,9,22,11,17,41,84,81,75,62,62,15,12,9,13,6
0,0,0,2,7,3,0,1,0,0,5,7,13,52,109,106,112,78,48,29,16,12,5,0
8,0,0,0,0,0,0,0,0,0,0,6,15,61,97,127,142,115,33,14,10,7,9,8
0,0,0,0,0,5,0,0,0,0,0,2,6,55,87,136,142,82,46,18,13,12,11,10
0,0,2,0,4,3,0,0,3,2,1,0,7,40,71,120,132,75,50,14,11,8,10,6
0,0,0,0,0,0,0,7,0,2,0,0,10,32,61,109,100,59,14,9,6,6,9,4
0,0,0,6,0,2,1,0,5,2,0,4,10,25,55,82,85,54,9,1,8,4,0,0
0,2,0,0,0,6,0,6,5,7,6,8,8,26,53,84,89,52,18,12,5,1,4,0
0,0,0,0,0,0,0,0,0,7,3,7,11,17,57,88,94,50,13,11,3,1,6,12
0,0,0,0,0,0,10,0,0,2,6,5,9,11,56,71,82,33,12,9,4,0,0,0
3,8,5,2,3,5,9,0,11,11,9,1,4,14,69,71,57,47,9,2,6,0,0,0
6,8,0,0,4,8,11,7,6,1,7,7,12,25,60,53,64,56,12,7,6,7,6,0
1,8,1,2,6,5,0,0,10,7,11,10,8,13,28,65,67,62,13,12,7,10,9,0
2,0,0,3,2,0,4,4,7,2,0,0,9,11,13,12,52,54,25,14,12,8,8,7

7,7,7,2,4,10,7,11,9,12,10,1,5,11,10,22,13,14,14,21,17,16,21,10
10,4,9,5,9,10,8,8,10,13,8,2,8,10,14,29,53,101,95,13,33,39,14,14
9,4,3,4,5,10,7,0,3,10,9,4,58,90,93,166,280,247,170,103,50,15,13,10
7,6,7,9,5,5,11,12,10,12,54,12,75,111,177,290,363,387,214,121,81,30,22,15
0,2,0,3,0,0,1,11,7,4,18,51,91,115,206,288,285,289,258,143,82,52,37,53
10,9,9,9,12,14,10,21,40,40,35,49,69,119,208,221,251,232,160,141,105,75,51,54
5,6,11,13,13,13,15,13,8,3,12,54,81,102,163,175,125,106,87,92,99,92,77,46
2,0,5,11,14,4,0,0,0,0,2,63,75,95,134,147,110,79,52,13,75,87,69,60
6,4,2,8,0,0,0,0,0,3,12,67,99,107,133,139,132,100,70,53,52,58,58,67
1,3,0,0,0,1,10,8,10,5,60,90,117,152,174,181,170,117,69,55,52,43,42,53
7,3,4,9,6,4,8,12,0,21,63,85,140,188,194,184,141,102,63,51,39,9,11,12
0,0,0,0,0,9,7,12,5,58,71,95,130,185,186,167,125,81,56,50,32,10,4,0
6,1,1,0,3,0,8,9,13,75,105,117,143,153,145,132,109,67,57,46,25,0,0,0
2,0,9,0,8,9,2,7,9,74,113,125,134,142,134,126,112,97,102,58,3,10,2,7
0,3,10,5,1,8,0,8,14,55,85,119,132,136,130,118,107,96,101,14,12,4,7,7
3,0,0,0,0,11,8,11,11,51,58,78,122,136,128,100,70,78,41,6,0,10,8,7
6,5,2,4,4,8,4,12,21,54,78,106,161,144,127,101,66,25,9,14,10,8,4,8
9,14,14,17,29,23,17,31,41,60,114,153,185,229,226,231,103,58,36,26,25,15,11,9
1,3,8,8,5,12,13,16,48,79,128,165,216,198,225,234,180,133,112,51,27,17,13,9
1,4,7,4,7,8,9,12,51,66,117,153,237,298,299,249,208,138,116,77,14,10,12,12
1,7,1,6,8,13,13,6,20,55,112,140,198,258,271,233,197,149,106,47,12,13,13,10
2,4,2,1,4,6,18,19,17,43,64,106,160,225,244,246,219,174,108,56,35,19,13,11
1,0,2,0,0,7,10,27,26,24,40,63,112,160,188,178,163,147,97,69,44,12,10,9
8,4,1,4,5,3,0,10,12,13,14,51,108,138,150,148,149,139,115,103,27,12,11,3
3,4,0,0,0,0,0,2,0,8,11,52,103,119,129,142,144,130,110,103,38,18,14,13
10,11,8,2,0,0,0,0,0,0,0,13,91,110,118,115,127,119,117,103,33,12,8,5
0,0,0,2,0,0,0,0,0,0,0,0,10,100,112,117,115,111,101,69,24,8,8,11
0,5,0,5,0,0,0,0,0,0,0,11,10,75,107,116,122,110,100,53,24,5,5,7
2,3,0,0,0,0,0,0,0,0,4,0,0,8,79,106,116,110,66,51,16,13,15,5
5,2,0,0,4,4,0,0,0,2,12,4,7,15,38,68,87,83,64,49,14,10,5,2
8,8,1,6,9,11,11,7,5,9,22,11,18,42,84,80,75,62,62,15,12,9,13,6
0,0,0,2,7,3,0,1,0,0,5,7,13,53,110,106,112,78,48,29,16,12,5,0
8,0,0,0,0,0,0,0,0,0,0,5,15,61,98,127,142,115,33,14,10,7,9,8
0,0,0,0,0,5,0,0,0,0,0,2,7,55,87,137,143,82,45,19,13,12,11,10
0,0,1,0,4,3,0,0,3,2,1,0,7,44,72,120,133,75,50,14,11,8,10,6
0,0,0,0,0,0,0,7,0,2,0,0,10,35,61,109,100,59,14,9,6,6,9,4
0,0,0,6,0,2,1,0,5,2,0,4,10,26,55,82,86,54,9,1,8,4,0,0
0,2,0,0,0,6,0,6,5,7,6,8,8,27,53,85,89,52,17,12,5,1,4,0
0,0,0,0,0,0,0,0,0,7,3,7,11,19,57,88,94,50,13,11,3,1,6,13
0,0,0,0,0,0,10,0,0,2,6,5,9,11,56,71,82,33,12,9,4,0,0,0
3,8,5,2,3,5,9,0,11,10,9,1,4,14,69,71,57,48,9,2,6,0,0,0
6,8,0,0,4,8,11,7,6,1,8,7,12,31,61,53,65,56,12,7,6,7,6,0
1,8,1,2,6,5,0,0,10,7,11,10,8,13,29,66,67,62,13,12,7,10,9,0
2,0,0,3,2,0,4,4,7,2,0,0,9,11,13,13,52,55,25,14,11,8,8,7

7,7,7,3,4,10,7,11,9,12,10,1,5,11,10,22,13,14,14,21,18,16,21,10
10,4,9,5,9,10,8,8,9,13,8,2,8,11,14,27,54,101,95,13,33,37,14,14
9,4,3,4,5,10,7,0,2,10,9,4,58,89,93,166,279,247,170,103,50,15,13,10
7,6,7,9,5,5,11,12,10,12,54,12,75,111,177,289,362,388,215,121,81,30,22,15
0,2,0,3,0,0,0,11,7,4,17,50,91,114,206,288,284,289,258,143,82,52,37,52
10,9,9,9,12,14,10,21,39,40,35,49,69,119,209,220,252,233,160,142,105,75,51,54
5,6,11,13,13,13,14,13,8,2,12,54,81,102,163,175,125,105,87,92,99,92,77,46
2,0,5,11,14,4,0,0,0,0,2,63,75,95,134,147,110,79,52,14,75,88,69,60
6,4,2,7,0,0,0,0,0,3,12,67,99,107,133,138,133,100,70,53,51,58,58,67
1,3,0,0,0,1,10,8,10,5,60,90,117,152,174,181,170,118,69,55,52,42,42,53
7,3,4,9,6,4,8,12,0,22,63,85,140,188,194,183,141,102,63,51,40,9,11,12
0,0,0,0,0,9,7,13,5,58,71,95,130,185,186,166,125,81,56,50,32,10,4,0
6,1,1,0,3,0,8,9,13,75,105,117,143,153,145,132,109,67,57,46,25,0,0,0
2,0,9,0,8,9,2,7,9,74,113,125,134,142,134,126,112,97,102,58,3,10,2,7
0,3,10,5,1,8,0,8,14,55,85,119,132,136,130,118,107,96,101,14,12,4,7,7
3,0,0,0,0,11,8,11,11,51,58,78,122,136,128,100,70,77,42,6,0,10,8,7
6,5,2,4,4,8,4,12,21,54,79,105,160,143,128,102,66,27,9,14,10,8,4,8
9,14,14,17,29,23,17,31,41,60,114,152,184,228,225,232,104,58,36,26,25,15,11,9
1,3,8,8,5,12,13,15,48,79,128,164,214,197,224,234,181,134,113,51,27,17,13,9
1,4,7,4,7,8,9,12,51,66,117,152,233,293,296,252,210,138,117,78,14,10,12,12
1,7,1,6,8,13,13,6,19,55,112,140,196,254,272,236,200,150,106,47,12,13,13,10
2,5,2,1,4,6,18,18,17,43,65,106,160,225,248,253,225,174,107,55,35,19,13,11
1,0,2,0,0,7,10,27,26,24,40,64,112,162,192,185,169,147,95,67,44,12,10,9
8,4,1,4,5,3,0,10,12,13,15,52,108,139,155,155,153,139,114,102,21,12,11,4
3,4,0,0,0,0,0,2,0,8,12,56,104,119,130,145,146,130,109,101,36,18,14,13
10,11,8,2,0,0,0,0,0,0,0,14,92,111,119,116,129,119,117,102,30,12,8,5
0,0,0,2,0,0,0,0,0,0,0,0,10,100,112,117,116,111,101,64,21,8,8,11
0,5,0,5,0,0,0,0,0,0,0,11,11,77,107,116,121,109,100,51,18,5,5,7
3,3,0,0,0,0,0,0,0,0,5,0,0,9,81,106,115,107,65,50,14,13,15,5
5,2,0,0,4,4,0,0,0,2,12,4,7,18,40,69,85,79,60,41,13,10,5,2
8,8,1,6,9,11,11,7,5,9,23,11,18,43,85,80,73,60,58,14,11,9,13,6
0,0,0,2,7,3,0,1,0,0,5,7,13,53,110,106,111,76,47,29,15,12,5,0
8,0,0,0,0,0,0,0,0,0,0,5,16,62,99,127,140,112,32,14,10,7,9,8
0,0,0,0,0,5,0,0,0,0,0,2,6,56,88,137,141,80,45,17,13,11,11,10
0,0,1,0,4,2,0,0,2,2,2,0,7,44,72,121,132,74,50,14,11,8,10,6
0,0,0,0,0,0,0,7,0,1,0,0,10,35,62,110,100,59,14,9,6,6,9,4
0,0,0,6,0,2,0,0,5,2,0,5,10,29,56,83,86,54,9,1,8,4,0,0
0,2,0,0,0,6,0,6,5,8,6,8,8,28,53,86,90,52,17,12,6,1,4,0
0,0,0,0,0,0,0,0,0,7,3,7,11,20,58,89,95,50,13,11,3,1,6,13
0,0,0,0,0,0,10,0,0,2,6,4,9,11,56,72,83,34,13,9,4,0,0,0
3,8,5,2,3,5,9,0,11,11,9,1,4,15,69,71,57,50,9,3,7,0,0,0
6,8,0,0,4,8,11,7,6,1,8,8,13,34,61,53,64,56,12,7,6,7,5,0
2,8,1,2,6,6,0,0,10,7,11,11,10,13,30,66,67,63,13,12,7,10,9,0
2,0,0,3,2,0,4,4,7,2,0,0,9,11,13,13,52,54,25,14,11,8,8,7

7,7,7,2,4,10,7,11,9,12,10,1,5,11,10,21,13,14,14,21,18,17,21,10
10,4,9,5,9,10,8,8,9,13,8,2,8,11,14,28,54,101,95,13,33,37,14,14
9,4,3,4,5,10,7,0,2,10,9,4,58,89,93,165,279,247,170,103,50,16,13,10
7,6,7,9,5,5,11,12,10,12,54,12,74,111,178,290,362,386,215,121,81,30,22,15
0,2,0,3,0,0,0,10,7,4,17,51,91,115,206,288,283,288,257,143,81,52,37,53
10,9,9,9,11,14,10,22,39,40,35,49,69,120,209,221,251,233,160,141,105,75,51,54
5,6,11,13,13,13,14,13,7,2,12,54,81,102,164,176,126,106,87,92,99,92,77,46
2,0,5,11,14,4,0,0,0,0,2,64,75,96,134,148,110,79,52,13,75,88,69,60
6,4,2,7,0,0,0,0,0,3,12,67,100,108,134,139,133,101,70,53,51,58,58,67
0,3,0,0,0,0,10,8,10,5,61,92,118,154,175,181,170,118,69,55,52,43,41,53
8,3,4,9,6,4,8,12,0,25,64,86,141,188,193,183,141,102,63,51,40,9,11,12
0,0,0,0,0,9,7,12,5,58,71,95,130,185,186,165,124,81,56,50,32,10,4,0
6,1,1,0,3,0,7,9,13,75,105,117,143,152,145,131,108,66,57,45,24,0,0,0
2,0,9,0,8,9,2,7,9,74,113,125,134,141,133,126,112,96,102,54,3,10,2,7
0,3,10,5,1,8,0,8,14,55,85,119,132,136,130,117,107,95,101,14,11,4,7,7
3,0,0,0,0,11,8,11,11,51,58,78,122,136,129,100,69,76,40,6,0,10,8,7
6,5,2,4,4,8,4,12,23,55,79,106,161,144,128,103,67,23,9,14,10,8,4,8
9,14,14,17,29,23,17,31,41,60,114,152,184,229,225,233,105,58,36,26,25,15,11,9
1,3,8,8,5,12,13,15,49,79,128,164,213,197,224,234,181,134,113,52,28,17,13,9
1,4,7,4,7,8,9,12,51,66,117,152,232,292,298,254,210,138,117,78,14,10,12,12
1,7,1,6,8,13,13,6,19,55,112,140,196,254,272,238,201,150,106,47,12,13,13,10
2,4,2,1,4,6,18,18,17,43,65,106,160,226,249,257,226,174,106,55,35,19,13,11
1,0,2,0,0,7,10,27,26,24,40,64,112,163,193,186,169,147,94,67,43,12,10,9
8,4,1,3,5,3,0,10,12,13,16,52,108,139,156,156,154,139,113,102,21,12,11,4
3,4,0,0,0,0,0,2,0,8,12,57,104,120,131,146,146,130,108,101,36,18,14,13
10,11,8,2,0,0,0,0,0,0,0,14,96,111,119,117,128,119,116,101,30,12,8,5
0,0,0,2,0,0,0,0,0,0,0,0,11,100,112,117,116,111,101,63,20,7,8,11
0,5,0,5,0,0,0,0,0,0,0,11,11,78,107,116,121,109,100,51,16,5,5,7
2,3,0,0,0,0,0,0,0,0,5,0,0,10,83,106,114,107,65,49,14,13,15,5
5,2,0,0,4,3,0,0,0,2,13,4,7,19,41,68,84,78,60,40,13,10,5,2
8,8,1,6,9,11,11,7,5,9,23,12,18,44,85,80,73,59,57,14,11,9,12,6
0,0,0,2,7,3,0,1,0,0,5,8,13,54,110,106,110,75,47,29,15,12,5,0
8,0,0,0,0,0,0,0,0,0,0,6,20,62,99,127,140,111,32,14,10,7,9,8
0,0,0,0,0,5,0,0,0,0,0,2,6,56,88,137,141,79,45,17,13,12,11,10
0,0,1,0,4,2,0,0,2,2,2,0,7,44,72,121,132,74,49,14,11,7,10,6
0,0,0,0,0,0,0,7,0,1,0,0,10,35,62,111,100,58,14,9,6,6,9,4
0,0,0,6,0,2,0,0,5,3,0,5,10,30,56,84,86,54,9,2,8,4,0,0
0,2,0,0,0,6,0,6,5,8,6,9,8,28,53,86,90,52,19,12,6,1,4,0
0,0,0,0,0,0,0,0,0,7,3,7,11,21,58,89,96,50,13,11,3,1,6,13
0,0,0,0,0,0,10,0,0,2,6,5,9,11,56,72,83,34,13,9,4,0,0,0
3,8,5,2,3,5,9,0,11,11,9,2,5,16,70,72,58,50,9,3,7,0,0,0
6,8,0,0,4,8,11,7,6,1,8,8,13,36,61,53,65,56,12,7,6,7,5,0
2,8,1,2,6,6,0,0,10,7,11,11,10,13,30,66,67,63,13,12,7,10,9,0
2,0,0,3,2,0,4,4,7,2,0,0,9,11,13,13,52,54,25,14,11,8,8,7

7,7,7,2,4,10,7,11,9,12,10,1,5,11,10,22,13,14,14,21,18,16,21,10
10,4,9,5,9,10,8,8,9,13,8,2,8,10,14,28,53,101,95,13,33,39,14,14
8,4,3,3,4,10,7,0,2,10,9,4,58,88,93,165,277,246,170,103,50,15,13,10
7,6,7,9,5,5,11,12,10,12,54,12,75,111,178,289,362,386,214,121,81,30,22,14
0,2,0,2,0,0,0,10,7,3,18,51,92,115,207,289,284,288,257,143,81,52,37,52
10,9,9,9,11,14,10,21,39,40,36,49,69,120,211,221,252,232,160,141,105,75,51,54
5,6,11,13,13,13,14,13,7,2,12,55,82,103,165,177,126,106,88,91,99,92,77,46
2,0,5,11,13,4,0,0,0,0,3,65,76,97,135,149,110,79,52,13,75,87,69,60
6,4,2,7,0,0,0,0,0,3,13,68,101,109,135,139,133,101,70,53,51,58,58,67
0,3,0,0,0,0,10,8,10,5,61,92,120,155,176,182,170,117,69,55,52,44,41,53
7,3,3,9,6,4,8,12,0,26,64,87,141,189,193,182,141,102,63,51,40,9,11,12
0,0,0,0,0,9,7,12,5,58,72,95,130,185,185,164,123,80,56,50,33,10,4,0
6,1,1,0,3,0,7,9,13,75,105,117,143,152,145,131,108,66,57,44,25,0,0,0
2,0,9,0,8,9,2,7,9,74,113,125,134,141,133,125,111,95,102,50,3,10,2,8
0,3,10,5,1,8,0,8,14,54,85,119,132,136,130,117,106,94,100,13,11,4,7,7
3,0,0,0,0,11,8,11,11,51,58,78,122,136,130,100,69,76,38,5,0,10,8,7
6,5,2,4,4,8,4,12,23,55,79,106,161,145,130,104,67,22,8,14,10,8,4,8
9,14,14,17,29,23,17,31,41,60,115,152,185,230,227,234,106,59,36,26,25,15,11,9
1,3,8,8,5,12,13,16,49,80,128,164,213,198,224,235,182,134,113,52,28,17,13,9
1,4,7,4,7,8,9,12,51,67,118,152,232,293,299,255,211,138,117,79,15,10,12,12
1,7,1,6,8,13,13,6,20,55,112,140,196,254,274,239,201,150,106,47,13,13,13,10
2,4,2,1,4,6,18,18,17,43,65,107,161,226,249,257,225,173,106,54,35,19,13,11
1,0,2,0,0,7,10,27,26,24,40,64,112,163,194,186,168,147,93,67,43,12,10,9
8,4,1,4,5,3,0,10,12,13,16,52,108,139,156,156,153,139,113,102,21,12,11,4
3,4,0,0,0,0,0,2,0,8,12,56,104,120,131,146,146,130,108,101,36,18,14,13
10,11,8,2,0,0,0,0,0,0,0,14,96,111,119,117,128,119,116,101,31,11,7,5
0,0,0,2,0,0,0,0,0,0,0,0,11,101,112,117,115,111,101,63,20,7,8,11
0,5,0,5,0,0,0,0,0,0,0,12,11,78,107,116,121,109,100,51,17,5,4,7
2,3,0,0,0,0,0,0,0,0,5,0,0,9,83,106,115,107,65,49,14,13,15,5
5,2,0,0,4,3,0,0,0,2,13,4,6,19,41,68,85,78,60,40,13,10,5,1
8,8,1,6,9,11,11,7,5,9,23,12,19,44,86,81,73,60,57,14,11,9,12,6
0,0,0,2,7,3,0,1,0,0,5,8,13,54,110,106,111,75,47,29,15,12,5,0
8,0,0,0,0,0,0,0,0,0,0,6,25,62,99,128,140,111,32,14,10,7,9,8
0,0,0,0,0,5,0,0,0,0,0,3,7,56,88,137,141,79,45,17,13,11,11,10
0,0,1,0,4,2,0,0,2,2,2,0,7,46,72,121,132,74,49,14,11,7,10,6
0,0,0,0,0,0,0,7,0,1,0,0,10,35,62,111,100,58,14,9,6,6,9,4
0,0,0,6,0,2,0,0,5,2,0,5,10,30,56,83,86,54,9,2,8,4,0,0
0,2,0,0,0,6,0,6,5,8,7,9,8,29,53,86,90,52,17,12,6,1,4,0
0,0,0,0,0,0,0,0,0,7,3,7,11,21,58,90,96,50,13,12,3,1,6,13
0,0,0,0,0,0,10,0,0,2,6,5,10,11,56,72,83,34,13,9,4,0,0,0
3,8,5,2,3,5,9,0,11,11,9,2,5,17,70,71,58,50,9,3,7,0,0,0
6,8,0,0,4,8,11,7,6,1,8,8,13,36,62,53,64,56,12,7,6,7,5,0
1,8,1,2,6,6,0,0,10,7,11,11,10,13,30,66,67,63,13,12,7,10,9,0
2,0,0,3,2,0,4,4,7,2,0,0,9,11,13,13,52,54,25,14,11,8,8,7

7,7,7,2,4,10,7,11,9,12,10,1,5,11,10,22,13,14,14,21,18,16,22,10
10,4,9,5,9,9,8,8,9,13,8,2,8,10,14,27,53,101,94,13,32,37,14,14
8,4,3,3,4,10,7,0,2,10,9,4,57,90,92,165,275,245,170,103,50,15,13,10
7,6,7,9,5,5,10,12,10,12,55,12,75,111,178,289,361,386,214,121,81,31,21,15
0,2,0,2,0,0,0,10,7,3,18,51,92,116,208,289,284,288,257,143,81,52,37,52
10,9,9,9,11,14,10,22,39,40,35,50,70,121,213,223,253,233,160,141,105,75,51,54
5,6,11,13,13,13,14,13,7,2,12,55,83,104,166,178,126,106,88,92,99,92,77,46
2,0,5,11,13,4,0,0,0,0,3,65,76,98,136,149,111,80,52,13,75,87,69,60
6,4,2,7,0,0,0,0,0,4,13,68,102,110,137,141,134,101,70,53,51,58,58,67
1,3,0,0,0,0,10,8,10,6,61,93,121,156,176,182,170,117,69,55,52,44,41,53
7,3,3,9,6,4,8,12,0,27,64,87,141,189,192,182,140,101,63,51,40,9,11,12
0,0,0,0,0,9,7,12,5,58,72,95,130,185,185,163,123,80,55,50,33,10,4,0
6,1,1,0,3,0,7,8,13,75,105,116,142,151,144,130,108,65,56,43,25,0,0,0
2,0,9,0,8,9,2,6,8,74,113,125,133,140,132,125,111,94,101,43,3,10,2,8
0,3,10,5,1,8,0,8,14,54,84,118,131,136,130,117,106,92,100,13,11,4,7,7
3,0,0,0,0,11,8,11,11,51,59,78,122,137,130,100,69,75,35,5,0,10,8,7
6,5,2,4,4,8,4,12,23,54,79,106,162,145,131,105,67,19,8,14,10,8,4,8
9,14,14,17,29,23,17,31,42,60,115,152,185,231,228,236,106,59,36,26,25,15,11,9
1,3,8,8,5,12,13,16,48,80,128,165,214,198,225,236,182,134,113,51,28,17,13,9
1,4,7,4,7,8,9,12,51,67,118,152,232,294,299,255,211,138,117,78,15,10,12,12
0,7,1,6,9,14,13,6,20,55,112,140,196,254,274,240,201,150,106,47,12,13,13,10
2,4,2,1,4,6,18,19,17,43,65,107,161,226,250,258,226,173,106,54,35,19,13,11
1,0,2,0,0,7,10,27,26,24,40,64,112,163,194,186,169,147,93,67,44,12,10,9
8,4,1,4,5,3,0,10,12,13,16,52,108,139,156,156,153,139,113,102,21,12,11,4
3,4,0,0,0,0,0,2,0,8,12,58,104,120,131,146,146,130,108,101,36,18,14,13
10,11,8,2,0,0,0,0,0,0,0,14,98,111,119,117,128,119,116,101,31,12,7,5
0,0,0,2,0,0,0,0,0,0,0,0,11,100,112,117,115,111,101,63,21,7,8,11
0,5,0,5,0,0,0,0,0,0,0,12,11,78,107,116,121,109,100,51,18,5,4,7
2,3,0,0,0,0,0,0,0,0,6,0,0,10,84,106,114,107,65,49,14,13,15,5
5,2,0,0,4,3,0,0,0,2,13,4,7,19,41,68,84,78,59,40,13,10,5,1
8,8,1,6,9,11,11,7,5,9,23,12,19,44,85,81,73,59,57,14,11,9,12,6
0,0,0,2,7,3,0,1,0,0,5,8,13,54,110,106,110,75,47,29,15,12,4,0
8,0,0,0,0,0,0,0,0,0,0,6,24,62,99,128,140,110,32,14,10,7,9,8
0,0,0,0,0,5,0,0,0,0,0,3,7,56,89,137,141,79,45,17,13,11,11,10
0,0,1,0,4,2,0,0,2,3,2,0,8,45,72,122,131,74,50,14,11,7,10,6
0,0,0,0,0,0,0,7,0,1,0,0,10,36,62,111,100,58,14,9,6,6,9,4
0,0,0,6,0,2,0,0,5,2,0,5,10,32,56,84,86,54,9,2,8,4,0,0
0,2,0,0,0,6,0,6,4,8,6,9,8,28,53,86,90,52,16,12,6,1,4,0
0,0,0,0,0,0,0,0,0,7,3,7,11,21,58,90,95,50,13,11,3,1,6,13
0,0,0,0,0,0,10,0,0,3,6,5,9,12,56,72,83,33,13,9,4,0,0,0
3,8,5,2,3,5,9,0,11,11,9,2,5,18,70,71,58,50,9,3,7,0,0,0
6,8,0,0,4,8,11,7,6,1,8,8,13,39,62,53,65,56,12,7,6,7,5,0
1,8,1,2,6,6,0,0,10,7,11,11,11,14,30,66,67,63,13,12,7,10,9,0
2,0,0,3,2,0,4,4,7,2,0,0,9,11,13,13,52,54,25,14,11,8,8,7

7,7,7,2,4,10,7,11,9,12,10,1,5,11,10,22,13,14,14,21,18,16,21,10
10,4,9,4,9,9,8,7,9,13,8,2,8,10,14,28,53,100,94,13,33,37,14,14
8,4,3,3,4,9,6,0,2,10,9,4,58,90,92,164,274,244,170,103,50,15,13,10
7,6,7,9,5,5,10,12,10,13,54,12,75,112,178,288,361,385,213,121,81,30,22,14
0,2,0,2,0,0,0,10,7,3,18,51,92,116,208,289,284,287,256,142,81,52,36,52
10,9,9,9,11,14,10,22,39,40,36,50,70,121,213,224,253,233,160,141,104,75,51,54
5,6,11,13,13,13,14,13,7,3,12,55,83,104,167,179,127,106,87,92,99,92,77,46
2,0,5,11,13,4,0,0,0,0,4,66,77,98,136,150,111,80,52,13,75,87,69,60
6,4,2,7,0,0,0,0,0,4,14,68,102,111,137,141,134,101,71,53,51,58,58,67
0,3,0,0,0,0,10,8,10,6,62,94,122,157,178,183,170,117,69,55,52,45,41,53
7,3,3,9,6,4,8,12,0,29,64,87,142,189,192,183,140,101,63,51,40,9,11,13
0,0,0,0,0,9,7,12,5,58,72,95,130,186,185,163,123,80,55,50,33,10,4,0
6,1,1,0,3,0,7,8,13,75,105,116,142,151,144,130,108,65,56,43,25,0,0,0
2,0,9,0,8,9,2,6,8,74,112,125,133,140,133,125,111,94,101,40,3,10,3,8
0,3,10,5,1,7,0,8,14,54,84,118,131,135,130,117,106,92,100,13,11,4,7,7
3,0,0,0,0,11,8,11,11,51,59,78,123,137,130,100,69,74,34,5,0,10,8,7
6,5,2,4,4,8,4,12,23,55,80,107,162,146,132,105,67,18,8,14,10,8,4,8
9,14,14,17,29,24,17,31,42,60,115,153,186,232,229,236,107,59,36,26,25,15,11,9
1,3,8,8,5,12,13,16,49,80,128,165,214,198,226,236,182,134,113,52,28,17,13,9
1,4,7,4,7,8,9,12,52,67,118,152,234,295,300,256,211,138,116,78,16,10,12,12
1,7,1,6,8,13,13,6,20,55,112,140,196,255,274,239,201,149,106,47,13,13,13,10
2,4,2,1,4,6,18,18,17,43,65,107,161,226,249,254,224,173,106,55,35,19,13,11
1,0,2,0,0,7,10,27,26,24,40,65,112,163,192,184,167,147,94,67,44,11,10,9
8,4,1,3,5,3,0,10,12,13,16,54,108,139,154,153,152,139,114,103,23,12,11,4
3,4,0,0,0,0,0,2,0,8,12,56,104,120,131,144,145,130,109,102,36,18,13,13
10,11,8,2,0,0,0,0,0,0,0,14,95,111,119,116,128,119,117,102,32,11,7,5
0,0,0,2,0,0,0,0,0,0,0,0,11,100,112,117,115,111,101,65,23,7,8,11
0,5,0,5,0,0,0,0,0,0,0,12,11,78,107,116,122,109,100,52,19,5,4,7
2,3,0,0,0,0,0,0,0,0,5,0,0,9,81,106,115,108,66,50,14,13,14,5
5,2,0,0,3,3,0,0,0,2,13,4,7,19,40,68,86,81,61,43,13,10,5,1
8,8,1,6,9,11,11,7,5,9,23,12,18,44,85,80,74,60,59,14,11,9,12,6
0,0,0,2,7,3,0,1,0,0,5,8,13,53,110,106,111,76,47,29,15,11,4,0
8,0,0,0,0,0,0,0,0,0,0,6,23,62,99,128,141,112,32,14,10,7,9,8
0,0,0,0,0,4,0,0,0,0,0,3,7,56,88,138,142,80,45,17,13,11,11,10
0,0,1,0,4,2,0,0,2,3,2,0,8,47,72,122,132,75,49,14,11,7,10,6
0,0,0,0,0,0,0,7,0,2,0,0,11,37,62,111,100,59,14,9,6,6,9,4
0,0,0,6,0,2,0,0,5,2,0,5,10,30,56,83,86,54,9,2,8,4,0,0
0,2,0,0,0,5,0,6,5,8,6,9,8,29,53,86,89,51,16,12,6,1,4,0
0,0,0,0,0,0,0,0,0,7,3,7,11,21,58,89,94,50,13,11,3,1,6,13
0,0,0,0,0,0,10,0,0,3,6,5,10,12,56,72,83,34,12,9,4,0,0,0
3,8,5,2,3,5,9,0,11,11,9,1,5,18,71,71,57,50,9,3,7,0,0,0
6,8,0,0,4,8,11,7,6,1,8,8,13,38,62,53,65,55,12,7,6,7,5,0
1,8,1,2,6,5,0,0,10,7,11,11,10,13,29,66,67,62,13,12,7,10,9,0
2,0,0,3,2,0,4,4,7,2,0,0,9,11,13,13,52,54,25,14,11,8,8,7

7,7,7,2,4,10,7,10,9,12,10,1,5,11,10,22,13,14,14,22,18,17,21,10
10,4,9,4,9,9,8,7,9,13,8,2,8,10,14,28,52,100,94,13,33,39,14,14
8,4,3,3,4,9,6,0,2,10,9,4,58,88,92,164,274,244,169,103,50,15,13,10
7,6,7,9,5,5,10,11,10,12,54,12,75,111,177,288,360,385,213,121,81,30,22,15
0,2,0,3,0,0,0,10,7,3,18,51,92,116,208,289,284,287,256,142,81,52,37,52
10,9,9,9,11,14,10,22,38,40,36,50,70,121,213,223,254,233,160,141,104,75,51,54
5,6,11,13,13,13,14,13,7,3,12,54,82,104,167,178,127,106,87,92,99,92,77,46
2,0,5,10,13,4,0,0,0,0,4,65,76,98,136,150,111,80,52,13,75,88,69,60
6,4,2,7,0,0,0,0,0,4,14,68,101,110,137,140,133,101,70,53,51,58,58,67
0,3,0,0,0,0,10,8,10,6,62,93,121,157,178,183,170,117,69,55,52,45,42,53
7,3,3,9,6,4,8,12,0,27,64,87,142,189,193,184,141,101,63,51,40,9,11,12
0,0,0,0,0,9,7,12,5,58,72,96,131,186,186,165,124,80,55,50,33,10,4,0
6,1,1,0,3,0,7,8,13,75,105,117,143,152,144,131,108,65,56,44,26,0,0,0
2,0,9,0,8,9,2,6,8,74,113,125,134,141,133,125,111,94,101,45,3,10,2,8
0,3,10,5,1,8,0,8,14,54,85,119,132,136,130,117,106,92,100,13,11,4,7,7
3,0,0,0,0,11,8,11,11,51,59,79,123,137,130,100,69,74,35,5,0,10,8,7
6,5,2,4,4,8,4,12,23,55,80,108,163,146,131,104,66,16,8,14,10,8,4,8
9,14,14,17,29,24,17,31,42,60,116,154,187,234,230,236,106,58,36,26,25,15,11,10
1,3,8,8,5,12,13,17,48,81,129,166,218,200,227,236,181,133,112,52,28,17,13,9
1,4,7,4,7,8,9,12,52,67,118,154,236,300,301,252,209,138,116,79,15,10,12,12
1,7,1,6,9,13,13,6,20,55,112,140,197,258,274,234,198,149,106,47,13,13,13,10
2,4,2,1,4,6,18,19,17,43,65,107,161,225,246,248,220,173,107,55,35,19,13,11
1,0,2,0,0,7,10,27,26,24,40,65,112,162,189,179,164,147,96,69,44,11,10,9
8,4,1,3,5,3,0,10,12,13,14,53,108,138,151,149,150,139,114,103,24,12,11,3
3,4,0,0,0,0,0,2,0,8,12,55,104,119,130,143,144,130,109,103,37,18,14,13
10,11,8,2,0,0,0,0,0,0,0,13,95,111,119,116,127,119,117,103,32,11,7,5
0,0,0,2,0,0,0,0,0,0,0,0,10,100,112,117,115,111,101,67,23,7,8,11
0,5,0,5,0,0,0,0,0,0,0,11,11,77,107,116,122,109,100,52,21,5,4,7
2,3,0,0,0,0,0,0,0,0,5,0,0,9,80,106,115,109,65,50,14,13,15,5
5,2,0,0,3,3,0,0,0,2,12,4,7,17,39,68,86,82,63,46,14,10,5,1
8,8,1,6,9,11,11,7,5,9,23,12,19,43,85,81,74,61,61,14,12,9,12,6
0,0,0,2,7,3,0,1,0,0,6,8,14,53,110,106,112,77,47,29,15,12,5,0
8,0,0,0,0,0,0,0,0,0,0,6,26,62,100,129,142,113,32,14,10,7,9,8
0,0,0,0,0,4,0,0,0,0,0,3,7,56,89,138,143,81,45,19,13,12,11,10
0,0,1,0,4,2,0,0,2,3,2,0,8,47,72,123,132,75,50,14,11,8,10,6
0,0,0,0,0,0,0,7,0,1,0,0,11,35,62,112,100,59,14,9,6,6,9,4
0,0,0,6,0,2,0,0,5,2,0,5,10,32,56,84,86,54,9,2,8,4,0,0
0,2,0,0,0,5,0,6,5,8,6,9,8,29,53,87,89,52,16,12,6,1,4,0
0,0,0,0,0,0,0,0,0,7,3,7,11,22,58,89,95,50,13,11,3,1,6,13
0,0,0,0,0,0,10,0,0,3,6,5,10,12,57,72,83,33,12,9,4,0,0,0
3,8,5,2,3,5,9,0,11,10,9,1,5,22,71,71,57,49,9,3,7,0,0,0
6,8,0,0,4,8,11,7,5,0,8,8,13,42,63,54,65,55,12,7,6,7,5,0
1,8,1,2,6,5,0,0,10,7,11,11,10,14,30,66,67,62,13,12,7,10,9,0
2,0,0,3,2,0,4,4,7,2,0,0,9,11,13,13,52,54,24,14,11,8,8,7

7,7,7,2,4,10,7,11,9,12,10,1,5,11,10,22,13,14,14,21,20,17,23,10
10,4,9,4,9,9,8,7,9,13,8,2,8,11,14,27,53,100,94,13,33,39,14,14
8,4,3,3,4,9,7,0,2,10,9,4,58,89,93,164,276,245,170,103,50,16,13,11
7,6,7,9,5,5,10,11,10,12,54,12,74,111,177,288,361,385,214,121,81,30,22,15
0,2,0,2,0,0,0,10,7,3,17,51,92,115,207,288,284,288,257,143,81,52,37,53
10,9,9,9,11,14,10,21,38,40,35,50,70,120,210,221,252,233,160,141,105,75,51,54
5,6,11,13,13,13,14,13,7,3,12,54,82,103,164,176,126,106,87,92,99,92,77,46
2,0,5,10,13,4,0,0,0,0,3,64,75,96,134,148,110,79,52,13,75,87,69,60
6,4,2,7,0,0,0,0,0,3,13,67,100,108,134,139,133,100,70,53,51,58,58,67
0,3,0,0,0,0,10,7,9,4,61,91,118,153,176,182,171,117,69,55,52,43,41,53
7,3,3,8,6,4,8,12,0,23,64,86,141,189,195,185,142,102,63,51,41,9,11,12
0,0,0,0,0,9,7,12,4,58,71,96,131,186,187,167,125,81,56,50,33,10,4,0
6,1,1,0,3,0,7,9,13,75,106,118,144,154,145,132,109,66,57,45,26,0,0,0
2,0,9,0,8,9,2,7,10,75,113,126,135,142,134,126,112,96,102,54,4,10,2,8
0,3,10,4,1,8,0,8,18,55,86,120,133,137,131,118,107,95,101,14,12,4,7,7
3,0,0,0,0,11,8,11,11,51,59,79,123,137,129,100,69,76,38,6,0,10,8,7
6,5,2,4,4,8,4,12,23,55,80,108,163,145,129,102,66,18,8,14,10,8,4,8
9,14,14,17,29,23,17,31,42,61,116,155,187,232,228,232,104,58,35,26,25,15,11,9
1,3,8,8,5,12,13,17,49,81,129,167,218,200,225,234,179,132,111,51,28,17,13,9
1,4,7,4,7,9,9,12,52,67,118,155,239,299,300,250,207,137,116,79,16,10,12,12
1,7,1,6,9,13,13,6,21,56,112,141,198,259,274,233,197,149,106,47,13,13,13,10
2,4,2,1,3,6,18,19,17,43,66,107,162,226,246,247,220,173,107,55,35,19,13,11
1,0,2,0,0,7,10,27,27,24,40,66,113,161,189,179,164,147,96,69,44,11,10,9
8,4,1,3,5,3,0,10,12,13,14,53,108,138,151,149,149,139,114,103,25,12,11,3
3,4,0,0,0,0,0,2,0,8,12,55,104,119,130,143,144,130,109,103,37,18,14,13
10,11,8,2,0,0,0,0,0,0,0,13,97,111,119,116,127,119,117,103,32,12,7,5
0,0,0,2,0,0,0,0,0,0,0,0,11,100,112,117,115,111,101,68,24,7,8,11
0,5,0,5,0,0,0,0,0,0,0,11,11,77,107,116,122,109,100,52,19,5,4,7
2,3,0,0,0,0,0,0,0,0,5,0,0,9,80,105,115,109,65,50,14,13,14,5
5,2,0,0,3,3,0,0,0,2,13,4,7,17,39,68,87,82,63,46,14,10,5,1
8,8,1,6,9,11,11,7,5,9,23,11,19,43,85,81,74,61,61,14,12,9,12,6
0,0,0,2,7,3,0,1,0,0,6,8,13,54,110,106,112,77,48,29,16,12,5,0
8,0,0,0,0,0,0,0,0,0,0,6,24,62,99,129,142,113,32,14,10,7,9,8
0,0,0,0,0,4,0,0,0,0,0,3,7,56,89,138,143,81,45,19,13,12,11,9
0,0,1,0,4,2,0,0,3,3,2,0,8,48,73,123,133,75,50,14,11,7,10,6
0,0,0,0,0,0,0,7,0,2,0,0,11,37,62,112,101,58,14,9,6,6,9,4
0,0,0,6,0,2,0,0,5,2,0,5,10,32,56,84,86,54,9,2,8,4,0,0
0,2,0,0,0,5,0,6,4,8,6,9,8,29,53,86,89,52,15,12,6,1,4,0
0,0,0,0,0,0,0,0,0,7,3,7,11,23,58,89,95,49,13,11,3,1,6,13
0,0,0,0,0,0,10,0,0,2,7,4,10,11,57,72,82,34,12,9,4,0,0,0
3,8,5,2,3,5,8,0,11,10,9,1,5,22,72,71,57,48,9,3,7,0,0,0
6,8,0,0,4,8,11,7,5,1,8,8,13,45,63,53,65,55,12,7,6,7,5,0
1,8,1,2,6,5,0,0,10,8,11,11,10,14,30,66,67,61,13,12,7,10,9,0
2,0,0,3,2,0,4,4,7,2,0,0,9,11,13,13,52,54,25,14,11,8,8,7
11,14,13,12,13,21,39,40,53,43,46,48,50,14,14,17,14,13,14,12,6,8,8,8
14,40,42,54,58,90,104,73,64,68,55,59,61,55,52,57,52,56,51,46,13,9,7,11
7,9,13,42,59,91,122,163,146,98,102,100,69,67,66,67,77,75,65,43,12,10,9,9
10,9,11,46,58,102,235,251,206,167,127,91,78,89,73,69,80,65,55,35,13,11,10,7
0,14,7,49,77,156,219,230,236,226,181,139,84,58,52,56,50,35,19,10,11,3,0,0
0,0,6,40,91,121,178,156,186,249,193,175,127,81,53,52,30,39,38,14,16,8,7,2
7,7,12,27,67,104,121,96,83,107,128,126,124,114,67,67,61,58,50,47,24,14,12,12
11,22,44,54,82,104,103,97,75,52,58,73,98,105,97,74,87,68,96,70,58,24,8,7
0,14,28,60,94,127,125,112,93,68,53,6,50,69,84,88,90,93,90,79,77,59,50,16
14,6,35,71,113,134,153,132,98,73,45,18,13,52,47,53,59,73,68,77,62,60,57,48
0,6,53,76,134,164,159,127,103,70,50,51,8,8,41,29,13,29,14,15,13,32,31,31
0,13,58,99,150,163,147,123,108,73,57,3,39,53,14,25,13,10,11,7,9,7,0,8
0,9,56,97,141,141,115,116,105,95,54,65,46,51,37,12,13,8,9,11,7,8,0,7
0,5,80,101,123,130,116,110,106,104,98,14,31,58,9,7,3,12,10,9,12,14,8,0
8,25,62,103,114,121,112,102,103,103,65,41,52,14,0,7,13,2,8,7,9,7,5,3
4,38,76,100,111,109,111,72,79,65,65,52,51,7,4,6,7,0,8,0,3,7,6,7
1,56,100,99,95,131,95,74,54,51,51,50,43,12,12,9,8,4,4,6,4,4,6,7
12,40,67,85,117,180,128,78,50,42,39,31,17,35,34,17,24,25,31,25,18,15,16,10
12,55,86,135,175,188,176,137,88,12,12,54,37,10,13,27,12,11,9,10,5,7,5,2
13,61,99,142,170,212,225,184,160,124,52,14,67,27,11,11,13,13,10,8,9,11,5,3
25,66,94,143,197,247,252,211,153,137,91,60,39,62,50,16,13,13,10,9,8,0,0,0
27,56,83,139,217,237,197,246,157,127,100,43,40,37,35,30,25,19,9,10,9,8,0,0
10,22,68,124,154,164,195,194,159,146,135,47,35,40,34,33,18,14,13,16,11,9,6,1
2,13,60,117,140,159,177,171,217,157,139,102,81,62,45,7,8,7,5,4,2,3,0,4
13,14,19,65,123,144,149,168,157,140,116,100,12,51,17,9,0,0,4,10,3,5,5,0
4,11,11,50,107,121,140,151,144,148,122,103,33,13,10,10,10,6,5,1,0,0,10,8
6,7,4,26,78,103,118,138,143,141,115,85,45,33,33,11,8,3,0,10,3,0,0,0
8,10,4,13,51,102,113,134,136,136,111,68,52,12,13,11,13,10,0,9,5,8,12,5
7,14,3,10,34,65,108,117,119,118,107,63,26,13,8,0,0,0,0,0,5,7,9,0
0,5,3,4,10,38,69,98,78,71,81,59,16,14,9,3,0,0,5,8,0,4,2,0
3,0,9,9,14,14,56,85,106,113,152,59,39,31,18,13,6,8,19,9,13,8,7,8
1,8,3,12,26,33,70,108,107,117,88,45,14,8,9,0,0,4,10,10,0,9,4,0
5,5,9,11,14,34,102,129,119,83,64,21,12,2,6,0,0,5,7,4,0,0,0,7
4,11,11,14,46,56,90,136,133,78,51,5,7,13,9,0,0,1,5,0,0,0,0,3
5,11,6,13,27,55,89,128,135,72,11,14,5,7,10,0,0,0,4,5,0,0,0,0
3,11,8,11,11,56,69,102,97,58,10,9,7,0,0,0,0,0,0,0,0,0,0,3
10,0,6,9,12,40,66,96,70,30,6,11,12,3,0,0,2,0,4,0,0,0,0,0
2,1,0,12,14,39,59,86,64,19,0,12,10,10,0,3,7,0,0,2,0,0,0,0
5,0,7,9,12,24,58,85,60,11,8,12,13,9,12,8,4,0,0,0,0,0,0,0
5,0,0,10,13,19,50,79,63,10,10,8,10,12,4,0,0,0,0,6,0,0,0,0
0,7,2,8,6,11,50,53,52,6,5,9,14,10,10,12,4,0,0,0,4,3,5,2
7,4,0,3,8,10,45,53,31,7,0,11,10,0,0,5,4,4,7,8,0,2,7,6
0,8,11,11,2,6,11,52,51,14,7,14,13,9,0,0,0,0,8,8,3,0,7,1
6,9,4,10,6,3,12,14,23,13,13,13,13,2,0,0,6,3,0,7,6,0,0,1

11,14,13,12,13,22,38,39,53,42,46,48,50,13,14,18,14,13,14,12,6,8,7,8
14,42,40,54,58,90,104,73,64,68,55,58,61,55,52,57,52,56,51,47,13,9,7,11
7,9,13,42,59,91,122,162,146,98,102,98,68,67,66,67,77,74,64,42,12,10,8,9
10,9,11,48,58,102,235,250,206,167,127,91,77,89,73,69,81,65,55,34,13,11,10,7
1,15,7,50,78,157,220,230,235,226,181,139,84,58,53,56,50,36,19,10,11,2,0,0
0,0,7,41,92,122,179,157,187,249,192,175,126,81,53,52,31,39,38,14,16,8,7,2
8,7,12,28,69,105,122,97,83,107,128,126,124,114,67,67,61,58,50,47,24,14,12,12
12,23,46,55,83,105,103,97,75,53,58,73,99,106,97,74,88,69,96,70,58,24,8,7
0,14,31,60,94,128,126,112,94,69,53,6,50,69,84,88,90,94,90,79,77,59,50,16
14,6,38,72,114,135,154,133,98,74,50,19,13,52,48,53,59,73,68,77,62,60,57,49
0,7,54,76,135,166,161,128,103,71,51,51,8,8,42,29,13,30,14,15,13,33,31,30
0,14,58,99,151,165,148,123,108,72,58,4,40,53,14,27,13,10,11,7,8,7,0,8
0,9,56,98,142,142,116,116,105,93,55,65,46,51,35,12,13,8,9,11,6,8,0,7
0,5,80,101,124,130,116,110,106,104,95,14,32,57,9,7,3,12,10,8,12,14,8,0
7,25,62,103,115,121,112,101,102,102,62,37,51,13,0,7,13,2,7,6,8,6,5,3
4,37,76,100,111,109,111,72,78,64,65,52,51,7,4,6,7,0,8,0,3,6,5,6
1,56,100,99,95,131,95,73,54,51,51,49,42,12,12,9,8,4,4,6,3,4,6,7
12,40,67,85,117,180,128,77,50,42,39,31,18,36,33,17,24,25,31,25,18,15,16,10
12,55,86,135,175,188,174,136,86,12,12,54,39,10,13,25,12,11,9,10,5,6,5,2
13,61,99,142,171,212,224,183,159,124,53,15,67,25,11,11,13,13,10,8,9,11,5,3
26,66,94,143,198,246,251,211,152,137,92,59,39,62,50,15,13,13,10,9,8,0,0,0
28,56,83,140,218,237,197,245,157,127,100,42,40,37,35,28,25,19,9,10,9,8,0,0
10,22,68,124,154,164,194,194,159,145,135,47,35,40,34,33,18,13,13,16,11,9,6,0
2,13,60,117,140,160,177,171,218,157,139,102,83,63,45,7,8,7,5,4,2,3,0,4
13,14,19,66,123,144,149,168,157,140,116,100,12,52,17,9,0,0,4,10,3,5,4,0
4,11,11,50,108,121,140,151,144,148,122,103,33,13,10,10,9,6,5,1,0,0,9,8
7,7,4,27,78,103,118,138,143,141,115,85,45,34,32,11,8,3,0,10,2,0,0,0
8,10,4,13,51,102,113,134,136,136,111,67,54,12,13,11,13,11,0,9,4,8,12,5
7,14,3,10,34,66,108,117,119,118,107,63,27,13,8,0,0,0,0,0,5,7,9,0
0,5,4,4,10,38,69,98,78,71,81,59,17,14,9,3,0,0,5,8,0,4,2,0
3,0,9,9,14,14,56,86,106,113,153,59,39,31,18,13,6,8,19,9,13,7,6,7
1,8,4,12,26,33,70,108,107,117,88,47,14,8,9,0,0,4,10,10,0,9,4,0
5,5,9,11,14,34,102,130,120,83,64,22,12,2,6,0,0,5,6,4,0,0,0,7
4,10,11,14,47,56,91,137,133,78,51,6,8,13,9,0,0,1,5,0,0,0,0,3
5,11,6,13,27,55,89,128,135,72,11,14,5,7,10,0,0,0,4,5,0,0,0,0
3,11,8,11,11,56,69,103,97,58,10,9,7,0,0,0,0,0,0,0,0,0,0,3
10,0,6,9,12,41,66,96,70,30,6,11,12,3,0,0,2,0,4,0,0,0,0,0
2,1,0,12,14,39,59,87,64,20,0,12,10,10,0,3,7,0,0,2,0,0,0,0
5,0,7,9,12,24,58,85,60,11,8,12,13,9,12,8,4,0,0,0,0,0,0,0
5,0,0,10,13,20,50,80,63,10,11,8,10,13,4,0,0,0,0,6,0,0,0,0
0,6,2,8,6,11,50,53,52,5,5,9,14,10,10,12,4,0,0,0,4,3,5,2
7,4,0,3,8,10,45,53,32,7,0,11,10,0,0,5,4,4,7,8,0,2,7,6
0,8,11,11,3,6,11,52,51,14,7,14,13,9,0,0,0,0,8,8,3,0,7,1
6,9,4,10,6,3,12,15,24,13,13,13,13,2,0,0,6,3,0,7,6,0,0,1

11,14,13,12,13,20,39,40,52,43,46,48,50,13,14,18,14,13,14,12,6,8,7,8
14,40,40,54,58,90,104,73,64,68,55,58,61,55,52,57,52,56,51,47,13,9,7,11
7,9,13,42,59,91,121,162,146,98,103,98,69,67,66,67,76,74,64,42,12,10,8,8
10,9,11,47,58,102,233,248,205,167,127,91,78,89,73,69,82,65,56,35,13,11,10,7
1,15,7,50,78,157,220,230,235,226,181,139,84,58,52,56,50,36,18,10,10,2,0,0
0,0,7,40,92,123,180,157,186,249,193,175,126,81,54,52,32,39,38,14,15,8,6,2
8,7,12,29,69,105,122,97,83,107,128,126,124,114,68,67,61,58,50,47,23,14,12,12
13,23,47,55,83,105,104,97,76,53,58,73,99,106,97,74,88,69,95,71,58,25,8,7
0,14,32,60,94,128,126,113,94,69,53,6,50,70,85,88,90,94,90,80,78,59,50,16
14,6,38,72,115,136,156,134,99,75,50,20,14,52,49,53,59,74,68,77,62,60,57,48
0,7,54,76,136,167,163,129,103,71,52,52,8,8,41,28,14,31,14,16,13,33,31,30
0,14,58,100,152,167,151,124,108,73,57,4,40,53,14,28,13,10,11,7,8,7,0,8
0,10,56,99,143,143,117,117,105,94,58,64,48,50,35,12,13,7,9,10,6,7,0,7
0,5,81,101,124,130,116,110,106,104,93,14,31,57,8,6,2,12,10,8,12,14,8,0
7,25,62,103,115,121,112,101,102,102,62,37,51,13,0,6,12,2,7,6,8,6,5,3
4,37,76,100,111,109,111,71,78,63,64,52,51,7,3,6,7,0,8,0,3,6,5,6
1,57,100,99,96,132,95,73,54,51,51,50,41,11,11,9,7,4,4,5,3,4,6,7
12,41,67,85,117,181,128,77,50,42,39,31,18,35,33,17,23,24,31,25,18,14,16,9
12,55,86,135,175,188,175,136,87,12,12,54,40,10,13,25,12,11,9,9,5,6,5,2
13,61,99,142,171,213,225,183,159,124,54,20,67,27,11,11,13,13,10,7,9,11,5,3
26,66,94,144,199,247,251,210,152,137,91,57,39,61,50,15,13,13,10,9,8,0,0,0
28,56,84,141,220,238,197,245,156,126,100,43,40,37,36,28,25,19,9,10,9,8,0,0
10,22,68,125,155,165,195,194,159,145,135,48,35,40,35,33,18,13,13,16,11,9,5,0
3,13,61,117,140,160,178,171,218,157,139,102,82,63,45,7,8,7,5,3,2,3,0,4
13,14,19,66,123,144,150,168,158,140,116,100,12,54,19,9,0,0,4,10,3,5,4,0
4,12,11,51,108,121,140,152,144,148,122,103,34,13,10,10,10,6,5,1,0,0,9,8
7,7,4,28,78,103,118,138,143,141,115,86,46,34,32,11,8,3,0,10,2,0,0,0
8,10,4,14,51,102,113,134,136,136,112,68,54,12,13,10,13,11,0,9,4,8,12,4
7,14,3,10,34,66,108,117,119,119,107,64,29,13,8,0,0,0,0,0,5,7,9,0
0,5,4,4,10,39,69,99,79,71,82,59,17,14,9,2,0,0,5,8,0,4,2,0
3,0,9,9,14,14,56,85,107,114,156,60,40,31,19,12,6,8,19,9,13,7,6,7
1,8,4,12,26,33,70,108,107,118,88,48,16,8,9,0,0,4,10,10,0,9,4,0
4,5,9,11,14,34,102,129,120,84,64,22,12,2,6,0,0,5,6,3,0,0,0,7
4,10,11,14,47,55,90,136,134,78,51,6,8,13,9,0,0,1,6,0,0,0,0,3
5,11,6,12,27,55,89,128,135,72,11,14,5,7,10,0,0,0,4,5,0,0,0,0
3,11,8,11,11,56,68,102,98,58,10,9,7,0,0,0,0,0,0,0,0,0,0,3
10,0,6,9,12,40,66,95,70,31,6,11,12,3,0,0,2,0,4,0,0,0,0,0
2,1,0,12,14,39,59,86,64,20,0,12,10,10,0,3,7,0,0,2,0,0,0,0
5,0,7,9,12,24,57,85,60,11,8,12,13,9,12,8,4,0,0,0,0,0,0,0
5,0,0,10,13,18,50,79,63,10,11,8,10,13,4,0,0,0,0,6,0,0,0,0
0,7,2,8,6,11,48,53,52,6,5,9,14,10,10,12,4,0,0,0,4,3,5,2
7,4,0,3,8,10,44,53,32,7,0,12,10,0,0,5,4,4,7,8,0,2,7,6
0,8,11,11,2,5,11,52,51,14,7,14,13,9,0,0,0,0,7,8,3,0,7,1
6,9,4,10,6,3,12,14,24,13,13,13,13,2,0,0,6,2,0,7,6,0,0,1

11,14,13,12,13,24,39,42,53,43,50,48,50,14,14,18,14,13,14,12,6,8,7,8
14,40,40,54,59,91,104,73,64,69,55,59,61,55,53,57,52,56,51,47,13,9,7,11
7,9,13,42,59,90,122,163,146,99,103,100,69,67,66,67,77,74,65,42,12,10,8,8
10,9,11,47,58,102,233,248,206,168,127,91,78,89,73,69,82,65,56,34,13,11,10,7
1,15,7,50,78,157,220,230,236,226,182,139,84,58,52,56,50,35,19,10,10,1,0,0
0,0,7,40,91,123,180,158,187,250,193,175,126,81,53,52,32,39,38,14,14,8,6,2
8,7,12,29,69,105,122,97,83,107,129,126,124,114,68,67,61,58,50,47,22,14,12,12
13,24,48,55,83,105,103,97,76,52,58,73,99,106,98,75,88,69,96,70,58,25,8,7
0,14,33,60,94,128,126,113,94,69,53,6,50,70,85,88,90,94,90,80,78,59,50,16
14,6,38,71,114,135,156,134,99,75,50,22,14,52,50,53,59,73,68,77,62,60,57,48
0,7,54,76,136,167,163,130,104,71,52,52,8,8,42,29,14,31,14,15,13,33,31,31
0,14,59,100,153,168,152,125,109,73,58,5,40,53,14,28,13,10,11,7,8,7,0,7
0,10,56,99,143,144,118,118,106,97,60,65,48,50,34,11,13,7,9,10,6,7,0,7
0,6,81,101,124,131,117,110,107,104,98,14,28,56,7,6,2,12,9,8,12,14,7,0
8,27,62,103,115,121,113,102,103,102,65,37,51,12,0,6,12,1,7,6,8,6,5,3
4,38,76,100,111,109,111,72,79,64,65,52,51,6,3,6,6,0,7,0,2,6,5,6
1,57,100,99,95,131,94,73,54,51,51,50,41,11,11,9,7,4,3,5,3,4,6,7
12,41,67,85,116,178,125,76,50,42,39,31,18,35,33,17,23,24,31,24,18,14,16,9
12,55,86,136,175,186,173,135,86,12,12,54,40,10,13,26,12,11,9,9,5,6,5,2
13,61,100,142,171,212,223,183,158,124,56,23,67,24,11,11,13,13,10,7,9,11,5,3
27,66,95,144,199,246,250,210,151,137,91,52,39,61,50,15,13,13,10,9,8,0,0,0
28,56,84,142,220,237,197,245,156,126,100,43,40,36,35,28,25,19,9,10,9,8,0,0
10,23,68,125,155,165,194,194,158,145,135,47,35,41,35,33,18,13,13,16,11,9,5,0
3,13,61,118,140,160,177,171,218,157,139,102,83,63,45,7,7,7,4,3,1,2,0,4
13,14,20,67,123,145,150,168,157,140,116,100,12,55,17,9,0,0,4,10,3,5,4,0
4,11,11,50,108,121,140,152,144,148,122,103,33,13,10,10,9,6,5,0,0,0,9,8
7,7,4,28,78,103,118,138,143,141,115,85,45,34,33,11,8,3,0,10,2,0,0,0
8,10,4,14,51,102,113,134,136,136,112,68,54,12,13,10,13,11,0,9,4,8,12,4
7,14,3,11,35,67,108,117,120,119,107,64,29,13,8,0,0,0,0,0,5,7,8,0
0,5,4,4,10,39,69,99,79,72,83,59,17,14,9,3,0,0,5,8,0,4,2,0
3,0,9,9,14,14,56,86,107,115,158,60,39,31,19,12,6,8,19,9,13,7,6,8
1,9,5,12,26,33,70,108,107,117,89,48,17,8,8,0,0,4,10,10,0,9,4,0
5,5,9,11,14,34,101,130,120,84,64,24,12,2,6,0,0,5,6,3,0,0,0,7
4,11,11,14,47,55,90,137,134,79,51,6,8,13,9,0,0,1,5,0,0,0,0,3
5,11,6,12,27,55,89,129,136,72,11,14,5,7,10,0,0,0,4,5,0,0,0,0
3,11,8,11,11,56,68,102,98,59,10,9,7,0,0,0,0,0,0,0,0,0,0,3
10,0,6,9,12,40,66,96,70,32,6,11,12,3,0,0,2,0,4,0,0,0,0,0
2,1,0,12,14,38,59,86,64,21,0,12,10,10,0,2,7,0,0,2,0,0,0,0
5,0,7,9,12,24,57,85,60,11,8,12,13,9,12,8,4,0,0,0,0,0,0,0
5,0,0,10,13,19,49,79,63,10,11,8,10,13,4,0,0,0,0,6,0,0,0,0
0,7,2,8,6,11,50,54,52,6,5,9,14,10,10,12,4,0,0,0,4,3,5,2
7,4,0,3,8,10,44,53,32,7,0,12,10,0,0,5,4,4,7,8,0,2,7,6
0,8,11,11,3,6,11,52,52,14,7,14,13,9,0,0,0,0,7,8,3,0,7,1
6,9,4,10,6,3,12,14,25,13,13,13,13,2,0,0,6,2,0,7,5,0,0,1

11,14,13,12,13,20,38,40,52,43,48,47,50,14,14,17,14,13,14,12,6,8,7,8
14,40,42,54,59,90,104,73,64,69,55,58,61,55,53,57,52,56,51,47,13,9,7,11
8,9,13,43,59,91,122,164,147,99,103,100,69,67,66,67,77,74,65,42,12,10,8,8
10,9,11,47,58,102,233,249,205,168,128,92,77,89,73,69,82,65,56,34,13,11,10,7
1,15,7,50,78,157,220,231,236,226,182,139,83,58,53,56,50,36,18,10,10,1,0,0
0,0,7,40,91,122,181,158,189,251,194,176,126,81,53,52,33,39,38,14,14,8,6,2
8,7,12,29,69,105,122,97,84,108,129,126,124,113,67,67,61,58,50,47,21,14,11,12
13,24,46,55,83,104,103,97,76,53,58,73,99,106,97,74,89,69,95,71,58,24,8,7
0,13,32,60,94,127,126,113,94,69,53,6,50,70,84,88,90,94,90,80,78,59,50,17
14,6,38,71,113,134,155,133,99,75,50,21,14,52,50,53,59,74,68,77,62,60,57,47
0,7,54,75,134,166,161,130,104,71,52,52,8,8,42,28,14,31,14,15,13,32,31,30
0,14,58,99,152,167,152,126,109,74,58,5,40,53,14,28,13,10,11,7,8,7,0,7
0,10,56,98,143,144,119,118,106,100,64,66,48,50,33,11,12,6,9,10,6,7,0,7
0,6,80,101,124,131,118,111,107,105,100,16,29,56,7,5,1,12,9,8,12,14,7,0
8,27,62,104,115,122,113,103,104,104,67,41,51,12,0,5,12,1,7,6,8,5,5,2
5,40,76,100,112,109,112,73,80,66,65,52,51,6,3,5,6,0,7,0,2,6,5,6
2,57,100,99,95,131,94,73,55,51,51,50,41,11,11,9,7,3,3,5,3,4,6,7
12,41,67,85,117,179,126,76,51,42,39,31,18,35,33,16,23,24,31,24,17,14,15,9
12,55,86,136,175,187,174,135,86,12,12,54,42,10,13,25,11,11,8,9,5,6,4,2
13,62,100,143,171,213,224,183,158,124,57,20,65,24,11,11,13,13,10,7,8,11,5,2
27,67,95,145,200,247,250,210,151,137,87,39,38,61,50,14,13,13,10,9,8,0,0,0
28,56,84,143,221,238,197,245,156,126,100,43,40,37,36,27,24,19,9,10,9,7,0,0
10,23,68,125,156,165,195,194,158,145,135,48,35,41,35,33,18,13,13,16,11,9,5,0
3,13,61,118,140,161,178,171,219,157,139,102,83,64,44,7,7,6,4,3,1,2,0,4
13,14,20,67,124,145,151,168,158,140,116,100,12,54,16,9,0,0,4,10,3,5,4,0
4,11,11,50,108,121,141,152,144,148,123,103,33,13,10,10,9,6,5,0,0,0,9,8
7,7,4,28,78,103,118,138,143,141,115,87,46,35,32,11,8,3,1,10,2,0,0,0
8,10,4,14,51,102,113,135,137,137,112,68,55,12,13,10,13,11,0,9,4,8,12,4
7,14,3,11,35,67,108,117,120,119,108,64,31,13,8,0,0,0,0,0,5,7,8,0
0,5,4,4,11,39,69,99,80,73,85,60,20,14,9,2,0,0,5,8,0,4,2,0
3,0,9,9,14,14,56,85,107,117,161,61,41,31,20,12,5,8,20,9,13,7,6,8
1,9,5,12,26,33,70,108,108,118,90,50,18,8,8,0,0,4,10,10,0,9,4,0
5,5,9,11,14,34,101,129,121,84,65,24,12,2,6,0,0,5,6,3,0,0,0,7
4,10,11,14,47,55,90,137,134,79,51,6,8,13,9,0,0,1,5,0,0,0,0,3
5,11,6,12,27,55,88,128,136,73,11,14,5,7,10,0,0,0,4,5,0,0,0,0
3,11,7,11,11,55,68,102,98,59,10,9,7,0,0,0,0,0,0,0,0,0,0,3
10,0,6,9,12,38,65,95,70,32,6,11,12,3,0,0,2,0,4,0,0,0,0,0
2,1,0,12,14,37,58,85,64,22,0,12,10,11,0,2,7,0,0,2,0,0,0,0
5,0,7,9,12,23,57,84,60,12,8,12,13,9,12,8,3,0,0,0,0,0,0,0
5,0,0,10,13,18,49,78,63,10,11,8,10,13,4,0,0,0,0,6,0,0,0,0
0,7,2,8,6,11,47,53,52,6,5,9,14,10,10,12,4,0,0,0,4,3,5,2
7,4,0,3,8,10,40,53,32,7,0,12,10,0,0,5,4,4,7,8,0,1,7,6
0,8,11,11,3,5,10,52,52,14,7,14,13,9,0,0,0,0,8,8,3,0,7,1
6,9,4,10,6,3,12,14,24,13,13,13,13,2,0,0,6,2,0,7,5,0,0,1

11,14,13,12,13,20,37,40,52,43,47,48,50,14,14,18,14,13,14,12,6,8,7,8
14,40,42,54,58,90,104,73,64,69,55,59,61,55,53,57,52,56,51,47,12,9,7,11
8,9,13,44,59,91,122,165,148,99,103,100,69,68,66,67,77,74,65,43,12,10,8,8
10,9,11,46,58,102,234,250,206,168,128,91,78,89,73,69,82,65,56,34,13,10,9,7
1,15,8,50,78,157,221,232,237,228,182,139,84,58,53,56,50,36,19,10,10,1,0,0
0,0,7,40,90,122,181,159,190,253,194,176,126,81,53,52,33,40,38,14,14,8,6,2
8,7,12,28,68,105,122,98,84,108,129,126,124,114,67,67,61,58,50,47,20,14,11,12
13,24,46,55,83,104,103,97,76,53,58,73,99,106,97,74,89,69,95,70,58,23,8,7
0,13,31,60,93,127,125,112,94,69,53,6,50,70,84,88,89,94,90,80,78,59,50,16
14,6,36,71,111,132,153,133,98,74,46,21,14,52,50,53,59,74,68,77,62,60,57,47
0,7,53,74,132,163,159,129,103,71,51,52,9,8,43,27,14,31,14,15,13,33,30,30
0,14,57,96,150,165,152,126,110,74,58,5,41,53,14,28,12,10,11,7,8,7,0,7
0,9,55,97,142,143,120,119,107,100,68,68,49,50,32,11,12,6,9,10,6,7,0,7
0,6,79,101,124,132,119,112,108,107,101,21,28,56,6,5,1,12,9,7,12,14,7,0
8,27,62,104,115,122,114,104,105,105,70,40,51,12,0,5,12,1,7,5,7,5,5,2
5,41,76,101,112,110,112,74,82,67,66,52,51,6,3,5,6,0,7,0,2,6,5,6
2,58,100,98,95,130,93,73,56,52,51,50,41,11,11,8,7,3,3,4,2,3,6,7
12,41,67,85,116,176,124,76,51,42,39,31,18,35,32,16,22,24,31,24,17,14,15,9
12,55,87,136,175,186,172,134,85,11,12,54,43,10,13,25,11,10,8,9,4,6,4,2
13,62,100,143,171,212,223,182,157,124,58,23,65,24,11,11,12,13,9,7,8,11,5,2
27,67,96,146,201,247,249,208,151,136,87,37,39,60,50,14,13,13,10,9,8,0,0,0
29,56,85,144,223,238,197,245,155,126,100,43,39,37,36,27,24,18,9,10,9,7,0,0
10,23,69,126,157,166,196,194,159,145,135,48,36,41,35,33,18,13,13,16,10,9,5,0
3,13,62,118,141,161,179,172,220,158,139,102,83,63,44,7,7,6,4,3,1,2,0,4
13,14,20,68,124,145,151,169,158,140,116,100,12,54,16,8,0,0,4,10,3,5,4,0
4,12,12,50,108,121,141,152,144,148,122,103,33,13,10,10,9,6,5,0,0,0,9,8
7,7,4,29,78,103,118,138,144,141,115,85,47,35,32,11,8,3,1,10,1,0,0,0
8,10,4,14,51,102,113,135,137,137,112,68,55,12,13,10,13,11,0,9,4,8,12,4
7,14,3,11,35,67,108,118,120,120,108,64,30,13,7,0,0,0,0,0,5,7,8,0
0,5,4,5,11,39,69,100,80,74,86,60,20,14,9,2,0,0,5,8,0,4,2,0
3,0,9,9,14,14,56,86,108,119,165,61,42,32,19,12,5,8,19,9,13,7,6,7
1,9,5,12,26,33,70,107,108,119,91,50,18,8,8,0,0,4,10,10,0,9,4,0
4,5,9,11,14,33,101,129,122,85,65,26,12,2,6,0,0,5,6,3,0,0,0,7
4,11,11,14,47,55,89,137,135,80,51,6,9,13,9,0,0,1,5,0,0,0,0,3
5,11,6,12,27,54,88,128,136,73,11,14,5,7,10,0,0,0,4,5,0,0,0,0
3,11,7,11,11,55,67,101,98,59,10,9,7,0,0,0,0,0,0,0,0,0,0,3
10,0,6,9,12,37,65,94,70,34,7,11,12,3,0,0,3,0,4,0,0,0,0,0
2,1,0,12,14,37,58,85,64,22,0,12,10,11,0,2,7,0,0,2,0,0,0,0
5,0,7,9,12,23,57,83,60,12,8,12,13,9,12,8,3,0,0,0,0,0,0,0
5,0,0,10,13,17,49,78,63,11,11,8,11,13,4,0,0,0,0,6,0,0,0,0
0,7,2,8,6,11,45,53,52,6,6,10,14,10,10,12,4,0,0,0,3,3,5,2
7,5,0,3,8,10,42,52,32,7,0,12,10,0,0,5,4,4,7,8,0,2,7,6
0,8,11,11,3,5,10,52,52,14,7,14,13,9,0,0,0,0,7,8,3,0,7,1
6,9,4,10,6,3,11,14,23,13,13,13,13,2,0,0,6,2,0,7,6,0,0,1

11,14,13,12,13,21,37,42,52,43,48,47,50,14,14,17,14,13,14,12,6,8,7,8
14,43,42,54,58,90,104,73,64,69,55,59,61,55,53,57,52,56,51,48,13,9,7,11
8,9,13,43,59,91,122,165,147,99,103,99,69,68,66,67,76,74,65,42,12,9,8,8
10,9,11,48,58,102,233,248,207,168,128,91,77,89,73,69,82,66,56,34,13,10,9,7
1,15,8,50,78,157,221,233,238,229,183,139,84,58,53,56,50,36,19,10,10,0,0,0
0,0,7,40,91,123,181,159,190,253,195,176,126,81,53,52,33,40,38,14,14,8,6,2
8,7,12,28,68,105,122,98,84,108,129,126,123,114,67,67,61,58,50,47,19,14,11,12
13,24,46,55,83,104,103,97,76,53,58,73,99,106,97,75,89,69,95,71,58,24,8,7
0,13,31,60,93,126,125,112,94,69,53,6,50,70,84,88,89,95,90,80,78,59,50,17
14,6,36,70,111,132,153,133,99,75,45,20,14,52,50,53,59,74,68,77,62,60,57,48
0,7,53,74,131,162,159,129,103,71,50,52,9,8,42,27,14,31,14,15,13,33,31,30
0,14,58,95,148,164,152,125,109,74,58,6,43,53,14,29,13,10,11,7,8,7,0,8
0,10,54,97,141,143,119,118,107,101,71,68,49,48,32,11,12,6,8,10,6,7,0,7
0,6,80,101,124,131,118,112,108,108,101,22,31,56,6,4,1,12,9,7,12,14,7,0
8,27,62,104,116,123,115,104,105,106,71,43,52,12,0,5,12,1,6,5,7,5,4,2
5,41,76,101,112,110,112,75,83,68,67,53,51,6,3,5,6,0,7,0,1,6,5,6
2,58,100,98,95,130,93,74,56,52,51,50,41,11,11,8,7,3,2,4,2,3,5,7
12,41,67,85,117,177,124,76,51,42,40,31,18,35,32,16,22,23,30,24,17,14,15,9
12,55,87,137,176,187,172,133,86,11,12,55,44,10,13,25,11,10,8,9,4,6,4,2
13,62,101,144,172,212,223,181,156,123,58,28,64,24,11,11,12,13,9,7,8,11,5,2
27,67,96,147,202,247,248,207,150,136,87,38,39,60,50,14,13,13,10,9,8,0,0,0
29,57,86,146,225,238,197,244,154,126,100,44,39,37,35,26,24,18,9,10,9,7,0,0
10,24,69,127,158,166,196,194,158,145,135,48,36,41,35,33,18,13,12,15,10,9,5,0
3,13,62,118,141,162,179,172,220,157,139,102,83,63,45,7,7,6,4,3,1,2,0,4
13,14,20,69,124,145,152,169,158,140,116,100,12,54,17,8,0,0,4,10,3,5,4,0
4,12,12,51,108,122,141,153,144,148,122,103,33,13,10,10,9,6,5,0,0,0,9,8
7,7,4,29,79,103,118,139,144,141,115,85,47,36,32,11,8,3,1,10,1,0,0,0
8,10,4,14,52,102,113,135,138,137,112,68,55,12,12,10,13,11,0,9,4,8,12,4
7,14,3,11,35,67,108,118,121,120,108,64,30,13,7,0,0,0,0,0,5,6,8,0
0,5,4,5,11,39,69,100,81,75,87,60,20,14,9,3,0,0,5,8,0,4,2,0
3,0,9,9,14,14,56,86,108,121,167,61,42,32,18,12,5,7,20,9,13,7,6,7
1,9,5,12,26,34,70,107,108,119,92,50,18,8,8,0,0,4,10,10,0,9,4,0
4,5,9,11,14,33,100,129,122,85,65,26,12,1,6,0,0,5,6,3,0,0,0,7
4,11,11,14,47,55,89,137,135,80,51,7,9,13,9,0,0,2,5,0,0,0,0,3
5,11,6,12,27,54,87,128,136,73,11,14,5,7,10,0,0,0,5,5,0,0,0,0
3,11,7,11,11,55,67,101,98,59,10,10,7,0,0,0,0,0,0,0,0,0,0,3
10,0,6,9,12,36,64,94,70,34,6,11,12,3,0,0,3,0,4,0,0,0,0,0
2,1,0,12,14,36,58,84,64,24,0,12,10,11,0,2,8,0,0,2,0,0,0,0
5,0,7,9,12,23,56,82,60,12,8,12,13,9,12,8,3,0,0,0,0,0,0,0
5,0,0,10,13,17,48,77,63,11,11,8,11,13,4,0,0,0,0,6,0,0,0,0
0,7,2,8,6,11,44,53,52,6,6,10,14,10,10,12,4,0,0,0,4,3,5,2
7,5,0,3,8,9,33,52,32,7,0,13,10,0,0,5,4,4,7,8,0,2,7,6
0,8,11,11,2,5,10,50,52,14,7,14,13,9,0,0,0,0,8,8,3,0,7,1
6,9,4,10,6,3,11,13,22,13,14,13,13,2,0,0,6,2,0,7,5,0,0,1

11,14,13,12,13,21,37,39,52,43,47,47,50,14,14,17,14,13,14,12,6,8,7,8
14,42,40,54,59,91,104,73,64,68,55,59,61,55,53,57,52,56,51,48,12,9,6,11
8,9,13,43,59,91,122,165,148,99,103,99,69,68,66,67,76,74,65,42,12,9,8,8
10,9,11,47,58,102,233,248,207,169,128,92,78,88,73,69,82,65,56,34,12,10,9,7
1,15,8,50,78,158,221,233,238,228,183,139,83,58,53,56,50,37,19,10,10,0,0,0
0,0,7,40,91,123,182,160,190,254,195,176,126,81,53,52,33,40,38,14,14,8,6,1
8,7,12,28,68,105,122,98,84,108,129,126,124,114,68,67,61,58,50,47,20,13,11,12
13,24,47,55,83,104,103,97,76,53,58,73,99,106,97,75,90,69,95,71,58,25,8,6
0,13,31,60,93,126,125,113,94,69,53,6,50,70,84,88,89,95,91,80,78,59,50,18
14,6,36,70,111,132,154,134,100,75,50,18,14,52,50,53,59,74,68,77,62,60,57,49
0,7,53,74,131,164,160,130,104,72,51,52,9,8,42,27,14,32,14,15,13,33,30,30
0,14,57,96,149,166,153,126,110,75,58,6,43,53,14,29,13,10,11,7,8,7,0,7
0,10,55,97,142,143,119,118,107,100,72,67,50,48,31,11,12,6,8,10,6,7,0,7
0,6,79,101,124,131,118,111,108,107,101,22,28,56,6,4,1,12,9,7,11,14,7,0
8,27,62,104,115,122,114,103,105,105,71,41,51,11,0,5,12,1,6,4,7,4,4,2
5,40,76,100,112,110,112,74,82,67,67,52,51,6,3,5,6,0,6,0,1,6,5,6
2,57,100,98,95,130,93,74,56,52,51,51,41,11,11,8,7,3,2,4,2,3,5,7
12,41,67,84,116,178,125,77,51,43,40,31,18,35,32,16,22,23,31,24,17,14,15,9
12,55,86,136,176,187,172,134,86,11,12,55,46,10,13,25,11,10,8,9,4,6,4,2
13,62,101,144,172,213,223,181,156,123,58,28,65,24,11,11,12,13,9,7,8,11,4,2
27,67,97,148,203,247,248,207,150,136,89,46,41,59,50,14,13,13,9,9,8,0,0,0
29,57,86,147,226,239,197,244,154,125,100,43,39,37,35,26,24,18,8,10,9,7,0,0
10,24,70,127,159,167,196,194,158,145,135,48,36,41,35,33,18,13,13,15,10,9,5,0
3,13,62,118,141,162,179,172,220,157,139,102,83,63,44,7,7,6,4,3,0,2,0,3
13,14,21,69,124,146,152,169,158,140,116,100,12,54,16,8,0,0,4,10,3,5,4,0
4,12,12,51,108,122,142,154,144,148,123,103,31,13,10,10,9,6,4,0,0,0,9,8
7,7,4,30,78,103,119,139,144,141,115,87,47,36,31,11,8,3,1,10,1,0,0,0
8,10,4,14,51,102,114,136,138,137,112,69,56,12,12,10,13,11,0,9,3,8,12,4
7,14,3,11,35,67,108,118,121,120,108,64,32,14,7,0,0,0,0,0,5,6,8,0
0,5,4,5,11,39,69,100,81,75,87,60,21,14,9,3,0,0,4,8,0,4,2,0
3,0,9,9,14,14,56,86,108,123,169,61,43,32,17,12,5,7,19,9,13,7,6,7
1,9,6,12,26,33,70,107,108,120,92,50,20,8,7,0,0,4,10,10,0,9,4,0
4,5,9,12,14,33,100,129,122,86,65,26,12,1,6,0,0,5,6,3,0,0,0,7
4,11,11,14,45,55,89,136,135,80,52,7,9,13,9,0,0,1,5,0,0,0,0,3
5,11,5,12,26,54,87,127,136,73,11,14,5,7,11,0,0,0,5,5,0,0,0,0
3,11,7,11,11,55,67,101,98,59,10,10,7,0,0,0,0,0,0,0,0,0,0,3
10,0,6,9,12,35,64,94,69,35,6,12,12,3,0,0,3,0,4,0,0,0,0,0
2,1,0,12,14,36,58,84,64,24,0,12,10,11,0,2,8,0,0,2,0,0,0,0
5,0,7,9,12,22,56,82,60,12,8,12,13,9,12,8,3,0,0,0,0,0,0,0
5,0,0,9,13,15,47,77,63,11,11,8,11,13,4,0,0,0,0,6,0,0,0,0
0,7,2,8,6,11,44,53,52,6,4,10,14,10,10,12,4,0,0,0,4,3,5,3
7,5,0,3,8,9,31,52,32,7,0,13,10,0,0,5,4,4,7,8,0,1,7,6
0,8,11,11,2,5,10,50,52,14,7,16,13,9,0,0,0,0,8,8,3,0,7,1
6,9,4,10,6,3,11,13,21,13,14,13,13,2,0,0,6,2,0,7,5,0,0,1

11,14,13,12,13,21,39,42,52,43,47,48,50,13,14,18,14,13,13,12,6,8,7,8
14,40,42,54,59,90,104,73,64,68,55,59,61,55,53,57,52,56,51,47,12,9,7,11
8,9,13,44,59,91,122,164,148,99,103,100,69,67,66,67,77,74,65,42,12,9,8,8
10,9,11,47,58,102,233,248,207,169,128,92,78,88,73,69,82,65,56,33,12,10,9,7
2,15,8,50,78,158,221,232,238,228,183,139,84,58,53,56,50,37,19,10,10,0,0,0
0,0,8,40,91,123,182,160,190,254,195,177,126,81,53,52,34,40,38,14,14,8,6,1
8,7,13,29,69,105,123,98,84,108,129,126,124,114,68,67,61,58,50,47,20,13,11,12
13,24,47,55,83,104,103,97,76,53,58,73,99,106,98,75,90,69,95,71,58,24,8,6
0,13,32,60,93,126,125,113,95,70,53,6,50,70,84,88,89,95,91,80,78,59,50,17
14,6,36,70,111,133,155,134,100,76,50,19,14,52,50,53,59,74,68,77,62,60,57,47
0,7,53,74,132,165,162,131,105,73,52,52,9,8,44,27,14,32,14,17,14,33,31,31
0,14,58,97,151,167,154,126,110,75,59,6,43,53,15,30,13,10,11,7,8,7,0,7
0,10,55,98,143,143,119,118,107,100,70,67,49,50,32,11,12,6,8,10,6,6,0,7
0,6,80,101,124,131,118,111,108,107,100,21,28,55,5,4,1,12,9,7,11,14,7,0
8,26,62,104,115,122,114,103,104,105,69,39,51,11,0,5,12,1,6,4,7,4,4,2
5,40,75,100,112,109,111,73,82,67,66,52,51,6,3,5,6,0,6,0,1,6,5,6
2,57,100,98,95,130,94,74,55,52,51,51,41,11,11,8,7,3,2,4,2,3,5,7
12,41,67,84,117,179,126,76,51,42,40,31,18,35,32,16,22,23,30,24,17,14,15,9
12,55,86,136,176,188,173,134,86,11,12,55,47,11,13,25,11,10,8,9,4,6,4,2
13,62,101,144,172,214,223,181,156,123,59,28,66,24,11,11,12,13,9,7,8,11,4,2
28,67,97,148,204,248,249,207,150,136,90,52,42,60,50,14,13,13,9,9,8,0,0,0
29,57,86,148,228,240,198,244,155,125,100,44,39,37,35,25,24,18,9,10,9,7,0,0
10,24,69,127,159,167,196,194,158,145,135,48,36,42,36,33,18,13,12,15,10,9,5,0
3,13,62,118,141,162,179,172,219,157,139,102,83,64,44,7,7,6,4,2,0,2,0,3
13,14,21,69,124,146,152,170,158,140,116,100,12,55,19,8,0,0,4,10,3,5,4,0
4,12,12,51,108,122,142,154,144,148,123,103,33,13,10,10,9,6,4,0,0,0,9,8
7,7,4,29,78,103,119,139,144,141,115,87,48,36,31,11,8,3,1,10,1,0,0,0
8,11,4,14,51,102,114,135,138,137,112,68,55,12,12,10,13,11,0,9,3,7,12,4
7,14,3,11,35,68,108,118,121,120,108,65,33,13,7,0,0,0,0,0,5,6,8,0
0,5,4,5,11,39,70,100,82,76,87,60,21,14,9,3,0,0,4,8,0,4,2,0
3,0,9,9,14,14,56,86,108,123,170,62,43,32,17,12,5,7,19,9,13,7,6,8
1,9,6,12,26,34,70,107,108,119,92,50,19,8,7,0,0,4,10,10,0,9,3,0
4,5,9,12,14,33,100,129,122,86,65,26,12,2,6,0,0,5,6,3,0,0,0,7
4,10,11,14,46,55,89,136,135,80,51,7,9,13,9,0,0,2,5,0,0,0,0,3
5,11,5,12,26,54,87,127,137,73,11,14,5,7,11,0,0,0,5,5,0,0,0,0
3,11,7,11,11,55,67,101,98,59,10,9,7,0,0,0,0,0,0,0,0,0,0,3
10,0,6,9,12,35,64,94,70,34,6,12,12,3,0,0,3,0,4,0,0,0,0,0
2,1,0,12,14,36,58,83,64,24,0,12,10,11,0,2,8,0,0,2,0,0,0,0
5,0,7,9,12,23,56,82,60,12,8,12,13,9,12,8,3,0,0,0,0,0,0,0
5,0,0,9,13,15,47,77,63,10,11,8,11,13,4,0,0,0,0,6,0,0,0,0
0,7,2,8,6,11,43,52,52,6,4,10,14,10,10,12,4,0,0,0,4,3,5,2
7,5,0,3,8,9,34,52,32,7,0,13,10,0,0,5,5,4,7,8,0,2,7,6
0,8,11,11,2,5,10,50,52,14,7,15,13,9,0,0,0,0,8,8,3,0,7,1
6,9,4,10,6,3,11,13,19,13,14,13,13,2,0,0,6,2,0,7,5,0,0,1

11,14,13,12,13,20,38,40,52,43,47,47,50,13,14,17,14,13,14,12,6,8,7,7
14,40,40,54,58,90,104,73,64,69,55,58,61,55,53,57,52,56,51,47,12,9,7,11
8,9,13,44,59,91,122,164,147,99,103,100,69,68,66,67,77,74,65,42,12,9,8,8
10,9,11,48,58,102,232,247,207,168,128,91,78,89,73,69,84,65,56,33,12,10,9,7
2,15,8,50,78,158,221,232,238,228,183,139,84,58,53,56,50,37,19,10,10,0,0,0
0,0,8,40,91,124,182,160,190,253,196,176,126,81,53,52,34,40,38,14,14,8,6,1
8,7,13,29,69,106,123,98,84,108,130,127,124,114,68,67,61,58,50,47,20,13,11,12
13,24,48,55,83,105,103,97,76,53,58,73,100,106,98,75,90,69,95,71,58,24,8,7
0,13,32,60,93,127,126,113,95,70,54,6,50,70,85,88,89,95,91,80,78,59,50,17
14,6,37,70,112,134,156,135,101,76,50,20,14,52,50,53,59,74,68,78,62,60,57,49
0,7,53,74,133,167,163,132,105,73,52,52,9,8,43,28,14,33,14,16,14,34,32,30
0,14,58,98,152,169,155,126,110,75,58,6,43,53,16,30,13,10,11,6,8,7,0,8
0,10,55,98,143,144,119,118,107,100,70,66,50,48,30,11,12,6,8,10,5,6,0,7
0,6,80,101,124,131,117,111,108,106,100,21,27,56,5,3,1,12,9,6,11,13,7,0
8,27,62,104,115,122,113,102,104,104,68,35,51,11,0,5,12,1,6,3,7,4,4,1
5,40,75,100,112,109,111,73,81,67,66,52,51,6,3,5,6,0,6,0,1,6,5,6
1,57,100,98,95,131,94,73,55,52,51,51,41,11,11,8,7,3,2,4,2,3,5,7
12,41,67,84,117,181,127,77,51,42,40,31,18,35,32,16,22,23,30,23,16,14,15,9
12,55,86,136,177,189,174,135,87,11,12,55,47,11,13,25,11,10,8,9,4,6,4,2
13,62,101,144,173,214,223,181,156,124,59,33,66,24,11,11,12,13,9,7,8,10,4,2
28,67,97,148,205,248,248,207,150,136,91,54,45,61,50,14,13,13,10,9,8,0,0,0
29,57,86,148,228,240,197,244,154,125,100,44,39,37,35,25,24,18,9,10,9,7,0,0
10,24,70,127,160,168,196,195,158,144,135,48,36,42,36,33,17,13,12,15,10,9,5,0
3,13,62,118,141,162,179,172,219,156,139,102,83,65,44,7,7,6,3,2,0,2,0,3
13,14,21,69,124,146,152,170,158,140,116,100,12,57,16,8,0,0,4,10,3,5,4,0
4,12,12,52,108,122,142,154,145,148,122,103,33,13,10,10,9,6,4,0,0,0,9,8
7,7,4,29,78,103,119,139,144,141,115,88,47,36,31,11,8,3,1,10,1,0,0,0
8,11,4,14,51,102,114,136,138,137,112,69,57,12,12,10,13,11,0,9,3,7,12,4
7,14,3,11,35,68,108,119,121,120,108,64,33,14,7,0,0,0,0,0,5,6,8,0
0,5,4,5,11,39,70,101,82,76,87,61,21,14,10,3,0,0,5,8,0,4,2,0
3,0,9,9,14,14,56,86,109,124,170,62,43,33,17,12,5,7,19,9,13,7,6,7
1,9,6,12,26,33,70,107,108,120,92,50,19,8,8,0,0,4,10,10,0,9,4,0
4,5,9,12,14,33,100,129,122,86,65,26,12,1,6,0,0,5,6,3,0,0,0,7
4,11,11,14,45,55,88,136,135,80,52,7,9,13,9,0,0,2,5,0,0,0,0,3
5,11,5,12,25,54,87,127,136,73,11,14,5,7,11,0,0,0,5,5,0,0,0,0
3,11,7,10,11,55,66,100,98,59,10,9,7,0,0,0,0,0,0,0,0,0,0,3
10,0,6,9,12,35,64,94,69,36,6,12,12,3,0,0,3,0,4,0,0,0,0,0
2,1,0,12,14,36,58,83,64,25,0,12,11,11,0,2,8,0,0,3,0,0,0,0
5,0,7,9,12,22,56,81,60,12,8,13,13,9,12,8,3,0,0,0,0,0,0,0
5,0,0,9,13,14,46,76,63,10,11,8,11,13,4,0,0,0,0,6,0,0,0,0
0,7,2,8,6,11,43,52,52,6,4,10,14,10,10,12,4,0,0,0,4,3,5,2
7,5,0,3,8,9,29,51,32,7,0,13,10,0,0,5,5,4,7,8,0,2,7,6
0,8,11,11,2,5,10,50,51,14,7,16,13,9,0,0,0,0,7,8,3,0,7,1
6,9,4,10,6,3,11,12,18,13,14,13,13,2,0,0,6,2,0,7,5,0,0,1

11,14,13,12,13,22,37,42,52,43,48,47,50,14,14,17,14,13,14,12,6,8,7,7
14,42,42,54,59,90,104,73,64,69,55,59,61,55,53,57,52,56,51,47,12,9,6,11
8,9,13,43,59,90,122,163,147,99,103,100,69,67,66,67,76,74,65,42,12,9,8,8
10,9,11,48,58,102,231,247,206,168,128,91,78,88,73,69,83,65,56,33,12,10,9,7
2,15,8,50,79,158,221,232,238,228,182,139,83,59,53,56,50,37,19,10,10,0,0,0
0,0,8,40,92,124,183,160,189,253,195,176,126,81,53,53,34,40,38,14,14,8,5,1
8,7,13,30,69,106,123,99,84,108,130,127,124,114,68,67,61,59,50,47,18,13,11,12
13,25,49,55,84,105,104,98,76,53,58,74,99,106,98,75,90,70,95,71,58,24,8,7
0,13,34,60,93,127,126,113,95,70,54,6,50,70,85,88,89,95,91,81,78,59,50,17
14,6,38,70,112,135,157,135,100,77,51,19,14,52,50,53,59,74,68,77,62,60,57,48
0,7,54,75,134,168,165,132,105,73,52,52,9,8,44,26,14,32,14,17,14,34,31,30
0,14,58,98,153,169,156,127,110,76,59,7,43,53,17,30,13,10,11,7,8,7,0,8
0,10,55,98,144,145,119,118,107,100,72,66,50,48,30,11,12,6,8,10,5,6,0,7
0,6,80,101,124,131,117,111,107,106,100,20,28,56,5,3,1,12,8,6,11,13,7,0
8,26,62,103,115,122,113,102,104,104,67,37,51,11,0,5,12,0,6,3,6,4,4,1
4,38,75,100,111,109,111,72,81,66,65,52,51,6,2,4,6,0,6,0,1,6,5,6
1,57,100,98,95,131,95,74,55,52,51,51,41,10,11,8,7,3,2,3,2,3,5,6
12,40,67,84,117,182,129,78,51,43,40,31,18,35,32,16,22,23,30,24,16,14,15,9
12,55,86,136,177,189,175,136,88,11,13,55,47,11,13,25,11,10,8,9,4,6,4,2
13,62,100,144,173,215,225,181,156,124,58,32,68,23,11,10,12,13,9,7,8,11,4,2
27,67,96,148,205,248,249,208,150,137,90,55,46,61,50,14,13,13,9,9,7,0,0,0
29,56,86,148,228,240,198,245,154,125,101,44,39,37,35,25,23,18,8,10,9,7,0,0
10,24,69,127,159,167,196,195,158,144,135,48,36,42,36,33,17,13,12,15,10,9,5,0
3,13,62,118,141,162,179,172,220,156,139,102,83,64,45,7,7,6,3,2,0,2,0,3
13,14,21,69,124,146,153,170,159,140,116,100,12,54,17,8,0,0,4,10,3,5,4,0
4,12,12,51,108,122,142,154,145,148,123,103,33,13,10,9,9,6,4,0,0,0,9,8
7,7,4,29,78,103,119,140,144,141,115,88,47,36,32,11,8,3,1,10,1,0,0,0
8,11,4,14,51,102,114,136,138,138,112,68,57,12,12,10,13,11,0,9,3,7,12,4
7,14,3,11,35,68,108,119,122,120,108,65,33,14,7,0,0,0,0,0,5,6,8,0
0,5,4,5,12,40,70,100,82,76,87,61,22,14,10,3,0,0,5,8,0,4,2,0
3,0,9,9,14,14,56,86,109,125,171,62,43,33,16,12,5,7,20,9,13,7,6,7
1,9,6,12,26,33,69,107,108,120,93,50,19,8,8,0,0,4,10,10,0,9,4,0
4,5,9,12,14,33,100,129,123,86,65,27,12,1,6,0,0,5,6,3,0,0,0,7
4,11,11,14,45,55,88,136,135,80,52,7,9,13,9,0,0,1,5,0,0,0,0,3
5,11,5,12,25,54,87,127,137,73,11,14,5,7,11,0,0,0,5,5,0,0,0,0
3,11,7,10,11,54,66,100,98,59,10,9,7,0,0,0,0,0,0,0,0,0,0,3
10,0,6,9,12,34,64,93,69,35,6,12,12,3,0,0,3,0,4,0,0,0,0,0
2,1,0,12,14,37,58,83,64,25,0,12,11,11,1,2,8,0,0,3,0,0,0,0
5,0,7,9,11,22,56,81,60,12,8,12,13,9,12,8,3,0,0,0,0,0,0,0
5,0,0,9,13,14,46,76,63,11,11,8,11,13,4,0,0,0,0,6,0,0,0,0
0,7,2,8,6,11,42,52,52,5,4,10,14,10,10,12,4,0,0,0,4,3,5,2
7,5,0,3,8,9,30,51,32,7,0,13,10,0,0,5,5,4,7,8,0,2,7,6
0,8,11,11,2,5,10,50,51,14,8,14,13,9,0,0,0,0,8,8,3,0,7,1
6,9,4,10,6,3,11,12,16,13,14,13,13,2,0,0,6,2,0,7,5,0,0,1

11,14,13,12,13,20,39,40,52,43,47,48,50,13,14,17,14,13,13,12,6,8,7,7
14,43,42,54,58,90,104,73,64,69,55,59,61,55,53,57,52,56,51,47,12,9,6,11
8,9,14,43,59,90,122,164,147,99,103,100,69,67,66,67,77,74,65,40,12,9,8,8
10,9,11,48,58,102,231,247,206,168,128,91,78,89,73,69,82,65,56,33,12,10,9,7
2,16,8,50,79,159,222,233,238,228,183,139,83,59,53,56,50,37,18,10,10,0,0,0
0,0,8,41,92,124,183,160,189,253,195,176,126,81,54,52,34,40,39,14,14,7,6,1
8,7,13,31,70,106,124,99,84,108,129,127,124,114,68,67,61,58,50,47,19,13,11,12
13,25,50,56,84,105,104,98,76,53,58,73,100,106,98,75,90,70,95,71,58,24,8,7
0,13,34,61,93,128,126,113,95,70,54,6,50,70,85,88,89,95,91,81,78,59,50,16
14,6,38,71,113,136,158,135,101,76,51,20,14,52,50,53,59,74,68,78,62,60,57,47
0,7,54,75,135,169,165,132,105,73,53,53,9,8,44,27,14,33,14,17,14,34,31,30
0,14,58,99,154,170,156,126,110,75,59,7,43,53,17,31,13,10,11,7,8,7,0,8
0,10,56,99,144,145,119,118,106,100,70,65,50,47,30,11,12,6,8,10,5,6,0,7
0,6,80,101,125,132,118,110,107,106,100,20,25,56,5,3,1,12,8,6,11,13,7,0
8,25,62,103,115,122,113,102,104,104,67,35,51,10,0,4,12,0,6,3,6,4,4,1
4,38,75,100,111,109,111,72,80,66,65,52,51,6,2,4,6,0,6,0,1,6,5,6
1,56,100,98,95,131,95,73,55,51,51,51,41,10,10,8,6,3,1,3,2,3,5,6
12,40,67,84,118,183,131,78,51,43,40,31,19,36,32,16,22,22,30,24,17,14,15,9
12,55,86,136,177,190,176,137,88,11,13,55,47,11,13,25,11,10,8,9,4,6,4,2
13,62,100,144,173,215,225,181,157,124,59,33,68,24,11,11,12,13,9,7,8,11,4,2
27,67,96,148,205,249,249,208,150,137,91,57,47,62,50,14,13,13,9,9,7,0,0,0
29,56,86,148,228,240,198,245,154,126,101,44,39,37,35,25,23,18,9,10,9,7,0,0
10,23,69,127,160,168,197,195,158,145,135,48,36,42,36,33,17,13,12,15,10,9,5,0
3,13,62,118,141,162,180,173,220,157,140,102,83,64,43,7,7,6,3,2,0,2,0,3
13,14,21,69,124,146,153,170,159,140,116,100,12,55,16,8,0,0,4,10,3,5,4,0
4,12,12,51,108,122,142,154,145,148,123,103,33,13,10,10,9,6,4,0,0,0,9,8
7,7,4,30,79,103,120,140,144,142,115,88,50,37,31,11,8,3,1,10,0,0,0,0
8,11,4,14,51,102,114,136,139,138,112,69,57,12,12,10,13,11,0,9,3,7,12,4
7,14,3,11,36,68,108,119,122,121,108,65,34,14,7,0,0,0,0,0,5,6,8,0
0,5,4,5,12,40,70,100,83,76,88,61,22,14,10,3,0,0,5,7,0,4,2,0
3,0,9,9,14,14,56,86,109,125,172,62,43,33,16,12,5,7,19,9,13,7,6,7
1,9,6,12,26,34,70,107,109,120,93,50,21,8,8,0,0,4,10,10,0,9,4,0
4,5,9,12,14,33,100,129,123,86,65,29,12,1,6,0,0,5,5,3,0,0,0,7
4,11,11,14,46,55,88,136,135,80,52,7,9,13,10,0,0,1,5,0,0,0,0,3
5,11,5,12,25,54,86,127,136,73,11,14,5,7,11,0,0,0,5,5,0,0,0,0
3,11,7,10,11,54,66,100,98,59,10,10,7,0,0,0,0,0,0,0,0,0,0,3
10,0,6,9,12,33,64,93,69,36,6,12,12,3,0,0,3,0,4,0,0,0,0,0
2,1,0,12,14,36,58,83,64,26,0,12,11,11,1,2,8,0,0,3,0,0,0,0
5,0,7,9,11,22,56,81,60,12,8,12,13,9,12,8,3,0,0,0,0,0,0,0
5,0,0,9,13,14,46,76,63,11,11,8,11,13,4,0,0,0,0,6,0,0,0,0
0,7,2,8,7,11,41,52,52,5,5,10,14,10,10,12,4,0,0,0,4,3,5,2
7,5,0,3,8,9,30,51,32,7,0,13,10,0,0,5,5,4,7,8,0,2,7,6
0,8,11,11,2,5,10,50,51,15,8,17,13,9,0,0,0,0,8,8,3,0,7,1
6,9,4,10,6,3,11,13,18,13,14,13,13,2,0,0,6,2,0,7,5,0,0,1

11,14,13,12,13,20,36,40,52,43,46,48,50,13,14,17,14,13,13,12,6,8,7,7
14,42,40,54,58,90,104,73,64,69,55,59,61,55,53,57,52,56,51,46,12,9,6,11
8,9,14,43,59,91,122,164,148,99,103,100,69,67,66,67,77,74,65,39,12,9,8,8
10,9,11,50,58,102,232,248,207,168,128,91,78,88,73,69,83,65,56,33,12,10,9,6
2,16,8,50,80,160,223,234,239,228,183,139,84,59,53,56,50,37,18,10,10,0,0,0
0,0,9,41,92,125,184,160,190,253,195,177,126,81,53,52,34,40,39,14,14,7,5,1
9,8,13,31,70,106,124,99,84,108,129,127,124,114,68,67,61,59,50,47,19,13,11,12
13,25,50,56,84,105,104,97,76,53,58,73,99,106,98,75,91,70,95,71,58,26,8,6
0,13,35,61,94,128,126,113,95,69,54,6,50,70,85,88,89,95,91,81,78,59,50,17
14,6,41,71,114,136,158,135,101,77,51,20,14,52,50,53,59,74,68,78,62,60,57,47
0,7,54,75,136,169,166,132,105,73,54,52,9,8,44,26,14,33,14,16,14,34,32,31
0,14,58,99,154,171,156,127,110,75,59,7,44,53,17,30,13,10,11,6,8,7,0,8
0,10,56,99,145,145,119,118,106,100,70,65,49,48,30,11,12,5,8,10,5,6,0,8
0,6,80,101,125,132,117,110,107,105,100,18,25,54,4,3,1,12,8,6,11,13,6,0
8,25,62,103,115,122,112,102,103,103,65,31,51,10,0,4,12,0,6,3,6,4,4,1
4,38,75,100,111,109,111,72,80,66,65,52,51,5,2,4,5,0,6,0,1,6,5,6
1,57,100,98,96,131,95,74,55,52,51,51,39,10,11,8,6,3,1,3,2,3,5,6
12,40,67,84,117,183,131,79,51,43,40,31,18,35,32,16,22,22,30,23,17,14,15,9
12,55,86,136,176,190,175,136,88,11,13,55,47,11,13,25,11,10,8,9,4,6,4,2
13,62,100,144,173,215,224,180,156,124,59,33,68,22,11,11,12,13,9,7,8,10,4,2
27,67,97,148,206,248,249,208,150,137,91,59,48,61,50,14,13,13,10,9,7,0,0,0
29,56,86,149,229,241,198,245,154,126,101,45,39,37,35,25,23,18,8,10,9,7,0,0
10,24,69,127,160,168,196,195,158,144,135,48,37,42,36,32,17,13,12,15,10,9,5,0
3,13,62,118,141,163,180,173,220,156,139,102,84,64,44,7,7,6,3,2,0,2,0,3
13,14,21,69,124,146,153,170,158,140,116,100,12,57,16,8,0,0,4,10,3,5,4,0
4,12,12,51,108,122,142,155,145,148,123,103,33,13,10,9,9,6,4,0,0,0,9,8
7,7,4,30,78,103,119,140,144,141,115,88,50,37,31,11,8,3,1,10,0,0,0,0
8,11,4,14,51,102,114,136,139,138,112,69,57,12,13,10,13,11,0,9,3,7,12,4
7,14,3,11,35,68,108,119,122,121,108,65,34,14,7,0,0,0,0,0,5,6,8,0
0,5,4,5,12,40,70,101,83,77,88,61,22,14,10,3,0,0,5,7,0,4,2,0
3,0,9,9,14,14,56,86,109,126,172,62,43,33,17,12,5,7,20,9,13,7,6,7
1,9,6,12,26,34,70,107,109,120,93,50,21,8,8,0,0,3,9,10,0,9,3,0
4,5,9,12,14,33,100,129,123,86,65,28,12,1,6,0,0,5,5,3,0,0,0,7
4,10,11,14,45,54,88,136,136,80,52,7,9,13,9,0,0,1,5,0,0,0,0,3
5,11,5,12,25,54,86,127,137,73,11,14,5,7,11,0,0,0,5,5,0,0,0,0
3,11,7,10,11,54,66,100,98,59,10,10,7,0,0,0,0,0,0,0,0,0,0,3
10,0,6,9,12,34,64,93,69,36,6,12,12,3,0,0,3,0,4,0,0,0,0,0
2,1,0,12,14,36,57,82,64,25,0,12,11,12,1,2,8,0,0,3,0,0,0,0
5,0,7,9,12,22,56,80,60,12,8,12,13,9,12,8,3,0,0,0,0,0,0,0
5,0,0,9,13,14,46,75,63,11,11,8,11,13,4,0,0,0,0,6,0,0,0,0
0,7,2,8,6,11,43,52,52,6,5,10,14,10,10,12,4,0,0,0,4,3,5,2
7,5,0,3,8,9,28,51,32,7,0,13,10,0,0,5,5,4,7,8,0,1,7,6
0,8,11,11,2,5,10,47,52,15,7,17,13,9,0,0,0,0,7,8,3,0,7,1
6,9,4,10,6,3,11,12,17,13,14,13,13,2,0,0,6,2,0,7,5,0,0,1

11,14,13,12,13,21,37,42,52,43,48,47,50,13,14,18,14,13,13,12,6,8,7,8
14,42,42,54,58,90,104,73,64,69,55,58,61,55,52,57,52,56,51,44,12,9,6,10
8,9,13,44,59,91,122,164,147,99,103,100,69,67,66,67,76,74,65,40,12,9,8,8
10,9,11,48,58,102,233,248,207,169,128,91,78,88,73,69,83,64,56,33,12,10,9,6
2,16,8,50,80,160,223,234,238,228,183,139,83,59,53,56,50,39,17,10,10,0,0,0
0,0,9,41,93,125,184,160,189,252,195,176,126,81,54,53,34,40,38,14,14,7,5,1
9,7,13,32,70,107,124,99,84,108,129,127,124,114,68,67,61,59,50,47,18,13,11,12
13,25,50,56,84,105,104,98,76,53,58,74,99,106,98,75,90,70,95,71,58,24,8,6
0,13,37,61,94,128,127,114,95,70,54,6,50,70,85,87,89,95,91,81,79,59,50,18
14,6,41,71,114,137,158,136,100,76,51,20,14,52,50,53,59,74,68,77,62,59,57,47
0,7,54,75,137,170,166,133,105,73,54,52,9,9,44,27,14,33,14,17,14,33,31,30
0,15,58,100,155,171,156,127,110,75,59,7,44,53,16,31,13,10,11,6,8,7,0,7
0,10,56,100,146,146,119,118,106,100,70,66,50,47,28,10,12,5,8,10,5,6,0,8
0,6,81,101,125,132,118,110,107,106,100,18,25,54,4,2,1,12,8,6,11,13,6,0
8,25,62,103,115,122,113,102,103,104,66,33,50,10,0,4,12,0,6,2,6,4,4,1
4,38,75,100,111,110,111,72,80,66,64,51,51,5,2,4,5,0,6,0,1,6,5,6
1,57,100,98,95,132,95,73,55,51,51,51,40,10,10,8,6,3,1,3,1,3,5,6
12,40,67,84,117,182,130,79,51,43,40,31,18,35,32,16,22,22,30,23,16,14,15,9
12,55,86,136,176,189,174,136,88,11,13,55,48,11,13,25,11,10,8,9,4,6,4,2
13,62,100,143,172,214,223,180,156,124,60,33,69,24,11,10,12,13,9,7,8,10,4,2
27,67,96,148,205,247,249,208,150,137,91,61,48,61,50,14,13,13,9,9,7,0,0,0
29,56,86,149,228,239,197,245,154,125,101,44,39,37,35,24,23,18,8,10,9,7,0,0
10,24,69,127,159,168,196,195,158,144,135,48,36,42,36,33,17,13,12,15,10,9,5,0
3,13,62,118,141,162,180,173,220,156,140,102,83,63,43,7,7,6,3,2,0,2,0,3
13,14,21,70,124,146,154,171,159,140,116,101,12,57,16,8,0,0,4,10,3,5,4,0
4,12,12,51,108,122,143,155,145,148,123,103,33,13,10,9,9,6,4,0,0,0,9,8
7,7,4,29,78,103,120,140,145,142,115,88,48,37,31,11,8,3,1,10,0,0,0,0
8,11,4,14,51,102,114,137,139,138,113,69,57,12,12,10,13,11,0,9,3,7,12,4
7,14,3,12,35,68,108,119,122,121,109,65,35,14,7,0,0,0,0,0,5,6,8,0
0,5,4,5,12,40,70,101,84,77,88,61,22,14,10,3,0,0,5,7,0,4,2,0
3,0,9,9,14,14,57,86,110,128,173,62,43,33,16,11,5,7,19,9,13,7,6,7
1,9,6,12,26,34,70,107,109,121,93,50,20,9,8,0,0,3,9,10,0,8,3,0
4,5,9,12,14,33,100,130,124,87,65,30,13,1,6,0,0,5,5,3,0,0,0,7
4,11,11,14,45,54,88,137,136,80,52,7,9,13,9,0,0,1,5,0,0,0,0,3
5,11,5,12,26,54,87,127,138,74,11,14,5,7,11,0,0,0,5,5,0,0,0,0
3,11,7,10,11,54,66,100,98,60,10,10,7,0,0,0,0,0,0,0,0,0,0,3
10,0,6,9,12,33,64,93,70,37,6,12,12,3,0,0,3,0,4,0,0,0,0,0
2,1,0,12,14,36,57,82,64,27,0,12,11,12,1,2,8,0,0,3,0,0,0,0
5,0,7,9,12,22,56,81,60,12,8,12,13,9,12,8,3,0,0,0,0,0,0,0
5,0,0,9,13,14,46,76,63,11,11,8,11,13,4,0,0,0,0,6,0,0,0,0
0,7,2,8,7,11,43,52,52,6,5,11,14,10,10,12,4,0,0,0,4,3,5,2
7,5,0,3,8,9,29,51,33,7,0,13,10,0,0,5,5,4,7,8,0,1,7,6
0,8,11,11,2,5,10,50,52,15,8,15,13,9,0,0,0,0,7,8,3,0,7,1
6,9,4,10,6,3,11,12,20,13,14,13,13,2,0,0,6,2,0,7,5,0,0,1

11,14,13,12,14,22,37,40,52,43,47,48,50,14,14,17,14,13,14,12,6,8,7,7
14,42,40,54,59,91,104,73,64,69,55,59,61,55,53,57,52,56,51,46,12,9,6,11
8,9,14,46,59,91,122,165,149,100,103,100,69,68,66,67,76,74,65,42,12,9,8,8
10,9,11,50,58,103,235,250,209,170,128,92,78,88,73,69,83,65,56,33,12,10,9,6
2,16,9,50,81,162,224,235,239,229,184,139,84,59,53,56,50,37,17,10,9,0,0,0
0,0,9,42,94,126,185,161,189,253,195,177,127,81,53,52,35,39,38,14,14,7,5,1
9,8,13,34,71,107,125,99,84,108,129,127,124,114,68,67,61,59,50,47,17,13,11,12
14,26,50,57,85,106,104,98,76,53,58,74,99,106,99,75,91,70,95,71,58,23,8,7
0,14,40,62,96,130,128,113,95,69,53,7,50,70,85,88,89,95,91,81,78,59,50,15
13,7,46,73,117,140,161,135,99,76,50,22,14,52,50,53,59,74,68,78,62,60,56,46
0,8,55,78,141,173,167,130,103,72,54,53,9,9,44,27,14,32,14,17,14,34,31,30
0,18,60,102,159,173,156,125,109,73,59,7,43,53,17,28,12,10,11,6,8,7,0,8
0,11,57,101,148,147,119,117,106,95,71,65,49,47,24,10,11,6,8,10,5,6,0,7
0,6,81,102,126,132,117,110,106,105,95,15,25,53,3,3,1,12,8,6,11,13,6,0
8,27,63,104,116,122,113,102,103,103,64,32,50,10,0,5,12,0,5,2,6,4,4,1
5,38,75,100,112,110,111,72,79,65,64,51,51,5,2,4,5,0,6,0,1,6,5,6
1,57,100,98,95,131,95,74,55,51,51,50,39,10,10,8,6,3,1,3,1,3,5,6
12,40,67,84,115,178,127,78,51,42,40,31,19,35,32,16,22,22,30,23,16,14,15,9
12,55,86,135,174,186,171,134,87,11,13,55,46,11,13,25,11,10,8,8,4,6,4,2
13,62,100,143,171,211,222,180,157,124,60,35,68,21,11,11,12,13,9,7,8,10,4,2
27,67,96,147,202,245,249,208,150,137,91,61,50,60,50,14,13,13,9,9,7,0,0,0
29,56,86,147,224,236,197,245,154,125,101,44,39,37,35,24,23,18,8,10,9,7,0,0
10,24,69,127,158,165,195,195,158,145,136,48,37,42,36,32,17,13,12,15,10,9,5,0
3,13,62,118,140,161,178,171,219,156,139,102,84,64,43,6,7,6,3,2,0,2,0,3
13,14,21,69,124,145,152,169,158,140,116,100,12,55,15,8,0,0,3,10,3,5,4,0
4,12,12,51,108,122,142,153,144,148,123,103,33,13,10,9,9,6,4,0,0,0,9,8
7,7,4,28,79,103,119,139,144,141,115,88,48,36,29,11,8,3,1,10,0,0,0,0
8,10,5,14,52,102,114,136,138,138,112,69,56,12,12,10,13,11,0,9,3,7,12,4
7,14,4,11,35,68,108,119,122,121,109,65,34,14,7,0,0,0,0,0,5,6,8,0
0,5,4,5,12,40,70,101,84,78,89,61,21,14,10,3,0,0,5,7,0,4,2,0
3,0,9,9,14,14,57,87,110,128,174,63,43,32,15,11,5,7,19,9,13,7,6,7
1,9,6,12,26,34,71,108,110,121,93,50,20,9,7,0,0,3,9,10,0,8,4,0
4,5,9,12,14,34,101,131,125,86,65,28,12,1,6,0,0,5,5,3,0,0,0,8
4,11,12,14,46,55,89,139,137,81,52,7,9,13,9,0,0,1,5,0,0,0,0,3
5,11,5,12,26,54,88,129,139,74,11,14,5,7,11,0,0,0,5,4,0,0,0,0
3,11,8,11,11,55,67,101,99,60,10,10,7,0,0,0,0,0,0,0,0,0,0,3
10,0,6,9,12,36,64,94,70,36,6,12,12,3,0,0,3,0,4,0,0,0,0,0
2,1,0,12,14,37,58,84,64,26,0,12,11,11,1,2,8,0,0,3,0,0,0,0
5,0,7,9,12,22,56,82,60,12,8,12,13,9,12,8,3,0,0,0,0,0,0,0
5,0,0,10,13,17,47,77,63,11,11,8,11,13,4,0,0,0,0,6,0,0,0,0
0,7,2,8,7,11,44,53,52,6,5,10,14,10,10,12,3,0,0,0,4,3,5,2
7,5,0,4,8,9,38,52,33,7,0,13,10,0,0,5,5,4,7,8,0,2,7,6
0,8,11,11,3,6,10,51,53,15,8,15,13,9,0,0,0,0,7,8,3,0,7,1
6,9,4,11,6,3,11,13,26,13,14,13,13,2,0,0,6,2,0,7,5,0,0,1
