8,8,8,6,12,14,13,14,17,14,14,50,48,46,43,53,40,39,21,13,12,13,14,11
11,7,9,13,46,51,56,52,57,52,55,61,59,55,68,64,73,104,90,58,54,42,40,14
9,9,10,12,43,65,75,77,67,66,67,69,100,102,98,146,163,122,91,59,42,13,9,7
7,10,11,13,35,55,65,80,69,73,89,78,91,127,167,206,251,235,102,58,46,11,9,10
0,0,3,11,10,19,35,50,56,52,58,84,139,181,226,236,230,219,156,77,49,7,14,0
2,7,8,16,14,38,39,30,52,53,81,127,175,193,249,186,156,178,121,91,40,6,0,0
12,12,14,24,47,50,58,61,67,67,114,124,126,128,107,83,96,121,104,67,27,12,7,7
7,8,24,58,70,96,68,87,74,97,105,98,73,58,52,75,97,103,104,82,54,44,22,11
16,50,59,77,79,90,93,90,88,84,69,50,6,53,68,93,112,125,127,94,60,28,14,0
48,57,60,62,77,68,73,59,53,47,52,13,18,45,73,98,132,153,134,113,71,35,6,14
31,31,32,13,15,14,29,13,29,41,8,8,51,50,70,103,127,159,164,134,76,53,6,0
8,0,7,9,7,11,10,13,25,14,53,39,3,57,73,108,123,147,163,150,99,58,13,0
7,0,8,7,11,9,8,13,12,37,51,46,65,54,95,105,116,115,141,141,97,56,9,0
0,8,14,12,9,10,12,3,7,9,58,31,14,98,104,106,110,116,130,123,101,80,5,0
3,5,7,9,7,8,2,13,7,0,14,52,41,65,103,103,102,112,121,114,103,62,25,8
7,6,7,3,0,8,0,7,6,4,7,51,52,65,65,79,72,111,109,111,100,76,38,4
7,6,4,4,6,4,4,8,9,12,12,43,50,51,51,54,74,95,131,95,99,100,56,1
10,16,15,18,25,31,25,24,17,34,35,17,31,39,42,50,78,128,180,117,85,67,40,12
2,5,7,5,10,9,11,12,27,13,10,37,54,12,12,88,137,176,188,175,135,86,55,12
3,5,11,9,8,10,13,13,11,11,27,67,14,52,124,160,184,225,212,170,142,99,61,13
0,0,0,8,9,10,13,13,16,50,62,39,60,91,137,153,211,252,247,197,143,94,66,25
0,0,8,9,10,9,19,25,30,35,37,40,43,100,127,157,246,197,237,217,139,83,56,27
1,6,9,11,16,13,14,18,33,34,40,35,47,135,146,159,194,195,164,154,124,68,22,10
4,0,3,2,4,5,7,8,7,45,62,81,102,139,157,217,171,177,159,140,117,60,13,2
0,5,5,3,10,4,0,0,9,17,51,12,100,116,140,157,168,149,144,123,65,19,14,13
8,10,0,0,1,5,6,10,10,10,13,33,103,122,148,144,151,140,121,107,50,11,11,4
0,0,0,3,10,0,3,8,11,33,33,45,85,115,141,143,138,118,103,78,26,4,7,6
5,12,8,5,9,0,10,13,11,13,12,52,68,111,136,136,134,113,102,51,13,4,10,8
0,9,7,5,0,0,0,0,0,8,13,26,63,107,118,119,117,108,65,34,10,3,14,7
0,2,4,0,8,5,0,0,3,9,14,16,59,81,71,78,98,69,38,10,4,3,5,0
8,7,8,13,9,19,8,6,13,18,31,39,59,152,113,106,85,56,14,14,9,9,0,3
0,4,9,0,10,10,4,0,0,9,8,14,45,88,117,107,108,70,33,26,12,3,8,1
7,0,0,0,4,7,5,0,0,6,2,12,21,64,83,119,129,102,34,14,11,9,5,5
3,0,0,0,0,5,1,0,0,9,13,7,5,51,78,133,136,90,56,46,14,11,11,4
0,0,0,0,5,4,0,0,0,10,7,5,14,11,72,135,128,89,55,27,13,6,11,5
3,0,0,0,0,0,0,0,0,0,0,7,9,10,58,97,102,69,56,11,11,8,11,3
0,0,0,0,0,4,0,2,0,0,3,12,11,6,30,70,96,66,40,12,9,6,0,10
0,0,0,0,2,0,0,7,3,0,10,10,12,0,19,64,86,59,39,14,12,0,1,2
0,0,0,0,0,0,0,4,8,12,9,13,12,8,11,60,85,58,24,12,9,7,0,5
0,0,0,0,6,0,0,0,0,4,12,10,8,10,10,63,79,50,19,13,10,0,0,5
2,5,3,4,0,0,0,4,12,10,10,14,9,5,6,52,53,50,11,6,8,2,7,0
6,7,2,0,8,7,4,4,5,0,0,10,11,0,7,31,53,45,10,8,3,0,4,7
1,7,0,3,8,8,0,0,0,0,9,13,14,7,14,51,52,11,6,2,11,11,8,0
1,0,0,6,7,0,3,6,0,0,2,13,13,13,13,23,14,12,3,6,10,4,9,6

8,7,8,6,12,14,13,14,18,14,13,50,48,46,42,53,39,38,22,13,12,13,14,11
11,7,9,13,47,51,56,52,57,52,55,61,58,55,68,64,73,104,90,58,54,40,42,14
9,8,10,12,42,64,74,77,67,66,67,68,98,102,98,146,162,122,91,59,42,13,9,7
7,10,11,13,34,55,65,81,69,73,89,77,91,127,167,206,250,235,102,58,48,11,9,10
0,0,2,11,10,19,36,50,56,53,58,84,139,181,226,235,230,220,157,78,50,7,15,1
2,7,8,16,14,38,39,31,52,53,81,126,175,192,249,187,157,179,122,92,41,7,0,0
12,12,14,24,47,50,58,61,67,67,114,124,126,128,107,83,97,122,105,69,28,12,7,8
7,8,24,58,70,96,69,88,74,97,106,99,73,58,53,75,97,103,105,83,55,46,23,12
16,50,59,77,79,90,94,90,88,84,69,50,6,53,69,94,112,126,128,94,60,31,14,0
49,57,60,62,77,68,73,59,53,48,52,13,19,50,74,98,133,154,135,114,72,38,6,14
30,31,33,13,15,14,30,13,29,42,8,8,51,51,71,103,128,161,166,135,76,54,7,0
8,0,7,8,7,11,10,13,27,14,53,40,4,58,72,108,123,148,165,151,99,58,14,0
7,0,8,6,11,9,8,13,12,35,51,46,65,55,93,105,116,116,142,142,98,56,9,0
0,8,14,12,8,10,12,3,7,9,57,32,14,95,104,106,110,116,130,124,101,80,5,0
3,5,6,8,6,7,2,13,7,0,13,51,37,62,102,102,101,112,121,115,103,62,25,7
6,5,6,3,0,8,0,7,6,4,7,51,52,65,64,78,72,111,109,111,100,76,37,4
7,6,4,3,6,4,4,8,9,12,12,42,49,51,51,54,73,95,131,95,99,100,56,1
10,16,15,18,25,31,25,24,17,33,36,18,31,39,42,50,77,128,180,117,85,67,40,12
2,5,6,5,10,9,11,12,25,13,10,39,54,12,12,86,136,174,188,175,135,86,55,12
3,5,11,9,8,10,13,13,11,11,25,67,15,53,124,159,183,224,212,171,142,99,61,13
0,0,0,8,9,10,13,13,15,50,62,39,59,92,137,152,211,251,246,198,143,94,66,26
0,0,8,9,10,9,19,25,28,35,37,40,42,100,127,157,245,197,237,218,140,83,56,28
0,6,9,11,16,13,13,18,33,34,40,35,47,135,145,159,194,194,164,154,124,68,22,10
4,0,3,2,4,5,7,8,7,45,63,83,102,139,157,218,171,177,160,140,117,60,13,2
0,4,5,3,10,4,0,0,9,17,52,12,100,116,140,157,168,149,144,123,66,19,14,13
8,9,0,0,1,5,6,9,10,10,13,33,103,122,148,144,151,140,121,108,50,11,11,4
0,0,0,2,10,0,3,8,11,32,34,45,85,115,141,143,138,118,103,78,27,4,7,7
5,12,8,4,9,0,11,13,11,13,12,54,67,111,136,136,134,113,102,51,13,4,10,8
0,9,7,5,0,0,0,0,0,8,13,27,63,107,118,119,117,108,66,34,10,3,14,7
0,2,4,0,8,5,0,0,3,9,14,17,59,81,71,78,98,69,38,10,4,4,5,0
7,6,7,13,9,19,8,6,13,18,31,39,59,153,113,106,86,56,14,14,9,9,0,3
0,4,9,0,10,10,4,0,0,9,8,14,47,88,117,107,108,70,33,26,12,4,8,1
7,0,0,0,4,6,5,0,0,6,2,12,22,64,83,120,130,102,34,14,11,9,5,5
3,0,0,0,0,5,1,0,0,9,13,8,6,51,78,133,137,91,56,47,14,11,10,4
0,0,0,0,5,4,0,0,0,10,7,5,14,11,72,135,128,89,55,27,13,6,11,5
3,0,0,0,0,0,0,0,0,0,0,7,9,10,58,97,103,69,56,11,11,8,11,3
0,0,0,0,0,4,0,2,0,0,3,12,11,6,30,70,96,66,41,12,9,6,0,10
0,0,0,0,2,0,0,7,3,0,10,10,12,0,20,64,87,59,39,14,12,0,1,2
0,0,0,0,0,0,0,4,8,12,9,13,12,8,11,60,85,58,24,12,9,7,0,5
0,0,0,0,6,0,0,0,0,4,13,10,8,11,10,63,80,50,20,13,10,0,0,5
2,5,3,4,0,0,0,4,12,10,10,14,9,5,5,52,53,50,11,6,8,2,6,0
6,7,2,0,8,7,4,4,5,0,0,10,11,0,7,32,53,45,10,8,3,0,4,7
1,7,0,3,8,8,0,0,0,0,9,13,14,7,14,51,52,11,6,3,11,11,8,0
1,0,0,6,7,0,3,6,0,0,2,13,13,13,13,24,15,12,3,6,10,4,9,6

8,7,8,6,12,14,13,14,18,14,13,50,48,46,43,52,40,39,20,13,12,13,14,11
11,7,9,13,47,51,56,52,57,52,55,61,58,55,68,64,73,104,90,58,54,40,40,14
8,8,10,12,42,64,74,76,67,66,67,69,98,103,98,146,162,121,91,59,42,13,9,7
7,10,11,13,35,56,65,82,69,73,89,78,91,127,167,205,248,233,102,58,47,11,9,10
0,0,2,10,10,18,36,50,56,52,58,84,139,181,226,235,230,220,157,78,50,7,15,1
2,6,8,15,14,38,39,32,52,54,81,126,175,193,249,186,157,180,123,92,40,7,0,0
12,12,14,23,47,50,58,61,67,68,114,124,126,128,107,83,97,122,105,69,29,12,7,8
7,8,25,58,71,95,69,88,74,97,106,99,73,58,53,76,97,104,105,83,55,47,23,13
16,50,59,78,80,90,94,90,88,85,70,50,6,53,69,94,113,126,128,94,60,32,14,0
48,57,60,62,77,68,74,59,53,49,52,14,20,50,75,99,134,156,136,115,72,38,6,14
30,31,33,13,16,14,31,14,28,41,8,8,52,52,71,103,129,163,167,136,76,54,7,0
8,0,7,8,7,11,10,13,28,14,53,40,4,57,73,108,124,151,167,152,100,58,14,0
7,0,7,6,10,9,7,13,12,35,50,48,64,58,94,105,117,117,143,143,99,56,10,0
0,8,14,12,8,10,12,2,6,8,57,31,14,93,104,106,110,116,130,124,101,81,5,0
3,5,6,8,6,7,2,12,6,0,13,51,37,62,102,102,101,112,121,115,103,62,25,7
6,5,6,3,0,8,0,7,6,3,7,51,52,64,63,78,71,111,109,111,100,76,37,4
7,6,4,3,5,4,4,7,9,11,11,41,50,51,51,54,73,95,132,96,99,100,57,1
9,16,14,18,25,31,24,23,17,33,35,18,31,39,42,50,77,128,181,117,85,67,41,12
2,5,6,5,9,9,11,12,25,13,10,40,54,12,12,87,136,175,188,175,135,86,55,12
3,5,11,9,7,10,13,13,11,11,27,67,20,54,124,159,183,225,213,171,142,99,61,13
0,0,0,8,9,10,13,13,15,50,61,39,57,91,137,152,210,251,247,199,144,94,66,26
0,0,8,9,10,9,19,25,28,36,37,40,43,100,126,156,245,197,238,220,141,84,56,28
0,5,9,11,16,13,13,18,33,35,40,35,48,135,145,159,194,195,165,155,125,68,22,10
4,0,3,2,3,5,7,8,7,45,63,82,102,139,157,218,171,178,160,140,117,61,13,3
0,4,5,3,10,4,0,0,9,19,54,12,100,116,140,158,168,150,144,123,66,19,14,13
8,9,0,0,1,5,6,10,10,10,13,34,103,122,148,144,152,140,121,108,51,11,12,4
0,0,0,2,10,0,3,8,11,32,34,46,86,115,141,143,138,118,103,78,28,4,7,7
4,12,8,4,9,0,11,13,10,13,12,54,68,112,136,136,134,113,102,51,14,4,10,8
0,9,7,5,0,0,0,0,0,8,13,29,64,107,119,119,117,108,66,34,10,3,14,7
0,2,4,0,8,5,0,0,2,9,14,17,59,82,71,79,99,69,39,10,4,4,5,0
7,6,7,13,9,19,8,6,12,19,31,40,60,156,114,107,85,56,14,14,9,9,0,3
0,4,9,0,10,10,4,0,0,9,8,16,48,88,118,107,108,70,33,26,12,4,8,1
7,0,0,0,3,6,5,0,0,6,2,12,22,64,84,120,129,102,34,14,11,9,5,4
3,0,0,0,0,6,1,0,0,9,13,8,6,51,78,134,136,90,55,47,14,11,10,4
0,0,0,0,5,4,0,0,0,10,7,5,14,11,72,135,128,89,55,27,12,6,11,5
3,0,0,0,0,0,0,0,0,0,0,7,9,10,58,98,102,68,56,11,11,8,11,3
0,0,0,0,0,4,0,2,0,0,3,12,11,6,31,70,95,66,40,12,9,6,0,10
0,0,0,0,2,0,0,7,3,0,10,10,12,0,20,64,86,59,39,14,12,0,1,2
0,0,0,0,0,0,0,4,8,12,9,13,12,8,11,60,85,57,24,12,9,7,0,5
0,0,0,0,6,0,0,0,0,4,13,10,8,11,10,63,79,50,18,13,10,0,0,5
2,5,3,4,0,0,0,4,12,10,10,14,9,5,6,52,53,48,11,6,8,2,7,0
6,7,2,0,8,7,4,4,5,0,0,10,12,0,7,32,53,44,10,8,3,0,4,7
1,7,0,3,8,7,0,0,0,0,9,13,14,7,14,51,52,11,5,2,11,11,8,0
1,0,0,6,7,0,2,6,0,0,2,13,13,13,13,24,14,12,3,6,10,4,9,6

8,7,8,6,12,14,13,14,18,14,14,50,48,50,43,53,42,39,24,13,12,13,14,11
11,7,9,13,47,51,56,52,57,53,55,61,59,55,69,64,73,104,91,59,54,40,40,14
8,8,10,12,42,65,74,77,67,66,67,69,100,103,99,146,163,122,90,59,42,13,9,7
7,10,11,13,34,56,65,82,69,73,89,78,91,127,168,206,248,233,102,58,47,11,9,10
0,0,1,10,10,19,35,50,56,52,58,84,139,182,226,236,230,220,157,78,50,7,15,1
2,6,8,14,14,38,39,32,52,53,81,126,175,193,250,187,158,180,123,91,40,7,0,0
12,12,14,22,47,50,58,61,67,68,114,124,126,129,107,83,97,122,105,69,29,12,7,8
7,8,25,58,70,96,69,88,75,98,106,99,73,58,52,76,97,103,105,83,55,48,24,13
16,50,59,78,80,90,94,90,88,85,70,50,6,53,69,94,113,126,128,94,60,33,14,0
48,57,60,62,77,68,73,59,53,50,52,14,22,50,75,99,134,156,135,114,71,38,6,14
31,31,33,13,15,14,31,14,29,42,8,8,52,52,71,104,130,163,167,136,76,54,7,0
7,0,7,8,7,11,10,13,28,14,53,40,5,58,73,109,125,152,168,153,100,59,14,0
7,0,7,6,10,9,7,13,11,34,50,48,65,60,97,106,118,118,144,143,99,56,10,0
0,7,14,12,8,9,12,2,6,7,56,28,14,98,104,107,110,117,131,124,101,81,6,0
3,5,6,8,6,7,1,12,6,0,12,51,37,65,102,103,102,113,121,115,103,62,27,8
6,5,6,2,0,7,0,6,6,3,6,51,52,65,64,79,72,111,109,111,100,76,38,4
7,6,4,3,5,3,4,7,9,11,11,41,50,51,51,54,73,94,131,95,99,100,57,1
9,16,14,18,24,31,24,23,17,33,35,18,31,39,42,50,76,125,178,116,85,67,41,12
2,5,6,5,9,9,11,12,26,13,10,40,54,12,12,86,135,173,186,175,136,86,55,12
3,5,11,9,7,10,13,13,11,11,24,67,23,56,124,158,183,223,212,171,142,100,61,13
0,0,0,8,9,10,13,13,15,50,61,39,52,91,137,151,210,250,246,199,144,95,66,27
0,0,8,9,10,9,19,25,28,35,36,40,43,100,126,156,245,197,237,220,142,84,56,28
0,5,9,11,16,13,13,18,33,35,41,35,47,135,145,158,194,194,165,155,125,68,23,10
4,0,2,1,3,4,7,7,7,45,63,83,102,139,157,218,171,177,160,140,118,61,13,3
0,4,5,3,10,4,0,0,9,17,55,12,100,116,140,157,168,150,145,123,67,20,14,13
8,9,0,0,0,5,6,9,10,10,13,33,103,122,148,144,152,140,121,108,50,11,11,4
0,0,0,2,10,0,3,8,11,33,34,45,85,115,141,143,138,118,103,78,28,4,7,7
4,12,8,4,9,0,11,13,10,13,12,54,68,112,136,136,134,113,102,51,14,4,10,8
0,8,7,5,0,0,0,0,0,8,13,29,64,107,119,120,117,108,67,35,11,3,14,7
0,2,4,0,8,5,0,0,3,9,14,17,59,83,72,79,99,69,39,10,4,4,5,0
8,6,7,13,9,19,8,6,12,19,31,39,60,158,115,107,86,56,14,14,9,9,0,3
0,4,9,0,10,10,4,0,0,8,8,17,48,89,117,107,108,70,33,26,12,5,9,1
7,0,0,0,3,6,5,0,0,6,2,12,24,64,84,120,130,101,34,14,11,9,5,5
3,0,0,0,0,5,1,0,0,9,13,8,6,51,79,134,137,90,55,47,14,11,11,4
0,0,0,0,5,4,0,0,0,10,7,5,14,11,72,136,129,89,55,27,12,6,11,5
3,0,0,0,0,0,0,0,0,0,0,7,9,10,59,98,102,68,56,11,11,8,11,3
0,0,0,0,0,4,0,2,0,0,3,12,11,6,32,70,96,66,40,12,9,6,0,10
0,0,0,0,2,0,0,7,2,0,10,10,12,0,21,64,86,59,38,14,12,0,1,2
0,0,0,0,0,0,0,4,8,12,9,13,12,8,11,60,85,57,24,12,9,7,0,5
0,0,0,0,6,0,0,0,0,4,13,10,8,11,10,63,79,49,19,13,10,0,0,5
2,5,3,4,0,0,0,4,12,10,10,14,9,5,6,52,54,50,11,6,8,2,7,0
6,7,2,0,8,7,4,4,5,0,0,10,12,0,7,32,53,44,10,8,3,0,4,7
1,7,0,3,8,7,0,0,0,0,9,13,14,7,14,52,52,11,6,3,11,11,8,0
1,0,0,5,7,0,2,6,0,0,2,13,13,13,13,25,14,12,3,6,10,4,9,6

8,7,8,6,12,14,13,14,17,14,14,50,47,48,43,52,40,38,20,13,12,13,14,11
11,7,9,13,47,51,56,52,57,53,55,61,58,55,69,64,73,104,90,59,54,42,40,14
8,8,10,12,42,65,74,77,67,66,67,69,100,103,99,147,164,122,91,59,43,13,9,8
7,10,11,13,34,56,65,82,69,73,89,77,92,128,168,205,249,233,102,58,47,11,9,10
0,0,1,10,10,18,36,50,56,53,58,83,139,182,226,236,231,220,157,78,50,7,15,1
2,6,8,14,14,38,39,33,52,53,81,126,176,194,251,189,158,181,122,91,40,7,0,0
12,11,14,21,47,50,58,61,67,67,113,124,126,129,108,84,97,122,105,69,29,12,7,8
7,8,24,58,71,95,69,89,74,97,106,99,73,58,53,76,97,103,104,83,55,46,24,13
17,50,59,78,80,90,94,90,88,84,70,50,6,53,69,94,113,126,127,94,60,32,13,0
47,57,60,62,77,68,74,59,53,50,52,14,21,50,75,99,133,155,134,113,71,38,6,14
30,31,32,13,15,14,31,14,28,42,8,8,52,52,71,104,130,161,166,134,75,54,7,0
7,0,7,8,7,11,10,13,28,14,53,40,5,58,74,109,126,152,167,152,99,58,14,0
7,0,7,6,10,9,6,12,11,33,50,48,66,64,100,106,118,119,144,143,98,56,10,0
0,7,14,12,8,9,12,1,5,7,56,29,16,100,105,107,111,118,131,124,101,80,6,0
2,5,5,8,6,7,1,12,5,0,12,51,41,67,104,104,103,113,122,115,104,62,27,8
6,5,6,2,0,7,0,6,5,3,6,51,52,65,66,80,73,112,109,112,100,76,40,5
7,6,4,3,5,3,3,7,9,11,11,41,50,51,51,55,73,94,131,95,99,100,57,2
9,15,14,17,24,31,24,23,16,33,35,18,31,39,42,51,76,126,179,117,85,67,41,12
2,4,6,5,9,8,11,11,25,13,10,42,54,12,12,86,135,174,187,175,136,86,55,12
2,5,11,8,7,10,13,13,11,11,24,65,20,57,124,158,183,224,213,171,143,100,62,13
0,0,0,8,9,10,13,13,14,50,61,38,39,87,137,151,210,250,247,200,145,95,67,27
0,0,7,9,10,9,19,24,27,36,37,40,43,100,126,156,245,197,238,221,143,84,56,28
0,5,9,11,16,13,13,18,33,35,41,35,48,135,145,158,194,195,165,156,125,68,23,10
4,0,2,1,3,4,6,7,7,44,64,83,102,139,157,219,171,178,161,140,118,61,13,3
0,4,5,3,10,4,0,0,9,16,54,12,100,116,140,158,168,151,145,124,67,20,14,13
8,9,0,0,0,5,6,9,10,10,13,33,103,123,148,144,152,141,121,108,50,11,11,4
0,0,0,2,10,1,3,8,11,32,35,46,87,115,141,143,138,118,103,78,28,4,7,7
4,12,8,4,9,0,11,13,10,13,12,55,68,112,137,137,135,113,102,51,14,4,10,8
0,8,7,5,0,0,0,0,0,8,13,31,64,108,119,120,117,108,67,35,11,3,14,7
0,2,4,0,8,5,0,0,2,9,14,20,60,85,73,80,99,69,39,11,4,4,5,0
8,6,7,13,9,20,8,5,12,20,31,41,61,161,117,107,85,56,14,14,9,9,0,3
0,4,9,0,10,10,4,0,0,8,8,18,50,90,118,108,108,70,33,26,12,5,9,1
7,0,0,0,3,6,5,0,0,6,2,12,24,65,84,121,129,101,34,14,11,9,5,5
3,0,0,0,0,5,1,0,0,9,13,8,6,51,79,134,137,90,55,47,14,11,10,4
0,0,0,0,5,4,0,0,0,10,7,5,14,11,73,136,128,88,55,27,12,6,11,5
3,0,0,0,0,0,0,0,0,0,0,7,9,10,59,98,102,68,55,11,11,7,11,3
0,0,0,0,0,4,0,2,0,0,3,12,11,6,32,70,95,65,38,12,9,6,0,10
0,0,0,0,2,0,0,7,2,0,11,10,12,0,22,64,85,58,37,14,12,0,1,2
0,0,0,0,0,0,0,3,8,12,9,13,12,8,12,60,84,57,23,12,9,7,0,5
0,0,0,0,6,0,0,0,0,4,13,10,8,11,10,63,78,49,18,13,10,0,0,5
2,5,3,4,0,0,0,4,12,10,10,14,9,5,6,52,53,47,11,6,8,2,7,0
6,7,1,0,8,7,4,4,5,0,0,10,12,0,7,32,53,40,10,8,3,0,4,7
1,7,0,3,8,8,0,0,0,0,9,13,14,7,14,52,52,10,5,3,11,11,8,0
1,0,0,5,7,0,2,6,0,0,2,13,13,13,13,24,14,12,3,6,10,4,9,6

8,7,8,6,12,14,13,14,18,14,14,50,48,47,43,52,40,37,20,13,12,13,14,11
11,7,9,12,47,51,56,52,57,53,55,61,59,55,69,64,73,104,90,58,54,42,40,14
8,8,10,12,43,65,74,77,67,66,68,69,100,103,99,148,165,122,91,59,44,13,9,8
7,9,10,13,34,56,65,82,69,73,89,78,91,128,168,206,250,234,102,58,46,11,9,10
0,0,1,10,10,19,36,50,56,53,58,84,139,182,228,237,232,221,157,78,50,8,15,1
2,6,8,14,14,38,40,33,52,53,81,126,176,194,253,190,159,181,122,90,40,7,0,0
12,11,14,20,47,50,58,61,67,67,114,124,126,129,108,84,98,122,105,68,28,12,7,8
7,8,23,58,70,95,69,89,74,97,106,99,73,58,53,76,97,103,104,83,55,46,24,13
16,50,59,78,80,90,94,89,88,84,70,50,6,53,69,94,112,125,127,93,60,31,13,0
47,57,60,62,77,68,74,59,53,50,52,14,21,46,74,98,133,153,132,111,71,36,6,14
30,30,33,13,15,14,31,14,27,43,8,9,52,51,71,103,129,159,163,132,74,53,7,0
7,0,7,8,7,11,10,12,28,14,53,41,5,58,74,110,126,152,165,150,96,57,14,0
7,0,7,6,10,9,6,12,11,32,50,49,68,68,100,107,119,120,143,142,97,55,9,0
0,7,14,12,7,9,12,1,5,6,56,28,21,101,107,108,112,119,132,124,101,79,6,0
2,5,5,7,5,7,1,12,5,0,12,51,40,70,105,105,104,114,122,115,104,62,27,8
6,5,6,2,0,7,0,6,5,3,6,51,52,66,67,82,74,112,110,112,101,76,41,5
7,6,3,2,4,3,3,7,8,11,11,41,50,51,52,56,73,93,130,95,98,100,58,2
9,15,14,17,24,31,24,22,16,32,35,18,31,39,42,51,76,124,176,116,85,67,41,12
2,4,6,4,9,8,10,11,25,13,10,43,54,12,11,85,134,172,186,175,136,87,55,12
2,5,11,8,7,9,13,12,11,11,24,65,23,58,124,157,182,223,212,171,143,100,62,13
0,0,0,8,9,10,13,13,14,50,60,39,37,87,136,151,208,249,247,201,146,96,67,27
0,0,7,9,10,9,18,24,27,36,37,39,43,100,126,155,245,197,238,223,144,85,56,29
0,5,9,10,16,13,13,18,33,35,41,36,48,135,145,159,194,196,166,157,126,69,23,10
4,0,2,1,3,4,6,7,7,44,63,83,102,139,158,220,172,179,161,141,118,62,13,3
0,4,5,3,10,4,0,0,8,16,54,12,100,116,140,158,169,151,145,124,68,20,14,13
8,9,0,0,0,5,6,9,10,10,13,33,103,122,148,144,152,141,121,108,50,12,12,4
0,0,0,1,10,1,3,8,11,32,35,47,85,115,141,144,138,118,103,78,29,4,7,7
4,12,8,4,9,0,11,13,10,13,12,55,68,112,137,137,135,113,102,51,14,4,10,8
0,8,7,5,0,0,0,0,0,7,13,30,64,108,120,120,118,108,67,35,11,3,14,7
0,2,4,0,8,5,0,0,2,9,14,20,60,86,74,80,100,69,39,11,5,4,5,0
7,6,7,13,9,19,8,5,12,19,32,42,61,165,119,108,86,56,14,14,9,9,0,3
0,4,9,0,10,10,4,0,0,8,8,18,50,91,119,108,107,70,33,26,12,5,9,1
7,0,0,0,3,6,5,0,0,6,2,12,26,65,85,122,129,101,33,14,11,9,5,4
3,0,0,0,0,5,1,0,0,9,13,9,6,51,80,135,137,89,55,47,14,11,11,4
0,0,0,0,5,4,0,0,0,10,7,5,14,11,73,136,128,88,54,27,12,6,11,5
3,0,0,0,0,0,0,0,0,0,0,7,9,10,59,98,101,67,55,11,11,7,11,3
0,0,0,0,0,4,0,3,0,0,3,12,11,7,34,70,94,65,37,12,9,6,0,10
0,0,0,0,2,0,0,7,2,0,11,10,12,0,22,64,85,58,37,14,12,0,1,2
0,0,0,0,0,0,0,3,8,12,9,13,12,8,12,60,83,57,23,12,9,7,0,5
0,0,0,0,6,0,0,0,0,4,13,11,8,11,11,63,78,49,17,13,10,0,0,5
2,5,3,3,0,0,0,4,12,10,10,14,10,6,6,52,53,45,11,6,8,2,7,0
6,7,2,0,8,7,4,4,5,0,0,10,12,0,7,32,52,42,10,8,3,0,5,7
1,7,0,3,8,7,0,0,0,0,9,13,14,7,14,52,52,10,5,3,11,11,8,0
1,0,0,6,7,0,2,6,0,0,2,13,13,13,13,23,14,11,3,6,10,4,9,6

8,7,8,6,12,14,13,14,17,14,14,50,47,48,43,52,42,37,21,13,12,13,14,11
11,7,9,13,48,51,56,52,57,53,55,61,59,55,69,64,73,104,90,58,54,42,43,14
8,8,9,12,42,65,74,76,67,66,68,69,99,103,99,147,165,122,91,59,43,13,9,8
7,9,10,13,34,56,66,82,69,73,89,77,91,128,168,207,248,233,102,58,48,11,9,10
0,0,0,10,10,19,36,50,56,53,58,84,139,183,229,238,233,221,157,78,50,8,15,1
2,6,8,14,14,38,40,33,52,53,81,126,176,195,253,190,159,181,123,91,40,7,0,0
12,11,14,19,47,50,58,61,67,67,114,123,126,129,108,84,98,122,105,68,28,12,7,8
7,8,24,58,71,95,69,89,75,97,106,99,73,58,53,76,97,103,104,83,55,46,24,13
17,50,59,78,80,90,95,89,88,84,70,50,6,53,69,94,112,125,126,93,60,31,13,0
48,57,60,62,77,68,74,59,53,50,52,14,20,45,75,99,133,153,132,111,70,36,6,14
30,31,33,13,15,14,31,14,27,42,8,9,52,50,71,103,129,159,162,131,74,53,7,0
8,0,7,8,7,11,10,13,29,14,53,43,6,58,74,109,125,152,164,148,95,58,14,0
7,0,7,6,10,8,6,12,11,32,48,49,68,71,101,107,118,119,143,141,97,54,10,0
0,7,14,12,7,9,12,1,4,6,56,31,22,101,108,108,112,118,131,124,101,80,6,0
2,4,5,7,5,6,1,12,5,0,12,52,43,71,106,105,104,115,123,116,104,62,27,8
6,5,6,1,0,7,0,6,5,3,6,51,53,67,68,83,75,112,110,112,101,76,41,5
7,5,3,2,4,2,3,7,8,11,11,41,50,51,52,56,74,93,130,95,98,100,58,2
9,15,14,17,24,30,23,22,16,32,35,18,31,40,42,51,76,124,177,117,85,67,41,12
2,4,6,4,9,8,10,11,25,13,10,44,55,12,11,86,133,172,187,176,137,87,55,12
2,5,11,8,7,9,13,12,11,11,24,64,28,58,123,156,181,223,212,172,144,101,62,13
0,0,0,8,9,10,13,13,14,50,60,39,38,87,136,150,207,248,247,202,147,96,67,27
0,0,7,9,10,9,18,24,26,35,37,39,44,100,126,154,244,197,238,225,146,86,57,29
0,5,9,10,15,12,13,18,33,35,41,36,48,135,145,158,194,196,166,158,127,69,24,10
4,0,2,1,3,4,6,7,7,45,63,83,102,139,157,220,172,179,162,141,118,62,13,3
0,4,5,3,10,4,0,0,8,17,54,12,100,116,140,158,169,152,145,124,69,20,14,13
8,9,0,0,0,5,6,9,10,10,13,33,103,122,148,144,153,141,122,108,51,12,12,4
0,0,0,1,10,1,3,8,11,32,36,47,85,115,141,144,139,118,103,79,29,4,7,7
4,12,8,4,9,0,11,13,10,12,12,55,68,112,137,138,135,113,102,52,14,4,10,8
0,8,6,5,0,0,0,0,0,7,13,30,64,108,120,121,118,108,67,35,11,3,14,7
0,2,4,0,8,5,0,0,3,9,14,20,60,87,75,81,100,69,39,11,5,4,5,0
7,6,7,13,9,20,7,5,12,18,32,42,61,167,121,108,86,56,14,14,9,9,0,3
0,4,9,0,10,10,4,0,0,8,8,18,50,92,119,108,107,70,34,26,12,5,9,1
7,0,0,0,3,6,5,0,0,6,1,12,26,65,85,122,129,100,33,14,11,9,5,4
3,0,0,0,0,5,2,0,0,9,13,9,7,51,80,135,137,89,55,47,14,11,11,4
0,0,0,0,5,5,0,0,0,10,7,5,14,11,73,136,128,87,54,27,12,6,11,5
3,0,0,0,0,0,0,0,0,0,0,7,10,10,59,98,101,67,55,11,11,7,11,3
0,0,0,0,0,4,0,3,0,0,3,12,11,6,34,70,94,64,36,12,9,6,0,10
0,0,0,0,2,0,0,8,2,0,11,10,12,0,24,64,84,58,36,14,12,0,1,2
0,0,0,0,0,0,0,3,8,12,9,13,12,8,12,60,82,56,23,12,9,7,0,5
0,0,0,0,6,0,0,0,0,4,13,11,8,11,11,63,77,48,17,13,10,0,0,5
2,5,3,4,0,0,0,4,12,10,10,14,10,6,6,52,53,44,11,6,8,2,7,0
6,7,2,0,8,7,4,4,5,0,0,10,13,0,7,32,52,33,9,8,3,0,5,7
1,7,0,3,8,8,0,0,0,0,9,13,14,7,14,52,50,10,5,2,11,11,8,0
1,0,0,5,7,0,2,6,0,0,2,13,13,14,13,22,13,11,3,6,10,4,9,6

8,7,8,6,12,14,13,14,17,14,14,50,47,47,43,52,39,37,21,13,12,13,14,11
11,6,9,12,48,51,56,52,57,53,55,61,59,55,68,64,73,104,91,59,54,40,42,14
8,8,9,12,42,65,74,76,67,66,68,69,99,103,99,148,165,122,91,59,43,13,9,8
7,9,10,12,34,56,65,82,69,73,88,78,92,128,169,207,248,233,102,58,47,11,9,10
0,0,0,10,10,19,37,50,56,53,58,83,139,183,228,238,233,221,158,78,50,8,15,1
1,6,8,14,14,38,40,33,52,53,81,126,176,195,254,190,160,182,123,91,40,7,0,0
12,11,13,20,47,50,58,61,67,68,114,124,126,129,108,84,98,122,105,68,28,12,7,8
6,8,25,58,71,95,69,90,75,97,106,99,73,58,53,76,97,103,104,83,55,47,24,13
18,50,59,78,80,91,95,89,88,84,70,50,6,53,69,94,113,125,126,93,60,31,13,0
49,57,60,62,77,68,74,59,53,50,52,14,18,50,75,100,134,154,132,111,70,36,6,14
30,30,33,13,15,14,32,14,27,42,8,9,52,51,72,104,130,160,164,131,74,53,7,0
7,0,7,8,7,11,10,13,29,14,53,43,6,58,75,110,126,153,166,149,96,57,14,0
7,0,7,6,10,8,6,12,11,31,48,50,67,72,100,107,118,119,143,142,97,55,10,0
0,7,14,11,7,9,12,1,4,6,56,28,22,101,107,108,111,118,131,124,101,79,6,0
2,4,4,7,4,6,1,12,5,0,11,51,41,71,105,105,103,114,122,115,104,62,27,8
6,5,6,1,0,6,0,6,5,3,6,51,52,67,67,82,74,112,110,112,100,76,40,5
7,5,3,2,4,2,3,7,8,11,11,41,51,51,52,56,74,93,130,95,98,100,57,2
9,15,14,17,24,31,23,22,16,32,35,18,31,40,43,51,77,125,178,116,84,67,41,12
2,4,6,4,9,8,10,11,25,13,10,46,55,12,11,86,134,172,187,176,136,86,55,12
2,4,11,8,7,9,13,12,11,11,24,65,28,58,123,156,181,223,213,172,144,101,62,13
0,0,0,8,9,9,13,13,14,50,59,41,46,89,136,150,207,248,247,203,148,97,67,27
0,0,7,9,10,8,18,24,26,35,37,39,43,100,125,154,244,197,239,226,147,86,57,29
0,5,9,10,15,13,13,18,33,35,41,36,48,135,145,158,194,196,167,159,127,70,24,10
3,0,2,0,3,4,6,7,7,44,63,83,102,139,157,220,172,179,162,141,118,62,13,3
0,4,5,3,10,4,0,0,8,16,54,12,100,116,140,158,169,152,146,124,69,21,14,13
8,9,0,0,0,4,6,9,10,10,13,31,103,123,148,144,154,142,122,108,51,12,12,4
0,0,0,1,10,1,3,8,11,31,36,47,87,115,141,144,139,119,103,78,30,4,7,7
4,12,8,3,9,0,11,13,10,12,12,56,69,112,137,138,136,114,102,51,14,4,10,8
0,8,6,5,0,0,0,0,0,7,14,32,64,108,120,121,118,108,67,35,11,3,14,7
0,2,4,0,8,4,0,0,3,9,14,21,60,87,75,81,100,69,39,11,5,4,5,0
7,6,7,13,9,19,7,5,12,17,32,43,61,169,123,108,86,56,14,14,9,9,0,3
0,4,9,0,10,10,4,0,0,7,8,20,50,92,120,108,107,70,33,26,12,6,9,1
7,0,0,0,3,6,5,0,0,6,1,12,26,65,86,122,129,100,33,14,12,9,5,4
3,0,0,0,0,5,1,0,0,9,13,9,7,52,80,135,136,89,55,45,14,11,11,4
0,0,0,0,5,5,0,0,0,11,7,5,14,11,73,136,127,87,54,26,12,5,11,5
3,0,0,0,0,0,0,0,0,0,0,7,10,10,59,98,101,67,55,11,11,7,11,3
0,0,0,0,0,4,0,3,0,0,3,12,12,6,35,69,94,64,35,12,9,6,0,10
0,0,0,0,2,0,0,8,2,0,11,10,12,0,24,64,84,58,36,14,12,0,1,2
0,0,0,0,0,0,0,3,8,12,9,13,12,8,12,60,82,56,22,12,9,7,0,5
0,0,0,0,6,0,0,0,0,4,13,11,8,11,11,63,77,47,15,13,9,0,0,5
3,5,3,4,0,0,0,4,12,10,10,14,10,4,6,52,53,44,11,6,8,2,7,0
6,7,1,0,8,7,4,4,5,0,0,10,13,0,7,32,52,31,9,8,3,0,5,7
1,7,0,3,8,8,0,0,0,0,9,13,16,7,14,52,50,10,5,2,11,11,8,0
1,0,0,5,7,0,2,6,0,0,2,13,13,14,13,21,13,11,3,6,10,4,9,6

8,7,8,6,12,13,13,14,18,14,13,50,48,47,43,52,42,39,21,13,12,13,14,11
11,7,9,12,47,51,56,52,57,53,55,61,59,55,68,64,73,104,90,59,54,42,40,14
8,8,9,12,42,65,74,77,67,66,67,69,100,103,99,148,164,122,91,59,44,13,9,8
7,9,10,12,33,56,65,82,69,73,88,78,92,128,169,207,248,233,102,58,47,11,9,10
0,0,0,10,10,19,37,50,56,53,58,84,139,183,228,238,232,221,158,78,50,8,15,2
1,6,8,14,14,38,40,34,52,53,81,126,177,195,254,190,160,182,123,91,40,8,0,0
12,11,13,20,47,50,58,61,67,68,114,124,126,129,108,84,98,123,105,69,29,13,7,8
6,8,24,58,71,95,69,90,75,98,106,99,73,58,53,76,97,103,104,83,55,47,24,13
17,50,59,78,80,91,95,89,88,84,70,50,6,53,70,95,113,125,126,93,60,32,13,0
47,57,60,62,77,68,74,59,53,50,52,14,19,50,76,100,134,155,133,111,70,36,6,14
31,31,33,14,17,14,32,14,27,44,8,9,52,52,73,105,131,162,165,132,74,53,7,0
7,0,7,8,7,11,10,13,30,15,53,43,6,59,75,110,126,154,167,151,97,58,14,0
7,0,6,6,10,8,6,12,11,32,50,49,67,70,100,107,118,119,143,143,98,55,10,0
0,7,14,11,7,9,12,1,4,5,55,28,21,100,107,108,111,118,131,124,101,80,6,0
2,4,4,7,4,6,1,12,5,0,11,51,39,69,105,104,103,114,122,115,104,62,26,8
6,5,6,1,0,6,0,6,5,3,6,51,52,66,67,82,73,111,109,112,100,75,40,5
7,5,3,2,4,2,3,7,8,11,11,41,51,51,52,55,74,94,130,95,98,100,57,2
9,15,14,17,24,30,23,22,16,32,35,18,31,40,42,51,76,126,179,117,84,67,41,12
2,4,6,4,9,8,10,11,25,13,11,47,55,12,11,86,134,173,188,176,136,86,55,12
2,4,11,8,7,9,13,12,11,11,24,66,28,59,123,156,181,223,214,172,144,101,62,13
0,0,0,8,9,9,13,13,14,50,60,42,52,90,136,150,207,249,248,204,148,97,67,28
0,0,7,9,10,9,18,24,25,35,37,39,44,100,125,155,244,198,240,228,148,86,57,29
0,5,9,10,15,12,13,18,33,36,42,36,48,135,145,158,194,196,167,159,127,69,24,10
3,0,2,0,2,4,6,7,7,44,64,83,102,139,157,219,172,179,162,141,118,62,13,3
0,4,5,3,10,4,0,0,8,19,55,12,100,116,140,158,170,152,146,124,69,21,14,13
8,9,0,0,0,4,6,9,10,10,13,33,103,123,148,144,154,142,122,108,51,12,12,4
0,0,0,1,10,1,3,8,11,31,36,48,87,115,141,144,139,119,103,78,29,4,7,7
4,12,7,3,9,0,11,13,10,12,12,55,68,112,137,138,135,114,102,51,14,4,11,8
0,8,6,5,0,0,0,0,0,7,13,33,65,108,120,121,118,108,68,35,11,3,14,7
0,2,4,0,8,4,0,0,3,9,14,21,60,87,76,82,100,70,39,11,5,4,5,0
8,6,7,13,9,19,7,5,12,17,32,43,62,170,123,108,86,56,14,14,9,9,0,3
0,3,9,0,10,10,4,0,0,7,8,19,50,92,119,108,107,70,34,26,12,6,9,1
7,0,0,0,3,6,5,0,0,6,2,12,26,65,86,122,129,100,33,14,12,9,5,4
3,0,0,0,0,5,2,0,0,9,13,9,7,51,80,135,136,89,55,46,14,11,10,4
0,0,0,0,5,5,0,0,0,11,7,5,14,11,73,137,127,87,54,26,12,5,11,5
3,0,0,0,0,0,0,0,0,0,0,7,9,10,59,98,101,67,55,11,11,7,11,3
0,0,0,0,0,4,0,3,0,0,3,12,12,6,34,70,94,64,35,12,9,6,0,10
0,0,0,0,2,0,0,8,2,0,11,10,12,0,24,64,83,58,36,14,12,0,1,2
0,0,0,0,0,0,0,3,8,12,9,13,12,8,12,60,82,56,23,12,9,7,0,5
0,0,0,0,6,0,0,0,0,4,13,11,8,11,10,63,77,47,15,13,9,0,0,5
2,5,3,4,0,0,0,4,12,10,10,14,10,4,6,52,52,43,11,6,8,2,7,0
6,7,2,0,8,7,4,5,5,0,0,10,13,0,7,32,52,34,9,8,3,0,5,7
1,7,0,3,8,8,0,0,0,0,9,13,15,7,14,52,50,10,5,2,11,11,8,0
1,0,0,5,7,0,2,6,0,0,2,13,13,14,13,19,13,11,3,6,10,4,9,6

7,7,8,6,12,14,13,14,17,14,13,50,47,47,43,52,40,38,20,13,12,13,14,11
11,7,9,12,47,51,56,52,57,53,55,61,58,55,69,64,73,104,90,58,54,40,40,14
8,8,9,12,42,65,74,77,67,66,68,69,100,103,99,147,164,122,91,59,44,13,9,8
7,9,10,12,33,56,65,84,69,73,89,78,91,128,168,207,247,232,102,58,48,11,9,10
0,0,0,10,10,19,37,50,56,53,58,84,139,183,228,238,232,221,158,78,50,8,15,2
1,6,8,14,14,38,40,34,52,53,81,126,176,196,253,190,160,182,124,91,40,8,0,0
12,11,13,20,47,50,58,61,67,68,114,124,127,130,108,84,98,123,106,69,29,13,7,8
7,8,24,58,71,95,69,90,75,98,106,100,73,58,53,76,97,103,105,83,55,48,24,13
17,50,59,78,80,91,95,89,88,85,70,50,6,54,70,95,113,126,127,93,60,32,13,0
49,57,60,62,78,68,74,59,53,50,52,14,20,50,76,101,135,156,134,112,70,37,6,14
30,32,34,14,16,14,33,14,28,43,8,9,52,52,73,105,132,163,167,133,74,53,7,0
8,0,7,8,6,11,10,13,30,16,53,43,6,58,75,110,126,155,169,152,98,58,14,0
7,0,6,5,10,8,6,12,11,30,48,50,66,70,100,107,118,119,144,143,98,55,10,0
0,7,13,11,6,9,12,1,3,5,56,27,21,100,106,108,111,117,131,124,101,80,6,0
1,4,4,7,3,6,1,12,5,0,11,51,35,68,104,104,102,113,122,115,104,62,27,8
6,5,6,1,0,6,0,6,5,3,6,51,52,66,67,81,73,111,109,112,100,75,40,5
7,5,3,2,4,2,3,7,8,11,11,41,51,51,52,55,73,94,131,95,98,100,57,1
9,15,14,16,23,30,23,22,16,32,35,18,31,40,42,51,77,127,181,117,84,67,41,12
2,4,6,4,9,8,10,11,25,13,11,47,55,12,11,87,135,174,189,177,136,86,55,12
2,4,10,8,7,9,13,12,11,11,24,66,33,59,124,156,181,223,214,173,144,101,62,13
0,0,0,8,9,10,13,13,14,50,61,45,54,91,136,150,207,248,248,205,148,97,67,28
0,0,7,9,10,9,18,24,25,35,37,39,44,100,125,154,244,197,240,228,148,86,57,29
0,5,9,10,15,12,13,17,33,36,42,36,48,135,144,158,195,196,168,160,127,70,24,10
3,0,2,0,2,3,6,7,7,44,65,83,102,139,156,219,172,179,162,141,118,62,13,3
0,4,5,3,10,4,0,0,8,16,57,12,100,116,140,158,170,152,146,124,69,21,14,13
8,9,0,0,0,4,6,9,10,10,13,33,103,122,148,145,154,142,122,108,52,12,12,4
0,0,0,1,10,1,3,8,11,31,36,47,88,115,141,144,139,119,103,78,29,4,7,7
4,12,7,3,9,0,11,13,10,12,12,57,69,112,137,138,136,114,102,51,14,4,11,8
0,8,6,5,0,0,0,0,0,7,14,33,64,108,120,121,119,108,68,35,11,3,14,7
0,2,4,0,8,5,0,0,3,10,14,21,61,87,76,82,101,70,39,11,5,4,5,0
7,6,7,13,9,19,7,5,12,17,33,43,62,170,124,109,86,56,14,14,9,9,0,3
0,4,9,0,10,10,4,0,0,8,8,19,50,92,120,108,107,70,33,26,12,6,9,1
7,0,0,0,3,6,5,0,0,6,1,12,26,65,86,122,129,100,33,14,12,9,5,4
3,0,0,0,0,5,2,0,0,9,13,9,7,52,80,135,136,88,55,45,14,11,11,4
0,0,0,0,5,5,0,0,0,11,7,5,14,11,73,136,127,87,54,25,12,5,11,5
3,0,0,0,0,0,0,0,0,0,0,7,9,10,59,98,100,66,55,11,10,7,11,3
0,0,0,0,0,4,0,3,0,0,3,12,12,6,36,69,94,64,35,12,9,6,0,10
0,0,0,0,3,0,0,8,2,0,11,11,12,0,25,64,83,58,36,14,12,0,1,2
0,0,0,0,0,0,0,3,8,12,9,13,13,8,12,60,81,56,22,12,9,7,0,5
0,0,0,0,6,0,0,0,0,4,13,11,8,11,10,63,76,46,14,13,9,0,0,5
2,5,3,4,0,0,0,4,12,10,10,14,10,4,6,52,52,43,11,6,8,2,7,0
6,7,2,0,8,7,4,5,5,0,0,10,13,0,7,32,51,29,9,8,3,0,5,7
1,7,0,3,8,7,0,0,0,0,9,13,16,7,14,51,50,10,5,2,11,11,8,0
1,0,0,5,7,0,2,6,0,0,2,13,13,14,13,18,12,11,3,6,10,4,9,6

7,7,8,6,12,14,13,14,17,14,14,50,47,48,43,52,42,37,22,13,12,13,14,11
11,6,9,12,47,51,56,52,57,53,55,61,59,55,69,64,73,104,90,59,54,42,42,14
8,8,9,12,42,65,74,76,67,66,67,69,100,103,99,147,163,122,90,59,43,13,9,8
7,9,10,12,33,56,65,83,69,73,88,78,91,128,168,206,247,231,102,58,48,11,9,10
0,0,0,10,10,19,37,50,56,53,59,83,139,182,228,238,232,221,158,79,50,8,15,2
1,5,8,14,14,38,40,34,53,53,81,126,176,195,253,189,160,183,124,92,40,8,0,0
12,11,13,18,47,50,59,61,67,68,114,124,127,130,108,84,99,123,106,69,30,13,7,8
7,8,24,58,71,95,70,90,75,98,106,99,74,58,53,76,98,104,105,84,55,49,25,13
17,50,59,78,81,91,95,89,88,85,70,50,6,54,70,95,113,126,127,93,60,34,13,0
48,57,60,62,77,68,74,59,53,50,52,14,19,51,77,100,135,157,135,112,70,38,6,14
30,31,34,14,17,14,32,14,26,44,8,9,52,52,73,105,132,165,168,134,75,54,7,0
8,0,7,8,7,11,10,13,30,17,53,43,7,59,76,110,127,156,169,153,98,58,14,0
7,0,6,5,10,8,6,12,11,30,48,50,66,72,100,107,118,119,145,144,98,55,10,0
0,7,13,11,6,8,12,1,3,5,56,28,20,100,106,107,111,117,131,124,101,80,6,0
1,4,4,6,3,6,0,12,5,0,11,51,37,67,104,104,102,113,122,115,103,62,26,8
6,5,6,1,0,6,0,6,4,2,6,51,52,65,66,81,72,111,109,111,100,75,38,4
6,5,3,2,3,2,3,7,8,11,10,41,51,51,52,55,74,95,131,95,98,100,57,1
9,15,14,16,24,30,23,22,16,32,35,18,31,40,43,51,78,129,182,117,84,67,40,12
2,4,6,4,9,8,10,11,25,13,11,47,55,13,11,88,136,175,189,177,136,86,55,12
2,4,11,8,7,9,13,12,10,11,23,68,32,58,124,156,181,225,215,173,144,100,62,13
0,0,0,7,9,9,13,13,14,50,61,46,55,90,137,150,208,249,248,205,148,96,67,27
0,0,7,9,10,8,18,23,25,35,37,39,44,101,125,154,245,198,240,228,148,86,56,29
0,5,9,10,15,12,13,17,33,36,42,36,48,135,144,158,195,196,167,159,127,69,24,10
3,0,2,0,2,3,6,7,7,45,64,83,102,139,156,220,172,179,162,141,118,62,13,3
0,4,5,3,10,4,0,0,8,17,54,12,100,116,140,159,170,153,146,124,69,21,14,13
8,9,0,0,0,4,6,9,9,10,13,33,103,123,148,145,154,142,122,108,51,12,12,4
0,0,0,1,10,1,3,8,11,32,36,47,88,115,141,144,140,119,103,78,29,4,7,7
4,12,7,3,9,0,11,13,10,12,12,57,68,112,138,138,136,114,102,51,14,4,11,8
0,8,6,5,0,0,0,0,0,7,14,33,65,108,120,122,119,108,68,35,11,3,14,7
0,2,4,0,8,5,0,0,3,10,14,22,61,87,76,82,100,70,40,12,5,4,5,0
7,6,7,13,9,20,7,5,12,16,33,43,62,171,125,109,86,56,14,14,9,9,0,3
0,4,9,0,10,10,4,0,0,8,8,19,50,93,120,108,107,69,33,26,12,6,9,1
7,0,0,0,3,6,5,0,0,6,1,12,27,65,86,123,129,100,33,14,12,9,5,4
3,0,0,0,0,5,1,0,0,9,13,9,7,52,80,135,136,88,55,45,14,11,11,4
0,0,0,0,5,5,0,0,0,11,7,5,14,11,73,137,127,87,54,25,12,5,11,5
3,0,0,0,0,0,0,0,0,0,0,7,9,10,59,98,100,66,54,11,10,7,11,3
0,0,0,0,0,4,0,3,0,0,3,12,12,6,35,69,93,64,34,12,9,6,0,10
0,0,0,0,3,0,0,8,2,1,11,11,12,0,25,64,83,58,37,14,12,0,1,2
0,0,0,0,0,0,0,3,8,12,9,13,12,8,12,60,81,56,22,11,9,7,0,5
0,0,0,0,6,0,0,0,0,4,13,11,8,11,11,63,76,46,14,13,9,0,0,5
2,5,3,4,0,0,0,4,12,10,10,14,10,4,5,52,52,42,11,6,8,2,7,0
6,7,2,0,8,7,4,5,5,0,0,10,13,0,7,32,51,30,9,8,3,0,5,7
1,7,0,3,8,8,0,0,0,0,9,13,14,8,14,51,50,10,5,2,11,11,8,0
1,0,0,5,7,0,2,6,0,0,2,13,13,14,13,16,12,11,3,6,10,4,9,6

7,7,8,6,12,13,13,14,17,14,13,50,48,47,43,52,40,39,20,13,12,13,14,11
11,6,9,12,47,51,56,52,57,53,55,61,59,55,69,64,73,104,90,58,54,42,43,14
8,8,9,12,40,65,74,77,67,66,67,69,100,103,99,147,164,122,90,59,43,14,9,8
7,9,10,12,33,56,65,82,69,73,89,78,91,128,168,206,247,231,102,58,48,11,9,10
0,0,0,10,10,18,37,50,56,53,59,83,139,183,228,238,233,222,159,79,50,8,16,2
1,6,7,14,14,39,40,34,52,54,81,126,176,195,253,189,160,183,124,92,41,8,0,0
12,11,13,19,47,50,58,61,67,68,114,124,127,129,108,84,99,124,106,70,31,13,7,8
7,8,24,58,71,95,70,90,75,98,106,100,73,58,53,76,98,104,105,84,56,50,25,13
16,50,59,78,81,91,95,89,88,85,70,50,6,54,70,95,113,126,128,93,61,34,13,0
47,57,60,62,78,68,74,59,53,50,52,14,20,51,76,101,135,158,136,113,71,38,6,14
30,31,34,14,17,14,33,14,27,44,8,9,53,53,73,105,132,165,169,135,75,54,7,0
8,0,7,8,7,11,10,13,31,17,53,43,7,59,75,110,126,156,170,154,99,58,14,0
7,0,6,5,10,8,6,12,11,30,47,50,65,70,100,106,118,119,145,144,99,56,10,0
0,7,13,11,6,8,12,1,3,5,56,25,20,100,106,107,110,118,132,125,101,80,6,0
1,4,4,6,3,6,0,12,4,0,10,51,35,67,104,104,102,113,122,115,103,62,25,8
6,5,6,1,0,6,0,6,4,2,6,51,52,65,66,80,72,111,109,111,100,75,38,4
6,5,3,2,3,1,3,6,8,10,10,41,51,51,51,55,73,95,131,95,98,100,56,1
9,15,14,17,24,30,22,22,16,32,36,19,31,40,43,51,78,131,183,118,84,67,40,12
2,4,6,4,9,8,10,11,25,13,11,47,55,13,11,88,137,176,190,177,136,86,55,12
2,4,11,8,7,9,13,12,11,11,24,68,33,59,124,157,181,225,215,173,144,100,62,13
0,0,0,7,9,9,13,13,14,50,62,47,57,91,137,150,208,249,249,205,148,96,67,27
0,0,7,9,10,9,18,23,25,35,37,39,44,101,126,154,245,198,240,228,148,86,56,29
0,5,9,10,15,12,13,17,33,36,42,36,48,135,145,158,195,197,168,160,127,69,23,10
3,0,2,0,2,3,6,7,7,43,64,83,102,140,157,220,173,180,162,141,118,62,13,3
0,4,5,3,10,4,0,0,8,16,55,12,100,116,140,159,170,153,146,124,69,21,14,13
8,9,0,0,0,4,6,9,10,10,13,33,103,123,148,145,154,142,122,108,51,12,12,4
0,0,0,0,10,1,3,8,11,31,37,50,88,115,142,144,140,120,103,79,30,4,7,7
4,12,7,3,9,0,11,13,10,12,12,57,69,112,138,139,136,114,102,51,14,4,11,8
0,8,6,5,0,0,0,0,0,7,14,34,65,108,121,122,119,108,68,36,11,3,14,7
0,2,4,0,7,5,0,0,3,10,14,22,61,88,76,83,100,70,40,12,5,4,5,0
7,6,7,13,9,19,7,5,12,16,33,43,62,172,125,109,86,56,14,14,9,9,0,3
0,4,9,0,10,10,4,0,0,8,8,21,50,93,120,109,107,70,34,26,12,6,9,1
7,0,0,0,3,5,5,0,0,6,1,12,29,65,86,123,129,100,33,14,12,9,5,4
3,0,0,0,0,5,1,0,0,10,13,9,7,52,80,135,136,88,55,46,14,11,11,4
0,0,0,0,5,5,0,0,0,11,7,5,14,11,73,136,127,86,54,25,12,5,11,5
3,0,0,0,0,0,0,0,0,0,0,7,10,10,59,98,100,66,54,11,10,7,11,3
0,0,0,0,0,4,0,3,0,0,3,12,12,6,36,69,93,64,33,12,9,6,0,10
0,0,0,0,3,0,0,8,2,1,11,11,12,0,26,64,83,58,36,14,12,0,1,2
0,0,0,0,0,0,0,3,8,12,9,13,12,8,12,60,81,56,22,11,9,7,0,5
0,0,0,0,6,0,0,0,0,4,13,11,8,11,11,63,76,46,14,13,9,0,0,5
2,5,3,4,0,0,0,4,12,10,10,14,10,5,5,52,52,41,11,7,8,2,7,0
6,7,2,0,8,7,4,5,5,0,0,10,13,0,7,32,51,30,9,8,3,0,5,7
1,7,0,3,8,8,0,0,0,0,9,13,17,8,15,51,50,10,5,2,11,11,8,0
1,0,0,5,7,0,2,6,0,0,2,13,13,14,13,18,13,11,3,6,10,4,9,6

7,7,8,6,12,13,13,14,17,14,13,50,48,46,43,52,40,36,20,13,12,13,14,11
11,6,9,12,46,51,56,52,57,53,55,61,59,55,69,64,73,104,90,58,54,40,42,14
8,8,9,12,39,65,74,77,67,66,67,69,100,103,99,148,164,122,91,59,43,14,9,8
6,9,10,12,33,56,65,83,69,73,88,78,91,128,168,207,248,232,102,58,50,11,9,10
0,0,0,10,10,18,37,50,56,53,59,84,139,183,228,239,234,223,160,80,50,8,16,2
1,5,7,14,14,39,40,34,52,53,81,126,177,195,253,190,160,184,125,92,41,9,0,0
12,11,13,19,47,50,59,61,67,68,114,124,127,129,108,84,99,124,106,70,31,13,8,9
6,8,26,58,71,95,70,91,75,98,106,99,73,58,53,76,97,104,105,84,56,50,25,13
17,50,59,78,81,91,95,89,88,85,70,50,6,54,69,95,113,126,128,94,61,35,13,0
47,57,60,62,78,68,74,59,53,50,52,14,20,51,77,101,135,158,136,114,71,41,6,14
31,32,34,14,16,14,33,14,26,44,8,9,52,54,73,105,132,166,169,136,75,54,7,0
8,0,7,8,6,11,10,13,30,17,53,44,7,59,75,110,127,156,171,154,99,58,14,0
8,0,6,5,10,8,5,12,11,30,48,49,65,70,100,106,118,119,145,145,99,56,10,0
0,6,13,11,6,8,12,1,3,4,54,25,18,100,105,107,110,117,132,125,101,80,6,0
1,4,4,6,3,6,0,12,4,0,10,51,31,65,103,103,102,112,122,115,103,62,25,8
6,5,6,1,0,6,0,5,4,2,5,51,52,65,66,80,72,111,109,111,100,75,38,4
6,5,3,2,3,1,3,6,8,11,10,39,51,51,52,55,74,95,131,96,98,100,57,1
9,15,14,17,23,30,22,22,16,32,35,18,31,40,43,51,79,131,183,117,84,67,40,12
2,4,6,4,9,8,10,11,25,13,11,47,55,13,11,88,136,175,190,176,136,86,55,12
2,4,10,8,7,9,13,12,11,11,22,68,33,59,124,156,180,224,215,173,144,100,62,13
0,0,0,7,9,10,13,13,14,50,61,48,59,91,137,150,208,249,248,206,148,97,67,27
0,0,7,9,10,8,18,23,25,35,37,39,45,101,126,154,245,198,241,229,149,86,56,29
0,5,9,10,15,12,13,17,32,36,42,37,48,135,144,158,195,196,168,160,127,69,24,10
3,0,2,0,2,3,6,7,7,44,64,84,102,139,156,220,173,180,163,141,118,62,13,3
0,4,5,3,10,4,0,0,8,16,57,12,100,116,140,158,170,153,146,124,69,21,14,13
8,9,0,0,0,4,6,9,9,10,13,33,103,123,148,145,155,142,122,108,51,12,12,4
0,0,0,0,10,1,3,8,11,31,37,50,88,115,141,144,140,119,103,78,30,4,7,7
4,12,7,3,9,0,11,13,10,13,12,57,69,112,138,139,136,114,102,51,14,4,11,8
0,8,6,5,0,0,0,0,0,7,14,34,65,108,121,122,119,108,68,35,11,3,14,7
0,2,4,0,7,5,0,0,3,10,14,22,61,88,77,83,101,70,40,12,5,4,5,0
7,6,7,13,9,20,7,5,12,17,33,43,62,172,126,109,86,56,14,14,9,9,0,3
0,3,9,0,10,9,3,0,0,8,8,21,50,93,120,109,107,70,34,26,12,6,9,1
7,0,0,0,3,5,5,0,0,6,1,12,28,65,86,123,129,100,33,14,12,9,5,4
3,0,0,0,0,5,1,0,0,9,13,9,7,52,80,136,136,88,54,45,14,11,10,4
0,0,0,0,5,5,0,0,0,11,7,5,14,11,73,137,127,86,54,25,12,5,11,5
3,0,0,0,0,0,0,0,0,0,0,7,10,10,59,98,100,66,54,11,10,7,11,3
0,0,0,0,0,4,0,3,0,0,3,12,12,6,36,69,93,64,34,12,9,6,0,10
0,0,0,0,3,0,0,8,2,1,12,11,12,0,25,64,82,57,36,14,12,0,1,2
0,0,0,0,0,0,0,3,8,12,9,13,12,8,12,60,80,56,22,12,9,7,0,5
0,0,0,0,6,0,0,0,0,4,13,11,8,11,11,63,75,46,14,13,9,0,0,5
2,5,3,4,0,0,0,4,12,10,10,14,10,5,6,52,52,43,11,6,8,2,7,0
6,7,1,0,8,7,4,5,5,0,0,10,13,0,7,32,51,28,9,8,3,0,5,7
1,7,0,3,8,7,0,0,0,0,9,13,17,7,15,52,47,10,5,2,11,11,8,0
1,0,0,5,7,0,2,6,0,0,2,13,13,14,13,17,12,11,3,6,10,4,9,6

8,7,8,6,12,13,13,14,18,14,13,50,47,48,43,52,42,37,21,13,12,13,14,11
10,6,9,12,44,51,56,52,57,52,55,61,58,55,69,64,73,104,90,58,54,42,42,14
8,8,9,12,40,65,74,76,67,66,67,69,100,103,99,147,164,122,91,59,44,13,9,8
6,9,10,12,33,56,64,83,69,73,88,78,91,128,169,207,248,233,102,58,48,11,9,10
0,0,0,10,10,17,39,50,56,53,59,83,139,183,228,238,234,223,160,80,50,8,16,2
1,5,7,14,14,38,40,34,53,54,81,126,176,195,252,189,160,184,125,93,41,9,0,0
12,11,13,18,47,50,59,61,67,68,114,124,127,129,108,84,99,124,107,70,32,13,7,9
6,8,24,58,71,95,70,90,75,98,106,99,74,58,53,76,98,104,105,84,56,50,25,13
18,50,59,79,81,91,95,89,87,85,70,50,6,54,70,95,114,127,128,94,61,37,13,0
47,57,59,62,77,68,74,59,53,50,52,14,20,51,76,100,136,158,137,114,71,41,6,14
30,31,33,14,17,14,33,14,27,44,9,9,52,54,73,105,133,166,170,137,75,54,7,0
7,0,7,8,6,11,10,13,31,16,53,44,7,59,75,110,127,156,171,155,100,58,15,0
8,0,6,5,10,8,5,12,10,28,47,50,66,70,100,106,118,119,146,146,100,56,10,0
0,6,13,11,6,8,12,1,2,4,54,25,18,100,106,107,110,118,132,125,101,81,6,0
1,4,4,6,2,6,0,12,4,0,10,50,33,66,104,103,102,113,122,115,103,62,25,8
6,5,6,1,0,6,0,5,4,2,5,51,51,64,66,80,72,111,110,111,100,75,38,4
6,5,3,1,3,1,3,6,8,10,10,40,51,51,51,55,73,95,132,95,98,100,57,1
9,15,14,16,23,30,22,22,16,32,35,18,31,40,43,51,79,130,182,117,84,67,40,12
2,4,6,4,9,8,10,11,25,13,11,48,55,13,11,88,136,174,189,176,136,86,55,12
2,4,10,8,7,9,13,12,10,11,24,69,33,60,124,156,180,223,214,172,143,100,62,13
0,0,0,7,9,9,13,13,14,50,61,48,61,91,137,150,208,249,247,205,148,96,67,27
0,0,7,9,10,8,18,23,24,35,37,39,44,101,125,154,245,197,239,228,149,86,56,29
0,5,9,10,15,12,13,17,33,36,42,36,48,135,144,158,195,196,168,159,127,69,24,10
3,0,2,0,2,3,6,7,7,43,63,83,102,140,156,220,173,180,162,141,118,62,13,3
0,4,5,3,10,4,0,0,8,16,57,12,101,116,140,159,171,154,146,124,70,21,14,13
8,9,0,0,0,4,6,9,9,10,13,33,103,123,148,145,155,143,122,108,51,12,12,4
0,0,0,0,10,1,3,8,11,31,37,48,88,115,142,145,140,120,103,78,29,4,7,7
4,12,7,3,9,0,11,13,10,12,12,57,69,113,138,139,137,114,102,51,14,4,11,8
0,8,6,5,0,0,0,0,0,7,14,35,65,109,121,122,119,108,68,35,12,3,14,7
0,2,4,0,7,5,0,0,3,10,14,22,61,88,77,84,101,70,40,12,5,4,5,0
7,6,7,13,9,19,7,5,11,16,33,43,62,173,128,110,86,57,14,14,9,9,0,3
0,3,8,0,10,9,3,0,0,8,9,20,50,93,121,109,107,70,34,26,12,6,9,1
7,0,0,0,3,5,5,0,0,6,1,13,30,65,87,124,130,100,33,14,12,9,5,4
3,0,0,0,0,5,1,0,0,9,13,9,7,52,80,136,137,88,54,45,14,11,11,4
0,0,0,0,5,5,0,0,0,11,7,5,14,11,74,138,127,87,54,26,12,5,11,5
3,0,0,0,0,0,0,0,0,0,0,7,10,10,60,98,100,66,54,11,10,7,11,3
0,0,0,0,0,4,0,3,0,0,3,12,12,6,37,70,93,64,33,12,9,6,0,10
0,0,0,0,3,0,0,8,2,1,12,11,12,0,27,64,82,57,36,14,12,0,1,2
0,0,0,0,0,0,0,3,8,12,9,13,12,8,12,60,81,56,22,12,9,7,0,5
0,0,0,0,6,0,0,0,0,4,13,11,8,11,11,63,76,46,14,13,9,0,0,5
2,5,3,4,0,0,0,4,12,10,10,14,11,5,6,52,52,43,11,7,8,2,7,0
6,7,1,0,8,7,4,5,5,0,0,10,13,0,7,33,51,29,9,8,3,0,5,7
1,7,0,3,8,7,0,0,0,0,9,13,15,8,15,52,50,10,5,2,11,11,8,0
1,0,0,5,7,0,2,6,0,0,2,13,13,14,13,20,12,11,3,6,10,4,9,6

7,7,8,6,12,14,13,14,17,14,14,50,48,47,43,52,40,37,22,14,12,13,14,11
11,6,9,12,46,51,56,52,57,53,55,61,59,55,69,64,73,104,91,59,54,40,42,14
8,8,9,12,42,65,74,76,67,66,68,69,100,103,100,149,165,122,91,59,46,14,9,8
6,9,10,12,33,56,65,83,69,73,88,78,92,128,170,209,250,235,103,58,50,11,9,10
0,0,0,9,10,17,37,50,56,53,59,84,139,184,229,239,235,224,162,81,50,9,16,2
1,5,7,14,14,38,39,35,52,53,81,127,177,195,253,189,161,185,126,94,42,9,0,0
12,11,13,17,47,50,59,61,67,68,114,124,127,129,108,84,99,125,107,71,34,13,8,9
7,8,23,58,71,95,70,91,75,99,106,99,74,58,53,76,98,104,106,85,57,50,26,14
15,50,59,78,81,91,95,89,88,85,70,50,7,53,69,95,113,128,130,96,62,40,14,0
46,56,60,62,78,68,74,59,53,50,52,14,22,50,76,99,135,161,140,117,73,46,7,13
30,31,34,14,17,14,32,14,27,44,9,9,53,54,72,103,130,167,173,141,78,55,8,0
8,0,7,8,6,11,10,12,28,17,53,43,7,59,73,109,125,156,173,159,102,60,18,0
7,0,6,5,10,8,6,11,10,24,47,49,65,71,95,106,117,119,147,148,101,57,11,0
0,6,13,11,6,8,12,1,3,3,53,25,15,95,105,106,110,117,132,126,102,81,6,0
1,4,4,6,2,5,0,12,5,0,10,50,32,64,103,103,102,113,122,116,104,63,27,8
6,5,6,1,0,6,0,5,4,2,5,51,51,64,65,79,72,111,110,112,100,75,38,5
6,5,3,1,3,1,3,6,8,10,10,39,50,51,51,55,74,95,131,95,98,100,57,1
9,15,14,16,23,30,22,22,16,32,35,19,31,40,42,51,78,127,178,115,84,67,40,12
2,4,6,4,8,8,10,11,25,13,11,46,55,13,11,87,134,171,186,174,135,86,55,12
2,4,10,8,7,9,13,12,11,11,21,68,35,60,124,157,180,222,211,171,143,100,62,13
0,0,0,7,9,9,13,13,14,50,60,50,61,91,137,150,208,249,245,202,147,96,67,27
0,0,7,9,10,8,18,23,24,35,37,39,44,101,125,154,245,197,236,224,147,86,56,29
0,5,9,10,15,12,13,17,32,36,42,37,48,136,145,158,195,195,165,158,127,69,24,10
3,0,2,0,2,3,6,7,6,43,64,84,102,139,156,219,171,178,161,140,118,62,13,3
0,4,5,3,10,3,0,0,8,15,55,12,100,116,140,158,169,152,145,124,69,21,14,13
8,9,0,0,0,4,6,9,9,10,13,33,103,123,148,144,153,142,122,108,51,12,12,4
0,0,0,0,10,1,3,8,11,29,36,48,88,115,141,144,139,119,103,79,28,4,7,7
4,12,7,3,9,0,11,13,10,12,12,56,69,112,138,138,136,114,102,52,14,5,10,8
0,8,6,5,0,0,0,0,0,7,14,34,65,109,121,122,119,108,68,35,11,4,14,7
0,2,4,0,7,5,0,0,3,10,14,21,61,89,78,84,101,70,40,12,5,4,5,0
7,6,7,13,9,19,7,5,11,15,32,43,63,174,128,110,87,57,14,14,9,9,0,3
0,4,8,0,10,9,3,0,0,7,9,20,50,93,121,110,108,71,34,26,12,6,9,1
8,0,0,0,3,5,5,0,0,6,1,12,28,65,86,125,131,101,34,14,12,9,5,4
3,0,0,0,0,5,1,0,0,9,13,9,7,52,81,137,139,89,55,46,14,12,11,4
0,0,0,0,4,5,0,0,0,11,7,5,14,11,74,139,129,88,54,26,12,5,11,5
3,0,0,0,0,0,0,0,0,0,0,7,10,10,60,99,101,67,55,11,11,8,11,3
0,0,0,0,0,4,0,3,0,0,3,12,12,6,36,70,94,64,36,12,9,6,0,10
0,0,0,0,3,0,0,8,2,1,11,11,12,0,26,64,84,58,37,14,12,0,1,2
0,0,0,0,0,0,0,3,8,12,9,13,12,8,12,60,82,56,22,12,9,7,0,5
0,0,0,0,6,0,0,0,0,4,13,11,8,11,11,63,77,47,17,13,10,0,0,5
2,5,3,4,0,0,0,3,12,10,10,14,10,5,6,52,53,44,11,7,8,2,7,0
6,7,2,0,8,7,4,5,5,0,0,10,13,0,7,33,52,38,9,8,4,0,5,7
1,7,0,3,8,7,0,0,0,0,9,13,15,8,15,53,51,10,6,3,11,11,8,0
1,0,0,5,7,0,2,6,0,0,2,13,13,14,13,26,13,11,3,6,11,4,9,6
10,20,14,17,17,14,14,12,20,9,10,5,1,10,12,9,11,7,10,4,3,8,7,8
14,14,33,32,14,97,101,56,29,14,10,8,2,8,13,10,8,8,10,10,6,9,5,10
10,13,15,50,103,171,250,285,168,94,90,58,4,9,10,3,0,7,10,5,4,4,5,9
14,21,30,81,121,216,390,366,293,178,111,75,12,55,13,10,12,12,6,6,9,8,7,8
53,37,52,82,144,260,291,288,291,207,114,91,50,18,4,8,12,3,0,0,4,0,3,0
54,51,75,105,142,161,233,251,219,207,119,68,48,35,41,41,23,11,14,12,10,10,10,10
46,77,92,99,92,87,105,124,174,161,102,80,53,12,3,8,14,18,13,13,14,12,7,6
60,69,87,75,13,52,79,109,147,133,95,75,62,1,0,0,0,0,6,14,11,6,0,3
67,58,58,52,52,70,100,133,138,134,108,99,66,11,3,0,0,0,0,0,8,3,5,6
53,42,42,52,55,69,117,169,181,176,155,118,90,59,7,11,8,11,2,1,0,1,4,1
12,11,8,38,51,63,101,139,181,194,190,140,84,63,23,1,13,9,5,8,10,6,4,8
0,3,10,31,50,56,81,123,163,184,184,128,92,69,56,6,13,8,9,0,0,1,0,0
0,0,0,23,45,57,66,108,130,143,150,141,114,104,71,13,10,8,0,4,0,2,2,7
6,1,10,1,55,102,95,111,125,132,140,132,123,111,70,7,6,0,9,8,1,9,0,2
7,6,2,11,14,100,92,106,116,128,134,130,115,80,53,12,8,0,7,1,5,10,3,0
7,8,10,0,6,45,76,69,98,125,133,118,75,57,48,10,11,7,11,0,0,0,0,3
8,3,8,10,14,9,50,66,100,125,142,156,99,73,53,20,12,3,8,4,4,2,5,6
9,11,15,25,26,37,57,102,231,226,228,181,146,108,56,40,30,16,24,29,17,14,14,9
9,13,17,27,51,115,138,180,233,224,198,214,161,125,73,46,15,13,12,5,8,8,4,1
11,12,10,14,77,118,139,208,246,295,299,239,151,115,61,50,12,9,8,7,4,7,4,1
10,13,13,12,49,109,153,197,230,271,262,199,139,110,54,14,7,13,14,9,6,1,7,1
11,13,20,36,61,112,178,221,245,244,224,157,103,60,42,17,19,17,6,4,2,2,5,2
9,11,13,46,74,101,149,164,178,187,155,109,59,39,22,25,27,10,7,0,0,2,0,1
4,11,12,34,105,117,140,149,148,149,135,106,37,14,12,11,10,0,2,5,3,1,4,8
13,14,20,41,105,111,131,145,143,128,117,102,45,13,8,0,2,0,0,0,0,0,4,3
6,8,13,37,105,119,119,128,116,117,109,73,12,0,0,0,0,0,0,0,2,8,11,10
11,9,9,31,76,102,112,116,118,111,97,8,0,0,0,0,0,0,0,0,2,0,0,0
7,6,8,31,56,101,111,123,116,106,70,8,10,0,0,0,0,0,0,0,5,0,5,0
6,16,13,22,55,75,113,118,106,73,7,0,0,3,0,0,0,0,0,0,0,0,3,3
3,5,12,14,54,76,89,92,68,33,11,13,7,12,2,2,0,0,6,5,0,0,3,5
7,14,10,12,17,75,67,77,79,77,37,15,10,23,9,6,7,10,11,9,6,1,8,8
0,6,12,16,30,52,86,113,105,108,40,11,4,3,0,0,2,1,4,8,2,0,0,0
8,9,8,10,15,37,122,142,124,93,57,12,4,0,0,0,0,0,0,0,0,0,0,8
10,11,12,13,21,50,87,142,133,83,51,7,0,0,0,1,0,0,6,0,0,0,0,0
6,10,8,11,14,50,78,132,113,68,19,4,0,0,2,3,0,2,4,4,0,2,0,0
4,9,5,6,9,14,60,99,103,59,23,8,0,0,2,0,7,0,0,0,1,0,0,0
0,0,4,8,0,9,55,84,76,54,14,10,3,0,0,5,0,4,4,0,6,0,0,0
0,4,1,5,12,21,52,87,80,51,24,6,8,6,7,5,5,0,6,0,0,0,3,0
12,7,1,2,11,13,49,91,83,55,13,9,7,3,6,0,0,0,0,0,0,0,0,0
0,0,0,4,8,12,32,79,69,53,9,9,5,7,2,0,0,10,0,0,0,0,0,0
0,0,0,6,1,9,46,54,65,60,12,4,0,9,11,12,0,9,5,3,2,5,8,3
0,6,8,6,8,12,55,61,50,53,12,11,8,8,1,7,6,11,8,4,0,0,8,6
0,9,10,7,13,14,63,66,60,23,12,3,9,11,7,10,0,0,6,6,2,1,8,1
7,8,8,12,15,27,54,52,12,12,10,8,1,0,2,7,4,4,0,2,3,0,0,2

10,20,16,18,20,14,14,13,21,10,11,5,1,10,12,9,11,7,10,4,3,8,7,8
14,14,34,32,14,97,101,55,28,14,10,8,2,8,13,10,8,8,10,9,6,9,5,10
10,13,15,50,103,171,250,283,167,94,89,58,4,9,10,3,0,7,10,5,4,4,5,9
14,21,30,81,121,216,389,365,291,177,110,74,12,54,13,10,12,12,6,6,9,8,6,8
53,37,52,82,144,260,290,286,288,204,113,91,50,17,4,7,12,3,0,0,4,0,3,0
54,51,76,106,142,161,233,250,217,205,118,68,48,35,41,41,23,11,14,12,10,10,10,10
46,77,92,99,92,87,105,124,173,160,101,80,53,12,3,8,14,17,13,13,14,12,7,6
60,69,87,75,13,52,78,109,146,132,95,74,62,1,0,0,0,0,6,14,11,6,0,2
67,58,58,52,52,70,101,133,138,133,107,99,66,11,3,0,0,0,0,0,8,3,5,6
53,42,41,51,55,69,117,170,180,174,153,116,88,59,6,11,8,11,2,1,0,1,4,1
12,11,8,39,51,64,101,140,182,194,188,138,84,62,20,0,13,9,5,7,9,6,4,8
0,3,10,31,50,56,81,124,164,184,182,128,92,69,57,6,13,8,9,0,0,0,0,0
0,0,0,24,47,58,67,109,131,144,150,141,114,104,72,13,10,8,0,4,0,2,1,7
6,1,10,2,61,102,97,111,126,133,140,132,123,111,71,7,6,1,9,8,1,9,0,2
7,6,2,11,17,101,95,106,116,129,134,130,116,81,54,12,8,0,7,1,5,10,3,0
7,8,10,0,6,47,78,70,98,125,133,119,75,57,50,10,11,7,11,0,0,0,0,3
8,3,8,10,14,9,50,66,100,124,141,156,99,74,53,20,12,3,8,4,4,2,5,6
9,11,15,25,26,37,57,101,230,226,228,181,147,109,57,40,30,16,23,29,17,14,14,9
9,13,17,27,51,114,136,179,232,223,198,215,162,126,74,46,15,13,12,5,8,8,4,1
11,12,10,14,77,118,139,207,246,295,299,239,152,115,62,51,12,9,8,7,4,7,4,1
10,12,13,12,49,108,152,197,230,270,262,199,139,110,55,14,7,13,14,9,6,1,7,1
11,13,20,36,61,111,177,221,246,245,225,158,104,62,42,17,19,18,7,4,2,2,5,2
9,10,13,46,74,101,148,165,178,187,156,109,60,40,22,26,27,10,7,0,0,2,0,1
4,11,12,35,105,117,140,149,148,149,135,106,38,14,12,11,10,0,3,5,3,1,3,8
13,14,20,41,105,111,131,145,143,128,117,102,46,13,8,0,2,0,0,0,0,0,4,3
6,8,13,38,105,119,119,128,116,117,109,73,13,0,0,0,0,0,0,0,2,8,11,10
11,9,9,31,76,102,112,116,118,112,98,8,0,0,0,0,0,0,0,0,2,0,0,0
7,6,8,31,56,101,111,123,116,106,71,8,10,0,0,0,0,0,0,0,5,0,5,0
6,16,13,21,54,74,113,118,106,74,7,0,0,3,0,0,0,0,0,0,0,0,3,3
2,5,11,14,54,75,88,92,68,33,11,13,7,13,2,2,0,0,6,5,0,0,3,5
6,14,10,12,16,75,66,77,79,78,38,15,10,23,9,6,7,10,11,9,6,1,8,8
0,5,12,16,30,52,85,113,105,108,43,11,4,3,0,0,2,1,4,8,2,0,0,0
8,9,8,10,15,37,122,142,125,94,57,12,4,0,0,0,0,0,0,0,0,0,0,8
10,11,12,13,19,50,86,142,134,84,52,7,1,0,0,1,0,0,6,0,0,0,0,0
6,10,8,11,14,50,77,132,114,68,21,4,0,0,2,4,0,2,4,4,0,2,0,0
4,9,5,6,9,14,60,99,104,59,24,8,0,0,2,0,7,0,0,0,1,0,0,0
0,0,4,8,0,9,55,84,77,54,14,10,2,0,0,5,0,4,3,0,6,0,0,0
0,4,1,5,12,20,52,87,80,51,24,6,8,6,7,5,5,0,6,0,0,0,2,0
12,7,1,2,11,13,50,92,83,56,14,10,7,3,6,0,0,0,0,0,0,0,0,0
0,0,0,4,8,12,33,80,69,53,9,10,5,7,2,0,0,10,0,0,0,0,0,0
0,0,0,6,1,9,44,54,66,61,12,4,0,9,11,12,0,9,5,3,2,5,8,3
0,6,8,6,8,12,55,62,51,53,13,11,8,8,1,7,6,11,8,4,0,0,8,6
0,9,10,7,13,14,63,67,61,24,12,5,9,11,7,10,0,0,6,6,2,1,8,1
7,8,8,12,15,27,55,52,12,13,10,8,1,0,2,7,4,4,0,2,3,0,0,3

10,20,16,18,19,14,14,12,20,9,10,5,1,10,12,9,11,7,10,4,3,8,7,7
14,14,34,33,14,96,101,55,28,14,11,8,2,8,13,10,8,8,10,10,6,9,5,11
10,13,16,50,103,171,250,284,167,93,90,58,4,9,10,3,0,7,10,5,4,4,5,9
14,22,30,81,121,217,389,365,292,177,110,74,12,55,13,10,12,12,6,6,9,8,6,8
53,37,52,82,144,259,290,286,288,204,114,91,50,17,4,7,11,3,0,0,4,0,3,0
54,51,76,106,142,161,233,250,218,206,118,68,48,35,41,41,23,11,14,12,10,10,10,10
46,77,92,99,92,88,105,124,173,161,101,80,53,12,3,8,14,17,13,13,14,12,7,6
60,69,87,75,13,52,79,109,147,132,95,74,62,1,0,0,0,0,5,14,11,6,0,2
67,58,58,52,52,70,100,133,138,133,107,98,66,11,3,0,0,0,0,0,8,2,4,6
53,42,42,52,55,69,117,170,181,175,152,116,89,59,6,11,8,10,1,0,0,1,3,1
12,11,8,38,51,64,101,140,182,193,188,138,84,63,23,0,13,9,5,7,9,6,4,8
0,3,10,31,50,56,81,124,164,183,182,128,92,70,57,6,13,8,9,0,0,0,0,0
0,0,0,23,46,58,67,109,131,143,150,141,114,104,72,13,10,8,0,4,0,2,1,6
6,1,10,2,59,102,96,111,125,132,140,132,123,111,71,7,6,1,9,8,1,9,0,2
7,6,2,11,14,101,94,106,116,129,134,130,116,81,54,12,8,0,7,1,5,10,3,0
7,8,10,0,6,46,76,69,100,127,133,118,75,57,50,10,11,7,11,0,0,0,0,3
8,3,8,10,14,10,50,67,103,127,141,155,99,74,53,21,12,3,8,4,4,2,5,6
9,11,16,25,26,38,59,105,234,225,225,179,146,108,57,40,30,16,24,29,17,14,14,9
9,13,17,27,52,117,139,183,235,222,195,209,160,125,74,46,14,13,12,5,8,8,4,1
12,12,10,14,79,118,140,213,254,295,288,229,149,115,62,50,12,9,8,7,4,7,4,1
10,13,13,12,47,108,154,205,242,273,252,194,138,110,55,14,7,13,14,9,6,1,7,1
11,13,20,35,57,108,176,230,265,252,226,158,104,61,42,16,18,17,6,4,2,2,5,2
10,10,13,44,67,95,147,171,191,198,163,110,60,39,23,26,27,10,7,0,0,2,0,1
4,11,12,21,102,114,140,156,159,160,139,107,43,17,13,12,10,0,3,5,3,1,4,8
13,14,19,36,101,109,131,148,147,131,119,103,55,13,8,0,2,0,0,0,0,0,4,3
6,8,13,32,101,116,120,130,118,119,110,87,17,0,0,0,0,0,0,0,2,8,11,10
11,9,9,20,58,101,111,116,117,112,100,9,0,0,0,0,0,0,0,0,2,0,0,0
8,7,6,17,43,93,108,121,115,108,77,10,12,0,0,0,0,0,0,0,5,0,5,0
6,17,13,14,44,61,104,113,106,84,10,0,0,6,0,0,0,0,0,0,0,0,3,2
2,5,11,13,35,58,74,82,69,44,21,8,4,12,2,0,0,0,6,5,0,0,2,5
7,13,9,11,14,54,57,70,79,87,45,16,12,23,9,6,7,11,11,10,6,1,8,8
0,6,12,15,29,44,72,107,105,110,53,12,7,3,0,0,1,0,3,7,2,0,0,0
8,9,8,10,14,31,107,137,123,96,60,12,5,0,0,0,0,0,0,0,0,0,0,8
10,11,12,13,14,44,77,137,133,85,54,4,0,0,0,0,0,0,6,0,0,0,0,0
6,10,8,11,14,49,74,129,115,70,31,5,0,1,1,2,0,1,1,4,0,2,0,0
4,9,5,6,8,14,58,98,106,60,27,7,0,0,1,0,6,0,0,0,1,0,0,0
0,0,4,8,0,9,55,86,80,55,15,9,4,0,2,4,0,1,3,0,6,0,0,0
0,4,1,5,12,21,52,91,84,52,22,7,7,7,7,4,6,0,6,0,0,0,1,0
12,6,1,3,11,14,50,99,88,56,14,11,7,4,8,0,0,0,0,0,0,0,0,0
0,0,0,5,9,14,36,87,70,53,10,9,5,5,3,0,0,10,0,0,0,0,0,0
0,0,0,6,2,10,51,59,72,61,13,5,1,10,11,11,0,9,5,3,2,5,8,4
0,6,8,7,8,12,57,64,52,56,14,12,9,8,0,7,7,11,8,5,0,0,8,6
0,9,10,7,13,14,65,68,62,26,13,8,10,11,6,10,0,0,6,7,2,1,8,2
7,8,8,12,14,27,56,52,12,13,11,9,0,0,2,6,4,4,0,2,3,0,0,3

10,20,16,18,19,14,14,12,21,9,10,5,1,10,12,9,11,7,10,4,3,8,7,7
14,14,34,33,14,97,101,55,29,14,11,8,2,8,13,10,8,8,10,10,5,9,5,11
10,13,15,50,103,171,249,283,168,94,91,59,4,9,10,3,0,7,10,5,4,4,5,9
14,22,30,81,121,215,388,364,292,179,111,75,12,55,13,10,12,11,6,6,9,8,6,8
53,37,52,82,143,258,289,285,290,207,114,91,51,18,4,7,11,2,0,0,4,0,3,0
54,51,75,105,141,160,232,251,220,210,119,69,49,36,40,41,23,11,14,12,10,10,10,10
46,77,92,99,91,87,105,125,176,164,103,81,54,12,3,8,14,16,13,13,14,11,7,6
60,69,87,75,13,52,79,110,148,134,96,75,64,2,0,0,0,0,5,14,11,6,0,2
67,58,58,51,52,70,100,133,139,135,109,100,67,12,4,0,0,0,0,0,8,2,4,6
53,41,42,51,55,69,117,168,180,176,154,119,91,60,6,11,8,10,1,0,0,1,3,1
12,11,8,38,51,63,101,138,181,192,188,139,85,63,24,0,12,9,5,7,9,5,4,8
0,3,10,31,50,56,80,122,162,183,183,128,93,70,57,6,12,7,9,0,0,0,0,0
0,0,0,22,44,57,66,108,130,144,150,141,115,104,73,13,9,8,0,4,0,2,1,6
7,2,10,2,51,102,96,111,125,133,140,133,124,111,72,7,6,1,9,8,0,9,0,2
7,7,3,11,13,100,93,106,117,129,134,130,116,82,54,13,8,0,7,1,4,10,3,0
7,8,10,0,6,43,74,69,101,130,135,119,76,58,50,11,11,7,11,0,0,0,0,3
8,3,8,10,15,10,50,68,107,132,142,157,101,75,53,20,12,4,8,4,4,2,5,6
9,11,16,25,26,38,61,110,236,226,225,179,147,110,58,41,30,16,23,29,17,14,14,9
9,13,17,28,52,117,140,186,237,223,193,207,159,126,75,46,14,13,12,5,8,8,3,1
12,12,10,14,79,118,140,216,260,297,284,223,149,116,64,51,12,9,8,7,4,7,4,1
10,13,13,12,46,107,152,207,246,274,249,192,138,111,55,14,6,13,13,8,6,1,7,1
11,13,20,35,53,105,173,230,269,255,226,159,105,62,42,16,18,17,6,4,2,2,5,2
10,10,12,42,64,91,146,171,193,201,166,111,61,39,23,26,27,10,7,0,0,2,0,1
4,11,12,15,101,112,139,156,161,162,140,108,50,19,13,12,10,0,3,5,4,1,4,8
13,14,18,33,97,108,130,148,147,132,120,104,60,12,8,0,2,0,0,0,0,0,4,3
6,8,12,30,100,115,119,129,117,119,111,97,24,0,0,0,0,0,0,0,2,8,11,10
11,9,8,17,55,100,111,115,117,112,100,11,0,0,0,0,0,0,0,0,2,0,0,0
7,6,6,14,31,87,107,120,115,108,77,11,12,0,0,0,0,0,0,0,5,0,5,0
5,16,13,13,41,58,103,112,106,87,10,0,0,7,0,0,0,0,0,0,0,0,3,3
2,5,10,12,32,55,72,79,68,46,26,6,2,13,1,0,0,0,6,5,0,0,2,5
7,13,9,11,14,51,56,69,80,89,47,18,12,23,9,6,7,11,11,10,6,1,8,8
0,5,12,15,28,43,69,106,105,110,54,13,8,3,0,0,1,0,2,7,2,0,0,0
8,9,7,10,14,30,104,136,124,98,62,14,5,0,0,0,0,0,0,0,0,0,0,8
10,11,11,12,14,43,75,136,134,87,55,4,1,0,0,0,0,0,5,0,0,0,0,0
6,10,8,11,14,48,73,129,116,71,37,6,0,1,1,1,0,0,0,4,0,3,0,0
4,9,6,6,8,14,58,98,107,61,31,8,0,0,1,0,6,0,0,0,1,0,0,0
0,0,4,8,1,9,55,86,81,55,20,9,4,0,2,5,0,0,3,0,6,0,0,0
0,4,1,5,12,21,52,92,85,53,23,8,8,7,8,5,6,0,6,0,0,0,2,0
12,6,1,3,11,14,50,100,89,56,17,11,7,4,8,0,0,0,0,0,0,0,0,0
0,0,0,5,9,14,37,88,71,54,11,9,5,5,3,0,0,10,0,0,0,0,0,0
0,0,0,7,2,10,51,60,73,63,14,5,1,10,11,11,0,9,5,3,2,5,8,4
0,6,8,7,8,12,57,65,52,57,15,13,9,8,0,7,7,11,8,5,0,0,8,6
0,9,10,7,13,14,64,68,64,27,13,9,10,11,7,10,0,0,6,7,2,1,8,2
7,8,8,12,14,26,55,52,12,13,11,9,0,0,2,7,4,4,0,2,3,0,0,3

10,21,15,17,19,14,14,13,21,10,11,5,1,10,12,9,11,7,10,4,3,7,7,7
14,14,36,33,13,97,101,55,29,14,10,8,2,8,13,10,8,8,10,10,5,9,4,10
10,13,16,50,103,171,248,281,167,94,89,58,4,9,10,2,0,7,10,5,4,3,5,9
14,22,31,81,121,215,387,363,290,179,111,75,12,55,13,10,12,11,6,6,9,8,6,7
53,37,52,82,143,257,289,286,290,208,115,91,51,19,4,7,11,1,0,0,3,0,2,0
54,51,75,105,141,160,232,253,222,211,120,69,49,36,40,40,23,11,14,12,10,10,9,10
46,77,91,99,91,87,106,125,177,165,103,82,54,12,3,8,13,16,13,13,14,11,7,6
60,69,87,75,13,52,79,110,149,135,97,76,64,3,0,0,0,0,5,14,11,6,0,2
67,58,58,51,52,70,101,134,140,136,110,101,68,13,4,0,0,0,0,0,8,2,4,6
53,41,42,51,55,69,117,170,182,177,156,120,92,61,6,11,8,10,1,0,0,1,3,1
12,11,8,39,51,63,101,139,182,193,189,140,86,64,26,0,13,9,5,7,9,5,4,8
0,3,10,31,50,56,80,122,163,183,184,128,94,71,58,6,12,7,9,0,0,0,0,0
0,0,0,23,44,57,66,107,130,143,150,141,115,104,73,13,9,8,0,4,0,2,1,6
7,2,10,2,50,102,94,111,125,132,140,133,124,112,72,7,6,1,9,8,0,9,0,2
7,7,3,11,13,100,92,106,116,129,134,130,117,82,54,13,8,0,7,1,5,10,3,0
7,8,10,0,5,40,74,69,100,130,136,121,77,58,50,11,11,7,11,0,0,0,0,3
8,3,8,10,14,9,40,67,106,132,145,159,103,77,54,21,12,4,8,4,4,2,5,6
10,11,16,25,26,37,60,109,237,228,229,183,149,111,59,41,30,16,23,29,17,14,14,9
9,13,17,27,52,115,138,184,236,225,197,212,162,127,76,47,15,13,12,5,8,8,3,1
12,12,10,14,79,117,139,213,256,299,292,230,150,116,64,51,12,9,8,7,4,7,4,1
10,13,13,12,47,107,152,202,238,273,253,194,139,111,55,16,6,13,13,9,6,1,7,1
11,13,19,35,56,108,175,224,254,247,223,158,105,62,42,16,18,17,6,4,1,2,4,2
9,10,12,44,68,96,147,167,184,192,161,111,62,39,23,26,27,10,7,0,0,2,0,1
4,11,12,21,103,114,139,151,152,153,138,108,48,16,13,12,10,0,3,5,3,1,3,8
13,14,18,36,102,109,130,145,144,130,119,103,54,12,8,0,2,0,0,0,0,0,4,3
5,8,12,31,102,117,119,128,116,118,111,89,13,0,0,0,0,0,0,0,2,8,11,10
11,8,8,21,67,101,111,115,117,112,100,10,0,0,0,0,0,0,0,0,2,0,0,0
7,5,5,18,52,100,109,122,116,106,75,11,12,0,0,0,0,0,0,0,5,0,5,0
5,16,13,14,50,66,108,115,106,79,8,0,0,5,0,0,0,0,0,0,0,0,3,3
2,5,10,13,45,62,82,85,68,39,15,7,4,12,2,0,0,0,5,5,0,0,2,5
6,13,9,12,14,59,61,73,80,84,42,17,12,23,9,5,7,11,11,9,6,1,8,8
0,5,12,15,29,48,77,111,105,110,52,13,7,4,0,0,1,0,3,7,2,0,0,0
8,9,7,10,14,32,113,140,125,97,61,14,5,0,0,0,0,0,0,0,0,0,0,8
10,11,11,13,16,45,81,141,135,87,55,5,2,0,0,0,0,0,5,0,0,0,0,0
6,10,8,11,14,50,75,131,118,71,38,6,0,1,2,3,0,0,2,4,0,2,0,0
4,9,6,6,9,14,59,100,107,61,31,10,0,0,2,0,7,0,0,0,0,0,0,0
0,0,4,8,1,9,55,85,81,55,23,10,4,0,2,5,0,1,3,0,6,0,0,0
0,4,1,5,12,20,52,89,84,52,25,8,8,7,8,5,6,0,6,0,0,0,2,0
12,6,1,3,11,14,50,95,87,57,16,10,7,4,8,0,0,0,0,0,0,0,0,0
0,0,0,4,9,13,34,83,71,55,10,9,5,6,3,0,0,10,0,0,0,0,0,0
0,0,0,6,2,9,50,57,71,68,14,4,1,9,11,11,0,9,5,4,2,5,8,3
0,6,7,6,8,12,56,64,52,59,20,12,8,8,1,7,7,11,8,4,0,0,8,6
0,9,10,7,12,13,62,67,64,27,13,7,10,11,7,10,0,0,6,6,2,1,8,2
7,8,8,11,14,25,54,52,12,13,11,9,0,0,2,7,4,4,0,2,3,0,0,2

10,22,16,18,20,14,14,13,21,10,11,5,1,10,12,9,11,7,10,4,3,7,7,7
14,14,36,33,13,95,101,53,28,14,10,8,2,8,13,10,8,8,10,9,5,9,4,10
10,13,15,50,103,170,246,278,165,93,88,57,4,9,10,2,0,7,10,5,4,3,4,9
14,21,30,81,121,214,386,362,288,177,111,74,12,54,13,10,12,11,5,5,9,8,6,7
52,37,52,81,143,257,288,285,288,208,115,92,51,19,4,7,11,1,0,0,3,0,2,0
54,51,75,105,141,160,232,252,222,212,120,69,49,35,40,40,22,10,14,12,10,9,9,10
46,77,92,99,92,87,106,126,178,166,104,82,54,12,3,7,13,15,13,13,14,11,7,6
60,69,87,75,13,52,80,111,149,136,97,76,65,3,0,0,0,0,5,14,11,5,0,2
67,58,58,52,53,70,101,134,140,137,110,101,68,13,4,0,0,0,0,0,8,2,4,6
53,42,43,52,55,69,117,170,182,178,157,121,93,61,6,10,8,10,1,0,0,0,3,1
12,11,9,40,51,63,101,139,182,193,189,141,86,64,27,0,13,9,5,7,9,4,4,8
0,4,10,32,50,56,79,122,162,184,184,129,94,71,58,5,12,7,9,0,0,0,0,0
0,0,0,24,43,56,65,107,130,143,151,142,115,105,73,13,9,8,0,3,0,1,1,6
7,2,10,2,48,101,94,110,125,132,140,133,124,112,72,7,6,1,9,8,0,9,0,2
7,7,4,11,13,100,92,105,116,129,135,131,117,83,54,13,8,0,7,1,5,10,3,0
7,8,10,0,5,36,74,69,100,130,136,122,77,58,51,11,11,7,11,0,0,0,0,3
8,4,8,10,14,8,25,67,105,131,146,161,105,78,54,23,12,4,8,4,4,2,5,6
10,11,15,25,26,36,58,107,236,230,232,186,151,113,59,41,31,17,23,29,17,14,14,9
9,13,17,27,52,114,136,182,237,226,199,215,164,127,78,48,15,13,12,5,8,8,3,1
12,12,10,14,78,117,139,210,253,300,297,234,152,117,65,51,12,9,8,7,4,7,4,1
10,13,13,12,48,107,151,198,234,273,256,196,139,111,55,18,6,13,13,9,6,1,7,1
11,13,19,35,56,108,175,221,248,245,223,158,105,63,42,17,19,18,6,4,1,2,4,2
9,10,12,44,70,97,147,164,179,189,160,111,62,39,23,26,27,10,7,0,0,2,0,1
4,11,12,25,104,115,139,149,149,150,137,107,48,14,13,12,10,0,3,5,4,1,3,8
13,14,18,38,103,110,130,144,143,129,119,103,53,11,8,0,2,0,0,0,0,0,4,3
5,8,12,32,103,117,119,128,116,118,110,87,13,0,0,0,0,0,0,0,2,8,11,10
11,8,8,24,69,101,111,115,117,111,100,10,0,0,0,0,0,0,0,0,2,0,0,0
7,5,5,22,53,100,110,122,116,106,76,10,11,0,0,0,0,0,0,0,5,0,5,0
5,16,13,15,51,67,109,116,106,78,8,0,0,4,0,0,0,0,0,0,0,0,3,3
2,5,10,14,48,64,83,87,68,38,15,7,4,12,2,0,0,0,5,5,0,0,2,5
6,13,9,12,14,62,62,74,80,84,42,17,11,23,9,5,7,11,11,9,6,1,9,8
0,5,12,15,29,48,78,112,105,110,52,13,7,5,0,0,1,0,3,7,2,0,0,0
8,9,7,10,14,33,114,141,126,97,61,14,5,0,0,0,0,0,0,0,0,0,0,8
10,11,12,13,17,45,81,141,136,86,55,6,2,0,0,0,0,0,5,0,0,0,0,0
6,10,8,11,14,50,75,132,119,71,40,7,0,1,2,3,0,0,3,4,0,2,0,0
4,9,6,6,9,14,59,100,108,61,33,10,0,0,2,0,7,0,0,0,0,0,0,0
0,0,4,8,1,9,54,85,81,55,25,10,4,0,2,5,0,1,3,0,6,0,0,0
0,4,1,5,12,19,52,88,84,53,26,8,8,6,8,5,6,0,6,0,0,0,2,0
13,6,1,3,11,13,50,94,87,57,17,10,7,3,7,0,0,0,0,0,0,0,0,0
0,0,0,4,9,12,33,82,71,55,11,9,5,6,2,0,0,10,0,0,0,0,0,0
0,0,0,6,2,9,47,57,71,68,14,4,1,9,11,11,0,9,5,3,2,5,8,3
0,6,7,6,7,12,55,64,52,60,22,12,8,7,1,6,7,11,8,4,0,0,8,6
0,9,10,7,12,13,62,67,65,27,13,7,10,11,7,10,0,0,6,6,2,1,8,2
7,8,8,11,14,25,54,52,12,13,11,8,0,0,2,7,4,4,0,2,3,0,0,2

10,21,17,18,20,14,14,13,22,10,11,5,1,10,12,9,11,7,10,4,3,7,7,7
14,14,36,33,13,94,101,53,28,14,11,8,2,8,13,9,8,8,10,9,5,9,4,10
10,13,15,50,103,170,246,278,165,93,88,57,4,9,10,2,0,7,10,5,4,3,5,9
14,21,30,81,121,214,386,363,290,178,111,75,12,54,12,10,12,11,5,5,9,8,6,7
52,37,52,81,143,257,288,285,289,208,115,92,51,18,4,7,11,1,0,0,3,0,2,0
54,51,75,105,141,160,232,252,222,211,120,69,49,36,40,40,22,10,14,12,10,9,9,10
46,77,92,99,92,87,106,126,177,165,103,82,54,12,3,8,13,15,13,13,14,11,7,5
60,69,88,75,13,52,79,110,148,135,97,76,64,3,0,0,0,0,5,14,11,5,0,2
67,58,58,51,53,70,100,133,139,135,109,100,67,13,4,0,0,0,0,0,8,2,4,6
53,42,43,52,55,69,117,170,182,176,155,119,92,61,6,10,8,10,1,0,0,0,3,1
12,11,9,40,51,63,102,141,184,194,189,141,86,64,26,0,12,8,4,7,9,4,3,8
0,4,10,32,50,56,80,124,165,185,185,130,95,71,58,5,12,7,9,0,0,0,0,0
0,0,0,25,44,57,66,108,131,144,152,143,116,105,74,14,9,8,0,3,0,1,1,6
7,2,10,3,52,102,95,111,125,133,141,133,125,112,74,7,6,1,9,8,0,9,0,2
7,7,4,11,14,100,93,106,117,129,135,132,118,84,54,13,8,0,7,1,5,10,3,0
7,8,10,0,5,38,75,69,100,129,136,122,78,58,51,11,11,7,11,0,0,0,0,3
8,4,8,10,14,8,23,66,103,129,145,161,106,78,54,22,12,4,8,4,4,2,5,6
10,11,15,25,26,36,58,105,233,228,231,185,152,114,59,41,31,16,23,29,17,14,14,9
9,13,17,27,51,113,135,181,235,226,199,215,165,128,78,48,16,13,12,5,8,8,3,1
12,12,10,14,78,117,138,208,251,299,297,236,153,117,65,51,12,9,8,7,4,7,4,1
10,13,13,12,47,107,150,197,233,272,257,196,140,112,55,19,6,13,13,8,6,1,7,1
11,13,19,35,56,108,174,220,246,245,224,159,106,64,43,17,18,18,6,4,1,2,4,2
9,10,12,44,70,97,147,164,178,188,160,111,62,40,23,26,27,10,7,0,0,2,0,1
4,11,12,25,103,115,139,149,148,150,137,108,50,14,13,12,10,0,3,5,3,1,3,8
13,14,18,38,103,110,130,144,142,129,119,103,52,11,8,0,2,0,0,0,0,0,4,3
5,8,12,32,103,117,119,127,115,118,110,89,13,0,0,0,0,0,0,0,2,8,11,10
11,8,8,24,69,101,111,115,117,112,100,10,0,0,0,0,0,0,0,0,2,0,0,0
7,5,5,23,53,100,110,122,116,107,75,10,11,0,0,0,0,0,0,0,5,0,5,0
5,15,13,15,51,67,110,116,106,79,8,0,0,4,0,0,0,0,0,0,0,0,3,3
2,5,10,14,49,64,83,87,68,38,15,7,4,12,2,0,0,0,5,5,0,0,3,5
6,13,9,12,15,62,62,75,81,84,41,17,11,22,9,5,7,11,11,9,6,1,8,8
0,5,12,16,29,48,78,112,106,109,52,13,7,5,0,0,1,0,3,7,2,0,0,0
8,9,7,10,14,33,115,142,127,97,61,15,6,0,0,0,0,0,0,0,0,0,0,8
10,11,12,13,18,46,82,142,136,87,55,6,2,0,0,0,0,0,5,0,0,0,0,0
6,10,8,11,14,50,75,132,120,71,40,7,0,1,2,3,0,0,3,4,0,2,0,0
4,9,6,6,9,14,59,100,109,61,32,10,0,0,2,0,7,0,0,0,0,0,0,0
0,0,4,8,1,9,54,85,82,55,25,10,4,0,2,5,0,1,2,0,6,0,0,0
0,4,1,5,12,18,52,89,84,53,26,8,8,6,7,5,6,0,6,0,0,0,2,0
12,6,1,3,11,13,50,94,88,57,17,11,7,3,7,0,0,0,0,0,0,0,0,0
0,0,0,4,9,12,33,82,71,56,11,9,5,6,2,0,0,10,0,0,0,0,0,0
0,0,0,6,2,9,47,57,71,69,14,4,1,9,11,11,0,9,5,3,2,5,8,3
0,6,7,6,7,12,56,64,53,60,25,12,7,7,1,6,7,11,8,4,0,0,8,6
0,9,10,7,12,13,62,67,65,28,13,8,10,11,7,10,0,0,5,6,2,1,8,1
7,8,8,12,14,25,54,52,12,13,11,9,0,0,2,7,4,4,0,2,3,0,0,2

10,21,16,17,21,14,14,13,22,10,11,5,1,10,12,9,11,7,10,4,2,7,7,7
14,14,39,33,13,95,101,53,29,14,10,8,2,8,13,10,8,8,10,9,5,9,4,10
10,13,15,50,103,170,247,280,166,93,90,58,4,9,10,3,0,7,10,5,4,3,4,9
15,22,30,81,121,214,387,363,290,177,111,75,12,54,12,10,12,11,5,5,9,7,6,7
53,37,52,82,143,258,289,285,288,206,115,91,51,18,4,7,11,1,0,0,3,0,2,0
54,51,75,105,141,160,232,251,221,208,119,69,49,35,40,40,21,10,14,12,9,9,9,10
46,77,92,99,92,87,106,125,175,163,102,81,54,12,3,8,13,15,13,13,13,11,6,5
60,69,87,75,13,52,79,110,147,134,95,75,63,2,0,0,0,0,4,14,11,5,0,2
67,58,58,52,53,70,100,132,139,133,107,99,67,12,3,0,0,0,0,0,8,2,4,6
53,42,43,52,55,69,117,170,181,174,152,117,90,60,5,10,8,10,1,0,0,0,3,1
12,11,9,39,51,63,102,141,184,194,188,140,85,63,21,0,12,8,4,6,9,4,3,7
0,4,10,32,50,56,81,125,167,186,185,130,95,71,58,5,12,7,9,0,0,0,0,0
0,0,0,25,46,57,67,109,132,145,153,143,117,105,75,13,9,8,0,3,0,1,1,6
7,2,10,3,58,102,97,112,126,134,142,134,125,113,74,9,7,2,9,8,0,9,0,2
7,7,4,12,14,101,96,107,118,130,136,132,119,85,55,14,8,0,8,1,5,10,3,0
7,8,10,0,6,41,78,70,100,128,136,122,78,58,51,11,11,8,11,0,0,0,0,3
8,4,8,10,14,9,25,66,101,127,144,161,106,78,54,21,12,4,8,4,4,2,5,6
9,11,15,25,26,36,58,103,231,226,229,185,153,114,60,41,31,17,23,29,17,14,14,9
9,13,17,27,51,112,133,180,234,225,198,216,165,128,79,48,16,13,12,5,8,8,3,1
12,12,10,14,77,116,138,208,249,299,298,237,153,117,66,51,12,9,8,7,4,7,4,1
10,13,13,12,47,106,149,197,233,271,258,198,140,112,55,20,6,13,13,8,6,1,7,1
11,13,19,35,56,108,174,219,246,244,225,160,106,64,43,17,19,18,6,4,1,2,4,2
9,10,12,44,69,97,147,163,178,188,160,112,63,40,24,26,27,10,7,0,0,2,0,1
3,11,12,27,103,115,139,149,148,150,138,108,51,14,13,12,10,0,3,5,4,1,4,8
13,14,18,38,103,110,130,144,142,129,119,103,52,11,8,0,2,0,0,0,0,0,4,3
5,8,12,33,103,117,119,127,115,118,110,91,13,0,0,0,0,0,0,0,2,8,11,10
11,8,8,24,69,101,111,115,117,112,100,10,0,0,0,0,0,0,0,0,2,0,0,0
7,5,5,24,53,100,110,122,116,107,75,10,11,0,0,0,0,0,0,0,5,0,5,0
5,15,13,16,51,66,110,116,106,79,8,0,0,4,0,0,0,0,0,0,0,0,3,2
2,5,10,14,49,64,83,87,68,38,15,7,4,12,2,0,0,0,4,4,0,0,2,5
6,13,9,12,15,62,62,75,80,84,42,18,11,22,9,5,7,11,11,9,6,1,8,8
0,5,12,16,29,48,78,112,106,110,53,13,7,5,0,0,1,0,3,7,2,0,0,0
8,9,7,10,14,33,115,142,127,98,61,15,5,0,0,0,0,0,0,0,0,0,0,8
10,11,12,13,19,45,82,143,137,87,55,7,2,0,0,0,0,0,5,0,0,0,0,0
6,10,8,11,14,50,75,133,120,72,44,7,0,1,2,3,0,0,3,4,0,1,0,0
4,9,6,6,9,14,59,100,109,61,35,10,0,0,2,0,7,0,0,0,0,0,0,0
0,0,4,8,1,9,54,86,82,55,26,10,4,0,2,5,0,1,2,0,6,0,0,0
0,4,1,5,12,17,52,89,85,53,27,8,8,6,7,5,6,0,6,0,0,0,2,0
13,6,1,3,11,13,50,94,88,57,19,11,7,3,7,0,0,0,0,0,0,0,0,0
0,0,0,4,9,12,33,82,71,56,11,9,5,6,2,0,0,10,0,0,0,0,0,0
0,0,0,6,2,9,48,57,71,69,14,4,1,9,10,11,0,9,5,3,2,5,8,3
0,6,7,6,7,12,56,65,53,61,31,12,7,8,1,6,7,11,8,4,0,0,8,6
0,9,10,7,12,13,62,67,66,29,13,8,10,11,7,10,0,0,5,6,2,1,8,1
7,8,8,11,14,25,55,52,13,13,11,9,0,0,2,7,4,4,0,2,3,0,0,2

10,21,16,18,21,14,14,13,22,10,11,5,1,10,12,9,11,7,10,4,3,7,7,7
14,14,37,33,13,95,101,54,27,14,11,8,2,8,13,9,8,8,10,9,5,9,4,10
10,13,15,50,103,170,247,279,166,93,89,58,4,9,10,2,0,7,10,5,4,3,4,9
15,22,30,81,121,215,388,362,289,177,111,75,12,54,12,10,12,11,5,5,9,7,6,7
52,37,52,82,143,258,289,284,288,206,114,91,50,17,4,7,11,0,0,0,3,0,2,0
54,51,75,105,142,160,233,252,220,209,119,69,49,35,40,39,21,10,14,12,9,9,9,10
46,77,92,99,92,87,105,125,175,163,102,81,54,12,2,8,13,14,13,13,13,11,6,5
60,69,88,75,14,52,79,110,147,134,95,75,63,2,0,0,0,0,4,14,11,5,0,2
67,58,58,51,53,70,100,133,138,133,107,99,67,12,3,0,0,0,0,0,7,2,4,6
53,42,42,52,55,69,118,170,181,174,152,117,90,60,5,10,8,10,1,0,0,0,3,1
12,11,9,40,51,63,102,141,183,194,188,140,85,63,22,0,12,8,4,6,9,4,3,7
0,4,10,32,50,56,81,125,166,186,185,130,95,71,58,5,13,7,9,0,0,0,0,0
0,0,0,25,46,57,67,109,132,145,153,143,117,105,75,13,9,8,0,3,0,1,1,6
7,2,10,3,58,102,97,112,126,134,142,134,125,113,74,9,7,2,9,8,0,9,0,2
7,7,4,12,14,101,96,107,118,130,136,132,119,85,55,14,8,0,8,1,5,10,3,0
7,8,10,0,6,42,77,70,100,128,136,122,78,58,51,11,11,8,11,0,0,0,0,3
8,4,8,10,14,9,27,66,102,128,143,160,105,79,54,21,12,4,8,4,4,2,5,6
9,11,15,25,26,36,58,104,232,225,228,184,152,114,60,41,31,17,23,29,17,14,14,9
9,13,17,27,51,113,134,181,234,224,197,214,164,128,79,48,15,13,12,5,8,8,3,1
12,12,10,14,78,117,138,210,252,296,293,233,152,117,66,51,12,9,8,7,4,7,4,1
10,13,13,12,47,106,150,200,236,272,254,196,140,112,55,19,6,13,13,8,6,1,7,1
11,13,19,35,55,107,174,225,253,248,225,160,106,65,43,17,18,18,6,4,1,2,5,2
9,10,12,44,67,95,147,169,185,192,162,112,64,40,24,26,27,10,7,0,0,2,0,1
4,11,12,21,102,114,139,153,155,155,139,108,52,15,13,12,10,0,3,5,4,1,4,8
13,14,18,36,101,109,130,146,145,130,119,104,56,12,8,0,2,0,0,0,0,0,4,3
5,8,12,30,102,117,119,129,116,119,111,92,14,0,0,0,0,0,0,0,2,8,11,10
11,8,8,21,64,101,111,116,117,112,100,10,0,0,0,0,0,0,0,0,2,0,0,0
7,5,5,18,51,100,109,121,116,107,77,11,11,0,0,0,0,0,0,0,5,0,5,0
5,15,13,14,50,65,107,115,106,81,9,0,0,5,0,0,0,0,0,0,0,0,3,3
2,5,10,13,41,60,79,85,69,40,18,7,4,12,2,0,0,0,4,4,0,0,2,5
6,13,9,11,14,58,60,73,80,85,43,18,11,23,9,5,7,11,11,9,6,1,8,8
0,5,12,15,29,47,76,111,106,110,53,13,7,5,0,0,1,0,3,7,2,0,0,0
8,9,7,10,14,32,112,140,127,99,62,16,5,0,0,0,0,0,0,0,0,0,0,8
10,11,11,13,17,45,80,141,137,88,56,6,2,0,0,0,0,0,5,0,0,0,0,0
6,10,8,11,14,50,74,132,121,72,44,7,0,2,2,2,0,0,2,4,0,1,0,0
4,9,6,6,9,14,59,100,110,62,35,10,0,0,1,0,7,0,0,0,0,0,0,0
0,0,4,8,1,9,54,86,83,56,29,10,5,0,2,5,0,0,2,0,6,0,0,0
0,4,1,6,12,17,52,90,86,53,28,8,8,6,8,5,6,0,6,0,0,0,2,0
13,6,1,3,11,13,50,95,89,58,20,11,7,3,7,0,0,0,0,0,0,0,0,0
0,0,0,4,9,13,34,83,72,56,11,9,4,6,2,0,0,10,0,0,0,0,0,0
0,0,0,7,3,9,50,57,71,69,15,4,1,9,11,11,0,9,5,3,2,5,8,3
0,5,7,6,7,12,56,64,53,61,34,13,8,8,1,6,7,11,8,4,0,0,8,6
0,9,10,7,12,13,63,67,66,30,13,10,11,11,7,10,0,0,6,6,2,1,8,2
7,8,8,11,14,25,54,52,13,13,11,9,0,0,2,7,4,4,0,2,3,0,0,2

10,21,17,18,21,14,14,13,21,10,11,5,1,10,12,9,11,7,10,4,2,7,7,7
14,14,37,33,13,95,101,54,28,14,11,8,2,8,13,9,8,8,10,9,5,9,4,10
10,13,16,50,103,170,247,279,165,93,89,58,4,9,10,2,0,7,10,5,4,3,4,9
15,22,30,81,121,215,386,362,290,178,111,74,12,54,12,10,12,11,5,5,9,7,6,7
53,37,52,81,143,257,288,283,288,206,115,91,51,17,4,7,10,0,0,0,3,0,2,0
54,51,75,105,141,160,233,251,221,209,120,69,49,35,40,39,22,10,14,11,9,9,9,10
46,77,92,99,92,87,106,126,176,164,102,81,54,12,2,7,13,14,13,13,13,11,6,5
60,69,88,75,13,52,79,110,148,134,96,75,64,2,0,0,0,0,4,14,11,5,0,2
67,58,58,51,53,70,101,133,139,134,108,100,67,12,3,0,0,0,0,0,7,2,4,6
53,41,43,52,55,69,118,170,181,175,154,118,92,61,5,10,8,10,0,0,0,0,3,0
12,11,9,40,51,63,102,141,183,193,188,141,86,64,25,0,12,8,4,6,9,4,3,8
0,4,10,32,50,56,81,124,165,186,185,130,95,71,58,5,12,7,9,0,0,0,0,0
0,0,0,24,45,57,66,108,131,145,152,143,117,105,75,13,9,7,0,3,0,1,1,6
7,2,10,3,54,102,96,112,126,133,141,134,125,113,74,9,7,2,9,8,0,9,0,2
7,7,4,11,14,101,95,107,117,130,136,132,119,85,55,14,8,0,8,1,5,10,3,0
7,8,10,0,6,40,76,69,100,129,136,122,78,58,51,11,11,8,11,0,0,0,0,3
8,4,8,10,14,9,23,67,103,128,144,161,106,79,55,23,12,4,8,4,4,2,5,6
9,11,15,25,26,36,58,105,233,225,229,184,152,114,60,41,31,17,23,29,17,14,14,9
9,13,17,28,52,113,134,181,234,224,197,213,164,128,79,49,15,13,12,5,8,8,3,1
12,12,10,14,78,117,138,210,254,298,292,232,152,117,66,51,12,9,8,7,4,7,4,1
10,13,13,12,47,106,150,201,238,272,254,196,140,112,55,19,6,13,13,8,6,1,7,1
11,13,19,35,55,106,174,226,257,249,226,160,106,65,43,17,18,18,6,4,1,2,4,2
9,10,12,43,67,94,147,169,186,193,163,112,64,40,24,26,27,10,7,0,0,2,0,1
4,11,12,21,102,113,139,154,156,156,139,108,52,16,13,12,10,0,3,5,3,1,4,8
13,14,18,36,101,108,130,146,146,131,120,104,57,12,8,0,2,0,0,0,0,0,4,3
5,8,12,30,101,116,119,128,117,119,111,96,14,0,0,0,0,0,0,0,2,8,11,10
11,8,7,20,63,101,111,116,117,112,100,11,0,0,0,0,0,0,0,0,2,0,0,0
7,5,5,16,51,100,109,121,116,107,78,11,11,0,0,0,0,0,0,0,5,0,5,0
5,15,13,14,49,65,107,114,106,83,10,0,0,5,0,0,0,0,0,0,0,0,3,2
2,5,10,13,40,60,78,84,68,41,19,7,4,13,2,0,0,0,3,4,0,0,2,5
6,12,9,11,14,57,59,73,80,85,44,18,12,23,9,5,7,11,11,9,6,1,8,8
0,5,12,15,29,47,75,110,106,110,54,13,8,5,0,0,1,0,3,7,2,0,0,0
8,9,7,10,14,32,111,140,127,99,62,20,6,0,0,0,0,0,0,0,0,0,0,8
10,11,12,13,17,45,79,141,137,88,56,6,2,0,0,0,0,0,5,0,0,0,0,0
6,10,7,11,14,49,74,132,121,72,44,7,0,2,2,2,0,0,2,4,0,1,0,0
4,9,6,6,9,14,58,100,111,62,35,10,0,0,1,0,7,0,0,0,0,0,0,0
0,0,4,8,2,9,54,86,84,56,30,10,5,0,3,5,0,0,2,0,6,0,0,0
0,4,1,6,12,19,52,90,86,53,28,8,9,6,8,5,6,0,6,0,0,0,2,0
13,6,1,3,11,13,50,96,89,58,21,11,7,3,7,0,0,0,0,0,0,0,0,0
0,0,0,4,9,13,34,83,72,56,11,9,5,6,2,0,0,10,0,0,0,0,0,0
0,0,0,7,3,9,50,58,72,70,16,5,2,9,11,11,0,9,5,3,2,5,8,3
0,5,7,6,7,12,56,65,53,61,36,13,8,8,1,6,7,11,8,4,0,0,8,6
0,9,10,7,12,13,63,67,66,30,13,10,11,11,7,10,0,0,6,6,2,1,8,2
7,8,8,11,14,25,54,52,13,13,11,9,0,0,2,7,4,4,0,2,3,0,0,2

10,21,16,18,21,14,14,13,22,10,11,5,1,10,12,9,11,7,10,4,2,7,7,7
14,14,39,33,13,95,101,53,28,14,10,8,2,8,13,9,8,8,10,9,5,9,4,10
10,13,15,50,103,170,246,277,165,93,88,58,4,9,10,2,0,7,10,4,3,3,4,8
14,22,30,81,121,214,386,362,289,178,111,75,12,54,12,10,12,11,5,5,9,7,6,7
52,37,52,81,143,257,288,284,289,207,115,92,51,18,3,7,10,0,0,0,2,0,2,0
54,51,75,105,141,160,232,252,221,211,120,69,49,36,40,39,21,10,14,11,9,9,9,10
46,77,92,99,91,88,106,126,177,165,103,82,55,12,2,7,13,14,13,13,13,11,6,5
60,69,87,75,13,52,79,110,149,135,97,76,65,3,0,0,0,0,4,13,11,5,0,2
67,58,58,51,53,70,101,133,139,135,109,101,68,13,3,0,0,0,0,0,7,2,4,6
53,41,44,52,55,69,117,170,182,176,155,120,92,61,5,10,8,10,0,0,0,0,3,0
12,11,9,40,51,63,102,141,182,193,189,141,87,64,26,0,12,8,4,6,9,3,3,7
0,4,10,33,50,56,80,123,164,185,185,130,95,72,58,5,12,7,9,0,0,0,0,0
0,0,0,25,44,57,66,108,131,145,152,143,117,105,75,13,9,7,0,3,0,1,1,6
8,2,10,3,50,102,95,111,125,133,141,134,125,113,74,9,7,2,9,8,0,9,0,2
7,7,4,11,13,100,94,106,117,130,136,132,119,85,54,14,8,0,8,1,5,10,3,0
7,8,10,0,5,38,76,69,100,130,136,122,78,58,51,11,11,8,11,0,0,0,0,3
8,4,8,10,14,8,22,67,104,130,145,161,106,79,55,23,12,4,8,4,4,2,5,6
9,11,15,25,26,36,59,106,234,227,230,185,152,115,60,41,31,17,23,29,17,14,14,9
9,13,17,28,52,113,134,182,235,224,198,213,164,128,80,49,16,13,12,5,8,8,3,1
12,12,10,15,79,117,138,211,255,299,293,232,152,118,67,51,12,9,8,7,4,7,4,1
10,13,13,13,47,106,150,201,239,274,254,196,140,112,55,20,6,13,13,8,6,1,7,1
11,13,19,35,54,106,173,225,257,249,226,161,107,65,43,17,18,18,6,4,1,2,4,2
9,10,12,43,67,93,147,168,186,194,163,112,64,40,24,26,27,10,7,0,0,2,0,1
4,11,12,21,102,113,139,153,156,156,139,108,52,16,13,12,10,0,3,5,4,1,4,8
13,14,18,36,101,108,130,146,146,131,120,104,56,12,8,0,2,0,0,0,0,0,4,3
5,7,11,31,101,116,119,128,117,119,111,96,14,0,0,0,0,0,0,0,2,8,11,10
11,8,7,20,63,101,111,115,117,112,101,11,0,0,0,0,0,0,0,0,2,0,0,0
7,4,5,17,51,100,109,121,116,107,78,11,12,0,0,0,0,0,0,0,5,0,5,0
5,15,13,14,49,65,107,115,106,83,9,0,0,5,0,0,0,0,0,0,0,0,3,2
1,5,10,13,40,60,78,85,68,41,19,6,4,13,2,0,0,0,3,4,0,0,2,5
6,12,9,11,14,57,60,73,81,86,44,19,12,23,9,5,7,11,11,9,6,1,8,8
0,5,12,15,29,47,75,111,106,110,54,13,8,5,0,0,1,0,3,7,2,0,0,0
8,9,7,10,14,32,111,140,128,99,62,25,6,0,0,0,0,0,0,0,0,0,0,8
10,11,11,13,17,45,79,141,137,88,56,7,3,0,0,0,0,0,5,0,0,0,0,0
6,10,7,11,14,49,74,132,121,72,46,7,0,2,2,2,0,0,2,4,0,1,0,0
4,9,6,6,9,14,58,100,111,62,35,10,0,0,1,0,7,0,0,0,0,0,0,0
0,0,4,8,2,9,54,86,83,56,30,10,5,0,2,5,0,0,2,0,6,0,0,0
0,4,1,6,12,17,52,90,86,53,29,8,9,7,8,5,6,0,6,0,0,0,2,0
13,6,1,3,12,13,50,96,90,58,21,11,7,3,7,0,0,0,0,0,0,0,0,0
0,0,0,4,9,13,34,83,72,56,11,10,5,6,2,0,0,10,0,0,0,0,0,0
0,0,0,7,3,9,50,58,71,70,17,5,2,9,11,11,0,9,5,3,2,5,8,3
0,5,7,6,7,12,56,64,53,62,36,13,8,8,1,6,7,11,8,4,0,0,8,6
0,9,10,7,12,13,63,67,66,30,13,10,11,11,7,10,0,0,6,6,2,1,8,1
7,8,8,11,14,25,54,52,13,13,11,9,0,0,2,7,4,4,0,2,3,0,0,2

10,22,16,18,21,14,14,13,22,10,11,5,1,10,12,9,11,7,10,4,2,7,7,7
14,14,37,32,13,94,101,53,27,14,10,8,2,8,13,9,8,8,9,9,5,9,4,10
10,13,15,50,103,170,245,275,165,92,90,57,4,9,10,2,0,7,10,4,3,3,4,8
15,21,31,81,121,214,386,361,289,178,111,75,12,55,12,10,12,10,5,5,9,7,6,7
52,37,52,81,143,257,288,284,289,208,116,92,51,18,3,7,10,0,0,0,2,0,2,0
54,51,75,105,141,160,233,253,223,213,121,70,50,35,40,39,22,10,14,11,9,9,9,10
46,77,92,99,92,88,106,126,178,166,104,83,55,12,2,7,13,14,13,13,13,11,6,5
60,69,87,75,13,52,80,111,149,136,98,76,65,3,0,0,0,0,4,13,11,5,0,2
67,58,58,51,53,70,101,134,141,137,110,102,68,13,4,0,0,0,0,0,7,2,4,6
53,41,44,52,55,69,117,170,182,176,156,121,93,61,6,10,8,10,0,0,0,0,3,1
12,11,9,40,51,63,101,140,182,192,189,141,87,64,27,0,12,8,4,6,9,3,3,7
0,4,10,33,50,55,80,123,163,185,185,130,95,72,58,5,12,7,9,0,0,0,0,0
0,0,0,25,43,56,65,108,130,144,151,142,116,105,75,13,8,7,0,3,0,1,1,6
8,2,10,3,43,101,94,111,125,132,140,133,125,113,74,8,6,2,9,8,0,9,0,2
7,7,4,11,13,100,92,106,117,130,136,131,118,84,54,14,8,0,8,1,5,10,3,0
7,8,10,0,5,35,75,69,100,130,137,122,78,59,51,11,11,8,11,0,0,0,0,3
8,4,8,10,14,8,19,67,105,131,145,162,106,79,54,23,12,4,8,4,4,2,5,6
9,11,15,25,26,36,59,106,236,228,231,185,152,115,60,42,31,17,23,29,17,14,14,9
9,13,17,28,51,113,134,182,236,225,198,214,165,128,80,48,16,13,12,5,8,8,3,1
12,12,10,15,78,117,138,211,255,299,294,232,152,118,67,51,12,9,8,7,4,7,4,1
10,13,13,12,47,106,150,201,240,274,254,196,140,112,55,20,6,13,14,9,6,1,7,0
11,13,19,35,54,106,173,226,258,250,226,161,107,65,43,17,19,18,6,4,1,2,4,2
9,10,12,44,67,93,147,169,186,194,163,112,64,40,24,26,27,10,7,0,0,2,0,1
4,11,12,21,102,113,139,153,156,156,139,108,52,16,13,12,10,0,3,5,4,1,4,8
13,14,18,36,101,108,130,146,146,131,120,104,58,12,8,0,2,0,0,0,0,0,4,3
5,7,12,31,101,116,119,128,117,119,111,98,14,0,0,0,0,0,0,0,2,8,11,10
11,8,7,21,63,101,111,115,117,112,100,11,0,0,0,0,0,0,0,0,2,0,0,0
7,4,5,18,51,100,109,121,116,107,78,11,12,0,0,0,0,0,0,0,5,0,5,0
5,15,13,14,49,65,107,114,106,84,10,0,0,6,0,0,0,0,0,0,0,0,3,2
1,5,10,13,40,59,78,84,68,41,19,7,4,13,2,0,0,0,3,4,0,0,2,5
6,12,9,11,14,57,59,73,81,85,44,19,12,23,9,5,7,11,11,9,6,1,8,8
0,4,12,15,29,47,75,110,106,110,54,13,8,5,0,0,1,0,3,7,2,0,0,0
8,9,7,10,14,32,110,140,128,99,62,24,6,0,0,0,0,0,0,0,0,0,0,8
10,11,11,13,17,45,79,141,137,89,56,7,3,0,0,0,0,0,5,0,0,0,0,0
6,10,7,11,14,50,74,131,122,72,45,8,0,2,3,2,0,0,2,4,0,1,0,0
4,9,6,6,9,14,58,100,111,62,36,10,0,0,1,0,7,0,0,0,0,0,0,0
0,0,4,8,2,9,54,86,84,56,32,10,5,0,2,5,0,0,2,0,6,0,0,0
0,4,1,6,12,16,52,90,86,53,28,8,9,6,8,4,6,0,6,0,0,0,2,0
13,6,1,3,11,13,50,95,90,58,21,11,7,3,7,0,0,0,0,0,0,0,0,0
0,0,0,4,9,13,33,83,72,56,12,9,5,6,3,0,0,10,0,0,0,0,0,0
0,0,0,7,3,9,50,58,71,70,18,5,2,9,11,11,0,9,5,3,2,5,8,3
0,5,7,6,7,12,56,65,53,62,39,13,8,8,1,6,7,11,8,4,0,0,8,6
0,9,10,7,12,13,63,67,66,30,14,11,11,11,7,10,0,0,6,6,2,1,8,1
7,8,8,11,14,25,54,52,13,13,11,9,0,0,2,7,4,4,0,2,3,0,0,2

10,21,16,18,21,14,14,13,22,10,11,5,1,10,12,9,11,7,10,4,2,7,7,7
14,14,37,33,13,94,100,53,28,14,10,8,2,8,13,9,7,8,9,9,4,9,4,10
10,13,15,50,103,170,244,274,164,92,90,58,4,9,10,2,0,6,9,4,3,3,4,8
14,22,30,81,121,213,385,361,288,178,112,75,12,54,13,10,12,10,5,5,9,7,6,7
52,36,52,81,142,256,287,284,289,208,116,92,51,18,3,7,10,0,0,0,2,0,2,0
54,51,75,104,141,160,233,253,224,213,121,70,50,36,40,39,22,10,14,11,9,9,9,10
46,77,92,99,92,87,106,127,179,167,104,83,55,12,3,7,13,14,13,13,13,11,6,5
60,69,87,75,13,52,80,111,150,136,98,77,66,4,0,0,0,0,4,13,11,5,0,2
67,58,58,51,53,71,101,134,141,137,111,102,68,14,4,0,0,0,0,0,7,2,4,6
53,41,45,52,55,69,117,170,183,178,157,122,94,62,6,10,8,10,0,0,0,0,3,0
13,11,9,40,51,63,101,140,183,192,189,142,87,64,29,0,12,8,4,6,9,3,3,7
0,4,10,33,50,55,80,123,163,185,186,130,95,72,58,5,12,7,9,0,0,0,0,0
0,0,0,25,43,56,65,108,130,144,151,142,116,105,75,13,8,7,0,3,0,1,1,6
8,3,10,3,40,101,94,111,125,133,140,133,125,112,74,8,6,2,9,8,0,9,0,2
7,7,4,11,13,100,92,106,117,130,135,131,118,84,54,14,8,0,7,1,5,10,3,0
7,8,10,0,5,34,74,69,100,130,137,123,78,59,51,11,11,8,11,0,0,0,0,3
8,4,8,10,14,8,18,67,105,132,146,162,107,80,55,23,12,4,8,4,4,2,5,6
9,11,15,25,26,36,59,107,236,229,232,186,153,115,60,42,31,17,24,29,17,14,14,9
9,13,17,28,52,113,134,182,236,226,198,214,165,128,80,49,16,13,12,5,8,8,3,1
12,12,10,16,78,116,138,211,256,300,295,234,152,118,67,52,12,9,8,7,4,7,4,1
10,13,13,13,47,106,149,201,239,274,255,196,140,112,55,20,6,13,13,8,6,1,7,1
11,13,19,35,55,106,173,224,254,249,226,161,107,65,43,17,18,18,6,4,1,2,4,2
9,10,11,44,67,94,147,167,184,192,163,112,65,40,24,26,27,10,7,0,0,2,0,1
4,11,12,23,103,114,139,152,153,154,139,108,54,16,13,12,10,0,3,5,3,1,4,8
13,13,18,36,102,109,130,145,144,131,120,104,56,12,8,0,2,0,0,0,0,0,4,3
5,7,11,32,102,117,119,128,116,119,111,95,14,0,0,0,0,0,0,0,2,8,11,10
11,8,7,23,65,101,111,115,117,112,100,11,0,0,0,0,0,0,0,0,2,0,0,0
7,4,5,19,52,100,109,122,116,107,78,11,12,0,0,0,0,0,0,0,5,0,5,0
5,14,13,14,50,66,108,115,106,81,9,0,0,5,0,0,0,0,0,0,0,0,3,2
1,5,10,13,43,61,81,86,68,40,19,7,4,13,2,0,0,0,3,3,0,0,2,5
6,12,9,11,14,59,60,74,80,85,44,18,12,23,9,5,7,11,11,9,6,1,8,8
0,4,11,15,29,47,76,111,106,110,53,13,8,5,0,0,1,0,3,7,2,0,0,0
8,9,7,10,14,32,112,141,128,99,62,23,6,0,0,0,0,0,0,0,0,0,0,8
10,11,11,13,17,45,80,142,138,88,56,7,3,0,0,0,0,0,4,0,0,0,0,0
6,10,7,11,14,49,75,132,122,72,47,8,0,2,3,2,0,0,2,4,0,1,0,0
4,9,6,6,9,14,59,100,111,62,37,11,0,0,2,0,7,0,0,0,0,0,0,0
0,0,4,8,2,9,54,86,83,56,30,10,5,0,2,5,0,0,2,0,6,0,0,0
0,4,1,6,12,16,51,89,86,53,29,8,9,6,8,5,6,0,5,0,0,0,2,0
13,6,1,3,11,13,50,94,89,58,21,11,7,3,7,0,0,0,0,0,0,0,0,0
0,0,0,4,9,12,34,83,72,56,12,10,5,6,3,0,0,10,0,0,0,0,0,0
0,0,0,7,3,9,50,57,71,71,18,5,1,9,11,11,0,9,5,3,2,5,8,3
0,5,7,6,7,12,55,65,53,62,38,13,8,8,1,6,7,11,8,4,0,0,8,6
0,9,10,7,12,13,62,67,66,29,13,10,11,11,7,10,0,0,5,6,2,1,8,1
7,8,8,11,14,25,54,52,13,13,11,9,0,0,2,7,4,4,0,2,3,0,0,2

10,21,17,18,22,14,14,13,22,10,11,5,1,10,12,9,10,7,10,4,2,7,7,7
14,14,39,33,13,94,100,52,28,14,10,8,2,8,13,9,7,8,9,9,4,9,4,10
10,13,15,50,103,169,244,274,164,92,88,58,4,9,10,2,0,6,9,4,3,3,4,8
15,22,30,81,121,213,385,360,288,177,111,75,12,54,12,10,11,10,5,5,9,7,6,7
52,37,52,81,142,256,287,284,289,208,116,92,51,18,3,7,10,0,0,0,3,0,2,0
54,51,75,104,141,160,233,254,223,213,121,70,50,36,40,38,22,10,14,11,9,9,9,10
46,77,92,99,92,87,106,127,178,167,104,82,54,12,3,7,13,14,13,13,13,11,6,5
60,69,88,75,13,52,80,111,150,136,98,76,65,4,0,0,0,0,4,13,10,5,0,2
67,58,58,51,53,70,101,133,140,137,110,101,68,14,4,0,0,0,0,0,7,2,4,6
53,42,45,52,55,69,117,170,183,178,157,121,93,62,6,10,8,10,0,0,0,0,3,0
12,11,9,40,51,63,101,141,184,193,189,142,87,64,27,0,12,8,4,6,9,3,3,7
0,4,10,33,50,55,80,124,165,186,186,131,96,72,58,5,12,7,9,0,0,0,0,0
0,0,0,26,44,56,65,108,131,144,152,143,117,105,75,13,8,7,0,3,0,1,1,6
8,2,10,3,45,101,94,111,125,133,141,134,125,113,74,8,6,2,9,8,0,9,0,2
7,7,4,11,13,100,92,106,117,130,136,132,119,85,54,14,8,0,8,1,5,10,3,0
7,8,10,0,5,35,74,69,100,130,137,123,79,59,51,11,11,8,11,0,0,0,0,3
8,4,8,10,14,8,16,66,104,131,146,163,108,80,55,23,12,4,8,4,4,2,5,6
10,11,15,25,26,36,58,106,236,230,234,187,154,116,60,42,31,17,24,29,17,14,14,9
9,13,17,28,52,112,133,181,236,227,200,218,166,129,81,48,17,13,12,5,8,8,3,1
12,12,10,15,79,116,138,209,252,301,300,236,154,118,67,52,12,9,8,7,4,7,4,1
10,13,13,13,47,106,149,198,234,274,258,197,140,112,55,20,6,13,13,9,6,1,7,1
11,13,19,35,55,107,173,220,248,246,225,161,107,65,43,17,19,18,6,4,1,2,4,2
9,10,11,44,69,96,147,164,179,189,162,112,65,40,24,26,27,10,7,0,0,2,0,1
3,11,12,24,103,114,139,150,149,151,138,108,53,14,13,12,10,0,3,5,3,1,4,8
13,14,18,37,103,109,130,144,143,130,119,104,55,12,8,0,2,0,0,0,0,0,4,3
5,7,11,32,103,117,119,127,116,119,111,95,13,0,0,0,0,0,0,0,2,8,11,10
11,8,7,23,67,101,111,115,117,112,100,10,0,0,0,0,0,0,0,0,2,0,0,0
7,4,5,21,52,100,109,122,116,107,77,11,11,0,0,0,0,0,0,0,5,0,5,0
5,15,13,14,50,65,109,115,106,80,9,0,0,5,0,0,0,0,0,0,0,0,3,2
1,5,10,14,46,63,82,86,68,39,17,7,4,12,2,0,0,0,3,3,0,0,2,5
6,12,9,12,14,61,61,74,81,85,43,19,12,23,9,5,7,11,11,9,6,1,8,8
0,5,12,15,29,47,77,112,106,110,53,14,8,6,0,0,1,0,3,7,2,0,0,0
8,9,7,10,14,32,113,142,129,100,62,26,6,0,0,0,0,0,0,0,0,0,0,8
10,11,12,13,19,45,81,143,138,89,56,7,3,0,0,0,0,0,4,0,0,0,0,0
6,10,8,11,14,50,75,132,123,72,47,8,0,2,3,2,0,0,2,4,0,1,0,0
4,9,6,6,9,14,59,100,112,62,35,11,0,0,1,0,7,0,0,0,0,0,0,0
0,0,4,8,2,9,54,86,84,56,32,10,5,0,2,5,0,0,2,0,6,0,0,0
0,4,1,6,12,16,52,89,87,53,29,8,9,6,8,5,6,0,5,0,0,0,2,0
13,6,1,3,11,13,50,95,89,58,22,11,7,3,7,0,0,0,0,0,0,0,0,0
0,0,0,4,9,12,33,83,72,57,12,10,5,6,3,0,0,10,0,0,0,0,0,0
0,0,0,7,3,9,49,57,71,71,22,5,1,9,10,11,0,9,5,3,2,5,8,3
0,5,7,6,7,12,55,65,54,63,42,13,8,8,0,5,7,11,8,4,0,0,8,6
0,9,10,7,12,13,62,67,66,30,14,10,11,11,7,10,0,0,5,6,2,1,8,1
7,8,8,11,14,24,54,52,13,13,11,9,0,0,2,7,4,4,0,2,3,0,0,2

10,23,17,20,21,14,14,13,22,10,11,5,1,10,12,9,11,7,10,4,2,7,7,7
14,14,39,33,13,94,100,53,27,14,11,8,2,8,13,9,7,8,9,9,4,9,4,10
11,13,16,50,103,170,245,276,164,93,89,58,4,9,10,2,0,7,9,4,3,3,4,8
15,22,30,81,121,214,385,361,288,177,111,74,12,54,12,10,11,10,5,5,9,7,6,7
53,37,52,81,143,257,288,284,288,207,115,92,51,17,3,7,10,0,0,0,2,0,2,0
54,51,75,105,141,160,233,252,221,210,120,70,50,35,40,38,21,10,14,11,9,9,9,10
46,77,92,99,92,87,106,126,176,164,103,82,54,12,3,7,13,14,13,13,13,11,6,5
60,69,87,75,13,52,79,110,148,134,96,75,64,3,0,0,0,0,4,13,10,5,0,2
67,58,58,51,53,70,100,133,139,134,108,100,67,13,3,0,0,0,0,0,7,2,4,6
53,41,43,52,55,69,117,171,182,176,153,118,91,61,4,9,7,10,0,0,0,0,3,0
12,11,9,41,51,63,102,142,185,195,189,141,86,64,23,0,12,8,4,6,8,3,3,7
0,4,10,33,50,56,81,125,167,187,186,131,96,71,58,4,12,7,9,0,0,0,0,0
0,0,0,26,45,57,66,109,132,145,154,144,118,106,75,13,9,7,0,3,0,1,1,6
8,2,10,4,54,102,96,112,126,134,142,135,126,113,75,10,7,2,9,8,0,9,0,2
7,7,4,12,14,101,95,107,118,131,137,133,120,86,55,18,8,0,8,1,4,10,3,0
7,8,10,0,6,38,76,69,100,129,137,123,79,59,51,11,11,8,11,0,0,0,0,3
8,4,8,10,14,8,18,66,102,129,145,163,108,80,55,23,12,4,8,4,4,2,5,6
9,11,15,25,26,35,58,104,232,228,232,187,155,116,61,42,31,17,23,29,17,14,14,9
9,13,17,28,51,111,132,179,234,225,200,218,167,129,81,49,17,13,12,5,8,8,3,1
12,12,10,16,79,116,137,207,250,300,299,239,155,118,67,52,12,9,9,7,4,7,4,1
10,13,13,13,47,106,149,197,233,274,259,198,141,112,56,21,6,13,13,9,6,1,7,1
11,13,19,35,55,107,173,220,247,246,226,162,107,66,43,17,19,18,6,3,1,2,4,2
9,10,11,44,69,96,147,164,179,189,161,113,66,40,24,27,27,10,7,0,0,2,0,1
3,11,12,25,103,114,139,149,149,151,138,108,53,14,13,12,10,0,3,5,3,1,4,8
13,14,18,37,103,109,130,144,143,130,119,104,55,12,8,0,2,0,0,0,0,0,4,3
5,7,12,32,103,117,119,127,116,119,111,97,13,0,0,0,0,0,0,0,2,8,11,10
11,8,7,24,68,101,111,115,117,112,100,11,0,0,0,0,0,0,0,0,2,0,0,0
7,4,5,19,52,100,109,122,116,107,77,11,11,0,0,0,0,0,0,0,5,0,5,0
5,14,13,14,50,65,109,115,105,80,9,0,0,5,0,0,0,0,0,0,0,0,3,2
1,5,10,14,46,63,82,87,68,39,17,7,4,13,2,0,0,0,3,3,0,0,2,5
6,12,9,12,14,61,61,74,81,85,43,19,11,23,9,5,7,11,11,9,6,1,8,8
0,5,12,16,29,48,77,112,106,110,54,13,8,6,0,0,1,0,3,7,2,0,0,0
8,9,7,10,14,32,113,142,129,99,62,24,6,0,0,0,0,0,0,0,0,0,0,8
9,11,12,13,19,45,81,143,138,89,56,7,3,0,0,0,0,0,4,0,0,0,0,0
6,10,7,11,14,50,75,133,123,73,48,8,0,2,3,3,0,0,2,4,0,1,0,0
4,9,6,6,9,14,58,101,112,62,37,11,0,0,2,0,7,0,0,0,0,0,0,0
0,0,4,8,2,9,54,86,84,56,32,10,5,0,2,5,0,0,2,0,6,0,0,0
0,4,1,6,12,15,52,89,86,53,29,8,9,6,8,4,6,0,5,0,0,0,2,0
13,6,1,3,11,13,49,95,89,58,23,11,7,3,7,0,0,0,0,0,0,0,0,0
0,0,0,4,9,12,34,82,72,57,11,10,4,7,2,0,0,10,0,0,0,0,0,0
0,0,0,7,3,9,48,57,71,72,22,5,1,9,10,11,0,8,5,3,2,5,8,3
0,5,7,6,7,12,55,65,53,63,45,13,8,8,1,5,7,11,8,4,0,0,8,6
0,9,10,7,12,13,61,67,66,30,14,10,11,11,8,10,0,0,5,6,2,1,8,1
7,8,8,11,14,25,54,52,13,13,11,9,0,0,2,7,4,4,0,2,3,0,0,2
