7,11,37,13,13,75,93,87,54,13,0,1,6,13,29,14,11,13,8,0,0,5,6,0
13,26,45,8,29,98,131,115,118,97,110,109,106,64,27,12,7,0,0,0,9,2,0,3
31,51,52,13,11,64,54,79,100,116,136,143,152,136,109,81,35,28,0,5,6,4,6,5
56,50,29,13,11,14,53,47,57,74,110,134,155,159,133,110,76,33,13,11,11,5,2,6
56,51,39,2,2,25,16,51,56,55,62,85,125,150,147,117,84,48,17,14,10,1,8,6
53,50,12,8,12,14,37,41,48,67,87,106,126,148,153,114,72,55,13,30,13,6,0,4
25,8,9,5,5,10,14,12,61,74,95,110,119,117,114,117,79,12,3,5,6,4,3,3
0,0,0,0,0,4,12,50,61,102,131,126,107,100,97,85,71,59,35,12,10,3,11,10
0,0,0,0,0,0,11,43,64,113,137,157,147,128,107,91,69,56,14,12,8,10,0,2
0,0,0,0,0,6,45,54,66,104,139,173,164,146,110,75,64,51,14,16,14,10,7,10
0,0,1,0,2,14,46,62,85,115,132,132,149,144,107,75,22,30,8,9,8,4,8,4
0,0,1,0,12,33,55,69,111,123,126,140,148,150,118,96,58,10,0,6,0,1,0,0
0,0,2,4,12,43,54,102,107,124,123,126,146,135,116,100,30,5,0,0,0,0,2,5
0,5,9,8,12,39,64,106,111,114,122,120,124,126,121,106,63,3,0,0,0,0,0,0
0,0,3,12,15,42,52,102,92,77,102,110,116,120,118,103,58,0,0,0,0,0,3,6
5,5,0,1,13,14,53,83,74,86,82,103,114,115,87,70,55,10,0,3,0,10,7,2
3,1,9,6,11,45,58,68,58,60,92,81,105,75,65,59,51,10,3,4,6,0,6,5
8,16,20,21,24,32,39,42,45,55,73,114,126,189,135,71,43,20,12,10,12,8,10,7
1,7,8,7,12,12,41,57,57,95,116,131,168,143,143,115,60,14,7,8,10,9,5,3
0,9,12,11,11,14,56,100,96,103,138,216,202,199,145,111,94,23,11,11,9,0,2,10
0,0,11,13,15,25,69,91,75,120,197,220,217,188,156,112,72,22,9,13,10,0,2,9
0,0,10,14,16,32,41,54,107,159,194,246,201,178,124,82,38,13,7,6,12,14,10,2
8,8,19,17,31,30,37,63,123,173,221,227,180,154,116,83,35,7,0,1,6,0,6,4
6,7,0,31,61,44,75,100,130,166,186,198,169,134,110,100,9,9,5,9,8,9,7,0
0,1,14,64,75,57,65,100,122,149,178,166,163,123,101,14,8,5,10,7,3,0,3,12
8,11,31,55,73,82,52,102,116,136,146,161,122,108,64,13,4,0,3,4,0,0,7,5
0,23,41,62,66,65,58,100,109,128,132,133,112,100,27,9,5,0,0,0,0,3,4,5
14,38,56,86,97,94,65,57,108,130,124,133,92,77,12,9,11,0,0,1,0,3,2,7
11,31,58,85,101,87,29,48,100,95,111,118,81,55,6,8,8,2,0,10,7,9,11,2
12,16,50,54,77,55,50,14,63,145,135,86,71,27,8,20,8,11,5,9,6,8,9,1
8,12,16,45,71,58,42,36,51,109,81,72,52,37,11,10,5,9,8,7,8,2,8,5
0,2,7,4,13,59,53,31,14,44,93,58,53,52,13,7,9,10,5,1,10,0,7,0
5,0,0,0,8,36,51,52,22,38,54,59,61,55,32,9,0,7,6,6,2,0,0,1
0,0,0,0,0,10,44,49,11,15,40,54,55,51,14,13,1,8,7,0,1,4,3,2
0,0,0,0,0,0,8,13,3,9,11,45,45,36,10,11,0,6,9,7,4,3,6,8
0,0,0,0,0,0,0,8,10,0,8,39,51,14,8,0,0,0,0,6,5,7,4,0
0,0,0,0,0,2,6,11,12,3,10,31,34,13,0,8,0,0,0,6,9,7,7,4
0,0,0,0,2,0,3,10,14,11,12,13,12,10,8,5,0,0,0,0,10,0,0,1
0,0,0,0,0,0,1,22,26,13,10,9,17,9,4,2,0,0,0,1,0,8,7,5
0,0,0,2,0,6,14,50,48,23,13,12,8,0,10,0,0,0,0,0,2,4,1,0
2,0,0,3,8,8,33,48,34,27,12,5,2,8,0,0,3,0,0,0,0,0,0,0
3,4,0,0,6,13,55,50,13,10,13,14,14,7,3,7,1,0,11,0,0,1,4,6
5,4,0,0,4,13,54,14,13,14,32,14,8,4,0,0,0,3,6,0,0,1,5,0
2,0,0,0,2,4,11,12,11,22,19,12,10,11,4,0,4,6,0,6,10,0,2,4

7,11,38,13,12,75,93,87,54,13,0,1,6,13,29,14,11,13,8,0,0,5,6,0
13,27,43,8,29,97,131,115,118,97,110,109,106,64,27,12,7,0,0,0,9,2,0,3
30,51,52,13,11,64,55,79,100,116,136,143,152,136,109,81,35,28,0,5,6,4,6,5
56,50,29,13,11,14,53,48,57,74,110,134,156,160,134,110,76,33,13,11,11,5,2,6
56,51,39,2,2,26,18,51,56,55,62,85,126,151,148,117,84,48,17,14,10,1,8,6
53,50,12,8,12,14,38,42,48,68,88,107,127,149,154,114,72,55,13,30,13,6,0,4
25,8,9,5,4,10,14,12,61,74,95,111,120,118,114,117,79,12,3,5,6,4,3,3
0,0,0,0,0,4,13,50,62,102,131,127,108,100,97,85,71,59,35,12,11,3,11,10
0,0,0,0,0,0,11,45,64,112,137,157,147,128,107,90,69,56,14,12,8,10,0,2
0,0,0,0,0,6,45,54,66,104,138,171,162,144,109,75,64,51,14,16,14,10,7,10
0,0,1,0,3,14,45,62,86,116,132,131,149,144,107,75,21,30,8,9,8,4,8,4
0,0,1,0,12,33,55,69,112,125,127,139,147,150,117,96,58,9,0,6,0,1,0,0
0,0,2,4,12,43,54,102,107,125,124,126,146,135,116,100,30,5,0,0,0,0,2,5
0,5,9,8,12,41,65,106,112,115,123,121,125,127,121,106,64,3,0,0,0,0,0,0
0,0,4,12,17,43,52,102,93,78,102,110,117,120,118,103,58,0,0,0,0,0,3,6
5,5,0,2,13,14,53,84,75,86,83,104,114,115,87,70,55,11,0,3,0,10,6,2
3,1,9,6,11,46,58,68,58,61,92,81,105,75,65,59,51,10,3,4,6,0,6,5
8,16,20,21,24,32,39,43,45,55,73,114,125,185,133,70,43,20,12,10,12,8,10,7
2,7,8,7,12,12,40,57,57,95,115,130,167,142,142,115,60,14,7,8,9,9,5,3
0,9,12,11,11,15,55,100,95,103,138,215,202,198,145,111,95,24,11,11,9,0,2,10
0,0,11,13,14,24,69,91,74,120,196,219,217,188,156,112,72,22,9,13,10,0,2,9
0,0,9,14,14,32,41,54,107,158,194,246,201,178,124,83,39,13,7,6,12,14,10,2
8,8,18,16,31,29,37,62,122,173,221,227,180,153,116,84,36,7,0,1,6,0,6,4
6,7,0,30,61,44,75,100,130,166,186,198,169,134,110,100,10,9,5,9,8,9,7,0
0,1,14,63,74,57,64,100,121,149,178,166,163,123,101,14,8,5,10,7,3,0,2,12
8,11,33,56,72,81,52,102,116,136,146,161,122,108,67,13,4,0,3,4,0,0,7,5
0,22,41,62,65,65,57,100,109,128,132,133,112,100,28,9,5,0,0,0,0,3,4,5
14,40,56,86,96,95,65,57,108,130,124,133,92,77,12,10,11,0,0,1,0,2,2,7
11,29,58,85,100,86,30,50,100,95,111,118,81,55,6,8,8,2,0,9,7,9,11,2
12,17,50,55,78,55,51,15,63,145,135,86,71,27,8,20,8,12,5,9,6,8,9,1
8,12,15,45,71,58,42,36,51,110,81,72,52,37,11,10,5,9,8,7,8,3,8,5
0,2,7,4,13,59,53,31,14,43,94,58,54,52,13,7,9,10,5,0,10,0,7,0
5,0,0,0,8,37,51,52,23,39,54,59,62,56,32,9,0,7,6,6,2,0,0,1
0,0,0,0,0,10,45,49,11,15,40,54,55,51,14,12,1,8,7,0,1,4,3,2
0,0,0,0,0,0,8,14,3,9,11,46,45,36,10,11,0,6,9,7,4,3,5,8
0,0,0,0,0,0,0,8,10,0,8,40,51,14,8,0,0,0,0,6,5,7,4,0
0,0,0,0,0,2,6,11,12,3,10,33,34,13,1,8,0,0,0,6,9,7,7,4
0,0,0,0,2,0,3,10,14,11,12,13,13,11,8,6,1,0,0,0,10,0,0,1
0,0,0,0,0,0,1,23,26,13,10,9,17,9,4,2,0,0,0,1,0,8,7,5
0,0,0,2,0,7,14,50,50,24,13,13,8,1,10,0,0,0,0,0,2,4,1,0
2,0,0,4,8,8,35,48,35,28,12,5,3,8,0,0,3,0,0,0,0,0,0,0
3,4,0,0,7,13,55,50,13,10,13,14,14,7,4,7,1,0,11,0,0,1,4,6
5,4,0,0,5,13,54,14,13,14,33,14,8,5,0,0,0,3,6,0,0,0,5,0
2,0,0,0,2,4,11,12,12,23,21,12,10,11,4,0,4,6,0,5,10,0,2,4

7,11,37,13,12,75,94,88,55,13,0,1,6,13,29,14,11,13,8,0,0,5,6,0
14,30,46,8,31,97,132,116,118,97,110,109,106,64,29,12,7,0,0,0,9,2,0,3
32,51,52,13,11,64,55,78,100,116,136,143,153,136,108,80,34,27,0,5,6,4,6,5
56,50,30,14,11,14,53,49,57,74,110,135,156,159,133,108,74,33,13,11,11,6,2,6
56,51,39,2,2,23,17,51,56,55,63,86,126,151,147,116,83,47,17,14,10,1,8,6
53,50,12,8,12,14,37,42,49,69,89,108,129,151,155,114,71,55,13,30,13,6,0,4
22,8,9,5,5,10,14,12,63,75,97,113,122,120,115,117,79,12,2,5,6,4,3,3
0,0,0,0,0,5,12,50,63,103,134,130,110,102,98,85,71,59,35,12,11,3,11,10
0,0,0,0,0,0,11,48,65,115,140,162,152,131,108,90,69,56,14,12,8,10,0,2
0,0,0,0,0,5,46,54,67,106,140,173,165,145,110,75,64,50,14,16,14,10,7,10
0,0,2,0,3,14,46,63,87,118,134,135,155,147,108,76,20,30,8,9,8,4,8,4
0,0,1,0,12,32,55,71,113,127,128,140,152,152,118,96,58,10,0,6,0,1,0,0
0,0,2,3,9,31,54,102,108,127,126,125,146,137,116,98,26,5,0,0,0,0,2,6
0,5,8,7,10,21,57,106,112,116,124,121,125,126,121,105,57,1,0,0,0,0,0,0
0,0,3,10,12,13,47,100,90,78,103,111,116,119,117,102,53,0,0,0,0,0,4,6
5,5,0,1,10,5,33,70,71,85,82,103,113,114,85,69,54,8,0,1,0,10,6,2
4,3,8,6,9,14,34,54,55,58,89,81,105,75,64,58,51,9,2,3,6,0,7,5
8,17,20,20,18,27,35,40,43,54,72,115,130,187,130,68,42,19,11,9,12,8,10,7
2,7,9,8,12,12,31,55,56,94,115,132,170,142,140,113,59,14,7,8,9,9,5,3
0,9,12,11,10,14,55,100,95,104,139,218,204,198,144,110,88,21,11,11,9,0,2,10
0,0,11,14,15,25,67,91,75,121,198,221,218,188,154,111,69,22,9,13,10,0,2,9
0,0,10,14,19,33,41,54,108,160,195,247,202,178,123,80,37,13,7,6,12,14,10,2
8,7,19,18,31,30,37,64,123,174,221,227,180,153,115,81,34,7,0,1,6,0,6,4
6,8,0,34,62,45,76,100,131,166,186,198,169,134,109,100,9,9,5,9,8,9,7,0
0,1,16,64,76,59,64,100,122,149,178,166,164,123,101,14,8,5,10,7,3,0,2,12
8,11,35,56,73,82,51,102,116,136,146,161,122,108,60,13,4,0,3,4,0,0,7,5
0,25,43,63,66,66,59,100,109,128,132,133,112,100,25,9,5,0,0,0,0,3,4,4
14,43,57,87,97,96,67,57,108,130,124,133,92,77,12,10,11,0,0,1,0,3,2,7
12,31,60,89,101,87,31,50,100,95,111,118,81,56,6,9,8,2,0,10,7,9,11,2
12,19,51,55,79,55,51,14,63,144,136,86,71,28,8,20,8,12,5,9,6,8,9,1
8,13,17,46,72,58,43,37,50,109,82,71,51,37,11,10,5,9,8,7,8,3,8,5
0,3,7,5,13,60,53,31,14,43,92,58,54,52,13,7,9,10,5,0,10,0,7,0
5,0,0,0,8,38,51,52,21,38,54,59,61,55,33,9,0,7,6,6,2,0,0,1
0,0,0,0,0,11,47,49,11,15,39,54,55,51,14,13,1,8,7,0,1,4,3,2
0,0,0,0,0,0,9,14,3,9,11,45,44,36,10,11,0,6,9,8,4,3,6,8
0,0,0,0,0,0,0,8,10,0,8,38,51,14,8,0,0,0,0,6,5,7,4,0
0,0,0,0,0,2,6,11,12,3,10,31,33,13,1,8,0,0,0,6,9,7,7,4
0,0,0,0,2,0,3,10,13,11,12,13,13,10,8,6,1,0,0,0,10,0,0,1
0,0,0,0,0,0,1,24,26,13,10,9,17,9,3,2,0,0,0,1,0,8,7,5
0,0,0,2,0,7,14,50,48,23,12,13,8,1,10,0,0,0,0,0,2,4,1,0
2,0,0,4,8,8,33,48,35,26,12,5,3,8,0,0,3,0,0,0,0,0,0,0
3,4,0,0,7,13,55,50,13,10,13,14,14,7,4,7,1,0,11,0,0,1,4,6
5,4,0,0,5,13,54,14,13,14,33,14,8,5,0,0,0,3,6,0,0,0,5,0
2,0,0,0,2,4,12,12,12,25,22,12,10,11,4,0,4,6,0,6,10,0,2,4

7,11,39,13,13,76,95,89,56,13,0,1,6,13,30,14,11,13,8,0,0,5,6,0
13,30,47,9,31,98,132,116,118,97,110,109,106,64,27,11,7,0,0,0,9,2,0,3
35,52,52,13,12,63,53,79,100,116,137,143,153,136,108,79,33,27,0,5,6,4,6,5
56,50,30,14,12,14,53,47,58,76,111,135,157,160,133,107,73,33,13,11,11,6,2,6
57,51,37,3,3,20,14,51,57,56,64,87,127,153,148,115,82,47,17,14,10,1,8,6
54,49,12,8,12,13,35,43,51,71,91,110,131,153,157,114,71,55,13,30,13,6,0,4
22,8,9,5,6,10,14,13,65,77,100,115,123,120,116,118,78,12,2,5,6,4,3,3
0,0,0,0,0,5,11,51,65,105,138,134,112,103,99,85,71,59,35,12,11,3,11,10
0,0,0,0,0,0,9,49,66,117,145,166,155,132,108,90,68,56,15,12,8,10,0,3
0,0,0,0,0,4,41,54,67,107,142,175,165,145,110,74,63,50,14,17,14,10,7,10
0,0,2,0,2,13,42,62,85,117,135,140,160,149,109,75,16,29,8,9,8,4,8,4
0,0,2,0,12,23,53,67,110,124,126,140,157,155,119,94,57,9,0,7,0,2,0,0
0,0,3,0,6,14,52,100,106,124,124,123,146,138,117,95,23,4,0,0,0,0,2,6
0,5,7,5,6,11,48,104,110,114,122,120,124,126,120,105,55,0,0,1,0,0,0,1
0,0,3,9,9,11,35,93,85,76,101,109,115,119,117,102,51,0,0,1,0,0,4,6
5,5,0,1,7,0,20,64,68,82,80,101,111,115,84,68,53,7,0,0,0,10,6,2
4,3,8,5,9,13,25,41,53,55,86,79,104,76,64,58,50,8,1,3,5,0,7,5
8,17,21,20,17,26,34,39,41,53,71,116,135,193,130,67,42,18,11,9,11,8,10,7
2,7,9,8,12,13,36,55,55,93,115,133,171,143,139,112,58,14,7,8,9,9,5,3
0,9,12,11,11,15,56,100,97,105,140,221,206,199,143,109,83,19,11,11,10,0,2,10
0,0,11,14,17,26,69,92,77,123,200,222,219,189,153,110,66,22,10,13,10,0,2,9
0,0,10,14,24,34,41,55,109,162,196,248,203,179,122,79,35,13,7,6,12,14,10,2
8,7,21,21,33,31,38,65,124,175,222,228,181,154,115,79,33,7,0,1,7,0,6,4
6,8,0,38,63,48,75,100,131,166,186,198,170,134,109,100,9,9,5,9,8,9,7,0
0,3,21,65,77,60,64,100,122,150,179,166,163,123,100,14,8,5,10,7,3,0,3,12
8,11,38,56,73,82,51,102,117,136,146,161,122,108,56,12,4,0,3,4,0,0,7,5
0,28,45,64,66,66,60,100,109,128,132,133,112,100,21,9,5,0,0,0,0,3,4,4
14,42,57,87,97,96,65,57,108,130,124,133,92,76,12,9,11,0,0,1,0,3,2,7
12,34,60,91,101,87,34,51,100,94,111,118,81,56,6,8,9,3,0,10,7,9,11,2
12,21,52,56,80,55,51,15,63,143,137,86,71,28,8,20,8,12,6,9,6,8,9,1
8,13,18,46,73,58,43,37,50,109,82,71,52,37,11,10,5,9,8,7,8,3,8,5
0,3,7,5,13,60,53,31,14,43,91,58,53,52,13,7,9,10,5,0,9,0,7,0
5,0,0,0,8,39,51,52,22,39,54,59,61,55,33,9,0,7,6,6,2,0,0,1
0,0,0,0,0,11,48,49,11,15,39,54,55,51,14,12,1,8,7,0,1,4,3,1
0,0,0,0,0,0,9,14,3,9,11,46,45,35,10,11,0,6,9,8,4,3,6,8
0,0,0,0,0,0,0,8,10,0,8,39,51,14,8,0,0,0,0,6,5,7,4,0
0,0,0,0,0,2,6,11,12,3,10,33,36,13,0,8,0,0,0,6,9,7,7,4
0,0,0,0,2,0,3,10,14,11,12,13,13,11,8,6,1,0,0,0,10,0,0,1
0,0,0,0,0,0,1,26,27,13,10,9,17,9,3,2,0,0,0,1,0,8,7,5
0,0,0,3,0,7,14,50,50,23,13,13,9,1,10,1,0,0,0,0,2,4,1,0
2,0,0,4,8,8,34,49,35,27,12,5,3,8,0,0,3,0,0,0,0,0,0,0
3,4,0,0,7,13,55,50,13,10,13,14,14,7,4,7,1,0,11,0,0,1,4,6
5,4,0,0,5,13,55,14,13,14,35,14,8,5,0,0,0,3,6,0,0,0,5,0
2,0,0,0,2,4,12,12,12,24,22,12,10,11,4,0,4,5,0,6,10,0,2,4

7,11,41,13,13,77,96,90,56,13,0,1,6,13,30,14,11,13,8,0,0,5,6,0
14,30,47,9,31,98,132,117,119,98,110,109,106,64,24,11,7,0,0,0,9,2,0,3
37,52,52,13,12,63,53,79,100,116,137,144,153,136,108,79,33,27,0,5,6,4,6,5
56,50,31,14,12,14,53,47,58,75,111,135,157,159,132,107,72,33,13,11,11,6,2,6
57,52,39,3,4,20,15,51,57,56,64,87,128,153,148,115,82,46,17,14,10,1,8,6
54,49,12,9,13,13,34,44,52,72,92,111,132,153,156,113,71,54,13,30,13,6,0,4
24,8,9,5,7,11,13,13,66,77,101,115,124,121,116,117,78,12,2,5,6,4,3,3
0,0,0,0,0,6,11,51,66,105,139,134,113,102,99,85,71,59,34,12,11,3,11,10
0,0,0,0,0,0,9,50,66,119,146,167,156,132,108,90,68,56,15,12,8,10,0,3
0,0,0,0,0,4,40,54,68,109,144,177,167,146,110,74,63,50,14,16,14,10,7,10
0,0,3,0,2,12,42,62,87,119,138,143,162,150,110,76,16,31,8,9,8,4,8,4
0,0,2,0,12,20,52,67,111,124,127,142,161,157,119,95,57,10,0,7,0,2,0,0
0,0,2,0,4,12,51,100,106,125,124,123,146,138,116,94,20,4,0,0,0,0,3,6
0,5,5,3,3,7,37,103,109,113,121,119,123,125,120,105,51,0,0,2,0,0,0,0
0,0,3,8,7,9,28,87,82,75,100,107,115,118,117,102,49,0,0,1,0,0,4,6
5,5,0,0,8,0,14,61,66,81,79,100,111,114,84,68,52,6,0,0,0,10,6,2
3,2,8,5,8,12,18,35,52,55,85,79,104,75,64,57,50,7,1,3,5,0,7,5
8,17,20,20,16,26,34,39,41,53,71,116,137,190,127,66,41,17,11,9,11,8,10,7
2,7,9,8,12,13,36,55,55,93,116,133,172,142,137,111,57,13,7,8,9,9,6,3
0,9,12,11,11,15,56,100,97,105,141,222,205,198,142,108,82,18,11,11,10,0,2,10
0,0,11,14,17,27,69,92,77,124,201,222,218,189,151,109,65,22,10,13,10,0,2,9
0,0,10,14,25,34,41,55,109,163,196,248,202,178,121,78,34,13,7,6,12,14,10,2
8,6,21,21,33,31,38,65,124,175,222,228,181,153,115,78,32,7,0,1,7,0,6,4
6,8,0,38,63,48,76,101,131,166,186,198,169,134,109,98,9,9,5,9,8,9,7,0
0,4,23,66,78,61,64,100,122,150,179,166,163,122,100,14,8,5,11,7,3,0,3,12
8,11,38,56,74,81,52,102,117,136,146,161,122,107,55,12,4,0,3,4,0,0,7,5
0,30,45,63,66,66,59,100,109,128,132,133,112,100,21,9,5,0,0,0,0,3,4,4
14,44,57,87,97,96,66,57,108,130,124,133,92,76,12,9,11,0,0,1,0,2,2,7
12,35,60,92,101,87,35,51,100,94,111,118,81,56,6,8,9,2,0,10,7,9,11,2
12,22,52,56,80,55,51,14,63,143,137,86,71,27,8,20,8,12,6,9,6,8,9,1
8,13,19,48,73,58,43,37,50,109,82,71,52,37,11,10,5,9,8,7,8,3,8,5
0,3,6,5,13,61,53,32,14,42,91,58,53,52,13,7,9,10,5,0,9,0,7,0
5,0,0,0,8,40,51,53,22,40,54,59,61,55,33,9,0,7,6,6,2,0,0,1
0,0,0,0,0,11,49,50,11,16,39,54,55,52,14,12,1,8,7,0,1,4,3,2
0,0,0,0,0,0,9,14,3,9,11,46,46,36,10,11,0,6,9,7,4,3,6,8
0,0,0,0,0,0,0,9,10,0,8,38,51,14,8,0,0,0,0,6,5,7,4,0
0,0,0,0,0,3,6,11,12,3,10,32,35,13,0,8,0,0,0,6,9,7,7,4
0,0,0,0,2,0,3,10,14,11,12,13,13,11,8,6,1,0,0,0,10,0,0,1
0,0,0,0,0,0,1,25,28,13,10,9,17,9,3,2,0,0,0,1,0,8,7,5
0,0,0,3,0,7,14,50,50,23,12,13,9,1,10,1,0,0,0,0,2,4,1,0
2,0,0,4,8,8,34,49,35,27,12,5,3,8,0,0,3,0,0,0,0,0,0,0
3,4,0,0,7,13,55,50,13,10,13,14,14,7,4,7,1,0,11,0,0,1,4,6
5,4,0,0,5,13,55,14,13,14,35,14,8,5,0,0,0,3,6,0,0,0,5,0
2,0,0,0,2,5,12,12,12,24,22,12,10,11,4,0,4,6,0,5,10,0,2,4

7,11,41,13,13,77,97,91,57,13,0,1,6,13,31,14,12,13,8,0,0,6,6,0
14,31,47,9,33,97,133,117,119,98,110,109,106,64,17,10,7,0,0,0,9,2,0,3
37,52,52,13,12,63,52,79,100,117,137,144,153,136,107,77,32,26,0,5,6,4,6,5
57,50,31,14,12,14,53,47,57,76,111,136,158,160,132,105,71,32,13,10,11,6,2,6
57,51,39,3,4,18,14,50,57,57,64,88,128,155,149,115,82,46,17,14,10,1,8,6
54,50,12,9,13,12,32,45,52,73,93,112,134,157,160,115,70,54,13,30,13,6,0,4
27,8,9,6,7,10,12,37,67,77,103,118,126,123,117,118,77,12,2,5,6,4,3,3
0,0,0,0,0,6,11,52,67,106,142,138,115,104,99,85,71,59,35,12,11,3,11,10
0,0,0,0,0,0,8,50,67,120,149,169,157,133,109,90,68,56,16,12,8,10,0,3
0,0,0,0,0,3,37,54,68,110,145,177,166,145,110,75,63,51,14,17,14,10,7,10
0,0,3,0,2,12,39,61,86,119,139,147,168,153,109,75,15,29,8,9,8,4,8,4
0,0,2,0,11,16,52,66,110,123,126,142,166,159,119,94,56,9,0,7,0,2,0,0
0,0,2,0,3,11,50,99,105,123,123,121,145,139,116,92,18,4,0,0,0,0,3,6
0,5,4,1,1,5,30,102,108,112,120,118,122,124,119,104,47,0,0,2,0,0,0,0
0,0,2,7,6,7,21,84,80,75,99,106,114,118,116,101,45,0,0,2,0,0,4,6
5,5,0,0,7,0,14,60,65,80,78,99,110,114,83,67,52,5,0,0,0,9,6,2
4,2,8,5,8,12,14,29,51,54,84,78,104,75,63,57,49,7,0,2,5,0,7,5
8,17,21,20,17,25,34,39,41,52,71,116,137,190,126,66,41,17,11,9,11,8,10,7
2,7,9,8,12,13,37,55,55,92,115,133,172,142,137,111,57,13,7,8,9,9,6,3
0,9,12,11,11,15,56,101,98,105,141,222,205,198,142,108,81,18,11,11,10,1,2,10
0,0,11,14,18,27,68,92,78,124,201,223,218,188,151,109,64,22,10,13,10,0,2,9
0,0,10,14,26,34,42,56,109,163,196,248,203,179,121,77,34,13,7,7,12,14,10,2
8,6,21,22,33,31,38,65,124,176,223,228,181,153,114,77,31,7,0,1,7,0,6,4
6,8,1,40,64,50,78,101,132,167,186,199,170,134,109,97,9,9,5,9,8,9,7,0
0,4,23,66,78,62,64,100,122,150,179,166,163,122,100,13,8,5,11,7,3,0,3,12
8,11,38,56,74,82,54,102,117,136,146,161,122,108,51,12,4,0,3,4,0,0,7,5
0,30,45,65,66,65,59,100,109,128,132,133,112,100,21,9,5,0,0,0,0,3,4,4
14,45,58,88,98,96,67,57,108,130,124,133,92,77,12,9,11,0,0,1,0,2,2,7
12,35,61,94,101,87,35,51,100,94,111,118,81,56,6,9,9,3,0,10,7,9,11,2
12,24,52,56,80,56,51,16,63,143,137,86,71,28,9,20,8,12,6,9,6,8,9,1
8,13,20,49,74,58,43,37,50,109,82,71,51,37,11,10,5,9,8,7,8,3,8,5
0,3,6,5,13,61,53,33,14,43,91,58,53,52,13,7,9,10,5,0,10,0,7,0
5,0,0,0,8,42,51,52,22,39,54,59,61,55,32,9,0,7,6,6,2,0,0,1
0,0,0,0,0,11,50,50,11,16,39,54,55,52,14,12,1,8,7,0,1,4,3,2
0,0,0,0,0,0,10,14,3,9,11,46,45,36,10,11,0,6,9,7,4,3,6,8
0,0,0,0,0,0,0,9,10,0,9,39,51,14,8,0,0,0,0,6,5,7,4,0
0,0,0,0,0,2,6,11,12,3,10,32,36,13,0,8,0,0,0,6,9,7,7,4
0,0,0,0,2,0,3,10,14,11,12,13,13,11,8,6,1,0,0,0,10,0,0,1
0,0,0,0,0,0,1,25,27,13,10,9,17,9,3,2,0,0,0,1,0,8,8,5
0,0,0,3,0,7,14,50,50,24,13,13,9,1,10,1,0,0,0,0,2,4,1,0
2,0,0,4,8,8,34,49,35,29,12,6,3,9,0,0,3,0,0,0,0,0,0,0
4,4,0,0,7,13,56,50,13,10,13,14,15,7,4,7,1,0,11,0,0,1,4,6
5,4,0,0,5,13,55,15,13,14,36,14,8,5,0,0,0,3,6,0,0,0,5,0
2,0,0,0,2,5,12,12,12,26,23,12,10,11,4,0,4,6,0,5,10,0,2,4

7,11,43,13,13,77,97,91,57,13,0,1,6,13,30,14,11,13,8,0,0,6,6,0
14,33,50,9,31,97,133,117,119,98,111,109,106,64,22,11,7,0,0,0,9,2,0,3
37,52,52,13,12,63,52,79,100,117,137,144,154,136,108,78,33,27,0,5,6,4,6,5
57,50,31,14,12,14,53,47,58,76,111,136,159,161,133,106,71,33,13,10,11,6,2,6
57,51,40,3,5,18,14,50,57,56,64,88,129,156,149,116,82,45,17,14,10,1,8,6
55,50,13,9,13,12,33,45,53,74,94,113,135,158,160,115,71,54,13,30,13,6,0,4
34,9,10,6,7,10,12,38,67,78,103,118,126,123,117,118,78,12,2,5,6,4,3,3
0,0,0,0,0,6,11,52,67,106,141,137,114,104,99,85,71,59,35,12,11,3,11,10
0,0,0,0,0,0,8,50,67,120,147,167,156,132,109,91,68,56,15,12,8,10,0,3
0,0,0,0,0,3,37,54,68,109,144,176,165,145,111,76,64,50,14,17,14,10,7,10
0,0,3,0,2,12,41,61,86,118,139,146,166,151,110,76,18,29,8,9,8,4,8,4
0,0,1,0,11,17,52,66,110,123,125,141,164,158,118,95,56,9,0,7,0,2,0,0
0,0,1,0,2,12,51,100,106,123,123,121,145,138,116,94,20,3,0,0,0,0,2,6
0,4,4,0,1,7,38,103,109,113,120,118,123,125,120,105,52,0,0,2,0,0,0,0
0,0,2,7,6,8,35,88,83,75,100,107,114,118,117,101,49,0,0,3,0,0,4,6
5,5,0,0,8,0,25,64,66,81,79,99,111,114,83,67,52,5,0,0,0,9,6,2
3,2,7,4,7,12,25,46,52,54,85,78,104,75,64,57,50,7,1,2,5,0,7,5
8,17,20,20,16,25,34,39,41,53,70,115,135,189,127,66,41,17,11,9,11,8,10,7
2,7,9,7,12,13,37,55,55,92,115,132,171,142,137,111,57,13,7,8,9,9,6,3
0,9,12,11,11,15,56,100,97,105,140,221,205,198,142,108,82,18,11,11,10,1,2,10
0,0,11,14,17,26,69,92,77,124,200,222,218,188,151,109,66,23,10,13,10,0,2,9
0,0,10,14,26,34,42,56,109,162,196,248,202,178,121,78,34,13,8,6,12,14,10,2
8,6,21,22,33,31,38,65,124,175,223,228,181,153,114,78,32,7,0,1,7,0,6,4
7,9,1,38,64,50,78,101,131,167,186,198,170,134,109,100,9,9,5,9,8,9,7,0
0,4,21,67,78,61,64,100,122,150,179,166,163,122,100,14,8,5,11,7,3,0,3,12
8,11,38,56,73,82,52,102,117,136,146,161,122,108,55,13,4,0,3,4,0,0,7,5
0,29,45,63,66,66,59,100,109,128,132,133,112,100,22,9,5,0,0,0,0,3,4,4
14,45,57,88,97,97,67,57,108,130,124,133,92,76,12,9,11,0,0,1,0,2,2,7
12,36,60,93,101,87,35,51,100,94,111,118,81,55,6,8,9,3,0,9,7,9,11,2
12,25,52,56,79,55,51,16,63,144,137,86,71,27,9,20,8,12,6,9,6,8,9,1
8,13,20,48,73,58,43,37,50,110,82,71,51,37,11,10,6,9,8,7,8,3,8,5
0,3,6,5,13,61,53,33,14,46,92,58,53,52,12,7,9,10,5,1,10,0,7,0
5,0,0,0,9,40,51,53,23,40,54,59,61,55,31,9,0,7,6,6,2,0,0,1
0,0,0,0,0,11,50,50,11,16,39,54,55,52,14,12,1,8,7,0,1,4,3,2
0,0,0,0,0,0,9,14,3,9,11,45,45,35,10,11,0,7,9,7,4,3,6,8
0,0,0,0,0,0,0,9,10,0,8,40,51,14,8,0,0,0,0,6,5,7,4,0
0,0,0,0,0,2,6,11,12,3,10,31,35,13,0,8,0,0,0,6,9,7,7,4
0,0,0,0,2,0,3,10,14,11,12,13,13,11,8,6,1,0,0,0,10,0,0,1
0,0,0,0,0,0,1,26,27,13,10,9,17,9,3,2,0,0,0,1,0,8,8,5
0,0,0,3,0,7,14,50,50,23,12,13,9,1,10,1,0,0,0,0,2,4,1,0
2,0,0,4,8,8,35,48,35,26,12,5,3,8,0,0,3,0,0,0,0,0,0,0
4,4,0,0,7,13,56,50,13,10,13,14,14,7,4,7,1,0,11,0,0,1,4,6
5,4,0,0,5,13,55,14,13,14,33,14,8,5,0,0,0,4,6,0,0,0,5,0
2,0,0,0,2,5,12,12,12,27,23,12,10,11,4,0,4,6,0,6,10,0,2,4

7,11,42,13,13,77,97,91,57,13,0,1,6,13,30,14,11,13,8,0,0,5,6,0
14,31,48,9,33,97,133,117,119,98,111,109,106,64,23,11,7,0,0,0,9,2,0,3
38,52,52,13,12,64,52,79,100,117,137,144,154,136,108,79,33,27,0,5,6,4,6,5
57,50,31,14,12,14,53,49,58,76,112,136,159,161,133,107,72,33,13,11,11,6,2,6
57,52,39,4,5,19,15,51,57,56,64,88,129,156,150,116,83,46,17,14,10,1,8,6
54,50,13,9,13,13,34,44,53,73,93,113,135,157,160,115,71,55,13,30,13,6,0,4
37,9,10,6,7,10,12,38,67,78,103,117,126,122,117,118,78,12,2,5,6,4,3,3
0,0,0,0,0,7,11,51,67,106,139,135,113,103,99,85,71,59,36,12,11,3,11,10
0,0,0,0,0,0,9,50,67,118,145,164,153,130,108,90,68,56,16,12,8,10,0,3
0,0,0,0,0,4,41,54,68,108,142,174,163,144,110,75,64,51,14,16,14,10,7,10
0,0,2,0,2,13,44,61,85,116,137,142,162,149,108,76,19,30,8,9,8,4,8,4
0,0,0,0,11,24,53,67,109,122,125,140,159,154,117,95,57,9,0,6,0,2,0,0
0,0,0,0,6,22,53,100,106,123,122,121,144,137,116,95,25,3,0,0,0,0,2,6
0,1,4,0,7,15,54,104,109,112,120,118,122,125,120,105,56,0,0,2,0,0,0,0
0,0,1,9,11,18,51,98,86,75,100,107,114,118,117,102,53,0,0,3,0,0,4,6
4,4,0,0,11,12,52,75,69,83,79,100,111,113,83,68,53,6,0,0,0,9,6,2
3,1,8,4,8,24,52,60,54,56,87,78,102,74,64,58,50,7,1,3,5,0,6,5
8,16,20,20,19,30,37,42,43,53,70,112,128,186,130,68,42,18,11,9,11,8,10,7
2,7,8,7,12,13,44,57,56,93,115,130,168,141,139,113,59,14,7,8,9,9,5,3
0,9,12,11,11,16,56,100,97,104,139,218,203,197,143,109,87,19,11,11,10,0,2,10
0,0,11,14,17,26,70,92,76,122,198,220,217,187,153,110,68,23,10,13,10,0,2,9
0,0,10,14,24,33,41,55,108,161,195,247,201,178,122,80,36,13,7,6,12,14,10,2
8,6,21,21,32,31,38,64,123,174,222,227,180,153,115,80,34,7,0,1,7,0,6,4
6,9,1,38,63,48,78,100,131,166,186,198,169,134,109,100,9,9,5,9,8,9,7,0
0,4,23,66,78,61,66,100,122,149,179,166,163,123,101,14,8,5,11,7,3,0,2,12
8,11,38,56,74,85,52,102,117,136,146,161,122,108,59,13,4,0,3,4,0,0,7,5
0,29,43,64,66,66,60,100,109,129,132,133,112,100,26,9,5,0,0,0,0,3,4,4
14,44,57,87,97,96,67,57,108,130,124,133,92,76,12,10,11,0,0,1,0,2,2,7
12,36,60,92,101,88,36,52,100,95,111,118,81,56,6,9,9,3,0,9,8,9,11,2
12,21,52,55,78,55,51,18,63,145,136,86,71,27,9,20,8,12,6,9,6,8,9,1
9,13,18,46,73,58,43,37,50,111,82,71,51,36,11,10,6,9,8,7,8,3,8,5
0,3,6,5,13,61,53,34,14,43,93,58,54,52,12,7,9,10,5,1,10,0,7,0
5,0,0,0,9,40,51,53,23,40,54,59,61,55,32,9,0,7,6,6,2,0,0,1
0,0,0,0,0,11,50,50,11,16,40,55,55,52,14,12,1,8,7,0,1,4,3,2
0,0,0,0,0,0,10,14,4,9,11,46,45,35,10,11,0,7,9,8,4,3,5,8
0,0,0,0,0,0,0,9,10,0,9,39,51,14,8,0,0,0,0,6,5,7,4,0
0,0,0,0,0,2,6,11,12,3,10,32,34,13,0,8,0,0,0,6,9,7,7,4
0,0,0,0,2,0,4,10,14,11,12,13,13,11,8,6,1,0,0,0,10,0,0,1
0,0,0,0,0,0,2,26,27,13,10,9,17,9,3,2,0,0,0,1,0,8,8,5
0,0,0,3,0,7,14,50,50,24,12,13,9,1,10,0,0,0,0,0,2,4,1,0
2,0,0,4,8,8,35,49,35,27,12,5,3,8,0,0,3,0,0,0,0,0,0,0
3,4,0,0,7,13,56,50,13,10,13,14,14,7,4,7,1,0,11,0,0,1,4,6
5,4,0,0,5,13,55,14,13,14,36,14,8,5,0,0,0,4,6,0,0,1,5,0
2,0,0,0,2,5,12,12,12,26,22,12,10,11,4,0,4,6,0,6,10,0,2,4

7,11,41,13,13,77,97,91,57,13,0,1,6,13,30,15,11,13,8,0,0,6,6,0
14,31,47,9,31,97,133,117,119,98,111,109,106,64,23,11,7,0,0,0,9,2,0,3
37,52,52,13,12,64,52,78,100,117,137,144,155,137,108,79,33,28,0,5,6,4,6,5
56,50,31,14,12,15,54,49,57,76,111,136,159,162,134,107,72,33,13,11,11,6,2,5
57,52,40,4,5,23,16,51,57,56,64,88,129,156,151,117,83,47,17,14,10,1,8,6
54,50,13,9,13,13,35,44,52,73,93,112,134,157,160,115,71,54,13,30,13,6,0,4
39,9,10,6,7,11,12,34,66,77,102,116,125,122,116,118,78,12,2,5,6,4,3,3
0,0,0,0,0,7,11,51,66,105,137,133,112,102,99,85,71,59,35,12,11,3,11,10
0,0,0,0,0,0,11,50,66,117,142,160,150,129,107,89,68,56,14,12,8,10,0,3
0,0,0,0,0,4,43,54,67,107,140,171,160,142,109,75,63,50,14,15,14,10,7,10
0,0,2,0,2,14,47,62,86,117,136,140,160,148,108,75,18,30,8,9,8,4,8,4
0,0,0,0,11,30,54,69,111,124,126,140,159,154,117,95,57,9,0,6,0,2,0,0
0,0,1,0,8,33,54,101,107,124,123,122,145,137,116,96,25,3,0,0,0,0,2,6
0,1,4,1,10,33,60,105,110,113,121,119,123,125,120,105,57,0,0,2,0,0,0,0
0,0,2,10,13,35,52,100,88,76,101,108,115,118,117,102,54,0,0,3,0,0,4,6
4,4,0,0,11,12,53,79,71,84,80,101,112,113,83,68,54,6,0,0,0,9,6,2
3,1,8,5,9,36,55,63,55,58,89,79,103,73,63,58,50,8,2,3,5,0,6,5
8,16,20,20,21,31,38,42,44,54,71,113,125,182,128,68,42,19,11,9,11,8,10,7
2,7,8,7,12,13,45,58,57,94,115,130,166,140,139,113,59,14,7,8,9,9,5,3
0,9,12,11,11,15,56,100,97,103,138,215,201,196,143,110,89,19,11,11,10,0,2,10
0,0,11,14,16,25,69,92,75,121,197,219,216,186,153,111,69,24,9,13,10,0,2,9
0,0,10,14,19,32,41,55,108,159,194,246,201,177,122,81,37,13,7,6,12,14,10,2
8,6,21,21,32,31,38,63,123,174,222,227,180,152,115,81,34,7,0,1,6,0,6,4
6,8,0,37,62,48,76,100,130,166,186,198,169,134,109,100,9,9,5,9,8,9,6,0
0,4,21,65,77,61,66,100,122,149,178,166,163,123,101,14,8,5,10,7,3,0,2,12
8,11,38,56,73,85,51,102,117,136,146,161,122,108,60,13,4,0,3,4,0,0,7,5
0,30,43,64,66,67,60,100,109,129,132,133,112,100,30,9,5,0,0,0,0,3,4,4
14,43,57,87,97,97,67,57,108,130,124,133,92,77,12,10,11,0,0,1,0,2,2,7
12,36,60,91,101,87,36,53,100,95,111,118,81,56,6,9,9,3,0,9,8,9,11,2
12,22,51,55,78,55,51,18,64,146,136,86,71,27,9,20,8,12,6,9,6,8,9,1
9,13,19,49,73,58,43,37,50,111,82,71,52,37,11,10,6,9,8,7,8,3,8,5
0,3,6,5,13,61,53,33,14,44,94,58,53,52,12,7,9,10,5,1,10,0,7,0
5,0,0,0,9,40,51,53,24,40,54,59,61,55,31,9,0,7,6,6,2,0,0,1
0,0,0,0,0,11,50,50,12,16,41,54,55,52,14,13,1,8,7,0,1,4,3,1
0,0,0,0,0,0,10,14,4,9,12,47,45,36,10,11,0,7,9,8,4,3,5,8
0,0,0,0,0,0,0,9,10,0,9,40,51,14,8,0,0,0,0,6,5,7,4,0
0,0,0,0,0,3,6,11,12,3,10,33,36,13,0,8,0,0,0,6,9,7,7,4
0,0,0,0,2,0,4,10,14,11,12,13,13,11,8,6,1,0,0,0,10,0,0,1
0,0,0,0,0,0,2,27,27,13,10,9,17,9,3,2,0,0,0,1,0,8,7,5
0,0,0,3,0,7,14,50,50,24,13,13,9,1,10,0,0,0,0,0,2,4,1,0
2,0,0,4,8,8,35,49,35,27,12,6,3,8,0,0,3,0,0,0,0,0,0,0
4,4,0,0,7,13,56,50,13,10,13,14,15,7,4,7,1,0,11,0,0,0,4,6
5,4,0,0,5,13,55,14,13,14,36,14,8,5,0,0,0,4,6,0,0,0,5,0
2,0,0,0,2,5,12,12,12,26,23,12,10,11,4,0,4,5,0,5,10,0,2,4

7,11,42,13,13,77,98,91,57,13,0,1,6,13,30,14,11,13,8,0,0,6,6,0
14,30,48,9,33,97,133,117,119,98,111,109,106,64,23,11,7,0,0,0,9,2,0,3
37,52,52,13,12,65,52,79,100,116,137,144,155,137,108,79,33,28,0,5,6,4,6,5
57,50,31,14,12,17,55,49,57,76,111,137,160,162,134,107,72,33,13,11,11,6,2,5
57,52,39,4,5,24,17,51,57,56,64,88,129,156,151,117,83,47,17,14,10,1,8,6
54,50,13,9,13,14,36,44,52,73,93,112,134,157,160,115,71,54,13,30,13,6,0,4
39,9,10,6,6,11,13,33,66,77,102,116,124,121,116,118,78,12,2,5,6,4,3,3
0,0,0,0,0,7,11,51,65,105,136,132,111,101,99,85,71,59,35,11,10,3,11,10
0,0,0,0,0,0,12,50,66,116,141,159,149,128,107,89,68,56,14,12,8,10,0,3
0,0,0,0,0,4,45,54,68,106,139,170,160,142,108,74,63,50,13,15,14,10,7,10
0,0,2,0,3,14,50,63,87,117,136,139,158,147,107,75,18,30,8,9,8,4,8,4
0,0,0,0,12,32,55,70,112,125,126,140,157,153,117,95,57,9,0,6,0,1,0,0
0,0,1,0,9,37,55,102,107,125,124,123,145,137,116,96,27,3,0,0,0,0,2,6
0,2,5,4,11,41,62,105,111,114,122,120,124,125,120,105,58,0,0,2,0,0,0,0
0,0,2,11,14,42,53,101,90,77,102,109,115,119,117,102,55,0,0,2,0,0,4,6
4,4,0,0,12,14,53,82,72,85,81,103,112,114,83,68,54,7,0,0,0,9,6,2
3,1,9,6,10,42,57,65,56,59,90,80,103,73,63,58,51,8,2,3,5,0,6,5
8,16,20,20,22,32,38,42,45,54,71,113,124,178,127,68,42,19,11,9,11,8,10,7
2,7,8,7,12,13,46,58,57,94,115,129,165,140,139,113,60,14,7,8,9,9,5,3
0,9,12,11,11,15,56,100,96,103,138,214,200,195,143,110,90,20,11,11,10,0,2,10
0,0,11,14,15,25,69,91,75,120,196,218,215,186,152,111,71,23,10,13,10,0,2,9
0,0,10,14,18,32,41,54,107,159,194,246,200,176,122,81,37,13,7,6,12,14,10,2
8,6,20,20,32,31,37,63,122,173,221,227,180,152,115,82,35,7,0,1,6,0,6,4
7,8,0,37,62,47,76,100,130,166,186,198,169,134,109,100,9,9,5,9,8,9,6,0
0,4,20,65,77,61,66,100,122,149,178,166,163,123,101,14,8,4,10,7,3,0,2,12
8,11,38,55,74,85,54,102,116,136,146,161,122,108,63,13,4,0,3,4,0,0,7,5
0,28,45,64,66,68,59,100,109,129,132,133,112,100,30,9,5,0,0,0,0,3,4,4
14,44,57,87,97,96,67,57,108,130,124,133,92,77,12,10,11,0,0,1,0,2,2,8
12,35,59,91,101,88,36,54,100,96,111,118,81,56,6,9,9,3,0,9,8,9,11,2
12,21,51,55,77,55,51,21,64,146,136,86,71,27,9,20,8,12,6,9,6,8,9,1
9,13,18,46,72,58,43,37,50,111,82,71,52,36,11,10,6,9,8,7,8,3,8,5
0,3,6,5,13,61,53,36,14,46,94,58,54,52,13,7,9,10,5,1,10,0,7,0
6,0,0,0,9,42,51,53,24,40,54,59,61,55,32,9,0,7,6,6,2,0,0,1
0,0,0,0,0,11,50,50,11,16,41,55,55,51,14,12,1,8,7,0,1,3,3,2
0,0,0,0,0,0,10,14,4,9,12,46,45,36,10,11,0,7,9,8,4,3,5,8
0,0,0,0,0,0,0,9,10,0,9,40,51,14,8,0,0,0,0,6,5,7,4,0
0,0,0,0,0,3,6,11,12,3,10,33,36,13,0,8,0,0,0,6,9,7,7,4
0,0,0,0,2,0,4,10,14,11,12,13,13,11,8,6,1,0,0,0,10,0,0,1
0,0,0,0,0,0,2,28,27,13,10,9,18,8,3,2,0,0,0,1,0,8,7,5
0,0,0,3,0,7,14,50,50,24,13,13,9,1,10,0,0,0,0,0,2,4,1,0
2,0,0,4,8,8,35,48,35,27,12,6,3,8,0,0,3,0,0,0,0,0,0,0
4,4,0,0,7,13,56,50,13,10,13,14,14,7,4,7,1,0,11,0,0,0,4,6
5,4,0,0,5,13,55,14,13,14,35,14,8,5,0,0,0,4,6,0,0,0,5,0
2,0,0,0,2,5,12,12,12,27,22,12,10,11,5,0,4,6,0,6,10,0,2,4

7,11,39,13,13,77,97,91,57,13,0,1,6,13,30,15,11,13,8,0,0,6,6,0
14,30,46,9,33,96,133,117,119,98,111,109,106,64,24,11,7,0,0,0,9,2,0,3
37,52,52,13,12,65,52,78,100,116,137,144,155,137,108,79,33,28,0,5,6,4,6,5
56,50,32,14,12,17,55,50,58,76,111,136,160,162,134,108,73,33,13,11,11,5,2,5
57,51,39,4,5,24,19,51,56,56,64,88,129,156,150,117,83,47,17,14,10,1,8,6
54,50,13,9,13,14,37,44,52,73,93,112,134,157,159,115,71,55,13,30,13,6,0,4
42,9,10,6,6,11,13,33,66,77,102,116,124,121,116,118,79,12,2,5,6,4,3,3
0,0,0,0,0,8,11,51,65,105,137,132,111,101,98,85,71,59,34,12,10,3,11,10
0,0,0,0,0,0,12,50,66,117,141,159,148,128,107,90,68,56,15,12,8,10,0,3
0,0,0,0,0,5,48,54,68,107,140,171,159,142,108,74,64,50,13,15,14,10,7,10
0,0,2,0,3,14,50,63,87,118,136,136,153,145,106,75,19,30,8,9,8,4,8,4
0,0,0,0,12,34,55,70,112,125,127,141,153,150,116,94,57,9,0,6,0,1,0,0
0,0,2,0,9,40,55,102,107,125,124,124,146,136,115,96,26,3,0,0,0,0,2,6
0,2,5,5,12,41,63,105,111,114,122,120,124,125,120,105,59,0,0,1,0,0,0,0
0,0,2,11,14,43,53,101,90,77,102,109,115,119,117,102,55,0,0,2,0,0,4,6
4,4,0,1,13,14,53,82,72,85,81,103,112,114,84,68,54,7,0,1,0,9,6,2
3,1,9,6,11,43,57,65,56,59,90,79,103,74,64,58,51,8,2,3,6,0,6,5
8,16,20,21,24,32,39,43,45,54,72,113,125,182,130,69,42,19,11,9,12,8,10,7
2,7,9,7,12,13,47,58,57,94,115,130,166,140,140,113,60,14,7,8,9,9,5,3
0,9,12,11,11,17,56,100,97,103,138,215,201,196,143,110,90,19,11,11,10,0,2,10
0,0,11,14,16,26,69,92,75,121,197,218,216,186,153,111,70,24,9,13,10,0,2,9
0,0,10,14,22,33,41,55,108,159,194,246,200,177,122,81,37,13,7,6,12,14,10,2
8,6,21,21,32,31,38,64,123,173,221,227,180,152,115,82,34,7,0,1,6,0,6,4
7,8,0,38,63,48,76,100,131,166,186,198,169,134,109,100,9,9,5,9,8,9,7,0
0,4,21,65,78,62,65,100,122,149,178,166,163,123,101,14,8,5,10,7,3,0,2,12
8,11,38,55,74,84,54,102,116,136,146,161,122,108,60,13,4,0,3,4,0,0,7,5
0,29,44,63,66,68,59,100,109,128,132,133,112,100,28,9,5,0,0,0,0,3,4,4
14,44,57,87,97,96,67,57,108,130,124,133,92,76,12,10,11,0,0,1,0,2,2,7
12,34,59,91,101,88,36,53,100,95,111,118,81,56,6,9,8,3,0,9,7,9,11,2
12,22,51,55,77,55,51,21,64,146,136,86,71,27,9,20,8,12,6,9,6,8,9,1
9,13,20,48,72,58,43,37,50,111,82,71,52,37,11,10,6,9,8,7,8,3,8,5
1,3,6,5,13,61,53,36,14,44,93,58,54,52,12,7,9,10,5,1,10,0,7,0
6,0,0,0,9,42,51,53,24,39,54,59,61,55,32,9,0,7,6,6,2,0,0,1
0,0,0,0,0,11,50,50,11,16,41,55,55,52,14,12,1,8,7,0,1,4,3,2
0,0,0,0,0,0,10,14,4,9,12,47,46,36,10,11,0,7,9,7,4,3,5,8
0,0,0,0,0,0,0,9,10,0,9,40,51,14,8,0,0,0,0,6,5,7,4,0
0,0,0,0,0,2,6,11,12,3,10,33,35,13,0,8,0,0,0,6,9,7,7,4
0,0,0,0,2,0,3,10,14,11,12,13,13,11,9,6,1,0,0,0,10,0,0,1
0,0,0,0,0,0,2,26,27,13,10,9,17,8,2,2,0,0,0,1,0,8,7,5
0,0,0,3,0,7,14,50,50,23,12,13,9,1,10,0,0,0,0,0,2,4,1,0
2,0,0,4,8,8,34,48,35,26,12,5,3,8,0,0,3,0,0,0,0,0,0,0
4,4,0,0,7,13,56,50,13,10,13,14,14,7,4,7,1,0,11,0,0,1,4,6
5,4,0,0,5,13,55,14,13,14,33,14,8,5,0,0,0,4,6,0,0,0,5,0
2,0,0,0,2,5,12,12,12,25,22,12,10,11,4,0,4,6,0,6,10,0,2,4

7,11,38,13,13,77,97,91,57,13,0,1,6,13,29,14,11,13,8,0,0,6,6,0
14,30,46,9,34,96,133,117,119,98,111,109,106,64,24,12,7,0,0,0,9,2,0,3
36,52,52,13,12,65,53,78,100,117,137,145,155,137,109,80,34,28,0,5,6,4,6,5
57,50,32,14,12,18,55,50,58,76,112,137,160,163,134,109,73,33,13,11,11,5,2,5
58,52,40,4,5,23,18,51,56,56,64,88,130,157,151,118,84,47,17,14,10,1,7,6
55,50,13,9,13,13,37,44,52,73,93,112,134,156,160,116,72,55,13,30,13,5,0,4
49,9,10,7,7,11,13,34,65,77,102,116,124,121,116,118,79,12,3,5,6,4,3,3
0,0,0,0,0,7,11,51,65,106,137,132,111,101,98,85,71,59,37,12,11,3,11,10
0,0,0,0,0,0,12,50,66,117,142,160,148,128,107,90,69,56,15,12,8,10,0,2
0,0,0,0,0,5,47,54,68,108,141,172,161,143,108,75,64,50,13,15,14,9,7,10
0,0,3,0,3,14,50,63,87,118,136,135,152,144,106,75,20,31,7,9,8,4,8,4
0,0,0,0,11,32,55,69,111,124,127,141,151,149,116,94,57,9,0,6,0,1,0,0
0,0,2,0,9,37,54,101,107,124,123,125,146,135,115,96,25,3,0,0,0,0,2,6
0,2,6,5,11,41,62,105,111,114,121,119,124,125,120,105,59,0,0,1,0,0,0,0
0,0,2,11,14,42,53,100,89,76,101,109,115,119,117,102,56,0,0,3,0,0,4,6
4,4,0,1,13,14,53,81,71,85,81,102,112,114,84,68,54,7,0,1,0,10,6,2
3,1,8,6,11,43,57,65,56,59,89,79,103,74,64,58,51,8,2,4,6,0,6,5
8,16,20,21,24,32,39,43,45,54,71,113,126,187,132,69,42,19,11,9,12,8,10,7
2,7,9,7,13,13,46,58,57,95,115,130,167,141,140,113,59,14,7,8,9,9,5,3
0,9,12,11,11,17,56,100,98,104,139,217,201,196,143,110,88,19,11,11,10,0,2,10
0,0,11,14,17,26,70,92,76,121,197,219,216,187,153,110,69,22,9,13,10,0,2,9
0,0,10,14,25,33,42,55,108,160,194,246,200,176,122,80,37,13,7,6,12,14,10,2
8,6,21,22,33,31,38,64,123,174,221,227,180,152,115,81,34,7,0,1,6,0,6,4
7,9,1,38,64,48,78,100,131,166,186,198,169,134,109,100,9,9,5,9,8,9,7,0
0,4,20,66,78,62,66,100,122,149,178,166,163,123,101,14,8,4,11,7,3,0,2,12
8,11,38,56,74,85,54,102,117,136,146,161,122,108,61,13,4,0,3,4,0,0,7,5
0,29,44,65,66,67,59,100,109,128,132,133,112,100,26,9,5,0,0,0,0,3,4,4
14,45,57,87,97,97,67,57,108,130,124,133,92,76,12,10,11,0,0,1,0,2,2,7
12,35,60,91,101,87,36,54,100,95,111,118,81,56,6,9,9,3,0,9,7,9,11,2
12,22,51,55,77,55,51,23,64,146,136,86,71,27,9,20,8,12,6,9,6,8,9,1
9,13,19,46,72,58,43,37,50,111,82,71,52,37,11,10,6,9,8,7,8,3,8,5
1,3,6,5,13,62,53,36,14,46,94,58,53,52,13,7,9,10,5,1,10,0,7,0
6,0,0,0,9,42,51,53,23,41,54,59,61,55,32,9,0,7,6,6,2,0,0,1
0,0,0,0,0,11,50,50,12,17,42,55,55,52,14,12,1,8,7,0,1,4,3,2
0,0,0,0,0,0,10,14,4,9,11,46,44,36,10,11,0,7,9,8,4,3,5,8
0,0,0,0,0,0,0,9,10,0,9,40,51,14,8,0,0,0,0,6,5,7,4,0
0,0,0,0,0,3,6,11,12,3,10,33,35,13,0,8,0,0,0,6,9,7,7,4
0,0,0,0,2,0,3,10,14,11,12,13,13,11,8,6,1,0,0,0,10,0,0,1
0,0,0,0,0,0,2,26,26,13,10,9,17,8,2,2,0,0,0,1,0,8,8,5
0,0,0,3,0,7,14,50,50,24,13,13,8,0,10,0,0,0,0,0,2,4,1,0
2,0,0,4,8,8,36,48,35,27,12,5,3,8,0,0,3,0,0,0,0,0,0,0
3,4,0,0,7,13,56,50,13,10,13,14,14,7,4,7,1,0,11,0,0,1,4,6
5,4,0,0,5,13,55,14,13,14,32,14,8,5,0,0,0,4,6,0,0,0,5,0
2,0,0,0,2,5,12,12,12,24,22,12,10,11,4,0,4,5,0,6,10,0,2,4

7,11,38,13,13,76,97,91,57,13,0,1,6,13,29,14,11,13,8,0,0,5,6,0
14,28,46,9,31,96,133,117,119,99,111,109,106,64,26,12,7,0,0,0,9,2,0,3
35,51,52,13,12,65,52,78,100,117,137,145,155,137,109,80,34,29,0,5,6,4,6,5
57,50,32,14,12,18,55,50,58,76,111,136,160,162,135,111,75,33,13,11,11,5,2,5
58,52,39,4,5,23,18,51,57,56,64,87,128,154,150,118,85,47,17,14,10,1,8,6
55,50,13,9,13,13,37,44,52,72,91,110,131,152,156,114,72,55,13,30,13,5,0,4
50,10,10,7,7,11,13,33,64,77,101,114,122,119,114,118,80,12,2,5,6,4,3,3
0,0,0,0,0,8,12,51,64,106,136,130,109,100,97,85,72,59,35,11,10,3,11,10
0,0,0,0,0,0,12,50,65,118,143,161,148,128,108,91,69,56,15,12,8,10,0,2
0,0,0,0,0,5,47,55,68,109,144,176,166,146,109,75,64,51,14,16,14,9,7,10
0,0,3,0,3,14,50,63,88,119,138,136,152,144,106,75,22,32,8,9,8,3,8,4
0,0,0,0,12,34,55,70,111,124,129,142,149,148,116,94,57,9,0,6,0,1,0,0
0,0,2,0,9,40,55,101,107,124,123,127,146,135,115,96,26,3,0,0,0,0,2,6
0,2,6,5,12,44,62,105,111,114,121,119,124,125,120,105,59,0,0,1,0,0,0,0
0,0,3,12,14,43,53,101,89,76,101,109,115,119,117,102,56,0,0,2,0,0,4,6
4,4,0,1,13,14,53,83,72,85,81,102,112,114,84,68,54,7,0,1,0,10,6,2
3,1,9,6,11,43,57,66,56,59,90,79,103,74,64,58,51,8,2,4,6,0,6,5
8,16,20,21,25,33,39,43,45,54,71,113,126,187,131,69,43,19,11,9,12,8,10,7
2,7,9,7,13,13,47,58,57,95,115,130,167,141,140,113,59,14,7,8,9,9,5,3
0,9,12,11,11,17,56,100,97,104,139,216,201,196,143,110,88,19,11,11,10,0,2,10
0,0,11,14,17,26,70,93,76,121,197,219,215,186,153,110,68,22,9,13,10,0,2,9
0,0,10,14,25,34,41,56,108,160,194,246,200,177,122,80,36,13,7,6,12,14,10,2
8,6,21,22,33,31,38,64,123,174,221,227,180,152,115,81,34,7,0,1,7,0,6,4
7,9,1,40,64,50,78,100,131,166,186,198,168,134,109,100,9,9,5,9,8,9,7,0
0,4,23,67,78,62,66,100,122,149,178,166,163,123,101,14,8,4,11,7,3,0,2,12
8,11,38,56,74,86,54,102,117,136,146,161,122,108,61,13,4,0,3,4,0,0,7,5
0,30,45,64,67,67,60,100,109,129,132,133,112,100,26,9,5,0,0,0,0,3,4,4
14,44,57,88,97,96,66,57,108,130,124,133,92,76,12,10,11,0,0,1,0,2,2,7
12,36,60,92,101,88,36,54,100,95,111,118,81,55,6,9,8,3,0,9,7,9,11,2
12,24,51,55,77,55,51,23,64,146,136,86,70,27,9,20,8,12,6,9,6,8,9,1
9,13,19,48,72,58,43,37,50,111,82,71,51,37,11,10,6,9,8,7,8,3,8,5
1,3,6,5,13,61,53,34,14,44,93,58,54,52,12,7,9,10,5,0,10,0,7,0
6,0,0,0,9,42,51,53,25,40,54,59,61,55,32,9,0,7,6,6,2,0,0,1
0,0,0,0,0,11,50,50,11,16,42,54,55,51,14,12,1,8,7,0,1,4,3,1
0,0,0,0,0,0,10,14,4,9,11,46,45,36,10,11,0,7,9,8,4,3,5,8
0,0,0,0,0,0,0,9,10,0,9,40,51,14,8,0,0,0,0,6,5,7,4,0
0,0,0,0,0,3,6,11,12,3,10,32,35,13,0,8,0,0,0,6,9,7,7,4
0,0,0,0,3,0,3,10,14,11,12,13,13,11,8,6,1,0,0,0,10,0,0,1
0,0,0,0,0,0,2,26,26,13,10,9,17,8,2,2,0,0,0,1,0,8,8,5
0,0,0,3,0,7,14,50,50,22,12,13,8,0,10,0,0,0,0,0,2,4,1,0
2,0,0,4,8,8,35,48,35,27,12,5,3,8,0,0,3,0,0,0,0,0,0,0
3,4,0,0,7,13,56,50,13,10,13,14,14,7,4,8,1,0,11,0,0,0,4,6
5,4,0,0,5,13,55,14,13,14,31,14,8,4,0,0,0,4,6,0,0,0,5,0
2,0,0,0,2,5,12,12,12,25,19,12,10,11,4,0,4,6,0,6,10,0,2,4

7,11,39,13,13,76,97,91,57,14,0,1,6,13,29,14,11,13,8,0,0,6,6,0
13,28,46,9,31,96,133,117,119,99,111,109,106,64,24,12,7,0,0,0,9,2,0,3
37,52,52,13,12,65,53,78,100,117,138,145,156,137,109,81,34,28,0,5,6,4,6,5
57,50,32,14,12,18,55,50,58,76,112,137,160,163,135,111,75,33,13,11,11,5,2,5
58,52,40,4,5,23,19,51,57,56,64,88,129,155,150,118,85,48,17,14,10,1,7,6
55,50,13,9,13,13,37,44,52,72,92,110,131,153,157,115,72,55,13,30,13,5,0,4
50,10,10,7,7,11,13,36,64,77,101,114,122,120,115,118,80,12,2,5,6,4,3,3
0,0,0,0,0,8,12,51,64,106,137,131,110,100,98,85,72,59,36,12,10,3,11,10
0,0,0,0,0,0,12,50,66,118,143,162,149,128,107,91,69,56,16,12,8,10,0,2
0,0,0,0,0,5,47,54,68,110,144,176,165,145,109,74,64,51,13,16,14,9,7,10
0,0,3,0,3,14,50,63,88,119,137,136,151,144,106,75,21,31,7,9,8,4,8,4
0,0,0,0,12,34,55,70,111,124,128,142,150,149,116,94,57,9,0,6,0,1,0,0
0,0,2,0,9,40,55,102,107,125,123,126,147,135,115,96,26,3,0,0,0,0,2,6
0,2,6,5,12,43,62,105,111,114,121,119,124,125,120,105,59,0,0,1,0,0,0,0
0,0,3,12,14,43,53,101,89,76,101,109,115,119,117,102,56,0,0,2,0,0,4,6
4,4,0,1,13,14,53,81,71,85,81,102,112,113,84,68,54,7,0,1,0,10,6,2
3,1,9,6,11,44,58,65,56,59,89,79,103,74,64,58,51,8,2,4,6,0,6,5
8,16,20,21,25,32,39,43,45,54,71,113,125,185,131,69,42,19,11,9,12,8,10,7
2,7,9,8,13,13,47,58,57,95,115,130,166,141,140,113,59,14,7,8,9,9,5,3
0,9,12,11,11,17,56,100,97,104,138,215,200,196,143,110,88,19,11,12,10,0,2,10
0,0,11,14,17,26,70,92,76,121,197,218,215,186,153,111,69,23,9,13,10,0,2,9
0,0,10,14,24,33,41,55,108,159,194,246,200,176,122,80,36,13,7,6,12,14,10,2
8,6,22,22,33,32,38,64,123,174,221,227,179,152,115,81,34,7,0,1,6,0,6,4
7,9,1,38,63,50,78,100,131,166,186,198,168,134,109,100,9,9,5,9,8,9,7,0
0,4,23,67,78,63,66,100,122,149,178,165,163,123,101,14,8,4,11,7,3,0,2,12
8,11,37,55,74,86,54,102,116,136,146,161,122,108,60,13,4,0,3,4,0,0,7,5
0,31,45,64,66,68,59,100,109,128,132,133,112,100,28,9,5,0,0,0,0,3,4,4
14,44,57,88,97,97,66,57,108,130,124,133,91,76,12,10,11,0,0,1,0,2,2,7
12,37,60,92,101,88,36,55,100,95,111,118,81,55,6,9,8,3,0,9,8,9,11,2
12,21,51,55,77,55,51,23,64,146,136,86,71,27,9,20,8,12,6,9,6,8,9,1
9,13,20,46,72,58,43,37,50,111,82,71,52,37,11,10,6,9,8,7,8,3,8,5
1,4,6,5,13,61,53,34,14,46,93,58,53,52,12,7,9,10,5,1,10,0,7,0
6,0,0,0,9,42,51,53,25,41,55,59,61,55,31,9,0,7,6,6,2,0,0,1
0,0,0,0,0,11,50,50,11,17,42,55,55,51,14,12,1,8,7,0,1,4,3,1
0,0,0,0,0,0,10,15,4,9,12,48,45,36,10,11,0,7,9,8,4,3,5,8
0,0,0,0,0,0,0,9,10,0,9,40,51,14,8,0,0,0,0,6,5,7,4,0
0,0,0,0,0,3,6,11,12,3,10,33,37,13,0,8,0,0,0,6,9,7,7,4
0,0,0,0,2,0,4,10,14,11,12,13,13,11,9,6,1,0,0,0,10,0,0,1
0,0,0,0,0,0,2,27,27,13,10,9,17,8,2,2,0,0,0,1,0,8,8,5
0,0,0,3,0,7,14,50,50,23,12,13,8,0,10,0,0,0,0,0,2,4,1,0
2,0,0,4,8,8,36,49,35,27,12,5,3,8,0,0,3,0,0,0,0,0,0,0
4,4,0,0,7,13,56,50,13,10,13,14,14,7,4,7,1,0,11,0,0,0,4,6
5,4,0,0,5,13,55,14,13,14,35,14,8,5,0,0,0,4,6,0,0,0,5,0
2,0,0,0,2,5,12,12,12,26,21,12,10,11,4,0,4,6,0,6,10,0,2,4

7,11,39,13,13,76,97,91,57,13,0,1,6,13,28,14,11,12,8,0,0,6,6,0
14,28,46,9,34,96,133,117,119,99,111,109,106,64,26,12,7,0,0,0,9,2,0,3
37,52,52,13,12,66,52,78,100,117,138,145,156,137,109,80,34,29,0,5,6,4,6,5
57,50,32,14,12,18,55,50,58,76,112,137,160,163,135,110,74,33,13,11,11,5,2,5
57,52,41,4,5,24,21,51,57,56,64,88,129,155,151,118,85,48,17,14,10,1,7,6
55,50,13,9,13,14,37,44,52,73,92,111,132,154,158,115,72,55,13,30,13,5,0,4
50,10,10,7,7,11,13,36,64,77,101,115,123,120,115,118,80,12,2,5,6,4,3,3
0,0,0,0,0,8,12,51,64,106,136,131,110,101,98,85,72,59,37,12,10,3,11,10
0,0,0,0,0,0,12,50,66,117,142,160,148,128,107,90,69,56,15,12,8,10,0,2
0,0,0,0,0,5,50,54,68,109,142,174,164,144,108,74,64,51,14,16,14,9,7,10
0,0,3,0,3,15,50,63,88,119,137,135,152,144,106,75,21,31,7,9,8,4,8,4
0,0,0,0,12,35,55,70,112,125,129,142,152,150,117,95,57,9,0,6,0,1,0,0
0,0,2,1,10,42,55,102,108,125,124,126,147,136,115,96,27,3,0,0,0,0,2,6
0,3,6,6,12,45,64,106,111,114,122,120,124,125,120,105,59,0,0,1,0,0,0,0
0,0,3,12,14,46,53,101,91,77,101,109,116,119,117,102,56,0,0,2,0,0,4,6
4,4,0,1,13,18,53,82,72,85,81,103,112,114,84,68,54,7,0,0,0,10,6,2
3,1,9,6,11,47,58,66,57,59,90,80,103,73,63,58,51,8,2,4,6,0,6,5
8,16,20,21,25,33,39,43,45,54,72,113,124,180,129,68,42,19,11,9,12,8,10,7
2,7,9,8,12,13,47,58,57,95,115,129,165,140,139,113,60,14,7,8,9,9,5,3
0,9,12,11,11,17,56,100,97,104,138,214,199,195,143,110,90,19,11,11,10,0,2,10
0,0,11,14,16,26,69,92,75,120,196,217,214,185,152,111,70,24,9,13,10,0,2,9
0,0,10,14,22,33,41,54,108,159,193,245,199,176,122,80,37,13,7,6,12,14,10,2
8,6,22,21,33,31,37,63,123,173,221,227,179,152,115,82,34,7,0,1,6,0,6,4
7,9,1,38,63,48,78,100,130,166,186,198,168,133,109,100,9,9,5,9,8,9,6,0
0,4,23,66,78,62,65,100,122,149,178,165,163,122,101,14,8,4,11,7,3,0,2,12
8,11,37,56,74,85,54,102,117,136,146,161,122,108,61,13,4,0,3,4,0,0,7,5
0,30,45,64,67,67,60,100,109,128,132,133,112,100,30,10,5,0,0,0,0,3,4,4
14,44,57,87,98,97,66,57,108,130,124,133,92,76,12,10,11,0,0,1,0,2,2,8
12,36,60,92,101,88,36,55,100,95,111,118,81,56,6,9,9,3,0,9,8,9,11,2
12,22,51,55,77,55,51,24,64,147,135,86,71,27,9,20,8,12,6,9,6,8,9,1
9,13,22,46,72,58,43,37,50,111,81,72,52,37,11,10,6,9,8,7,8,3,8,5
1,4,6,5,13,61,53,36,14,46,94,58,54,52,13,7,9,10,5,1,10,0,7,0
6,0,0,0,9,42,51,53,27,41,55,59,62,55,32,9,0,7,6,6,2,0,0,1
0,0,0,0,0,11,50,50,11,16,42,55,55,52,14,13,1,8,7,0,1,4,3,1
0,0,0,0,0,0,10,15,4,9,12,48,46,35,10,11,0,7,9,8,4,2,5,8
0,0,0,0,0,0,0,9,10,0,9,41,51,14,8,0,0,0,0,6,5,7,4,0
0,0,0,0,0,3,6,11,12,3,10,33,36,13,0,8,0,0,0,6,9,7,7,4
0,0,0,0,3,0,4,10,14,11,12,13,13,11,9,6,1,0,0,0,10,0,0,1
0,0,0,0,0,0,2,27,28,13,10,9,17,8,2,2,0,0,0,1,0,8,8,5
0,0,0,3,1,7,14,50,50,24,13,13,9,1,10,0,0,0,0,0,2,4,1,0
2,0,0,4,8,8,35,48,35,29,12,6,3,8,0,0,3,0,0,0,0,0,0,0
4,4,0,0,7,13,57,50,13,10,13,14,14,7,4,7,1,0,11,0,0,0,4,6
5,4,0,0,5,13,55,15,13,14,36,14,8,5,0,0,0,4,6,0,0,0,5,0
3,0,0,0,2,5,12,12,12,26,23,13,10,11,4,0,4,6,0,6,10,0,2,4
5,23,22,18,13,12,11,4,10,12,13,10,14,15,24,14,18,11,13,8,7,6,6,6
8,14,54,52,32,29,79,53,39,57,14,28,9,6,10,4,0,8,0,6,8,3,4,11
3,7,5,9,52,108,136,146,147,132,138,138,121,120,115,107,102,13,10,7,2,4,7,9
1,0,3,11,18,60,107,114,140,160,183,185,162,160,149,150,134,90,37,19,11,11,11,5
10,12,14,13,23,20,22,52,52,88,126,183,180,179,167,162,121,62,12,27,11,6,3,0
11,10,11,23,31,8,11,13,9,51,63,77,119,156,172,175,108,63,51,15,14,11,10,8
7,10,15,3,1,2,6,10,51,93,96,107,114,131,126,130,88,57,33,14,14,11,12,10
13,21,23,9,0,0,6,10,52,76,93,108,124,136,124,117,89,53,36,31,9,0,0,5
8,9,5,0,0,0,0,9,52,78,115,143,153,148,132,105,64,53,8,14,2,1,4,0
8,3,9,11,4,0,10,1,57,86,117,148,179,162,118,96,62,50,3,12,9,9,0,6
5,7,0,3,4,0,13,56,70,104,129,143,169,174,129,93,63,50,11,9,9,13,3,2
0,0,3,0,0,5,23,70,104,120,137,136,192,193,143,109,75,39,11,8,9,0,1,1
3,0,0,0,0,2,44,81,110,125,135,137,141,159,141,116,67,35,9,11,6,6,2,4
0,0,0,0,8,14,66,91,113,123,130,130,126,133,123,110,100,50,7,10,13,8,2,6
4,4,0,0,13,14,53,67,105,123,126,125,114,96,70,72,82,47,10,6,10,9,7,4
0,1,7,5,11,14,60,60,85,111,123,123,90,74,60,64,64,14,8,12,10,0,4,9
8,0,1,5,6,12,41,55,61,79,83,106,79,70,71,61,62,37,16,13,9,7,9,8
9,12,11,12,15,13,24,44,52,51,60,63,126,155,167,82,47,35,32,29,22,19,18,11
7,2,10,10,9,11,19,52,73,66,69,102,131,169,134,92,62,39,13,11,10,6,8,4
0,0,5,10,10,13,45,106,106,107,102,130,149,147,140,127,80,26,13,10,14,12,5,0
9,5,4,7,22,32,58,112,104,100,130,152,202,187,144,111,65,31,18,11,12,14,6,0
6,10,14,17,33,42,55,52,44,57,136,150,266,178,165,123,70,40,27,23,12,8,0,0
4,6,0,40,59,54,59,57,39,100,141,167,214,196,147,109,53,13,12,14,12,10,6,8
3,7,10,50,90,71,98,100,37,111,127,157,179,170,141,111,76,8,0,5,3,0,0,2
13,10,13,45,68,83,101,86,100,100,122,145,158,144,128,104,61,3,0,1,0,0,2,0
8,14,14,59,101,105,101,92,71,100,114,127,149,134,112,100,14,5,12,7,9,4,6,6
11,13,20,63,72,103,102,100,100,100,106,123,132,122,109,65,13,10,10,4,7,0,6,0
7,10,14,55,75,107,105,103,66,75,106,109,131,123,102,40,13,10,2,0,3,10,0,7
10,11,17,48,113,102,101,93,56,51,74,76,86,89,62,11,9,2,3,0,0,3,0,0
10,14,23,50,89,57,53,41,35,32,45,73,146,97,68,13,7,0,2,11,2,0,0,0
11,20,14,15,33,79,58,45,28,27,40,65,92,66,51,32,20,18,14,10,12,1,7,7
0,9,4,4,25,50,54,56,39,13,14,35,56,87,38,9,10,10,12,0,0,5,0,0
0,0,2,2,11,32,46,62,51,11,12,23,52,54,29,0,0,2,9,0,0,0,0,8
4,11,8,0,8,31,46,33,53,12,9,13,45,51,15,3,0,0,3,0,0,0,0,2
0,10,0,0,0,9,35,48,20,10,4,8,25,23,10,8,0,1,0,4,0,0,0,0
0,6,0,0,0,10,16,37,28,13,9,10,51,17,5,0,0,1,1,0,0,0,0,0
0,0,1,0,0,8,29,41,11,10,9,11,38,12,3,0,0,0,0,1,7,0,0,0
1,0,0,4,4,9,15,14,9,10,14,13,20,14,8,4,6,0,7,5,0,0,0,0
0,1,0,0,5,9,20,50,12,10,14,24,28,12,11,10,0,4,0,0,0,0,0,0
0,0,0,0,0,11,28,43,6,10,11,19,21,13,7,0,3,0,0,3,0,7,5,0
0,0,0,0,0,12,38,26,11,8,22,50,26,7,10,10,4,0,0,3,6,7,7,5
7,1,0,0,8,33,53,14,11,28,51,53,12,8,5,13,12,10,6,0,6,2,8,10
0,7,9,9,12,59,67,24,15,32,50,53,9,10,12,2,0,0,1,7,1,0,8,2
5,8,4,13,14,25,14,14,44,48,47,15,4,5,0,5,8,1,0,6,3,4,0,2

6,23,22,18,13,12,11,4,10,12,13,10,14,16,25,15,19,12,13,8,7,6,6,6
8,16,55,52,33,29,77,53,39,57,14,27,9,6,10,4,0,8,0,6,8,3,4,11
3,7,6,9,52,108,135,146,147,132,138,137,120,120,115,107,102,13,11,7,2,4,6,9
0,0,5,11,19,60,107,114,140,159,181,184,160,158,149,150,133,90,37,18,11,11,11,5
10,12,21,14,22,20,22,51,51,87,124,180,178,178,166,161,121,62,12,27,11,6,3,0
11,11,13,24,31,8,11,12,9,51,62,76,117,154,172,175,108,63,51,14,13,11,10,8
8,11,21,5,1,3,6,10,50,92,94,105,113,130,126,130,88,57,33,14,13,11,11,10
14,26,29,9,0,0,6,9,52,75,90,105,122,135,124,117,90,54,35,29,8,0,0,5
9,9,7,0,0,0,0,7,51,76,110,139,150,147,132,105,65,53,7,13,2,1,4,0
9,5,9,10,4,0,10,0,57,85,116,145,176,160,117,96,62,51,2,11,9,8,0,6
5,7,0,4,4,0,12,55,70,103,129,142,167,174,130,94,64,50,11,9,8,12,3,2
0,0,2,0,0,5,21,70,104,121,138,136,190,192,144,111,76,41,11,8,10,0,0,1
3,0,0,0,0,2,44,82,111,126,136,138,141,158,141,117,69,37,9,12,6,6,0,3
0,0,0,0,8,14,66,92,113,123,131,131,127,133,123,110,101,50,7,10,13,8,1,6
4,4,0,0,13,15,54,67,106,124,127,126,114,97,70,72,83,50,11,6,9,9,7,4
0,1,7,6,11,15,60,61,86,112,124,124,90,75,60,64,64,14,8,12,10,0,4,9
8,0,1,6,7,12,43,55,61,80,83,106,80,70,71,61,64,39,17,13,9,7,9,8
9,12,11,12,15,13,24,44,52,51,60,63,125,151,163,83,48,37,32,29,21,19,17,11
7,2,10,10,9,11,17,51,74,65,69,102,130,168,134,93,63,44,13,11,10,6,7,4
0,0,5,10,10,12,45,106,106,107,102,130,149,148,141,128,84,34,13,10,14,12,4,0
9,5,4,7,21,31,57,112,104,100,129,152,202,187,145,112,66,34,18,11,11,14,6,0
6,10,14,17,31,41,54,52,43,57,136,149,266,178,165,124,72,41,27,24,12,8,0,0
4,5,0,39,58,53,58,56,39,99,141,167,214,197,148,111,55,13,12,13,12,10,6,8
3,6,10,46,89,70,97,98,36,111,127,157,179,170,141,111,78,8,0,5,3,0,0,2
13,10,13,44,68,82,101,84,100,100,122,145,158,144,128,104,62,4,0,1,0,0,2,0
8,14,14,58,101,105,101,92,68,100,115,128,149,134,112,101,14,5,12,7,9,4,6,5
11,13,20,62,72,103,102,100,100,100,107,123,132,123,110,67,14,10,10,4,7,0,6,0
7,10,14,54,75,107,105,103,67,75,106,108,131,123,103,42,14,10,2,0,3,10,0,7
10,11,16,48,113,103,101,92,56,51,73,75,86,90,63,11,9,2,3,0,0,3,0,0
10,14,23,50,89,57,53,41,35,32,44,73,143,94,68,13,7,0,2,11,2,0,0,0
11,20,14,16,33,79,58,45,28,27,39,65,91,65,51,31,20,18,14,10,12,1,7,7
0,9,4,4,24,50,54,56,40,13,13,35,56,88,43,9,10,10,12,0,0,5,0,0
0,0,2,2,11,32,46,62,51,11,12,23,52,55,34,1,0,2,9,0,0,0,0,8
4,11,8,0,8,31,46,33,53,12,10,13,47,51,20,3,0,0,3,0,0,0,0,1
0,10,0,0,0,9,34,48,20,11,4,8,27,27,11,8,0,0,0,4,0,0,0,0
0,6,0,0,0,10,16,37,28,13,9,11,52,26,5,0,0,1,1,0,0,0,0,0
0,0,1,0,0,8,29,41,11,10,9,11,41,13,4,0,0,0,0,1,7,0,0,0
2,1,0,4,4,9,14,14,9,10,14,14,24,14,9,4,7,0,7,5,0,0,0,0
0,1,0,0,5,9,18,50,12,10,14,25,30,12,11,10,0,4,0,0,0,0,0,0
0,0,0,0,0,11,28,43,6,10,11,20,24,13,7,0,3,0,0,3,0,7,5,0
0,0,0,0,0,12,38,26,10,7,20,48,28,7,9,10,4,0,0,3,6,7,7,5
7,1,0,0,8,36,53,14,11,24,50,54,12,8,5,13,12,10,6,0,5,2,8,10
0,7,9,9,12,59,67,22,14,31,50,55,9,11,12,2,0,0,1,7,1,0,8,2
5,8,4,13,14,26,14,14,39,44,45,15,4,5,0,5,8,1,0,6,3,4,0,2

5,23,23,18,14,12,11,4,10,12,13,10,14,16,25,14,20,12,13,8,7,6,6,6
8,18,55,52,33,31,77,53,39,57,14,25,9,6,9,4,0,8,0,6,7,3,4,11
3,8,6,10,52,109,136,147,148,133,138,138,120,120,114,107,101,13,10,7,2,4,6,8
1,0,7,11,20,61,108,115,141,161,182,184,160,158,148,150,133,90,37,17,11,11,11,5
11,13,24,14,22,21,24,52,52,88,125,181,179,177,166,161,120,62,12,26,10,5,2,0
11,11,14,25,32,8,11,13,9,51,62,76,118,154,171,174,108,63,51,14,13,11,10,7
8,12,24,5,2,3,6,10,50,92,94,106,113,130,126,130,88,57,32,14,13,11,11,10
14,28,36,10,1,0,6,10,52,75,90,106,123,136,124,117,90,54,35,29,8,0,0,5
10,10,9,0,0,0,0,7,52,77,111,140,151,149,132,105,65,53,8,13,2,0,3,0
9,6,8,10,3,0,10,0,57,85,116,146,177,161,118,97,63,51,3,11,9,8,0,5
5,8,1,4,4,0,12,55,70,103,129,143,167,174,129,94,64,50,11,8,8,12,3,2
0,0,2,0,0,4,15,69,103,119,136,136,190,189,143,110,75,40,10,7,9,0,0,1
3,0,0,0,0,1,43,80,110,124,135,136,142,157,140,116,68,37,9,11,6,6,0,3
0,0,0,0,8,14,65,90,112,123,130,130,126,133,123,110,101,50,7,10,13,7,1,6
4,5,0,0,13,14,52,67,105,123,126,125,113,95,70,72,83,50,10,6,9,9,7,4
0,1,7,6,11,14,59,60,85,111,123,123,89,74,60,64,65,15,8,12,10,0,4,9
8,0,1,6,6,12,40,55,61,79,82,106,79,69,71,62,64,42,17,13,9,7,9,8
9,12,11,12,14,13,23,43,51,51,60,63,125,153,169,86,49,38,31,29,22,20,17,11
7,2,10,10,9,11,17,51,73,65,69,102,130,170,136,96,65,47,13,11,10,6,7,4
0,0,5,10,10,13,44,106,106,107,102,130,150,149,142,130,87,38,13,10,14,12,4,0
9,5,4,7,21,32,57,112,104,100,129,152,202,188,145,114,68,36,18,11,12,14,6,0
6,10,14,18,32,42,54,52,43,57,136,149,266,178,166,125,74,41,28,24,12,8,0,0
4,6,0,40,59,54,58,56,38,97,141,167,214,197,149,112,56,14,12,13,12,10,6,8
3,7,10,46,89,70,98,98,35,111,127,157,179,171,142,112,79,8,0,5,3,0,0,2
13,10,13,44,68,82,101,85,100,100,122,145,158,144,129,104,62,4,0,1,0,0,2,0
9,14,14,58,101,105,101,92,69,100,115,128,150,134,112,101,14,6,12,7,9,4,6,5
11,13,20,61,72,103,102,100,100,100,107,123,132,123,110,69,14,10,10,4,7,0,5,0
7,10,14,54,75,107,105,103,67,75,106,108,131,123,103,43,14,10,2,0,3,10,0,7
10,11,16,47,113,103,101,93,56,50,73,75,86,90,64,11,9,2,2,0,0,3,0,0
10,14,22,50,87,57,53,41,35,31,43,71,138,92,70,13,6,0,2,11,1,0,0,0
11,20,14,16,33,78,58,45,28,27,39,65,90,66,51,31,19,17,14,10,12,1,7,7
0,9,4,4,24,50,54,56,41,13,13,35,56,90,44,9,10,10,12,0,0,5,0,0
0,0,2,2,11,32,46,62,51,11,12,22,52,55,39,1,0,1,9,0,0,0,0,8
4,11,8,0,8,29,46,33,53,12,10,13,48,52,21,4,0,0,3,0,0,0,0,1
0,10,0,0,0,9,34,49,20,11,4,8,27,28,11,8,0,0,1,4,0,0,0,0
0,6,0,0,0,10,16,37,28,13,9,11,52,28,6,0,0,1,1,0,0,0,0,0
0,0,1,0,0,8,29,42,11,10,9,11,41,13,5,0,0,0,0,0,7,0,0,0
2,1,0,4,4,9,14,14,9,10,14,14,24,14,10,4,7,0,7,5,0,0,0,0
0,1,0,0,5,9,19,50,12,10,14,24,30,12,11,10,0,4,0,0,0,0,0,0
0,0,0,0,0,11,28,42,6,10,11,20,23,13,7,0,3,0,0,3,0,7,5,0
0,0,0,0,0,12,38,26,10,7,19,48,27,7,10,10,4,0,0,3,7,7,7,5
7,1,0,0,8,37,53,14,10,24,50,54,12,8,5,13,12,10,6,0,5,2,8,10
0,7,9,9,12,60,66,22,14,31,50,54,9,11,12,2,0,0,1,7,1,0,8,2
5,8,5,13,14,25,14,14,38,42,46,16,4,5,0,5,8,1,0,6,3,4,0,2

5,22,22,19,13,12,11,4,10,12,13,11,15,16,24,15,19,11,13,8,7,6,6,6
8,14,55,52,33,31,77,52,38,57,14,24,8,6,9,3,0,8,0,6,7,2,4,11
2,8,6,10,50,108,135,146,147,133,138,138,120,120,114,107,101,13,10,7,1,4,6,8
1,1,9,10,15,60,108,115,142,162,183,184,159,157,148,149,133,89,37,17,11,10,11,5
11,14,31,21,22,21,23,52,52,88,125,181,178,177,165,161,120,62,12,27,10,5,2,0
11,11,23,27,32,10,11,13,9,51,62,77,118,154,171,174,108,63,51,14,13,11,10,7
9,15,38,9,3,3,6,10,50,92,95,106,114,131,127,131,88,57,31,14,13,10,12,10
18,36,54,12,3,0,5,9,52,75,90,106,124,136,124,117,91,54,36,29,8,0,0,4
12,13,11,1,0,0,0,7,52,77,112,140,152,149,133,106,65,54,8,13,2,0,3,0
11,8,8,10,3,0,9,0,57,85,117,146,178,162,119,97,63,51,4,11,9,8,0,5
5,8,2,4,4,0,11,54,69,102,128,142,167,173,128,94,64,50,11,8,8,12,3,2
0,0,2,0,0,3,14,68,102,118,135,136,191,189,142,109,75,40,10,6,9,0,0,1
3,0,0,0,0,0,41,79,109,124,134,135,143,158,140,116,68,37,8,11,6,6,0,2
0,0,0,0,7,13,63,89,112,122,129,129,126,133,122,109,101,50,6,10,13,7,0,6
4,5,0,0,13,14,50,65,105,122,125,124,113,95,70,72,83,50,10,6,10,9,7,4
0,1,7,5,11,13,57,60,84,110,122,122,88,74,59,64,65,15,8,12,10,0,4,8
8,0,1,5,6,11,37,55,61,78,82,105,78,69,71,62,66,43,18,13,9,7,8,8
9,12,11,12,14,13,23,43,51,51,59,62,124,154,174,88,49,38,31,29,22,20,17,11
7,3,10,11,9,11,17,51,73,65,69,102,130,171,137,98,66,48,13,11,10,6,7,5
0,0,5,10,11,13,45,106,106,107,102,130,150,149,143,131,88,39,13,10,14,12,4,0
9,6,4,7,22,32,57,112,104,100,129,152,203,188,146,115,69,36,18,11,12,14,6,0
6,10,14,19,34,43,55,52,43,57,136,149,266,178,166,126,75,41,28,24,12,8,0,0
4,6,1,41,59,54,59,57,39,97,141,167,215,197,149,112,56,14,12,13,12,10,6,8
3,7,10,50,92,71,99,98,35,111,127,157,179,171,142,112,79,8,0,5,3,0,0,2
13,10,13,45,69,83,101,86,100,100,122,145,158,144,129,104,63,4,0,1,0,0,2,0
8,14,14,58,101,105,101,92,68,100,115,128,150,134,112,101,14,6,12,7,9,4,6,5
11,13,20,63,72,103,102,100,100,100,107,123,132,123,110,70,14,10,10,4,7,0,5,0
7,10,14,54,75,107,106,103,67,74,106,108,131,123,103,44,14,10,2,0,3,9,0,7
10,11,17,48,113,103,101,92,57,51,73,75,86,91,64,12,9,2,2,0,0,3,0,0
10,14,23,50,89,57,53,41,35,31,44,71,137,91,69,13,6,0,2,10,1,0,0,0
11,20,14,16,33,78,58,45,28,27,39,65,89,65,51,31,19,18,14,10,12,1,7,7
0,9,4,4,24,50,54,56,40,13,13,34,56,88,47,9,10,10,12,0,0,5,0,0
0,0,3,2,11,32,46,62,51,11,12,23,52,56,39,1,0,1,9,0,0,0,0,8
4,11,8,0,8,30,46,33,53,12,10,13,48,52,22,4,0,0,3,0,0,0,0,1
0,10,0,0,0,9,34,48,21,11,4,8,29,30,11,8,0,0,0,4,0,0,0,0
0,6,0,0,0,10,15,37,28,13,9,11,52,30,6,0,0,1,1,0,0,0,0,0
0,0,1,0,0,8,28,41,11,10,9,12,43,14,5,0,0,0,0,0,7,0,0,0
2,1,0,4,4,9,14,14,9,10,14,14,24,14,10,4,7,0,7,5,0,0,0,0
0,1,0,0,5,9,18,50,12,10,14,24,30,12,11,10,0,4,0,0,0,0,0,0
0,0,0,0,0,11,28,41,6,10,11,22,24,13,7,0,3,0,0,3,0,7,5,0
0,0,0,0,0,12,38,26,10,7,19,50,29,7,10,10,4,0,0,3,7,7,7,5
7,1,0,0,7,36,53,14,10,23,50,53,12,8,5,13,12,10,6,0,5,2,8,10
0,7,9,9,12,60,66,21,14,31,49,54,10,11,12,2,0,0,1,7,1,0,8,2
5,8,4,13,14,25,14,14,37,42,45,17,4,5,0,5,8,1,0,5,3,4,0,2

5,20,22,18,13,12,11,4,10,12,13,11,16,17,25,15,20,12,13,8,7,6,6,6
8,14,54,52,33,33,77,53,39,57,14,25,8,6,9,3,0,8,0,5,7,2,4,11
2,8,6,10,51,109,136,146,148,133,138,138,120,120,114,107,101,13,10,7,1,4,6,8
1,1,9,10,16,61,108,116,142,163,184,185,160,158,148,149,132,89,37,17,11,10,11,5
11,14,30,22,22,22,24,52,53,88,126,182,179,177,166,161,120,62,12,25,10,5,2,0
11,11,22,27,32,10,11,13,9,52,63,77,119,155,171,174,108,63,51,14,13,11,10,7
9,14,38,9,4,4,6,10,51,93,95,107,114,131,127,131,89,57,31,14,13,10,12,9
18,35,54,12,4,0,5,10,52,76,92,107,124,136,124,117,91,54,36,29,8,0,0,4
12,13,11,2,0,0,0,7,52,78,114,141,153,150,133,105,65,54,8,13,2,0,3,0
11,8,8,10,3,0,10,0,57,85,117,147,179,163,119,97,63,51,4,11,9,8,0,5
5,8,2,4,4,0,11,54,69,102,128,143,167,173,128,94,64,50,11,8,8,12,3,2
0,0,2,0,0,3,14,68,102,118,135,137,191,189,142,109,75,40,9,5,9,0,0,1
3,0,0,0,0,0,40,78,109,123,133,135,143,158,140,116,68,37,8,10,6,5,0,2
0,0,0,0,7,12,62,88,112,122,129,129,125,133,122,109,100,50,6,9,12,6,0,6
4,5,0,0,13,13,49,64,105,122,125,123,112,94,70,72,83,50,10,5,9,8,7,3
0,1,7,5,11,12,56,59,84,110,121,121,88,74,59,64,66,15,8,12,10,0,4,9
8,0,2,5,6,11,34,55,61,78,81,104,78,69,72,63,66,42,18,13,9,7,8,8
9,12,11,12,14,13,23,43,51,50,59,62,124,155,176,89,50,38,32,29,22,20,17,11
7,3,10,11,9,11,17,51,72,65,69,102,130,172,137,98,66,48,13,11,10,6,7,4
0,0,5,11,11,13,45,106,106,107,102,130,150,149,143,131,88,40,14,10,14,12,4,0
9,5,4,7,23,33,58,112,104,100,129,152,202,188,145,115,69,37,18,11,12,14,6,0
6,10,14,19,35,43,55,52,44,57,136,149,266,178,166,126,75,41,28,24,12,8,0,0
4,6,2,42,60,54,60,57,39,97,141,167,214,197,149,112,56,14,12,13,12,10,6,8
3,7,10,53,92,71,99,100,36,111,127,157,179,171,142,112,80,8,0,5,3,0,0,2
13,10,13,45,69,83,101,85,100,100,122,145,158,144,129,104,63,4,0,1,0,0,2,0
8,14,15,59,101,105,101,92,69,100,114,128,150,134,112,101,14,6,12,7,9,4,6,5
11,13,21,63,72,103,103,100,100,100,107,123,132,123,110,70,14,10,10,4,7,0,5,0
7,10,14,55,75,107,105,103,67,74,106,108,131,123,103,44,14,10,2,0,3,9,0,7
10,11,18,49,114,103,101,93,57,51,73,75,86,90,64,12,9,2,2,0,0,3,0,0
10,14,23,50,89,57,53,41,35,31,44,71,138,91,70,13,6,0,1,11,1,0,0,0
11,20,14,16,33,78,58,45,28,27,39,65,89,65,51,31,19,17,14,10,12,1,7,7
0,9,4,4,24,50,54,56,40,13,13,36,56,89,47,9,10,10,12,0,0,5,0,0
0,0,3,2,11,32,46,62,51,11,12,24,52,55,39,2,0,2,9,0,0,0,0,8
5,11,8,0,8,31,47,33,53,12,10,13,50,52,22,4,0,0,2,0,0,0,0,1
0,10,0,0,0,9,33,49,21,11,4,8,29,30,11,8,0,0,0,4,0,0,0,0
0,6,0,0,0,10,16,37,28,13,9,11,52,30,6,0,0,1,1,0,0,0,0,0
0,0,1,0,0,8,29,41,11,10,9,11,42,14,5,0,0,0,0,0,6,0,0,0
2,1,0,4,4,9,14,14,9,10,14,14,25,14,10,4,7,0,7,5,0,0,0,0
0,1,0,0,5,9,19,50,12,10,14,25,30,13,11,11,0,4,0,0,0,0,0,0
0,0,0,0,0,11,28,42,6,10,11,21,25,13,7,0,3,0,0,3,0,7,5,0
0,0,0,0,0,12,38,26,10,7,19,48,29,7,9,10,4,0,0,3,6,7,7,4
7,1,0,0,8,36,53,14,10,24,50,54,12,8,5,13,12,10,6,0,6,2,8,10
0,7,9,9,13,60,66,21,14,31,49,55,10,11,12,2,0,0,1,7,1,0,8,2
5,8,4,13,14,25,14,14,38,42,45,18,4,5,0,5,8,1,0,6,3,4,0,2

5,21,22,18,13,12,11,4,10,12,13,11,15,17,25,15,20,12,13,8,7,6,6,6
8,14,54,52,33,31,77,53,39,57,14,23,8,6,9,3,0,8,0,5,7,3,4,11
3,8,6,10,50,108,135,145,147,133,138,138,121,120,114,107,101,13,10,6,1,4,6,8
2,1,9,10,16,60,107,116,142,163,184,186,161,159,148,150,133,89,37,17,11,10,11,5
11,14,29,21,22,22,25,52,52,89,126,183,180,178,166,161,121,62,12,26,10,5,2,0
11,11,22,27,32,10,11,13,9,51,63,77,119,155,171,173,108,63,51,14,13,11,10,7
9,14,37,9,4,4,6,10,51,93,95,106,114,131,126,130,88,57,31,14,13,10,11,9
18,34,54,12,3,0,5,9,52,76,91,106,123,135,123,117,90,54,34,28,8,0,0,4
12,12,11,1,0,0,0,7,52,78,113,140,150,147,132,105,65,54,8,13,1,0,3,0
10,8,8,10,3,0,10,0,57,86,117,146,178,162,118,97,63,50,3,11,8,8,0,5
5,8,1,3,4,0,12,55,70,103,129,143,168,174,129,93,64,50,10,8,7,12,3,1
0,0,2,0,0,4,14,69,103,120,136,137,193,191,143,109,75,41,9,5,9,0,0,1
3,0,0,0,0,1,42,80,110,124,135,137,143,159,140,116,68,36,8,10,5,5,0,2
0,0,0,0,8,13,64,91,112,122,130,130,126,133,123,109,101,50,6,9,12,7,0,6
4,5,0,0,13,14,51,66,105,123,126,124,113,95,70,72,83,50,10,5,9,8,7,3
0,1,7,5,11,13,58,60,85,111,123,123,89,74,60,64,66,18,8,11,9,0,4,9
8,0,1,6,6,12,40,55,61,79,82,106,79,69,71,62,66,42,16,13,9,7,8,8
9,12,11,12,15,13,24,43,51,51,60,62,123,150,165,86,50,38,31,29,22,20,17,11
7,3,10,11,9,11,17,51,73,65,69,102,130,168,135,97,66,48,13,11,10,6,7,4
0,0,5,10,11,13,45,106,106,107,102,130,149,148,142,131,89,40,13,10,14,12,4,0
9,6,4,7,22,32,57,112,104,100,129,151,202,187,145,115,69,37,18,11,12,14,5,0
6,10,14,18,33,42,54,51,43,56,136,149,266,178,166,126,75,41,28,25,12,8,0,0
4,6,1,40,59,54,59,56,38,96,141,167,214,197,149,112,57,14,12,13,12,10,6,8
3,7,10,50,92,70,98,100,36,111,127,157,179,171,142,112,80,8,0,5,3,0,0,2
13,10,13,44,68,82,101,86,100,100,122,145,158,144,129,104,64,4,0,1,0,0,2,0
9,14,14,58,101,105,101,92,69,100,115,128,150,134,113,101,14,6,12,7,9,4,6,5
11,13,20,62,72,103,102,100,100,100,107,123,132,123,110,70,14,10,10,4,7,0,5,0
7,10,14,54,75,107,105,103,66,75,106,108,131,123,103,45,14,10,2,0,3,9,0,7
10,11,18,48,113,103,101,93,57,51,73,75,86,90,64,12,9,2,2,0,0,3,0,0
10,14,23,50,88,57,53,41,35,31,44,71,138,91,70,13,7,0,1,11,1,0,0,0
11,20,14,16,34,79,58,45,28,27,40,65,89,65,51,32,19,18,14,10,12,1,7,7
0,9,4,4,25,50,54,57,41,13,13,35,56,90,48,9,10,10,12,0,0,5,0,0
0,0,3,2,11,32,46,62,51,11,12,24,52,55,41,2,0,1,9,0,0,0,0,8
4,11,8,0,8,31,47,33,53,12,10,13,50,52,23,4,0,0,2,0,0,0,0,1
0,10,0,0,0,9,34,48,21,11,5,9,29,31,11,8,0,0,0,4,0,0,0,0
0,6,0,0,0,10,17,37,28,13,10,11,52,33,6,0,0,1,1,0,0,0,0,0
0,0,1,0,0,8,30,41,12,10,9,12,45,14,5,0,0,0,0,0,6,0,0,0
2,1,0,5,4,9,15,15,9,10,14,14,25,14,10,4,7,0,7,5,0,0,0,0
0,1,0,0,5,9,20,50,12,10,14,25,30,13,11,11,0,4,0,0,0,0,0,0
0,0,0,0,0,11,28,43,6,10,11,22,26,13,7,0,3,0,0,3,0,7,5,0
0,0,0,0,0,12,39,27,10,7,20,50,30,7,9,10,4,0,0,3,6,7,7,5
7,1,0,0,8,40,53,14,10,23,50,54,12,8,5,13,12,10,6,0,5,2,8,10
0,7,9,10,13,60,66,22,14,30,49,55,10,11,12,2,0,0,1,6,1,0,8,2
5,8,5,13,14,25,14,14,37,41,45,18,4,5,0,5,8,1,0,5,3,4,0,2

5,21,22,18,14,12,11,4,10,12,13,11,14,17,25,15,20,12,13,8,7,6,6,6
8,14,54,52,33,31,77,53,39,57,14,25,8,6,9,3,0,8,0,5,7,2,4,11
3,8,6,10,50,108,135,146,147,133,138,138,121,120,114,107,101,13,10,6,1,4,6,8
2,1,9,10,15,60,107,116,142,162,184,186,161,159,148,150,133,89,37,17,11,10,11,5
11,14,28,20,22,22,25,52,53,89,126,183,179,178,166,161,120,62,11,23,10,5,2,0
12,11,22,27,32,10,11,13,9,52,62,77,119,155,171,173,107,63,51,14,13,11,10,7
9,14,35,9,3,4,6,10,51,93,95,106,113,130,126,129,88,57,30,14,13,10,11,9
16,31,52,12,3,0,5,9,52,75,91,105,122,135,123,117,90,54,33,24,8,0,0,4
12,11,10,1,0,0,0,7,52,77,112,139,148,146,131,104,65,54,7,13,1,0,3,0
10,7,8,10,3,0,10,0,57,86,117,145,176,160,117,96,62,50,2,11,8,7,0,5
5,8,1,3,4,0,12,55,70,104,130,143,167,174,129,93,64,50,10,8,7,12,3,1
0,0,2,0,0,6,17,70,104,121,138,138,193,192,144,110,76,39,9,6,9,0,0,1
4,0,0,0,1,3,44,82,111,126,136,138,144,160,141,117,69,37,8,11,5,5,0,2
0,0,0,0,8,14,66,92,113,124,131,131,127,134,123,110,101,51,6,9,13,7,0,6
4,5,0,0,14,15,53,67,106,124,127,125,114,96,70,72,83,50,10,5,9,8,6,3
0,1,7,6,11,14,61,60,86,112,124,124,90,75,60,64,66,20,8,11,9,0,3,8
8,0,1,6,7,12,43,55,61,80,83,107,80,69,70,61,65,43,14,12,9,7,8,8
9,12,11,12,15,14,23,44,52,51,60,63,124,148,157,85,49,38,31,29,22,20,17,11
7,3,10,11,9,11,17,51,73,65,69,102,130,166,134,97,66,51,13,11,10,6,7,4
0,0,5,10,10,12,45,105,106,107,102,129,149,148,142,131,91,43,14,10,14,12,3,0
9,6,4,7,21,30,56,112,104,100,128,151,201,187,145,115,69,38,18,11,12,14,5,0
6,10,14,17,32,41,54,51,43,56,135,149,266,177,166,126,76,41,28,24,12,8,0,0
4,6,0,38,58,53,58,56,38,96,141,167,214,197,149,112,57,14,12,13,12,9,6,8
3,7,10,45,89,70,98,97,34,111,127,157,179,171,142,112,80,8,0,5,3,0,0,2
13,10,13,44,68,82,101,85,100,100,122,145,158,144,129,105,63,4,0,1,0,0,2,0
8,14,14,58,101,105,101,91,68,100,115,128,149,134,113,101,14,6,12,7,9,4,6,5
11,13,19,62,72,103,102,100,100,100,107,123,132,123,110,71,14,10,10,4,7,0,5,0
7,10,14,54,75,107,106,103,66,75,106,108,131,123,103,45,14,10,2,0,3,9,0,6
10,11,18,48,113,103,101,93,56,50,73,75,87,91,64,12,9,2,2,0,0,2,0,0
10,14,23,50,88,57,53,41,35,32,43,71,137,91,70,13,7,0,2,11,1,0,0,0
11,20,14,16,34,79,58,45,28,27,39,65,89,66,52,32,19,17,14,10,12,1,7,7
0,9,4,4,25,50,54,56,41,13,13,37,56,90,50,9,10,10,12,0,0,5,0,0
0,0,3,2,11,32,46,62,51,11,12,25,52,56,43,2,0,1,9,0,0,0,0,8
5,11,8,0,8,31,46,33,53,12,10,13,50,52,23,4,0,0,2,0,0,0,0,1
0,10,0,0,0,9,34,49,21,11,5,8,29,32,12,8,0,0,0,4,0,0,0,0
0,6,0,0,0,10,17,37,29,13,10,11,52,35,6,0,0,1,1,0,0,0,0,0
0,0,1,0,0,8,30,43,12,11,10,12,44,14,5,0,0,0,0,0,6,0,0,0
2,1,0,5,4,10,17,15,9,10,14,14,27,15,10,5,7,0,7,5,0,0,0,0
0,1,1,0,5,10,20,50,12,10,14,25,31,13,11,11,0,4,0,0,0,0,0,0
0,0,0,0,0,11,28,44,6,10,11,22,26,13,8,0,3,0,0,3,0,7,5,0
0,0,0,0,0,12,40,27,11,7,19,50,31,7,9,10,4,0,0,3,7,7,7,5
7,1,0,0,7,39,53,14,10,22,50,55,12,8,5,13,12,10,6,0,5,2,8,10
0,7,9,10,13,60,66,22,14,31,49,55,10,11,12,1,0,0,0,7,1,0,8,2
5,8,5,13,14,26,14,14,36,41,44,18,4,5,0,5,8,1,0,5,3,4,0,2

5,22,23,18,13,12,11,4,10,12,13,10,14,16,25,15,20,12,13,8,7,6,6,6
8,14,54,52,33,31,78,52,39,57,14,23,8,6,9,3,0,8,0,5,7,2,4,11
3,8,6,10,50,108,136,146,147,133,139,138,121,120,114,107,101,13,10,6,1,4,6,8
2,1,9,10,15,60,107,116,142,162,185,186,162,159,148,149,132,89,37,17,11,10,11,5
11,14,28,20,22,22,26,52,53,89,127,183,180,178,166,160,120,62,11,25,10,5,2,0
11,11,21,27,32,10,11,13,9,52,63,77,119,155,171,173,107,63,51,14,13,11,10,7
9,14,34,9,3,4,6,10,51,93,95,107,114,130,126,129,88,57,30,14,13,10,11,9
15,30,51,12,3,0,5,9,52,76,91,106,123,135,123,117,90,54,33,24,8,0,0,4
11,10,10,1,0,0,0,7,52,78,113,141,150,147,131,104,65,54,8,13,1,0,2,0
10,7,8,10,3,0,10,0,57,86,117,146,177,161,117,96,63,50,2,11,8,7,0,5
5,8,1,3,4,0,12,55,70,104,130,143,166,172,128,93,64,50,10,7,7,11,3,1
0,0,3,0,0,6,16,70,104,121,137,138,192,190,142,110,76,39,9,6,9,0,0,1
4,0,0,0,1,3,44,81,110,125,136,137,143,158,140,116,68,37,8,10,5,5,0,2
0,0,0,0,8,14,66,91,113,123,130,130,127,133,123,109,101,50,6,9,12,6,0,5
4,5,0,0,14,15,53,67,105,124,126,125,114,96,70,72,83,50,10,5,9,8,7,3
0,1,7,6,11,14,59,60,86,112,123,123,90,74,60,64,66,21,8,11,9,0,3,8
9,0,2,6,7,12,42,55,61,80,83,106,79,69,70,62,65,45,16,12,9,7,8,8
9,12,11,12,15,13,24,44,52,51,60,63,124,149,164,86,50,39,31,29,22,20,16,11
7,3,11,11,9,11,17,51,73,65,69,102,130,168,135,97,67,51,13,11,10,6,7,4
0,0,5,10,10,13,44,106,106,107,102,130,149,148,142,131,90,43,14,10,14,12,3,0
9,6,4,7,22,32,57,112,104,100,129,151,201,187,145,115,70,39,18,11,12,14,5,0
6,10,14,18,33,42,55,51,43,56,135,149,266,177,166,126,76,41,28,24,12,8,0,0
4,6,0,40,59,54,59,56,38,96,141,166,214,197,149,112,57,14,12,13,12,9,6,8
3,7,10,48,90,71,99,98,36,111,127,157,179,171,142,112,81,8,0,5,3,0,0,2
13,10,13,44,69,82,101,86,100,100,122,145,158,144,129,104,64,4,0,1,0,0,2,0
8,14,14,58,101,105,101,92,69,100,114,128,150,134,113,101,14,6,12,7,9,4,6,5
11,13,20,63,72,103,103,100,100,100,107,123,132,123,110,71,14,10,10,4,7,0,5,0
7,10,14,55,75,107,105,103,68,73,106,108,131,123,103,46,14,10,2,0,3,9,0,6
10,11,18,49,114,103,101,93,56,51,73,75,86,91,64,12,9,2,2,0,0,2,0,0
10,14,23,50,89,57,53,41,35,31,43,71,138,91,70,13,7,0,1,10,1,0,0,0
11,20,14,17,33,78,58,45,29,27,39,65,90,66,52,32,19,18,14,10,12,1,7,7
0,9,4,4,25,50,54,56,41,13,13,36,56,89,50,9,10,10,12,0,0,5,0,0
0,0,3,2,11,32,46,62,51,11,12,23,52,56,42,2,0,1,9,0,0,0,0,8
5,11,8,0,8,31,46,33,53,12,10,13,50,52,22,4,0,0,2,0,0,0,0,1
0,10,0,0,0,9,34,49,21,11,5,8,29,31,12,8,0,0,0,4,0,0,0,0
0,6,0,0,0,10,17,37,29,13,10,11,52,37,6,0,0,1,1,0,0,0,0,0
0,0,1,0,0,8,29,41,11,11,10,12,44,14,5,0,0,0,0,0,6,0,0,0
2,1,0,5,4,9,15,15,9,10,14,14,26,15,10,4,6,0,7,5,0,0,0,0
0,1,1,0,5,10,20,50,12,10,14,25,30,12,11,11,0,4,0,0,0,0,0,0
0,0,0,0,0,11,28,42,6,10,11,22,25,13,7,0,3,0,0,3,0,7,5,0
0,0,0,0,0,12,40,27,10,7,19,50,30,7,9,10,4,0,0,3,6,7,7,5
7,1,0,0,7,39,53,14,10,23,50,55,12,8,5,13,12,10,6,0,5,2,8,10
0,7,9,10,13,60,66,23,14,31,49,55,10,11,12,1,0,0,0,6,1,0,8,3
5,8,5,13,14,25,14,14,38,41,44,18,4,5,0,5,8,1,0,5,3,4,0,2

5,23,23,18,13,12,11,4,10,12,13,10,14,16,24,14,19,12,13,8,7,6,6,6
9,15,55,52,32,31,78,52,39,57,14,24,8,6,9,3,0,8,0,5,7,2,3,11
3,8,6,10,51,108,136,147,148,133,139,138,121,120,114,107,101,13,10,6,1,4,6,8
2,1,9,10,16,60,108,116,142,162,185,187,161,159,148,149,132,89,36,16,11,10,10,4
11,14,29,19,22,22,27,52,53,89,127,184,180,178,166,160,120,62,12,23,10,5,2,0
12,11,21,26,32,10,11,13,9,52,63,78,119,155,171,173,107,63,51,14,13,11,10,7
9,14,34,9,3,4,6,10,51,94,95,107,114,131,126,129,88,57,30,14,13,10,11,9
16,31,52,12,3,0,6,10,52,76,92,107,124,136,124,117,91,54,34,25,8,0,0,4
12,11,10,1,0,0,0,7,52,78,114,141,151,148,132,105,65,54,8,13,1,0,2,0
10,7,8,10,3,0,10,0,57,86,118,147,178,162,118,96,63,51,3,11,8,7,0,5
5,8,1,4,4,0,12,55,70,104,130,143,166,171,127,93,64,50,10,7,7,12,3,1
0,0,3,0,0,5,14,69,103,120,137,138,191,188,141,109,75,39,9,4,9,0,0,1
4,0,0,0,0,1,42,79,110,125,135,136,143,157,139,116,68,37,7,10,5,5,0,1
0,0,0,0,8,13,63,89,112,123,130,129,126,133,122,109,100,50,5,9,12,6,0,5
4,5,0,0,13,14,51,65,105,123,126,124,113,95,70,72,83,50,10,5,9,8,7,3
0,1,8,6,11,13,57,60,85,111,123,122,89,74,59,64,66,20,8,11,9,0,4,8
9,0,2,6,6,12,38,55,61,79,82,105,79,69,71,62,66,45,17,13,9,7,8,8
9,12,11,12,15,13,23,43,51,51,59,62,124,152,171,88,50,39,31,29,22,20,16,11
7,3,11,11,9,11,18,51,73,66,69,102,130,171,136,98,67,51,13,11,10,6,7,4
0,0,5,11,11,13,46,106,106,107,102,130,150,149,143,131,91,43,14,10,14,12,3,0
9,6,4,7,23,33,58,112,104,100,129,152,202,188,145,115,70,38,19,11,12,14,5,0
6,10,14,19,34,43,55,52,43,56,136,149,266,178,166,126,75,41,28,24,12,8,0,0
4,6,1,42,60,54,59,57,38,96,141,167,215,197,149,112,57,14,12,13,12,10,6,8
3,7,10,53,90,71,100,100,35,111,127,157,180,171,142,112,81,8,0,5,3,0,0,2
13,10,13,45,69,83,101,86,100,100,122,145,158,144,129,104,63,4,0,1,0,0,2,0
9,14,15,59,101,105,101,92,69,100,114,128,150,134,113,101,14,6,12,7,9,4,6,5
11,13,21,63,72,103,103,100,100,100,107,123,132,123,110,71,14,10,10,4,7,0,5,0
8,10,14,55,75,107,106,103,67,73,106,108,131,123,103,46,14,10,2,0,3,9,0,6
10,11,18,49,114,103,101,93,57,50,73,75,86,91,64,12,9,2,2,0,0,2,0,0
10,14,23,50,90,57,53,41,35,32,43,71,138,91,70,13,7,0,1,10,1,0,0,0
11,21,14,17,34,79,58,45,28,27,39,65,90,65,52,32,19,17,14,10,12,1,7,7
0,9,4,4,25,50,54,57,41,13,14,36,56,88,50,9,10,10,12,0,0,5,0,0
0,0,3,2,11,32,46,62,51,11,12,26,52,55,41,2,0,1,9,0,0,0,0,8
5,11,8,0,8,31,46,33,53,12,10,13,50,52,22,4,0,0,2,0,0,0,0,1
0,10,0,0,0,9,35,48,21,11,4,8,29,31,11,7,0,0,0,4,0,0,0,0
0,6,0,0,0,10,16,37,29,13,10,11,52,34,6,0,0,1,1,0,0,0,0,0
0,0,1,0,0,8,30,42,11,10,10,12,44,14,5,0,0,0,0,0,6,0,0,0
2,1,0,5,4,9,15,14,9,10,14,14,25,14,10,4,6,0,7,5,0,0,0,0
0,1,0,0,5,9,19,50,12,10,14,24,30,12,11,10,0,4,0,0,0,0,0,0
0,0,0,0,0,11,27,42,6,9,11,23,26,13,7,0,3,0,0,3,0,7,5,0
0,0,0,0,0,12,39,26,10,7,19,50,31,7,10,10,4,0,0,3,6,7,7,5
7,1,0,0,7,39,53,14,10,23,50,54,12,8,5,13,12,10,6,0,5,2,8,10
0,7,9,10,13,60,66,23,14,31,49,55,10,11,12,1,0,0,0,7,1,0,8,2
5,8,5,13,14,25,14,14,38,42,44,18,4,5,0,5,8,1,0,5,3,4,0,2

5,23,22,18,13,12,11,4,10,12,13,10,14,16,24,15,19,12,13,8,7,6,6,6
9,15,54,52,32,32,79,53,39,57,14,23,8,6,9,3,0,8,0,5,7,2,3,11
3,8,6,10,51,108,136,147,148,133,139,138,121,120,114,107,101,13,10,6,1,4,6,8
2,1,9,10,16,61,108,116,142,163,186,187,162,159,148,149,132,88,36,16,11,10,11,4
11,14,28,19,23,22,26,52,53,89,128,185,181,179,166,161,120,62,11,25,10,5,2,0
12,12,21,27,32,10,11,13,9,52,63,78,120,157,172,173,107,63,51,14,13,11,10,7
9,14,34,9,3,4,7,10,51,95,96,107,115,132,126,130,88,57,30,14,13,10,11,9
17,31,51,12,3,0,6,10,52,77,93,108,125,136,124,117,91,54,35,27,8,0,0,4
11,11,10,1,0,0,0,8,52,79,115,142,152,149,132,105,65,54,8,13,1,0,2,0
10,7,8,10,3,0,10,0,57,86,119,149,180,163,118,96,63,50,3,11,8,7,0,5
5,8,2,4,4,0,11,55,69,104,130,144,167,171,126,92,64,50,10,7,6,12,3,1
0,0,3,0,0,4,14,68,102,120,137,139,192,187,140,108,74,39,8,3,8,0,0,1
4,0,0,0,0,0,39,78,109,124,134,136,143,156,138,115,67,36,7,10,5,5,0,1
0,0,0,0,7,12,61,87,112,122,129,129,125,133,122,109,100,50,5,9,12,6,0,6
4,5,0,0,13,13,48,65,105,123,126,124,112,95,70,72,82,50,10,4,9,8,7,3
0,1,8,6,11,13,57,59,84,111,122,122,88,74,59,64,65,18,8,11,9,0,4,8
9,0,2,6,6,11,36,55,61,78,82,105,78,69,71,62,66,45,17,13,9,7,8,8
9,12,11,12,15,13,23,43,51,51,59,62,124,154,175,89,50,39,31,29,22,20,16,11
7,3,11,11,9,11,18,51,73,65,69,102,130,172,137,98,66,51,13,11,10,5,7,4
0,0,5,11,11,13,46,106,106,108,102,130,150,149,143,131,90,42,14,10,14,12,3,0
9,5,4,7,24,34,59,113,104,100,129,153,203,188,145,115,69,38,18,11,12,14,5,0
6,10,14,20,35,44,55,52,44,57,136,149,266,177,165,126,75,41,28,24,12,8,0,0
4,6,2,43,60,54,60,57,38,95,141,167,215,197,149,112,57,14,12,13,12,9,6,8
3,7,11,53,93,71,99,100,36,111,127,157,180,171,142,112,79,8,0,5,3,0,0,2
13,10,13,45,69,84,101,86,100,100,122,145,158,144,129,104,63,4,0,1,0,0,2,0
9,14,16,60,101,105,101,92,71,100,114,128,150,134,113,101,14,6,12,7,9,4,6,5
11,13,22,63,72,103,103,100,100,100,107,123,132,123,110,71,14,10,10,4,7,0,5,0
8,11,14,55,75,107,106,103,66,74,106,108,131,123,103,46,14,10,2,0,3,9,0,7
10,11,19,50,114,104,101,93,57,51,73,75,86,91,64,12,9,2,2,0,0,2,0,0
10,14,23,50,90,57,53,41,35,32,44,71,138,90,70,13,7,0,1,10,1,0,0,0
11,21,14,17,34,79,58,45,29,27,39,65,90,65,52,32,19,17,14,10,12,1,7,7
0,9,4,4,25,50,54,56,41,13,13,37,56,88,47,9,10,10,12,0,0,5,0,0
0,0,3,2,11,32,46,62,51,11,12,24,52,56,40,2,0,1,9,0,0,0,0,8
5,11,8,0,8,31,46,33,53,12,10,13,49,52,22,4,0,0,2,0,0,0,0,1
0,10,0,0,0,9,34,48,21,11,5,9,29,31,11,7,0,0,0,4,0,0,0,0
0,6,0,0,0,10,16,37,29,13,10,11,52,35,6,0,0,0,1,0,0,0,0,0
0,0,1,0,0,8,31,42,11,10,10,12,43,14,5,0,0,0,0,0,6,0,0,0
2,1,0,5,4,10,15,14,9,10,14,13,25,14,10,4,6,0,7,5,0,0,0,0
0,1,0,0,5,10,19,50,12,10,14,25,30,12,11,11,0,4,0,0,0,0,0,0
0,0,0,0,0,11,27,41,6,10,11,24,25,13,7,0,3,0,0,3,0,7,5,0
0,0,0,0,0,12,39,26,10,7,18,50,29,7,9,10,4,0,0,3,6,7,7,4
7,1,0,0,7,39,53,14,10,24,50,54,12,8,5,13,12,10,6,0,5,2,8,10
0,7,9,10,13,60,66,22,14,31,48,55,10,11,12,1,0,0,0,6,1,0,8,2
5,8,5,13,14,25,14,14,38,41,44,18,4,5,0,5,8,1,0,5,3,4,0,2

5,22,22,18,13,12,11,4,10,12,13,10,14,16,24,14,19,12,13,8,7,6,6,6
9,15,54,52,32,32,78,53,39,57,14,24,8,6,9,3,0,8,0,5,6,2,3,11
3,8,6,10,51,108,136,147,148,134,139,138,121,120,114,107,101,13,10,6,1,4,6,8
2,2,9,10,18,60,108,116,142,163,186,187,162,159,148,149,132,89,37,16,11,10,10,5
11,14,29,19,23,22,27,52,53,90,128,185,181,179,166,160,120,62,11,23,10,5,2,0
12,12,21,27,32,10,12,13,10,52,63,78,120,156,171,172,107,63,51,14,13,11,10,7
9,14,34,9,3,4,7,10,51,94,96,107,115,131,126,129,87,57,30,14,13,10,11,9
17,30,51,12,3,0,6,10,53,77,93,108,124,136,123,117,91,54,33,25,8,0,0,4
11,12,10,1,0,0,0,8,52,79,116,142,151,148,132,104,65,54,8,13,0,0,2,0
10,7,8,10,3,0,10,1,57,86,119,148,179,162,118,96,63,51,3,11,8,7,0,5
5,8,1,4,4,0,12,55,70,104,130,144,168,173,127,93,64,50,9,7,6,11,3,1
0,0,3,0,0,5,14,69,103,120,137,139,194,191,142,109,75,39,8,4,9,0,0,2
4,0,0,0,0,1,41,79,110,124,134,136,144,159,140,116,67,35,7,10,5,5,0,1
0,0,0,0,8,13,63,89,112,122,129,129,126,133,122,109,100,50,5,9,12,6,0,6
4,5,0,0,13,14,51,65,105,123,126,124,113,95,70,72,83,50,10,4,9,8,6,3
0,1,8,6,11,13,58,60,85,111,122,122,89,74,59,64,66,20,8,11,8,0,4,8
9,0,2,6,6,12,39,55,61,79,82,105,78,69,71,62,66,44,16,12,9,7,8,8
9,12,11,12,15,13,24,43,51,51,59,62,124,152,170,87,50,39,31,29,22,20,16,11
7,3,11,11,9,11,18,51,73,66,69,102,130,170,136,98,67,51,13,11,10,5,7,4
0,0,5,11,11,13,45,106,106,107,102,130,150,149,142,131,91,44,14,10,14,12,3,0
9,6,4,7,23,33,58,112,104,100,129,152,202,188,145,115,70,38,18,11,12,14,5,0
6,10,14,19,35,43,55,52,43,56,136,149,266,178,166,126,76,41,29,24,12,8,0,0
4,6,1,42,60,54,59,56,38,96,141,167,215,197,149,112,57,14,12,13,12,9,6,8
3,7,10,52,92,71,100,100,36,111,127,157,180,171,142,112,81,8,0,5,3,0,0,2
13,10,13,45,69,82,101,87,100,100,122,145,158,144,129,104,64,4,0,1,0,0,2,0
9,14,16,59,101,105,101,92,71,100,115,128,150,134,113,101,14,6,12,7,9,4,6,5
11,13,21,63,73,103,103,100,100,100,107,123,132,123,110,71,14,10,10,4,7,0,5,0
8,11,14,55,75,107,106,103,67,75,106,108,131,123,103,46,14,10,2,0,3,9,0,7
10,11,19,50,114,103,101,93,56,51,73,75,86,91,64,12,9,2,2,0,0,2,0,0
10,14,23,51,90,57,53,41,35,32,43,71,138,91,70,13,7,0,1,10,1,0,0,0
11,21,14,16,34,79,58,45,28,27,39,65,90,65,51,32,19,18,14,10,12,1,7,7
0,9,4,4,25,50,54,56,41,13,14,36,56,88,50,9,10,10,12,0,0,5,0,0
0,0,3,2,11,32,46,62,51,11,12,25,52,56,43,2,0,1,9,0,0,0,0,8
5,11,8,0,8,31,46,33,53,12,10,14,50,52,23,4,0,0,2,0,0,0,0,1
0,10,0,0,0,9,36,49,21,11,5,9,29,32,12,7,0,0,0,4,0,0,0,0
0,6,0,0,0,10,17,38,29,13,10,11,52,36,6,0,0,0,1,0,0,0,0,0
0,0,1,0,0,8,30,43,11,11,10,12,44,14,5,0,0,0,0,0,6,0,0,0
2,1,0,5,4,10,16,16,9,10,14,14,26,15,10,4,6,0,7,5,0,0,0,0
0,1,1,0,5,10,19,50,12,10,14,25,31,12,11,10,0,4,0,0,0,0,0,0
0,0,0,0,0,11,28,44,6,10,11,25,27,13,8,0,3,0,0,3,0,7,5,0
0,0,0,0,0,12,41,26,11,7,20,50,30,7,9,10,4,0,0,3,7,7,7,5
7,1,0,0,7,40,53,16,10,24,50,54,12,8,5,13,12,10,6,0,5,2,8,10
0,7,9,10,13,61,66,23,14,31,49,55,10,11,12,1,0,0,0,6,1,0,8,3
5,8,5,13,14,26,14,14,37,41,44,19,4,5,0,5,8,1,0,5,3,4,0,2

6,23,22,18,13,12,11,4,10,12,13,10,14,16,24,15,20,12,13,8,7,6,6,6
9,16,55,52,32,32,79,53,39,58,14,24,8,6,9,3,0,8,0,5,7,2,4,11
4,8,6,10,51,109,137,148,149,134,139,139,121,121,115,107,101,13,10,6,1,4,6,8
2,2,9,10,17,60,108,116,143,163,186,188,163,160,149,150,132,89,37,17,11,10,10,5
11,14,28,19,22,22,28,52,53,89,128,184,181,179,167,161,120,62,11,23,10,4,2,0
12,12,20,26,32,10,11,13,9,51,63,78,119,156,171,172,106,63,51,14,13,11,10,6
9,14,32,8,3,4,7,10,51,94,95,106,113,130,125,128,86,57,29,14,13,10,11,9
15,29,50,12,3,0,5,9,52,75,91,105,122,134,122,116,90,54,30,20,7,0,0,4
11,11,10,1,0,0,0,7,51,77,111,138,147,144,130,104,64,53,7,13,0,0,2,0
10,7,8,10,3,0,10,1,57,85,116,144,174,159,116,95,62,50,0,11,8,7,0,5
5,8,1,3,4,0,12,55,70,104,130,143,167,173,129,93,64,50,9,7,6,11,3,1
0,0,3,0,0,6,18,70,104,122,138,139,194,193,144,110,76,40,8,5,9,0,0,2
4,0,0,0,1,3,44,82,111,126,136,138,144,160,141,117,68,37,7,10,5,5,0,1
0,0,0,0,8,14,66,92,113,124,131,131,127,134,123,109,101,51,5,9,12,6,0,5
5,5,0,0,14,17,54,67,106,124,127,126,114,96,70,72,83,50,10,4,9,8,6,3
0,1,7,6,12,14,60,61,87,112,124,124,90,75,60,64,66,21,8,11,8,0,3,8
9,0,2,6,7,12,45,55,61,80,83,107,80,69,70,61,65,45,14,12,9,7,8,8
9,12,11,12,15,14,24,44,52,52,61,63,124,147,156,85,50,39,31,29,22,20,16,11
7,3,11,11,9,11,17,51,73,66,69,102,130,166,134,97,67,51,13,11,10,5,7,4
0,0,5,11,10,12,43,106,106,107,102,129,149,148,142,131,91,45,14,10,14,12,3,0
9,6,4,7,21,30,56,112,104,100,129,151,201,187,145,115,70,40,18,11,12,14,5,0
6,10,14,18,32,41,54,51,43,56,135,149,266,178,166,126,76,41,29,24,12,8,0,0
4,6,0,39,58,53,58,56,38,94,141,167,215,197,149,112,57,14,12,13,12,9,5,8
3,7,10,47,90,70,97,98,35,111,127,157,180,171,142,112,80,8,0,5,3,0,0,2
13,10,13,44,68,82,101,86,100,100,122,145,158,145,130,104,64,4,0,1,0,0,2,0
9,14,14,58,101,105,101,92,69,100,115,128,150,134,113,101,14,6,12,7,9,4,6,5
11,13,20,62,72,103,103,100,100,100,107,124,132,123,110,72,14,10,10,4,7,0,5,0
8,10,14,54,75,107,106,103,67,75,106,108,132,123,103,46,14,10,2,0,3,9,0,6
10,11,19,50,114,103,101,93,57,50,73,75,86,91,64,12,9,2,2,0,0,2,0,0
10,14,23,51,89,57,53,41,35,32,43,71,138,91,71,13,7,0,1,10,1,0,0,0
11,20,14,17,35,79,58,45,29,27,39,65,90,66,52,32,19,17,14,10,12,1,7,7
0,9,4,4,25,50,54,56,42,13,13,38,56,90,50,9,10,10,12,0,0,5,0,0
0,0,3,2,11,32,46,62,51,11,12,26,52,56,44,2,0,1,9,0,0,0,0,8
5,11,8,0,8,32,47,33,53,12,10,14,50,52,25,4,0,0,2,0,0,0,0,1
0,10,0,0,0,10,36,48,21,11,5,9,31,33,12,7,0,0,0,4,0,0,0,0
0,6,0,0,0,10,17,38,29,13,10,11,52,38,6,0,0,0,1,0,0,0,0,0
0,0,1,0,0,9,32,45,11,11,10,12,46,14,6,0,0,0,0,0,6,0,0,0
2,1,0,5,4,10,17,16,9,10,14,14,27,17,10,4,6,0,7,5,0,0,0,0
0,1,1,0,5,10,20,50,12,10,14,25,32,12,11,11,0,4,0,0,0,0,0,0
0,0,0,0,0,11,28,44,6,10,11,23,27,13,8,0,3,0,0,3,0,7,5,0
0,0,0,0,0,12,42,27,11,7,20,50,33,7,9,10,4,0,0,3,7,7,7,5
7,1,0,0,7,43,53,17,10,21,50,55,13,8,5,13,12,10,5,0,5,2,8,10
0,7,9,10,13,61,68,22,14,31,48,56,11,11,12,1,0,0,0,6,1,0,8,2
5,8,5,13,15,26,14,14,36,40,45,19,4,5,0,5,8,1,0,5,3,4,0,2

6,23,22,18,14,12,11,4,10,12,13,11,15,17,25,15,21,12,13,8,7,6,6,6
9,16,55,52,32,32,79,53,39,57,14,25,8,6,9,3,0,8,0,5,7,2,4,11
4,8,6,10,51,109,137,148,148,134,140,139,122,121,115,107,101,13,10,6,1,4,6,8
2,2,9,10,17,61,108,116,142,164,187,189,164,161,149,149,132,89,37,16,11,10,10,4
11,14,27,18,23,22,28,52,53,89,128,186,183,180,167,160,120,62,11,22,10,4,2,0
12,12,20,26,32,10,11,13,9,52,63,78,120,157,172,172,106,63,51,14,13,11,10,6
9,14,32,8,3,4,6,10,51,93,95,106,114,131,125,128,86,57,29,14,13,10,11,9
15,29,49,12,3,0,5,9,52,75,90,105,122,135,123,116,89,54,28,19,7,0,0,4
11,11,9,0,0,0,0,7,51,77,110,138,148,145,130,103,64,53,7,13,0,0,2,0
10,7,8,10,3,0,10,0,57,85,116,144,174,158,115,95,62,50,0,10,7,7,0,5
5,8,1,3,4,0,12,55,70,104,130,143,166,172,127,93,64,50,9,7,6,11,3,1
0,0,3,0,0,7,18,71,104,122,138,139,192,191,143,110,76,40,8,5,9,0,0,2
4,0,0,0,1,4,45,82,111,126,137,138,144,159,141,116,68,37,7,10,5,4,0,0
0,0,0,0,8,14,66,92,114,124,131,131,127,134,123,109,101,51,5,9,12,6,0,5
5,5,0,0,14,17,54,68,106,124,127,126,114,97,70,72,83,51,10,5,8,8,6,3
0,1,8,6,12,15,61,61,87,113,124,124,90,75,60,64,66,23,8,11,8,0,3,8
9,0,2,7,7,12,45,55,61,80,84,107,80,69,70,61,66,46,14,12,9,7,8,8
9,12,11,12,15,14,24,44,52,52,60,63,124,148,158,86,50,39,31,29,22,20,16,11
7,3,11,11,9,11,17,51,73,66,69,102,130,166,135,97,67,53,13,11,10,5,7,4
0,0,5,10,10,12,44,105,106,107,102,129,149,148,142,131,92,45,14,10,14,12,3,0
9,6,4,7,21,31,57,112,104,100,129,151,201,187,145,115,70,40,18,11,12,14,5,0
6,10,14,18,32,42,54,51,43,56,135,149,266,178,166,126,76,41,29,25,12,8,0,0
4,6,0,39,58,53,58,56,38,94,141,167,215,197,149,113,57,14,12,13,12,9,6,8
3,7,10,46,89,70,97,100,34,111,127,157,180,171,142,112,80,8,0,5,3,0,0,2
13,10,13,45,68,82,101,86,100,100,122,145,158,145,130,105,68,4,0,1,0,0,2,0
9,14,14,58,101,105,101,92,71,100,114,128,150,134,113,101,14,6,12,7,9,4,5,5
11,13,20,62,72,102,103,100,100,100,107,123,132,123,110,71,14,10,10,4,7,0,5,0
8,10,14,54,75,107,106,103,67,73,106,109,132,123,103,46,14,10,2,0,3,9,0,6
10,11,19,50,114,103,101,94,57,50,73,75,87,91,64,12,9,2,2,0,0,2,0,0
10,14,23,50,90,57,53,41,35,32,43,71,137,91,70,13,7,0,1,10,1,0,0,0
11,21,14,17,35,79,58,45,29,27,39,65,90,66,52,32,19,17,14,10,12,1,7,7
0,9,4,4,25,50,54,56,42,13,14,37,56,88,50,9,10,10,12,0,0,5,0,0
0,0,3,2,11,32,46,62,51,11,12,25,52,56,45,2,0,1,9,0,0,0,0,8
5,11,8,0,8,32,46,33,53,13,10,13,50,52,24,4,0,0,2,0,0,0,0,1
0,10,0,0,0,10,35,50,21,11,5,9,30,33,12,7,0,0,0,4,0,0,0,0
0,6,0,0,0,10,17,38,29,13,10,11,52,40,6,0,0,0,1,0,0,0,0,0
0,0,1,0,0,9,32,43,11,11,10,12,45,14,6,0,0,0,0,0,6,0,0,0
2,1,0,5,4,10,18,15,9,10,14,14,27,18,10,4,6,0,7,5,0,0,0,0
0,2,1,0,5,10,20,50,12,10,14,25,31,12,11,11,0,4,0,0,0,0,0,0
0,0,0,0,0,11,28,43,6,10,11,24,26,13,8,0,3,0,0,3,0,7,5,0
0,0,0,0,0,12,42,26,11,7,19,50,33,7,9,10,4,0,0,3,6,7,7,5
7,1,0,0,7,41,53,15,10,22,50,55,13,8,5,12,12,10,5,0,5,2,8,10
0,7,9,10,13,61,67,24,14,30,49,56,11,11,12,1,0,0,0,6,1,0,8,2
5,8,5,13,14,26,14,14,36,40,44,19,4,5,0,5,8,1,0,5,2,4,0,2

6,23,22,18,13,12,11,4,10,12,13,11,16,18,24,15,20,12,13,8,6,6,6,6
9,16,55,52,32,32,79,53,39,58,14,29,8,6,9,3,0,8,0,5,7,2,3,11
4,8,6,10,51,109,138,149,148,134,140,139,122,121,114,106,101,13,10,6,1,3,6,8
2,2,9,10,19,61,109,117,143,164,187,188,163,160,148,149,132,88,36,16,11,10,10,4
11,14,28,18,23,22,28,52,53,90,129,186,182,179,166,160,119,62,11,22,10,4,2,0
12,12,20,26,32,10,11,13,10,52,63,78,120,157,171,172,106,62,51,14,13,11,10,6
9,14,32,8,3,4,6,10,51,94,95,107,114,131,125,128,86,57,29,14,13,10,11,9
16,29,50,12,3,0,6,9,52,76,91,106,123,135,122,116,89,54,28,20,7,0,0,4
11,12,10,1,0,0,0,7,52,77,112,140,149,145,130,103,65,53,7,12,0,0,2,0
10,7,8,10,3,0,10,1,57,86,117,145,176,158,116,94,62,50,0,10,7,7,0,5
5,8,1,4,4,0,13,55,70,104,130,143,166,171,127,93,64,50,9,7,6,11,3,1
0,0,3,0,0,7,18,71,104,121,138,138,192,190,142,109,76,40,8,5,9,0,0,2
4,0,0,0,1,4,45,83,111,126,136,138,143,158,140,116,68,37,7,10,5,4,0,0
0,0,0,0,8,14,66,92,113,124,131,131,127,134,123,109,101,51,5,9,12,6,0,5
5,5,0,0,14,17,54,68,106,124,127,125,114,96,70,72,83,51,10,4,9,8,6,3
0,1,8,6,12,15,61,61,87,112,124,124,90,75,60,64,66,22,8,11,8,0,3,8
9,0,2,6,7,12,45,55,61,80,83,107,80,69,70,62,65,47,15,12,9,7,8,8
9,12,11,12,15,14,24,44,52,52,60,63,124,149,161,86,50,39,31,28,22,20,16,11
7,3,11,11,9,11,18,51,74,66,69,102,130,168,135,98,67,52,13,11,10,5,7,4
0,0,5,11,11,13,44,106,106,107,102,130,149,148,142,131,91,45,14,10,14,12,3,0
9,6,4,7,22,32,57,112,104,100,129,151,201,187,145,115,70,40,19,11,12,14,5,0
6,10,14,18,33,42,54,51,43,56,136,149,266,178,166,126,76,42,29,24,12,8,0,0
4,6,0,40,59,54,59,56,38,95,141,167,215,197,149,113,57,14,12,13,12,9,6,8
3,7,10,48,90,70,98,100,35,111,127,157,180,171,142,112,80,8,0,5,3,0,0,2
13,10,13,44,68,82,101,86,100,100,122,145,158,145,130,105,64,4,0,1,0,0,1,0
9,14,15,58,101,105,101,92,69,100,115,128,150,134,113,101,14,6,12,7,9,4,5,5
11,13,20,62,72,103,103,100,100,100,106,123,132,123,110,71,14,10,10,3,7,0,5,0
8,11,14,54,75,107,106,103,68,74,106,109,132,123,103,46,14,10,2,0,3,9,0,6
10,11,19,50,114,103,101,93,56,51,73,75,87,91,64,12,9,2,2,0,0,2,0,0
10,14,23,50,90,57,53,41,35,32,43,71,138,91,70,13,7,0,1,10,1,0,0,0
11,21,14,17,35,79,58,45,29,27,39,65,90,66,52,32,19,17,14,10,12,1,7,7
0,9,4,4,25,50,54,56,43,13,14,37,56,89,50,9,10,10,12,0,0,5,0,0
0,0,3,2,11,32,46,62,51,11,12,26,52,56,44,2,0,1,9,0,0,0,0,8
5,11,8,0,8,31,46,33,53,13,10,13,50,52,24,4,0,0,2,0,0,0,0,1
0,10,0,0,0,9,36,49,21,11,5,9,30,34,12,7,0,0,0,4,0,0,0,0
0,6,0,0,0,10,17,38,29,13,10,11,52,39,6,0,0,0,1,0,0,0,0,0
0,0,1,0,0,8,31,43,11,11,10,12,45,14,5,0,0,0,0,0,6,0,0,0
2,1,0,5,4,10,16,15,9,10,14,14,27,17,10,4,6,0,7,5,0,0,0,0
0,2,1,0,5,10,20,50,12,10,14,25,31,12,11,11,0,4,0,0,0,0,0,0
0,0,0,0,0,11,28,43,6,10,11,23,27,13,8,0,3,0,0,3,0,7,5,0
0,0,0,0,0,12,41,27,11,7,20,50,33,7,9,10,4,0,0,2,6,7,7,5
7,1,0,0,7,41,53,15,10,23,50,55,13,9,5,13,12,10,5,0,5,2,8,10
0,7,9,10,13,61,66,22,14,31,49,55,11,11,12,1,0,0,0,6,1,0,8,2
5,8,5,13,15,26,14,14,36,40,45,18,4,5,0,5,8,1,0,5,3,4,0,2

6,22,22,17,13,12,11,4,10,12,13,11,16,18,24,15,20,11,13,8,6,6,6,6
9,15,54,52,32,32,78,53,39,57,14,28,8,6,9,3,0,8,0,5,7,2,4,11
4,8,6,10,51,109,138,148,148,134,139,139,121,120,114,106,101,13,10,6,1,4,6,8
2,1,9,10,20,61,109,117,143,163,186,188,163,159,148,148,131,88,36,15,11,10,10,4
11,15,27,17,23,22,28,52,53,90,128,185,182,179,166,159,119,62,11,20,9,4,2,0
12,12,20,26,32,10,11,13,10,52,63,78,120,157,171,172,106,63,50,14,13,11,10,6
9,15,32,8,3,4,7,10,51,94,96,107,114,131,126,128,87,57,28,14,13,10,11,9
18,30,50,12,3,0,6,10,53,76,92,107,124,136,123,116,90,54,30,22,7,0,0,4
12,12,10,1,0,0,0,7,52,78,113,141,150,147,131,104,65,53,7,12,0,0,2,0
11,7,8,10,4,0,10,1,57,86,117,147,177,161,117,95,63,50,1,10,7,7,0,5
6,8,2,4,4,0,12,55,70,103,130,143,167,171,127,93,64,50,9,6,6,11,3,1
0,0,3,0,0,6,17,70,103,121,137,138,192,189,142,109,76,39,8,4,9,0,0,2
4,0,0,0,1,3,44,81,110,125,135,137,143,158,140,116,67,36,7,10,5,4,0,0
0,0,0,0,8,14,66,91,113,123,130,130,126,133,122,109,100,51,5,9,12,6,0,5
5,5,0,0,14,15,53,67,105,123,126,125,113,96,70,72,83,50,10,4,8,8,6,3
0,1,8,6,12,14,59,60,86,112,123,123,89,74,60,64,66,22,8,11,8,0,4,8
9,0,1,6,7,12,43,55,61,79,82,106,79,69,71,62,66,46,15,12,9,7,8,8
9,12,11,12,15,14,24,44,52,51,60,63,124,151,168,87,50,39,32,28,22,20,16,11
7,3,11,11,9,11,18,51,73,66,69,102,130,169,136,98,67,52,13,11,10,5,7,4
0,0,5,11,11,13,45,106,106,107,102,130,150,149,142,131,92,45,14,10,14,12,3,0
9,6,4,7,23,32,58,112,104,100,129,152,202,188,145,115,70,39,18,11,12,14,5,0
6,10,14,19,34,43,55,52,43,56,136,149,266,178,166,126,76,41,29,24,12,8,0,0
4,6,1,42,60,54,60,56,38,95,141,167,215,197,149,113,57,14,12,13,12,9,6,8
3,7,10,51,92,71,100,100,35,111,127,157,180,171,142,112,81,8,0,5,3,0,0,2
13,10,13,45,69,84,101,87,100,100,122,145,158,145,130,105,64,5,0,1,0,0,1,0
9,14,16,59,101,105,101,92,71,100,115,128,150,134,113,101,14,6,12,7,9,4,5,5
11,13,21,63,72,103,103,100,100,100,107,123,132,123,110,71,14,10,10,3,7,0,5,0
8,11,14,55,76,107,106,103,68,74,106,109,132,123,103,46,14,10,2,0,3,9,0,6
10,11,19,50,114,104,101,93,56,51,73,75,86,91,64,12,9,2,2,0,0,2,0,0
10,14,24,51,91,57,53,41,35,32,43,71,138,91,70,13,7,0,1,10,1,0,0,0
11,21,15,17,35,79,58,45,29,27,39,65,90,66,52,32,19,17,14,10,12,1,7,7
0,9,5,4,25,50,54,56,42,13,14,37,56,88,50,9,10,10,12,0,0,5,0,0
0,0,3,2,11,32,45,62,51,11,12,26,52,56,44,2,0,1,9,0,0,0,0,8
5,11,8,0,8,31,46,34,53,12,11,14,50,52,25,4,0,0,2,0,0,0,0,1
0,10,0,0,0,9,35,50,21,11,5,9,29,33,12,7,0,0,0,4,0,0,0,0
0,6,0,0,0,10,17,38,29,13,10,11,52,39,6,0,0,0,1,0,0,0,0,0
0,0,1,0,0,8,31,43,11,11,10,12,45,14,5,0,0,0,0,0,6,0,0,0
2,1,0,5,4,10,16,15,9,10,14,14,27,15,10,4,6,0,7,5,0,0,0,0
0,2,1,0,5,10,20,50,12,10,14,24,30,12,11,10,0,4,0,0,0,0,0,0
0,0,0,0,0,11,28,43,6,9,11,25,28,13,8,0,3,0,0,3,0,7,5,0
0,0,0,0,0,12,40,26,11,7,20,50,31,7,9,10,4,0,0,2,6,7,7,4
7,1,0,0,7,39,53,15,10,22,50,55,12,8,5,13,12,10,5,0,5,2,8,10
0,7,9,10,13,61,66,23,14,31,49,55,10,11,12,1,0,0,0,6,1,0,8,2
5,8,5,13,14,26,14,14,38,40,45,19,4,5,0,5,8,1,0,5,2,4,0,2
