11,14,44,53,59,53,54,74,83,64,60,75,74,80,49,18,1,6,0,0,0,0,2,0
9,6,14,54,64,88,109,110,130,115,124,142,119,117,129,110,81,77,10,6,3,0,0,0
11,6,10,11,39,87,105,114,131,153,179,196,180,155,161,161,128,95,61,6,0,0,5,0
8,7,13,14,41,51,53,96,106,136,167,201,205,187,187,169,124,81,51,8,0,0,0,0
0,0,12,48,62,62,11,38,66,88,126,146,173,176,200,189,156,129,68,34,3,0,7,4
12,11,27,63,65,58,51,36,44,59,84,132,173,166,217,223,238,197,118,62,20,26,6,8
9,7,36,60,66,59,29,14,14,58,92,112,150,169,212,255,209,201,130,92,54,14,0,0
10,9,19,65,73,65,32,0,9,67,96,100,112,150,218,240,229,184,153,97,55,12,14,4
5,3,14,58,65,60,11,9,12,68,88,102,127,168,201,222,222,185,146,97,61,11,4,1
0,2,12,50,59,59,10,10,51,63,89,115,144,222,270,272,266,226,152,103,66,14,11,1
3,14,6,47,53,51,30,5,3,39,74,84,133,229,294,318,311,285,182,101,59,13,13,0
0,0,0,15,8,12,0,0,2,6,69,80,105,182,267,314,325,300,189,113,66,13,3,2
0,0,0,0,0,0,0,2,0,43,101,83,116,139,182,230,238,180,165,120,65,43,7,6
0,0,0,0,0,0,1,1,2,66,109,111,119,121,143,183,198,191,186,131,81,77,24,2
0,0,0,0,0,0,4,9,0,16,76,104,120,123,134,152,166,185,177,132,107,69,19,1
6,0,0,0,0,0,0,13,5,53,64,80,113,121,122,141,150,194,188,176,123,83,35,13
3,4,6,5,4,7,12,8,11,12,63,77,110,82,87,116,145,202,203,188,137,125,72,22
7,14,18,13,13,18,23,17,29,35,58,71,65,85,87,147,241,253,228,246,174,140,87,45
2,6,5,7,9,9,7,12,11,12,67,99,77,94,174,253,244,237,239,228,169,130,87,58
1,3,7,3,0,5,8,10,14,14,51,101,108,137,189,270,320,298,273,241,210,170,107,69
4,3,0,6,2,7,11,13,25,41,59,102,120,156,223,278,294,330,313,265,235,162,136,114
0,0,5,7,11,12,12,9,29,46,62,103,142,188,245,333,337,337,293,257,205,158,126,86
0,2,10,12,17,9,8,14,34,44,73,118,148,185,233,274,315,281,234,209,185,157,118,91
0,0,0,1,6,8,14,13,50,101,108,121,155,197,231,261,271,254,219,205,169,143,90,80
0,0,0,0,6,3,1,11,55,79,105,116,147,183,196,249,225,209,189,175,147,107,56,27
5,5,0,4,9,9,9,13,71,92,104,115,138,160,172,187,178,157,143,126,104,52,36,14
0,0,0,10,10,12,29,20,12,56,102,105,119,126,152,154,140,121,107,94,37,18,19,12
0,2,5,3,5,10,7,12,18,41,100,108,101,118,127,133,121,112,97,13,8,13,11,13
0,4,5,5,12,8,14,17,36,52,65,71,81,120,115,117,105,89,49,18,29,50,29,12
0,5,6,4,8,10,8,9,1,52,63,59,66,78,65,63,49,40,39,9,39,33,27,18
6,9,11,10,14,14,11,15,14,37,55,60,64,78,60,58,35,30,11,14,33,42,35,18
0,0,0,8,7,7,12,10,12,61,102,65,65,66,80,58,51,31,31,35,33,25,27,10
8,1,4,2,6,0,11,7,9,51,69,71,64,64,58,52,50,13,14,39,53,45,15,9
7,2,0,3,5,0,0,4,14,53,61,73,68,72,61,57,27,28,12,50,54,51,26,13
0,0,0,0,1,0,0,0,43,60,66,76,65,61,61,38,51,35,14,14,56,52,39,22
5,0,0,0,0,0,0,12,26,59,61,70,65,58,55,53,34,21,33,28,50,30,24,17
7,4,7,0,0,0,3,11,50,57,62,60,60,59,51,26,37,24,23,30,33,54,51,30
0,0,0,0,0,0,5,5,12,54,56,53,56,50,49,51,51,33,12,23,53,59,55,47
0,0,0,0,0,0,0,5,37,53,55,50,48,50,51,48,50,20,23,35,53,59,54,37
0,0,0,0,0,0,6,6,53,56,37,55,52,53,53,46,50,29,55,52,54,54,54,28
0,0,0,0,0,0,0,14,45,56,54,51,44,51,54,45,23,40,41,50,59,55,39,32
3,4,0,0,0,4,11,31,53,55,52,52,33,28,21,20,50,19,12,12,56,51,26,33
3,4,0,4,9,5,9,45,55,53,51,10,41,26,25,6,0,9,12,11,22,36,37,13
1,0,4,7,10,9,13,52,55,53,13,5,11,12,10,2,6,5,10,13,22,20,14,12

11,14,45,53,59,53,54,74,83,64,60,75,74,81,49,17,1,6,0,0,0,0,2,0
9,6,14,54,64,88,109,110,130,115,124,142,119,116,129,110,80,76,10,6,3,0,0,0
11,6,10,11,39,87,105,114,131,153,179,196,180,155,161,161,128,95,60,6,0,0,5,0
8,7,13,14,42,51,53,97,106,136,167,201,205,188,187,169,124,82,51,9,0,0,0,0
0,0,12,48,62,62,11,38,66,88,126,146,174,175,200,189,156,130,69,35,3,0,7,4
12,11,27,63,65,58,51,36,44,58,84,132,173,167,217,222,239,197,118,62,20,26,6,8
9,7,36,60,66,59,30,14,14,58,92,112,150,170,213,255,210,201,130,92,54,14,0,0
9,9,20,65,73,66,33,0,9,67,96,100,112,150,219,241,230,184,153,97,55,12,14,4
5,3,14,58,66,60,11,9,12,68,89,102,127,168,202,224,222,185,146,98,61,11,4,1
0,2,12,50,60,59,10,10,51,64,89,115,144,222,270,273,268,227,153,103,66,14,11,1
3,14,6,49,54,52,32,5,3,38,75,84,133,229,294,317,312,287,183,101,59,13,13,0
0,0,0,18,9,12,0,0,2,6,69,80,105,182,266,313,325,300,190,113,66,13,3,2
0,0,0,0,0,0,0,2,0,43,101,83,116,138,181,229,237,181,165,120,65,44,7,6
0,0,0,0,0,0,1,1,2,66,109,111,118,121,142,182,197,190,185,131,81,77,24,2
0,0,0,0,0,0,4,9,0,15,76,104,120,123,134,152,165,185,177,132,107,69,18,1
6,0,0,0,0,0,0,13,5,53,64,80,112,121,122,141,150,193,188,175,123,83,34,13
3,4,6,5,4,7,12,8,11,12,63,77,110,82,86,116,145,202,203,189,137,125,72,22
7,14,18,13,13,18,23,17,28,35,58,71,65,85,87,147,242,253,228,246,174,140,87,45
2,6,4,7,9,9,7,12,11,12,67,98,76,94,173,254,243,237,239,227,170,130,87,58
1,4,7,3,0,5,8,10,14,14,51,101,108,137,190,270,321,299,272,241,209,170,106,69
4,2,0,6,3,7,11,13,24,41,58,102,120,155,223,279,293,330,313,265,235,161,136,114
0,0,6,7,11,12,12,9,29,46,62,103,142,188,245,333,337,337,292,257,206,158,126,86
0,2,10,12,17,9,8,14,33,44,73,118,148,186,232,275,314,280,234,209,185,156,118,91
0,0,0,1,6,8,14,13,48,101,108,121,155,197,230,261,271,255,219,205,169,143,90,79
0,0,0,0,6,3,1,11,55,77,105,116,147,183,196,248,225,209,189,175,147,107,56,27
5,4,0,4,9,9,9,13,71,92,104,115,138,160,171,187,178,157,143,126,104,51,36,14
0,0,0,10,10,12,29,20,12,54,102,105,119,126,151,154,140,121,107,94,37,18,19,12
0,2,5,3,5,10,7,12,18,40,100,108,101,117,127,133,121,112,96,12,8,13,11,13
0,4,5,5,12,8,14,16,36,52,65,71,81,120,115,117,105,89,49,18,29,50,29,12
0,5,6,4,8,9,8,8,1,52,63,59,66,78,65,64,49,39,39,9,40,34,28,18
6,9,11,10,13,14,11,15,15,38,55,60,64,78,59,58,34,29,11,14,33,42,35,18
0,0,0,8,7,7,12,10,12,62,102,65,65,67,79,58,51,31,31,35,33,25,27,10
8,1,4,2,6,0,11,7,9,51,69,71,64,64,58,52,50,13,14,39,53,46,15,9
7,2,0,3,5,0,0,5,14,54,61,73,67,72,61,57,27,29,12,51,54,51,26,13
0,0,0,0,1,0,0,0,44,60,66,76,65,60,61,38,51,33,14,15,56,52,39,22
5,0,0,0,0,0,0,12,28,60,61,70,65,58,55,53,36,20,31,32,50,30,24,17
7,4,7,0,0,0,3,11,50,57,63,60,60,59,51,27,37,23,23,30,34,54,51,31
0,0,0,0,0,0,5,5,13,54,56,53,56,49,49,52,51,34,13,23,54,59,55,48
0,0,0,0,0,0,0,5,36,53,55,50,48,51,51,47,51,20,23,36,53,59,54,37
0,0,0,0,0,0,6,6,53,56,37,55,52,53,53,46,50,29,55,52,54,54,54,28
0,0,0,0,0,0,0,14,45,56,54,51,44,51,54,46,23,39,41,51,59,54,39,32
3,4,0,0,0,4,11,32,53,55,52,52,30,28,22,20,50,21,12,13,56,51,26,34
4,4,0,4,9,5,9,45,55,53,50,10,40,25,25,6,0,9,12,12,23,36,38,13
1,0,4,8,10,9,13,51,55,53,14,5,11,12,10,3,6,5,10,13,23,20,14,12

11,14,45,53,59,53,54,74,83,64,60,75,74,80,49,18,1,6,0,0,0,0,2,0
9,6,14,54,64,88,109,110,131,115,124,142,119,117,128,110,80,75,10,6,3,0,0,0
11,6,10,11,40,87,105,114,131,153,179,197,180,155,161,161,128,95,61,6,0,0,5,0
8,7,12,14,42,51,53,100,106,136,167,201,205,188,187,169,124,82,51,8,0,0,0,0
0,0,12,48,61,62,11,38,66,88,126,146,174,175,199,189,156,130,69,34,3,0,7,4
12,11,28,63,65,58,51,36,44,58,84,132,173,167,217,222,240,197,118,62,20,26,6,8
9,7,36,60,65,59,30,14,14,58,92,112,150,169,213,255,210,202,131,92,54,14,0,0
9,9,19,65,73,66,33,0,9,67,96,100,112,150,219,242,230,185,153,98,55,12,14,4
5,3,14,58,66,60,11,9,12,68,89,102,127,168,203,224,223,186,147,98,61,11,4,1
0,2,12,50,59,59,10,10,51,64,89,115,144,222,271,273,268,228,153,103,66,14,11,1
3,14,6,48,54,52,35,6,3,38,75,84,133,228,293,318,312,287,183,101,59,13,13,0
0,0,0,21,9,12,0,0,2,6,69,80,105,182,265,313,326,301,190,113,66,13,3,2
0,0,0,0,0,0,0,2,0,41,101,83,116,138,181,228,238,181,166,120,65,44,7,6
0,0,0,0,0,0,2,1,2,65,109,111,118,121,142,182,197,190,185,131,81,77,22,1
0,0,0,0,0,0,4,9,0,14,76,104,120,123,133,152,165,185,177,132,107,68,18,1
6,0,0,0,0,0,0,13,4,53,63,80,112,120,122,140,149,193,188,175,123,83,34,13
3,4,6,5,4,7,12,8,11,11,63,77,110,81,87,116,145,202,204,189,137,125,71,22
7,14,18,13,13,18,23,17,29,35,57,71,65,85,87,147,243,254,228,246,174,140,87,45
2,6,4,7,9,9,7,12,11,12,67,97,77,94,174,254,244,237,239,228,170,130,87,58
1,3,7,3,0,5,8,10,14,14,51,101,108,137,190,270,320,299,272,241,210,170,106,69
4,2,0,6,3,7,11,13,24,43,58,102,120,155,223,278,293,330,313,266,235,162,136,114
0,0,5,7,11,12,12,9,29,46,62,103,142,188,245,333,337,336,292,257,206,158,126,86
0,2,10,12,16,9,8,14,34,44,73,118,148,185,232,274,314,279,234,209,185,157,118,91
0,0,0,1,6,8,14,13,48,101,108,121,155,197,229,261,270,254,219,205,169,143,90,79
0,0,0,0,6,3,1,11,54,77,105,116,147,183,196,248,225,208,189,175,147,107,56,27
5,4,0,4,9,9,9,13,71,92,104,115,138,160,171,187,178,157,143,125,104,51,36,14
0,0,0,10,10,12,28,21,12,56,102,105,119,126,151,154,139,121,107,93,37,18,19,12
0,2,5,3,5,10,7,12,17,40,100,108,101,117,127,133,120,113,96,12,8,13,11,13
0,4,5,5,12,8,14,17,36,52,66,71,81,120,115,117,105,89,49,18,28,50,29,12
0,5,6,4,8,9,8,8,1,52,64,60,66,78,65,64,49,40,40,9,40,34,28,18
6,9,11,10,14,13,11,15,15,38,56,60,64,78,60,57,35,29,11,14,33,42,35,19
0,0,0,8,7,7,12,10,12,62,102,65,65,67,80,58,51,31,32,35,33,25,27,10
8,1,4,2,6,0,11,7,9,51,69,71,64,64,58,52,50,13,14,40,53,46,15,9
7,2,0,3,5,0,0,5,14,54,61,73,67,72,61,56,27,28,13,51,54,51,27,13
0,0,0,0,1,0,0,0,44,60,66,76,65,60,60,38,51,33,14,15,56,52,39,23
5,0,0,0,0,0,0,12,29,59,61,70,65,58,54,54,34,20,34,30,51,30,24,17
7,4,7,0,0,0,3,11,50,57,62,60,59,59,51,26,37,23,22,30,34,54,51,31
0,0,0,0,0,0,5,5,13,54,56,53,56,50,48,52,51,33,13,23,54,59,55,50
0,0,0,0,0,0,0,5,38,53,55,50,48,50,52,48,51,21,23,37,53,59,54,38
0,0,0,0,0,0,6,7,53,56,37,55,52,53,53,46,50,29,55,52,54,54,54,28
0,0,0,0,0,0,0,14,45,56,54,51,45,51,54,46,23,40,42,51,59,54,39,32
3,4,0,0,0,4,11,32,53,55,52,52,30,28,21,20,48,19,12,13,56,51,26,34
4,4,0,4,9,5,10,44,56,53,50,10,40,26,25,6,0,9,12,12,23,37,40,13
1,0,4,8,10,9,13,52,55,53,14,5,11,12,10,3,6,6,10,13,23,21,14,12

11,14,46,53,59,53,54,74,83,64,60,75,74,80,49,18,1,6,0,0,0,0,2,0
9,6,14,53,64,88,109,110,131,115,124,142,119,117,128,110,80,75,10,6,3,0,0,0
11,6,11,11,40,87,105,114,131,154,179,197,180,155,161,161,128,95,61,6,0,0,5,0
8,7,13,14,41,51,53,98,107,136,167,201,206,188,187,169,123,81,51,8,0,0,0,0
0,0,12,48,62,62,11,38,66,88,126,146,174,176,199,189,156,129,69,34,3,0,7,4
12,11,28,63,65,58,51,36,44,58,84,132,174,166,217,223,239,198,118,62,20,26,6,8
9,7,37,60,66,59,30,14,14,58,92,112,150,169,213,256,210,202,131,92,54,14,0,0
10,9,18,65,73,66,35,0,9,67,96,100,111,150,219,242,231,184,153,98,55,12,14,4
5,3,14,58,66,60,11,10,12,68,89,102,127,169,203,224,223,185,147,98,61,11,4,1
0,2,12,51,60,59,11,10,51,64,90,115,144,222,271,273,269,228,153,103,66,14,11,1
3,14,6,50,55,52,35,6,3,38,74,84,132,228,294,317,313,288,183,101,59,13,13,0
0,0,0,22,9,12,0,0,2,6,69,80,105,181,265,313,326,302,190,113,66,13,3,2
0,0,0,0,0,0,0,2,0,41,101,83,116,138,180,228,238,181,166,120,65,44,7,6
0,0,0,0,0,0,2,1,2,65,109,111,118,121,142,181,197,190,185,131,81,77,22,1
0,0,0,0,0,0,4,9,0,14,75,104,120,123,133,151,165,185,177,132,107,68,18,0
6,0,0,0,0,0,0,13,4,52,63,80,112,120,122,140,149,193,188,175,123,83,34,12
3,4,6,5,4,7,12,8,11,11,63,77,110,81,87,115,145,203,203,189,137,125,71,22
7,14,18,13,13,18,23,17,28,35,57,71,65,85,87,147,243,254,228,245,173,140,87,45
2,5,5,7,8,9,7,12,11,12,67,100,77,95,174,254,244,237,239,227,169,130,87,58
1,3,7,3,0,5,8,10,14,14,51,101,108,137,190,270,320,299,272,241,209,170,106,69
4,2,0,6,2,7,11,13,24,41,59,102,120,156,223,278,293,329,313,265,235,162,136,114
0,0,5,7,11,12,12,9,29,46,62,103,142,188,246,333,338,337,292,257,205,158,126,86
0,2,10,12,17,9,8,14,33,44,73,118,148,185,232,274,314,280,234,209,185,157,118,91
0,0,0,1,6,8,14,13,48,101,108,121,156,197,230,261,270,255,219,205,170,143,90,79
0,0,0,0,6,3,1,11,55,77,105,116,147,183,196,249,225,208,189,175,147,107,56,27
5,4,0,4,9,9,9,13,71,93,104,115,138,160,172,187,178,157,143,126,104,51,36,14
0,0,0,10,10,12,28,20,12,56,102,105,119,126,151,153,140,121,107,93,37,18,19,12
0,2,5,3,5,10,7,12,18,41,100,108,101,118,127,133,121,112,96,13,8,13,11,13
0,4,5,5,12,8,14,16,36,52,66,71,81,120,115,117,105,89,49,18,29,50,29,12
0,5,6,4,8,9,8,8,1,52,63,59,66,78,65,63,49,39,39,9,40,34,28,18
6,9,11,10,14,14,11,14,15,38,56,60,64,78,60,58,35,29,11,14,34,43,35,19
0,0,0,8,7,7,12,10,12,62,102,65,65,67,80,58,51,30,32,35,33,25,27,10
8,1,4,2,6,0,11,7,9,51,69,71,65,64,58,52,50,13,14,40,53,46,15,9
7,2,0,2,5,0,0,4,15,53,61,73,67,72,61,57,28,29,13,51,54,51,27,13
0,0,0,0,1,0,0,0,44,60,66,76,65,60,61,38,51,34,14,16,56,52,39,23
5,0,0,0,0,0,0,12,28,59,61,70,65,58,55,53,35,20,33,31,51,30,24,18
7,4,7,0,0,0,3,11,51,57,63,60,59,59,51,27,40,25,24,30,34,54,51,31
0,0,0,0,0,0,5,5,13,54,56,53,56,50,48,51,51,34,13,23,54,59,55,50
0,0,0,0,0,0,0,5,39,53,55,50,47,50,51,50,51,20,24,37,53,59,54,38
0,0,0,0,0,0,6,7,53,56,37,55,52,53,53,46,50,30,55,52,54,54,54,28
0,0,0,0,0,0,0,14,45,56,54,51,44,52,55,45,24,41,41,51,59,55,39,32
3,4,0,0,0,4,11,32,53,55,52,52,31,27,19,20,48,18,12,13,56,51,26,34
4,4,0,4,9,5,10,45,55,53,51,10,40,26,26,5,0,9,12,12,23,37,38,13
1,0,4,8,10,9,13,52,55,53,14,5,11,12,10,3,6,5,10,13,24,22,14,12

11,14,45,53,59,53,54,74,83,64,60,75,74,80,49,18,1,6,0,0,0,0,2,0
9,6,14,54,64,88,109,110,131,115,125,142,119,117,129,110,80,77,10,6,3,0,0,0
11,6,10,11,40,87,105,114,131,153,179,197,180,155,161,161,129,95,61,6,0,0,5,0
8,7,12,14,41,51,53,99,107,136,167,201,205,187,188,169,124,82,51,8,0,0,0,0
0,0,12,47,62,62,11,38,66,88,126,146,174,175,199,189,156,130,69,35,3,0,7,4
13,11,28,63,65,58,51,36,44,58,84,132,173,167,216,223,240,198,118,62,20,26,6,8
9,7,37,60,66,59,31,14,14,58,92,112,150,169,213,256,211,202,131,93,54,14,1,0
10,9,22,65,74,66,35,0,9,67,96,100,112,150,220,242,231,185,154,98,55,12,14,4
5,3,14,58,66,60,11,10,12,68,88,102,127,168,203,224,223,186,147,98,61,11,4,1
0,2,12,51,60,59,11,10,51,64,89,115,144,221,270,274,268,228,153,103,66,14,11,1
3,14,6,50,55,52,35,6,3,38,75,84,132,229,294,318,313,287,183,101,59,13,13,0
0,0,0,23,9,12,0,0,2,6,69,80,105,182,266,315,325,301,190,113,66,13,3,2
0,0,0,0,0,0,0,2,0,42,101,83,116,138,182,229,239,181,166,120,65,44,7,6
0,0,0,0,0,0,2,1,2,66,109,111,119,121,142,183,197,190,185,131,81,76,25,2
0,0,0,0,0,0,4,9,0,14,76,104,120,123,133,152,166,185,177,132,107,69,18,1
6,0,0,0,0,0,0,13,4,53,63,80,112,120,122,140,149,193,188,175,123,83,34,13
3,4,6,5,4,7,12,8,11,11,63,77,110,81,86,115,145,202,203,188,137,125,71,22
7,13,18,13,13,18,23,17,29,35,57,71,65,85,87,147,242,254,228,245,173,140,87,45
2,5,4,7,9,9,7,12,11,12,67,98,77,94,173,254,243,237,239,227,169,130,87,58
1,3,7,3,0,5,8,10,14,14,51,101,108,137,190,270,320,298,272,241,209,170,106,69
4,2,0,6,2,7,11,13,24,43,58,102,120,156,223,278,293,330,313,265,235,162,136,114
0,0,5,7,11,12,12,9,29,46,62,103,143,188,245,334,338,338,293,257,206,158,126,86
0,2,10,12,17,9,8,14,33,44,73,118,148,186,232,274,314,279,234,209,185,157,118,91
0,0,0,1,6,8,14,13,50,101,108,122,156,197,229,260,270,254,219,205,169,143,90,80
0,0,0,0,6,3,1,11,55,79,105,116,147,183,195,247,225,208,189,175,147,107,56,27
5,4,0,4,9,9,9,13,72,93,105,116,138,159,170,186,177,157,143,126,104,52,36,14
0,0,0,10,10,12,28,21,12,57,102,105,119,125,150,153,139,121,107,93,37,18,19,12
0,2,5,2,5,10,7,12,18,42,101,108,101,117,126,133,120,112,96,13,8,13,11,13
0,4,5,5,12,8,14,16,36,52,66,71,81,120,115,117,105,89,48,18,29,50,29,12
0,5,6,4,8,9,9,8,1,53,64,60,66,78,65,63,49,40,39,9,40,34,28,18
6,9,11,10,13,14,11,14,17,40,56,60,64,78,59,57,35,29,11,14,34,43,35,19
0,0,0,8,7,7,12,10,12,62,102,65,65,66,79,58,51,30,32,36,33,26,27,10
8,1,4,2,6,0,11,7,9,52,70,71,64,64,57,52,50,13,14,41,54,46,16,9
7,2,0,3,5,0,0,5,17,54,61,73,67,71,61,57,27,29,13,51,54,51,27,13
0,0,0,0,1,0,0,0,46,60,66,76,65,60,60,38,51,33,14,17,56,52,39,23
5,0,0,0,0,0,0,12,32,59,61,70,65,58,55,53,35,21,33,32,51,30,24,18
7,4,7,0,0,0,3,11,51,57,62,60,59,58,51,27,37,26,24,31,34,54,51,31
0,0,0,0,0,0,5,5,13,54,56,53,56,49,48,52,51,35,13,23,54,59,55,50
0,0,0,0,0,0,0,6,38,53,55,50,47,50,51,48,51,21,23,37,53,59,54,38
0,0,0,0,0,0,6,7,53,56,37,55,52,53,53,46,50,30,55,52,54,54,54,28
0,0,0,0,0,0,0,14,45,56,54,51,43,51,55,46,24,41,41,51,60,55,40,32
3,4,0,0,0,4,11,32,53,55,52,52,30,26,19,20,48,18,12,13,57,51,26,35
4,4,0,4,9,5,10,45,55,53,50,10,41,25,25,6,0,9,12,12,23,37,40,13
1,0,4,8,10,9,13,52,55,53,14,5,11,12,10,3,6,6,10,13,24,22,14,12

11,15,46,53,59,53,54,74,83,64,60,75,74,80,49,18,1,6,0,0,0,0,2,0
9,6,14,54,64,88,109,110,131,115,124,142,119,116,129,110,80,76,10,6,3,0,0,0
11,6,10,11,40,87,105,114,131,154,179,197,180,155,161,161,129,95,61,6,0,0,5,0
8,7,13,14,42,51,54,99,106,136,167,201,206,188,187,169,124,82,51,9,0,0,0,0
0,0,12,50,62,62,11,38,66,88,126,146,173,176,200,189,157,130,69,35,3,0,7,4
12,11,28,63,65,58,51,36,44,58,84,132,174,166,217,223,240,198,118,62,20,26,6,8
9,7,37,60,66,59,31,14,14,58,92,112,150,169,212,257,211,201,131,92,54,14,0,0
10,9,21,65,74,66,34,0,9,67,96,100,111,150,219,242,230,184,153,98,55,12,14,4
5,3,14,58,66,60,11,10,12,68,88,102,126,168,201,223,222,185,146,98,61,11,4,1
0,2,12,51,60,59,10,10,51,63,89,115,143,221,270,272,267,226,151,103,66,14,11,1
3,14,6,50,54,52,33,5,3,38,74,84,132,229,294,320,313,285,182,101,59,13,13,0
0,0,0,19,9,12,0,0,2,6,68,80,105,182,269,316,326,301,189,112,66,13,3,2
0,0,0,0,0,0,0,2,0,42,101,83,116,139,184,231,239,181,165,120,65,44,7,6
0,0,0,0,0,0,2,2,2,66,109,111,119,121,143,184,198,190,186,131,81,76,24,2
0,0,0,0,0,0,4,9,0,17,76,104,120,124,134,153,166,185,177,132,107,69,19,1
6,0,1,0,0,0,0,13,5,53,64,80,112,121,122,141,149,193,188,175,123,83,35,13
3,4,6,5,4,7,12,8,11,12,64,77,110,82,87,115,145,202,203,189,137,125,72,22
7,14,18,13,13,18,23,17,29,35,58,72,65,85,87,146,241,253,228,246,174,140,86,45
2,6,5,7,9,9,7,12,11,12,67,99,77,94,173,252,243,237,239,228,169,130,87,58
1,3,7,3,0,5,8,10,14,14,51,101,108,137,189,270,320,298,272,241,210,170,106,69
4,2,0,6,2,7,11,13,24,43,59,102,120,156,223,278,293,331,313,266,236,162,136,114
0,0,5,7,11,12,12,9,29,46,62,103,143,187,245,333,337,338,293,258,206,158,126,86
0,2,10,12,16,9,8,14,33,44,73,118,149,186,232,274,315,280,234,209,185,157,118,91
0,0,0,1,6,8,14,13,50,101,109,122,156,197,229,260,271,254,219,205,170,143,90,79
0,0,0,0,6,3,1,11,55,80,105,116,147,182,194,248,225,208,189,175,147,107,56,27
5,4,0,4,9,9,9,13,71,93,105,116,138,159,170,185,177,157,143,126,104,51,36,14
0,0,0,10,10,12,28,21,12,59,102,105,119,126,150,153,139,121,107,94,37,19,19,12
0,2,5,2,5,10,7,12,18,42,101,108,101,117,126,133,120,112,97,12,8,13,11,13
0,4,5,5,12,8,14,16,36,53,66,71,81,120,115,117,105,89,49,18,29,50,29,12
0,5,6,4,8,9,8,8,1,54,64,60,66,78,65,63,48,40,39,10,40,34,28,17
6,9,11,10,13,14,11,14,18,40,56,60,64,78,59,57,34,29,11,14,34,43,36,19
0,0,0,8,7,7,12,10,13,63,102,65,65,66,79,58,51,30,32,36,33,26,27,10
8,1,4,2,6,0,11,8,9,52,70,71,64,64,57,52,50,13,14,41,53,46,15,9
7,2,0,2,5,0,0,5,17,54,61,73,67,71,60,56,28,29,13,51,54,51,27,13
0,0,0,0,1,0,0,0,47,60,66,76,64,60,60,38,51,33,14,17,56,52,39,23
5,0,0,0,0,0,0,12,32,60,61,70,65,58,55,53,35,22,33,33,51,30,24,17
7,4,7,0,0,0,3,11,51,57,63,60,59,58,51,26,39,26,24,31,34,54,51,31
0,0,0,0,0,0,6,5,13,54,56,53,56,49,48,52,51,36,13,24,54,60,55,50
0,0,0,0,0,0,0,6,38,53,55,50,47,50,51,48,51,20,23,38,53,59,54,38
0,0,0,0,0,0,6,7,53,56,37,55,52,53,53,48,50,29,55,52,54,54,54,28
0,0,0,0,0,0,0,14,45,56,54,51,41,51,54,46,24,39,43,51,60,55,39,32
3,4,0,0,0,4,11,33,53,55,52,53,31,28,21,20,50,19,12,13,57,52,26,34
4,4,0,4,9,5,10,46,56,53,51,9,40,25,26,6,0,9,12,13,23,37,39,13
1,0,4,8,10,9,13,52,55,53,14,5,11,12,10,3,6,6,10,13,24,22,14,12

11,14,44,53,59,53,54,74,83,64,60,75,74,81,49,18,1,6,0,0,0,0,2,0
9,6,14,54,64,88,109,110,131,115,124,142,119,117,129,110,80,76,10,6,3,0,0,0
11,7,10,11,40,87,105,114,131,153,179,197,180,155,161,161,129,95,61,6,0,0,5,0
8,7,13,14,42,51,53,98,106,136,167,201,206,188,187,169,124,82,51,8,0,0,0,0
0,0,12,50,62,62,11,38,66,88,126,146,174,176,200,190,157,130,69,34,3,0,7,4
12,11,29,63,65,58,51,36,44,59,84,132,174,167,217,224,241,198,118,62,20,26,6,8
9,7,37,60,66,59,30,14,14,58,92,112,151,169,214,259,211,201,130,92,54,14,0,0
10,9,19,65,73,66,34,0,9,67,96,100,112,151,219,241,230,184,153,97,55,12,14,4
5,3,14,58,66,60,11,10,12,68,88,102,126,167,201,222,222,184,145,97,61,11,4,1
0,2,12,50,59,59,10,10,51,63,89,114,143,222,269,271,265,224,150,102,66,13,11,1
3,14,6,48,53,51,30,5,3,37,74,84,132,230,295,320,313,283,180,100,58,13,13,0
0,0,0,14,8,12,0,0,2,6,68,80,105,183,271,316,326,300,188,112,65,13,3,2
0,0,0,0,0,0,0,2,0,42,101,83,116,139,185,232,239,181,164,120,65,43,7,6
0,0,0,0,0,0,2,2,3,66,109,112,119,122,144,185,199,191,185,131,81,76,25,2
0,0,0,0,0,0,4,9,1,21,76,104,121,124,134,153,166,186,177,132,107,69,19,1
6,0,0,0,0,0,0,13,5,53,64,80,113,121,123,142,150,193,188,175,123,84,35,13
3,4,6,5,4,8,12,9,11,12,64,77,110,82,87,116,145,202,203,189,137,125,72,23
7,14,18,13,13,18,23,17,29,36,59,72,65,85,87,145,240,252,228,246,173,140,86,44
2,6,5,7,9,9,7,12,11,12,68,100,77,94,173,252,242,237,239,228,169,130,87,58
1,3,7,3,0,5,8,10,14,14,52,101,108,137,189,270,321,298,273,242,210,170,106,69
4,2,0,6,2,7,11,13,25,41,59,102,120,156,223,277,293,331,315,266,236,162,136,114
0,0,5,7,11,12,12,9,29,46,62,103,143,187,244,333,338,339,294,258,206,158,126,86
0,2,10,12,16,9,8,14,33,44,74,118,149,186,231,273,315,280,234,209,185,157,118,91
0,0,0,1,6,8,14,13,48,101,109,122,156,196,228,258,270,255,219,205,170,143,90,79
0,0,0,0,6,3,1,11,55,80,105,117,147,182,193,247,224,208,189,175,147,107,56,27
5,4,0,4,9,9,9,13,71,96,105,116,138,158,169,185,177,157,143,126,104,52,36,14
0,0,0,10,10,12,28,21,13,62,102,105,119,125,150,152,139,121,107,93,38,19,19,12
0,2,4,2,5,10,7,12,18,44,101,108,101,117,126,133,120,112,96,12,8,13,11,13
0,4,5,5,12,8,14,15,36,53,66,72,81,119,115,117,105,88,49,18,29,50,29,12
0,5,6,4,8,9,8,8,2,54,65,60,66,78,64,63,48,39,39,10,41,34,28,17
6,9,11,10,13,14,11,14,20,42,57,61,64,78,59,57,34,29,11,14,35,43,35,19
0,0,0,8,7,7,12,10,13,64,102,66,65,66,79,57,51,31,32,36,33,25,27,10
8,1,4,2,6,0,11,8,10,52,70,71,64,64,57,51,50,13,14,42,54,46,15,9
7,2,0,3,5,0,0,5,19,54,61,73,67,71,60,56,27,28,13,51,55,51,27,13
0,0,0,0,1,0,0,0,49,61,66,77,64,60,60,38,51,33,14,18,56,52,39,23
5,0,0,0,0,0,0,12,34,60,61,70,64,58,54,53,34,20,33,32,51,30,24,17
7,4,7,0,0,0,3,11,52,57,62,60,59,58,50,27,39,26,26,31,34,55,51,31
0,0,0,0,0,0,5,6,13,54,56,53,56,49,48,52,51,35,13,24,54,60,55,50
0,0,0,0,0,0,0,6,38,53,55,50,47,50,51,48,51,22,23,38,53,59,54,38
0,0,0,0,0,0,6,7,53,56,37,55,52,53,53,46,50,30,55,52,54,54,54,28
0,0,0,0,0,0,0,14,45,56,54,51,44,51,54,46,24,41,43,51,60,55,39,32
3,4,0,0,0,4,11,33,53,55,52,52,29,26,21,20,48,19,12,13,57,52,26,34
4,4,0,5,9,5,10,47,55,53,51,10,40,26,26,6,0,9,13,13,23,38,40,13
1,0,4,8,10,9,13,52,55,53,14,5,11,12,10,3,7,6,10,13,25,23,14,12

11,14,46,53,59,53,54,74,83,64,60,75,74,81,49,18,1,6,0,0,0,0,2,0
9,6,14,53,64,88,109,110,131,115,124,142,119,116,129,110,80,76,10,6,3,0,0,0
11,7,10,11,40,87,105,114,131,153,179,197,180,155,161,161,129,96,61,6,0,0,5,0
8,7,13,14,42,51,53,98,107,136,167,201,205,188,187,169,125,82,51,8,0,0,0,0
0,0,12,50,62,62,11,39,66,88,126,146,173,176,200,189,156,130,69,35,3,0,7,4
12,11,28,63,65,58,51,36,44,59,84,132,174,167,217,223,240,197,118,62,20,26,6,8
9,7,37,60,66,59,30,14,14,58,92,112,150,169,213,256,209,201,130,92,54,14,0,0
9,9,20,65,74,65,34,0,9,67,96,100,112,150,218,240,229,184,153,97,55,12,14,4
5,3,14,58,66,60,11,10,12,68,88,102,127,168,200,222,221,184,146,97,61,11,4,1
0,2,12,51,59,59,10,10,51,64,89,115,144,222,268,271,265,224,151,102,66,13,11,1
3,14,6,49,54,52,31,6,3,39,74,84,133,230,295,317,311,284,181,101,58,13,13,0
0,0,0,17,9,12,0,0,2,6,69,80,105,183,269,315,324,298,188,112,66,13,3,2
0,0,0,0,0,0,0,2,0,46,101,83,116,139,183,230,237,180,165,120,65,44,7,6
0,0,0,0,0,0,2,2,3,67,109,112,119,122,143,184,198,190,185,131,81,77,25,2
0,0,0,0,0,0,4,9,1,22,76,104,121,124,134,153,166,185,177,132,107,69,20,1
6,0,0,0,0,0,0,13,5,53,64,80,113,121,123,141,150,193,188,175,123,83,35,13
3,4,6,5,4,7,12,8,11,12,64,77,110,82,87,116,145,201,203,188,137,125,72,23
7,14,18,13,13,18,23,17,29,36,59,72,66,85,87,146,241,253,228,246,174,140,86,44
2,5,4,7,9,9,7,12,11,12,68,100,77,94,173,252,243,237,239,228,170,130,87,58
1,3,7,3,0,5,8,10,14,14,52,101,108,137,190,270,321,299,273,242,210,170,106,69
4,2,0,6,2,7,11,13,24,41,59,102,120,156,223,278,294,331,315,266,236,162,136,114
0,0,5,7,11,13,12,9,29,46,62,103,143,188,244,333,338,339,294,258,206,158,126,86
0,2,10,12,17,9,8,14,34,44,74,119,149,185,231,272,314,280,234,209,185,157,118,91
0,0,0,1,6,8,14,13,48,101,109,122,156,196,227,258,269,254,219,205,170,143,90,80
0,0,0,0,6,3,1,11,54,80,105,117,147,182,193,246,224,208,189,175,148,107,56,27
5,4,0,4,9,9,9,13,71,98,105,116,138,159,169,185,177,157,143,126,104,52,37,14
0,0,0,10,10,12,28,23,13,62,102,105,119,125,150,153,139,121,107,94,36,18,19,12
0,2,5,2,5,10,7,12,19,44,101,108,102,117,126,133,120,112,95,12,8,13,11,13
0,4,5,5,12,8,14,16,36,53,67,72,81,120,115,117,105,87,49,18,29,50,29,12
0,5,6,4,8,9,8,8,2,54,65,60,66,78,64,63,48,39,39,10,41,34,28,17
6,9,11,10,13,13,11,15,20,42,57,61,64,78,59,57,34,29,11,14,36,43,35,19
0,0,0,8,7,7,12,10,13,64,102,66,65,66,79,57,51,31,32,36,33,26,27,10
8,1,4,2,6,0,11,7,10,52,70,71,64,63,57,52,50,12,14,42,54,46,15,9
7,2,0,2,5,0,0,5,19,54,61,73,67,71,60,56,27,29,13,52,54,51,27,13
0,0,0,0,1,0,0,0,49,61,66,77,64,60,60,38,51,34,14,19,56,52,39,23
5,0,0,0,0,0,0,12,36,60,61,70,64,57,54,53,34,21,33,34,51,30,24,18
7,4,7,0,0,0,3,11,51,57,63,60,59,58,51,26,40,26,24,31,34,54,51,32
0,0,0,0,0,0,5,6,13,54,56,53,56,49,48,52,51,35,13,24,54,60,55,50
0,0,0,0,0,0,0,6,40,53,55,50,48,50,52,50,51,21,24,39,53,59,54,38
0,0,0,0,0,0,6,7,53,56,37,55,52,53,53,47,50,30,55,52,54,54,54,28
0,0,0,0,0,0,0,14,45,56,54,51,41,51,54,45,24,42,42,51,60,55,39,32
3,4,0,0,0,4,11,33,53,55,52,53,31,27,19,20,50,18,12,13,57,52,26,35
4,4,0,4,9,5,10,46,56,53,51,10,41,25,26,6,0,9,13,13,23,38,40,13
1,0,4,8,10,9,13,52,55,53,14,5,11,12,10,3,6,6,10,13,25,23,14,12

11,14,46,53,59,53,54,74,83,64,60,75,74,81,49,18,1,6,0,0,0,0,2,0
9,6,14,54,64,88,109,110,131,115,124,142,119,116,129,110,80,77,10,6,3,0,0,0
11,7,10,11,40,87,105,114,131,154,179,197,180,155,161,161,129,96,61,6,0,0,5,0
8,7,13,14,42,51,53,98,107,136,167,201,205,188,187,169,125,82,51,8,0,0,0,0
0,0,12,50,62,62,11,38,66,88,126,146,174,176,199,189,156,130,69,34,3,0,7,4
13,11,28,63,65,58,51,36,44,59,84,132,174,167,216,222,239,198,118,62,20,26,6,8
9,7,38,60,66,59,31,14,14,58,93,112,151,169,212,256,210,201,131,92,54,14,0,0
10,9,21,65,74,66,35,0,9,67,96,100,112,150,218,240,230,184,153,97,55,12,14,4
5,3,14,58,66,61,11,10,12,68,89,102,127,169,201,223,222,185,147,98,61,11,4,1
0,2,12,51,60,59,11,10,51,64,89,115,144,222,269,271,266,226,152,103,66,14,11,1
3,14,6,50,55,52,34,6,3,40,75,84,133,229,294,318,311,285,182,101,59,13,13,0
0,0,0,23,9,12,0,0,2,6,69,80,105,183,266,314,324,298,189,113,66,13,3,2
0,0,0,0,0,0,0,2,0,45,101,83,116,138,182,229,237,180,165,120,65,44,7,6
0,0,0,0,0,0,2,2,3,67,109,111,119,121,142,183,197,190,185,131,81,77,26,2
0,0,0,0,0,0,4,9,0,20,76,104,120,123,134,152,166,185,177,132,107,69,19,1
6,0,0,0,0,0,0,13,5,53,64,80,112,121,122,141,150,193,188,175,123,83,35,13
3,4,6,5,4,7,12,8,11,12,64,77,110,82,87,116,145,202,203,188,137,125,72,23
7,13,18,13,13,18,23,17,29,36,59,72,65,85,86,146,242,253,228,246,174,140,86,45
2,5,4,7,9,9,7,12,11,12,67,100,77,94,174,253,244,237,239,228,170,130,87,58
1,3,7,3,0,5,8,10,14,14,52,101,108,137,189,270,321,299,273,242,210,170,107,69
4,2,0,6,2,7,11,13,25,41,59,102,120,156,223,278,294,331,314,266,236,162,136,114
0,0,5,7,11,12,12,9,29,46,62,103,143,188,244,333,338,339,294,258,206,159,126,86
0,2,10,12,16,9,8,14,33,44,74,119,149,185,231,272,314,280,234,209,185,157,118,91
0,0,0,1,6,8,14,13,48,101,109,122,156,196,227,258,269,254,218,205,170,143,90,79
0,0,0,0,6,3,1,11,55,80,105,117,147,181,193,246,224,208,189,175,148,107,56,27
5,4,0,4,9,9,9,13,71,96,105,116,138,159,170,185,177,157,143,126,104,52,37,14
0,0,0,10,10,12,28,23,13,62,102,105,120,126,150,153,139,121,107,93,37,19,19,12
0,2,5,2,5,10,7,12,19,44,101,108,102,117,126,133,120,112,95,12,8,13,11,13
0,4,5,5,12,8,14,15,36,53,66,72,81,119,115,117,105,88,49,18,29,50,29,12
0,5,6,4,8,9,9,8,2,54,65,60,66,78,64,63,48,40,39,10,41,34,28,17
6,9,11,10,13,14,11,15,20,41,57,61,64,77,59,57,34,29,11,14,36,43,36,19
0,0,0,8,7,7,12,10,13,64,102,66,65,66,78,57,51,31,32,36,33,26,27,10
8,1,4,1,6,0,11,8,10,52,70,71,64,63,57,52,50,13,14,43,53,46,15,9
7,2,0,2,5,0,0,5,21,54,61,73,67,71,60,56,27,29,13,52,54,51,27,13
0,0,0,0,1,0,0,0,48,61,67,77,64,60,60,38,51,35,14,20,56,52,39,24
5,0,0,0,0,0,0,12,35,59,61,70,64,57,54,53,34,20,33,34,51,30,24,18
7,4,7,0,0,0,3,11,51,57,62,60,59,58,50,26,40,26,24,31,34,54,51,32
0,0,0,0,0,0,6,6,13,54,56,53,56,49,48,52,51,35,13,24,54,60,55,50
0,0,0,0,0,0,0,6,39,53,55,50,47,50,52,48,51,21,23,40,53,59,54,38
0,0,0,0,0,0,6,7,54,56,37,55,52,53,53,48,50,29,55,52,55,54,54,28
0,0,0,0,0,0,0,14,45,56,54,51,44,51,54,48,24,41,45,51,60,55,40,32
3,4,0,0,0,4,11,33,53,55,52,52,30,28,19,20,50,18,12,13,57,52,27,35
4,4,0,4,9,5,10,46,55,53,51,10,41,25,26,6,0,9,13,13,23,38,40,13
1,0,4,8,10,9,13,52,55,53,14,5,11,12,10,3,6,6,10,13,25,23,14,12

11,14,44,53,59,53,54,74,83,64,60,75,74,80,50,18,1,6,0,0,0,0,2,0
9,6,14,54,64,88,109,110,131,115,124,142,119,116,129,110,80,76,10,6,3,0,0,0
11,7,10,11,39,87,105,114,131,154,180,197,180,155,161,161,129,95,61,6,0,0,5,0
8,7,13,14,42,51,53,98,107,136,168,202,206,188,187,169,124,82,51,9,0,0,0,0
0,0,12,50,62,62,11,39,66,88,126,147,174,176,200,190,156,130,69,35,3,0,7,4
13,11,30,63,65,58,51,36,44,59,84,132,174,167,217,223,240,198,118,62,21,26,6,8
9,7,39,60,66,59,32,14,14,59,92,112,151,170,212,257,210,202,131,92,54,14,0,0
10,9,23,65,74,66,36,0,9,67,96,100,112,151,219,242,231,185,153,98,55,12,14,4
5,3,14,58,66,61,11,10,12,68,89,102,127,169,203,224,223,185,147,98,61,11,4,1
0,2,12,51,60,59,11,10,51,64,90,115,144,222,270,272,268,227,153,103,66,14,11,1
3,14,7,50,55,52,38,6,3,39,75,84,133,228,294,317,312,286,182,101,59,13,13,0
0,0,0,25,10,13,0,0,2,6,69,80,105,182,265,313,324,299,190,113,66,13,3,2
0,0,0,0,0,0,0,2,0,44,101,83,116,138,181,228,236,180,165,120,65,44,7,6
0,0,0,0,0,0,2,1,2,66,109,111,119,121,142,182,196,190,185,131,81,77,24,2
0,0,0,0,0,0,4,9,0,17,76,104,120,123,133,152,165,185,177,132,107,68,18,1
6,0,0,0,0,0,0,13,5,53,64,80,112,120,122,141,149,193,188,175,123,83,35,13
3,4,6,5,4,7,12,8,11,12,64,77,110,82,87,115,145,203,203,189,137,125,72,22
7,13,18,13,13,18,23,17,29,35,58,71,65,85,87,147,242,253,228,246,173,140,86,45
2,5,4,7,8,9,7,12,11,12,67,99,76,94,174,254,243,237,239,227,169,130,87,58
1,3,7,3,0,5,8,10,14,14,52,101,108,137,190,270,320,300,273,241,210,170,107,69
4,2,0,6,2,7,11,13,24,40,58,102,120,156,223,279,294,331,313,266,236,162,136,114
0,0,5,7,11,12,12,9,29,46,62,103,143,188,245,334,338,338,292,258,206,158,126,87
0,2,10,12,17,9,8,14,33,44,74,118,149,185,231,273,314,279,234,209,185,157,118,91
0,0,0,1,6,8,14,13,48,101,109,122,156,196,228,259,270,254,219,205,170,143,90,80
0,0,0,0,5,3,1,11,55,80,105,117,147,182,194,246,224,208,189,175,147,107,56,27
5,4,0,4,9,9,9,13,71,96,105,116,138,159,170,185,177,157,143,126,104,52,37,14
0,0,0,10,10,12,28,23,12,62,102,105,120,125,150,153,139,121,107,94,36,19,19,12
0,2,4,2,5,10,7,12,19,43,101,108,101,117,126,133,120,112,95,12,8,13,11,13
0,4,5,5,12,8,14,16,36,53,66,72,81,119,115,117,105,89,48,18,29,50,29,12
0,5,6,4,8,9,9,8,2,54,65,60,66,78,64,63,48,39,39,10,41,34,28,18
6,9,11,10,13,14,11,15,19,41,57,61,64,78,59,57,34,29,11,14,36,44,36,19
0,0,0,8,7,7,12,10,13,64,102,66,65,66,78,57,51,31,32,36,33,26,27,10
8,1,4,2,6,0,11,7,9,52,70,71,64,64,57,52,50,12,14,43,53,46,16,9
7,2,0,2,5,0,0,5,20,54,62,73,67,71,60,56,27,29,13,52,55,51,27,13
0,0,0,0,1,0,0,0,49,61,66,77,65,60,60,38,51,34,14,20,56,52,39,24
5,0,0,0,0,0,0,12,35,59,62,70,64,57,54,53,34,20,34,35,51,30,24,18
7,4,7,0,0,0,3,11,51,57,62,60,59,58,50,26,42,28,23,33,34,54,51,32
0,0,0,0,0,0,6,6,13,54,56,53,56,50,48,52,51,37,13,24,54,60,55,50
0,0,0,0,0,0,0,6,38,53,55,50,47,50,52,47,51,22,23,40,53,59,54,38
0,0,0,0,0,0,6,7,54,56,37,55,52,53,53,47,50,30,55,52,54,54,54,28
0,0,0,0,0,0,0,14,45,56,54,51,43,51,54,46,24,41,43,51,60,55,40,32
3,4,0,0,0,4,11,33,53,55,52,52,33,27,19,20,50,19,12,13,57,52,26,35
4,4,0,4,9,5,10,47,56,53,51,10,44,25,25,6,0,9,13,13,23,38,42,13
1,0,4,8,10,9,13,52,55,53,14,5,11,12,10,3,7,6,10,13,26,23,14,12

11,14,45,53,59,53,54,74,83,64,60,75,74,80,49,18,1,6,0,0,0,0,2,0
9,6,14,54,64,88,109,110,131,115,124,142,119,116,128,110,80,77,10,6,3,0,0,0
11,7,11,11,42,87,105,114,131,154,180,197,180,155,161,160,128,95,61,6,0,0,5,0
8,7,13,14,41,51,54,99,107,136,168,202,206,187,187,169,124,81,51,8,0,0,0,0
0,0,12,50,62,62,11,40,67,88,126,147,174,176,199,190,157,130,69,35,3,0,7,4
13,11,28,63,65,58,51,36,44,59,84,132,174,167,217,222,239,198,118,62,21,26,6,8
9,7,39,61,66,59,32,14,14,58,92,112,150,169,213,256,210,203,131,92,54,14,1,0
10,9,21,65,74,66,36,0,9,68,97,100,112,150,220,242,230,185,154,98,55,12,14,4
5,3,14,58,66,61,11,10,13,68,89,102,127,169,202,224,223,186,147,98,61,11,4,1
0,2,12,51,60,59,11,11,51,64,90,115,144,222,270,273,268,228,153,104,66,14,11,1
3,15,7,50,55,52,39,6,3,41,75,84,133,228,293,317,312,287,183,102,59,13,13,0
0,0,0,28,10,13,0,0,2,6,69,80,105,181,265,313,324,301,190,113,66,13,3,2
0,0,0,0,0,0,0,3,0,43,101,83,116,138,180,227,237,181,166,120,65,44,7,6
0,0,0,0,0,0,2,1,2,66,109,111,118,121,142,181,196,190,185,131,81,76,22,2
0,0,0,0,0,0,4,9,0,16,76,104,120,123,133,151,165,185,177,132,107,68,18,1
6,0,0,0,0,0,0,13,4,53,64,80,112,120,122,140,149,193,188,175,123,83,34,13
3,3,6,5,4,7,12,8,11,12,63,77,109,82,86,115,145,201,203,188,137,125,71,22
7,13,18,13,13,17,23,17,29,35,58,71,65,85,87,147,242,255,228,246,173,140,86,45
2,5,4,7,9,9,7,12,11,12,68,99,77,94,174,255,244,238,239,228,170,130,87,58
1,3,7,3,0,5,8,10,14,14,52,101,108,137,190,270,321,300,273,242,210,170,106,69
4,2,0,6,2,7,11,13,24,41,58,102,120,156,223,279,294,331,314,266,236,162,136,114
0,0,5,6,11,12,12,9,29,46,62,103,143,188,245,334,339,339,293,258,206,159,126,86
0,2,10,12,16,9,8,14,33,44,74,119,149,185,230,273,314,279,234,209,185,157,119,91
0,0,0,1,6,8,14,13,48,101,109,122,156,196,227,258,269,253,218,205,170,143,90,80
0,0,0,0,6,3,1,11,57,80,105,117,148,181,193,246,223,208,189,175,148,107,56,27
5,4,0,4,9,9,9,13,69,98,105,116,138,159,169,184,177,157,143,126,104,51,37,14
0,0,0,10,10,12,29,20,13,63,102,105,120,125,150,152,139,121,107,93,35,18,19,12
0,2,5,2,5,10,7,12,20,44,101,109,101,117,126,133,120,112,95,12,8,13,11,13
0,4,5,5,12,8,14,15,36,53,67,71,81,119,115,117,105,88,48,18,29,50,29,12
0,5,6,4,8,9,9,8,2,55,65,60,66,78,64,63,48,40,39,10,41,35,28,17
5,9,11,10,13,13,11,15,21,42,57,61,64,77,59,57,34,29,11,14,36,44,36,19
0,0,0,8,7,7,12,10,13,64,102,66,65,66,78,57,51,31,32,36,33,26,27,10
8,1,4,2,6,0,11,8,10,53,71,71,64,63,57,52,50,12,14,43,54,46,16,9
7,2,0,3,5,0,0,5,21,54,62,73,67,71,60,56,27,29,13,52,55,51,28,13
0,0,0,0,1,0,0,0,49,61,67,77,64,60,60,38,51,34,14,20,56,52,39,24
5,0,0,0,0,0,0,12,35,60,61,70,65,57,54,53,34,21,33,34,51,30,24,18
7,4,7,0,0,0,3,11,51,57,62,60,59,58,50,26,40,25,25,32,34,54,51,32
0,0,0,0,0,0,6,6,13,54,56,53,56,49,48,52,51,36,13,24,54,60,55,50
0,0,0,0,0,0,0,6,39,53,55,50,48,50,52,50,51,24,24,41,54,59,54,38
0,0,0,0,0,0,6,7,54,56,37,55,52,53,53,48,50,30,55,52,54,54,54,28
0,0,0,0,0,0,0,14,45,56,54,51,41,51,54,45,24,41,43,51,60,55,40,32
3,4,0,0,0,4,11,33,53,55,52,53,30,27,19,20,50,18,12,13,57,52,26,35
4,4,0,4,9,5,10,47,55,53,51,10,40,26,25,6,0,9,13,13,23,38,41,13
1,0,4,8,10,9,13,52,55,53,14,5,11,12,10,3,7,6,10,13,26,24,15,12

11,14,45,53,59,53,54,74,83,64,60,75,74,80,49,18,1,6,0,0,0,0,2,0
10,6,14,54,64,88,109,110,131,115,124,142,120,117,129,110,80,77,10,6,3,0,0,0
11,7,10,11,40,87,105,114,131,154,179,197,180,155,161,161,129,95,60,6,0,0,5,0
8,7,13,14,41,51,53,98,107,136,168,202,205,188,187,169,124,81,51,8,0,0,0,0
0,0,12,50,62,62,11,40,66,88,126,147,174,176,200,189,156,130,69,35,3,0,7,4
13,11,29,63,65,58,51,36,44,59,84,132,174,167,217,222,240,198,118,62,21,26,6,8
9,7,40,61,66,59,32,14,14,58,92,112,151,169,212,256,211,203,131,93,54,14,1,0
10,9,21,65,74,66,36,0,9,68,96,100,112,150,219,242,231,185,154,98,55,12,14,4
5,3,14,58,66,61,11,10,13,68,89,102,127,169,203,224,224,186,147,98,61,11,4,1
0,2,13,51,60,59,11,11,51,64,90,115,144,222,270,273,268,228,154,104,66,14,11,1
3,15,7,50,55,53,40,6,3,40,75,84,132,228,293,318,312,287,184,102,59,13,13,0
0,0,0,29,10,13,0,0,2,6,69,80,105,181,265,312,325,301,190,113,66,13,3,2
0,0,0,0,0,0,0,3,0,43,101,83,116,138,180,227,237,181,166,120,65,44,7,6
0,0,0,0,0,0,2,1,2,66,109,111,118,121,142,181,196,190,185,131,81,77,24,1
0,0,0,0,0,0,4,9,0,15,76,104,120,123,133,151,165,185,177,132,107,68,18,0
6,0,0,0,0,0,0,13,4,53,64,80,112,120,122,140,149,193,188,175,123,83,34,13
3,3,6,5,4,7,12,8,11,12,63,77,110,81,86,115,145,202,203,188,137,125,72,22
7,13,17,13,13,17,23,17,29,35,58,71,65,85,87,147,243,254,228,246,173,140,87,45
2,5,4,7,8,9,7,12,11,12,67,99,77,95,174,255,244,237,239,228,170,130,87,58
1,3,7,3,0,5,8,10,14,14,52,101,108,137,189,271,321,299,273,241,210,170,106,69
4,2,0,6,2,7,11,13,22,41,59,102,120,156,223,279,295,332,314,266,236,162,136,115
0,0,5,6,11,12,12,9,29,46,62,103,143,188,244,334,339,338,293,258,206,158,126,86
0,2,10,12,17,9,8,14,33,44,74,119,149,185,231,272,314,279,233,209,185,157,118,91
0,0,0,1,6,8,14,13,47,101,109,122,156,196,227,257,268,253,218,205,170,143,90,79
0,0,0,0,5,3,1,11,55,81,105,117,147,181,192,245,223,207,189,175,147,107,56,27
5,4,0,4,9,9,9,13,71,98,105,116,138,158,169,184,176,157,143,126,104,51,36,14
0,0,0,10,10,12,28,21,13,63,102,105,120,125,150,153,139,121,107,93,37,18,19,12
0,2,5,2,5,10,7,12,19,44,101,108,102,117,126,132,120,112,95,12,8,13,11,13
0,4,5,5,12,8,14,16,36,53,67,72,81,120,115,117,105,88,49,18,30,50,29,12
0,5,6,4,8,9,9,8,2,54,65,60,66,78,64,63,48,40,39,10,41,35,28,17
6,9,11,10,13,14,11,15,21,42,57,61,64,78,59,57,34,28,11,14,37,44,36,19
0,0,0,8,7,7,12,10,13,64,102,66,65,66,78,57,51,30,32,36,33,26,27,10
8,1,4,2,6,0,11,8,10,53,70,71,64,63,57,51,50,12,15,43,53,46,16,9
7,2,0,2,5,0,0,5,22,54,62,73,67,70,60,56,27,29,13,52,55,51,28,13
0,0,0,0,1,0,0,0,50,61,67,77,64,60,60,38,51,34,14,21,56,52,40,24
5,0,0,0,0,0,0,12,37,60,62,70,64,57,54,53,35,20,34,36,51,30,25,19
7,4,7,0,0,0,3,11,51,57,62,60,59,58,50,26,40,26,24,31,34,55,51,32
0,0,0,0,0,0,6,6,13,54,56,53,55,49,48,52,51,36,13,24,54,60,55,50
0,0,0,0,0,0,0,6,39,53,55,50,47,50,52,49,51,22,24,40,53,59,54,38
0,0,0,0,0,0,6,7,54,56,37,55,52,53,53,48,50,30,55,53,55,54,54,28
0,0,0,0,0,0,0,14,45,56,54,51,43,51,54,46,24,42,43,51,60,55,40,32
3,4,0,0,0,4,11,33,53,55,52,53,29,27,21,20,50,19,12,13,57,52,26,36
4,4,0,5,9,5,10,47,55,53,51,10,41,26,26,6,0,10,13,13,23,38,41,13
1,0,4,8,10,9,13,52,55,53,14,5,11,12,10,3,7,6,10,13,26,24,14,12

11,14,46,53,59,53,54,74,83,64,60,75,74,80,49,19,1,6,0,0,0,0,2,0
9,6,14,54,64,88,109,111,131,115,124,142,119,117,128,110,80,75,10,6,3,0,0,0
11,7,11,11,42,87,105,114,131,154,180,197,180,155,161,161,128,95,61,6,0,0,5,0
8,7,13,14,42,51,53,98,107,136,168,202,206,188,187,170,124,81,51,8,0,0,0,0
0,0,12,50,62,62,11,39,66,89,126,147,174,176,200,190,157,130,69,35,3,0,7,4
13,11,29,63,65,58,51,36,44,59,84,132,174,166,217,223,240,198,118,62,21,26,6,8
9,7,39,61,66,59,32,14,14,58,92,112,150,169,213,255,211,203,131,93,54,14,1,0
10,9,22,65,74,66,36,0,9,67,96,100,112,149,218,241,230,185,154,98,55,12,14,4
5,3,14,58,66,61,11,10,12,68,88,102,127,168,202,223,223,185,146,98,61,11,4,1
0,2,12,51,60,59,11,10,51,64,89,115,143,222,270,272,268,226,152,103,66,14,11,1
3,15,7,50,55,52,39,6,3,38,74,84,132,229,295,320,313,287,183,101,59,13,13,0
0,0,0,27,10,13,0,0,2,6,69,80,105,182,268,315,326,301,190,113,66,13,3,2
0,0,0,0,0,0,0,3,0,43,101,83,116,138,182,230,238,181,165,120,65,43,7,6
0,0,0,0,0,0,3,2,2,66,109,111,119,121,143,183,197,190,185,131,81,76,24,2
0,0,0,0,0,0,4,9,0,17,76,104,120,123,134,152,166,185,177,132,107,69,19,1
6,0,0,0,0,0,0,13,5,53,64,80,112,121,122,141,149,193,188,175,123,83,35,13
3,4,6,5,4,7,12,8,11,12,64,77,110,82,86,116,145,202,203,188,137,125,72,22
7,13,18,13,13,18,24,18,29,35,58,71,65,85,87,147,243,254,228,246,174,140,86,44
2,5,4,7,9,9,7,12,11,12,68,100,77,95,173,255,244,237,240,228,170,130,87,58
1,3,7,3,0,5,8,10,14,14,52,101,108,137,190,271,321,300,273,242,210,170,107,69
4,2,0,6,2,7,11,13,25,41,59,102,120,156,223,278,295,332,314,267,236,162,136,114
0,0,5,6,11,12,12,9,29,46,62,103,143,188,244,333,339,339,294,258,206,158,126,86
0,2,10,12,17,9,8,14,33,44,74,119,150,185,231,272,314,280,234,209,185,157,118,91
0,0,0,1,6,8,14,13,47,101,109,122,156,196,227,258,268,253,219,205,170,143,90,80
0,0,0,0,5,3,1,11,55,81,105,117,148,181,192,246,224,207,189,175,148,107,56,27
5,4,0,4,8,9,9,13,72,100,105,116,139,159,169,184,177,157,143,126,104,51,37,14
0,0,0,10,10,12,28,21,13,63,102,105,120,126,150,152,139,121,107,93,36,18,19,12
0,2,4,2,5,10,7,12,19,44,101,109,102,117,126,133,120,112,95,12,8,13,11,13
0,4,5,5,12,8,14,15,36,53,67,72,81,119,115,117,105,88,49,18,29,50,29,12
0,5,6,4,8,9,8,8,2,55,65,60,66,78,64,63,48,40,39,10,41,34,28,17
6,9,11,10,13,14,11,15,22,43,57,61,64,78,59,57,35,29,11,15,36,44,36,19
0,0,0,8,7,7,12,10,13,65,102,66,65,66,78,57,51,31,32,36,33,26,27,10
8,1,4,1,6,0,11,8,10,53,71,71,64,63,57,51,50,12,15,44,53,46,15,9
7,2,0,2,5,0,0,5,23,54,62,73,67,70,60,56,27,29,13,52,55,51,27,13
0,0,0,0,1,0,0,0,50,61,67,77,64,60,60,38,51,34,14,21,56,52,39,24
5,0,0,0,0,0,0,12,38,60,62,70,64,57,54,53,34,20,34,35,51,30,24,19
7,4,7,0,0,0,3,11,51,57,62,60,59,58,50,27,40,28,25,32,34,54,51,32
0,0,0,0,0,0,6,6,13,54,56,53,55,50,48,52,51,36,13,24,54,60,55,50
0,0,0,0,0,0,0,6,40,53,55,50,47,50,52,48,51,22,23,41,53,59,54,38
0,0,0,0,0,0,7,7,54,56,37,55,52,53,53,48,50,30,55,52,55,54,54,28
0,0,0,0,0,0,0,14,45,56,54,51,43,51,54,46,24,42,43,51,60,55,40,32
3,4,0,0,0,4,11,34,53,55,52,52,30,26,19,20,50,19,12,13,58,52,27,35
4,4,0,5,9,5,10,48,55,53,51,10,43,25,26,6,0,10,13,13,23,39,42,13
1,0,4,8,10,9,13,52,55,53,14,5,11,12,11,3,7,6,10,13,27,24,15,12

11,14,46,53,59,53,54,74,83,64,60,75,75,81,50,18,1,6,0,0,0,0,2,0
9,6,14,54,64,88,109,111,131,115,124,142,119,117,128,110,80,75,10,6,3,0,0,0
11,7,11,11,40,87,105,114,131,154,180,197,180,155,161,161,129,96,61,6,0,0,5,0
8,7,13,14,42,51,53,98,107,136,168,202,206,188,187,170,124,82,51,8,0,0,0,0
0,0,12,50,62,62,11,40,66,88,126,146,174,176,200,190,157,130,69,34,3,0,7,4
13,11,28,63,65,58,51,36,44,59,84,132,174,167,217,223,240,198,118,62,20,26,6,8
9,7,38,61,66,59,32,14,14,58,92,112,150,169,212,257,210,201,131,92,54,14,1,0
10,9,21,65,74,66,36,0,9,67,96,100,112,150,218,241,230,184,153,97,55,12,14,4
5,3,14,58,66,61,11,10,12,68,88,102,126,167,201,223,221,184,146,97,61,11,4,1
0,2,12,51,60,59,11,10,51,63,89,114,144,222,270,273,266,225,151,102,66,14,11,1
3,14,6,50,54,52,34,6,3,38,74,84,133,231,297,320,313,286,181,101,58,13,13,0
0,0,0,17,9,12,0,0,2,6,69,80,105,184,271,317,326,301,189,112,66,13,3,2
0,0,0,0,0,0,0,3,0,46,101,83,116,139,185,232,239,182,165,120,65,44,7,6
0,0,0,0,0,0,2,2,3,66,109,112,119,121,143,184,198,191,185,131,81,77,25,2
0,0,0,0,0,0,4,9,1,22,76,104,120,124,134,153,166,185,177,132,107,69,19,1
6,0,1,0,0,0,0,13,5,53,64,80,113,121,123,141,150,193,188,175,123,83,35,13
3,4,6,5,4,8,12,9,11,12,64,77,110,82,87,116,145,202,203,188,137,125,72,23
7,14,18,13,13,18,23,17,29,36,59,72,65,85,86,145,240,252,227,245,173,140,86,44
2,6,4,7,9,9,7,12,11,12,68,99,76,94,173,252,243,236,239,227,169,130,87,58
1,4,7,3,0,5,8,10,14,14,52,101,108,137,190,269,320,299,273,242,210,170,106,69
4,2,0,6,2,7,11,13,24,41,59,102,120,156,222,277,294,331,314,266,236,162,136,114
0,0,5,6,11,12,12,9,29,46,62,103,143,188,243,333,338,339,294,258,206,158,126,86
0,2,10,12,16,9,8,14,34,44,75,119,150,185,231,272,314,280,234,209,185,157,118,91
0,0,0,1,6,8,14,13,48,101,109,122,156,195,227,258,269,254,219,205,170,143,90,79
0,0,0,0,5,3,1,11,55,80,105,117,147,181,193,246,224,208,189,175,148,107,56,27
5,4,0,4,9,9,9,13,71,96,105,116,139,158,169,185,177,157,143,126,104,52,36,14
0,0,0,10,10,12,28,21,13,65,102,105,120,125,150,153,139,121,107,93,36,19,20,12
0,2,4,2,5,10,7,12,20,44,101,108,102,117,126,133,120,112,95,12,8,13,11,13
0,4,5,5,12,8,14,15,37,53,67,72,81,120,115,117,105,87,49,18,29,50,29,12
0,5,6,4,8,9,8,8,2,55,65,60,66,78,65,63,48,40,39,10,41,35,28,17
6,9,11,10,13,14,11,15,21,42,57,61,64,78,59,57,34,29,11,15,36,44,36,19
0,0,0,8,7,7,12,10,13,64,102,66,65,66,78,57,51,31,32,36,33,26,27,10
8,1,4,1,6,0,11,8,10,53,71,71,65,63,57,52,50,12,15,44,53,46,16,9
7,2,0,3,5,0,0,5,22,54,62,73,67,71,60,56,27,28,13,52,55,51,28,13
0,0,0,0,1,0,0,0,50,61,67,77,64,60,60,38,51,33,14,21,56,52,39,24
5,0,0,0,0,0,0,12,38,60,61,70,64,57,54,53,34,20,34,35,51,30,24,18
7,4,7,0,0,0,3,11,51,57,62,60,59,58,50,26,39,27,25,32,34,54,51,32
0,0,0,0,0,0,6,6,14,54,56,53,55,48,47,52,51,35,13,24,54,60,55,50
0,0,0,0,0,0,0,6,39,53,55,50,47,50,52,50,51,22,23,41,54,59,54,38
0,0,0,0,0,0,6,8,54,56,37,55,52,53,53,50,50,31,55,53,55,54,54,28
0,0,0,0,0,0,0,14,45,56,54,51,43,51,54,46,24,42,43,51,60,55,40,32
3,4,0,0,0,5,11,33,53,55,52,52,33,27,19,21,50,19,12,13,58,53,27,36
4,4,0,5,9,5,10,47,55,53,51,10,44,25,25,6,0,10,13,13,23,39,42,13
1,0,4,8,10,9,13,52,55,53,14,5,11,12,10,4,7,6,10,13,27,25,16,12

11,14,45,53,59,53,54,74,83,64,60,75,74,81,50,18,1,6,0,0,0,0,2,0
9,6,14,54,64,88,109,110,131,115,124,142,120,117,129,110,80,77,10,6,3,0,0,0
11,7,10,11,40,87,105,114,131,154,179,197,180,156,161,161,130,96,61,6,0,0,5,0
8,7,13,14,43,51,53,98,107,136,167,202,206,188,188,170,125,82,51,8,0,0,0,0
0,0,12,50,62,62,11,39,66,88,126,147,173,176,200,190,157,130,69,35,3,0,7,4
13,11,28,64,65,58,51,36,44,58,84,132,174,167,218,223,241,198,118,62,20,26,6,8
9,7,39,60,66,59,31,14,14,58,92,112,151,169,213,257,210,202,130,92,54,14,0,0
10,9,20,65,74,66,34,0,9,67,96,100,112,150,218,240,229,184,153,97,55,12,14,4
5,3,14,58,66,61,11,10,12,68,88,102,127,167,201,222,221,184,145,97,61,11,4,1
0,2,12,51,59,59,10,10,51,63,89,115,144,222,269,272,264,223,150,102,66,13,11,1
3,14,6,48,54,52,31,6,3,38,74,84,133,231,296,320,311,284,180,100,58,13,13,0
0,0,0,15,8,12,0,0,2,6,69,80,105,184,271,316,325,299,188,112,65,13,3,2
0,0,0,0,0,0,0,3,0,45,101,83,116,139,185,232,239,181,165,120,65,43,7,6
0,0,0,0,0,0,2,2,3,67,109,112,119,122,143,185,198,190,186,131,81,77,26,2
0,0,0,0,0,0,4,10,1,24,76,105,121,124,134,154,167,185,177,132,107,69,20,1
6,0,1,0,0,0,0,13,5,53,65,81,113,121,123,142,150,193,188,175,123,84,35,13
3,4,6,5,4,8,12,9,12,12,64,77,110,82,87,116,145,201,202,188,137,125,72,23
7,14,18,13,13,18,23,17,29,36,60,72,66,85,86,145,239,251,227,245,173,139,86,44
2,5,5,7,8,9,7,12,11,12,68,100,77,94,172,252,242,236,239,227,169,130,87,58
1,3,7,3,0,5,8,10,14,14,52,101,108,137,189,270,320,299,273,241,210,170,106,69
4,2,0,6,2,7,11,13,24,41,59,102,120,156,222,278,293,331,315,266,236,162,136,114
0,0,5,7,11,12,12,9,29,47,62,103,143,188,244,333,339,339,294,258,206,158,126,86
0,2,10,12,17,9,8,14,34,44,74,119,150,185,230,273,314,280,234,209,185,157,118,91
0,0,0,1,6,8,14,13,48,101,109,122,157,196,227,258,270,254,219,205,170,143,90,80
0,0,0,0,5,3,1,11,54,80,105,117,147,181,193,246,224,208,189,175,148,107,56,27
5,4,0,4,9,9,9,13,71,100,105,116,138,158,169,185,177,157,143,126,104,51,37,14
0,0,0,10,10,12,28,21,13,63,102,105,120,125,150,152,139,121,107,94,36,19,19,12
0,2,4,2,5,10,7,12,19,44,101,108,102,117,126,133,120,112,95,12,8,13,11,13
0,4,5,5,12,8,14,15,37,53,67,72,81,119,115,117,105,87,48,18,29,50,29,12
0,5,6,4,8,9,9,8,2,55,65,60,66,78,64,63,48,40,39,10,41,35,28,17
5,9,11,10,13,14,11,15,21,42,57,61,64,78,59,57,34,29,11,15,37,44,35,19
0,0,0,8,7,7,12,10,13,64,102,66,65,66,78,57,51,31,32,36,33,26,27,10
8,1,4,1,6,0,11,8,10,53,71,71,64,63,57,52,50,12,15,44,53,46,15,9
7,2,0,3,5,0,0,5,22,54,62,73,67,70,60,56,27,29,13,52,55,51,27,13
0,0,0,0,1,0,0,0,50,61,67,77,64,60,60,38,52,34,14,22,56,52,39,24
5,0,0,0,0,0,0,12,38,59,62,70,64,57,54,53,35,20,33,35,51,30,24,18
7,5,7,0,0,0,3,11,51,57,62,60,59,58,51,26,40,27,25,33,35,54,51,32
0,0,0,0,0,0,6,6,14,54,56,53,55,49,48,52,51,37,13,24,54,60,55,50
0,0,0,0,0,0,0,6,40,53,55,50,47,50,51,50,51,21,23,41,53,59,54,38
0,0,0,0,0,0,6,7,54,56,37,55,52,53,53,48,50,30,55,53,55,54,54,28
0,0,0,0,0,0,0,14,45,56,54,51,41,52,54,45,25,41,43,51,60,55,40,32
3,4,0,0,0,5,11,34,53,55,52,53,31,25,20,20,50,19,12,13,58,53,27,36
4,4,0,5,9,5,10,47,55,53,51,10,43,25,26,6,0,10,13,14,23,39,41,13
1,0,4,8,10,9,13,52,55,53,14,5,11,12,10,4,7,6,10,13,27,25,16,12
51,56,76,99,109,113,120,104,142,132,135,105,61,14,12,9,0,0,0,0,0,0,0,0
13,60,68,81,96,117,116,133,144,159,151,133,108,77,53,5,5,3,0,0,0,0,0,0
11,14,13,43,61,100,106,102,137,164,172,169,144,117,85,7,9,5,8,0,0,4,0,9
4,11,0,10,9,26,50,94,117,148,183,209,206,156,119,81,40,15,11,2,7,5,8,3
0,4,5,5,25,48,91,108,146,174,218,311,266,188,119,81,54,35,10,0,4,1,0,0
0,0,4,14,53,69,90,137,184,313,408,393,335,197,106,67,54,45,10,8,34,7,11,9
3,6,0,12,12,77,114,122,233,298,351,332,284,185,106,76,56,26,0,0,11,14,6,10
2,6,12,14,56,67,92,142,215,266,245,196,192,166,115,77,9,7,0,0,0,8,0,0
0,0,9,12,60,88,117,163,220,221,224,203,173,129,103,72,42,11,0,0,0,0,0,0
6,0,0,20,14,69,123,192,262,287,277,247,194,135,92,79,53,0,0,0,0,0,0,0
0,3,6,14,52,78,116,168,243,305,340,304,221,154,103,77,70,8,7,2,0,2,0,3
0,0,12,10,53,68,88,150,204,275,316,248,225,170,133,107,79,39,0,0,0,0,0,0
1,21,36,53,59,69,76,128,163,194,232,240,236,187,140,116,89,47,0,0,3,2,0,0
4,93,102,78,100,108,105,118,133,153,174,191,184,184,149,127,111,77,1,0,7,8,2,3
14,91,117,92,79,102,106,116,125,139,147,167,182,164,133,122,115,61,2,5,7,0,0,0
6,12,46,51,66,70,108,100,111,124,145,165,164,174,145,135,114,57,11,11,0,0,0,3
5,10,0,8,13,58,73,74,76,81,99,172,266,223,153,127,121,99,30,9,8,10,9,6
9,11,8,10,10,25,49,65,82,96,173,288,347,247,193,146,105,56,45,30,12,13,10,3
6,7,14,10,5,16,24,70,103,101,137,230,252,239,204,149,134,112,79,48,13,7,4,3
6,8,8,2,9,9,10,103,125,152,213,246,274,278,237,186,149,92,91,53,26,14,6,3
6,3,3,12,15,19,61,109,145,186,216,280,315,344,230,165,145,112,54,28,15,8,6,6
6,9,14,23,18,16,60,120,180,239,246,303,326,352,256,180,137,104,60,44,13,8,4,6
0,0,0,10,30,29,101,141,197,225,236,245,266,292,214,156,124,90,31,27,17,13,10,8
0,0,9,11,48,65,114,156,198,215,230,218,255,199,175,131,112,100,30,6,2,0,0,5
8,0,9,14,27,78,111,154,197,194,213,204,211,172,137,111,100,33,11,6,0,0,1,9
6,8,4,45,98,77,122,149,173,187,183,209,154,138,117,101,87,36,12,13,8,4,2,9
7,13,35,76,60,75,110,134,151,166,149,148,124,115,108,89,40,14,14,13,11,7,0,0
13,35,66,60,53,83,111,126,139,144,134,133,126,106,78,43,32,3,4,3,4,11,10,0
12,51,65,56,48,45,102,118,124,135,141,105,85,77,57,54,13,35,23,12,12,5,4,2
17,46,53,67,53,40,59,78,104,114,106,75,61,57,61,52,11,2,9,12,12,12,11,5
9,20,50,53,66,61,62,110,139,135,118,88,60,52,51,36,27,14,9,14,12,12,10,7
8,14,21,29,37,43,56,118,131,141,125,90,75,100,58,50,14,9,0,6,7,0,0,0
3,11,24,52,57,43,46,65,89,102,103,90,69,75,64,51,7,10,0,5,0,3,0,7
10,13,35,54,60,58,52,39,66,78,94,93,83,71,70,56,16,9,8,10,0,0,0,8
10,13,21,62,56,62,54,55,44,57,63,73,79,74,70,61,40,14,14,4,8,0,0,2
0,12,14,52,60,58,50,36,53,50,51,66,72,64,59,54,19,10,10,6,0,0,0,5
6,7,11,18,40,56,52,50,25,39,52,54,55,59,56,53,19,12,6,0,7,1,1,1
0,1,7,11,28,51,51,51,43,36,37,50,51,52,51,32,11,7,1,0,0,0,2,3
6,8,8,38,55,39,52,51,41,12,26,32,39,52,39,34,9,0,0,0,0,0,0,0
5,6,10,51,67,74,44,51,25,14,17,14,48,20,38,51,12,5,0,0,0,0,0,0
8,5,4,68,76,59,58,35,32,12,14,11,11,25,29,27,13,0,0,0,1,0,0,0
11,10,14,65,69,83,61,56,22,11,11,9,14,11,35,13,14,8,10,2,0,0,2,4
7,13,27,28,59,63,65,50,9,14,6,0,9,12,14,8,10,6,6,5,0,5,10,9
12,22,23,43,22,18,13,6,8,1,10,12,2,7,9,12,13,10,4,7,6,7,2,6

51,56,76,100,109,113,120,104,143,132,135,105,61,14,12,9,0,0,0,0,0,0,0,0
13,60,68,81,95,117,116,133,144,160,151,133,108,77,53,5,5,3,0,0,0,0,0,0
11,14,13,43,61,100,106,102,137,164,172,169,144,117,85,7,9,5,8,0,0,4,0,9
4,11,0,10,9,26,51,94,117,149,183,210,206,156,119,81,40,14,11,2,7,5,8,3
0,4,5,5,25,48,91,108,146,174,218,313,265,188,119,81,54,35,10,0,4,1,0,0
0,0,4,14,53,70,90,137,184,312,408,394,335,197,106,67,54,45,10,8,34,7,11,9
3,6,0,12,12,77,114,122,232,298,351,331,285,185,106,76,56,26,0,0,11,14,6,10
2,6,12,14,57,67,92,143,216,266,245,196,192,166,115,77,9,7,0,0,0,8,0,0
0,0,10,13,60,88,118,164,220,222,225,204,173,129,103,72,41,11,0,0,0,0,0,0
6,0,0,20,14,69,123,193,263,287,277,247,194,135,91,79,53,0,0,0,0,0,0,0
0,3,6,14,52,78,116,168,244,306,339,305,221,153,103,77,70,8,7,2,0,2,0,3
0,0,12,10,54,68,87,150,204,276,317,248,224,170,132,107,79,39,0,0,0,0,0,0
1,21,36,53,59,70,76,128,163,194,232,240,236,187,140,116,89,47,0,0,3,2,0,0
4,94,102,78,100,108,105,118,133,153,175,192,184,184,149,127,111,77,1,0,7,8,2,3
14,91,117,92,79,102,106,116,125,138,147,167,182,164,133,122,115,61,2,5,6,0,0,0
6,12,46,51,65,70,108,100,111,124,145,164,164,174,145,135,113,57,10,11,0,0,0,3
5,10,0,8,13,58,73,74,76,81,99,172,267,223,153,127,121,99,29,9,8,10,9,6
9,11,8,10,10,25,49,66,82,96,174,287,348,248,193,145,104,56,45,30,12,13,10,3
6,7,14,10,5,17,25,69,103,101,137,230,252,239,204,148,134,112,78,47,13,7,4,3
6,8,8,2,9,9,10,103,126,152,213,246,274,278,237,186,149,92,90,53,25,14,6,3
6,3,4,12,15,19,62,109,145,186,215,279,315,343,230,164,144,112,54,28,15,8,6,6
6,9,14,22,18,16,60,120,180,239,246,304,326,351,256,179,137,104,60,44,12,9,4,6
0,0,0,10,31,30,101,141,198,225,236,246,266,292,215,156,124,90,31,27,18,13,10,8
0,0,9,11,48,65,114,156,198,214,229,218,255,199,175,131,112,100,30,6,2,1,0,5
8,0,9,14,27,79,111,154,197,194,212,204,210,172,137,111,100,33,11,6,0,0,1,9
6,8,5,46,100,78,123,149,173,187,182,208,154,138,117,101,87,34,12,13,8,4,2,9
7,13,36,77,60,76,111,134,151,166,149,148,124,115,108,89,40,14,14,13,11,7,0,0
13,36,67,60,53,82,112,126,139,144,133,132,126,106,78,43,32,3,4,3,4,10,10,0
12,51,65,57,48,45,102,118,124,135,140,105,85,77,57,54,13,35,23,12,12,5,4,3
17,47,53,68,53,40,58,78,104,113,106,75,61,57,61,52,11,2,10,12,12,12,11,5
9,20,50,53,67,61,62,109,138,135,118,87,60,52,51,36,27,14,9,14,12,12,10,7
8,14,21,29,37,42,56,118,130,141,125,90,75,100,59,50,14,9,0,6,7,0,0,0
3,11,25,52,57,43,46,65,88,101,103,89,69,75,65,51,7,10,0,5,0,2,0,7
10,13,36,54,60,58,52,39,66,78,94,93,83,71,70,56,15,10,8,10,0,0,0,8
10,13,21,62,56,62,54,55,44,57,63,73,79,74,70,61,40,14,14,4,8,0,0,2
0,12,14,52,60,58,50,36,53,50,52,66,72,64,59,54,19,10,10,6,0,0,0,5
6,8,11,18,40,56,52,50,25,39,52,54,55,59,56,53,19,12,6,0,7,1,1,2
0,2,7,11,28,51,51,51,42,36,36,50,51,52,51,32,11,7,1,0,0,0,2,3
6,8,8,37,55,39,52,51,40,12,25,32,39,52,39,35,9,0,0,0,0,0,0,0
5,6,10,51,67,74,43,51,23,14,19,14,47,19,39,51,12,5,0,0,0,0,0,0
8,5,4,68,76,59,58,35,31,12,14,12,11,26,30,27,13,0,0,0,1,0,0,0
11,11,14,65,70,83,61,56,22,11,11,9,14,11,37,13,14,8,10,2,0,0,2,4
7,13,27,28,59,63,65,51,9,14,6,0,9,12,14,8,10,6,6,5,0,5,10,9
12,22,23,43,22,18,13,6,8,1,10,12,2,7,9,12,13,10,4,7,6,7,2,6

51,56,76,100,109,113,120,104,143,132,135,106,61,14,12,9,0,0,0,0,0,0,0,0
13,60,67,81,95,117,116,133,144,160,151,133,108,77,53,5,5,4,0,0,0,0,0,0
11,14,13,43,61,100,106,102,137,165,173,170,144,117,85,7,9,5,8,0,0,4,0,9
4,11,0,10,9,26,51,94,117,148,183,210,206,156,119,81,40,14,11,2,7,5,8,3
0,4,5,5,25,48,91,108,146,174,218,311,266,188,119,81,54,34,10,0,4,1,0,0
0,0,4,14,53,69,90,136,184,312,407,394,335,197,106,67,54,45,10,8,34,8,11,9
3,6,0,12,12,77,114,122,232,297,351,331,285,185,106,76,56,26,0,0,11,14,6,10
2,6,12,14,57,68,92,142,215,266,245,195,191,166,115,76,9,7,0,0,0,8,0,0
0,0,9,12,60,88,118,163,220,222,223,203,173,128,103,72,41,11,0,0,0,0,0,0
6,0,0,21,14,69,123,194,264,288,277,246,194,135,91,79,53,0,0,0,0,0,0,0
0,3,6,14,52,78,116,170,245,306,340,305,221,153,103,77,70,8,6,2,0,2,0,3
0,0,12,10,54,69,88,151,204,277,316,248,225,170,132,107,79,39,0,0,0,0,0,0
1,21,36,53,59,70,76,128,163,194,232,240,236,187,140,116,89,47,0,0,3,2,0,0
5,94,102,78,100,108,106,119,134,153,175,192,184,184,149,127,111,77,1,0,7,8,2,3
14,92,117,92,79,102,106,116,125,139,147,167,182,164,133,122,115,61,2,5,6,0,0,0
5,12,46,51,65,70,108,101,111,124,145,165,164,173,145,135,113,57,10,11,0,0,0,3
5,10,0,8,13,58,73,74,76,81,99,171,265,223,153,127,121,98,29,9,8,10,9,6
9,11,8,10,10,25,49,65,81,96,174,286,347,248,194,145,104,56,45,30,12,13,10,3
6,7,14,10,5,17,26,70,103,101,137,230,252,239,204,148,134,112,79,47,13,7,4,3
6,8,8,2,9,9,10,103,126,152,213,247,274,278,237,186,149,92,90,53,25,13,6,3
6,3,4,12,15,19,62,109,146,186,216,279,315,343,230,165,144,112,53,28,15,8,6,6
6,9,14,22,18,16,60,120,180,239,246,303,326,351,256,180,137,104,60,44,12,8,4,6
0,0,0,10,31,29,101,141,198,225,236,246,266,292,215,156,124,90,31,27,17,13,10,8
0,0,10,11,47,65,114,156,198,215,229,218,255,199,175,131,112,100,30,6,2,0,0,5
8,1,9,14,27,78,112,154,198,194,212,204,210,172,137,111,100,33,11,6,0,0,1,9
6,8,5,46,100,78,122,149,174,187,182,209,154,138,117,101,87,36,12,13,8,4,2,9
7,14,36,78,60,77,111,134,151,166,149,148,124,116,108,89,40,14,14,13,11,7,0,0
13,37,67,60,53,83,112,126,139,144,133,132,126,106,78,44,32,3,4,3,4,10,10,0
12,51,65,57,48,45,102,118,124,134,141,105,85,77,57,54,13,34,23,12,12,5,4,3
17,46,53,68,53,40,58,78,104,113,106,75,61,57,61,52,11,2,9,12,12,12,11,5
9,21,50,53,66,62,62,109,138,135,118,87,60,52,51,36,27,14,9,14,12,12,10,7
8,14,21,29,37,42,56,118,130,141,125,90,76,100,59,50,14,9,0,6,7,0,0,0
3,11,25,52,57,43,46,65,88,101,103,89,69,75,65,51,8,10,0,5,0,2,0,7
10,13,35,54,60,58,52,39,65,78,94,93,83,71,70,56,16,9,8,10,0,0,0,8
10,13,21,62,56,62,54,55,44,57,63,73,80,74,70,61,41,15,14,4,8,0,0,2
0,12,14,52,60,58,50,36,53,50,51,66,72,64,59,54,20,10,10,6,0,0,0,5
6,8,11,18,40,56,52,50,25,39,52,54,55,59,56,53,20,12,7,0,7,1,1,2
0,2,7,11,28,52,51,51,45,36,37,50,51,52,51,33,11,7,1,0,0,0,2,3
6,8,8,38,55,39,52,51,40,12,26,32,38,52,40,35,9,0,0,0,0,0,0,0
6,6,10,51,67,74,43,51,24,14,19,14,47,19,39,51,12,5,0,0,0,0,0,0
8,5,5,68,76,59,58,35,32,12,14,11,11,26,31,28,13,0,0,0,1,0,0,0
11,11,14,65,70,83,61,56,23,11,11,9,14,11,36,13,14,8,10,2,0,0,2,4
7,13,27,28,59,63,65,51,9,14,6,0,9,12,14,8,10,6,7,5,0,5,10,9
12,23,24,44,22,18,13,6,8,1,10,12,2,7,9,12,13,10,4,7,6,7,2,6

51,56,76,100,109,113,120,105,143,133,136,106,61,14,12,9,0,0,0,0,0,0,0,0
13,60,68,81,95,117,116,133,144,161,153,134,108,77,53,5,5,4,0,0,0,0,0,0
11,14,13,43,61,100,106,102,137,165,173,170,144,117,85,7,9,5,8,0,0,4,0,9
4,12,0,10,9,25,51,94,117,148,183,210,206,156,119,81,40,14,11,2,7,5,8,3
0,4,5,5,25,48,92,108,146,174,218,310,264,187,119,81,55,35,10,0,4,1,0,0
0,0,4,14,53,70,90,137,184,312,406,391,334,197,106,67,54,45,10,8,34,8,11,9
3,6,0,12,12,77,113,122,232,296,350,330,283,185,106,76,56,26,0,0,11,14,6,10
2,6,12,14,57,67,92,142,216,265,245,195,190,166,114,76,9,7,0,0,0,8,0,0
0,0,10,12,61,88,118,164,221,223,223,201,172,128,103,72,39,11,0,0,0,0,0,0
6,0,0,20,14,70,124,196,267,289,277,246,193,134,91,78,52,0,0,0,0,0,0,0
0,3,6,14,52,79,117,172,248,307,342,305,220,152,103,76,70,8,7,3,0,2,0,3
0,0,12,10,54,69,89,154,208,277,317,249,225,170,132,107,79,39,0,0,0,0,0,0
1,22,36,53,59,70,77,130,166,195,232,240,237,188,140,116,89,47,0,0,3,2,0,0
5,97,101,78,100,108,106,120,135,155,176,192,185,185,149,127,111,78,1,0,7,8,1,3
14,96,116,92,79,102,107,117,126,140,148,169,182,165,133,122,115,61,2,6,6,0,0,0
5,12,46,51,66,70,109,101,111,125,146,165,164,173,145,135,113,57,10,11,0,0,0,3
5,11,0,8,13,59,73,74,77,81,99,170,261,222,153,127,120,97,29,9,8,10,9,6
9,11,8,10,10,26,50,65,81,96,172,282,343,247,193,145,104,56,45,30,12,13,10,3
6,7,14,10,5,17,25,70,103,101,137,229,250,238,204,149,133,111,79,47,13,7,4,3
6,8,9,2,9,9,10,103,126,153,213,245,273,277,237,186,149,92,91,53,25,13,5,3
6,3,4,12,15,19,62,109,145,186,215,278,313,342,230,165,145,112,53,28,15,8,6,5
6,9,14,23,18,16,60,120,180,239,246,303,324,350,256,180,137,104,60,44,12,8,4,6
0,0,0,10,31,29,101,141,197,225,235,245,265,291,215,156,124,90,31,27,17,13,10,8
0,0,10,11,47,65,114,156,198,215,229,218,254,199,175,131,112,100,31,6,2,0,0,5
8,0,9,14,27,78,111,154,198,194,213,204,210,172,137,112,100,34,11,6,0,0,1,9
6,9,5,47,100,77,123,149,174,187,182,208,154,138,117,101,89,34,12,13,8,4,2,9
7,14,36,78,61,77,111,135,151,166,148,148,124,115,108,90,40,14,14,13,11,7,0,0
13,38,66,60,53,84,112,126,139,143,133,132,126,106,78,44,32,3,4,3,4,10,9,0
12,51,65,57,49,45,102,117,123,134,140,105,85,77,57,54,13,35,23,12,12,5,4,2
17,48,53,68,53,40,58,78,103,112,106,75,61,58,61,52,11,1,9,12,12,12,11,5
9,20,50,53,67,62,62,108,135,134,117,87,60,52,51,37,27,14,9,14,12,12,10,7
8,14,22,30,37,42,56,117,128,140,125,90,75,100,59,50,14,9,0,6,7,0,0,0
3,11,25,52,57,43,46,65,88,101,103,89,69,75,65,51,8,10,0,5,0,2,0,7
10,13,37,54,60,58,52,39,65,78,94,94,84,72,70,56,15,9,8,9,0,0,0,8
10,13,22,62,56,62,54,55,44,57,63,73,80,75,71,61,41,14,14,4,8,0,0,2
0,12,14,52,60,58,50,36,53,50,52,67,72,64,60,54,21,10,10,6,0,0,0,5
6,8,11,18,40,56,52,50,25,39,52,54,56,59,56,53,21,13,7,0,7,1,1,1
0,2,7,11,28,51,51,51,43,37,37,50,51,52,51,34,11,7,1,0,0,0,2,3
7,8,8,37,55,39,51,51,42,13,27,33,39,52,44,38,9,0,0,0,0,0,0,0
6,7,10,51,67,74,43,51,26,17,20,14,48,20,41,52,13,6,1,0,0,0,0,0
8,5,4,68,76,59,58,35,32,12,14,11,11,27,32,29,13,0,0,0,1,0,0,0
11,11,14,65,69,83,61,56,22,11,11,9,14,11,37,13,14,9,10,2,0,0,2,4
7,13,27,28,59,63,65,50,9,14,6,0,9,12,14,9,11,6,6,5,0,5,10,9
12,22,23,43,22,18,13,6,8,1,10,12,2,7,9,12,13,10,4,7,6,7,2,6

51,56,76,100,109,113,120,104,143,133,136,106,61,14,12,9,0,0,0,0,0,0,0,0
13,60,67,81,95,117,116,133,144,161,153,134,109,77,53,5,5,4,0,0,0,0,0,0
11,14,13,42,61,100,106,102,137,165,173,170,144,117,85,6,9,5,8,0,0,5,0,9
4,11,0,10,9,25,51,94,117,148,182,209,206,155,119,81,38,15,11,2,7,5,8,3
0,4,5,5,25,48,92,108,146,174,216,308,263,187,119,81,54,35,10,0,4,1,0,0
0,0,4,14,54,70,90,137,184,310,404,389,332,196,106,67,54,45,10,8,34,7,11,9
3,6,0,12,12,77,113,122,232,294,348,327,282,184,106,75,56,25,0,0,11,14,6,10
2,6,12,14,57,67,92,143,216,265,243,194,190,165,114,75,9,7,0,0,0,8,0,0
0,0,10,12,60,88,118,164,222,222,223,201,171,128,102,71,38,11,0,0,0,0,0,0
6,0,0,20,14,70,124,197,268,289,278,246,192,133,91,78,52,0,0,0,0,0,0,0
0,3,6,14,52,79,118,173,248,309,342,305,220,152,102,76,69,7,7,3,0,2,0,3
0,0,12,10,55,70,91,155,209,279,316,248,224,170,132,107,79,39,0,0,0,0,0,0
1,22,36,52,60,71,78,131,167,196,232,239,237,188,140,116,89,48,0,0,3,2,0,0
5,98,102,78,100,108,107,120,135,156,177,193,186,185,149,127,111,78,1,0,7,8,1,3
14,98,118,92,79,103,107,118,127,141,148,170,183,165,133,122,115,62,2,6,7,0,0,0
5,12,46,51,66,71,109,102,112,126,146,165,164,173,145,135,113,57,10,11,0,0,0,3
5,11,0,8,13,60,73,74,77,81,99,169,259,221,152,127,120,96,28,8,8,10,9,6
9,11,8,10,10,26,50,65,81,96,171,280,341,245,193,145,103,56,45,30,12,13,10,3
6,7,14,10,5,18,26,70,103,100,136,229,250,238,204,149,133,111,79,47,13,7,4,3
6,8,8,2,9,9,10,103,126,152,212,246,272,276,237,186,149,92,90,53,25,13,5,3
6,3,4,12,15,19,61,109,146,186,215,279,313,341,229,165,145,112,54,28,15,8,6,5
6,9,14,23,18,16,60,120,180,239,246,302,324,350,256,180,137,104,60,44,12,8,4,6
0,0,0,10,31,29,101,141,197,225,236,245,265,292,215,156,124,90,31,27,17,13,10,8
0,0,10,11,47,65,114,156,198,215,229,218,255,199,176,131,112,100,30,6,2,0,0,5
8,0,9,14,26,78,112,154,198,194,212,203,210,172,137,111,100,34,11,6,0,0,1,9
6,9,5,46,100,78,123,149,173,187,182,208,154,138,117,101,89,34,12,13,8,4,2,9
7,14,37,78,60,76,111,134,151,166,148,148,124,115,108,90,41,14,14,13,11,7,0,0
13,40,67,61,54,83,112,126,139,144,133,132,126,106,79,44,32,3,4,3,4,10,10,0
12,52,65,57,49,45,102,118,123,134,140,105,85,78,57,55,13,36,23,12,12,5,4,2
18,48,53,68,53,40,58,78,103,112,105,75,61,57,61,52,11,1,9,12,12,12,11,5
9,21,50,53,67,62,62,108,135,133,117,87,60,52,51,37,27,14,9,14,12,12,10,7
8,14,22,30,37,42,56,117,128,140,124,90,75,100,59,50,14,9,0,6,7,0,0,0
3,11,26,52,58,43,46,65,88,101,103,90,69,75,65,51,8,10,0,5,0,2,0,7
10,13,37,54,60,58,52,39,66,78,94,94,84,72,70,56,17,9,8,10,0,0,0,8
10,13,22,62,56,62,54,55,44,57,63,73,80,75,70,61,42,15,14,4,8,0,0,2
0,12,14,52,60,58,50,37,53,50,52,66,72,64,59,54,21,10,10,6,0,0,0,5
6,8,12,18,41,56,52,50,25,39,52,54,55,59,56,53,21,13,7,0,7,1,1,2
0,2,7,12,28,51,51,51,43,37,37,50,51,52,52,34,11,7,1,0,0,0,2,3
7,8,8,39,55,39,51,51,42,13,28,32,39,52,43,38,9,0,0,0,0,0,0,0
6,7,10,51,67,74,43,51,26,15,22,14,48,20,40,51,13,6,1,0,0,0,0,0
8,5,5,68,76,59,58,36,32,13,14,12,11,27,33,29,13,0,0,0,1,0,0,0
11,11,14,65,69,83,61,56,23,11,11,9,14,11,39,13,14,9,10,2,0,0,2,4
7,13,27,28,59,63,65,51,9,14,6,0,9,12,14,9,11,6,6,5,0,5,10,9
12,24,23,44,22,18,13,6,8,1,10,12,2,7,9,12,13,10,4,7,6,7,2,6

51,56,76,100,109,113,120,105,143,133,136,106,61,14,12,9,0,0,0,0,0,0,0,0
13,60,67,81,95,117,116,133,144,161,153,134,108,77,53,5,5,4,0,0,0,0,0,0
11,14,13,44,61,100,106,102,137,165,173,170,144,117,85,6,9,5,8,0,0,5,0,9
4,11,0,10,9,25,51,94,117,148,183,209,205,155,119,81,38,15,11,2,7,5,8,3
0,4,5,5,26,48,92,108,146,174,215,308,262,186,118,80,54,34,10,0,4,1,0,0
0,0,4,14,53,70,91,137,184,310,402,388,331,195,105,67,54,45,10,8,34,7,11,9
3,6,0,12,12,77,114,123,233,295,346,328,281,184,106,75,56,25,0,0,11,14,6,10
2,6,12,14,57,68,93,143,216,265,243,194,190,165,114,75,8,7,0,0,0,8,0,0
0,0,10,12,61,89,118,165,222,222,223,201,171,128,102,71,37,11,0,0,0,0,0,0
6,0,0,20,14,70,124,197,268,288,278,246,192,133,90,78,52,0,0,0,0,0,0,0
0,3,6,14,52,80,119,173,248,307,342,306,220,152,103,76,69,8,6,3,0,2,0,3
0,0,12,10,55,71,91,155,208,277,315,247,224,170,133,107,79,39,0,0,0,0,0,0
1,22,36,50,60,71,78,131,167,196,232,239,236,188,140,116,89,48,0,0,3,2,0,0
5,99,102,76,100,109,107,121,136,156,177,193,186,185,149,127,111,78,1,0,7,8,1,3
14,100,119,93,80,103,108,118,127,141,148,169,183,165,133,122,115,61,2,6,6,0,0,0
5,13,48,51,67,72,109,102,113,126,147,166,164,173,145,135,113,57,10,11,0,0,0,3
5,11,0,9,13,61,74,75,77,81,99,170,260,221,152,126,120,96,29,8,8,10,9,6
9,11,9,10,10,27,50,65,81,96,171,280,342,246,193,145,103,55,45,30,12,13,10,3
6,7,14,10,5,18,27,70,103,101,137,229,250,238,204,149,133,111,78,47,13,7,4,3
6,8,8,3,9,9,10,103,126,153,213,246,272,276,237,186,149,92,90,53,25,13,5,3
6,3,4,12,15,19,61,109,146,186,216,279,313,341,229,165,145,112,53,28,15,8,6,5
6,9,14,23,18,16,60,120,180,239,246,304,325,350,255,180,137,104,60,44,12,8,4,6
0,0,0,10,30,29,101,141,197,225,235,245,265,291,215,156,124,90,31,27,17,13,10,8
0,0,10,11,46,65,114,156,198,215,229,217,254,199,175,131,112,100,30,6,2,0,0,5
8,0,9,14,26,78,112,154,198,193,213,204,210,172,137,111,100,34,11,6,0,0,1,9
6,8,5,46,100,78,123,150,174,187,182,208,154,138,118,101,89,34,12,13,8,4,2,9
7,14,38,78,60,76,111,134,151,166,148,148,124,115,108,89,40,14,14,13,11,7,0,0
13,41,67,60,54,84,112,126,139,144,133,132,126,106,78,44,32,3,4,3,4,11,9,0
12,52,65,57,50,45,102,118,123,134,140,105,85,78,57,54,13,34,22,12,12,5,4,2
18,48,53,69,53,40,58,78,103,111,105,75,61,58,61,52,11,1,9,12,12,12,11,5
9,22,50,53,67,62,62,108,135,133,117,87,60,52,51,37,27,14,9,14,12,12,10,7
8,14,22,30,37,42,56,117,128,139,124,90,75,100,59,50,14,9,0,6,7,0,0,0
3,11,26,52,58,44,46,65,88,101,103,90,69,75,65,51,8,10,0,5,0,2,0,7
10,13,37,54,60,58,52,39,65,78,94,94,84,72,70,56,16,9,8,9,0,0,0,8
10,13,22,62,56,62,54,55,44,57,63,73,80,75,71,61,42,15,14,4,8,0,0,2
0,12,14,52,60,58,50,36,53,50,52,66,72,64,60,54,21,10,10,6,0,0,0,5
7,8,12,18,41,56,52,50,25,39,52,54,55,59,56,53,21,13,7,0,7,1,1,1
0,2,7,12,28,51,51,51,43,37,37,50,51,53,52,33,11,7,1,0,0,0,2,3
7,8,8,38,55,39,51,51,42,13,28,32,38,52,44,38,9,0,0,0,0,0,0,0
6,7,10,51,67,74,43,51,25,15,22,14,48,20,40,51,13,6,1,0,0,0,0,0
8,5,5,68,76,59,58,35,32,13,14,12,11,26,32,29,13,0,0,0,1,0,0,0
11,11,14,65,69,83,61,56,24,11,11,9,14,12,38,14,14,9,11,2,0,0,2,4
7,13,27,28,59,63,65,50,9,14,6,0,9,12,14,9,11,6,7,5,0,5,10,9
12,22,24,44,22,18,13,6,8,1,10,13,2,7,9,12,13,10,4,7,6,7,2,6

51,56,76,100,109,113,120,105,143,133,136,107,61,14,12,9,0,0,0,0,0,0,0,0
13,60,67,81,95,117,116,133,144,161,153,134,108,77,53,5,5,4,0,0,0,0,0,0
11,14,13,42,61,100,106,102,137,164,173,170,144,116,85,6,8,5,8,0,0,5,0,9
4,12,0,10,9,26,51,94,117,148,183,210,205,155,119,81,38,15,11,2,7,6,8,3
0,4,5,5,25,48,92,108,146,173,216,308,262,186,118,81,54,34,10,0,4,1,0,0
0,0,4,14,54,70,91,137,185,310,403,389,331,195,105,67,54,45,10,8,34,8,11,9
3,6,0,12,12,77,114,123,234,295,347,328,282,185,106,75,56,26,0,0,11,14,6,10
2,6,12,14,57,68,93,144,216,265,244,195,190,166,114,76,9,7,0,0,0,8,0,0
0,0,10,12,61,89,119,165,221,222,223,201,172,128,103,72,39,11,0,0,0,0,0,0
6,0,0,20,14,70,125,196,265,288,277,246,194,134,91,78,53,0,0,0,0,0,0,0
0,3,6,14,52,79,118,172,246,306,341,306,221,153,103,76,70,8,7,3,0,2,0,3
0,0,13,10,55,70,90,153,206,276,314,247,224,170,133,107,79,39,0,0,0,0,0,0
1,22,36,50,60,71,78,130,165,195,231,239,235,188,140,116,89,47,0,0,3,2,0,0
5,100,102,76,100,109,107,120,135,155,176,192,185,184,149,127,111,78,1,0,7,8,2,3
14,101,118,93,81,103,108,118,126,140,148,169,182,164,133,121,115,61,2,5,7,0,0,0
5,12,47,51,67,71,109,102,112,126,146,165,164,173,145,134,113,57,10,11,0,0,0,3
5,11,0,9,13,61,74,75,77,81,99,171,263,222,152,126,120,96,29,8,8,10,9,6
9,11,9,10,10,27,50,66,82,96,172,283,344,247,193,145,103,56,45,30,12,13,10,3
6,8,14,10,5,19,28,70,104,101,137,230,251,238,204,148,133,111,79,45,13,7,4,3
6,8,8,3,9,10,10,103,126,153,214,246,273,276,236,186,149,92,90,53,25,13,5,3
6,3,4,12,15,20,62,109,146,186,216,279,314,341,229,164,144,111,53,28,15,8,6,5
6,9,14,23,18,16,60,120,181,239,246,304,325,350,255,180,137,104,60,44,12,8,4,6
0,0,0,10,31,30,101,141,197,225,235,245,265,291,215,156,124,90,31,27,17,13,10,8
0,0,10,11,46,65,114,156,199,215,229,218,255,199,175,131,112,100,30,6,2,0,0,5
8,1,9,14,27,77,112,154,198,194,212,204,210,172,137,111,100,34,11,6,0,0,1,9
6,8,5,47,100,79,123,150,174,187,182,208,154,138,117,101,87,34,12,13,8,4,2,9
7,14,38,79,61,76,111,135,151,166,149,148,124,115,108,90,40,14,14,13,11,7,0,0
13,43,68,61,54,84,112,126,139,144,133,132,126,106,78,44,32,3,4,3,4,10,10,0
12,52,66,57,50,45,102,118,123,134,140,105,85,77,57,54,13,34,24,12,12,5,4,2
18,49,53,69,53,40,58,78,103,112,105,75,61,57,61,53,11,1,9,12,12,12,11,5
9,22,50,53,67,62,62,108,135,134,117,87,60,52,51,37,27,14,9,14,12,12,10,7
8,14,22,30,37,42,56,117,128,140,124,90,75,100,59,50,14,9,0,6,7,0,0,0
3,11,26,52,58,44,46,65,88,101,103,89,69,75,65,51,8,10,0,5,0,2,0,7
10,13,37,54,60,58,52,39,66,78,94,94,84,72,70,56,16,9,8,9,0,0,0,8
10,13,22,63,56,62,54,55,45,57,63,73,80,75,71,61,42,15,14,4,8,0,0,2
0,12,14,52,60,58,50,37,53,50,52,66,72,64,59,54,21,10,10,6,0,0,0,5
7,8,12,18,42,56,53,50,25,40,52,54,55,60,56,53,22,13,7,0,7,1,1,2
0,2,7,12,28,51,51,51,43,37,37,50,51,52,51,34,11,7,1,0,0,0,2,3
7,8,8,39,55,39,51,51,41,13,27,32,39,52,44,38,9,0,0,0,0,0,0,0
6,7,10,51,67,74,43,51,26,14,21,14,48,20,40,51,13,6,1,0,0,0,0,0
8,5,5,68,76,59,58,35,32,12,14,12,11,27,32,28,13,0,0,0,1,0,0,0
11,11,14,65,69,83,61,56,23,11,11,9,14,11,37,13,14,9,10,2,0,0,2,4
7,13,27,28,59,63,65,50,9,14,6,0,9,12,14,8,10,6,7,5,0,5,10,9
12,22,23,44,22,18,13,6,8,1,10,12,2,7,9,12,13,10,4,7,6,7,2,6

51,56,76,100,109,113,120,105,143,133,136,106,61,15,12,9,0,0,0,0,0,0,0,0
13,60,67,81,95,117,116,133,144,161,153,134,108,77,53,5,5,4,0,0,0,0,0,0
11,14,13,43,61,100,106,102,137,165,173,169,144,117,85,6,8,5,8,0,0,5,0,9
4,11,0,10,9,26,51,94,117,148,183,209,205,155,119,81,39,15,11,2,7,6,8,3
0,4,5,5,25,48,92,108,146,174,216,309,263,186,118,81,54,34,10,0,4,1,0,0
0,0,4,14,53,70,91,137,185,311,404,391,332,195,105,67,54,45,10,8,34,8,11,9
3,6,0,12,12,77,114,123,234,297,349,329,283,185,106,76,56,26,0,0,11,14,6,10
2,6,12,14,57,68,93,144,217,265,245,195,191,166,115,76,9,7,0,0,0,8,0,0
0,0,10,13,61,89,119,165,221,222,223,203,173,128,103,72,40,11,0,0,0,0,0,0
6,0,0,20,14,70,124,195,264,288,278,247,194,135,91,78,53,0,0,0,0,0,0,0
0,3,6,14,52,79,117,170,245,306,340,306,221,153,103,76,70,8,6,3,0,2,0,3
0,0,13,11,55,70,89,152,205,275,316,248,225,170,132,107,79,39,0,0,0,0,0,0
1,22,36,50,60,71,77,130,164,194,231,239,235,187,140,116,89,47,0,0,3,2,0,0
5,99,102,77,101,108,106,120,135,154,175,191,184,184,149,126,111,77,1,0,7,8,2,3
14,100,118,94,81,102,107,117,126,140,147,168,182,164,133,121,114,61,2,5,6,0,0,0
5,12,47,51,67,71,109,102,112,125,146,165,164,173,145,134,113,57,10,11,0,0,0,3
5,11,0,9,13,61,74,75,77,81,99,171,266,223,152,126,120,97,29,9,8,10,9,6
9,11,9,10,10,27,50,66,82,97,173,286,347,248,193,144,103,56,45,29,12,13,10,3
6,7,14,10,5,19,28,70,104,101,137,230,252,239,204,148,133,111,78,47,13,7,4,3
6,9,8,3,9,10,10,103,126,153,214,247,274,277,236,185,148,91,90,53,26,13,5,3
6,3,4,12,15,20,62,109,146,187,216,280,315,342,228,164,144,111,53,28,15,8,6,5
6,9,14,23,18,17,61,120,181,240,246,303,325,351,255,179,136,104,59,44,12,8,4,6
0,0,0,10,31,30,101,141,198,225,236,245,265,291,215,156,124,90,31,27,17,13,10,8
0,0,10,11,47,66,114,157,199,215,229,218,255,199,175,131,112,100,29,6,2,0,0,5
8,0,9,14,27,78,112,154,198,194,213,204,210,171,137,111,100,33,11,6,0,0,1,9
6,8,5,48,98,81,123,150,174,187,183,208,154,138,117,101,87,34,12,13,8,4,2,9
7,14,39,79,61,79,111,135,152,166,149,148,124,115,108,91,40,14,14,13,11,7,0,0
13,46,68,61,54,84,112,126,139,144,133,132,126,106,78,44,32,3,4,3,4,10,10,0
12,53,66,57,50,45,102,118,123,134,140,105,85,78,57,54,13,35,23,12,12,5,4,2
18,49,54,69,53,41,58,78,103,112,106,75,61,57,61,53,11,2,9,12,12,12,11,5
9,22,50,53,67,62,62,108,135,134,117,87,60,52,51,37,27,14,9,14,12,12,10,7
8,14,22,30,37,42,56,118,128,140,124,90,75,100,59,50,14,9,0,6,7,0,0,0
4,11,27,52,58,44,46,65,88,101,103,89,69,75,65,51,8,11,0,5,0,2,0,7
10,13,38,54,60,58,52,39,66,78,94,94,84,72,70,56,17,9,8,9,0,0,0,8
10,13,23,63,56,62,54,56,45,57,63,73,80,75,71,61,42,15,14,4,8,0,0,2
0,13,14,52,60,58,50,37,53,50,52,66,72,64,60,54,21,10,10,6,0,0,0,5
7,8,12,18,41,56,52,50,25,39,52,54,55,60,56,53,21,13,7,0,7,1,1,2
0,2,7,12,28,51,51,51,43,36,37,50,51,52,52,34,11,7,1,1,0,0,2,3
7,8,8,39,55,39,51,50,41,13,26,32,38,52,43,38,9,0,0,0,0,0,0,0
6,7,10,51,67,74,43,51,24,14,23,14,47,20,40,51,13,6,1,0,0,0,0,0
8,5,5,68,76,59,58,35,31,12,14,12,11,26,32,28,13,0,0,0,1,0,0,0
11,11,14,65,69,82,61,56,22,11,11,9,14,11,36,13,14,9,10,2,0,0,2,4
7,13,27,28,58,62,64,50,9,14,6,0,9,12,14,8,10,6,7,5,0,5,10,9
12,23,23,43,22,18,13,6,8,1,10,12,2,7,9,12,13,10,4,7,6,7,2,6

51,57,76,100,109,113,120,105,143,133,136,106,61,14,12,9,0,0,0,0,0,0,0,0
13,60,68,81,95,117,116,134,144,160,153,134,108,77,53,5,5,4,0,0,0,0,0,0
11,14,13,43,61,100,106,102,137,165,172,170,144,116,84,6,9,5,8,0,0,5,0,9
4,11,0,10,9,25,51,94,117,148,183,209,205,155,119,81,39,15,11,2,7,6,8,3
0,4,5,5,25,48,92,108,146,174,216,310,263,186,118,81,54,35,10,0,4,1,0,0
0,0,4,14,54,70,91,138,185,312,406,391,333,195,105,67,54,45,10,8,34,8,11,9
3,6,0,12,12,77,114,123,235,297,350,331,283,185,106,76,56,28,0,0,11,14,6,10
2,6,12,14,57,68,93,144,217,265,246,196,191,166,114,76,9,7,0,0,0,8,0,0
0,0,10,13,61,89,119,165,221,222,224,203,173,128,103,72,40,11,0,0,0,0,0,0
6,0,0,20,14,70,124,194,265,289,277,247,194,135,91,78,53,0,0,0,0,0,0,0
0,4,7,15,52,79,117,170,245,307,340,304,220,153,103,76,70,8,7,3,0,3,0,3
0,0,13,10,54,70,89,151,205,276,316,248,224,169,132,107,78,39,0,0,0,0,0,0
1,23,36,50,59,71,77,129,164,195,231,240,236,187,139,116,89,46,0,0,3,3,0,0
5,100,102,77,100,108,106,119,134,154,175,192,184,184,148,126,111,77,1,0,7,8,2,3
14,101,118,93,80,102,107,117,125,139,147,167,181,164,132,121,114,61,2,5,7,0,0,0
5,12,47,51,67,71,109,101,111,125,145,164,164,173,145,134,113,57,10,11,0,0,0,3
5,11,0,9,13,61,74,74,77,81,99,172,268,224,153,126,120,97,29,8,8,10,9,6
9,11,9,10,10,27,50,66,82,97,174,288,350,249,193,144,103,56,45,30,12,13,10,3
6,8,14,10,5,19,28,70,104,101,138,231,253,239,204,148,133,111,78,47,13,7,4,3
6,8,9,3,9,10,10,103,126,154,215,247,274,277,236,185,148,91,90,53,25,13,5,3
6,3,4,12,16,20,62,110,146,187,216,280,315,342,228,164,144,111,53,28,15,8,6,5
6,9,14,23,18,17,61,121,181,240,246,304,326,351,255,179,136,104,59,43,12,8,3,6
0,0,0,10,31,30,101,141,198,225,236,246,265,292,214,155,124,90,31,27,17,13,10,8
0,0,10,11,47,66,114,157,199,215,230,218,255,199,175,131,112,100,30,6,2,0,0,5
8,1,9,14,27,78,112,154,198,194,213,204,210,171,137,111,100,33,11,6,0,0,1,9
6,9,6,49,100,82,123,150,174,188,183,208,154,138,117,101,89,34,12,13,8,4,2,9
7,14,39,80,62,78,111,135,151,166,149,148,124,115,108,89,40,14,14,13,11,7,0,0
13,48,68,61,54,84,112,126,139,144,133,133,126,106,77,44,32,3,4,3,4,10,10,0
12,53,66,57,50,45,102,118,124,135,140,105,85,78,57,54,13,35,23,12,12,5,4,2
19,50,54,69,53,41,58,78,103,113,105,75,61,57,61,53,11,2,9,12,12,12,11,5
9,23,50,53,67,62,62,108,136,134,117,87,60,53,51,37,27,14,9,14,12,12,10,7
8,14,23,30,37,42,56,118,129,140,124,90,75,100,59,50,14,9,0,6,7,0,0,0
3,11,27,52,58,44,46,65,88,101,103,90,69,75,65,51,8,11,0,5,0,2,0,7
10,13,38,54,60,58,52,39,66,78,94,93,84,72,70,56,17,10,8,9,0,0,0,8
11,13,23,63,56,62,54,55,44,57,63,73,80,75,70,61,42,15,14,4,8,0,0,2
0,13,14,52,60,58,50,37,53,50,52,66,72,64,59,54,21,10,10,6,0,0,0,5
7,8,12,18,42,56,52,50,25,39,52,54,55,60,56,53,20,13,7,0,7,1,1,2
0,2,7,12,28,52,51,51,43,37,37,50,51,52,51,34,11,7,1,0,0,0,2,3
7,8,8,39,55,39,51,51,41,12,27,32,39,52,44,38,9,0,0,0,0,0,0,0
6,7,11,51,67,74,43,51,23,14,21,14,48,20,40,51,13,5,1,0,0,0,0,0
8,6,5,69,76,59,58,35,30,12,14,12,11,26,32,28,13,0,0,0,1,0,0,0
11,11,14,65,69,82,61,56,22,11,11,9,14,11,37,13,14,9,10,2,0,0,2,4
7,13,27,28,59,62,64,50,9,14,6,0,9,12,14,8,10,6,7,5,0,5,10,9
12,24,23,43,22,17,13,6,8,1,10,13,2,7,9,12,13,10,4,7,6,7,2,6

51,56,76,100,109,113,120,105,143,133,136,106,61,14,12,9,0,0,0,0,0,0,0,0
13,60,67,81,95,117,116,133,144,161,153,134,108,77,53,5,5,4,0,0,0,0,0,0
11,14,13,43,61,100,107,102,137,165,172,169,144,116,85,6,9,5,8,0,0,5,0,9
4,11,0,10,9,26,51,94,117,148,183,209,205,155,119,81,39,15,11,2,7,6,8,3
0,4,5,5,26,48,92,108,146,173,217,310,264,186,118,81,54,36,10,0,5,1,0,0
0,0,4,14,54,70,91,138,186,312,406,391,333,195,105,67,54,45,10,8,34,8,11,9
3,6,0,12,12,77,114,123,235,298,351,330,284,185,106,76,56,26,0,0,11,14,6,10
2,6,12,14,57,68,93,144,217,267,245,196,191,166,114,76,9,7,0,0,0,8,0,0
0,0,10,13,61,89,119,165,221,222,225,203,173,128,103,72,40,11,0,0,0,0,0,0
6,0,1,20,14,70,124,194,263,289,278,247,194,134,91,78,53,0,0,0,0,0,0,0
0,4,7,14,52,79,117,170,246,307,342,306,220,152,102,76,70,8,7,3,0,3,0,3
0,0,13,10,54,69,89,151,206,278,318,249,224,168,132,107,78,38,0,0,0,0,0,0
1,23,36,50,59,70,77,129,165,195,232,240,235,186,139,116,89,45,0,0,3,3,0,0
5,100,102,77,100,108,106,119,134,154,174,191,184,183,148,126,110,76,1,0,7,8,2,3
14,101,118,93,80,102,107,117,125,139,147,168,181,164,132,121,114,61,2,5,7,0,0,0
5,12,47,51,67,71,109,101,111,124,145,165,164,173,144,134,113,56,10,11,0,0,0,3
5,11,0,8,13,60,73,74,77,81,99,172,268,224,152,126,120,97,29,8,8,10,9,6
9,11,9,10,10,26,50,66,82,97,174,290,350,249,193,144,103,55,45,30,12,13,10,3
6,8,14,10,5,19,28,70,104,101,138,231,253,239,203,148,133,111,78,47,13,7,4,3
6,9,8,3,9,10,10,103,126,154,214,247,274,276,236,185,148,91,89,53,25,13,5,3
6,3,4,12,15,20,63,110,146,187,216,280,315,342,227,163,144,111,53,27,14,8,6,5
6,9,14,23,18,17,61,121,181,240,246,303,325,351,254,179,136,104,59,43,12,8,4,6
0,0,0,10,31,30,101,141,198,225,235,246,265,292,214,155,124,89,30,27,17,13,10,8
0,0,10,11,47,66,114,157,199,216,230,218,255,199,175,131,112,100,29,6,2,0,0,5
8,1,9,15,28,78,112,155,198,194,213,204,211,172,137,111,100,36,11,6,0,0,1,9
6,8,6,50,100,82,123,150,174,187,183,209,154,138,117,101,87,34,12,13,8,4,2,9
7,14,40,80,61,78,111,135,151,166,149,148,124,115,108,89,40,14,14,13,11,7,0,0
13,48,68,61,54,84,112,126,139,144,133,132,126,106,77,45,32,3,4,3,4,10,10,0
12,53,66,57,50,45,102,118,124,134,140,106,85,77,57,54,13,36,23,12,12,5,4,2
19,50,54,69,53,41,58,78,103,112,105,75,61,57,61,53,11,2,10,12,12,12,11,5
9,23,50,53,67,62,62,108,136,134,117,87,60,53,51,37,27,14,10,14,12,12,10,7
8,14,22,30,37,42,56,117,129,140,124,90,75,100,59,50,14,9,0,6,7,0,0,0
3,11,27,52,58,44,46,65,88,101,103,90,69,75,65,51,8,11,0,5,0,2,0,7
10,13,38,54,60,58,52,39,66,78,94,94,84,72,70,56,17,10,8,10,0,0,0,8
11,13,23,63,56,62,54,56,45,57,63,73,80,75,71,61,42,15,14,4,8,0,0,2
0,13,14,52,60,58,50,37,53,50,52,66,72,64,59,54,21,10,10,6,0,0,0,5
7,8,12,18,42,56,52,50,25,39,52,54,55,60,56,53,20,13,7,0,7,1,1,2
0,2,7,12,28,52,51,51,44,38,37,50,51,53,51,35,11,7,1,1,0,0,2,3
7,8,8,39,55,39,51,51,41,13,26,32,38,52,43,38,9,0,0,0,0,0,0,0
6,7,11,51,67,74,43,51,25,14,22,14,48,20,39,51,13,6,1,0,0,0,0,0
8,6,5,68,76,59,58,34,31,12,14,12,11,25,31,28,13,0,0,0,1,0,0,0
11,11,14,65,69,82,61,56,22,11,11,9,14,11,37,13,14,9,10,2,0,0,2,4
7,13,27,28,59,63,64,50,9,14,6,0,9,12,14,8,10,6,7,5,0,5,10,9
12,23,23,43,22,18,13,6,8,1,10,12,2,7,9,12,13,10,4,7,6,7,2,6

51,56,76,100,109,113,120,105,143,133,136,106,61,14,12,9,0,0,0,0,0,0,0,0
13,60,67,81,95,117,116,133,144,161,153,134,108,77,53,5,5,4,0,0,0,0,0,0
11,14,14,43,61,100,106,102,137,165,173,170,144,117,85,7,9,5,8,0,0,5,0,9
4,12,0,10,9,26,51,94,117,148,183,210,206,155,119,81,40,15,11,2,7,6,8,3
0,4,5,5,25,48,92,108,146,174,216,310,265,187,119,81,54,36,10,0,4,1,0,0
0,0,4,14,54,70,91,137,185,312,406,392,335,197,106,67,54,45,10,8,34,8,11,9
3,6,0,12,12,77,114,123,234,297,350,331,285,186,107,76,56,28,0,0,11,14,6,10
2,6,12,14,57,68,93,144,217,266,246,196,191,166,115,76,9,7,0,0,0,8,0,0
0,0,10,13,61,89,118,165,222,222,225,204,172,128,103,72,41,11,0,0,0,0,0,0
6,0,0,20,14,70,124,195,266,288,279,247,194,134,91,78,53,0,0,0,0,0,0,0
0,4,7,14,52,79,117,170,246,307,340,305,220,152,102,76,70,8,7,3,0,3,0,3
0,0,13,10,54,70,89,152,206,277,315,248,224,169,132,107,78,38,0,0,0,0,0,0
1,23,36,50,60,71,77,130,164,195,232,239,235,187,139,116,88,46,0,0,4,3,0,0
5,100,102,77,100,108,106,119,134,154,175,192,184,184,148,126,111,76,1,0,7,8,2,3
14,101,118,93,80,102,107,117,125,139,147,168,181,164,132,121,114,61,2,5,7,0,0,0
5,12,46,51,67,71,109,101,111,125,145,164,164,173,144,134,113,56,10,11,0,0,0,3
5,11,0,9,13,61,73,75,77,81,99,172,267,224,152,126,120,97,29,8,8,10,9,6
9,11,9,10,10,27,50,66,82,97,174,289,350,249,193,144,103,55,45,29,12,13,10,3
6,8,14,10,5,20,28,70,104,101,138,231,253,239,204,148,133,111,78,47,13,7,4,3
6,9,8,3,9,10,10,103,126,154,215,247,273,277,236,185,148,91,89,53,25,13,5,3
6,3,4,12,16,20,62,110,146,187,217,280,314,341,228,163,144,111,53,27,15,8,6,5
6,9,14,23,18,16,61,121,181,240,246,304,325,350,255,179,136,104,59,43,12,8,3,6
0,0,0,10,31,30,101,141,198,225,235,245,265,291,214,155,124,89,30,27,17,13,10,8
0,0,10,11,47,66,114,157,199,216,230,217,255,199,175,131,112,100,30,6,2,0,0,5
8,1,9,14,27,77,112,155,198,194,213,205,210,172,137,111,100,34,11,6,0,0,1,9
6,8,6,50,100,82,123,150,174,187,183,209,154,138,117,101,89,34,12,13,8,4,2,9
7,14,40,80,61,78,111,135,152,166,149,148,124,115,108,89,40,14,14,13,11,7,0,0
13,50,68,61,54,85,112,126,139,144,133,133,126,106,78,44,32,3,4,3,4,11,10,0
12,53,67,57,50,45,102,118,124,134,141,106,85,77,57,54,13,35,23,12,12,5,4,3
19,50,54,69,53,41,58,78,103,113,106,75,61,57,61,53,11,2,9,12,12,12,11,5
9,23,51,53,67,63,62,108,136,134,117,87,60,52,51,37,27,14,10,14,12,12,10,7
8,14,23,30,37,42,56,118,129,140,124,90,75,100,59,50,14,9,0,6,7,0,0,0
3,11,27,52,58,44,46,65,88,101,103,90,69,75,65,51,8,11,0,5,0,2,0,7
10,13,38,54,60,58,52,39,66,78,94,94,84,72,70,56,17,10,8,10,0,0,0,8
10,13,24,63,56,62,54,56,44,57,63,73,80,75,71,61,42,15,14,4,8,0,0,2
0,13,14,52,60,58,50,37,53,50,52,66,72,64,59,54,21,10,10,6,0,0,0,5
7,8,12,18,42,56,52,50,25,39,52,54,55,59,56,53,20,13,7,0,7,1,1,2
0,2,7,12,28,52,51,51,43,37,37,50,51,53,51,33,11,7,1,1,0,0,2,3
7,8,8,39,55,39,51,51,40,12,27,32,38,52,43,37,9,0,0,0,0,0,0,0
6,7,11,51,67,74,43,51,25,14,22,14,47,20,39,51,13,6,1,0,0,0,0,0
9,6,5,68,76,59,58,35,31,12,14,12,11,25,31,28,13,0,0,0,1,0,0,0
11,11,14,65,69,82,61,56,22,11,11,9,14,11,38,13,14,9,10,2,0,0,2,4
7,13,27,28,59,62,64,50,9,14,6,0,9,12,14,8,10,6,7,5,0,5,10,9
12,23,23,43,22,18,13,6,8,1,10,13,2,7,9,12,13,10,4,7,6,7,2,7

51,56,76,100,109,113,120,105,143,133,136,106,61,14,12,9,0,0,0,0,0,0,0,0
13,60,67,81,96,117,116,134,144,161,154,134,108,77,53,5,5,4,0,0,0,0,0,0
11,14,13,43,61,100,106,102,137,165,174,169,144,116,85,6,9,5,8,0,0,5,0,9
4,11,0,10,9,25,51,94,117,148,183,210,205,155,119,81,40,15,11,2,7,6,8,3
0,4,5,5,26,48,92,108,146,174,216,309,263,186,119,81,54,35,10,0,5,1,0,0
0,0,4,14,54,70,91,137,184,312,404,390,334,197,106,67,54,45,10,8,34,8,11,9
3,6,0,12,12,77,114,122,233,297,348,329,284,186,106,75,56,28,0,0,11,14,6,10
2,6,12,14,57,68,92,142,217,267,244,195,191,166,114,76,9,7,0,0,0,8,0,0
0,0,10,12,61,88,117,164,222,224,224,203,172,128,103,71,38,11,0,0,0,0,0,0
6,0,0,20,14,69,123,195,269,291,279,248,194,134,91,78,52,0,0,0,0,0,0,0
0,4,6,14,52,79,118,172,247,309,343,307,221,153,103,76,69,8,6,3,0,3,0,3
0,0,13,10,55,70,90,154,208,277,315,248,225,171,133,107,78,39,0,0,0,0,0,0
1,22,36,50,60,71,78,131,166,195,231,239,236,188,140,116,89,47,0,0,3,2,0,0
5,98,102,77,101,109,107,120,135,155,176,192,185,185,149,126,111,77,1,0,7,8,1,3
13,100,118,94,81,102,108,118,126,140,148,168,182,164,133,121,115,62,2,6,7,0,0,0
5,12,46,51,67,71,109,102,112,125,146,165,164,173,145,134,113,57,10,11,0,0,0,3
5,11,0,8,13,61,74,75,77,81,99,170,262,222,152,126,120,96,29,8,8,10,9,6
9,11,9,10,10,27,50,66,82,96,172,282,344,247,193,144,103,55,45,29,12,13,10,3
6,7,14,10,5,19,28,70,104,101,137,229,250,238,203,148,133,111,78,47,13,7,4,3
6,9,9,3,9,10,10,103,126,153,214,247,273,276,236,185,148,91,90,53,25,13,5,3
6,3,4,12,16,20,63,110,146,187,216,280,313,342,228,164,144,111,53,27,15,8,6,5
6,9,14,23,18,16,60,121,181,240,246,303,325,351,255,180,136,104,60,44,12,8,3,6
0,0,0,10,31,30,101,141,198,225,236,245,265,292,215,156,124,90,31,27,17,13,10,8
0,0,10,11,47,65,114,157,199,216,229,218,255,200,176,131,112,100,29,6,2,0,0,5
8,0,9,14,27,77,112,154,198,194,213,205,211,172,137,111,100,33,11,6,0,0,1,9
6,8,6,50,100,81,123,150,174,187,183,209,154,138,118,101,89,34,12,13,8,4,2,9
7,14,39,80,61,78,111,135,152,166,149,148,124,115,108,89,41,14,14,13,11,7,0,0
13,48,68,61,54,85,112,126,139,144,133,133,126,106,77,46,32,3,4,3,4,11,10,0
12,53,66,57,50,45,102,118,124,134,141,106,85,77,57,54,13,36,23,12,12,5,4,2
18,50,54,69,53,41,58,78,104,112,106,75,61,57,61,53,11,2,10,12,12,12,11,5
9,23,50,53,67,62,62,108,136,133,117,87,60,52,51,37,27,14,10,14,12,12,10,7
8,14,23,30,37,43,56,117,128,140,124,90,75,100,59,50,14,9,0,6,7,0,0,0
3,11,28,52,58,44,46,65,88,101,103,90,69,75,65,52,8,11,0,5,0,2,0,7
10,13,38,54,60,58,52,39,66,78,94,94,84,72,70,56,17,9,8,9,0,0,0,8
11,13,24,63,56,62,54,55,44,57,63,73,80,75,71,61,43,15,14,4,8,0,0,2
0,13,14,52,60,58,50,37,53,50,52,66,72,64,59,54,21,10,10,6,0,0,0,5
7,8,12,18,42,56,52,50,25,39,52,55,55,59,56,53,21,13,7,0,7,1,1,2
0,2,7,12,28,52,51,51,43,37,37,50,51,53,51,34,11,7,1,1,0,0,2,3
7,8,8,40,55,39,51,51,41,13,28,33,39,52,43,38,9,0,0,0,0,0,0,0
6,7,11,51,67,74,43,51,25,14,22,14,48,20,40,51,13,6,1,0,0,0,0,0
9,6,5,69,76,59,58,35,32,12,14,12,11,27,32,28,13,0,0,0,2,0,0,0
12,11,14,65,69,82,61,56,22,11,11,9,14,11,36,13,14,9,10,2,0,0,2,4
7,13,27,28,58,62,64,50,9,14,6,0,9,12,14,8,10,6,7,5,0,5,10,9
12,24,23,44,22,18,13,6,8,1,10,12,2,7,9,12,13,10,4,7,7,7,2,7

51,57,77,100,109,113,120,105,143,132,136,106,61,14,12,9,0,0,0,0,0,0,0,0
13,61,68,82,96,117,116,134,144,161,152,133,108,76,52,5,5,4,0,0,0,0,0,0
11,14,14,43,61,100,107,102,138,165,173,169,143,116,84,6,8,5,8,0,0,5,0,9
4,12,0,10,9,26,51,94,117,148,183,209,204,153,119,80,38,15,11,2,7,6,8,3
0,4,5,5,26,48,92,109,147,174,216,308,261,185,118,81,54,35,10,0,5,2,0,0
0,0,4,14,53,70,91,137,185,311,403,388,332,195,106,67,54,45,10,8,34,8,11,9
3,6,0,12,12,78,114,122,233,295,347,327,281,185,106,75,56,26,0,0,11,14,6,10
2,6,12,14,57,67,92,142,216,266,243,193,190,166,115,75,9,7,0,0,0,8,0,0
0,0,10,12,61,88,117,164,222,224,223,201,171,128,102,71,38,11,0,0,0,0,0,0
6,0,0,20,14,69,123,196,270,291,278,247,193,134,91,78,52,0,0,0,0,0,0,0
0,4,7,14,52,79,118,173,248,309,344,308,221,153,103,76,69,8,7,3,0,2,0,3
0,0,13,10,55,71,91,156,210,277,316,248,225,171,133,107,79,40,0,0,0,0,0,0
1,23,36,50,60,72,79,132,168,196,231,239,237,189,140,116,89,49,0,0,3,3,0,0
5,100,102,77,101,109,107,121,136,157,177,193,186,185,150,127,111,79,1,0,7,8,1,3
13,101,118,93,81,103,108,119,127,141,149,169,183,165,133,122,115,61,2,6,7,0,0,0
5,12,45,51,67,71,109,102,113,126,147,165,164,173,145,134,113,57,10,11,0,0,0,3
5,11,0,8,13,61,74,75,77,81,99,169,260,221,152,126,119,97,28,8,8,10,9,6
9,11,9,10,10,27,50,66,82,96,171,280,341,246,193,144,103,55,45,29,12,13,10,3
6,7,14,10,5,19,28,71,104,101,137,229,249,238,204,148,133,111,79,47,13,7,4,3
6,8,9,3,9,10,10,103,126,154,214,245,272,275,236,186,148,91,90,53,25,13,5,3
6,3,4,12,16,20,63,109,146,187,216,279,313,340,229,164,144,111,53,27,15,8,6,5
6,10,14,23,18,16,60,121,181,240,246,304,324,350,256,180,137,104,60,43,12,8,4,5
0,0,0,10,31,30,101,141,198,226,235,245,265,292,215,156,124,90,31,27,17,13,10,8
0,0,10,11,46,65,114,157,199,215,230,218,255,200,176,131,112,100,30,6,2,0,0,5
8,0,9,14,27,77,112,154,198,194,213,204,211,172,137,111,100,34,11,6,0,0,1,9
6,9,6,50,100,81,123,150,174,187,183,209,154,138,118,101,89,34,12,13,8,4,2,9
7,14,40,80,61,77,111,135,152,166,149,149,124,115,108,89,40,14,14,13,11,7,0,0
13,50,68,61,54,84,112,126,139,144,133,133,126,106,77,44,32,3,4,3,4,10,10,0
13,53,66,57,50,45,102,118,124,134,141,105,85,77,57,54,13,36,23,12,12,5,3,2
19,50,54,70,53,41,58,78,104,112,106,75,61,58,61,53,11,2,10,12,12,12,11,5
9,23,51,53,67,63,62,108,136,134,117,87,60,52,51,37,27,14,10,14,12,12,10,7
8,14,23,31,37,43,56,117,128,140,125,90,75,100,59,50,14,9,0,6,7,0,0,0
3,11,27,52,58,44,46,65,88,100,103,90,69,75,65,51,8,11,0,5,0,2,0,7
10,13,38,54,60,58,53,39,66,78,94,93,84,72,70,56,18,10,8,9,0,0,0,8
11,13,24,63,56,62,54,56,44,57,63,73,80,75,71,61,42,15,14,4,8,0,0,2
0,13,14,52,60,58,50,36,53,50,52,66,72,64,59,54,21,10,10,6,0,0,0,5
7,8,12,18,42,56,52,50,26,39,52,54,55,59,56,53,21,13,7,0,7,1,1,2
0,2,7,12,29,52,51,51,43,37,37,50,51,52,51,34,11,7,1,1,0,0,2,3
7,8,8,40,55,39,51,51,41,13,28,32,39,52,42,38,9,0,0,0,0,0,0,0
6,7,11,51,67,74,43,51,25,14,23,14,48,19,39,51,13,6,1,0,0,0,0,0
9,6,5,68,76,59,58,35,31,12,14,11,11,26,32,28,13,0,0,0,2,0,0,0
12,11,14,65,69,82,61,56,23,11,11,9,14,11,37,13,14,9,10,2,0,0,2,4
7,13,27,28,58,62,64,50,9,14,6,0,9,12,14,8,10,6,7,5,0,5,10,9
12,23,23,43,22,18,13,6,8,1,10,12,2,7,9,12,13,10,4,7,6,7,2,6

51,57,77,100,109,113,120,105,143,133,136,106,61,14,12,9,0,0,0,0,0,0,0,0
13,60,68,81,96,117,116,134,144,162,154,134,108,77,52,5,5,4,0,0,0,0,0,0
11,14,13,44,61,100,107,103,138,165,174,170,144,116,84,6,8,5,8,0,0,5,0,10
4,12,0,10,9,26,51,94,117,148,183,208,204,154,119,80,38,15,11,2,7,6,8,3
0,4,5,5,26,49,93,109,147,174,215,306,260,184,118,81,54,34,10,0,4,1,0,0
0,0,4,14,54,70,91,138,185,311,400,386,330,194,106,67,54,45,10,8,34,8,11,9
3,6,0,12,12,78,114,123,234,294,346,327,281,185,106,75,56,26,0,0,11,14,6,10
2,6,12,14,57,68,93,143,216,264,242,194,190,166,115,76,9,7,0,0,0,8,0,0
0,0,10,12,61,89,118,164,221,222,222,201,171,128,103,72,38,11,0,0,0,0,0,0
6,0,0,20,14,70,124,195,266,288,278,247,193,134,91,78,52,0,0,0,0,0,0,0
0,4,7,15,52,79,118,172,246,307,341,307,221,153,103,76,69,8,7,3,0,3,0,3
0,0,13,11,55,71,91,155,207,275,314,247,224,171,133,107,79,39,0,0,0,0,0,0
1,23,37,50,61,72,79,131,166,195,230,239,235,188,140,116,89,48,0,0,3,3,0,0
5,100,102,77,101,109,107,121,136,157,176,192,185,185,149,127,111,78,1,0,7,8,2,3
14,101,118,94,81,103,108,119,127,141,148,169,182,164,133,121,115,61,2,6,7,0,0,0
5,12,46,51,68,72,109,102,113,126,146,165,163,173,144,134,113,56,10,11,0,0,0,3
5,11,0,9,14,62,74,75,78,82,99,170,262,222,152,126,119,96,29,8,8,10,9,6
9,11,9,10,10,28,51,66,82,97,172,283,344,247,193,144,103,55,45,29,12,13,10,3
6,8,14,10,5,20,29,71,104,101,137,229,250,238,204,148,133,111,78,47,13,7,4,3
6,8,9,3,9,10,10,103,126,154,214,246,272,276,236,185,148,91,90,52,25,13,5,3
6,3,4,12,16,20,63,110,146,187,216,279,313,340,229,164,144,111,53,28,15,8,6,5
6,9,14,23,18,17,60,121,181,240,246,303,324,350,256,180,136,104,59,44,12,8,3,6
0,0,0,10,31,30,101,141,198,226,236,245,265,292,215,156,124,90,31,27,17,13,10,8
0,0,10,11,46,66,114,157,199,216,230,218,255,200,176,131,112,100,29,6,2,0,0,5
8,1,9,14,27,77,112,154,199,194,213,205,211,172,137,111,100,33,11,6,0,0,1,9
6,8,6,50,100,82,123,150,174,187,183,209,154,138,117,101,89,36,12,12,8,4,2,9
7,14,40,81,62,77,111,135,152,166,149,148,124,116,108,90,41,14,14,13,11,7,0,0
13,50,68,61,54,84,112,126,139,144,133,133,126,106,78,44,32,3,4,3,4,10,9,0
13,53,67,57,50,45,102,118,124,134,141,105,85,77,57,54,13,35,23,12,12,5,4,3
19,50,54,70,53,41,58,78,104,113,106,75,61,57,61,53,11,2,9,12,12,12,11,5
9,23,51,53,67,63,62,108,136,134,117,87,60,53,51,38,27,14,10,14,12,12,10,7
8,14,23,31,37,43,56,118,129,140,125,90,75,100,59,50,14,9,0,6,7,0,0,0
3,11,28,52,58,44,46,65,88,101,103,90,69,75,65,51,8,11,0,5,0,2,0,7
10,13,38,54,60,58,53,39,66,78,94,94,84,72,70,56,16,10,8,10,0,0,0,8
11,13,24,63,56,62,54,55,44,57,63,73,80,75,70,61,42,15,14,4,8,0,0,2
0,13,14,53,60,58,50,37,53,50,52,66,72,64,59,54,21,10,10,6,0,0,0,5
7,8,12,19,42,56,52,50,26,39,52,54,55,59,56,53,21,13,7,0,7,1,1,2
0,2,7,12,29,52,51,51,44,36,37,50,51,53,52,34,11,7,1,1,0,0,2,3
7,8,8,39,55,39,51,51,40,13,28,32,39,52,43,38,9,0,0,0,0,0,0,0
6,7,11,51,67,74,43,51,26,14,21,14,48,19,40,51,13,6,1,0,0,0,0,0
9,6,5,69,76,59,58,35,30,12,14,11,11,27,31,28,13,0,0,0,2,0,0,0
12,11,14,65,69,82,61,56,23,11,11,9,14,11,37,13,14,9,10,2,0,0,2,4
7,13,27,28,58,63,64,50,9,14,6,0,9,12,14,8,10,6,7,5,0,5,10,9
12,23,23,43,22,18,13,6,8,1,10,13,2,7,9,12,13,10,4,7,6,7,2,7

51,57,76,100,109,113,120,105,144,133,136,107,61,15,12,9,0,0,0,0,0,0,0,0
13,60,68,81,96,117,116,134,144,162,154,134,108,77,53,5,5,4,0,0,0,0,0,0
11,14,14,43,61,100,107,102,138,165,173,170,144,116,84,6,8,5,8,0,0,5,0,9
4,12,0,10,9,26,51,94,117,149,182,209,204,154,119,80,38,15,11,2,7,6,8,3
0,4,5,5,26,49,93,109,147,173,216,308,261,184,118,81,54,34,10,0,5,2,0,0
0,0,4,14,54,70,91,138,186,310,402,388,331,195,105,67,53,45,10,8,34,8,11,9
3,6,0,12,12,78,115,123,235,296,346,327,282,185,106,76,56,26,0,0,11,14,6,10
2,6,12,14,57,68,93,144,217,265,244,194,190,166,115,76,9,7,0,0,0,8,0,0
0,0,10,12,61,89,119,165,221,222,223,201,172,128,103,72,39,11,0,0,0,0,0,0
6,0,0,20,14,70,124,195,265,288,278,246,194,135,91,78,52,0,0,0,0,0,0,0
0,4,7,15,52,79,118,171,245,305,341,305,221,153,103,76,69,8,7,3,0,3,0,3
0,0,13,11,55,70,90,153,206,274,314,247,224,170,132,107,78,39,0,0,0,0,0,0
1,23,37,50,60,71,78,131,165,195,230,237,235,187,140,116,89,47,0,0,3,3,0,0
5,100,102,77,101,109,107,121,136,155,176,192,185,184,149,126,111,78,1,0,7,9,2,3
14,101,119,95,81,103,108,118,127,140,148,169,182,164,132,121,114,61,2,6,7,0,0,0
5,12,47,51,68,72,109,102,112,126,146,165,164,173,145,134,113,57,10,11,0,0,0,3
5,11,0,9,14,63,74,75,78,82,99,171,266,223,152,126,119,96,29,8,8,10,9,6
9,12,9,10,10,28,51,66,82,97,173,286,348,248,193,144,103,55,45,29,12,13,10,3
6,8,14,10,5,21,30,71,104,102,138,230,252,239,204,148,133,111,78,47,13,7,4,3
6,9,9,3,9,10,10,104,127,154,215,246,273,276,236,185,148,91,89,53,25,13,5,3
6,3,4,13,16,21,63,110,146,187,216,280,313,341,228,164,144,111,53,27,15,8,6,5
6,9,14,23,19,16,61,121,181,241,246,303,325,350,255,179,136,104,59,43,12,8,3,6
0,0,0,10,31,30,101,142,198,225,236,245,265,292,215,156,124,89,31,27,17,13,10,8
0,0,10,11,46,66,114,157,199,216,230,217,255,199,175,131,112,100,27,6,2,0,0,5
8,0,9,15,27,78,112,155,198,195,214,205,211,172,137,111,100,33,11,6,0,0,1,9
6,9,6,50,100,82,123,150,174,188,183,209,154,138,117,101,89,33,12,13,8,4,2,9
7,14,40,81,63,78,111,135,152,167,149,148,124,115,108,90,41,14,14,13,11,7,0,0
13,51,69,61,54,84,112,126,140,144,134,133,126,106,78,44,32,3,5,3,4,10,10,0
13,54,67,57,50,45,102,118,124,134,140,106,85,77,57,54,13,36,23,12,12,5,3,2
20,50,54,70,53,41,58,78,104,113,106,75,61,57,61,53,11,2,10,12,12,12,11,5
9,24,51,53,67,63,62,108,136,134,117,87,60,52,51,37,27,14,10,14,12,12,10,7
8,15,23,31,37,43,56,118,129,140,124,90,75,100,59,50,14,9,0,6,7,0,0,0
4,11,28,52,58,45,46,65,89,101,103,90,69,75,65,51,8,11,0,5,0,2,0,7
10,13,39,54,60,58,53,39,66,78,94,94,84,72,70,56,17,10,8,10,0,0,0,8
11,13,24,63,56,62,54,56,44,57,63,73,80,75,70,61,41,15,14,4,8,0,0,2
0,13,14,53,60,58,50,37,53,50,52,66,72,64,59,54,21,10,10,6,0,0,0,5
7,8,12,19,42,56,53,50,25,40,52,54,55,59,56,53,21,13,7,0,7,1,1,2
0,2,7,12,29,52,51,51,43,37,38,50,51,53,52,33,11,7,1,1,0,0,2,3
7,8,8,40,55,39,51,50,41,12,27,32,38,52,43,38,9,0,0,0,0,0,0,0
6,7,11,51,67,74,43,51,25,14,21,14,47,20,39,51,13,6,1,0,0,0,0,0
9,6,5,68,76,59,58,35,31,12,14,12,11,25,31,28,13,0,0,0,2,0,0,0
12,11,14,65,69,82,61,56,23,11,11,9,14,11,37,13,14,9,10,2,0,0,2,4
7,13,27,28,59,62,64,50,8,14,6,0,9,12,14,8,10,6,7,5,0,5,10,9
12,24,23,43,22,17,13,5,8,1,10,13,2,7,9,12,13,10,4,7,7,7,2,7
