7,11,10,4,0,2,0,0,5,9,6,0,4,6,12,8,5,12,7,0,0,2,11,6
12,13,13,12,11,1,0,0,8,10,25,40,44,29,15,15,11,4,22,13,12,4,4,8
4,5,7,6,6,9,8,11,16,7,13,33,43,52,45,28,20,12,24,36,13,4,10,8
0,3,9,5,8,5,17,7,11,12,10,11,14,11,11,6,8,19,12,28,35,7,7,8
0,0,0,0,0,0,7,2,3,14,78,117,134,109,79,50,14,13,13,24,38,14,10,6
0,2,10,5,8,14,12,29,69,90,218,333,321,236,180,104,69,57,28,29,26,21,13,8
5,5,7,10,10,9,12,55,81,120,205,277,240,178,140,110,75,74,60,52,58,28,6,6
0,0,0,4,0,3,9,64,92,142,182,186,155,122,109,107,86,74,85,57,66,59,25,15
0,0,0,0,0,0,13,64,104,143,170,178,157,103,81,77,70,64,67,72,53,34,25,11
0,0,0,0,0,0,22,59,93,132,177,185,152,117,71,14,14,9,4,11,12,12,12,9
0,7,0,0,0,3,34,66,99,141,193,186,158,138,84,51,14,7,0,5,6,0,1,6
0,0,0,0,0,9,38,74,119,151,182,165,142,135,100,70,43,5,0,5,0,2,0,0
0,0,0,3,5,10,35,64,112,151,167,166,152,134,106,77,52,11,4,7,9,0,0,0
0,0,0,0,1,8,17,83,103,139,158,159,146,127,106,96,37,5,1,4,0,0,0,0
0,0,0,0,6,7,13,57,65,80,127,141,126,111,101,65,26,0,0,0,0,0,4,9
6,0,0,0,1,3,13,53,63,77,107,120,114,99,63,57,43,0,0,5,4,9,3,5
9,7,11,5,8,13,25,50,65,89,113,102,112,62,54,58,37,10,0,7,2,0,1,9
13,20,16,16,25,28,36,43,86,137,157,138,107,70,59,51,39,17,9,12,12,10,8,7
0,0,6,5,11,12,33,70,106,156,184,171,150,86,61,72,48,10,6,8,11,8,7,7
0,4,11,11,14,18,58,116,142,162,190,203,171,107,79,101,14,11,8,6,12,11,3,6
8,8,12,16,16,39,108,134,147,191,248,256,223,146,108,58,12,3,7,9,13,9,4,4
5,6,11,15,33,52,115,145,196,253,283,280,238,185,89,34,15,8,10,13,13,12,7,6
0,6,16,27,45,67,120,164,228,328,381,316,232,172,119,67,27,25,13,11,7,3,6,7
0,0,0,11,52,83,123,146,187,243,327,320,216,169,146,106,69,14,11,9,12,11,10,4
3,9,8,7,23,102,106,130,146,177,201,218,194,169,138,115,86,24,28,15,9,0,9,12
9,10,10,8,0,13,82,115,114,131,154,171,172,148,137,114,103,51,11,28,12,11,20,11
0,2,3,10,8,10,17,65,101,114,118,131,136,126,120,107,101,56,23,12,11,9,14,13
0,1,9,6,7,8,12,36,62,97,106,118,104,106,116,103,103,71,11,11,10,9,11,11
0,0,2,3,6,10,12,10,38,53,59,74,65,73,87,104,97,43,10,13,13,13,12,8
1,0,5,0,11,9,12,8,18,32,44,61,52,53,45,47,51,35,19,11,10,12,12,6
6,8,10,8,24,34,33,13,23,25,34,49,50,52,52,48,43,39,19,13,12,11,13,13
0,0,4,12,29,14,41,7,7,6,11,25,50,55,78,55,56,28,26,24,9,6,8,7
0,0,0,18,45,52,33,2,0,4,7,10,18,53,66,77,58,19,13,12,8,5,2,0
0,0,0,11,17,36,11,0,0,2,4,5,10,50,63,73,49,13,10,8,8,8,9,3
0,0,0,0,10,4,0,0,0,6,8,4,12,23,59,59,50,11,9,6,10,1,8,7
0,0,0,0,0,0,0,0,0,0,5,7,11,46,66,81,42,7,12,3,6,4,4,0
0,6,9,8,1,6,3,0,0,0,6,13,20,54,66,76,58,27,7,9,11,9,0,7
0,0,12,10,6,2,1,10,0,0,5,10,35,60,63,84,69,45,16,12,6,0,0,0
0,40,33,13,2,0,0,0,9,7,5,0,14,59,71,91,76,33,15,11,8,6,7,0
0,41,35,14,8,7,0,5,0,9,13,0,0,51,63,71,64,29,14,8,10,5,7,6
14,50,34,13,11,8,8,8,14,9,6,0,0,31,62,74,57,41,13,8,0,0,2,0
50,50,19,3,11,11,11,6,0,0,2,2,0,16,61,50,54,14,12,11,0,0,5,7
44,50,6,0,6,6,0,0,0,3,0,0,3,7,16,61,48,14,13,6,11,11,6,0
51,52,8,0,3,0,0,2,2,0,0,0,4,5,0,11,12,12,9,11,10,5,10,5

7,11,10,4,0,2,0,0,5,9,7,0,5,6,13,9,6,12,7,0,0,2,11,5
12,13,12,12,11,1,0,0,8,11,27,43,47,30,16,16,11,5,26,14,12,4,4,8
4,5,7,6,6,9,8,11,16,7,13,34,46,53,44,31,21,12,27,38,13,4,9,8
0,3,9,5,8,5,19,7,10,12,9,11,13,12,11,7,8,19,12,29,37,7,6,8
0,0,1,0,0,0,6,2,3,14,73,114,132,107,78,50,14,13,13,25,38,17,10,6
0,2,10,5,8,14,12,28,68,87,206,325,316,233,180,104,69,57,28,29,26,21,13,7
5,5,7,10,10,9,12,55,80,118,200,273,240,178,140,110,74,74,59,51,58,29,6,6
0,0,0,4,0,3,9,63,91,140,181,186,156,123,110,107,86,74,85,57,65,59,25,15
0,0,0,0,0,0,13,64,104,143,169,178,158,103,81,78,71,65,68,73,54,40,26,11
0,0,0,0,0,0,24,59,93,132,177,185,152,117,71,15,14,9,4,12,12,11,12,9
0,7,0,0,0,4,38,67,99,142,193,186,159,138,84,52,14,7,0,5,6,0,1,5
0,0,0,0,0,9,41,74,120,152,182,165,142,134,100,70,41,5,0,5,0,2,0,0
0,0,0,3,5,11,38,65,112,152,168,167,152,133,106,77,52,11,4,8,9,0,0,0
0,0,0,0,1,8,22,85,104,141,159,159,146,126,106,94,30,5,2,4,0,0,0,0
0,0,0,0,6,7,14,58,66,81,127,142,126,111,101,64,20,0,0,0,0,0,4,9
6,0,0,0,1,2,13,54,65,78,107,120,114,98,63,56,33,0,0,5,4,9,3,5
9,7,11,4,8,13,29,51,65,90,113,101,111,62,53,57,25,9,0,7,3,0,1,9
13,20,16,17,25,28,37,44,88,138,157,138,106,69,58,51,38,14,8,12,12,10,8,7
0,0,6,5,12,12,38,75,109,158,184,170,148,85,61,71,43,9,6,8,11,8,7,7
0,3,10,11,14,24,60,118,145,164,190,201,168,106,76,100,14,11,8,6,12,11,3,6
8,7,11,16,17,42,110,138,149,192,245,250,218,143,108,52,12,3,6,9,12,9,4,4
5,6,11,15,38,56,117,148,201,251,276,276,237,183,88,33,15,8,10,13,13,11,7,6
0,6,18,28,46,71,122,168,231,330,386,323,235,172,119,68,30,25,14,11,7,3,6,7
0,0,0,11,54,88,124,148,188,243,332,328,218,168,145,106,70,14,11,10,12,11,10,4
3,9,8,7,27,102,106,131,147,177,201,219,194,168,138,115,87,26,29,15,9,0,9,12
9,10,10,9,0,14,89,115,114,131,154,170,171,148,136,114,103,51,11,31,12,11,21,10
0,1,2,10,8,10,20,67,101,114,118,131,135,125,120,107,101,59,27,12,11,9,14,13
0,1,9,7,8,9,12,38,61,96,106,117,103,106,115,102,103,68,10,11,9,8,11,11
0,0,2,3,7,10,12,10,37,52,58,72,64,72,86,104,95,42,11,14,13,13,12,7
1,0,5,0,11,11,12,8,22,32,43,60,51,52,44,47,50,36,19,11,11,12,12,6
6,8,10,9,29,36,35,13,24,25,34,48,49,52,52,48,42,39,20,13,12,11,13,13
0,0,4,12,31,14,47,6,7,6,12,21,50,54,77,55,56,27,26,23,9,7,8,7
0,0,0,21,46,54,38,2,0,5,7,9,14,52,65,77,59,18,13,12,8,4,2,0
0,0,0,12,21,43,12,0,0,3,4,4,9,45,60,73,54,14,10,8,7,7,9,3
0,0,0,0,11,5,0,0,0,6,8,4,12,15,58,59,51,10,9,5,10,0,8,7
0,0,0,0,0,0,0,0,0,0,6,7,10,43,64,78,47,7,12,3,6,4,4,0
0,7,10,9,2,7,4,0,0,0,6,12,16,54,64,75,60,31,7,9,10,9,0,7
0,0,13,10,7,3,1,10,0,0,5,9,32,58,62,83,70,47,18,12,6,0,0,0
0,44,35,14,2,0,0,0,9,8,5,0,14,59,70,90,76,34,16,11,8,6,6,0
3,42,37,14,8,6,0,5,0,9,13,0,0,50,62,70,65,30,14,8,10,5,8,6
20,50,34,13,11,8,8,8,14,10,6,0,0,25,61,74,57,42,14,8,0,0,2,0
51,50,18,4,10,11,11,6,0,0,2,2,0,14,60,49,54,14,12,11,0,1,5,7
50,50,6,0,6,6,0,0,0,3,0,0,3,7,16,61,48,16,13,7,11,11,7,0
51,51,7,0,3,0,0,2,2,0,0,0,5,6,1,11,13,12,10,12,11,5,10,5

6,10,10,4,0,2,0,0,5,9,7,0,6,7,14,9,6,13,8,0,0,2,11,5
12,12,12,12,11,2,0,0,8,11,30,50,50,37,20,18,12,5,29,14,12,4,4,8
3,4,7,6,5,9,8,11,17,8,13,37,52,56,48,39,22,13,27,41,13,4,9,8
0,3,9,5,8,5,19,7,10,12,9,10,13,12,11,8,9,19,12,29,36,7,6,8
0,0,1,0,0,0,6,2,2,13,70,112,131,106,78,48,14,12,14,24,38,16,10,6
0,2,10,5,8,14,12,28,68,86,199,320,312,230,178,104,69,56,28,28,25,21,13,7
5,5,7,10,9,9,12,56,83,121,197,266,240,178,140,110,74,73,59,51,57,28,6,6
0,0,0,3,0,3,11,65,94,141,178,183,156,123,110,107,86,74,85,57,65,59,25,14
0,0,0,0,0,0,13,65,105,142,168,178,157,103,81,77,71,65,68,73,55,41,26,11
0,0,0,0,0,0,34,60,95,133,178,185,152,117,70,15,14,9,4,12,14,12,12,9
0,7,0,0,0,5,45,68,101,144,195,187,159,136,83,51,14,7,0,5,7,0,0,5
0,0,0,0,0,10,46,76,122,156,184,166,142,133,97,69,37,5,0,5,0,2,0,0
0,0,0,3,6,11,41,65,113,153,169,167,151,132,105,76,50,11,4,8,9,0,0,0
0,0,0,0,1,8,30,88,105,141,159,158,145,125,105,90,18,5,2,4,0,0,0,0
0,0,0,0,6,7,15,60,67,81,126,141,125,111,101,60,14,0,0,0,0,0,4,9
6,0,0,0,1,2,14,55,65,78,106,119,113,96,62,56,20,0,0,5,4,9,3,5
9,7,11,4,8,13,28,52,66,90,113,100,111,62,53,56,13,8,0,7,2,0,1,9
13,20,16,18,26,27,37,46,90,139,158,138,105,69,57,50,36,14,8,12,12,10,8,7
0,0,6,5,12,12,41,80,110,159,185,170,148,84,61,69,36,8,7,8,11,8,7,7
0,3,10,11,15,27,62,120,146,166,190,200,165,105,74,87,13,11,8,6,12,11,3,6
8,7,12,17,18,45,111,140,152,194,246,250,216,142,107,45,12,3,6,9,12,9,4,4
6,7,11,16,43,59,119,151,205,254,277,276,235,182,86,32,15,8,9,13,13,11,7,6
0,6,18,29,47,75,124,172,235,332,387,325,235,171,118,66,31,25,14,11,7,4,6,7
0,0,0,11,56,92,125,149,189,243,331,327,219,168,145,106,70,14,11,10,12,12,10,4
2,9,8,7,29,102,107,132,147,178,202,219,194,168,137,114,84,25,28,15,9,0,9,12
9,10,10,9,1,16,97,116,115,131,155,171,172,148,136,113,102,51,10,30,12,11,22,11
0,1,2,10,9,11,21,67,102,114,118,131,135,125,119,107,101,56,24,12,10,9,14,13
0,0,9,7,8,9,13,38,61,95,105,117,103,106,115,102,102,62,10,11,9,8,10,11
0,0,2,4,7,10,13,10,38,52,58,72,64,73,85,104,91,39,11,14,13,12,12,7
1,0,5,0,12,11,13,8,22,31,43,59,51,52,45,47,49,34,16,11,11,12,12,6
6,8,10,10,33,37,36,13,24,25,33,47,48,52,51,47,42,38,18,13,12,11,13,13
0,0,4,13,34,16,48,6,7,7,11,20,50,54,76,55,55,25,25,23,9,7,7,7
0,0,0,26,46,54,41,2,0,5,7,9,13,52,65,77,58,17,13,12,8,3,2,0
0,0,0,13,25,49,12,0,0,3,4,4,8,43,60,73,54,14,10,8,7,7,9,3
0,0,0,0,12,6,0,0,0,6,8,4,12,15,57,58,52,10,10,5,10,0,7,7
0,0,0,1,1,0,0,0,0,0,6,7,10,42,62,76,48,7,13,3,6,3,4,0
0,8,10,9,2,7,4,0,0,0,6,12,15,53,63,74,60,30,7,9,10,9,0,7
0,0,13,11,8,3,2,10,0,0,5,10,30,57,61,82,70,50,20,12,5,0,0,0
0,45,36,14,3,0,0,0,9,8,5,0,14,58,70,88,76,34,16,11,8,5,6,0
5,44,37,14,8,6,0,5,0,9,13,0,0,50,62,69,65,30,14,8,10,5,8,6
22,50,35,13,11,8,8,8,14,10,6,0,0,23,61,73,56,42,14,8,0,0,1,0
51,50,17,5,10,11,11,6,0,0,2,2,0,14,60,48,54,15,12,11,0,1,5,7
50,50,6,0,6,6,0,0,0,3,0,0,2,7,16,60,50,17,13,7,11,11,7,0
51,51,7,0,4,0,0,2,0,0,0,0,5,5,0,11,13,12,10,12,11,5,10,5

6,10,10,4,0,2,0,0,5,9,7,0,6,7,14,9,6,13,8,0,0,2,11,5
12,12,12,12,11,2,0,0,8,11,30,50,50,38,19,18,12,5,28,14,12,4,4,8
3,4,7,6,6,9,8,11,16,8,13,38,51,56,48,38,22,13,27,40,13,4,9,8
0,3,9,5,8,5,18,7,10,12,9,10,13,11,11,8,9,20,12,29,36,6,6,8
0,0,1,0,0,0,6,1,2,13,69,111,130,105,77,48,14,12,14,24,38,15,10,6
0,2,10,5,8,14,12,28,68,85,196,320,313,230,178,104,69,56,28,28,25,21,13,7
5,5,7,10,9,9,13,56,83,121,197,267,242,179,140,110,74,73,59,51,57,28,6,6
0,0,0,3,0,3,12,65,94,141,178,184,157,123,110,107,86,74,85,57,65,59,25,14
0,0,0,0,0,0,13,65,104,143,169,179,159,103,82,78,71,65,68,73,55,41,26,11
0,0,0,0,0,0,34,60,95,133,178,186,153,117,70,15,14,9,4,11,14,11,12,9
0,7,0,0,0,5,46,68,101,144,196,189,161,137,83,51,14,8,0,5,8,0,0,5
0,0,0,0,0,10,46,76,122,156,185,168,142,133,98,69,38,5,0,5,0,2,0,0
0,0,0,3,5,11,41,65,113,154,169,168,151,132,105,75,50,11,4,8,9,0,0,0
0,0,0,0,0,9,31,89,105,141,159,158,145,125,106,91,18,5,3,4,0,0,0,0
0,0,0,0,6,7,16,60,67,81,126,141,126,111,101,61,13,0,0,0,0,0,4,9
6,0,0,0,2,2,14,55,65,78,106,119,114,96,62,56,16,0,0,5,3,9,3,5
9,7,11,5,8,13,28,52,66,90,113,100,111,62,53,56,11,7,0,7,2,0,1,9
13,20,16,18,26,27,38,45,90,138,157,137,105,68,57,50,36,13,8,12,12,10,8,7
0,0,6,5,12,12,41,80,110,159,184,169,147,83,61,69,35,7,7,8,11,8,7,7
0,3,10,11,14,27,62,120,146,166,190,199,164,105,74,85,12,11,8,6,12,11,3,6
8,7,12,17,18,45,111,140,152,193,245,249,216,142,107,45,12,3,6,9,12,9,4,4
6,7,11,18,41,58,119,150,204,253,276,275,236,182,86,32,15,8,9,13,13,11,7,6
0,6,18,28,46,74,124,171,234,332,387,323,236,172,118,66,31,25,14,11,7,3,6,7
0,0,0,11,55,92,125,148,189,244,332,327,220,169,144,106,68,14,12,10,12,12,10,3
3,9,8,7,28,102,107,132,147,178,203,221,195,169,136,113,83,25,27,14,9,0,9,12
9,10,10,9,1,16,97,116,115,132,156,173,174,149,135,112,102,48,10,31,12,11,21,10
0,1,2,10,9,11,21,67,102,114,119,132,136,126,120,106,100,53,24,12,10,9,14,13
0,0,9,7,8,9,13,38,61,96,106,117,104,107,115,102,102,60,10,11,9,8,10,11
0,0,2,4,7,10,13,10,37,52,58,72,64,73,86,104,90,37,11,14,13,12,12,7
1,0,5,0,12,11,13,8,22,32,43,60,51,52,45,47,48,33,15,10,11,12,12,6
6,8,10,10,32,37,36,13,24,25,33,48,49,52,52,47,42,37,16,13,12,11,13,13
0,0,4,12,33,16,48,6,7,7,12,24,50,54,76,55,54,24,25,23,9,7,7,7
0,0,0,25,46,54,40,2,0,5,7,9,14,52,65,77,57,16,13,12,8,3,2,0
0,0,0,13,25,49,12,0,0,3,5,5,9,47,60,73,52,13,10,8,7,7,9,3
0,0,0,0,12,6,0,0,0,6,8,4,12,18,58,58,51,11,10,5,10,0,7,7
0,0,0,1,1,0,0,0,0,0,6,7,10,44,62,76,47,7,13,3,5,3,3,0
0,8,10,9,2,7,4,0,0,0,6,13,18,54,63,74,60,31,7,9,10,9,0,7
0,0,13,11,8,3,2,10,0,0,5,10,32,58,62,82,70,50,21,12,5,0,0,0
0,46,36,14,3,0,0,0,9,8,5,0,14,58,70,89,76,34,16,11,8,5,6,0
6,44,39,15,9,6,0,5,0,9,13,0,0,50,62,69,65,30,14,8,10,5,8,6
23,50,34,13,11,8,8,8,14,10,6,0,0,26,61,73,56,42,14,8,0,0,1,0
51,50,19,5,11,11,11,6,0,0,2,2,0,14,60,48,54,17,13,11,0,1,5,7
50,50,6,0,6,6,0,0,0,3,0,0,2,6,15,60,50,17,13,7,11,11,7,0
51,51,7,0,4,0,0,2,0,0,0,0,5,5,0,11,13,12,10,11,11,5,10,5

6,11,10,4,0,2,0,0,5,9,7,0,6,7,14,9,6,13,8,0,0,2,11,5
12,13,12,12,11,2,0,0,8,11,30,50,50,37,19,18,11,5,26,14,12,4,4,8
3,4,7,6,6,9,8,11,16,8,13,35,52,56,47,36,21,13,24,40,13,4,9,8
0,3,9,5,8,5,19,7,10,12,9,10,13,11,11,8,9,19,12,26,36,5,7,8
0,0,1,0,0,0,6,2,2,13,69,112,131,105,77,47,14,13,14,24,37,14,10,6
0,2,10,5,8,14,12,29,68,86,200,324,316,231,178,103,68,56,27,28,25,21,13,7
5,5,7,10,10,9,13,56,83,122,199,272,243,179,140,110,74,73,59,51,57,28,6,5
0,0,0,3,0,3,12,65,95,143,181,187,159,124,110,107,86,74,85,56,64,58,25,14
0,0,0,0,0,0,13,65,105,145,171,181,160,104,82,78,71,65,68,73,54,39,26,11
0,0,0,0,0,0,35,60,96,135,180,187,154,118,70,16,14,9,4,11,14,11,11,9
0,7,0,0,0,5,45,68,101,144,197,190,162,137,83,51,14,7,0,6,8,0,0,5
0,0,0,0,0,10,46,76,122,156,185,168,143,133,98,69,39,5,0,6,0,2,0,0
0,0,0,3,5,11,41,65,113,153,169,167,152,132,105,75,50,11,4,8,9,0,0,0
0,0,0,0,1,8,29,87,105,141,159,158,145,125,106,90,16,5,3,4,0,0,0,0
0,0,0,0,6,7,14,60,66,81,126,141,125,111,101,61,13,0,0,0,0,0,4,9
5,0,0,0,2,2,14,55,65,78,106,119,114,97,62,56,17,0,0,5,3,9,3,5
9,7,11,5,8,13,29,52,65,90,113,101,111,62,53,56,12,8,0,7,2,0,1,9
13,20,16,18,26,27,38,45,89,138,157,137,105,69,57,50,35,13,8,12,12,10,8,7
0,0,6,5,12,12,40,78,109,158,183,168,147,83,61,69,36,7,6,8,11,8,7,7
0,3,10,11,14,27,61,119,145,165,189,198,164,105,75,86,12,11,8,6,12,11,3,6
8,7,12,17,18,44,111,139,151,193,244,248,215,142,107,46,12,3,6,9,12,9,4,4
5,6,11,18,41,58,118,150,203,253,276,275,235,182,86,32,15,8,9,13,13,11,7,6
0,6,18,28,46,74,123,170,233,333,387,323,236,172,118,67,31,25,14,11,7,3,6,7
0,0,0,11,55,92,125,148,189,244,332,327,221,170,145,106,68,14,12,10,12,11,10,3
2,9,8,7,28,102,107,132,147,178,204,222,196,170,136,113,83,25,27,14,8,0,9,12
9,10,10,9,1,16,95,116,115,132,157,174,175,149,135,112,101,47,10,30,12,11,20,10
0,1,2,10,9,11,21,68,102,115,119,133,137,127,120,106,100,53,23,12,10,9,14,13
0,1,9,7,8,9,13,38,61,95,106,117,105,107,115,102,102,58,10,11,9,8,10,11
0,0,2,4,7,10,13,10,38,52,58,73,65,74,87,104,89,36,11,14,13,12,12,7
2,0,6,0,12,11,13,8,22,31,43,60,51,53,45,47,48,33,15,10,11,12,12,6
6,9,10,10,32,37,35,13,24,25,33,48,48,52,51,47,41,37,16,13,12,10,13,13
0,0,4,12,33,15,47,6,7,7,12,25,50,54,77,55,54,24,25,23,9,7,7,7
0,0,0,27,45,54,39,1,0,6,8,10,14,52,65,77,57,17,13,12,8,3,2,0
0,0,0,13,25,46,12,0,0,2,6,5,9,48,61,73,52,13,10,8,7,7,8,3
0,0,0,0,12,6,0,0,0,6,8,4,12,20,58,58,51,11,10,5,10,0,7,7
0,0,0,1,1,0,0,0,0,0,6,8,11,46,63,77,48,8,13,3,5,3,3,0
0,8,10,9,2,7,4,0,0,0,7,13,18,54,64,74,60,33,7,9,10,9,0,7
0,0,13,11,8,3,2,10,0,0,6,10,33,58,62,82,70,50,21,12,5,0,0,0
0,46,36,14,3,0,0,0,9,8,5,0,14,59,70,89,76,34,17,11,8,5,6,0
6,43,39,15,9,6,0,6,0,10,13,0,0,50,62,69,65,30,14,8,10,5,8,6
23,50,34,13,11,8,8,8,14,10,6,0,0,27,61,73,56,42,14,8,0,0,1,0
51,50,18,5,10,11,11,6,0,0,2,3,0,14,59,47,54,16,13,11,0,1,4,7
50,50,6,0,6,6,0,0,0,3,0,0,2,6,15,60,50,18,13,7,11,11,7,0
51,51,7,0,4,0,1,2,0,0,0,0,5,5,0,11,13,12,10,11,11,5,10,5

7,11,10,4,0,2,0,0,5,9,7,0,6,7,14,9,6,13,7,0,0,2,11,5
12,13,12,12,11,2,0,0,8,11,27,48,50,34,17,17,11,5,26,14,12,4,4,8
3,5,7,6,6,9,8,11,16,7,13,37,51,56,46,36,21,13,24,37,13,3,9,8
0,3,9,5,8,5,18,7,11,12,9,10,13,11,11,7,8,20,12,25,34,5,7,8
0,0,1,0,0,0,6,2,2,13,69,112,131,105,77,49,14,12,14,24,37,14,10,6
0,2,10,5,9,14,12,29,68,86,200,325,317,232,178,103,68,56,27,28,25,21,12,7
5,5,7,10,10,10,13,56,83,121,200,273,244,179,140,110,74,73,59,51,57,28,6,5
0,0,0,3,0,3,12,65,94,143,182,188,159,124,110,107,86,74,85,56,64,58,25,14
0,0,0,0,0,0,13,65,105,145,172,181,160,104,82,78,71,65,68,73,54,39,25,11
0,0,0,0,0,0,35,60,96,135,180,187,154,117,70,15,14,9,4,11,13,11,11,9
0,7,0,0,0,5,45,68,101,144,195,189,161,137,83,51,14,8,0,5,8,0,0,5
0,0,0,0,0,10,46,76,121,155,184,167,142,133,97,69,37,5,0,6,0,2,0,0
0,0,0,3,5,12,42,65,113,153,168,167,151,132,105,75,50,11,4,8,9,0,0,0
0,0,0,0,0,9,30,89,105,141,159,158,144,125,105,90,18,5,3,4,0,0,0,0
0,0,0,0,6,7,16,60,67,81,127,141,125,111,101,61,13,0,0,0,0,0,4,9
5,0,0,0,2,2,14,55,65,78,106,120,114,97,62,56,22,0,0,5,3,9,3,5
9,7,11,5,8,13,29,53,66,90,113,101,111,62,53,57,13,8,0,7,2,0,1,9
13,20,16,18,26,27,38,45,90,138,157,137,105,69,58,50,36,14,8,12,12,10,8,7
0,0,6,5,12,12,41,78,110,158,183,168,147,84,61,70,40,7,6,8,11,8,7,7
0,2,10,11,14,27,62,119,146,165,188,197,163,105,75,90,13,11,8,6,12,11,3,6
8,7,12,17,18,44,111,139,151,193,244,247,214,141,107,47,12,3,6,9,12,8,4,4
5,6,11,16,41,58,118,150,203,252,275,274,234,182,86,32,15,8,9,13,13,11,7,5
0,6,18,29,47,74,124,170,233,333,387,322,236,172,118,67,31,25,14,11,7,3,6,7
0,0,0,11,55,92,125,148,189,244,332,327,221,170,144,106,68,14,11,10,12,12,10,3
3,9,8,7,31,103,107,132,147,178,205,223,197,170,136,113,83,26,27,14,9,0,9,12
9,10,10,9,1,16,98,116,115,132,157,174,175,149,135,112,101,47,10,30,12,11,20,10
0,1,2,10,9,11,23,69,102,115,119,133,137,127,120,106,100,54,20,12,10,9,14,13
0,1,9,7,8,9,13,38,61,96,106,117,105,107,115,102,102,57,10,11,9,8,10,11
0,0,2,4,7,10,13,10,38,52,58,73,65,74,87,103,89,37,11,14,13,12,12,6
2,0,6,0,12,11,13,8,23,32,43,60,52,53,45,47,48,33,15,10,11,12,12,6
6,9,10,10,32,38,35,13,24,26,34,48,49,52,52,48,42,37,17,13,12,10,13,13
0,0,4,12,31,15,47,6,7,7,12,25,50,54,76,55,54,24,24,23,9,7,7,7
0,0,0,26,45,54,40,2,0,6,8,10,14,52,65,77,57,17,13,12,8,3,2,0
0,0,0,13,24,47,12,0,0,2,7,5,10,50,61,73,52,13,10,9,7,7,8,3
0,0,0,0,12,6,0,0,0,6,8,4,12,20,58,58,51,11,10,6,10,0,7,7
0,0,0,1,1,0,0,0,0,0,6,8,11,44,63,77,46,8,13,3,5,3,3,0
0,8,10,9,2,7,5,0,0,0,7,13,18,54,64,74,60,33,8,9,10,9,0,7
0,0,13,11,8,3,2,10,0,0,6,10,34,58,62,83,70,50,21,12,5,0,0,0
0,47,36,14,3,0,0,0,9,8,5,0,14,59,70,89,76,35,17,11,8,5,6,0
7,44,39,15,9,6,0,6,0,10,13,0,0,50,62,69,65,31,14,8,10,5,8,6
23,50,35,14,11,8,8,8,14,10,6,0,0,27,61,72,56,43,14,8,0,0,1,0
51,50,18,5,10,11,11,6,0,0,2,3,0,14,59,47,54,16,13,11,0,1,4,7
50,50,6,0,6,6,0,0,0,3,0,0,3,6,15,60,50,18,13,7,11,11,7,0
51,51,7,0,4,0,1,2,0,0,0,0,5,5,0,11,13,12,10,11,11,5,10,5

7,11,10,4,0,2,0,0,5,9,7,0,6,6,14,9,6,13,7,0,0,2,11,5
12,13,12,12,11,2,0,0,8,11,29,50,50,36,19,17,11,5,25,13,11,3,4,8
4,5,7,6,6,9,8,11,16,8,13,35,51,56,47,35,21,13,24,38,13,4,9,8
0,3,9,5,8,5,18,7,11,12,9,10,13,11,11,7,8,19,12,26,34,5,7,8
0,0,1,0,0,0,6,2,2,13,69,112,131,105,77,48,14,12,14,24,37,14,10,6
0,2,10,5,9,14,12,28,69,86,200,325,319,233,179,103,68,56,27,28,25,21,12,7
5,5,7,10,10,10,13,56,83,120,200,275,245,179,140,110,74,73,59,51,57,28,6,5
0,0,0,3,0,3,13,65,94,143,183,188,160,124,110,107,86,74,84,56,64,58,25,14
0,0,0,0,0,0,13,65,106,146,173,181,160,104,82,78,71,65,68,73,54,39,25,10
0,0,0,0,0,0,36,60,96,135,180,187,154,118,70,15,14,9,4,11,13,11,11,9
0,7,0,0,0,5,46,68,101,144,196,189,161,137,83,51,14,8,0,5,8,0,0,5
0,0,0,0,0,10,45,76,121,154,184,167,142,133,97,68,36,5,0,6,0,2,0,0
0,0,0,3,5,12,42,65,113,153,168,167,151,132,105,75,50,11,4,8,9,0,0,0
0,0,0,0,0,8,31,88,105,141,159,158,144,125,105,90,17,5,2,4,0,0,0,0
0,0,0,0,6,7,15,60,67,81,127,141,125,111,101,61,13,0,0,0,0,0,4,9
6,0,0,0,2,2,14,56,65,78,106,120,114,97,62,56,23,0,0,4,3,9,3,4
9,7,11,4,8,13,31,53,66,90,113,101,111,62,53,57,14,8,0,7,2,0,1,9
13,20,16,18,26,27,38,45,89,138,157,137,105,69,58,50,37,14,8,12,12,10,8,7
0,0,6,5,12,12,40,78,110,158,183,168,147,84,61,70,41,8,6,8,11,8,7,7
0,2,10,11,14,26,61,119,145,165,188,197,162,105,74,92,13,11,8,6,12,11,3,6
8,7,11,17,18,44,111,139,151,193,244,247,214,141,107,48,13,3,6,9,12,8,4,4
5,6,11,16,41,58,118,149,203,253,276,274,235,182,86,32,15,8,9,13,13,11,6,5
0,6,18,29,46,74,124,170,233,333,387,323,236,172,118,67,31,25,14,11,7,3,6,7
0,0,0,11,55,92,125,148,189,244,332,327,221,170,145,106,69,14,12,10,12,11,10,3
3,9,8,7,29,103,107,132,147,179,205,223,197,170,136,113,82,26,27,14,8,0,9,12
9,10,10,9,1,17,100,116,115,132,158,174,175,150,135,112,101,47,10,32,12,11,20,10
0,1,2,10,9,11,23,68,102,115,119,133,138,127,120,106,100,53,20,11,10,9,14,13
0,1,9,7,8,10,13,38,61,96,106,117,105,107,115,102,102,57,10,11,9,8,10,11
0,0,2,4,7,10,13,10,39,52,59,73,65,75,87,103,89,36,11,14,13,12,12,6
2,0,6,0,12,11,13,8,23,32,43,60,52,53,45,47,48,33,15,10,11,12,12,6
6,9,10,10,32,37,36,13,24,26,34,48,49,52,52,47,42,37,16,13,12,10,13,13
0,0,4,13,31,14,48,6,7,7,12,26,50,55,77,55,55,24,25,23,9,7,7,7
0,0,0,26,45,54,38,1,0,6,8,10,14,52,66,77,57,17,14,12,8,3,2,0
0,0,0,13,23,46,12,0,0,2,7,5,10,50,61,73,51,13,10,9,7,7,8,3
0,0,0,0,12,6,0,0,0,6,9,5,13,21,58,58,51,11,10,6,10,0,7,7
0,0,0,0,0,0,0,0,0,0,7,8,11,45,63,77,46,8,13,3,5,3,3,0
0,8,10,9,2,7,4,0,0,0,7,13,19,54,64,74,60,35,8,9,10,9,0,7
0,0,13,11,8,3,2,10,0,0,6,11,35,58,62,83,70,50,22,12,5,0,0,0
0,46,36,14,3,0,0,0,9,8,5,1,15,59,70,89,76,35,17,11,8,5,6,0
7,43,39,15,9,6,0,6,0,10,13,0,0,50,62,69,65,30,14,8,10,5,8,6
24,50,35,13,11,8,8,8,14,10,7,0,0,29,61,72,56,42,14,8,0,0,1,0
51,50,19,5,10,11,11,6,0,0,2,3,0,15,59,47,54,16,13,11,0,1,4,7
50,50,6,0,6,6,0,0,0,3,0,0,3,6,15,60,50,20,13,7,11,11,7,0
51,51,7,0,4,0,1,1,2,0,0,0,5,5,0,11,13,12,10,11,11,5,10,5

7,11,10,4,0,2,0,0,5,9,7,0,6,7,14,9,6,13,7,0,0,2,11,5
12,13,13,12,11,2,0,0,8,11,27,50,50,34,16,17,11,5,25,13,11,3,4,8
3,5,7,6,6,9,8,11,17,7,13,37,51,56,47,35,21,13,24,37,13,3,9,7
0,3,9,5,8,5,19,7,11,12,9,10,13,11,11,7,8,19,12,26,35,4,7,8
0,0,1,0,0,0,6,2,2,13,69,112,131,105,77,47,14,12,14,23,37,14,9,6
0,2,10,5,9,13,12,29,69,86,200,325,319,233,178,103,68,56,27,28,25,21,12,7
5,5,7,10,10,10,13,56,82,121,200,276,245,180,140,110,74,73,59,51,57,28,6,5
0,0,0,4,0,3,13,64,94,143,184,189,160,124,110,107,86,73,84,56,63,58,25,14
0,0,0,0,0,0,13,65,106,147,174,182,161,104,82,78,71,65,68,73,54,40,25,10
0,0,0,0,0,0,37,60,97,136,181,188,155,118,70,15,14,9,4,11,13,11,11,9
0,7,0,0,0,5,45,68,102,144,196,191,163,137,83,51,14,8,0,5,8,0,0,5
0,0,0,0,0,10,46,76,121,155,184,168,143,133,97,68,36,5,0,6,0,2,0,0
0,0,0,3,5,11,42,65,113,152,168,168,152,132,105,75,50,11,4,8,9,0,0,0
0,0,0,0,0,8,30,87,105,140,158,158,145,125,105,89,15,4,2,4,0,0,0,0
0,0,0,0,6,7,15,60,66,81,126,141,126,111,101,60,13,0,0,0,0,0,4,9
6,0,0,0,2,2,14,55,65,78,106,119,114,96,62,56,20,0,0,4,3,9,3,4
9,7,11,5,8,13,29,52,65,90,113,101,111,62,53,57,13,8,0,7,2,0,1,9
13,20,16,18,26,27,38,45,89,137,156,137,105,69,57,50,36,13,8,12,12,10,8,7
0,0,6,5,12,12,40,78,109,157,183,168,147,83,61,70,40,7,6,8,11,8,7,7
0,2,10,11,14,27,62,119,145,165,188,197,162,105,75,91,12,11,8,6,12,11,3,6
8,7,12,17,18,45,111,139,151,193,244,248,214,141,107,48,13,2,6,9,12,8,4,4
6,6,11,17,42,58,118,150,203,253,276,275,235,183,86,32,15,8,10,13,13,11,6,5
0,6,18,28,47,74,123,170,233,334,388,324,237,173,119,67,31,25,14,11,7,3,6,7
0,0,0,11,55,92,125,148,189,244,333,327,222,170,145,106,68,14,12,10,12,11,10,3
3,9,8,8,28,102,107,132,148,179,205,224,197,171,136,113,82,26,27,14,8,0,9,12
9,10,10,9,1,17,100,116,115,132,158,175,175,150,135,112,101,50,10,31,12,11,20,10
0,1,2,10,9,11,24,68,102,115,119,133,138,127,120,106,100,53,20,11,10,9,14,13
0,1,9,7,8,10,13,38,62,96,106,118,105,107,116,102,101,57,10,11,8,8,10,11
0,0,2,4,8,11,13,10,38,52,58,73,65,75,87,103,88,36,11,14,13,12,12,6
2,0,6,0,12,11,13,8,23,32,43,60,52,52,45,47,48,33,15,10,11,12,12,6
6,9,10,10,33,37,35,13,24,26,34,48,49,52,52,47,41,37,16,13,12,10,13,13
0,0,4,13,31,16,48,6,7,7,12,29,50,54,77,55,54,24,25,23,9,7,7,7
0,0,0,27,45,54,39,1,0,6,8,10,14,52,65,77,57,16,14,12,8,3,2,0
0,0,0,13,24,47,12,0,0,2,7,6,10,50,61,73,51,13,10,9,7,7,8,3
0,0,0,0,12,6,0,0,0,6,9,5,13,21,58,58,51,11,10,6,10,0,7,7
0,0,0,1,1,0,0,0,0,0,7,8,12,44,62,77,46,8,13,3,5,3,3,0
0,8,10,9,2,7,5,0,0,0,7,13,19,54,64,74,60,33,8,9,10,9,0,7
0,0,14,11,8,3,2,10,0,0,6,11,35,58,62,82,70,50,23,12,5,0,0,0
0,47,36,14,3,0,0,0,9,8,5,1,15,59,70,89,76,35,17,11,8,5,6,0
7,43,39,15,9,6,0,6,0,10,14,0,0,50,62,69,65,30,14,8,10,4,8,6
23,50,34,13,11,8,8,8,14,10,6,0,0,30,60,72,56,42,14,8,0,0,1,0
51,50,18,5,10,11,11,6,0,0,2,3,0,15,59,47,54,16,13,11,0,1,4,7
50,50,5,0,6,6,0,0,0,3,0,0,2,6,14,60,50,20,13,7,11,11,7,0
51,51,7,0,4,0,1,1,3,0,0,0,5,5,0,11,13,12,10,11,11,5,10,5

6,11,10,4,0,2,0,0,5,9,7,0,6,6,14,9,6,13,7,0,0,2,11,5
12,13,12,12,11,2,0,0,8,11,29,48,50,34,17,18,11,5,26,14,11,3,3,8
3,5,7,6,6,9,8,11,16,8,13,37,51,56,48,35,21,13,24,38,13,3,9,7
0,3,9,5,8,5,19,7,11,12,9,10,13,11,11,7,8,20,12,26,36,5,7,8
0,0,1,0,0,0,6,2,2,13,69,112,131,105,77,46,14,12,14,24,37,14,9,6
0,2,10,5,9,13,12,29,69,86,200,325,318,232,178,103,68,56,27,28,25,21,12,7
5,5,7,10,10,9,13,56,83,121,200,275,245,179,140,110,74,73,59,51,57,28,5,5
0,0,0,4,0,3,13,65,95,143,184,188,160,124,110,107,86,73,84,56,64,59,25,14
0,0,0,0,0,0,13,65,106,147,174,182,161,104,82,78,70,64,68,73,54,41,25,10
0,0,0,0,0,0,37,60,97,136,181,188,155,118,70,15,14,8,4,11,14,11,11,9
0,7,0,0,0,6,46,68,102,145,197,191,163,137,82,51,14,8,0,5,8,0,0,4
0,0,0,0,0,10,46,76,121,156,185,169,143,133,97,68,37,5,0,6,0,2,0,0
0,0,0,3,5,12,42,65,113,153,169,169,152,132,105,75,50,11,4,8,9,0,0,0
0,0,0,0,1,9,33,88,105,140,158,158,145,126,105,89,16,4,3,4,0,0,0,0
0,0,0,0,6,7,15,60,66,80,126,141,126,111,101,59,13,0,0,0,0,0,4,9
6,0,0,0,2,2,14,55,65,78,106,120,114,97,62,56,17,0,0,4,3,9,3,4
9,7,11,4,8,13,30,52,65,90,113,100,111,62,53,56,12,7,0,7,2,0,1,9
13,20,16,18,26,27,38,45,89,137,156,137,105,69,57,50,36,13,8,11,12,10,8,7
0,0,6,5,12,12,40,78,109,157,183,168,147,83,61,69,38,7,6,8,11,8,7,7
0,2,10,11,15,27,62,119,145,165,188,198,163,105,74,88,12,11,8,6,12,11,3,6
8,7,12,17,18,45,111,139,151,193,244,248,214,141,107,46,13,2,6,9,12,8,4,4
6,6,11,17,42,58,119,150,204,254,276,275,236,183,86,33,15,8,10,13,13,11,6,5
0,6,18,29,46,75,124,170,234,334,389,324,237,173,118,67,31,25,14,11,7,3,6,7
0,0,0,11,56,92,125,149,189,244,333,328,222,170,145,106,68,14,12,10,12,11,10,3
3,9,8,8,29,103,107,132,148,179,205,224,197,170,136,113,81,25,27,14,8,0,9,12
9,10,10,9,1,19,100,116,115,133,158,175,176,150,135,112,101,47,10,32,12,11,20,10
0,1,2,10,9,11,27,68,102,115,119,133,138,127,120,106,100,53,20,11,9,9,14,13
0,1,9,7,8,10,13,38,61,96,106,118,105,107,115,102,101,57,10,11,8,8,10,10
0,0,2,4,8,11,13,11,38,52,58,72,65,74,87,103,87,36,11,14,13,12,12,6
2,0,6,0,12,11,13,8,23,32,43,59,52,53,45,47,48,33,15,10,11,12,12,6
6,9,10,10,34,38,36,13,24,26,33,48,48,52,51,47,41,37,16,13,12,10,13,13
0,0,4,13,31,16,48,6,7,7,12,27,50,54,77,55,54,24,24,23,9,7,7,7
0,0,0,28,45,54,39,2,0,6,8,10,15,52,65,77,57,16,13,12,8,3,2,0
0,0,0,13,25,48,12,0,0,3,7,6,10,50,61,73,51,13,10,9,7,7,8,3
0,0,0,0,12,6,0,0,0,6,9,5,13,21,58,58,51,11,10,6,10,0,7,6
0,0,0,1,1,0,0,0,0,0,7,9,12,45,62,76,47,8,13,3,5,3,3,0
0,8,10,9,2,7,5,0,0,0,7,13,20,54,64,74,60,34,8,9,10,9,0,7
0,1,14,11,8,3,2,11,0,0,6,11,35,58,62,82,70,50,23,12,5,0,0,0
0,48,37,14,3,0,0,0,9,8,5,1,15,59,70,89,76,35,17,11,8,5,6,0
8,44,40,15,9,6,0,6,0,10,14,0,0,50,62,69,65,31,14,8,10,4,8,6
26,50,35,14,11,8,8,8,14,10,7,0,0,31,61,72,56,42,14,8,0,0,1,0
51,50,18,5,10,11,11,6,0,0,2,3,0,15,59,47,54,17,13,11,0,1,4,7
50,50,5,0,6,6,0,0,0,3,0,0,3,6,14,60,50,18,13,7,11,11,7,0
51,51,7,0,4,0,1,2,3,0,0,0,5,5,0,11,13,12,10,11,11,5,10,5

6,11,10,4,0,2,0,0,5,9,7,0,6,6,14,9,6,13,7,0,0,2,11,5
12,13,13,12,11,2,0,0,8,11,29,48,50,36,17,18,11,5,26,14,11,3,3,8
3,5,7,6,6,9,8,11,16,8,13,35,50,56,46,35,21,13,24,40,13,3,9,7
0,3,9,5,8,5,19,7,11,12,9,10,13,11,11,7,8,19,12,26,35,4,7,8
0,0,1,0,0,0,6,2,2,13,69,112,131,105,77,47,14,12,14,24,37,14,9,6
0,2,10,5,9,13,12,29,69,87,200,325,317,231,178,103,68,56,27,28,25,21,12,7
5,5,7,10,10,9,13,56,83,122,200,274,245,179,140,109,74,73,59,51,57,28,6,5
0,0,0,4,0,3,13,65,95,144,183,188,160,124,110,107,86,73,84,56,63,59,25,14
0,0,0,0,0,0,13,65,106,147,174,182,161,104,82,77,70,65,68,73,54,41,25,10
0,0,0,0,0,0,39,60,97,136,182,190,156,118,70,15,14,9,4,11,14,11,11,8
0,7,0,0,0,6,46,68,102,145,198,192,163,137,82,51,14,8,0,5,8,0,0,4
0,0,0,0,0,10,46,76,122,156,186,169,143,133,97,68,36,5,0,6,0,2,0,0
0,0,0,3,5,12,42,65,113,153,169,168,152,132,105,75,50,11,4,8,9,0,0,0
0,0,0,0,1,9,33,87,104,140,158,158,145,125,105,89,14,4,3,4,0,0,0,0
0,0,0,0,6,7,16,60,66,80,125,141,126,111,101,59,12,0,0,0,0,0,4,9
6,0,0,0,2,2,14,55,65,77,105,119,114,96,61,56,14,0,0,4,3,9,2,4
9,7,11,4,8,13,31,52,65,90,113,100,111,62,53,56,11,7,0,7,2,0,1,9
13,20,16,18,26,27,38,45,89,137,156,137,105,69,56,49,35,13,7,11,12,10,8,7
0,0,6,5,12,12,41,78,109,157,183,168,147,83,61,69,36,7,6,8,11,8,7,7
0,2,10,11,15,28,62,119,145,165,189,198,163,105,74,87,12,11,8,6,12,11,3,6
8,7,12,17,18,45,111,140,151,193,244,248,215,141,107,46,12,3,6,9,12,8,4,4
6,6,12,17,42,59,119,150,205,255,278,276,236,183,86,33,15,8,10,13,13,11,6,5
0,7,19,29,47,75,124,171,234,335,390,325,238,173,119,67,32,25,14,11,6,3,6,7
0,0,0,11,56,93,125,149,189,244,333,329,222,170,145,106,68,14,12,10,12,11,10,3
3,9,8,8,29,103,107,132,148,179,206,224,198,171,136,113,81,25,27,14,8,0,9,12
9,10,10,9,1,20,100,116,116,133,158,175,176,150,135,112,101,48,10,32,12,11,20,10
0,1,2,10,9,11,23,68,102,115,119,133,138,127,120,106,100,53,20,11,9,9,14,13
0,1,9,7,8,10,13,39,61,96,106,118,105,107,115,102,101,57,10,11,8,8,10,10
0,0,2,4,8,11,13,10,38,52,58,72,65,75,87,103,90,36,11,14,13,12,12,6
2,0,6,0,12,11,13,8,24,32,44,60,52,53,45,47,47,33,15,10,11,12,12,6
6,9,10,10,34,38,36,13,24,26,34,48,49,52,52,47,42,37,16,13,12,10,13,13
0,0,4,13,31,16,48,6,7,7,12,27,50,54,77,55,54,24,24,23,9,7,7,7
0,0,0,27,45,54,40,2,0,6,8,10,14,52,65,77,57,16,14,12,8,3,2,0
0,0,0,13,25,49,12,0,0,2,7,6,10,50,61,73,51,13,10,9,7,6,8,3
0,0,0,0,12,6,0,0,0,6,9,5,13,21,58,58,51,11,10,6,10,0,7,6
0,0,0,1,1,0,0,0,0,0,7,9,12,44,62,76,46,8,13,4,5,3,3,0
0,8,10,9,2,7,5,0,0,0,7,13,20,54,64,74,60,35,8,9,10,9,0,7
0,1,14,11,8,3,2,11,0,0,6,11,36,58,62,82,70,50,23,12,5,0,0,0
0,48,37,14,3,0,0,0,9,9,5,1,15,59,70,89,76,35,17,11,8,5,6,0
8,43,40,15,9,6,0,6,0,10,14,0,0,50,62,69,64,30,14,8,10,4,8,6
26,50,35,14,11,8,8,8,14,10,7,0,0,30,60,72,56,42,14,8,0,0,1,0
51,50,18,6,10,11,11,6,0,0,3,3,0,18,59,47,54,17,13,11,0,1,4,7
50,50,6,0,6,6,0,0,0,3,0,0,2,6,14,60,50,18,13,7,11,11,7,0
51,51,7,0,5,0,1,2,3,0,0,0,5,5,0,11,13,12,10,11,11,5,10,5

7,11,10,4,0,2,0,0,5,9,7,0,6,6,14,9,6,13,8,0,0,2,11,5
12,13,13,12,11,1,0,0,8,11,29,50,50,36,19,17,11,5,26,13,11,3,4,8
4,5,7,6,6,9,8,11,17,8,13,37,52,55,47,35,21,13,24,38,13,3,9,7
0,3,9,5,8,5,19,7,11,12,9,10,13,11,11,7,8,20,12,27,37,4,7,8
0,0,1,0,0,0,6,2,3,13,69,112,131,105,77,47,14,12,14,24,37,14,9,6
0,2,10,5,9,13,12,28,69,87,200,325,319,231,178,103,68,56,27,28,25,21,12,7
5,5,7,10,10,9,13,56,83,121,200,275,246,180,140,110,74,73,59,51,57,29,6,5
0,0,0,4,0,3,13,65,95,144,184,189,160,124,110,107,85,73,84,56,63,59,25,14
0,0,0,0,0,0,13,65,106,147,175,183,161,104,82,78,71,64,68,73,54,40,25,10
0,0,0,0,0,0,39,60,98,137,182,189,156,118,70,16,14,8,4,11,14,11,11,8
0,7,0,0,0,6,47,69,102,145,197,192,164,137,82,51,14,8,0,5,8,0,0,4
0,0,0,0,0,10,46,76,122,156,185,168,143,133,97,68,36,5,0,6,0,2,0,0
0,0,0,3,5,12,42,65,113,153,168,167,152,132,105,75,50,11,4,8,9,0,0,0
0,0,0,0,0,9,31,87,105,140,158,158,145,125,105,90,14,4,3,4,0,0,0,0
0,0,0,0,6,7,17,60,66,80,126,141,126,111,101,60,13,0,0,0,0,0,4,9
6,0,0,0,2,2,14,55,65,78,105,119,114,97,62,56,15,0,0,4,3,9,2,4
9,7,11,5,8,13,30,52,66,90,113,101,111,62,53,56,11,7,0,6,2,0,1,9
13,19,16,19,26,27,38,45,89,138,156,137,105,69,57,50,35,13,7,11,12,10,7,7
0,0,6,5,12,12,43,79,110,158,183,168,147,83,61,69,37,7,6,8,11,8,7,6
0,2,10,11,15,28,62,120,146,165,188,197,162,105,74,86,12,11,8,6,12,11,3,6
8,7,12,17,18,45,111,140,151,193,244,248,214,141,107,45,12,2,6,9,12,8,4,4
5,6,11,17,43,59,119,150,205,254,277,275,236,183,86,33,15,8,10,13,13,11,6,5
0,7,18,29,47,75,124,171,234,335,390,325,237,172,118,67,31,25,14,11,7,3,6,7
0,0,0,11,55,94,126,149,189,245,334,330,222,170,144,106,67,14,12,10,12,12,10,3
3,9,8,8,29,103,107,132,148,179,206,224,198,171,136,113,82,25,27,14,8,0,9,12
9,10,10,9,1,19,100,117,116,133,159,175,176,150,135,112,101,48,10,31,12,11,20,10
0,1,2,10,9,11,24,67,102,115,119,133,138,128,120,106,100,52,20,11,9,8,14,13
0,1,9,7,8,10,13,39,62,96,106,118,105,107,115,102,101,57,10,11,8,8,10,10
0,0,2,5,8,11,13,11,39,52,58,72,65,75,87,103,87,36,11,14,13,12,12,6
2,0,6,0,12,11,13,8,25,32,44,59,51,53,45,47,47,33,15,10,11,12,12,6
6,9,11,10,35,37,36,13,24,26,34,48,48,52,52,47,42,37,17,13,12,10,13,13
0,0,4,13,33,15,48,6,7,7,12,27,50,54,77,55,54,24,24,23,9,7,7,7
0,0,0,28,45,54,40,2,0,6,8,10,14,52,65,77,57,17,14,12,8,3,2,0
0,0,0,13,24,48,12,0,0,2,8,6,10,50,61,73,51,13,10,9,7,6,8,3
0,0,0,0,12,6,0,0,0,6,9,5,13,20,58,58,51,11,10,6,10,0,7,6
0,0,0,1,1,0,0,0,0,0,7,9,12,45,62,76,46,8,13,4,5,3,3,0
0,9,10,9,2,7,5,0,0,0,7,13,19,54,64,74,60,36,8,9,10,9,0,7
0,1,14,11,8,3,2,11,0,0,6,11,35,58,62,82,70,50,23,12,5,0,0,0
0,48,38,14,3,0,0,0,9,9,6,1,15,59,70,89,76,35,17,11,8,5,6,0
8,44,40,15,9,6,0,6,0,10,14,0,0,50,62,69,65,30,14,8,10,4,8,6
26,50,35,14,11,8,8,8,14,10,7,0,0,31,60,72,56,42,14,8,0,0,1,0
51,50,18,6,10,11,11,6,0,0,3,3,0,15,59,46,54,17,13,11,0,1,4,7
50,50,5,0,6,6,0,0,0,3,0,0,2,5,14,60,50,20,13,7,11,11,7,0
51,51,7,0,5,0,1,2,3,0,0,0,5,5,0,11,13,12,10,11,11,5,10,5

7,11,10,4,0,2,0,0,5,9,7,0,6,6,14,9,6,13,7,0,0,2,11,5
12,13,13,12,12,2,0,0,8,11,29,50,50,34,17,17,11,5,26,13,11,3,3,8
4,5,7,6,6,9,8,11,16,8,13,37,50,56,46,35,21,13,25,38,13,3,9,7
0,3,9,5,8,5,19,7,11,12,9,10,13,11,11,7,8,19,12,26,35,4,7,8
0,0,1,0,0,0,6,2,3,13,69,112,131,106,77,47,14,12,14,24,37,14,9,6
0,2,10,5,9,13,12,28,69,86,199,324,319,232,178,103,68,56,27,28,25,21,12,7
5,5,7,10,10,9,13,56,83,122,199,275,246,180,140,110,74,73,59,51,57,28,6,5
0,0,0,4,0,3,13,65,95,144,184,189,160,125,111,107,86,73,84,56,63,59,25,14
0,0,0,0,0,0,13,65,106,147,174,182,161,104,82,78,71,64,68,73,55,41,25,10
0,0,0,0,0,0,40,60,97,136,181,189,155,117,70,16,14,9,4,11,14,11,11,8
0,7,0,0,0,6,46,68,102,144,196,191,163,137,82,51,14,8,0,5,8,0,0,4
0,0,0,0,0,10,47,76,122,155,184,167,142,133,96,68,36,5,0,6,0,2,0,0
0,0,0,3,5,12,42,66,113,153,168,166,150,132,105,75,50,11,4,8,9,0,0,0
0,0,0,0,0,9,34,88,105,141,158,157,144,125,105,90,16,4,3,4,0,0,0,0
0,0,0,0,6,7,19,60,67,81,127,141,125,111,101,61,13,0,0,0,0,0,4,9
6,0,0,0,2,2,14,55,65,78,106,119,114,97,62,56,20,0,0,4,3,9,2,4
9,7,11,5,8,13,32,53,66,90,113,101,111,62,53,57,13,8,0,7,2,0,1,9
13,19,16,18,27,27,38,45,90,138,156,137,105,69,57,50,36,13,8,11,12,10,7,7
0,0,6,5,12,12,44,80,110,158,183,168,146,83,61,70,39,7,6,8,11,7,7,7
0,2,10,11,15,29,62,120,146,165,188,197,161,104,74,87,12,11,8,6,12,11,3,6
8,7,12,18,18,45,111,140,152,193,244,247,213,141,106,45,13,3,6,9,12,8,4,4
5,6,11,17,43,59,119,151,205,254,276,274,235,182,86,32,15,8,10,13,13,11,6,5
0,7,19,29,47,76,124,171,235,335,389,324,236,172,118,67,31,26,14,11,7,3,6,7
0,0,0,12,56,93,126,149,189,245,333,328,222,169,144,106,67,14,12,10,12,11,10,3
3,9,8,8,29,103,107,133,148,180,206,224,198,170,136,113,81,26,27,14,8,0,9,12
9,10,10,9,1,20,100,117,116,133,159,175,176,150,135,112,101,47,10,31,12,11,20,10
0,2,2,10,9,11,23,67,102,115,119,134,138,127,119,106,100,52,20,11,9,8,14,13
0,1,9,8,8,10,13,38,61,96,105,118,105,107,115,102,101,55,10,11,8,8,10,10
0,0,2,5,8,11,13,11,38,52,58,72,65,75,86,103,87,35,11,14,13,12,12,6
2,0,6,0,12,11,13,8,23,32,43,59,51,53,45,46,47,33,15,10,11,12,12,6
6,9,11,10,34,38,36,13,24,26,34,48,49,52,52,47,42,37,17,13,12,10,13,13
0,0,4,13,31,15,48,6,7,7,12,28,50,54,77,55,54,24,24,23,9,7,7,7
0,0,0,28,45,54,40,2,0,6,8,10,14,52,66,77,57,17,14,12,8,3,2,0
0,0,0,14,24,49,12,0,0,2,8,6,10,50,61,73,52,13,11,9,7,6,8,3
0,0,0,0,12,6,0,0,0,6,9,5,13,20,58,58,51,11,10,6,10,0,7,6
0,0,0,1,1,0,0,0,0,0,7,9,12,45,62,76,47,8,13,4,5,3,3,0
0,9,10,9,2,7,5,0,0,0,7,13,19,54,64,74,60,36,8,9,10,9,0,7
0,1,14,11,8,3,2,11,0,0,6,11,35,58,62,82,71,50,23,12,5,0,0,0
0,48,38,15,3,0,0,0,9,9,6,1,15,59,70,89,76,36,17,11,8,5,6,0
9,43,40,15,9,6,0,6,0,10,14,0,0,50,62,69,65,30,14,9,10,4,8,6
26,50,35,14,11,8,8,8,14,10,7,0,1,31,60,72,56,42,14,8,0,0,1,0
51,50,18,6,10,11,11,6,0,0,3,3,0,14,59,47,54,19,13,11,0,1,4,7
50,50,5,0,6,6,0,0,0,3,0,0,1,4,14,60,50,20,13,7,11,11,7,0
51,51,7,0,5,0,1,2,3,0,0,0,5,6,0,11,13,12,11,11,11,5,10,5

6,11,10,4,0,2,0,0,5,9,7,0,6,6,14,9,6,13,7,0,0,2,11,5
12,13,12,12,12,2,0,0,8,11,29,48,50,37,16,17,11,5,26,13,11,3,3,8
3,5,7,6,6,9,8,11,16,8,13,37,50,56,47,35,21,13,24,37,13,3,9,7
0,3,9,5,8,5,19,7,11,12,9,10,13,11,11,7,8,19,12,25,36,4,7,8
0,0,1,0,0,0,6,2,3,13,69,112,131,106,78,48,14,12,14,23,38,14,9,6
0,2,10,5,9,13,12,29,69,87,198,323,319,233,179,103,68,56,27,28,25,21,12,7
5,5,7,10,10,9,13,56,83,121,199,273,246,180,140,110,74,73,59,51,57,29,6,5
0,0,0,4,0,3,13,65,95,143,183,189,161,125,111,107,85,73,84,56,63,58,25,14
0,0,0,0,0,0,13,65,106,147,174,182,161,104,82,78,71,64,68,73,54,41,25,10
0,0,0,0,0,0,39,60,97,136,180,188,155,117,70,16,14,8,4,11,13,11,11,8
0,7,0,0,0,6,48,69,102,144,195,189,161,136,82,50,14,8,0,5,8,0,0,4
0,0,0,0,0,10,46,76,122,154,183,167,142,132,96,68,35,5,0,6,0,2,0,0
0,0,0,3,6,12,42,66,113,152,167,166,150,132,105,74,50,11,4,8,9,0,0,0
0,0,0,0,1,9,35,90,105,140,158,157,144,125,105,89,14,5,3,4,0,0,0,0
0,0,0,0,6,7,20,61,67,81,127,141,126,111,101,60,13,0,0,0,0,0,4,9
6,0,0,0,2,2,14,56,66,78,106,119,115,98,62,56,22,0,0,4,3,9,2,4
9,7,11,5,9,13,31,53,66,90,113,101,111,62,53,57,13,8,0,7,2,0,1,9
13,19,16,18,27,27,38,46,90,138,156,137,105,69,58,50,37,13,8,11,12,10,7,7
0,0,6,5,12,12,44,80,110,157,182,167,146,83,61,70,41,7,6,8,11,7,7,6
0,2,10,11,15,29,62,120,146,165,188,196,160,104,74,90,12,11,8,6,12,11,3,6
8,7,12,18,18,46,112,141,152,193,243,246,211,140,106,44,13,2,6,9,12,8,4,4
6,6,11,17,43,59,119,151,205,254,276,273,234,181,85,32,15,8,10,13,13,11,6,5
0,7,19,29,47,76,124,172,235,336,389,322,235,171,118,67,31,25,14,11,7,3,6,7
0,0,0,12,56,94,126,149,189,245,333,327,221,169,144,105,67,14,12,10,12,11,10,3
3,9,8,8,29,103,107,133,148,180,206,224,198,170,136,113,81,26,27,14,8,0,9,12
9,10,10,9,2,20,100,117,116,133,159,175,176,150,135,112,101,47,10,31,12,11,21,10
0,1,3,10,9,11,24,68,102,115,119,134,138,127,119,106,100,51,20,11,9,8,14,13
0,1,9,8,8,10,13,39,61,95,105,118,105,107,115,102,101,56,10,11,8,8,10,10
0,0,2,5,8,11,13,11,39,52,58,72,65,74,87,103,87,36,11,14,13,12,12,6
2,0,6,0,12,11,13,8,24,32,44,59,52,52,45,47,47,33,15,10,11,12,12,6
6,9,11,10,34,38,36,13,24,26,34,48,49,52,52,47,42,37,17,13,12,10,13,13
0,0,5,13,31,16,48,6,7,7,12,27,50,54,77,55,54,24,24,23,9,7,7,7
0,0,0,28,46,55,42,2,0,6,8,10,14,53,66,77,58,17,14,12,8,3,2,0
0,0,0,14,25,50,12,0,0,2,8,6,10,50,61,74,52,14,11,9,7,6,8,3
0,0,0,0,12,7,0,0,0,6,9,5,13,20,58,58,51,11,10,6,10,0,7,6
0,0,0,1,2,0,0,0,0,0,7,9,12,44,62,76,48,8,13,4,5,3,3,0
0,9,11,10,2,7,5,0,0,0,7,13,19,54,63,74,60,36,8,9,10,9,0,7
0,1,14,11,8,3,2,10,1,0,6,11,34,58,62,82,71,50,24,12,5,0,0,0
0,48,38,15,3,0,0,0,9,9,6,2,15,59,69,89,76,36,17,11,8,5,6,0
9,44,41,17,9,6,0,6,0,10,14,0,0,50,62,69,65,31,14,9,10,4,8,6
27,50,36,14,11,8,8,8,14,10,7,0,1,31,60,72,56,42,14,8,0,0,1,0
51,50,20,6,10,11,11,6,0,0,3,3,0,14,58,47,54,19,13,11,0,1,4,7
50,50,6,0,6,6,0,0,0,3,0,0,0,3,14,60,50,20,13,7,11,11,7,0
52,51,7,0,6,0,1,2,3,0,0,0,5,6,0,11,13,12,11,11,11,5,10,5

6,11,10,4,0,2,0,0,5,9,7,0,6,7,14,9,6,13,8,0,0,2,11,5
12,13,12,12,11,2,0,0,8,11,27,48,50,36,19,17,11,5,28,14,11,3,3,8
3,5,7,6,6,9,8,11,17,8,13,39,52,56,47,37,21,13,25,40,13,3,9,7
0,3,9,5,8,5,19,7,11,12,9,10,13,11,11,7,8,19,12,26,36,4,6,8
0,0,1,0,0,0,6,2,2,13,68,112,131,106,78,48,14,12,14,24,38,14,9,6
0,2,10,5,9,13,12,28,69,86,197,324,319,233,179,103,68,56,27,28,25,21,12,7
5,5,7,10,10,9,13,56,83,121,199,275,247,180,140,110,74,73,59,51,57,29,6,5
0,0,0,4,0,3,13,65,95,144,185,190,162,125,111,107,86,73,84,56,63,59,25,14
0,0,0,0,0,0,13,65,106,148,175,184,162,105,82,78,71,65,68,73,54,41,25,10
0,0,0,0,0,0,41,60,98,137,182,190,156,118,70,16,14,8,4,11,14,11,11,8
0,7,0,0,0,6,48,69,102,145,197,192,163,137,82,51,14,8,0,5,8,0,0,4
0,0,0,0,0,10,47,76,122,156,185,168,143,133,96,68,36,5,0,6,0,2,0,0
0,0,0,3,6,12,42,66,113,153,168,167,151,132,105,75,50,11,4,8,9,0,0,0
0,0,0,0,1,9,35,88,105,140,158,158,145,125,105,89,14,5,3,4,0,0,0,0
0,0,0,0,6,7,20,60,67,81,126,141,126,111,101,60,13,0,0,0,0,0,4,9
6,0,0,0,2,2,14,56,66,78,106,119,115,97,62,56,19,0,0,4,3,9,2,4
9,6,11,5,9,13,31,53,66,90,113,101,111,62,53,57,12,8,0,7,2,0,1,9
13,19,16,18,27,26,38,45,90,138,156,137,105,69,57,50,36,13,7,11,12,10,7,7
0,0,6,5,12,12,44,80,110,157,182,167,145,83,61,70,39,7,6,8,11,8,7,6
0,2,10,11,16,28,62,120,146,165,187,196,159,104,74,90,12,11,8,6,12,11,3,6
7,7,12,17,18,45,111,140,151,193,243,246,212,140,106,43,12,3,6,9,12,8,4,4
6,6,11,17,43,59,119,151,205,254,276,273,234,181,85,32,15,8,10,13,13,11,6,5
0,7,19,29,47,76,124,171,234,336,388,321,235,171,118,66,31,25,13,11,6,3,6,7
0,0,0,12,55,93,126,149,189,245,333,325,220,169,144,105,67,14,12,10,12,11,10,3
3,9,8,8,29,103,107,133,148,180,206,224,197,170,136,112,80,26,27,14,8,0,9,12
9,10,10,9,2,22,100,117,116,133,159,175,176,150,135,112,101,48,10,32,12,11,20,10
0,1,2,10,9,11,25,68,102,115,119,134,138,127,120,106,100,52,19,11,9,8,14,13
0,1,9,8,8,10,13,39,61,95,105,118,105,107,115,102,101,56,10,11,8,8,10,10
0,0,2,5,8,11,13,11,38,52,58,72,65,75,87,103,87,35,11,14,13,12,12,6
2,0,6,0,12,11,13,8,23,32,43,59,51,52,45,47,48,33,16,10,11,12,12,6
6,9,11,10,34,38,36,13,24,26,34,48,48,52,52,47,42,37,17,13,12,10,13,13
0,0,5,13,34,16,50,6,7,7,12,27,50,54,77,55,54,24,24,23,9,7,7,7
0,0,0,28,46,55,42,2,0,7,8,10,14,52,65,77,58,17,14,12,8,2,2,0
0,0,0,14,27,50,12,1,0,2,8,6,10,50,61,74,52,13,11,9,7,6,8,3
0,0,0,0,12,7,0,0,0,6,9,5,12,20,58,58,51,11,10,6,10,0,7,6
0,0,0,2,2,1,1,0,0,0,7,9,12,45,62,76,48,8,13,4,5,3,3,0
0,9,10,10,2,7,5,0,0,0,7,13,18,54,63,74,60,36,8,9,10,9,0,7
0,1,14,11,9,3,2,10,1,0,6,11,34,58,61,82,71,50,23,12,5,0,0,0
0,49,38,15,3,0,0,0,9,9,6,2,15,59,69,88,76,35,17,11,8,5,6,0
9,44,41,17,9,6,0,6,0,10,14,0,0,50,62,69,65,31,14,9,10,4,8,6
26,50,37,14,11,8,8,8,14,10,7,0,1,31,60,72,56,42,14,8,0,0,0,0
51,50,22,6,11,11,11,6,0,0,3,3,0,14,59,46,54,19,13,11,0,1,4,7
50,50,6,0,6,6,0,0,0,3,0,0,0,3,14,60,50,20,13,7,11,11,7,0
52,51,7,0,6,0,1,2,4,0,0,0,6,6,0,11,13,12,10,11,11,5,10,5

6,11,10,4,0,2,0,0,5,9,7,0,6,7,14,9,6,13,8,0,0,2,11,4
12,13,12,12,11,2,0,0,8,11,29,48,50,37,19,18,11,5,28,14,11,3,3,8
4,5,7,6,6,9,8,11,17,8,13,37,51,56,48,37,21,13,25,40,13,3,9,7
0,3,9,5,8,5,19,7,11,12,9,11,13,11,12,8,8,20,12,28,38,5,6,8
0,0,1,0,0,0,6,2,2,13,68,112,131,106,78,48,14,12,14,24,38,14,9,6
0,2,10,5,9,13,12,29,68,86,197,323,319,234,180,104,68,56,27,28,25,21,12,7
5,5,7,10,10,9,13,56,83,121,199,275,247,180,141,110,74,73,59,51,57,29,6,5
0,0,0,4,0,4,13,65,95,144,185,190,162,125,111,107,86,73,84,56,63,59,25,14
0,0,0,0,0,0,13,65,107,148,175,183,162,105,82,78,71,65,68,73,55,43,25,10
0,0,0,0,0,0,39,60,98,137,182,190,156,118,70,18,14,9,4,11,14,11,11,8
0,7,0,0,0,6,48,68,102,145,197,192,164,137,82,51,14,8,0,5,8,0,0,4
0,0,0,0,0,10,47,76,122,156,185,169,143,133,96,68,36,5,0,6,0,2,0,0
0,0,0,3,6,12,42,65,113,153,168,168,152,132,105,74,50,11,4,8,9,0,0,0
0,0,0,0,1,9,34,88,105,140,158,158,145,125,105,89,14,5,3,4,0,0,0,0
0,0,0,0,6,7,21,60,67,81,125,141,126,111,101,59,13,0,0,0,0,0,4,9
5,0,0,0,2,2,14,55,65,78,105,119,114,96,61,56,15,0,0,4,3,9,2,4
9,6,11,5,9,13,32,53,66,90,112,100,111,62,53,56,12,7,0,6,2,0,1,9
13,19,16,19,27,26,38,45,90,137,155,137,105,69,57,50,36,13,7,11,12,10,7,7
0,0,6,5,12,12,44,80,110,157,182,167,146,83,61,69,38,7,6,8,11,7,7,7
0,2,10,11,16,28,62,120,146,165,187,196,159,104,73,87,12,11,8,6,12,11,3,6
7,7,12,18,18,45,111,140,152,193,243,246,212,140,106,43,12,2,6,9,12,8,4,4
6,6,11,17,43,60,119,152,205,254,276,273,234,181,85,32,15,8,10,13,13,11,6,5
0,7,19,29,47,77,124,172,235,337,389,322,235,171,118,66,31,25,14,11,6,3,6,7
0,0,0,12,56,95,126,149,189,245,334,327,220,169,144,105,67,14,12,10,12,11,10,3
3,9,8,8,31,103,107,133,148,180,206,224,197,170,135,112,81,25,27,14,8,0,9,12
9,10,10,9,2,20,100,117,116,133,159,175,176,150,135,112,101,47,10,30,12,11,21,10
0,2,2,10,9,11,24,68,102,115,119,134,138,127,119,106,100,51,20,11,9,8,14,13
0,1,9,8,8,10,13,38,61,96,105,118,105,107,115,102,101,56,10,11,8,8,10,10
0,0,2,5,8,11,13,11,40,52,58,72,65,74,86,103,87,36,11,14,13,12,12,6
3,0,6,0,12,12,13,8,25,32,43,59,51,53,45,46,47,33,15,10,11,12,12,6
6,9,11,10,35,38,36,13,24,26,34,48,48,52,51,47,42,37,17,13,12,10,13,13
0,0,5,13,34,16,50,6,7,8,12,27,50,54,77,55,54,24,24,23,9,7,6,7
0,0,0,29,45,55,43,2,0,7,8,10,14,52,65,77,57,17,14,12,8,2,2,0
0,0,0,14,27,50,12,1,0,2,8,6,10,50,60,73,52,13,11,9,7,6,8,3
0,0,0,0,12,7,0,0,0,6,9,5,13,20,58,58,51,11,10,6,10,0,7,6
0,0,0,2,2,1,1,0,0,0,7,9,12,44,62,75,47,8,13,4,4,3,3,0
0,9,11,10,2,7,5,0,0,0,7,13,19,54,63,74,60,36,8,9,10,9,0,7
0,2,14,11,9,4,2,10,1,0,6,11,35,58,62,82,71,50,24,12,5,0,0,0
0,49,38,16,3,0,0,0,10,9,6,2,15,59,70,88,76,36,17,11,8,5,6,0
9,44,41,18,9,6,0,6,0,10,14,0,0,50,62,69,65,31,14,9,10,4,9,6
28,50,36,14,11,9,8,8,14,10,7,0,1,31,60,72,56,42,14,8,0,0,0,0
51,50,24,6,10,11,11,6,0,0,3,3,0,14,58,46,54,18,13,11,0,1,4,7
50,50,6,0,6,7,0,0,0,3,0,0,0,3,14,60,50,21,13,7,11,11,7,0
52,51,7,0,6,0,1,2,4,0,0,0,6,6,0,11,13,12,11,11,11,5,10,5
4,11,2,0,0,0,9,0,7,0,0,0,30,11,11,3,3,0,5,0,0,7,8,6
6,7,6,8,9,0,0,11,0,10,8,2,19,22,12,8,3,0,1,4,0,10,12,10
5,11,7,14,27,33,35,26,28,39,45,50,9,10,12,52,11,4,5,2,0,4,6,6
7,7,12,26,34,50,38,53,52,55,57,56,26,4,3,55,50,51,7,7,11,7,8,0
8,12,16,36,38,40,64,66,75,74,58,58,14,8,0,48,54,60,55,13,6,4,0,0
10,12,14,31,47,55,75,83,109,124,105,87,64,48,28,18,52,67,76,58,23,14,3,4
0,1,11,29,39,52,65,78,136,170,168,151,115,85,64,60,62,82,108,99,55,15,10,9
1,9,6,11,9,64,81,120,154,143,127,119,114,111,102,96,106,119,132,137,97,45,8,8
0,5,13,29,66,94,117,162,176,140,125,113,107,93,104,111,109,125,127,125,123,65,13,12
5,14,14,52,65,87,119,130,145,136,108,66,60,63,60,64,76,75,89,57,57,25,0,4
7,13,13,47,67,114,148,163,163,125,112,79,13,9,9,5,11,51,54,17,13,7,7,0
0,9,13,39,73,115,148,171,161,141,132,73,58,18,12,13,14,15,28,14,11,5,0,0
2,0,10,51,67,114,124,149,154,139,133,104,56,48,15,13,17,13,11,13,3,4,1,3
0,10,14,47,94,123,129,143,140,145,126,102,61,43,14,0,1,1,2,5,3,2,0,0
7,4,0,51,93,107,122,138,134,129,111,90,56,33,11,3,0,0,3,4,4,0,0,0
0,4,10,27,53,84,123,105,107,100,105,83,62,50,8,0,0,0,0,0,0,0,0,0
0,0,7,29,54,103,75,85,81,77,69,85,54,51,16,11,7,10,3,0,6,4,0,1
0,7,13,29,38,56,78,116,122,89,85,66,56,53,39,29,23,22,15,10,14,12,11,7
0,5,6,35,80,81,122,144,146,112,91,97,103,82,41,13,11,8,8,6,1,9,0,0
0,0,7,53,104,131,175,217,199,156,131,120,105,70,51,14,11,7,6,0,3,3,0,0
1,7,36,63,98,141,180,266,284,202,142,114,102,86,36,12,11,11,7,0,9,4,0,0
9,23,48,70,115,144,194,264,285,246,140,67,47,40,34,22,13,14,10,8,4,0,0,0
3,15,60,105,128,151,227,247,242,199,139,100,42,32,29,24,14,18,12,5,5,5,0,0
3,25,88,116,134,183,231,249,228,199,147,105,69,47,31,13,10,0,0,1,0,0,0,0
12,13,56,105,131,156,191,210,204,178,146,109,69,52,29,11,7,0,0,5,0,0,2,3
11,23,66,84,119,148,161,178,172,167,145,106,76,16,9,11,7,0,5,0,0,7,6,7
9,7,19,66,104,114,132,147,149,148,122,101,45,24,20,8,6,10,9,1,0,0,5,0
7,10,11,25,58,111,123,137,133,132,115,66,56,34,22,11,14,9,8,0,0,0,3,0
10,14,13,23,50,97,109,122,117,112,100,55,20,14,22,8,0,11,10,7,5,0,7,4
7,12,10,13,47,61,62,73,63,55,55,40,9,27,11,9,7,1,5,6,0,7,4,5
11,18,11,11,42,73,53,63,62,59,50,34,14,30,35,26,17,9,10,10,12,8,13,7
5,14,11,19,33,63,75,114,91,77,51,14,12,8,13,9,8,7,9,4,7,3,0,0
6,8,13,11,36,63,135,144,97,61,43,11,13,8,13,13,6,6,0,0,0,0,0,0
9,12,9,10,14,75,88,97,75,52,13,8,4,14,11,9,5,3,3,0,0,0,0,0
6,13,6,12,22,67,84,80,45,25,4,2,10,19,12,8,4,0,0,0,0,0,0,0
0,9,5,11,50,79,70,59,52,24,8,1,4,14,11,8,6,2,0,0,0,0,0,0
0,7,9,16,51,74,76,58,22,12,10,9,12,12,13,12,9,5,3,0,0,1,0,0
0,2,9,37,43,85,75,57,11,17,7,1,11,14,15,13,8,6,0,3,4,0,3,0
0,11,10,54,72,83,88,59,10,14,9,7,12,18,37,21,10,0,0,3,0,0,0,0
5,9,27,53,81,100,71,54,4,13,10,0,11,14,38,50,14,5,8,5,0,0,0,0
0,5,9,28,55,55,60,15,0,9,6,5,0,11,43,41,34,8,6,4,3,6,6,0
6,7,2,14,55,66,59,0,6,10,4,6,4,7,11,50,40,14,12,6,2,0,4,6
2,7,11,16,50,58,60,0,3,13,6,0,4,8,9,11,14,3,5,10,2,8,0,0
3,9,4,13,18,26,14,0,0,5,9,2,0,2,5,10,13,14,11,13,12,10,0,3

4,11,2,0,0,0,9,0,7,0,0,0,30,11,11,3,4,0,5,0,0,7,8,6
6,7,6,8,9,0,0,11,0,10,8,2,19,24,12,8,3,0,1,4,0,10,12,10
5,11,7,14,27,33,35,26,27,40,43,48,9,10,12,52,11,4,5,3,0,5,6,6
7,7,12,26,34,50,38,53,52,55,58,56,26,4,2,55,50,51,7,7,12,7,8,0
8,12,16,36,38,40,64,66,75,74,58,59,15,8,0,50,54,60,55,13,6,4,0,0
10,12,14,31,47,56,75,83,109,124,105,87,64,48,28,18,52,66,76,58,24,14,3,4
0,1,11,29,40,51,65,78,136,170,169,152,115,85,64,60,62,82,108,99,55,15,10,9
1,9,6,11,9,65,81,121,154,143,127,119,114,111,102,96,106,119,132,137,98,46,8,8
0,5,13,29,66,94,117,162,176,141,125,113,106,93,104,111,109,125,127,125,123,65,14,12
5,14,14,52,65,87,119,130,145,136,108,66,60,63,60,64,76,75,89,57,57,25,0,4
7,13,13,48,67,115,149,163,164,125,112,79,13,9,9,5,11,51,54,17,13,7,7,0
0,9,13,40,73,115,149,172,161,141,133,73,58,18,12,13,14,15,27,14,11,6,0,0
2,0,10,51,67,114,125,149,154,139,133,104,56,47,15,13,17,13,11,13,3,4,1,3
0,10,14,48,94,123,129,143,140,145,126,102,61,43,14,0,1,1,1,5,3,2,0,0
7,4,0,51,93,107,122,137,134,129,111,89,56,32,11,3,0,0,3,4,4,0,0,0
0,4,10,27,53,83,123,105,107,101,105,84,62,50,8,0,0,0,0,0,0,0,0,0
0,0,7,28,54,103,75,85,81,77,69,85,54,51,15,11,7,10,3,0,6,4,0,1
0,7,13,29,38,56,78,115,122,89,85,66,56,53,39,30,23,22,15,10,14,12,11,7
0,5,6,35,80,81,122,144,146,112,90,96,103,80,40,13,11,8,8,6,1,9,0,0
0,0,7,53,104,131,175,217,200,156,131,120,104,70,51,14,11,7,6,0,3,3,0,0
1,7,37,63,98,141,180,266,284,203,141,114,102,87,36,12,11,11,7,0,9,4,0,0
9,24,48,70,115,144,194,264,285,247,141,67,46,40,34,22,13,14,10,8,4,0,0,0
3,15,60,105,128,151,228,247,241,199,139,100,42,32,29,24,14,18,12,5,5,5,0,0
3,24,88,116,134,184,231,249,228,200,147,105,69,45,30,13,10,0,0,1,0,0,0,0
12,13,56,105,131,156,191,210,204,178,146,109,70,52,30,11,7,0,0,5,0,0,2,3
11,23,67,85,119,148,161,178,172,166,145,106,76,17,9,11,7,0,5,0,0,7,6,7
9,7,20,66,104,114,132,147,149,148,122,101,44,25,22,8,6,10,9,1,0,0,5,0
7,10,11,24,58,111,123,137,133,132,115,66,57,34,22,11,14,9,8,0,0,0,3,0
10,14,13,23,50,98,109,122,117,112,100,55,20,14,22,8,0,11,10,7,5,0,7,4
7,12,10,14,47,61,62,73,63,55,55,40,9,27,11,9,7,1,5,6,0,6,4,5
11,18,11,11,43,73,53,63,63,59,50,34,14,30,35,26,17,9,10,10,12,8,13,7
5,15,11,19,33,63,75,114,91,77,52,14,12,8,13,9,8,7,9,4,7,3,0,0
6,8,13,11,37,63,135,144,98,61,43,11,13,8,13,12,6,6,0,0,0,0,0,0
9,12,9,10,14,75,88,97,75,52,13,8,4,13,11,9,5,3,3,0,0,0,0,0
6,13,6,12,23,67,84,80,45,25,5,2,10,17,12,8,4,0,0,0,0,0,0,0
0,9,5,11,50,79,71,60,52,24,8,1,5,14,10,7,6,2,0,0,0,0,0,0
0,7,10,16,51,74,76,58,22,13,11,10,12,12,13,11,9,4,3,0,0,1,0,0
0,2,9,37,43,85,75,57,11,17,7,1,12,14,15,13,8,6,0,3,4,0,3,0
0,11,11,54,72,84,89,59,10,14,9,7,12,18,38,20,10,0,0,3,0,0,0,0
5,9,27,53,81,100,71,54,4,13,10,0,11,14,38,50,14,5,8,5,0,0,0,0
0,5,9,28,56,55,61,15,0,9,6,5,0,11,43,41,33,8,6,4,3,7,6,0
6,7,2,14,55,66,59,0,6,10,4,6,4,7,12,50,40,14,12,6,2,0,4,6
2,7,11,16,50,58,60,0,3,13,6,0,4,8,10,11,15,3,5,10,2,8,0,0
3,9,4,13,18,26,14,0,0,5,9,2,0,2,5,10,13,14,11,13,12,10,0,3

4,11,2,0,0,1,9,0,7,0,0,0,29,11,11,3,3,0,5,0,0,7,8,6
6,7,6,8,9,0,0,11,0,10,8,2,19,24,11,8,3,0,1,4,0,10,12,10
5,11,8,14,28,33,36,26,28,40,45,50,9,10,12,52,11,4,5,3,0,5,6,6
7,7,13,26,35,50,38,53,52,55,57,56,25,4,2,56,50,51,7,7,12,7,8,0
8,12,17,36,38,40,64,66,75,74,58,59,15,8,0,50,54,59,55,13,6,4,0,0
10,12,14,31,47,56,75,83,110,124,106,87,65,48,29,18,52,67,76,58,24,14,3,4
0,1,11,29,40,52,65,78,137,171,169,152,116,85,64,60,62,82,108,99,55,16,10,9
1,9,6,11,9,64,81,121,155,144,128,119,114,111,102,95,106,119,132,137,97,45,8,8
0,5,13,29,66,94,116,161,176,141,125,113,107,92,104,111,109,125,127,125,123,65,14,12
5,14,14,52,65,86,118,130,145,136,109,67,60,63,60,64,75,75,89,57,57,24,0,5
7,13,13,46,67,113,147,162,162,126,112,80,13,9,9,5,11,51,54,15,13,7,6,0
0,9,13,39,72,114,147,170,160,142,133,74,58,18,12,13,14,14,26,14,11,5,0,0
2,0,10,51,67,113,123,148,153,139,134,104,56,48,15,13,17,13,11,13,3,3,1,3
0,10,14,48,94,123,129,143,140,145,127,102,62,48,14,0,1,1,1,5,3,2,0,0
7,4,0,52,94,108,122,137,133,129,112,93,57,36,11,4,0,0,3,4,4,0,0,0
0,5,10,29,54,84,123,105,107,101,106,85,63,50,9,0,0,0,0,0,0,0,0,0
0,0,7,34,55,103,76,85,81,77,70,87,55,51,20,11,7,10,3,0,6,4,0,1
0,7,13,29,38,56,78,116,122,89,86,67,57,54,40,30,23,22,15,10,14,12,11,7
0,5,6,35,81,81,122,144,145,112,91,97,104,84,42,13,11,8,8,6,1,9,0,0
0,0,7,53,105,132,175,215,197,156,131,121,105,71,52,14,11,7,6,0,3,3,0,0
1,7,37,64,99,141,181,264,278,198,141,114,102,88,37,12,11,11,7,0,9,4,0,0
9,24,49,70,115,145,195,262,281,239,139,67,47,40,34,21,13,14,10,7,4,0,0,0
3,15,60,105,128,151,228,247,240,197,139,99,42,32,29,23,14,17,12,5,5,5,0,0
3,26,89,116,135,184,232,249,227,199,147,105,68,45,31,13,10,0,0,1,0,0,0,0
12,13,56,105,131,157,192,210,204,178,145,109,69,51,30,11,7,0,0,5,0,0,2,3
11,23,68,85,119,149,161,178,172,166,144,106,76,19,9,11,7,0,5,0,0,7,6,8
9,7,20,67,104,115,133,147,149,148,122,101,43,27,22,8,6,10,9,0,0,0,5,0
7,10,11,27,58,111,123,137,133,132,115,66,56,35,23,11,14,9,8,0,0,0,3,0
10,14,13,23,50,98,109,122,117,112,100,55,21,14,23,8,0,11,10,7,5,0,7,4
7,12,10,14,47,61,62,73,63,55,56,40,9,27,11,9,8,1,5,6,0,6,4,5
11,18,11,12,43,73,53,63,62,59,50,34,14,31,35,26,17,9,10,10,12,8,13,7
5,15,11,19,33,63,75,114,91,77,52,14,12,8,13,9,8,7,9,3,7,3,0,0
6,8,13,11,37,64,135,144,97,61,43,11,13,8,13,12,6,6,0,0,0,0,0,0
9,12,9,10,14,75,88,98,76,52,13,8,4,13,11,8,5,3,3,0,0,0,0,0
6,13,6,12,23,67,84,81,45,26,5,2,10,17,12,8,4,0,0,0,0,0,0,0
0,9,5,11,50,80,71,60,52,24,9,1,5,14,10,7,6,1,0,0,0,0,0,0
0,7,10,16,51,75,76,58,22,13,11,10,12,12,13,11,8,5,3,0,0,1,0,0
0,2,9,38,43,86,76,57,11,17,7,1,12,14,15,13,8,6,0,3,4,0,3,0
0,11,11,54,73,84,89,60,10,14,10,7,12,20,38,20,10,0,0,3,0,0,0,0
5,9,28,53,82,100,72,54,4,13,10,0,11,14,39,50,14,5,8,5,0,0,0,0
0,5,9,30,55,55,61,15,0,9,7,5,0,11,44,41,33,8,6,4,3,7,6,0
6,8,2,14,55,66,59,0,6,10,4,7,5,7,12,50,40,14,11,6,2,0,4,6
2,7,12,17,50,58,60,0,3,13,6,0,4,8,10,11,15,3,5,10,2,8,0,0
3,9,4,13,18,27,14,0,0,5,9,2,0,2,5,10,13,14,11,13,12,10,0,3

4,11,2,0,0,0,9,0,7,0,0,0,29,11,11,3,3,0,5,0,0,7,8,6
7,7,6,8,9,0,0,11,0,10,8,2,19,22,11,8,3,0,1,4,0,10,12,10
5,11,8,14,27,33,35,26,28,40,45,50,9,10,12,52,11,4,5,3,0,5,6,6
7,7,13,27,35,50,38,53,52,55,58,56,25,4,2,55,50,51,7,7,12,7,8,0
8,12,17,36,38,40,64,66,75,74,57,59,15,8,0,48,54,59,55,13,6,4,0,0
10,12,14,31,47,56,75,83,110,125,106,87,65,48,29,18,52,67,76,58,23,14,3,4
0,1,11,29,39,51,65,78,137,171,169,152,115,85,64,60,62,82,108,99,55,15,10,9
1,9,6,11,9,64,81,120,154,144,128,119,114,111,101,95,106,119,132,136,97,45,8,8
0,5,13,28,66,94,116,161,175,141,125,113,107,92,103,111,108,125,127,125,123,64,13,12
5,14,14,52,65,85,117,129,145,136,109,67,61,63,60,64,75,75,89,57,57,25,0,5
7,13,13,45,66,112,146,161,162,125,112,80,13,9,9,5,11,51,54,16,12,7,6,0
0,9,13,39,72,113,146,169,160,141,133,74,58,18,12,13,14,15,26,14,11,5,0,0
2,0,10,51,66,113,122,148,153,139,134,104,56,50,15,13,18,13,11,13,3,3,1,2
0,10,13,47,93,122,128,143,140,145,127,102,62,50,14,0,1,1,1,5,3,1,0,0
7,4,0,51,94,108,122,137,133,129,112,94,58,38,12,4,0,0,3,4,4,0,0,0
0,5,10,29,54,84,123,105,107,101,106,86,63,50,10,0,0,0,0,0,0,0,0,0
0,0,7,37,55,103,76,85,81,78,70,88,56,51,24,11,7,10,3,0,6,4,0,1
0,7,13,30,39,56,78,116,123,90,87,68,57,54,41,30,23,22,15,10,14,12,11,7
0,5,6,36,82,82,122,144,145,112,91,99,104,87,45,13,11,8,8,6,1,9,0,0
0,0,7,54,105,132,176,214,196,156,132,121,105,72,52,14,11,7,6,0,3,3,0,0
1,7,38,64,100,142,181,261,272,195,141,114,102,90,39,12,11,11,7,0,9,4,0,0
9,24,49,71,115,145,195,261,277,233,138,67,47,40,33,21,13,14,10,7,4,0,0,0
3,16,60,105,129,152,228,246,239,195,138,100,42,32,28,23,14,17,12,5,5,5,0,0
3,28,89,116,135,185,232,248,227,198,146,104,69,47,30,12,10,0,0,1,0,0,0,0
12,13,57,105,131,157,192,210,204,177,145,109,69,52,27,11,7,0,0,5,0,0,2,3
11,24,69,86,119,149,161,178,172,166,144,106,75,20,9,11,7,0,5,0,0,7,6,7
9,7,21,67,104,115,133,147,149,148,122,101,44,25,22,8,6,10,9,0,0,0,5,0
7,10,11,27,58,111,124,137,133,132,115,65,55,34,23,11,14,9,8,0,0,0,3,0
10,14,13,23,50,98,109,122,117,112,100,55,21,14,23,8,0,11,10,7,5,0,7,4
7,12,10,14,47,62,62,73,63,55,56,40,9,27,11,9,7,1,4,6,0,7,4,5
11,18,11,12,43,73,53,63,62,59,50,34,14,30,35,25,17,9,10,10,12,8,13,7
5,15,11,19,33,63,75,114,91,77,52,14,12,8,13,9,8,7,9,3,7,3,0,0
6,9,13,11,37,64,136,145,97,61,44,11,13,8,13,12,6,6,0,0,0,0,0,0
9,12,9,10,15,75,88,98,76,52,14,8,4,13,11,8,5,4,3,0,0,0,0,0
6,13,6,12,23,67,84,81,45,27,5,2,10,17,12,8,4,0,0,0,0,0,0,0
0,9,5,11,50,80,71,60,52,24,9,1,5,14,10,7,6,2,0,0,0,0,0,0
0,7,10,16,51,75,76,58,22,13,11,10,12,12,13,11,8,4,3,0,0,1,0,0
0,2,9,38,43,86,76,57,11,18,7,1,12,14,16,13,8,6,0,3,4,0,3,0
0,11,11,54,73,84,89,60,10,15,10,8,12,20,38,21,10,0,0,4,0,0,0,0
5,9,28,53,82,100,72,54,4,13,10,0,11,14,39,50,14,5,8,5,1,0,0,0
0,5,9,29,55,55,61,16,0,9,7,5,0,11,44,41,33,8,6,4,3,7,6,0
6,8,2,14,55,66,59,0,6,10,5,7,5,7,12,50,41,15,12,6,2,0,4,6
2,7,12,17,50,58,60,0,3,13,6,0,4,8,10,11,15,3,5,10,2,8,0,0
3,9,4,13,18,27,14,0,0,4,9,2,0,2,5,10,13,14,11,13,12,10,0,3

4,11,2,0,0,0,9,0,7,0,0,0,30,11,11,3,4,0,5,0,0,7,8,6
7,7,6,8,9,0,0,11,0,10,9,2,19,24,12,8,3,0,2,4,0,10,12,11
5,11,8,14,28,33,36,26,27,40,45,50,9,10,12,52,12,5,5,3,0,5,6,7
7,7,12,26,34,50,38,53,52,55,57,57,26,4,2,55,50,51,7,7,12,7,8,0
8,12,16,36,38,40,64,66,75,74,58,59,16,8,0,48,54,60,55,13,6,4,0,0
10,12,14,31,47,56,75,83,110,125,106,87,65,48,28,18,52,67,76,58,24,14,3,4
0,1,11,28,40,51,65,78,136,170,169,151,115,85,64,60,61,82,108,99,55,15,10,9
1,9,6,11,9,64,81,120,153,142,127,119,114,110,101,95,106,119,132,136,97,45,8,8
0,5,13,30,66,94,116,161,175,141,125,113,106,92,103,111,108,125,126,124,123,64,13,12
5,14,14,52,65,86,118,130,145,136,109,67,60,63,60,64,75,75,89,57,57,24,0,5
7,13,13,45,66,113,147,162,163,126,112,80,13,9,9,5,11,51,54,16,13,7,6,0
0,9,13,39,72,113,147,170,160,142,133,74,58,18,12,13,14,15,27,14,11,5,0,0
2,0,10,51,66,113,123,148,153,139,134,104,56,48,15,13,17,13,11,13,3,3,1,3
0,10,14,50,94,123,129,143,140,145,127,102,62,50,14,0,1,1,1,5,3,1,0,0
7,4,0,51,93,107,122,137,133,129,112,92,57,36,11,4,0,0,3,4,4,0,0,0
0,4,10,28,54,84,123,105,107,101,106,85,63,50,10,0,0,0,0,0,0,0,0,0
0,0,7,33,55,103,75,85,81,77,70,87,55,51,22,11,7,10,3,0,6,4,0,1
0,7,13,29,38,56,78,116,122,89,86,67,57,54,40,30,23,22,15,10,14,12,11,7
0,5,6,35,81,81,122,144,145,112,91,98,104,85,45,13,11,8,8,6,1,9,0,0
0,0,7,54,105,132,176,215,197,155,131,121,105,72,52,14,11,7,6,0,3,3,0,0
1,7,37,63,99,141,181,266,279,198,141,114,102,89,39,12,11,11,7,0,9,4,0,0
9,24,49,70,115,145,195,263,283,240,139,67,47,40,34,21,13,14,10,7,4,0,0,0
3,16,60,105,128,152,228,247,240,197,139,100,43,32,29,24,14,18,12,5,5,5,0,0
3,26,89,116,135,184,231,249,227,199,147,105,69,47,30,13,10,0,0,1,0,0,0,0
12,13,56,105,131,157,191,210,204,178,146,109,69,52,30,11,7,0,0,5,0,0,2,3
11,23,68,85,119,149,161,178,172,166,144,106,76,19,9,11,7,0,5,0,0,7,6,7
9,7,20,66,104,115,133,147,149,148,122,101,45,27,22,8,6,10,9,0,0,0,5,0
7,10,11,27,58,111,124,137,133,132,115,66,56,36,24,11,14,9,8,0,0,0,3,0
10,14,13,23,50,98,109,122,118,112,100,55,21,14,23,8,0,11,10,7,5,0,7,4
7,12,10,14,47,62,62,74,63,55,56,40,10,27,11,9,7,1,4,6,0,6,4,5
11,18,11,12,43,73,53,63,63,59,50,35,14,31,35,26,17,9,10,10,12,8,12,7
5,15,11,19,33,63,76,114,92,77,52,14,12,8,13,9,8,7,9,3,7,2,0,0
6,9,13,11,37,63,136,145,98,61,45,11,13,8,13,12,6,6,0,0,0,0,0,0
9,12,9,10,14,75,88,98,76,52,14,8,4,13,11,8,4,3,3,0,0,0,0,0
6,13,6,12,24,67,84,81,45,27,5,2,10,18,12,8,4,0,0,0,0,0,0,0
0,9,5,11,50,79,70,60,52,25,9,1,5,14,10,7,6,1,0,0,0,0,0,0
0,7,10,16,51,74,76,58,22,13,11,10,12,12,13,11,8,4,3,0,0,0,0,0
0,2,9,38,43,85,75,57,11,18,8,2,12,14,16,13,8,6,0,3,4,0,3,0
0,11,11,54,72,84,89,60,10,14,10,8,12,19,38,20,10,0,0,3,0,0,0,0
5,9,27,53,81,100,72,54,4,13,10,0,11,14,39,50,14,5,8,5,0,0,0,0
0,5,9,28,55,55,61,16,0,9,7,5,0,11,43,41,35,8,6,4,3,6,6,0
6,8,2,14,55,66,59,0,6,10,5,7,5,7,12,50,41,15,12,6,2,0,4,6
2,7,12,16,50,58,60,0,3,13,6,0,4,8,10,11,17,3,6,10,2,8,0,0
3,9,4,13,18,27,14,0,0,4,9,2,0,2,5,10,13,14,12,13,12,10,0,3

4,11,2,0,0,0,9,0,7,0,0,0,30,11,11,3,4,0,5,0,0,7,8,6
6,7,6,8,9,0,0,11,0,10,9,2,19,25,12,8,3,0,2,4,0,10,12,10
5,11,8,14,28,33,36,26,28,40,45,50,9,10,12,52,12,5,5,3,0,5,6,7
7,7,12,27,34,50,38,53,52,55,58,57,26,5,2,55,50,51,7,7,12,8,8,0
8,12,16,36,38,40,64,66,76,75,58,59,16,8,0,48,54,60,55,13,6,4,0,0
10,12,14,31,47,56,75,83,112,126,107,88,65,48,29,18,52,66,75,58,24,14,3,4
0,1,11,28,40,51,66,78,137,171,168,151,115,84,64,60,61,82,107,98,55,15,9,9
1,9,6,11,9,65,82,121,154,143,127,118,114,110,101,95,106,118,131,135,95,43,8,7
0,5,13,28,66,94,117,162,176,141,125,113,106,92,103,110,108,124,126,123,121,64,13,12
5,14,14,52,65,86,119,130,145,136,109,66,61,63,60,64,75,75,89,57,57,23,0,4
7,13,13,47,66,114,148,162,163,126,112,80,13,9,9,5,11,51,54,15,12,7,7,0
0,9,13,39,72,114,148,171,161,142,133,74,58,18,12,13,14,14,26,14,10,5,0,0
2,0,10,51,66,114,124,149,154,139,134,104,56,50,15,13,17,13,11,12,2,3,1,3
0,10,14,47,93,123,129,143,140,145,127,102,62,48,14,0,0,1,1,5,3,1,0,0
7,4,0,51,93,107,122,137,133,129,112,91,57,35,11,4,0,0,3,4,4,0,0,0
0,4,10,27,53,84,123,105,106,101,106,85,63,50,9,0,0,0,0,0,0,0,0,0
0,0,7,29,55,103,75,85,81,77,70,86,55,51,22,11,7,10,3,0,6,4,0,1
0,7,13,29,38,56,78,116,122,89,85,67,57,54,40,30,23,22,15,10,14,12,11,7
0,5,6,35,80,81,122,144,145,111,91,97,104,85,44,13,11,8,8,6,1,9,0,0
0,0,7,53,105,131,176,217,198,155,131,121,105,71,52,14,11,7,6,0,3,3,0,0
1,7,36,62,98,141,181,270,286,202,141,114,102,89,39,12,11,11,7,0,9,4,0,0
9,23,48,70,115,145,195,266,288,248,140,67,47,40,34,21,13,14,10,7,4,0,0,0
3,15,60,105,128,151,227,247,242,199,140,100,43,33,29,24,15,17,12,5,5,5,0,0
3,25,88,116,134,183,230,248,227,200,147,105,70,48,31,13,10,0,0,1,0,0,0,0
12,13,56,105,131,156,190,209,204,178,146,109,70,54,30,11,7,0,0,5,0,0,2,3
11,22,67,85,119,148,160,178,172,166,145,106,76,19,10,11,7,0,5,0,0,7,6,7
9,7,19,65,104,114,133,147,149,148,122,101,45,27,20,8,6,10,9,0,0,0,5,0
7,10,11,24,58,111,123,137,133,132,115,66,55,35,22,11,14,8,8,0,0,0,3,0
10,14,13,23,50,98,109,122,118,112,100,55,22,14,24,9,0,11,10,7,5,0,7,4
7,12,10,14,46,62,63,74,64,56,56,41,10,28,11,10,8,1,4,6,0,6,4,4
11,18,11,11,42,73,53,64,63,59,50,34,14,31,35,26,17,9,10,10,12,8,12,7
5,15,11,19,33,63,75,115,92,77,52,14,12,8,13,9,8,7,9,3,7,3,0,0
6,9,13,11,37,63,135,146,99,62,45,12,13,9,13,13,6,6,0,0,0,0,0,0
9,12,9,10,14,75,88,98,77,52,14,8,4,13,11,8,4,3,2,0,0,0,0,0
6,13,6,12,24,66,84,81,46,28,5,3,10,20,12,8,4,0,0,0,0,0,0,0
0,9,5,11,50,79,70,60,52,25,9,2,5,14,11,8,6,0,0,0,0,0,0,0
0,7,9,16,51,73,76,58,23,13,11,10,12,12,13,12,9,4,3,0,0,0,0,0
0,2,9,37,43,84,75,57,12,18,8,2,12,14,16,13,8,6,0,3,4,0,2,0
0,11,11,54,72,83,89,60,11,14,10,8,12,18,39,23,10,0,0,3,0,0,0,0
5,9,27,52,81,100,72,54,4,13,10,0,11,14,39,50,14,5,8,4,0,0,0,0
0,5,9,28,55,55,61,17,0,9,7,5,0,11,43,42,35,9,6,4,3,6,6,0
6,7,2,14,54,66,59,0,7,10,5,7,5,7,12,50,42,15,12,6,2,0,4,6
2,7,12,16,50,59,60,0,3,13,6,0,4,8,9,11,17,3,6,10,2,8,0,1
3,9,4,13,18,26,14,0,0,4,9,2,0,2,5,10,13,14,12,13,12,10,0,4

4,11,2,0,0,0,9,0,7,0,0,0,39,12,11,3,4,0,5,0,0,7,8,6
6,7,6,9,9,0,0,11,0,11,10,3,28,30,12,8,3,0,1,4,0,10,12,10
5,11,8,14,30,35,36,26,31,44,48,54,10,11,13,53,12,5,4,2,0,5,6,7
7,7,12,27,34,50,38,53,52,55,58,58,37,6,3,56,50,51,7,7,11,7,8,0
8,12,16,36,38,39,64,66,76,75,58,59,18,9,0,48,54,60,55,13,6,4,0,0
10,12,14,30,47,55,74,83,110,126,107,88,65,48,29,17,52,67,75,57,23,14,2,4
0,1,11,28,39,51,65,79,140,171,166,149,114,84,64,59,61,82,107,97,55,14,9,9
1,9,6,11,9,64,81,121,155,144,127,118,113,109,100,94,105,118,130,133,92,41,8,7
0,5,13,28,65,93,116,160,175,141,125,112,106,92,102,109,107,123,124,120,117,63,13,12
5,14,14,52,64,85,118,129,145,136,109,66,60,63,60,63,74,74,88,56,57,18,0,4
7,13,13,44,65,112,145,160,162,125,112,79,13,9,9,5,11,50,54,14,12,7,7,0
0,9,13,38,71,112,145,169,160,142,134,74,58,17,11,13,14,14,24,14,10,5,0,0
2,0,10,51,65,112,122,148,153,139,134,104,56,48,14,12,16,12,10,12,2,3,1,3
0,10,13,46,92,122,128,143,140,146,128,102,62,48,14,0,0,0,0,5,2,1,0,0
7,4,0,49,92,107,122,138,134,129,112,93,57,35,11,3,0,0,3,4,4,0,0,0
0,4,10,27,53,83,123,105,107,101,106,86,63,50,9,0,0,0,0,0,0,0,0,0
0,0,7,26,54,103,75,85,81,77,69,86,55,51,22,11,7,10,3,0,6,4,0,1
0,7,13,29,38,55,78,116,123,89,85,67,57,54,40,30,23,22,15,10,14,12,11,7
0,5,6,34,80,80,122,144,145,111,90,97,104,85,45,13,11,8,8,6,1,9,0,0
0,0,6,53,104,131,177,219,199,154,131,121,105,72,52,14,11,7,6,0,3,3,0,0
1,7,34,62,98,141,182,274,291,202,141,114,102,90,40,12,11,11,7,0,9,4,0,0
9,23,48,69,115,145,196,268,291,253,140,67,47,40,35,22,13,14,10,7,4,0,0,0
3,14,60,105,128,151,228,248,243,200,140,100,43,33,29,24,15,18,12,5,5,5,0,0
3,23,88,116,134,183,229,248,228,200,148,105,70,48,30,13,10,0,0,1,0,0,0,0
12,12,56,105,131,156,190,209,204,178,146,109,71,55,31,11,7,0,0,5,0,0,2,3
11,22,65,84,119,148,161,178,172,167,145,107,76,17,10,11,7,0,5,0,0,6,6,7
9,7,20,65,104,115,133,147,150,149,122,101,45,27,23,8,6,10,9,0,0,0,5,0
7,10,11,24,58,111,124,137,134,132,115,66,54,36,23,11,14,9,8,0,0,0,3,0
10,14,13,23,50,98,109,123,118,112,100,55,23,16,25,9,0,11,10,7,5,0,7,4
7,12,10,14,46,62,63,74,63,55,56,40,10,28,11,9,8,1,4,6,0,6,4,4
11,18,11,12,42,73,53,64,63,59,50,34,14,31,36,26,18,9,10,10,12,8,13,7
5,15,11,19,33,63,76,115,93,78,52,14,12,9,13,9,8,7,9,4,7,3,0,0
6,9,13,11,36,63,136,146,99,62,47,12,13,9,13,13,6,6,0,0,0,0,0,0
9,12,9,10,14,75,87,98,77,52,14,8,4,13,11,8,4,3,2,0,0,0,0,0
6,13,6,12,22,66,84,81,46,28,6,3,10,21,12,8,4,0,0,0,0,0,0,0
0,9,5,11,50,78,70,60,52,25,9,2,5,14,11,8,7,0,0,0,0,0,0,0
0,7,9,16,51,73,76,58,23,13,11,10,12,12,13,12,9,4,3,0,0,0,0,0
0,2,9,37,42,84,75,57,12,18,8,2,12,14,16,13,9,6,0,3,4,0,2,0
0,11,10,54,72,83,89,60,11,14,10,8,12,18,38,23,10,0,0,3,0,0,0,0
5,9,27,52,81,100,72,54,5,13,10,0,11,14,39,50,14,5,8,4,0,0,0,0
0,5,9,28,55,55,61,17,0,10,7,6,0,11,43,42,35,9,6,4,3,6,6,0
6,7,2,14,54,65,59,0,7,10,5,7,5,7,12,50,42,15,12,6,2,0,4,6
2,7,11,16,50,58,60,0,3,13,6,0,4,8,9,11,18,4,6,10,2,8,0,1
3,9,4,13,18,26,14,0,0,4,9,2,0,2,5,10,13,14,12,13,12,10,0,4

4,11,2,0,0,0,9,0,7,0,1,0,50,13,11,3,4,0,5,0,0,7,8,6
6,7,6,9,9,0,0,12,0,12,11,5,35,35,13,9,4,0,1,3,0,10,12,10
5,11,8,16,31,37,37,26,34,47,53,57,11,11,13,54,12,5,4,2,0,5,6,7
7,7,12,27,34,50,38,53,52,55,58,60,45,7,3,56,51,51,6,7,11,7,7,0
8,12,15,36,38,39,64,66,77,76,58,60,21,9,0,50,54,60,55,13,6,3,0,0
10,12,13,30,47,55,74,83,111,127,108,90,66,48,29,17,52,66,75,57,23,14,2,4
1,1,11,28,38,52,65,80,144,173,167,149,114,84,64,59,61,82,107,95,54,14,9,8
1,9,6,11,9,64,81,122,157,146,129,118,113,109,100,94,105,117,129,132,90,38,7,7
0,5,13,25,65,92,114,158,175,142,126,114,107,92,102,109,106,122,122,118,114,62,13,11
5,14,13,51,62,83,116,128,144,136,109,67,61,63,60,63,74,74,88,56,57,14,0,4
7,13,13,42,64,110,142,156,159,125,112,80,14,9,9,5,11,50,53,14,12,7,7,0
0,9,13,38,70,110,143,165,158,141,134,74,58,15,11,13,14,14,22,13,9,5,0,0
2,0,10,50,64,111,120,147,152,139,134,104,56,48,14,12,16,12,10,11,2,3,1,3
0,10,13,43,91,122,128,142,139,145,128,103,62,50,14,0,0,0,0,4,2,0,0,0
7,4,0,50,93,107,122,137,133,129,113,96,59,41,12,4,0,0,3,4,4,0,0,0
0,4,10,28,54,84,123,105,107,101,107,87,64,51,11,0,0,0,0,0,0,0,0,0
0,0,7,29,54,103,75,85,81,78,70,88,56,52,29,11,7,10,3,0,6,4,0,1
0,7,13,29,38,56,78,117,122,89,86,68,58,55,41,30,24,22,15,10,14,12,11,7
0,5,6,35,81,81,122,144,145,110,91,98,104,88,48,14,11,8,8,6,1,9,0,0
0,0,6,54,105,132,177,219,196,152,131,121,105,73,53,14,11,7,6,0,3,3,0,0
1,7,35,63,99,142,184,276,287,198,141,114,102,92,43,12,11,11,7,0,9,4,0,0
9,23,48,70,115,146,197,268,290,246,138,68,48,40,34,22,13,14,10,7,4,0,0,0
3,15,60,105,128,152,228,248,243,198,139,100,43,34,29,23,15,17,12,5,5,5,0,0
3,24,88,116,135,184,230,248,228,200,147,105,71,48,31,13,10,0,0,1,0,0,0,0
12,12,56,105,131,157,191,210,204,178,146,109,71,54,30,11,7,0,0,5,0,0,2,3
11,22,67,85,119,149,161,178,172,167,145,106,76,19,10,11,7,0,5,0,0,6,6,7
9,7,20,66,104,115,133,148,150,149,122,101,45,27,22,8,6,10,9,0,0,0,5,0
7,10,11,24,58,111,124,137,134,132,115,66,53,35,23,11,14,9,8,0,0,0,3,0
10,14,13,23,50,99,109,123,118,112,100,56,24,17,24,9,0,11,10,6,5,0,7,4
7,12,10,14,47,62,63,75,63,56,56,41,10,28,11,10,8,2,4,6,0,6,4,5
11,19,11,12,41,73,53,64,63,59,50,34,14,31,36,26,17,9,10,10,12,8,12,7
5,15,11,19,33,63,76,115,93,78,52,14,12,9,13,9,8,7,9,4,7,2,0,0
6,9,13,11,36,63,135,146,100,62,46,12,13,9,13,13,6,6,0,0,0,0,0,0
9,12,9,10,14,74,87,99,77,52,14,8,4,13,11,8,4,2,2,0,0,0,0,0
6,13,6,12,22,66,84,81,46,29,6,3,10,21,12,8,4,0,0,0,0,0,0,0
0,9,5,11,49,78,70,60,53,26,9,2,5,14,11,8,7,0,0,0,0,0,0,0
0,7,9,15,51,73,76,58,23,13,11,10,12,12,13,12,9,4,3,0,0,0,0,0
0,2,9,35,42,84,75,57,12,18,8,2,12,14,17,13,9,6,0,3,4,0,2,0
0,11,10,54,71,83,89,60,11,14,10,8,12,19,38,24,10,0,0,3,0,0,0,0
5,9,27,52,81,100,72,54,5,13,10,0,11,14,39,50,15,5,8,4,0,0,0,0
0,5,9,27,55,55,61,18,0,10,7,6,0,11,44,42,36,9,6,4,2,6,6,0
6,7,2,14,55,65,60,0,7,10,5,7,5,7,12,50,42,15,12,6,2,0,4,6
2,7,11,16,50,58,61,0,3,13,6,0,4,8,9,11,19,4,6,10,2,8,0,1
3,9,4,13,18,27,14,0,0,4,9,2,0,2,5,10,13,14,12,13,12,11,0,4

4,11,2,0,0,1,9,0,7,0,1,0,50,13,11,4,4,0,5,0,0,7,8,6
6,7,6,9,10,0,0,12,0,12,11,5,35,35,13,9,4,0,1,4,0,10,12,10
5,11,8,14,30,37,37,26,34,48,53,58,11,11,13,54,12,5,4,2,0,5,5,6
7,7,12,27,34,50,38,53,52,55,58,59,46,7,3,56,53,52,7,7,11,7,7,0
8,12,15,36,38,40,64,66,77,76,58,60,22,10,0,50,54,60,55,13,5,3,0,0
10,12,14,30,47,55,74,83,111,126,108,89,66,48,29,17,52,66,75,57,22,14,2,4
1,1,11,27,37,51,65,80,143,172,167,149,113,84,64,59,61,82,107,95,54,14,9,8
1,9,6,11,9,64,81,122,157,145,128,118,113,109,100,93,105,117,129,131,90,39,7,7
0,5,13,25,64,92,114,158,175,142,126,114,106,92,102,108,105,121,122,118,114,61,13,11
5,14,13,51,62,83,116,128,144,136,109,66,61,63,59,63,74,74,88,56,56,14,0,4
7,13,13,40,64,109,142,156,158,125,112,80,14,9,9,5,11,50,53,14,12,6,7,0
0,9,13,37,70,109,142,165,158,141,134,75,58,15,11,13,14,14,21,13,10,5,0,0
2,0,10,50,64,110,120,146,152,139,134,105,57,48,14,12,17,12,10,11,2,2,1,2
0,10,13,43,91,122,127,142,139,145,128,103,62,51,14,0,0,1,0,4,2,0,0,0
7,4,0,48,92,107,122,137,133,129,113,96,59,42,12,4,0,0,3,4,4,0,0,0
0,4,10,28,53,83,123,105,107,101,106,88,64,51,12,1,0,0,0,0,0,0,0,0
0,0,7,30,54,103,75,85,81,77,70,89,56,52,32,11,7,10,3,0,6,4,0,1
0,7,13,29,38,56,78,117,122,90,86,68,58,55,42,31,24,21,14,10,14,12,11,7
0,5,6,35,81,81,123,144,145,111,91,99,104,90,50,14,11,8,8,6,1,9,0,0
0,0,6,53,105,132,177,218,195,153,131,122,105,75,53,16,11,8,6,0,3,3,0,0
1,7,35,63,99,142,184,276,286,198,141,115,103,95,46,12,11,11,7,0,9,4,0,0
9,24,48,70,115,146,197,268,289,245,138,67,48,40,34,21,13,14,10,7,4,0,0,0
3,14,60,105,128,152,228,248,242,198,139,100,44,33,29,23,14,18,12,5,5,5,0,0
3,23,88,116,135,184,230,248,227,200,147,105,71,50,30,13,10,0,0,1,0,0,0,0
12,12,56,105,131,157,191,209,204,178,146,109,71,54,33,11,7,0,0,5,0,0,2,3
11,22,67,85,119,149,161,178,172,167,144,106,76,20,10,11,7,0,5,0,0,7,6,8
9,7,19,66,104,115,133,148,150,148,122,101,45,27,22,8,6,10,9,0,0,0,5,0
7,10,11,24,58,111,124,137,134,132,115,66,54,36,22,11,14,9,8,0,0,0,3,0
10,14,13,22,50,98,109,123,118,112,100,55,23,17,25,9,0,11,10,6,5,0,7,4
7,12,10,14,46,62,63,75,64,56,56,41,10,28,11,10,8,2,4,6,0,6,4,4
11,18,11,12,42,74,53,64,64,59,50,35,14,32,36,27,18,10,10,10,12,8,13,7
5,15,11,19,33,63,76,116,93,78,52,14,12,9,13,9,8,7,9,4,7,2,0,0
6,9,13,11,36,63,135,146,100,62,46,12,13,10,13,13,6,6,0,0,0,0,0,0
9,12,9,10,14,74,88,99,77,52,14,8,4,13,12,8,4,2,2,0,0,0,0,0
6,13,5,12,22,66,84,81,46,30,6,3,10,22,12,8,4,0,0,0,0,0,0,0
0,9,5,11,50,78,70,60,53,26,9,2,5,14,11,8,7,0,0,0,0,0,0,0
0,7,9,15,51,72,76,59,23,13,11,10,12,12,13,12,9,4,3,0,0,0,0,0
0,2,9,36,42,83,75,58,12,18,8,2,12,14,18,13,9,7,0,3,4,0,2,0
0,11,10,54,71,82,89,60,11,14,10,8,12,19,39,23,10,0,0,3,0,0,0,0
5,9,27,52,80,100,72,54,5,13,10,0,11,14,39,51,17,6,8,4,0,0,0,0
0,5,9,25,55,55,61,18,0,10,7,6,0,11,43,42,36,9,6,4,2,6,6,0
6,7,2,14,54,66,60,0,7,10,5,7,5,7,12,50,42,15,12,6,2,0,4,6
2,7,11,16,50,58,61,0,3,13,6,0,4,8,9,11,20,4,6,10,2,8,0,1
3,9,4,13,18,27,14,0,0,4,9,2,0,3,5,10,14,14,12,13,12,11,0,4

4,11,2,0,0,1,9,0,7,0,1,0,50,13,11,4,4,0,5,0,0,7,8,6
6,7,6,9,10,0,0,12,0,12,12,5,36,35,13,9,4,0,2,4,0,10,12,10
5,11,8,16,30,37,37,27,34,48,53,58,11,11,13,54,12,5,4,2,0,5,5,6
7,7,12,28,35,50,38,53,52,55,58,59,47,7,2,56,53,52,7,7,11,7,7,0
8,12,16,35,38,39,64,66,76,75,58,60,21,10,0,48,54,60,55,13,6,4,0,0
10,12,13,30,47,55,74,83,110,126,107,89,65,48,29,17,52,67,75,57,23,14,2,4
0,1,11,28,40,51,65,80,142,170,165,147,113,84,64,59,61,81,107,95,55,14,9,8
1,9,6,11,9,64,81,122,156,144,127,116,112,109,100,93,105,117,129,131,90,39,7,6
0,5,13,27,65,93,115,160,176,141,125,113,106,91,102,108,105,121,121,117,113,61,13,11
5,14,14,52,63,84,117,129,145,136,109,66,60,63,59,63,73,74,88,56,56,14,0,4
7,13,13,42,64,111,144,159,161,125,112,80,13,9,9,5,11,50,53,14,12,6,7,0
0,9,13,37,70,110,144,168,159,142,134,75,58,16,11,13,14,14,22,13,9,5,0,0
2,0,10,50,64,111,121,147,153,139,135,105,56,50,14,12,17,12,10,11,2,2,1,2
0,10,13,42,90,122,128,142,139,145,128,103,63,50,14,0,0,1,0,4,2,0,0,0
7,4,0,46,91,107,122,137,133,129,112,95,58,40,12,4,0,0,3,4,4,0,0,0
0,4,10,27,53,83,123,104,107,101,106,87,64,51,11,1,0,0,0,0,0,0,0,0
0,0,6,24,54,103,75,85,81,77,70,87,56,52,30,11,7,10,3,0,6,4,0,1
0,7,13,29,38,55,77,116,122,89,85,67,58,55,41,30,24,21,15,10,14,12,11,7
0,5,5,34,80,81,122,144,144,110,90,98,104,89,50,14,11,8,8,6,1,9,0,0
0,0,6,53,105,132,178,220,196,152,131,121,105,75,54,17,11,8,6,0,3,3,0,0
1,6,33,62,97,141,184,281,293,202,141,114,103,95,46,12,11,11,7,0,9,4,0,0
9,23,47,69,115,145,197,270,294,255,139,68,48,40,34,21,13,14,10,7,4,0,0,0
3,14,59,105,128,151,228,248,244,200,139,100,44,34,29,24,14,18,12,5,5,5,0,0
2,22,87,116,134,183,229,248,228,201,148,105,72,50,33,13,11,0,0,1,0,0,0,0
12,12,55,105,131,156,190,209,204,179,146,110,71,54,30,11,7,0,0,5,0,0,1,3
11,21,66,84,119,149,161,178,172,167,145,107,76,19,10,11,7,0,5,0,0,7,6,7
9,7,19,65,104,115,133,148,150,149,122,101,46,28,22,8,6,10,9,0,0,0,5,0
7,10,11,24,58,111,124,137,134,132,115,66,54,36,23,11,14,8,8,0,0,0,3,0
10,14,13,22,50,98,109,123,118,112,100,55,24,18,26,9,0,11,10,6,5,0,7,4
7,12,10,14,46,62,63,75,64,56,56,41,10,28,11,10,8,2,4,6,0,6,4,4
11,18,11,12,41,74,53,64,64,59,50,35,14,32,36,27,18,10,10,10,12,8,12,7
5,15,11,19,33,63,76,116,94,78,52,14,13,9,13,9,8,8,10,4,7,2,0,0
6,9,13,11,36,63,135,147,101,62,47,12,13,10,13,13,6,5,0,0,0,0,0,0
9,12,9,10,14,74,87,99,78,52,14,8,4,13,12,8,4,2,2,0,0,0,0,0
6,12,5,12,22,66,83,81,46,31,6,3,10,23,13,8,4,0,0,0,0,0,0,0
0,9,5,10,49,78,70,60,53,26,9,2,5,14,11,8,7,0,0,0,0,0,0,0
0,7,9,15,50,72,75,59,23,13,11,10,12,12,13,12,9,4,3,0,0,0,0,0
0,2,8,36,42,83,75,57,12,19,8,2,12,14,17,13,9,7,0,3,4,0,2,0
0,11,10,54,71,82,89,60,11,15,10,8,12,18,39,25,10,1,0,3,0,0,0,0
5,9,26,52,80,99,72,54,5,13,10,0,11,14,39,51,17,6,8,4,0,0,0,0
0,5,9,25,55,55,61,18,0,10,7,6,0,11,43,42,36,9,6,4,2,6,6,0
6,7,2,13,54,65,60,0,7,10,5,7,5,7,11,50,42,16,12,6,2,0,4,6
2,7,11,16,50,58,61,0,3,13,6,0,4,8,9,11,20,4,6,10,2,8,0,1
3,9,3,13,18,26,14,0,0,4,9,2,0,2,5,10,13,14,12,13,12,11,0,4

4,11,2,0,0,1,9,0,7,0,1,0,50,13,11,4,4,0,5,0,0,7,8,6
7,7,6,9,10,0,0,12,0,12,12,5,36,35,13,9,4,0,2,4,0,10,12,10
6,11,8,15,31,36,37,27,33,47,53,58,11,11,13,54,12,5,4,2,0,5,5,6
7,7,13,27,34,50,38,53,52,55,58,59,46,7,2,56,52,52,7,7,11,7,7,0
8,12,16,36,38,39,64,66,76,75,58,60,20,10,0,48,54,60,55,13,6,4,0,0
10,12,14,30,47,55,74,82,109,125,107,88,65,48,29,16,52,66,75,57,23,14,2,4
0,1,11,27,38,51,65,79,141,170,164,147,112,83,63,59,61,81,107,95,55,14,9,8
1,9,6,11,9,64,82,122,156,143,126,116,112,108,100,93,105,117,129,131,90,39,7,6
0,5,13,27,65,93,116,161,176,141,125,112,106,91,102,108,105,122,122,117,113,61,13,11
5,14,14,52,63,85,118,130,145,136,109,66,60,62,59,63,73,74,88,56,56,14,0,3
7,13,13,43,65,111,146,161,163,126,112,80,13,9,9,5,11,50,53,14,12,6,7,0
0,9,13,37,70,111,145,169,160,142,134,75,58,16,11,13,14,14,22,13,9,5,0,0
2,0,10,50,64,111,122,148,153,139,135,105,57,50,14,12,16,12,10,11,2,2,1,2
0,10,13,42,90,122,128,143,140,145,128,103,62,50,14,0,0,1,0,4,2,0,0,0
7,4,0,45,90,107,122,137,133,129,112,94,58,38,11,4,0,0,3,4,4,0,0,0
0,4,10,26,53,83,123,104,106,101,106,86,63,50,11,1,0,0,0,0,0,0,0,0
0,0,6,20,54,103,75,85,81,77,69,87,55,52,29,11,7,10,3,0,6,4,0,1
0,6,13,28,38,55,77,116,122,89,85,67,58,55,41,31,24,22,15,10,14,12,11,7
0,5,5,34,79,80,122,144,145,110,90,98,104,90,49,14,11,8,8,6,1,9,0,0
0,0,5,53,104,131,177,221,197,152,130,121,105,74,53,17,11,8,6,0,3,3,0,0
1,6,32,62,97,141,184,282,297,204,141,114,103,95,46,12,11,11,7,0,9,4,0,0
9,22,47,69,114,145,197,271,297,259,140,68,48,41,34,22,13,14,10,7,4,0,0,0
3,14,59,105,128,150,227,248,245,201,140,100,44,34,29,23,14,18,12,5,5,5,0,0
2,20,87,116,134,182,228,247,228,201,148,105,72,50,31,13,10,0,0,1,0,0,0,0
12,12,55,105,131,156,189,209,204,179,147,110,72,57,34,11,7,0,0,5,0,0,2,3
11,20,64,84,119,148,160,178,172,167,145,107,77,20,10,11,7,0,5,0,0,7,6,7
9,7,19,65,104,115,133,148,150,149,123,102,46,28,22,8,6,10,9,0,0,0,5,0
7,10,11,23,58,111,124,137,134,132,115,66,53,37,22,11,14,8,7,0,0,0,3,0
10,14,13,22,50,98,109,123,118,112,100,56,25,18,26,9,0,11,10,6,5,0,7,4
7,12,10,14,45,62,63,75,64,56,56,41,10,29,11,10,8,2,4,6,0,6,4,4
11,18,11,12,41,73,53,64,64,60,50,35,14,32,37,27,18,10,10,10,12,8,13,7
5,15,11,20,33,63,76,116,94,78,52,14,13,9,13,9,8,8,10,4,7,2,0,0
6,9,13,11,36,63,136,148,101,63,47,12,13,11,13,13,6,5,0,0,0,0,0,0
9,12,9,10,14,74,87,99,78,53,14,8,4,13,12,8,4,2,2,0,0,0,0,0
6,13,5,12,22,66,83,81,47,31,6,3,9,23,12,8,4,0,0,0,0,0,0,0
0,9,5,10,49,77,70,61,53,27,9,2,4,14,11,8,7,0,0,0,0,0,0,0
0,6,9,15,50,72,75,59,23,13,11,10,12,12,13,12,9,4,3,0,0,0,0,0
0,2,8,35,42,83,75,57,12,19,8,2,12,14,18,13,9,7,0,3,4,0,2,0
0,11,10,54,71,82,89,60,11,15,11,8,12,17,39,24,10,1,0,3,0,0,0,0
5,9,26,52,79,99,72,55,5,13,10,0,11,14,39,51,18,6,8,4,0,0,0,0
0,5,9,25,55,55,61,19,0,10,7,6,0,11,43,42,37,10,6,4,2,6,6,0
6,7,2,13,54,66,60,0,7,10,5,7,5,7,11,50,44,16,12,6,3,0,4,6
2,7,11,16,50,58,61,0,3,13,6,0,4,8,9,11,23,4,6,10,2,8,0,1
3,9,3,13,18,26,14,0,0,4,9,2,0,2,5,10,14,14,12,13,12,11,0,4

4,11,2,0,0,1,9,0,7,0,1,0,50,13,11,4,4,0,5,0,0,7,8,6
7,7,6,9,10,0,0,12,0,12,12,5,37,35,13,9,4,0,2,4,0,10,12,10
6,11,8,16,31,37,37,26,34,47,53,58,11,11,14,54,12,5,4,2,0,5,6,6
7,7,12,28,35,50,38,53,52,55,58,60,47,7,2,56,52,51,7,7,11,7,7,0
8,12,15,36,38,40,64,66,76,76,58,60,21,10,0,48,54,60,55,13,5,4,0,0
10,12,13,30,46,55,74,82,110,126,107,89,65,48,29,17,52,67,75,57,22,14,2,4
0,1,11,28,38,51,65,79,141,170,165,147,112,83,63,59,61,82,107,95,55,14,9,8
1,9,6,11,9,64,82,123,156,144,126,116,112,108,100,93,105,117,129,131,90,38,7,6
0,5,13,27,65,93,116,162,177,141,125,112,106,91,102,108,105,121,121,117,113,61,13,11
5,14,14,52,63,85,118,130,145,136,109,66,60,62,59,63,73,73,88,56,56,14,0,3
7,13,13,41,65,112,146,161,163,126,113,80,13,9,9,5,11,50,53,14,12,6,7,0
0,9,13,36,70,111,145,169,161,142,134,75,58,17,11,13,14,14,22,13,9,5,0,0
2,0,10,50,64,111,122,148,154,139,135,105,56,50,14,12,16,12,10,11,2,2,1,2
0,10,13,40,90,122,128,143,140,146,128,103,62,50,14,0,0,1,0,4,2,0,0,0
7,4,0,44,89,106,122,137,134,129,112,93,58,37,11,4,0,0,3,4,4,0,0,0
0,4,10,25,52,82,123,104,107,101,106,86,63,50,10,0,0,0,0,0,0,0,0,0
0,0,6,16,54,102,75,85,81,77,69,86,55,51,27,11,7,10,3,0,6,4,0,1
0,7,12,28,38,55,77,116,122,89,85,67,57,54,41,30,24,22,15,10,14,12,11,7
0,5,5,34,79,80,122,144,145,110,90,98,104,87,47,14,11,8,8,6,1,9,0,0
0,0,5,52,104,131,177,221,198,152,130,121,105,73,53,15,11,8,6,0,3,3,0,0
1,6,31,62,96,141,183,283,300,206,141,114,103,94,46,12,11,11,7,0,9,4,0,0
9,22,46,68,114,144,196,270,297,263,140,68,48,40,35,22,13,14,10,7,4,0,0,0
3,14,59,105,128,150,227,248,245,202,140,100,44,34,29,24,14,18,12,5,5,5,0,0
2,20,86,116,134,182,228,247,228,201,148,105,72,50,33,13,10,0,0,1,0,0,0,0
12,12,55,104,130,156,189,209,204,179,147,110,73,55,33,11,7,0,0,5,0,0,2,3
11,19,64,84,119,148,160,178,172,167,145,107,76,21,10,11,7,0,5,0,0,6,6,7
9,7,18,64,104,115,133,148,150,149,123,102,47,28,22,8,6,10,9,0,0,0,5,0
7,10,11,22,58,111,124,137,134,132,116,67,53,37,22,11,14,9,7,0,0,0,3,0
10,14,13,22,50,98,109,123,118,112,101,55,25,18,26,9,0,11,10,6,5,0,7,4
7,12,10,14,45,62,63,75,64,56,56,41,10,29,11,10,8,2,4,6,0,6,3,4
11,19,11,12,41,74,53,64,64,60,50,35,14,32,37,27,19,10,10,10,12,8,13,7
5,15,11,20,33,63,76,116,94,78,52,14,13,10,13,9,8,8,10,4,7,2,0,0
6,9,13,11,35,63,136,148,101,62,48,12,13,11,13,13,6,5,0,0,0,0,0,0
9,12,9,10,14,74,87,99,78,53,14,8,4,13,12,8,4,2,2,0,0,0,0,0
6,13,5,12,22,66,83,81,47,31,6,3,10,24,13,8,4,0,0,0,0,0,0,0
0,9,5,10,48,77,70,60,53,26,9,2,4,14,11,8,7,0,0,0,0,0,0,0
0,6,9,15,51,72,75,59,23,13,11,10,12,12,13,12,9,4,3,0,0,0,0,0
0,2,8,35,41,83,75,57,12,18,8,2,12,14,18,13,9,7,0,3,4,0,2,0
0,11,10,54,71,82,89,61,11,15,11,8,12,18,40,25,10,1,0,3,0,0,0,0
5,9,26,52,80,99,72,54,5,13,10,0,11,14,39,51,19,6,8,4,0,0,0,0
0,5,9,24,55,55,61,19,0,10,7,6,0,11,44,42,37,10,6,4,2,6,6,0
6,7,2,13,54,65,60,0,7,10,5,7,5,7,11,50,43,16,12,7,3,0,4,6
2,7,11,16,50,58,61,0,3,13,6,0,4,8,9,11,23,4,6,10,2,8,0,1
3,9,4,13,18,27,14,0,0,4,9,2,0,3,5,10,14,14,12,13,12,11,0,4

4,11,2,0,0,1,9,0,7,0,1,0,50,13,11,4,4,0,5,0,0,7,8,6
7,7,6,9,10,0,0,12,0,12,12,5,35,34,13,9,4,0,2,4,0,10,12,10
6,11,8,16,31,37,37,26,34,47,53,58,11,11,13,54,12,5,4,2,0,5,6,6
7,7,12,28,35,50,38,53,52,55,58,59,46,7,2,56,53,52,7,7,11,7,7,0
8,12,16,36,38,39,64,66,76,75,58,60,21,10,0,48,54,60,55,13,6,4,0,0
10,12,14,30,47,55,74,82,110,126,107,89,65,48,29,16,52,66,75,57,24,14,2,4
0,1,11,28,40,51,65,80,141,170,165,147,112,83,64,59,61,82,107,95,55,14,9,8
1,9,6,11,9,64,82,123,157,144,126,116,112,108,100,93,105,117,129,131,90,39,7,7
0,5,13,27,65,93,116,162,177,142,125,113,106,91,101,108,106,122,122,117,113,61,13,11
5,14,14,52,63,85,118,130,145,137,109,66,60,62,59,63,73,73,88,56,56,14,0,3
7,13,13,42,64,111,145,161,163,126,113,80,13,9,9,5,11,50,53,14,12,6,7,0
0,9,13,36,70,110,145,169,161,142,134,75,58,17,11,13,14,14,21,13,9,5,0,0
2,0,10,50,64,111,122,148,154,139,135,105,56,50,14,12,16,12,10,11,2,2,1,2
0,10,13,40,90,121,128,143,140,146,128,103,62,50,14,0,0,0,0,4,2,0,0,0
7,4,0,44,89,106,122,137,134,129,113,95,58,38,11,4,0,0,3,4,4,0,0,0
0,4,10,26,52,82,123,105,107,101,106,87,64,50,11,0,0,0,0,0,0,0,0,0
0,0,6,19,54,103,75,85,81,77,70,87,55,52,28,11,7,10,3,0,6,4,0,1
0,7,13,28,38,55,77,116,122,88,85,67,58,54,41,30,24,22,15,10,14,12,11,7
0,5,5,34,79,80,122,144,145,110,90,98,104,88,48,14,11,8,8,6,1,9,0,0
0,0,5,53,104,131,178,220,197,152,131,121,105,73,53,16,11,8,6,0,3,3,0,0
1,6,31,62,96,141,183,282,296,204,141,115,103,94,46,12,11,11,7,0,9,4,0,0
9,22,46,69,114,145,196,270,296,258,140,68,48,41,34,22,13,14,10,7,4,0,0,0
3,14,59,105,128,150,227,248,244,201,140,100,45,34,29,24,14,18,12,5,5,5,0,0
2,20,87,116,134,182,228,247,228,201,148,105,72,48,33,12,10,0,0,1,0,0,0,0
12,12,55,105,130,156,190,209,204,179,147,110,72,55,31,11,7,0,0,5,0,0,2,3
11,20,64,84,119,149,160,178,172,167,145,107,77,21,10,11,7,0,5,0,0,6,6,7
9,7,18,65,104,115,133,148,150,149,123,102,46,29,23,8,6,10,9,0,0,0,5,0
7,10,11,23,58,111,124,137,134,132,116,66,54,37,22,11,14,9,7,0,0,0,3,0
10,14,13,22,50,98,109,123,118,112,101,55,26,19,26,9,0,11,10,6,5,0,7,4
7,12,10,14,45,62,63,76,64,56,56,41,11,29,11,10,8,2,4,6,0,6,4,4
11,18,11,12,41,74,53,64,64,60,50,35,14,32,36,27,18,10,10,10,12,8,12,7
5,15,11,19,33,63,76,116,94,78,52,14,13,10,13,9,8,8,10,4,7,2,0,0
6,9,13,11,35,63,136,148,101,62,48,12,13,11,13,13,6,5,0,0,0,0,0,0
9,12,9,10,14,74,87,99,78,53,14,8,4,13,12,8,3,2,2,0,0,0,0,0
6,13,5,12,22,66,83,81,47,31,6,3,9,23,13,8,3,0,0,0,0,0,0,0
0,9,5,10,48,77,70,61,53,26,9,2,4,14,11,8,7,0,0,0,0,0,0,0
0,6,9,15,50,72,75,59,23,13,11,10,12,12,13,12,9,4,3,0,0,0,0,0
0,2,8,34,41,83,75,57,12,19,8,2,12,14,17,13,9,6,0,3,4,0,2,0
0,11,10,54,71,82,89,61,11,15,11,8,12,18,40,25,10,1,0,3,0,0,0,0
5,9,26,52,80,100,72,55,5,13,11,0,11,14,40,51,18,6,8,4,0,0,0,0
0,5,9,25,55,55,61,19,0,10,7,6,0,11,44,42,37,10,6,4,2,6,6,0
6,7,2,14,54,65,60,0,7,10,5,7,5,7,12,50,44,16,12,7,3,0,4,6
2,7,11,16,50,58,61,0,3,13,6,0,4,8,9,11,23,4,6,10,2,8,0,1
3,9,3,13,18,26,14,0,0,4,9,2,0,2,4,10,14,14,12,13,12,11,0,4

4,11,2,0,0,1,9,0,7,0,1,0,50,13,11,4,4,0,5,0,0,7,8,6
7,7,6,9,10,0,0,12,0,12,11,5,35,35,13,9,4,0,2,4,0,10,12,10
6,11,8,16,30,37,37,27,35,48,53,58,11,11,13,54,12,5,4,2,0,5,6,6
7,7,12,27,35,50,38,53,53,55,58,59,46,7,2,56,51,52,7,7,12,7,7,0
8,12,16,36,38,40,64,66,76,76,58,60,21,10,0,50,54,60,55,13,6,4,0,0
10,12,14,30,47,55,74,82,110,127,108,89,65,48,29,16,52,66,75,57,24,14,2,4
0,1,11,27,38,51,65,79,141,171,166,148,113,83,64,59,61,82,107,95,54,14,9,8
1,9,6,11,9,64,81,122,157,144,127,117,112,109,100,93,105,117,129,131,90,39,8,7
0,5,13,27,65,92,115,160,176,142,126,113,106,91,101,108,105,122,122,117,113,61,13,11
5,14,14,52,63,84,117,129,145,137,109,66,60,62,59,63,73,73,88,56,56,14,0,4
7,13,13,40,64,110,144,159,161,126,113,80,13,9,9,5,11,50,53,14,12,7,7,0
0,9,13,36,69,109,143,167,160,142,134,75,58,17,11,13,14,14,21,13,9,5,0,0
2,0,10,50,63,110,120,147,153,139,135,105,57,48,14,12,16,12,10,11,2,1,0,2
0,10,12,40,89,121,127,142,140,146,129,103,63,50,14,0,0,0,0,4,2,0,0,0
7,4,0,45,90,106,122,137,133,130,113,96,59,43,12,4,0,0,2,4,4,0,0,0
0,4,10,27,53,83,123,105,107,101,107,88,64,51,12,1,0,0,0,0,0,0,0,0
0,0,7,24,54,103,75,85,81,77,70,89,56,52,32,12,7,10,3,0,6,4,0,1
0,7,13,29,38,56,78,117,122,89,86,68,59,55,42,31,24,21,14,10,14,12,11,7
0,5,5,35,80,81,123,144,144,110,91,99,104,91,50,14,12,8,8,6,1,9,0,0
0,0,6,53,105,132,178,219,195,152,131,122,106,75,54,18,12,8,6,0,3,3,0,0
1,6,33,62,98,142,184,279,288,199,141,115,103,96,48,12,11,11,7,0,8,4,0,0
9,22,47,69,114,145,197,269,291,248,139,69,49,40,34,21,13,14,10,7,4,0,0,0
3,14,59,105,128,151,228,248,243,199,139,100,45,34,29,23,14,18,12,5,5,5,0,0
2,21,87,116,134,183,229,248,227,200,148,105,73,50,31,13,10,0,0,1,0,0,0,0
12,12,55,105,131,157,190,209,204,178,146,110,71,52,30,11,7,0,0,5,0,0,1,3
11,21,65,85,119,149,161,178,172,167,145,107,76,21,10,11,7,0,5,0,0,6,6,8
9,7,19,64,104,115,133,148,150,149,122,102,46,28,23,8,6,10,9,0,0,0,5,0
7,10,11,24,58,111,124,137,134,132,116,66,53,37,22,11,14,9,7,0,0,0,3,0
10,14,13,22,50,99,109,123,118,112,101,55,25,18,26,9,0,11,10,6,5,0,7,4
7,12,10,14,46,62,63,75,64,56,56,42,10,29,11,10,8,2,4,6,0,6,3,4
11,18,11,12,41,74,53,64,64,59,50,35,14,32,36,27,18,10,10,10,12,8,12,7
5,15,11,20,33,63,76,116,94,78,52,14,13,10,13,9,8,8,10,4,7,2,0,0
6,9,13,11,36,63,136,147,101,63,48,12,13,11,13,13,6,5,0,0,0,0,0,0
9,12,9,10,14,74,87,99,78,53,14,8,4,13,12,8,4,2,2,0,0,0,0,0
6,13,5,12,22,66,83,81,47,31,6,3,10,24,12,8,3,0,0,0,0,0,0,0
0,9,5,11,49,78,70,61,53,27,9,2,5,14,11,8,7,0,0,0,0,0,0,0
0,6,9,15,51,72,75,59,24,13,11,10,12,12,13,12,9,4,3,0,0,0,0,0
0,2,9,35,41,83,75,58,12,19,8,2,12,14,17,13,9,6,0,3,4,0,2,0
0,11,10,54,71,82,90,61,11,14,11,8,12,18,39,25,10,1,0,3,0,0,0,0
5,9,27,52,80,100,72,55,5,13,10,0,11,14,39,51,18,6,8,4,0,0,0,0
0,5,9,27,55,55,61,19,0,10,7,6,0,11,44,42,37,10,6,4,2,6,6,0
6,7,2,14,54,65,60,0,7,10,5,7,5,7,12,50,44,16,12,6,3,0,4,6
2,7,11,16,50,58,61,0,3,13,6,0,4,8,9,11,24,4,6,10,2,8,0,0
3,9,4,13,18,27,14,0,0,4,9,2,0,3,4,10,14,14,12,13,12,11,0,4

4,11,2,0,0,0,9,0,7,0,1,0,50,13,11,4,4,0,5,0,0,7,8,6
7,7,6,9,9,0,0,12,0,12,11,5,35,35,13,9,4,0,2,4,0,10,12,10
6,11,8,16,31,36,37,26,35,47,53,58,11,11,13,53,12,5,4,2,0,5,6,7
7,7,13,28,35,50,38,53,53,55,58,60,48,7,2,56,53,52,7,7,12,7,7,0
8,12,16,36,38,40,64,66,76,75,58,60,21,10,0,47,54,60,55,13,6,4,0,0
10,12,14,30,47,55,73,82,110,127,108,89,65,48,30,17,52,67,75,57,23,14,2,4
0,1,11,27,38,51,65,79,140,170,165,148,113,83,64,59,61,82,107,96,55,14,9,8
1,9,6,11,9,64,81,122,156,144,127,117,112,109,100,93,105,117,130,132,91,40,8,7
0,5,13,26,65,92,115,160,176,142,126,114,106,91,102,108,106,122,122,118,114,61,13,11
5,14,14,52,62,83,117,129,145,136,109,66,61,63,59,63,73,74,88,56,57,14,0,4
7,13,13,40,64,109,143,159,161,126,113,80,13,9,9,5,11,50,53,14,12,6,6,0
0,9,13,36,69,109,143,167,159,142,134,75,58,16,11,13,14,14,22,14,10,5,0,0
2,0,9,50,63,110,120,147,152,139,135,105,56,48,14,12,18,12,10,11,2,1,0,2
0,10,12,38,89,121,127,142,139,145,129,103,63,50,14,0,0,1,0,4,2,0,0,0
7,4,0,44,90,106,122,137,133,129,113,96,59,43,12,5,0,0,2,4,4,0,0,0
0,4,10,27,53,83,123,105,107,101,107,88,64,51,12,2,0,0,0,0,0,0,0,0
0,0,7,27,54,103,75,85,81,78,70,89,56,52,35,12,7,10,2,0,6,4,0,1
0,7,13,29,38,56,78,116,123,89,86,68,59,56,42,31,24,21,14,10,14,12,11,7
0,5,5,35,80,81,123,144,144,111,91,100,105,92,50,14,12,8,8,6,1,9,0,0
0,0,6,54,105,132,178,218,195,152,131,122,106,76,54,20,12,8,6,0,3,3,0,0
1,6,33,62,98,142,184,278,286,197,141,115,103,98,50,12,11,11,7,0,8,4,0,0
9,23,47,70,115,146,197,268,289,244,138,68,48,40,33,21,13,14,10,7,4,0,0,0
3,14,60,105,128,151,228,248,242,198,139,100,45,34,29,23,14,18,12,5,5,5,0,0
3,21,88,116,135,184,229,248,227,200,147,105,72,50,31,12,10,0,0,1,0,0,0,0
12,12,56,105,131,157,190,209,204,178,146,110,71,54,30,11,7,0,0,5,0,0,1,3
11,21,66,85,119,149,161,178,172,167,145,107,77,21,10,11,7,0,5,0,0,6,6,7
9,7,19,66,104,115,133,148,150,149,122,102,45,29,23,8,6,10,9,0,0,0,5,0
7,10,11,24,58,111,124,137,134,132,115,66,53,38,23,11,14,8,7,0,0,0,3,0
10,14,13,23,50,99,109,123,118,112,101,55,25,19,26,9,0,11,10,6,5,0,7,4
7,12,10,14,46,62,63,76,64,56,56,42,11,29,11,10,8,2,4,6,0,6,3,4
11,18,11,12,41,74,53,64,64,60,50,35,14,32,36,27,18,10,10,10,12,8,13,7
5,15,11,20,33,64,76,116,94,78,52,14,13,9,13,9,8,8,10,4,7,2,0,0
6,9,13,11,36,63,136,148,101,63,48,12,13,11,13,13,6,5,0,0,0,0,0,0
9,12,9,10,14,74,87,99,78,53,14,8,4,13,12,8,3,2,2,0,0,0,0,0
6,13,5,12,21,66,83,81,47,31,6,3,10,23,12,8,3,0,0,0,0,0,0,0
0,9,5,11,48,78,70,61,53,27,9,2,5,14,11,8,7,0,0,0,0,0,0,0
0,7,9,16,50,72,76,59,23,13,11,10,12,12,13,12,9,4,3,0,0,0,0,0
0,2,9,35,42,83,75,58,12,19,8,3,12,14,17,13,9,7,0,3,4,0,2,0
0,11,10,54,71,82,90,61,11,15,11,8,12,18,40,25,10,1,0,3,0,0,0,0
5,9,27,52,80,100,72,55,5,13,10,0,11,14,39,51,17,6,8,4,0,0,0,0
0,5,9,27,55,55,61,19,0,10,7,6,0,11,44,42,37,10,6,4,2,6,6,0
6,7,2,14,54,65,60,0,7,10,5,7,6,7,12,50,44,16,12,7,2,0,4,6
2,7,11,16,50,58,61,0,3,13,6,0,4,8,10,11,24,4,6,10,2,8,0,0
3,9,4,13,18,27,14,0,0,4,9,2,0,3,4,10,14,14,12,13,12,11,0,4
