3,0,0,0,0,0,0,3,6,25,52,60,52,13,0,10,0,0,0,0,0,0,0,0
2,0,0,0,0,0,0,5,13,57,94,115,93,56,11,0,0,0,0,0,0,0,0,0
0,0,0,0,0,0,11,35,26,79,124,139,127,107,55,14,0,0,0,0,0,0,0,0
0,0,0,0,0,6,9,18,45,95,112,121,106,86,23,4,0,0,1,0,0,0,0,0
0,0,0,0,0,8,10,9,50,64,71,74,109,56,10,0,3,0,0,11,0,0,0,0
0,0,1,7,5,4,41,33,14,39,64,62,80,65,16,4,14,9,0,0,0,0,0,0
0,4,7,4,5,2,9,50,58,66,92,89,85,87,75,61,14,5,0,0,0,0,0,0
6,0,7,20,52,55,76,105,113,121,115,102,74,81,96,95,77,65,10,0,0,0,0,0
5,0,1,50,81,103,92,120,145,144,123,117,98,101,118,114,111,88,70,6,0,0,0,0
0,8,44,72,85,98,109,119,142,146,142,142,107,139,149,137,134,109,72,63,6,0,0,0
0,20,51,64,86,96,122,149,180,172,159,131,122,152,151,152,125,107,85,73,58,1,10,3
5,24,61,100,77,88,108,147,201,192,188,140,126,166,155,154,131,90,70,62,67,10,0,0
12,55,99,101,75,68,111,133,176,196,192,157,148,153,142,134,115,57,57,58,62,43,12,0
15,67,102,86,58,19,116,124,145,175,183,170,136,145,140,120,109,100,84,64,73,62,8,0
31,104,102,64,50,50,63,115,119,125,150,152,140,136,129,116,101,58,8,11,65,51,12,0
50,72,69,12,12,53,55,105,128,109,135,138,135,140,119,96,72,28,10,8,43,73,35,9
14,56,25,9,11,13,63,101,83,105,157,128,128,95,83,69,58,55,12,14,55,114,100,22
6,12,14,7,13,37,44,79,91,148,196,164,99,125,110,96,72,56,30,27,31,34,31,16
0,0,0,0,5,9,101,104,129,177,209,204,151,110,122,137,109,86,46,31,12,13,9,7
0,0,0,0,9,0,67,125,170,207,218,196,175,148,149,144,128,111,82,15,11,9,0,1
0,0,8,12,9,34,79,137,180,230,291,240,215,184,175,171,134,118,76,18,25,10,9,6
0,0,0,7,11,32,104,154,237,298,338,323,267,227,191,156,122,92,57,46,20,3,1,0
8,7,5,10,19,26,75,141,187,260,326,308,266,216,189,189,168,127,67,55,31,3,0,1
2,0,1,4,10,50,102,135,158,211,261,274,250,201,170,188,168,133,107,30,13,13,12,0
4,6,4,0,13,60,100,113,162,162,207,242,243,214,147,163,143,120,101,37,11,1,0,0
8,9,12,11,12,16,97,106,119,144,152,180,177,156,118,117,117,109,100,44,1,10,13,0
0,8,4,11,10,11,27,78,97,115,111,107,109,104,103,101,101,100,82,33,6,0,4,2
0,0,3,0,8,23,56,51,64,92,100,79,57,83,75,72,97,92,62,38,10,0,6,11
3,7,6,12,24,40,24,63,59,51,78,39,53,57,78,76,100,69,53,50,23,11,7,3
8,5,10,2,7,6,9,13,53,18,57,42,33,45,44,51,48,52,53,51,34,12,11,0
5,12,11,13,14,13,18,23,40,29,34,28,28,31,41,46,55,53,60,53,38,13,8,13
0,8,1,9,12,8,11,14,14,14,11,14,10,14,52,53,62,61,63,48,33,19,15,9
9,0,0,2,6,9,6,9,14,10,9,13,2,19,14,47,56,97,194,208,83,40,13,10
0,0,5,0,4,11,10,12,10,9,7,0,5,6,13,44,31,83,312,310,126,48,24,14
0,0,0,0,5,1,3,5,9,9,5,8,9,0,13,15,42,83,137,109,97,44,25,16
9,0,0,0,0,0,0,4,5,0,10,0,0,1,3,14,16,66,89,103,89,40,19,14
0,0,1,1,0,0,7,8,4,0,6,11,12,10,0,11,21,60,92,62,79,57,13,2
0,2,0,0,0,7,6,6,0,3,9,9,10,12,1,7,21,57,113,76,66,54,10,3
0,0,0,0,0,1,0,0,7,7,3,21,8,13,10,4,13,51,72,68,59,52,16,13
0,0,0,0,0,0,0,0,0,9,20,32,13,7,12,10,13,32,67,71,57,52,24,14
0,0,0,0,0,0,2,10,8,7,14,42,33,12,2,11,11,5,41,31,39,39,11,12
8,0,0,0,0,8,11,9,0,0,9,50,33,1,0,6,2,14,13,12,0,12,8,9
6,4,0,0,3,6,2,2,0,7,13,20,52,13,6,0,0,6,10,10,7,10,12,0
2,0,1,0,2,4,4,10,10,6,9,12,15,14,3,2,3,11,1,4,9,4,6,10

3,0,0,0,0,0,0,4,6,25,52,60,52,13,0,10,0,0,0,0,0,0,0,0
2,0,0,0,0,0,0,5,13,57,94,115,93,56,11,0,0,0,0,0,0,0,0,0
0,0,0,0,0,0,11,36,23,79,124,139,127,107,55,14,0,0,0,0,0,0,0,0
0,0,0,0,0,6,9,18,45,95,112,121,106,86,23,4,0,0,1,0,0,0,0,0
0,0,0,0,0,8,10,9,50,64,71,74,109,56,10,0,3,0,0,11,0,0,0,0
0,0,1,7,5,4,41,34,14,39,64,62,80,64,17,4,14,9,0,0,0,0,0,0
0,4,7,4,5,2,9,50,58,65,92,89,85,87,75,61,14,5,0,0,0,0,0,0
6,0,7,22,52,55,76,105,113,121,115,102,74,81,96,95,76,64,10,0,0,0,0,0
5,0,1,50,81,103,92,120,145,143,122,117,98,101,118,114,111,88,70,6,0,0,0,0
0,8,44,72,85,98,109,119,141,146,142,142,107,139,149,136,133,108,72,63,6,0,0,0
0,20,51,64,86,96,122,149,179,172,159,131,123,152,151,152,125,107,85,73,58,0,10,3
5,24,62,100,77,88,108,147,200,192,188,140,127,166,156,154,131,90,69,62,67,10,0,0
13,55,99,101,75,68,111,133,176,196,192,157,149,154,142,134,115,57,57,58,62,42,12,0
15,67,102,86,58,17,116,124,146,175,183,170,136,146,140,120,109,99,84,63,73,61,8,0
30,104,102,64,48,50,63,115,120,125,150,152,140,137,129,116,101,57,8,11,65,51,12,0
50,72,69,12,12,53,55,105,128,109,135,138,135,140,120,96,72,29,10,8,44,73,35,9
14,55,25,9,10,13,63,101,83,105,157,128,128,95,83,69,58,55,12,14,55,114,100,22
6,11,14,7,13,37,44,79,91,148,196,164,99,125,110,96,72,56,30,27,31,34,31,16
0,0,0,0,5,9,101,104,129,177,210,204,151,110,122,138,109,86,47,31,12,13,9,7
0,0,0,0,9,0,67,125,170,207,218,196,176,148,150,144,128,111,82,16,11,9,0,1
0,0,8,12,9,34,79,137,180,229,290,240,215,184,176,171,134,118,77,18,25,10,9,6
0,0,0,7,11,32,104,154,238,298,338,323,268,227,191,157,122,92,58,46,20,3,1,0
9,7,5,10,19,26,75,141,188,261,326,308,267,217,189,189,169,127,67,56,32,3,0,1
2,0,1,4,10,50,102,135,158,211,261,274,250,201,170,188,168,133,107,31,13,13,12,0
4,6,4,0,13,60,100,113,162,162,207,242,243,215,147,164,143,120,101,38,11,1,0,0
8,9,12,11,12,16,95,106,119,144,152,180,178,157,118,117,117,109,100,45,1,10,13,0
0,8,4,11,10,11,25,79,98,115,111,107,110,104,103,101,101,100,81,33,6,0,4,2
0,0,3,0,8,21,56,51,64,92,100,79,57,84,75,72,98,90,62,38,10,0,6,11
3,7,6,12,24,40,24,62,60,51,78,39,53,58,78,76,100,69,54,50,23,11,7,3
8,5,10,2,8,6,9,13,53,19,57,42,33,45,44,51,48,52,53,51,34,12,11,0
5,12,11,13,14,13,19,23,40,29,33,27,28,32,40,46,55,53,60,53,37,13,8,13
0,8,1,9,12,8,11,14,14,14,11,14,10,14,51,53,61,61,63,49,33,20,15,9
9,0,0,2,6,9,6,9,14,10,9,13,2,20,14,47,55,97,194,207,83,40,13,10
0,0,5,0,4,11,10,12,10,9,7,0,5,6,13,44,30,83,312,310,126,48,24,14
0,0,0,0,5,1,3,5,9,9,5,8,9,0,13,15,42,83,137,108,97,45,25,16
9,0,0,0,0,0,0,4,5,0,10,0,0,1,3,14,16,66,89,102,89,40,19,14
0,0,1,1,0,0,7,8,4,0,6,11,12,10,0,11,21,60,91,62,79,58,13,2
0,2,0,0,0,7,6,6,0,3,9,9,10,12,1,8,22,57,113,76,66,54,10,3
0,0,0,0,0,1,0,0,7,7,3,21,9,13,10,4,13,51,72,68,59,52,17,13
0,0,0,0,0,0,0,0,0,9,20,30,12,7,12,10,13,32,67,71,57,52,24,14
0,0,0,0,0,0,2,9,8,7,14,43,33,12,1,11,11,5,41,31,40,38,11,12
8,0,0,0,0,8,11,9,0,0,9,50,31,1,0,6,2,14,13,12,0,12,8,9
6,4,0,0,3,6,2,2,0,6,13,18,52,13,6,0,0,6,10,10,7,10,12,0
1,0,1,0,2,4,4,10,10,6,9,12,14,14,3,2,3,11,1,4,9,4,6,10

3,0,0,0,0,0,0,0,4,10,14,53,51,15,0,10,0,0,0,0,0,0,0,0
2,0,0,0,0,0,0,0,6,25,61,95,90,66,37,5,0,0,0,0,0,0,0,0
0,0,0,0,0,0,9,18,5,65,102,121,129,117,61,35,0,0,0,0,0,0,0,0
0,0,0,0,0,6,11,15,33,78,105,115,106,105,59,6,1,0,1,0,0,0,0,0
0,0,0,0,0,9,12,9,37,56,61,77,113,65,52,0,4,0,0,11,0,0,0,0
0,0,2,8,5,5,45,37,16,36,66,64,86,74,34,5,14,8,0,0,0,0,0,0
0,4,7,5,6,2,10,50,60,66,95,94,93,95,79,63,25,5,0,0,0,0,0,0
7,0,8,28,54,57,79,107,115,123,118,106,79,87,101,97,77,65,10,0,0,0,0,0
5,0,2,52,82,105,94,123,150,147,125,122,102,108,123,115,111,88,70,6,0,0,0,0
0,9,49,73,86,100,110,120,143,148,146,147,110,143,152,137,133,108,72,63,6,0,0,0
0,20,52,65,86,96,123,149,179,173,162,134,125,154,152,152,124,106,85,72,58,0,9,3
5,27,62,100,77,88,108,146,200,192,190,141,128,168,154,152,129,89,69,62,67,10,0,0
12,55,100,101,75,68,111,133,176,195,191,157,149,155,140,132,113,55,57,58,62,42,12,0
16,67,102,86,58,17,116,124,145,174,182,168,136,147,138,118,108,96,83,64,73,63,8,0
31,104,102,64,47,50,62,115,119,124,148,150,140,138,129,114,100,55,8,11,66,51,12,0
50,72,69,12,12,52,55,105,128,108,134,136,135,141,120,93,71,25,10,8,45,74,35,9
14,55,24,8,10,13,62,101,83,105,156,127,127,93,83,69,58,55,12,14,55,114,100,21
7,12,14,7,13,36,43,79,91,148,195,164,97,121,109,96,72,56,30,27,30,33,30,16
0,0,0,0,4,8,101,104,128,176,210,203,149,108,121,137,108,86,46,31,12,13,9,7
0,0,0,0,9,0,66,124,170,206,217,196,174,147,148,143,128,111,82,15,11,9,0,1
0,0,8,12,9,33,79,137,180,229,290,240,214,183,174,170,134,118,76,18,25,10,9,6
0,0,0,7,12,31,103,154,239,300,339,324,268,226,190,156,122,92,57,46,20,3,1,0
9,7,5,10,19,27,76,141,188,262,328,310,268,218,188,188,168,127,67,56,31,3,0,1
3,0,1,4,11,50,103,135,158,211,262,275,250,202,171,188,167,133,107,31,13,13,12,0
4,6,4,0,12,60,100,113,162,162,208,243,244,216,147,164,143,120,101,38,11,1,0,0
8,10,12,11,12,16,97,106,119,145,153,181,179,158,119,118,118,109,100,45,1,10,13,0
0,8,4,11,10,11,28,79,97,116,111,108,110,104,103,101,101,100,81,33,6,0,4,1
0,0,3,0,8,23,56,51,64,92,100,80,57,83,75,72,97,90,63,38,10,0,6,11
3,7,6,12,24,40,22,63,59,51,77,38,53,58,79,77,100,69,53,50,23,11,7,3
8,5,10,2,7,6,10,13,53,18,57,42,34,45,44,51,48,52,53,51,35,12,12,0
5,12,11,13,14,13,19,23,40,29,33,27,28,32,41,46,55,53,60,53,37,13,8,13
0,8,1,9,12,8,11,14,14,14,11,14,10,14,51,53,61,61,63,48,33,20,15,9
9,0,0,2,6,9,6,9,14,10,9,13,2,19,14,46,55,98,194,208,83,40,13,10
0,0,5,0,4,11,10,12,10,9,7,0,5,6,13,44,31,83,313,311,126,48,24,14
0,0,0,0,5,1,2,5,9,9,5,7,9,0,13,15,42,83,137,109,97,45,25,16
9,0,0,0,0,0,0,3,5,0,10,0,0,1,3,14,17,66,89,102,89,40,19,14
0,0,0,1,0,0,7,8,4,0,6,11,11,10,0,11,23,60,91,62,78,58,13,2
0,2,0,0,0,7,6,6,0,3,9,9,10,12,1,8,21,57,113,76,66,54,10,3
0,0,0,0,0,1,0,0,7,7,3,21,8,13,10,4,13,51,72,68,59,52,17,13
0,0,0,0,0,0,0,0,0,9,19,31,12,7,12,10,13,32,67,71,57,52,24,14
0,0,0,0,0,0,2,9,8,6,14,43,32,12,1,11,11,5,41,31,40,38,11,12
8,0,0,0,0,8,11,9,0,0,9,50,29,1,0,5,2,14,13,12,0,12,8,9
6,4,0,0,3,6,2,1,0,6,12,16,52,13,5,0,0,6,10,10,7,10,12,0
1,0,1,0,2,4,4,10,10,6,9,11,15,14,3,2,3,11,1,4,9,4,6,10

3,0,0,0,0,0,0,0,3,7,0,12,52,52,10,11,0,0,0,0,0,0,0,0
2,0,0,0,0,0,0,0,4,12,47,65,81,82,81,27,1,0,0,0,0,0,0,0
0,0,0,0,0,0,8,14,0,56,75,105,126,130,78,53,2,0,0,0,0,0,0,0
0,0,0,0,0,6,12,14,21,71,101,108,106,114,79,12,4,0,1,0,0,0,0,0
0,0,0,0,0,9,12,9,30,53,53,76,112,71,63,0,5,0,0,11,0,0,0,0
0,0,3,8,5,5,45,38,19,34,65,63,87,77,45,6,14,8,0,0,0,0,0,0
0,4,7,5,6,2,10,50,60,66,94,94,94,94,79,63,21,5,0,0,0,0,0,0
7,0,8,28,54,57,78,106,114,122,117,105,79,86,100,97,77,64,10,0,0,0,0,0
5,0,2,52,82,105,94,122,148,146,125,121,101,107,122,114,111,88,70,6,0,0,0,0
0,9,49,73,86,100,110,120,143,147,144,145,110,142,151,137,134,109,73,63,6,0,0,0
0,20,52,65,87,96,123,150,180,172,159,132,123,153,151,151,124,106,85,72,58,0,9,3
5,28,62,100,77,88,108,147,200,192,188,140,127,165,152,152,129,89,69,62,67,10,0,0
12,55,100,101,75,69,111,133,177,196,191,157,150,154,139,132,114,55,57,58,62,42,12,0
16,67,102,86,58,19,116,124,146,174,182,169,136,146,138,119,108,96,83,65,73,63,8,0
34,104,102,64,50,50,63,115,120,124,149,151,140,137,129,114,100,55,8,11,66,51,12,0
51,73,69,12,12,53,55,105,128,108,134,136,134,140,119,93,71,26,10,8,45,74,35,9
16,56,26,9,10,13,63,101,83,105,156,126,126,93,83,68,58,55,12,14,54,114,100,22
7,12,14,8,13,36,44,79,91,148,195,163,96,121,109,95,72,56,30,27,31,34,31,16
0,0,0,0,4,8,101,104,128,177,210,203,147,107,121,137,108,86,46,32,12,13,9,7
0,0,0,0,9,0,66,124,170,207,218,196,174,146,148,143,128,111,82,15,11,9,0,1
0,0,8,12,9,33,79,137,181,230,292,241,214,182,174,170,133,118,76,18,25,10,9,5
0,0,0,7,12,32,104,154,240,301,340,326,270,227,190,156,122,91,57,46,20,3,1,0
9,7,5,10,19,26,76,141,189,263,329,310,269,218,188,188,167,127,66,55,31,3,0,1
2,0,1,4,11,50,102,135,159,212,263,276,251,202,170,187,167,133,107,31,13,13,12,0
4,6,4,0,13,60,100,113,163,163,208,244,244,216,147,163,143,120,101,37,11,1,0,0
8,9,12,11,12,16,97,106,119,145,153,182,179,158,119,117,117,109,100,45,1,10,13,0
0,8,4,11,10,11,27,80,97,116,111,108,110,104,103,101,101,100,81,33,6,0,4,1
0,0,3,0,8,23,55,51,64,92,100,80,58,84,74,73,97,90,62,38,10,0,6,11
3,7,6,12,24,40,23,62,59,51,77,38,53,58,79,76,100,69,54,50,23,11,7,3
8,5,10,2,7,6,9,13,53,19,57,41,34,45,44,51,48,52,53,51,35,12,12,0
5,12,11,13,14,13,20,23,40,29,33,27,28,33,41,46,56,53,59,53,37,13,8,13
0,8,1,9,12,8,11,14,14,14,11,14,10,14,51,53,61,61,63,49,33,20,15,9
9,0,0,2,6,9,6,9,14,10,9,13,2,20,14,47,55,97,195,209,83,41,13,10
0,0,5,0,4,11,10,12,10,9,7,0,5,6,13,44,31,82,313,312,127,48,24,14
0,0,0,0,5,1,2,5,9,9,5,7,9,0,13,15,42,83,137,109,98,45,25,16
9,0,0,0,0,0,0,3,5,0,10,0,0,1,3,14,16,65,88,103,89,41,19,14
0,0,0,1,0,0,7,8,4,0,6,11,11,10,0,11,22,59,91,62,79,58,13,3
0,2,0,0,0,7,6,6,0,3,9,9,10,12,1,8,23,57,113,76,66,54,10,3
0,0,0,0,0,0,0,0,7,7,3,21,8,13,10,4,13,51,72,68,59,52,18,13
0,0,0,0,0,0,0,0,0,9,19,31,12,7,12,10,13,32,67,71,57,52,25,14
0,0,0,0,0,0,2,9,7,6,14,43,33,12,1,11,11,5,41,31,40,38,11,12
8,0,0,0,0,8,11,9,0,0,9,50,30,1,0,5,2,14,13,12,0,12,8,9
6,4,0,0,3,6,2,1,0,6,12,16,52,13,5,0,0,6,10,10,7,10,12,0
1,0,1,0,2,4,4,10,10,6,9,11,15,14,3,2,2,11,1,4,9,4,6,10

3,0,0,0,0,0,0,0,4,8,0,29,53,53,9,11,0,0,0,0,0,0,0,0
2,0,0,0,0,0,0,0,5,13,52,72,85,84,78,25,2,0,0,0,0,0,0,0
0,0,0,0,0,0,8,14,0,58,80,108,130,130,76,53,2,0,0,0,0,0,0,0
0,0,0,0,0,6,12,14,23,73,102,110,107,113,78,12,5,0,1,0,0,0,0,0
0,0,0,0,0,9,12,9,34,54,55,77,112,71,63,0,5,0,0,11,0,0,0,0
0,0,3,8,5,5,45,37,19,34,66,63,86,77,46,6,14,8,0,0,0,0,0,0
0,4,7,5,6,2,10,51,60,66,94,94,94,94,79,63,22,5,0,0,0,0,0,0
7,0,8,28,54,56,78,106,114,122,117,105,79,86,100,97,77,64,10,0,0,0,0,0
5,0,2,51,82,104,93,122,148,146,125,121,102,107,122,115,112,89,71,7,0,0,0,0
0,9,49,73,86,99,110,120,143,147,144,146,111,143,152,137,134,109,73,63,6,0,0,0
0,20,52,65,87,96,123,150,180,172,160,133,123,153,152,152,124,107,85,73,58,0,9,3
5,28,62,100,77,88,108,147,201,192,189,141,127,164,153,152,130,89,70,62,67,10,0,0
13,55,100,101,75,68,111,133,177,196,192,157,150,153,140,132,114,56,57,58,62,43,12,0
17,67,102,87,58,19,116,124,146,174,182,169,136,146,138,119,108,97,84,65,74,63,8,0
35,104,102,64,50,50,63,115,120,124,149,150,139,137,129,115,100,55,8,11,66,52,12,0
51,74,69,12,12,53,55,105,128,108,134,136,134,140,119,94,71,26,10,8,45,74,36,9
19,56,26,9,11,13,62,101,83,105,156,126,126,93,82,68,58,55,12,14,55,114,101,23
7,12,14,8,13,36,43,79,91,147,195,163,96,121,108,94,71,56,30,27,31,34,31,16
0,0,0,0,4,8,101,104,128,176,209,203,147,107,120,137,108,86,47,32,12,13,9,7
0,0,0,0,9,0,66,124,170,207,218,196,174,146,148,143,128,111,82,16,11,9,0,1
0,0,8,12,9,34,79,137,180,231,292,241,214,183,175,170,134,118,76,19,25,10,9,5
0,0,0,7,12,32,104,154,239,300,340,326,271,228,190,156,122,91,57,46,20,3,1,0
9,7,5,10,19,27,76,141,189,263,329,310,269,219,189,188,167,127,67,56,31,3,0,1
3,0,1,4,10,50,102,135,159,212,262,275,251,203,171,187,167,133,107,32,13,13,12,0
4,6,4,0,12,60,100,113,162,162,208,243,244,216,147,163,143,120,101,38,11,1,0,0
8,10,12,11,12,16,97,106,119,145,153,181,179,158,119,117,117,109,100,45,1,9,13,0
0,8,4,11,10,11,27,79,97,115,111,108,110,104,103,101,101,100,82,33,6,0,4,1
0,0,3,0,8,21,56,51,64,92,100,80,58,84,75,73,97,90,62,38,10,0,6,11
3,7,6,12,25,40,23,62,59,51,77,38,53,58,79,76,100,69,53,50,23,11,7,3
8,5,10,2,7,6,9,13,53,18,57,41,34,45,44,51,48,52,53,51,35,12,11,0
5,12,11,13,14,13,19,22,39,29,33,27,27,32,41,46,56,53,60,53,37,13,8,13
0,8,1,9,12,8,11,14,14,14,11,13,10,14,51,53,62,61,63,49,33,19,15,9
9,0,0,2,6,9,6,9,14,10,9,12,2,20,14,47,56,98,195,209,83,40,13,10
0,0,5,0,4,11,10,12,10,9,7,0,5,6,13,44,30,83,313,312,127,48,24,14
0,0,0,0,5,1,2,5,9,9,5,7,9,0,13,15,42,83,137,109,98,44,25,16
9,0,0,0,0,0,0,3,5,0,10,0,0,1,3,14,17,65,89,103,89,40,19,14
0,0,0,1,0,0,7,8,3,0,5,11,11,10,0,11,23,60,91,62,79,58,13,2
0,2,0,0,0,7,5,6,0,3,9,9,10,12,1,8,22,57,113,76,66,54,10,3
0,0,0,0,0,0,0,0,7,7,3,21,8,13,10,4,13,51,72,68,59,52,17,13
0,0,0,0,0,0,0,0,0,9,19,30,12,7,12,10,13,32,67,71,57,52,24,14
0,0,0,0,0,0,2,9,7,6,14,42,31,12,1,11,11,5,41,33,40,38,11,12
8,0,0,0,0,8,11,9,0,0,9,50,27,1,0,5,2,14,13,12,0,12,8,9
6,4,0,0,3,6,2,1,0,6,12,16,52,13,5,0,0,6,10,10,7,10,12,0
1,0,1,0,2,4,4,10,10,6,9,11,15,14,3,2,3,11,1,4,9,4,6,10

3,0,0,0,0,0,0,0,4,8,2,50,54,53,8,11,0,0,0,0,0,0,0,0
2,0,0,0,0,0,0,0,5,14,54,78,91,84,75,23,2,0,0,0,0,0,0,0
0,0,0,0,0,0,9,14,0,60,85,113,133,130,74,52,2,0,0,0,0,0,0,0
0,0,0,0,0,6,12,14,26,74,103,112,108,112,76,11,5,0,1,0,0,0,0,0
0,0,0,0,0,9,12,9,39,55,57,76,112,70,61,0,4,0,0,11,0,0,0,0
0,0,3,8,5,5,45,37,19,35,66,63,85,76,42,6,14,8,0,0,0,0,0,0
0,4,7,5,6,2,10,51,60,67,94,93,91,92,78,62,21,5,0,0,0,0,0,0
7,0,8,28,54,56,78,106,114,123,117,104,78,85,99,97,77,64,10,0,0,0,0,0
5,0,2,52,82,104,93,122,148,147,125,121,101,107,122,115,112,89,71,7,0,0,0,0
0,9,50,73,86,100,110,120,144,148,145,145,110,143,152,138,134,109,73,64,6,0,0,0
0,21,52,65,87,96,123,150,181,173,160,132,123,153,152,153,124,107,85,73,58,1,9,3
5,28,62,100,77,88,108,147,201,192,189,140,126,164,153,153,130,89,70,62,67,10,0,0
13,55,100,102,75,69,111,134,177,195,191,157,149,152,140,133,114,56,57,58,62,43,12,0
17,67,102,86,58,21,116,124,146,174,182,168,135,144,138,119,108,97,84,65,73,63,8,0
36,104,102,64,50,50,63,115,120,124,148,150,139,136,129,115,100,55,8,11,66,51,12,0
51,73,69,12,12,54,55,105,128,108,134,136,134,139,119,94,71,26,10,8,44,73,35,9
17,56,27,9,11,13,64,101,83,105,156,126,126,93,82,68,58,55,12,14,55,114,100,22
7,12,14,8,13,36,44,79,91,148,195,163,96,121,109,95,72,56,30,27,31,34,31,16
0,0,0,0,5,9,101,104,129,177,209,203,147,107,121,137,108,86,46,32,12,13,9,7
0,0,0,0,9,0,67,125,171,207,217,196,174,146,149,144,128,111,82,16,11,9,0,1
0,0,8,12,9,34,80,137,181,230,291,241,214,183,175,171,134,118,76,18,25,10,9,5
0,0,0,7,11,32,104,154,240,300,340,325,269,228,191,157,123,92,58,46,20,3,1,0
9,7,5,10,19,27,76,141,189,263,329,310,270,219,189,189,168,127,67,56,32,3,0,0
3,0,1,4,10,50,102,135,159,212,263,275,251,203,172,188,167,133,107,35,13,13,12,0
4,6,4,0,12,59,100,113,162,162,208,243,244,217,147,164,143,120,101,39,11,1,0,0
8,10,12,11,12,17,95,106,119,145,153,181,179,158,119,117,117,109,100,45,1,9,13,0
0,8,4,11,10,11,27,80,96,115,111,108,110,104,103,101,101,100,82,33,6,0,4,1
0,0,3,0,8,23,56,51,63,91,100,79,57,83,75,73,97,92,63,38,10,0,6,11
3,7,6,12,24,41,23,63,59,51,77,38,53,58,79,76,100,69,54,50,23,11,7,3
8,5,10,2,7,6,9,13,53,17,57,41,34,45,44,51,48,52,53,51,35,12,12,0
5,12,11,13,14,13,19,22,39,29,33,27,27,32,40,46,56,53,60,53,38,13,8,13
0,8,1,9,12,8,11,14,14,14,11,13,9,14,51,52,62,61,63,49,33,20,15,9
9,0,0,2,7,9,6,9,14,10,9,12,2,21,14,47,56,98,195,210,83,40,13,10
0,0,5,0,4,11,10,12,10,9,7,0,5,5,13,44,31,83,313,314,127,48,24,14
0,0,0,0,5,1,2,5,9,9,5,7,9,0,13,15,42,83,137,109,98,45,25,16
9,0,0,0,0,0,0,3,5,0,10,0,0,1,3,14,16,65,88,103,89,41,19,14
0,0,0,1,0,0,7,7,3,0,5,11,11,9,0,11,21,59,91,62,79,58,13,3
0,2,0,0,0,7,5,6,0,3,9,9,10,12,1,7,23,57,113,76,66,55,10,3
0,0,0,0,0,0,0,0,7,7,3,21,8,13,10,4,13,51,72,68,59,52,17,13
0,0,0,0,0,0,0,0,0,9,19,30,12,7,12,10,13,32,67,71,57,52,24,14
0,0,0,0,0,0,2,9,7,6,14,43,32,12,1,11,11,5,42,31,41,38,11,12
8,0,0,0,0,8,11,9,0,0,9,50,29,0,0,5,2,14,13,12,0,12,8,9
6,4,0,0,3,6,1,1,0,6,12,15,51,13,5,0,0,6,10,10,7,10,12,0
1,0,1,0,2,4,4,10,10,6,9,11,14,14,3,2,2,11,1,4,9,4,6,10

3,0,0,0,0,0,0,0,4,9,3,51,55,54,7,10,0,0,0,0,0,0,0,0
2,0,0,0,0,0,0,0,6,19,55,84,96,83,72,22,2,0,0,0,0,0,0,0
0,0,0,0,0,0,9,14,1,61,90,117,135,129,73,51,1,0,0,0,0,0,0,0
0,0,0,0,0,6,12,14,28,75,103,113,108,111,75,11,4,0,1,0,0,0,0,0
0,0,0,0,0,9,12,10,43,56,58,76,112,69,60,0,4,0,0,11,0,0,0,0
0,0,3,8,5,5,45,37,19,35,66,62,85,75,40,6,14,8,0,0,0,0,0,0
0,4,7,5,6,2,10,51,60,67,93,93,90,90,77,62,17,5,0,0,0,0,0,0
7,0,8,29,54,57,78,106,114,123,117,104,76,84,98,97,77,64,10,0,0,0,0,0
5,0,2,52,82,105,94,122,148,147,125,120,100,105,121,115,112,88,70,7,0,0,0,0
0,9,50,73,86,100,110,121,144,148,144,145,110,142,151,137,134,109,73,63,6,0,0,0
0,20,52,65,87,96,123,150,180,173,159,132,123,153,152,152,124,107,85,73,58,1,10,3
5,29,62,100,77,88,108,147,201,192,187,139,125,164,153,153,130,89,69,62,67,10,0,0
12,55,100,101,75,69,111,134,176,195,190,156,148,152,140,133,114,56,57,58,62,42,12,0
17,67,102,86,58,20,116,124,145,173,182,168,135,145,139,119,108,97,83,64,73,62,8,0
33,104,102,64,48,50,63,115,119,124,149,150,139,136,129,115,100,56,8,11,65,51,12,0
50,72,69,12,12,53,55,105,128,108,134,137,134,140,119,94,71,27,10,8,44,73,34,9
15,56,25,8,11,13,64,101,83,105,157,127,127,94,83,68,58,55,12,14,54,113,99,21
7,12,14,8,13,37,44,80,92,149,196,165,98,124,110,96,72,56,30,27,30,33,31,16
0,0,0,0,5,9,101,104,130,177,210,204,149,109,122,138,109,87,47,31,12,13,8,7
0,0,0,0,9,0,67,125,172,207,217,196,175,147,150,144,128,111,82,17,11,9,0,1
0,0,8,12,9,34,79,137,181,230,291,240,214,184,176,171,134,118,77,19,25,10,9,5
0,0,0,7,11,32,104,154,239,300,339,324,269,228,191,157,123,93,58,46,20,3,1,0
9,7,5,10,19,27,75,141,188,263,328,310,268,218,190,190,169,128,67,56,32,3,0,1
3,0,1,4,10,50,102,135,159,212,263,275,250,202,172,188,168,133,108,35,13,13,12,0
4,6,4,0,12,60,100,113,163,162,208,243,244,216,147,164,143,121,101,39,11,1,0,0
8,10,12,11,12,16,97,106,119,145,153,181,179,158,119,118,118,109,100,46,1,9,13,0
0,8,4,11,10,11,27,79,97,115,111,108,110,104,103,101,101,100,82,33,6,0,4,1
0,0,3,0,8,23,56,51,63,90,100,79,57,84,75,72,98,90,63,38,10,0,6,11
3,7,6,12,24,40,23,63,59,51,77,37,53,58,78,77,100,69,53,50,23,11,7,3
8,5,10,2,7,6,9,13,53,18,57,41,34,45,44,51,48,52,53,51,35,12,11,0
5,12,11,13,14,13,19,23,39,29,33,27,28,32,40,46,56,53,60,53,38,13,8,13
0,8,1,9,12,8,11,14,14,14,11,13,10,14,52,53,62,61,63,49,33,20,15,9
9,0,0,2,7,9,6,9,14,10,9,13,2,20,14,49,56,98,195,210,83,40,13,10
0,0,5,0,4,11,10,12,10,9,7,0,5,5,13,44,30,83,314,314,127,48,24,14
0,0,0,0,5,1,2,4,9,9,5,7,9,0,13,15,42,83,137,109,98,45,25,16
9,0,0,0,0,0,0,3,5,0,9,0,0,0,3,14,17,65,89,103,89,41,19,14
0,0,0,1,0,0,7,7,3,0,5,11,11,9,0,11,23,60,91,62,79,58,13,3
0,2,0,0,0,7,5,6,0,2,9,9,10,12,0,8,22,57,113,76,66,54,10,3
0,0,0,0,0,0,0,0,7,7,3,20,8,13,10,4,13,51,72,68,59,52,17,13
0,0,0,0,0,0,0,0,0,8,19,30,12,7,12,10,13,32,67,71,57,52,24,14
0,0,0,0,0,0,2,9,7,6,14,43,32,12,1,11,11,5,42,33,41,40,11,12
8,0,0,0,0,8,11,9,0,0,9,50,27,0,0,5,2,14,13,12,0,12,8,9
6,4,0,0,3,6,1,1,0,6,12,16,52,13,5,0,0,6,10,10,7,10,12,0
1,0,1,0,2,4,4,10,10,6,9,11,14,14,3,2,2,11,1,4,9,4,6,10

3,0,0,0,0,0,0,0,4,10,5,52,56,53,6,10,0,0,0,0,0,0,0,0
2,0,0,0,0,0,0,0,6,27,57,91,100,82,70,20,2,0,0,0,0,0,0,0
0,0,0,0,0,0,9,17,2,62,96,121,137,129,71,51,1,0,0,0,0,0,0,0
0,0,0,0,0,6,12,14,30,76,104,114,108,110,73,10,4,0,1,0,0,0,0,0
0,0,0,0,0,9,12,10,45,56,60,76,112,68,59,0,4,0,0,11,0,0,0,0
0,0,3,8,5,5,45,37,18,35,66,62,84,74,39,6,14,9,0,0,0,0,0,0
0,4,8,5,6,2,10,51,60,67,93,92,89,89,77,62,15,5,0,0,0,0,0,0
7,0,8,30,54,57,78,107,114,122,116,103,76,83,97,96,77,64,10,0,0,0,0,0
5,0,2,52,83,105,94,122,148,146,124,119,100,104,120,114,111,88,70,7,0,0,0,0
0,9,49,73,86,100,110,121,143,147,144,144,109,141,150,136,133,109,73,63,6,0,0,0
0,21,52,65,87,97,123,150,180,174,160,132,123,153,151,151,124,107,85,73,58,0,9,3
5,28,62,100,77,88,108,147,201,192,188,140,126,165,153,153,130,89,69,62,67,10,0,0
13,55,100,101,75,69,111,133,176,196,191,157,149,153,140,133,114,56,57,58,62,42,12,0
17,67,102,86,58,19,116,124,146,174,182,169,136,145,139,120,108,96,83,64,73,62,8,0
31,104,102,64,48,50,63,115,119,125,149,151,139,136,129,115,100,55,8,11,65,51,12,0
50,71,69,12,12,53,55,105,128,109,135,137,135,140,119,95,71,26,10,8,44,73,34,8
14,55,24,8,10,13,63,101,83,105,158,128,128,95,83,69,58,55,12,14,54,113,97,20
7,12,14,7,13,37,44,80,92,149,197,166,99,125,111,96,72,56,30,27,30,33,30,16
0,0,0,0,5,9,101,104,130,178,211,205,150,110,122,138,109,87,47,31,12,13,8,7
0,0,0,0,9,0,67,125,172,208,218,196,176,147,150,144,128,111,82,17,11,9,0,1
0,0,8,12,9,34,80,138,181,230,290,240,215,185,176,172,134,118,77,19,25,10,9,5
0,0,0,7,11,32,104,154,239,300,339,324,269,229,191,158,123,93,59,46,20,3,1,0
9,7,5,10,19,27,74,141,188,263,328,309,268,219,190,190,169,128,67,57,32,3,0,1
3,0,1,4,10,50,102,135,159,212,262,275,250,203,171,189,168,133,108,36,13,13,12,0
4,6,4,0,13,60,100,113,162,162,208,243,244,216,148,164,143,121,102,40,11,1,0,0
8,10,12,11,12,16,95,106,119,145,153,181,179,158,119,118,118,109,100,46,1,9,13,0
0,8,4,11,10,11,27,79,97,116,111,107,110,104,103,101,101,100,83,33,6,0,4,1
0,0,3,0,8,23,55,51,64,91,100,80,58,83,75,74,98,92,64,40,10,0,6,11
3,7,6,12,25,40,23,61,59,51,77,38,53,58,79,76,100,69,54,50,23,11,7,3
8,5,10,2,7,6,9,13,53,18,56,41,34,45,44,51,48,52,53,51,35,12,11,0
5,12,11,13,14,13,19,22,39,29,33,27,27,32,40,46,56,53,60,53,38,13,8,13
0,8,1,9,12,8,11,14,14,14,11,13,10,14,52,53,61,61,63,49,33,20,15,9
9,0,0,2,7,9,6,9,14,10,9,12,2,20,14,47,56,98,195,210,83,40,13,10
0,0,5,0,4,11,10,12,10,9,7,0,5,6,13,44,31,83,314,315,127,48,24,14
0,0,0,0,5,1,2,4,9,9,5,7,9,0,13,15,42,83,137,109,98,45,25,16
9,0,0,0,0,0,0,3,5,0,10,0,0,0,3,14,17,65,88,103,89,41,19,14
0,0,0,0,0,0,7,7,3,0,5,11,11,9,0,11,22,60,91,62,79,58,13,3
0,2,0,0,0,7,5,6,0,2,9,9,10,12,0,8,23,57,113,76,66,54,10,3
0,0,0,0,0,0,0,0,7,7,3,20,8,13,10,4,13,51,72,68,59,52,17,13
0,0,0,0,0,0,0,0,0,8,19,30,12,7,12,10,13,32,67,71,57,52,25,14
0,0,0,0,0,0,2,9,7,5,14,42,32,12,1,11,11,5,41,33,42,39,11,12
8,0,0,0,0,8,11,9,0,0,9,50,27,0,0,5,2,14,13,12,0,12,8,9
6,4,0,0,3,6,1,1,0,5,12,15,52,13,5,0,0,6,10,10,7,10,12,0
1,0,1,0,2,4,4,10,10,6,9,11,14,14,3,2,2,11,1,4,9,4,6,10

3,0,0,0,0,0,0,1,5,11,9,56,59,55,7,10,0,0,0,0,0,0,0,0
2,0,0,0,0,0,0,1,7,37,59,101,105,84,68,20,2,0,0,0,0,0,0,0
1,0,0,0,0,0,9,18,4,63,100,125,138,128,69,50,0,0,0,0,0,0,0,0
0,0,0,0,0,6,12,14,30,76,104,115,108,109,71,9,3,0,1,0,0,0,0,0
0,0,0,0,0,9,12,10,47,56,61,74,111,67,58,0,3,0,0,11,0,0,0,0
0,0,3,8,5,5,45,36,18,35,65,61,83,72,35,5,14,9,0,0,0,0,0,0
0,4,7,5,6,2,10,51,59,66,92,91,88,89,76,61,14,5,0,0,0,0,0,0
7,0,8,29,54,57,78,106,113,121,115,102,75,82,96,96,77,64,10,0,0,0,0,0
5,0,2,52,83,105,93,121,147,144,122,117,99,102,119,114,111,88,70,6,0,0,0,0
0,9,50,73,86,100,110,120,142,146,142,143,109,141,149,136,133,108,72,63,6,0,0,0
0,20,52,65,87,96,123,150,179,172,159,131,123,152,151,150,123,107,85,73,58,0,9,3
5,29,62,100,77,88,108,147,201,193,189,141,126,166,154,153,130,89,69,62,67,10,0,0
13,55,100,101,75,68,111,134,178,197,193,158,149,154,141,133,114,56,57,58,62,42,12,0
18,67,102,86,58,20,116,124,146,175,183,170,136,146,140,120,108,97,84,65,73,62,8,0
34,104,102,64,50,50,63,115,120,126,150,152,140,137,129,116,100,57,8,11,65,51,12,0
50,73,69,12,12,54,55,105,129,109,136,138,135,140,119,95,71,27,10,8,45,73,35,9
17,56,25,9,11,13,64,101,83,106,158,128,127,95,83,69,58,55,12,14,55,114,99,22
7,12,14,8,13,37,44,80,92,149,197,164,99,125,111,96,72,56,30,27,31,34,31,16
0,0,0,0,5,9,101,105,130,178,210,205,151,110,121,138,108,87,46,31,12,13,9,7
0,0,0,0,9,0,67,125,172,208,218,197,176,148,149,144,128,111,82,16,11,9,0,1
0,0,8,12,10,35,80,138,182,230,292,241,216,184,176,171,134,118,76,18,25,10,9,5
0,0,0,7,11,32,104,155,240,301,340,324,269,228,191,157,123,92,58,46,20,3,1,0
9,7,5,10,19,27,75,141,189,263,329,310,267,218,189,189,168,127,67,56,31,3,0,1
3,0,1,4,11,50,102,135,159,212,263,275,251,202,170,188,167,133,107,33,13,13,12,0
4,6,4,0,13,60,100,113,163,162,208,243,244,216,147,164,143,120,101,38,11,1,0,0
8,9,12,11,12,17,97,106,119,145,153,181,179,158,119,117,117,109,100,46,1,9,12,0
0,8,4,11,10,11,27,79,97,115,111,107,110,104,103,101,101,100,82,33,6,0,4,1
0,0,3,0,8,21,55,51,63,91,100,79,57,83,75,72,98,91,63,38,10,0,6,11
3,7,6,12,24,39,24,63,59,52,77,38,53,59,79,76,100,69,53,50,23,11,7,3
8,5,10,2,7,5,9,13,53,17,57,41,34,45,44,51,48,52,53,51,35,12,11,0
5,12,11,13,14,13,19,23,39,29,33,27,27,32,41,46,56,53,60,53,38,13,8,13
0,8,1,9,12,8,11,14,14,14,11,13,9,14,52,52,62,61,63,49,33,20,15,9
9,0,0,2,7,9,6,9,14,10,9,12,2,20,14,46,56,98,196,210,83,40,13,10
0,0,5,0,5,11,10,12,10,9,7,0,5,5,13,44,30,83,314,315,127,48,24,14
0,0,0,0,5,1,2,4,8,9,5,7,9,0,13,15,43,83,137,109,98,45,25,16
9,0,0,0,0,0,0,3,5,0,9,0,0,0,3,14,17,65,88,103,89,41,19,14
0,0,0,0,0,0,7,7,3,0,5,11,11,9,0,11,21,60,91,62,79,58,13,3
0,2,0,0,0,7,5,6,0,2,9,9,10,12,0,8,23,57,113,76,66,55,10,3
0,0,0,0,0,0,0,0,7,7,3,20,8,13,10,4,13,51,72,68,59,52,17,13
0,0,0,0,0,0,0,0,0,8,19,29,12,7,12,10,13,32,67,71,57,52,25,14
0,0,0,0,0,0,2,9,6,5,14,42,30,12,1,10,11,5,41,33,40,39,11,12
8,0,0,0,0,8,11,9,0,0,9,50,30,0,0,5,2,14,14,12,0,12,8,9
6,4,0,0,3,6,1,1,0,5,12,14,52,13,5,0,0,6,10,10,7,10,12,0
1,0,1,0,2,4,4,10,10,5,9,11,14,14,3,2,2,11,1,4,9,4,6,10

3,0,0,0,0,0,0,2,5,11,12,57,59,55,5,10,0,0,0,0,0,0,0,0
2,0,0,0,0,0,0,2,8,47,62,105,107,82,65,18,2,0,0,0,0,0,0,0
1,0,0,0,0,0,10,20,6,64,103,130,139,126,67,50,0,0,0,0,0,0,0,0
0,0,0,0,0,6,12,14,32,77,105,116,109,108,69,9,4,0,1,0,0,0,0,0
0,0,0,0,0,9,11,10,48,57,62,74,111,66,57,0,3,0,0,11,0,0,0,0
0,0,3,8,5,4,44,35,17,35,65,61,83,72,35,5,14,9,0,0,0,0,0,0
0,4,7,5,6,2,10,50,59,66,92,91,87,89,76,61,14,5,0,0,0,0,0,0
6,0,7,27,53,56,76,105,112,121,115,103,75,83,96,95,76,64,10,0,0,0,0,0
5,0,2,52,82,104,92,120,146,144,122,117,98,102,119,114,112,88,70,7,0,0,0,0
0,9,46,73,86,99,109,120,143,146,142,141,108,140,149,135,134,109,73,63,6,0,0,0
0,20,52,65,87,97,124,151,180,171,157,131,122,151,150,150,123,107,85,73,58,0,9,3
5,28,62,100,78,89,109,149,203,192,188,140,126,165,153,151,130,89,70,62,67,10,0,0
13,55,100,102,75,68,111,135,181,198,193,157,149,153,140,133,114,56,57,58,62,42,12,0
19,67,102,87,59,16,116,126,149,178,185,169,135,145,139,119,108,97,84,65,73,63,8,0
36,104,102,65,50,50,63,116,122,126,151,151,139,136,129,115,100,56,8,11,66,52,12,0
51,75,71,13,12,52,54,105,128,109,135,136,134,140,119,95,71,27,10,8,45,73,35,9
23,58,29,9,11,13,63,101,83,106,157,126,127,95,83,68,58,55,12,14,55,114,100,23
7,12,14,8,13,37,44,80,92,149,197,163,98,125,110,95,72,56,30,27,31,34,31,16
0,0,0,0,5,9,101,105,130,178,210,204,151,110,121,137,109,86,47,32,12,13,9,7
0,0,0,0,9,0,67,126,172,208,218,196,175,148,150,144,128,111,83,16,11,9,0,1
0,0,8,12,10,35,80,138,182,230,291,240,215,185,176,171,134,118,76,18,25,10,9,5
0,0,0,7,11,32,104,156,240,301,340,324,269,229,192,157,122,92,58,46,20,3,1,0
9,7,5,10,19,27,76,141,189,263,328,309,269,218,189,189,168,127,67,56,31,3,0,1
3,0,1,4,11,51,102,135,159,212,263,275,251,202,171,188,167,133,107,33,13,13,12,0
4,6,4,0,12,59,100,113,163,162,208,243,243,216,147,163,143,120,101,39,11,1,0,0
8,9,12,11,12,16,95,106,119,145,153,180,178,157,118,117,117,109,100,46,0,9,12,0
0,8,4,11,10,11,25,79,96,115,111,107,110,104,103,101,101,100,81,34,6,0,4,1
0,0,3,0,8,21,55,51,64,91,100,77,57,84,75,73,98,91,62,40,10,0,6,11
3,7,6,12,24,40,23,62,59,51,77,37,53,58,79,76,100,69,54,51,24,11,7,3
8,5,10,2,7,6,9,13,52,17,57,41,33,45,44,51,48,52,53,51,35,12,11,0
5,12,11,13,14,13,19,22,40,29,33,27,28,32,40,47,55,53,60,53,38,13,8,13
0,8,1,9,12,8,11,14,14,14,11,13,10,14,51,53,62,61,63,49,33,20,15,9
9,0,0,2,7,9,6,9,14,10,8,12,2,20,14,46,55,98,196,210,83,40,13,10
0,0,5,0,4,11,10,12,10,9,7,0,5,5,13,45,31,83,315,316,127,48,24,14
0,0,0,0,5,1,2,4,8,9,5,7,9,0,13,15,43,83,137,109,98,44,25,16
9,0,0,0,0,0,0,3,5,0,9,0,0,0,3,14,18,65,88,103,89,41,19,14
0,0,0,0,0,0,7,7,3,0,5,11,11,9,0,11,23,60,91,62,79,58,13,3
0,2,0,0,0,7,5,6,0,2,9,9,10,12,0,8,22,57,113,76,66,54,10,3
0,0,0,0,0,0,0,0,7,7,3,19,8,13,10,4,13,51,72,68,59,52,18,13
0,0,0,0,0,0,0,0,0,8,19,30,12,7,12,10,13,32,67,71,57,52,24,14
0,0,0,0,0,0,1,8,6,5,14,42,31,12,1,11,11,5,40,31,41,39,11,12
8,0,0,0,0,8,11,9,0,0,9,50,29,0,0,5,2,14,13,12,0,12,8,9
6,4,0,0,3,6,1,1,0,5,12,14,52,13,4,0,0,6,10,10,7,10,12,0
1,0,1,0,2,4,4,10,10,5,9,11,15,14,3,2,2,11,1,4,9,4,6,10

3,0,0,0,0,0,0,2,5,11,12,57,59,55,5,10,0,0,0,0,0,0,0,0
3,0,0,0,0,0,0,2,8,48,63,106,107,82,65,18,2,0,0,0,0,0,0,0
1,0,0,0,0,0,10,21,7,65,104,130,140,126,67,50,1,0,0,0,0,0,0,0
0,0,0,0,0,6,12,14,34,78,106,116,109,108,69,9,4,0,2,0,0,0,0,0
0,0,0,0,0,9,11,10,50,57,63,74,111,66,57,0,3,0,0,11,0,0,0,0
0,0,3,7,5,4,43,35,17,35,65,61,83,72,35,5,14,9,0,0,0,0,0,0
0,4,7,5,6,2,9,50,58,66,91,90,87,89,76,61,14,5,0,0,0,0,0,0
6,0,7,22,51,52,73,103,113,122,114,101,74,82,96,96,77,64,10,0,0,0,0,0
5,0,1,51,81,102,90,123,157,150,120,114,96,102,119,114,112,89,71,7,0,0,0,0
0,8,41,71,84,98,109,122,147,147,140,138,107,140,149,136,134,109,73,64,6,0,0,0
0,19,51,65,88,99,127,154,179,168,155,129,121,151,150,151,124,107,85,73,58,1,10,3
5,25,62,100,79,89,111,153,205,192,186,139,125,165,154,152,130,90,70,62,67,11,0,0
13,55,100,102,75,64,109,137,188,202,192,155,148,153,141,133,115,56,57,59,63,43,12,0
23,68,102,89,59,14,115,126,155,182,183,165,135,145,139,120,108,97,86,65,74,63,8,0
41,105,103,68,50,50,61,115,122,126,149,148,137,136,129,116,100,57,8,11,67,52,12,0
51,78,79,15,12,51,54,104,128,109,133,133,132,139,119,95,71,27,10,8,44,74,36,9
33,63,36,12,11,13,61,101,83,105,156,124,126,94,82,68,58,55,12,14,55,115,101,23
8,12,16,9,13,36,43,80,92,150,198,163,98,125,109,95,72,56,30,27,31,34,31,16
0,0,0,0,4,9,101,105,131,179,211,205,151,110,122,137,108,87,47,32,12,13,9,7
0,0,0,0,9,0,67,126,174,209,218,196,176,148,150,144,128,111,82,16,11,9,0,1
0,0,8,12,10,36,82,139,183,231,292,241,216,186,178,172,134,118,76,19,25,10,9,6
0,0,0,7,11,33,104,157,241,302,341,324,269,230,193,158,123,92,58,46,20,3,1,0
8,7,5,10,19,27,76,142,189,264,328,310,268,219,191,190,168,127,67,56,31,3,0,0
2,0,1,4,11,50,103,135,159,212,263,275,250,203,172,188,167,133,107,35,13,13,12,0
4,6,4,0,13,60,100,113,162,162,207,243,244,215,147,164,143,120,101,39,11,1,0,0
8,9,12,11,12,16,94,106,119,144,153,180,178,157,118,117,117,109,100,46,1,9,12,0
0,8,4,11,10,11,27,79,96,115,111,107,110,104,103,101,101,100,82,33,6,0,4,1
0,0,3,0,8,23,55,51,63,90,100,77,57,84,75,73,98,91,63,38,10,0,6,11
3,7,6,12,25,40,22,62,59,51,76,37,53,58,78,77,100,69,54,50,24,11,7,3
8,5,10,2,8,5,9,13,53,18,57,41,33,45,44,51,48,52,53,51,35,12,11,0
5,12,11,13,14,13,19,22,39,29,33,27,28,31,40,46,55,53,60,53,38,13,8,13
0,8,1,9,12,8,11,14,14,14,11,13,10,14,51,53,61,61,63,49,33,20,15,9
9,0,0,2,7,9,6,9,14,10,9,12,2,19,14,46,56,98,195,211,83,40,14,10
0,0,5,0,4,11,10,12,10,9,7,0,4,5,13,43,30,82,314,316,128,48,24,14
0,0,0,0,5,1,2,4,8,9,5,7,9,0,13,15,42,82,136,109,99,45,25,16
9,0,0,0,0,0,0,2,5,0,9,0,0,0,3,14,17,65,88,103,90,41,19,14
0,0,0,0,0,0,6,7,3,0,5,11,11,9,0,11,21,59,90,62,79,58,13,3
0,2,0,0,0,7,5,6,0,2,9,9,10,11,0,8,20,57,112,76,66,55,10,3
0,0,0,0,0,0,0,0,7,7,3,19,8,13,10,4,13,51,71,68,59,52,17,13
0,0,0,0,0,0,0,0,0,8,19,30,12,7,12,10,13,32,67,71,57,52,25,14
0,0,0,0,0,0,1,8,6,5,14,42,30,12,1,11,11,5,40,31,40,39,11,12
8,0,0,0,0,8,11,9,0,0,9,50,26,0,0,5,2,14,13,12,0,12,8,9
6,4,0,0,3,6,1,1,0,5,12,14,51,13,4,0,0,6,10,10,7,10,12,0
1,0,1,0,2,4,4,10,10,5,8,11,14,14,3,2,2,11,1,4,9,4,6,10

3,0,0,0,0,0,0,3,5,12,13,57,59,55,5,10,0,0,0,0,0,0,0,0
3,0,0,0,0,0,0,2,8,50,64,107,108,84,66,20,3,0,0,0,0,0,0,0
1,0,0,0,0,0,10,21,7,65,105,132,141,127,67,50,1,0,0,0,0,0,0,0
0,0,0,0,0,6,12,14,34,78,106,117,109,109,69,9,5,0,2,0,0,0,0,0
0,0,0,0,0,9,11,10,50,58,63,75,112,67,58,0,4,0,0,11,0,0,0,0
0,0,3,7,5,4,43,35,17,35,65,61,83,73,38,6,14,9,0,0,0,0,0,0
0,4,7,5,6,2,9,50,58,66,91,91,88,90,77,62,14,5,0,0,0,0,0,0
6,0,7,19,50,52,72,103,112,122,114,101,74,83,97,96,77,65,10,0,0,0,0,0
5,0,1,50,80,102,91,122,155,150,120,114,96,102,120,115,113,89,71,7,0,0,0,0
0,8,40,70,84,99,110,123,147,146,139,137,106,139,148,135,134,109,73,64,7,0,0,0
0,19,51,64,88,100,128,155,180,168,154,128,119,148,148,149,123,107,85,73,58,1,10,3
5,24,62,100,79,89,111,156,208,192,186,138,123,160,150,150,129,89,70,62,67,11,0,0
13,55,100,102,75,64,109,137,190,202,192,154,147,150,139,132,114,56,57,59,63,43,12,0
23,68,102,90,58,14,115,127,157,183,183,164,134,144,138,119,108,96,84,65,74,63,8,0
41,105,103,67,50,50,61,115,123,127,149,148,137,136,128,115,100,55,8,11,67,52,12,0
50,77,79,15,12,52,54,104,128,109,133,132,132,139,119,94,71,26,10,8,44,73,35,9
32,62,35,12,11,13,61,101,83,106,156,124,125,94,83,68,58,55,12,14,55,114,101,23
8,12,16,9,13,36,44,80,93,151,198,162,96,124,111,95,72,56,30,27,31,34,31,16
0,0,0,0,4,9,101,105,132,179,211,205,149,110,122,138,109,87,47,32,12,13,9,7
0,0,0,0,9,0,67,127,174,209,218,197,175,148,151,145,129,111,83,16,11,9,0,1
0,0,8,12,10,36,82,139,183,231,292,241,216,186,179,173,135,118,77,19,25,10,9,5
0,0,0,7,11,33,104,157,241,302,340,325,271,231,193,159,123,93,59,46,20,3,1,0
9,7,5,10,19,27,76,141,189,263,329,310,269,220,192,191,169,128,68,57,32,3,0,1
3,0,1,4,10,50,102,135,159,212,263,275,251,203,173,189,168,133,108,37,13,13,12,0
4,6,4,0,13,59,100,113,162,162,208,243,244,216,148,164,143,121,102,40,11,1,0,0
8,9,12,11,12,16,94,106,119,144,153,180,178,157,118,117,117,109,100,46,1,9,13,0
0,8,4,11,10,11,25,78,96,115,111,107,110,104,103,101,101,100,82,34,6,0,4,1
0,0,3,0,8,23,54,51,63,90,100,77,57,84,75,73,100,92,64,38,10,0,6,11
3,7,6,12,25,40,22,62,59,51,76,37,53,58,78,77,100,69,54,51,24,11,7,3
8,5,10,2,7,5,9,13,52,17,56,40,34,45,44,51,48,52,53,51,35,12,11,0
5,12,11,13,14,13,19,22,39,28,33,27,27,31,40,46,55,53,60,53,38,13,8,13
0,8,1,9,12,8,11,14,14,14,11,13,10,14,52,52,61,61,63,49,33,20,15,9
9,0,0,2,6,9,6,9,14,9,8,12,2,18,14,47,56,98,195,211,83,40,13,10
0,0,5,0,4,11,10,12,10,9,7,0,4,5,13,44,31,82,314,316,128,48,24,14
0,0,0,0,5,1,2,4,8,9,5,7,9,0,13,15,43,82,137,109,98,45,25,16
9,0,0,0,0,0,0,2,5,0,9,0,0,0,3,14,17,65,88,103,90,41,19,14
0,0,0,0,0,0,6,7,3,0,5,11,11,9,0,11,22,59,91,62,79,58,13,3
0,2,0,0,0,7,5,5,0,2,9,9,10,12,0,7,21,57,112,76,66,55,10,3
0,0,0,0,0,0,0,0,7,7,3,19,8,13,10,4,13,51,71,68,59,52,19,13
0,0,0,0,0,0,0,0,0,8,19,29,12,7,12,10,13,32,67,70,57,52,24,14
0,0,0,0,0,0,1,8,6,5,14,44,30,12,1,11,11,5,41,33,40,40,11,12
8,0,0,0,0,8,11,9,0,0,9,50,24,0,0,5,2,14,13,12,0,12,8,9
6,4,0,0,3,6,1,0,0,5,12,14,51,13,4,0,0,6,10,10,7,10,12,0
1,0,1,0,2,4,4,10,10,5,8,11,14,14,3,2,2,11,1,4,9,4,6,10

3,0,0,0,0,0,0,3,5,12,13,57,59,55,5,11,0,0,0,0,0,0,0,0
3,0,0,0,0,0,0,2,8,50,64,107,108,83,65,20,3,0,0,0,0,0,0,0
1,0,0,0,0,0,10,22,8,65,105,132,142,127,68,50,2,0,0,0,0,0,0,0
0,0,0,0,0,6,12,14,35,79,106,117,110,109,69,9,5,0,2,0,0,0,0,0
0,0,0,0,0,9,11,10,50,58,63,75,112,67,58,0,4,0,0,11,0,0,0,0
0,0,3,7,5,4,43,35,17,35,65,61,83,73,37,6,14,9,0,0,0,0,0,0
0,4,7,5,6,2,9,50,58,67,91,90,87,89,76,61,14,5,0,0,0,0,0,0
6,0,7,21,50,52,73,103,113,122,114,101,74,82,96,96,77,65,10,0,0,0,0,0
5,0,1,50,81,103,91,123,156,150,120,114,95,101,118,114,112,89,71,7,0,0,0,0
0,8,41,71,85,100,110,123,147,146,139,138,106,138,148,135,134,109,73,64,7,0,0,0
0,20,51,65,88,100,128,155,181,169,155,128,119,148,148,149,123,107,85,73,58,1,10,3
5,25,62,100,79,90,111,155,207,193,187,139,123,160,150,150,129,89,70,62,68,11,0,0
13,55,100,102,75,64,109,137,188,202,192,155,147,150,139,132,114,55,57,58,63,43,12,0
23,67,102,88,58,14,115,127,156,182,183,165,134,144,138,119,108,96,84,65,74,63,8,0
39,104,103,66,50,50,61,115,123,126,149,148,137,136,128,115,100,55,8,11,66,51,12,0
50,76,77,14,12,52,54,104,128,109,133,133,132,140,119,94,71,25,10,8,44,73,34,9
30,61,32,11,11,13,62,101,83,106,157,125,125,95,83,68,58,55,12,14,55,114,100,22
7,12,16,9,13,37,44,81,93,152,199,163,97,125,111,96,72,56,30,27,31,34,31,16
0,0,0,0,5,9,102,106,132,180,212,205,149,110,123,138,109,87,47,32,12,13,8,7
0,0,0,0,9,0,68,127,175,209,218,197,175,148,152,145,129,111,82,17,11,9,0,1
0,0,8,12,10,36,82,139,183,231,292,241,216,187,179,174,135,119,77,19,25,10,9,5
0,0,0,7,11,32,104,156,241,302,340,324,271,231,194,159,123,93,59,46,20,3,1,0
9,7,5,10,19,27,75,141,189,263,329,310,269,220,192,192,170,128,68,57,32,3,0,1
3,0,1,4,10,50,102,135,159,212,263,275,251,204,173,190,168,133,108,38,13,13,12,0
4,6,4,0,13,59,100,113,162,162,207,243,244,216,148,165,144,121,102,41,11,1,0,0
8,10,12,11,12,15,94,106,119,144,153,180,178,157,119,118,117,109,100,47,1,9,12,0
0,8,4,11,10,11,27,78,95,115,111,107,110,104,103,101,101,100,83,33,6,0,4,1
0,0,3,0,8,21,56,51,64,90,99,77,57,84,75,72,100,91,64,40,10,0,6,11
3,7,6,12,25,40,22,62,59,51,76,36,53,58,78,76,100,70,54,50,24,11,7,3
8,5,10,2,7,5,9,13,52,17,56,40,33,45,44,51,49,52,53,51,35,12,11,0
5,12,11,13,14,13,19,22,39,28,33,26,27,31,41,46,56,53,60,53,38,13,8,13
0,8,1,9,12,8,11,14,14,14,11,13,9,14,51,52,61,61,63,49,33,20,15,9
9,0,0,2,7,9,6,9,14,9,8,12,1,18,14,46,55,98,196,212,83,40,14,10
0,0,5,0,5,11,10,12,10,9,7,0,4,5,13,43,31,82,315,318,128,48,24,14
0,0,0,0,5,1,2,4,8,9,5,7,9,0,13,15,42,82,136,109,99,45,25,16
9,0,0,0,0,0,0,2,5,0,9,0,0,0,3,14,17,65,88,103,90,41,19,14
0,0,0,0,0,0,6,7,3,0,5,11,11,9,0,11,22,59,90,62,79,58,13,3
0,2,0,0,0,7,5,5,0,2,9,9,10,11,0,7,21,57,113,76,66,55,10,3
0,0,0,0,0,0,0,0,7,7,3,19,8,13,10,3,13,51,71,68,59,52,19,13
0,0,0,0,0,0,0,0,0,8,19,30,12,7,12,10,13,32,67,71,57,52,26,14
0,0,0,0,0,0,1,8,6,5,14,43,30,12,1,11,11,5,41,31,40,39,11,12
8,0,0,0,0,8,11,9,0,0,9,50,24,0,0,5,2,14,13,12,0,12,8,9
6,4,0,0,3,6,1,0,0,5,12,14,51,13,4,0,0,6,10,10,7,10,12,0
1,0,1,0,2,4,4,10,10,5,8,11,14,14,3,2,2,11,1,4,9,4,6,10

3,0,0,0,0,0,0,3,5,12,13,57,59,55,5,10,0,0,0,0,0,0,0,0
3,0,0,0,0,0,0,2,8,50,64,107,108,83,65,19,3,0,0,0,0,0,0,0
1,0,0,0,0,0,10,21,8,65,105,133,141,127,67,50,2,0,0,0,0,0,0,0
0,0,0,0,0,6,12,14,35,79,106,117,110,108,69,9,4,0,2,0,0,0,0,0
0,0,0,0,0,9,12,10,50,58,63,75,112,66,58,0,4,0,0,11,0,0,0,0
0,0,3,7,5,4,43,35,17,35,65,60,83,72,36,6,14,10,0,0,0,0,0,0
0,4,7,5,6,2,10,50,59,66,91,90,87,89,76,61,14,5,0,0,0,0,0,0
7,0,7,23,51,53,74,104,113,122,115,101,74,82,96,96,77,64,10,0,0,0,0,0
5,0,1,51,81,104,92,123,152,148,121,115,96,101,119,114,112,89,71,7,0,0,0,0
0,8,44,72,86,100,110,123,146,145,141,140,106,139,148,135,133,109,73,64,7,0,0,0
0,20,52,65,88,99,128,155,182,170,156,129,119,149,149,150,124,107,85,73,58,1,10,3
6,28,62,100,79,90,111,154,209,194,188,139,124,161,151,151,129,89,70,62,67,11,0,0
13,55,100,102,75,64,110,137,188,203,194,156,148,150,139,132,114,55,57,58,62,42,12,0
20,67,102,87,58,14,115,127,156,183,185,166,135,144,138,119,108,96,83,64,73,63,8,0
34,104,102,65,50,50,61,115,123,127,150,149,137,135,128,115,100,55,8,11,65,51,12,0
50,73,70,13,12,52,54,104,128,109,134,133,133,140,119,94,71,25,10,8,44,72,34,9
22,57,24,9,10,13,62,101,83,106,158,124,125,95,83,68,58,55,12,14,55,114,99,21
7,12,14,8,13,37,44,81,93,152,199,163,96,125,113,96,72,57,30,27,31,34,31,16
0,0,0,0,5,9,102,106,133,180,212,205,149,110,123,138,109,87,47,32,12,13,8,7
0,0,0,0,9,1,68,127,175,209,218,197,176,148,152,145,129,111,82,17,11,9,0,1
0,0,8,12,10,36,82,139,183,231,292,242,217,187,179,174,135,119,78,19,25,10,9,5
0,0,0,7,11,33,104,157,241,302,341,325,271,231,194,159,123,93,59,46,20,3,1,0
9,7,6,10,19,27,75,141,189,264,329,310,270,220,191,192,170,128,68,57,32,3,0,1
3,0,1,4,11,50,102,135,159,212,263,276,252,204,173,189,168,133,108,37,13,13,12,0
4,6,4,0,12,59,100,113,162,162,208,243,245,217,148,165,144,121,102,40,11,1,0,0
8,10,12,11,12,16,95,106,119,145,153,180,179,158,119,118,118,109,100,47,1,9,12,0
0,8,4,11,10,11,25,79,95,115,111,107,110,104,103,101,101,100,82,34,6,0,4,1
0,0,3,0,8,23,55,51,63,91,99,78,57,84,74,73,100,91,64,40,10,0,6,11
3,7,6,12,24,40,22,62,59,51,76,37,53,58,78,76,100,70,54,50,24,11,7,3
8,5,10,2,7,5,9,13,53,18,56,40,33,45,44,51,48,52,53,51,35,12,11,0
5,12,11,13,14,13,20,23,39,29,34,27,27,32,41,46,56,53,60,53,38,13,8,13
0,8,1,9,12,8,11,14,14,14,11,13,10,14,51,53,61,61,63,49,33,20,15,9
9,0,0,2,7,9,6,9,14,9,8,12,2,19,14,47,55,98,195,211,83,40,14,10
0,0,5,0,5,11,10,12,10,9,7,0,4,5,13,43,31,82,315,317,128,48,24,14
0,0,0,0,5,1,2,4,8,9,4,7,8,0,13,15,42,83,137,109,98,45,25,16
9,0,0,0,0,0,0,2,5,0,9,0,0,0,3,14,17,65,88,103,89,41,19,14
0,0,0,0,0,0,6,7,2,0,5,11,11,9,0,11,22,60,91,62,79,58,13,3
0,2,0,0,0,6,5,5,0,2,9,9,9,12,0,8,23,57,113,76,66,55,10,3
0,0,0,0,0,0,0,0,6,7,3,19,8,13,10,3,13,51,71,68,59,52,18,13
0,0,0,0,0,0,0,0,0,8,19,29,12,7,12,10,13,32,67,71,57,52,26,14
0,0,0,0,0,0,1,8,6,5,14,42,30,12,0,10,11,5,41,33,40,40,11,12
8,0,0,0,0,8,11,9,0,0,9,50,27,0,0,5,2,14,13,12,0,12,8,9
6,4,0,0,3,6,1,0,0,5,12,14,51,13,4,0,0,6,10,10,7,10,12,0
1,0,1,0,2,4,4,10,10,5,8,11,14,14,3,1,2,11,1,4,9,4,6,10

3,0,0,0,0,0,0,2,5,12,13,57,59,54,3,10,0,0,0,0,0,0,0,0
2,0,0,0,0,0,0,2,8,50,65,107,106,79,62,17,2,0,0,0,0,0,0,0
0,0,0,0,0,0,10,21,7,65,106,132,138,124,65,46,0,0,0,0,0,0,0,0
0,0,0,0,0,7,12,14,36,78,106,117,109,107,67,8,4,0,1,0,0,0,0,0
0,0,0,0,0,10,12,10,51,58,64,75,112,66,56,0,2,0,0,11,0,0,0,0
0,0,3,8,5,5,45,37,18,35,65,61,83,73,33,5,14,9,0,0,0,0,0,0
0,4,8,5,6,3,10,51,60,66,91,91,89,90,77,61,14,4,0,0,0,0,0,0
8,0,9,37,58,62,80,108,114,121,117,104,76,83,97,95,76,63,9,0,0,0,0,0
5,0,3,54,86,108,100,127,149,145,125,121,99,104,120,112,109,87,70,7,0,0,0,0
0,9,50,74,87,101,115,129,149,147,145,146,108,140,148,132,131,107,72,63,6,0,0,0
2,22,52,65,87,98,128,160,193,180,162,133,120,148,147,147,121,106,84,72,58,1,10,3
7,29,62,100,78,90,110,156,220,204,195,141,123,158,149,148,128,88,69,62,67,10,0,0
11,54,96,101,73,66,111,138,189,207,197,156,146,148,138,131,113,55,57,58,62,43,12,0
12,62,100,76,56,14,116,128,157,184,186,167,134,142,137,118,107,94,83,65,74,64,8,0
12,95,86,53,30,45,62,116,124,127,151,149,137,135,128,115,99,54,8,11,66,52,12,0
14,55,53,8,11,51,54,105,129,109,134,133,132,139,119,94,70,25,10,8,44,74,36,9
11,17,7,5,9,12,64,101,84,106,157,125,125,94,83,68,58,55,12,14,55,114,102,23
6,11,12,6,14,37,44,81,93,152,199,163,96,124,111,95,72,56,30,27,31,34,31,16
0,0,0,2,5,9,102,106,132,180,212,205,148,109,122,138,109,87,47,32,12,13,9,7
0,0,0,0,10,1,68,127,175,209,218,197,175,148,151,145,129,111,82,16,11,9,0,1
0,2,9,13,10,36,82,139,183,232,292,241,216,185,178,173,135,118,77,19,26,10,9,5
0,0,1,8,12,33,104,157,242,304,342,326,272,231,193,158,123,93,59,46,20,3,1,0
9,7,6,10,20,27,75,142,190,266,331,312,271,220,192,191,169,128,68,57,32,3,0,1
3,0,1,5,11,50,103,135,160,213,264,277,252,205,173,189,168,133,108,38,13,13,12,0
4,6,4,0,13,60,100,113,163,163,209,244,245,218,148,165,144,121,102,41,11,1,0,0
8,10,12,11,12,17,97,106,119,145,154,182,180,159,119,118,118,109,100,47,1,9,13,0
0,8,4,11,10,11,27,79,96,116,111,108,110,104,103,101,101,100,82,33,6,0,4,1
0,0,3,0,8,23,56,51,63,90,99,79,57,84,75,73,98,91,64,38,10,0,6,11
3,7,6,12,25,40,23,62,59,51,76,36,53,58,78,76,100,70,54,51,24,11,7,3
8,5,10,2,7,5,9,13,53,17,57,40,33,45,44,51,48,52,53,51,35,12,11,0
5,12,11,13,14,13,20,22,39,28,33,27,27,32,40,46,56,53,60,53,38,13,8,13
0,8,1,9,12,8,11,14,14,14,11,13,10,14,51,53,62,61,63,49,33,20,15,9
9,0,0,2,7,9,6,10,14,10,9,12,1,19,14,46,56,98,196,212,83,40,14,10
0,0,5,0,4,11,10,12,10,9,7,0,4,5,13,44,31,82,315,318,128,48,24,14
0,0,0,0,5,1,2,4,8,9,4,7,9,0,13,15,42,83,137,110,99,45,25,16
8,0,0,0,0,0,0,2,5,0,9,0,0,0,3,14,18,65,88,103,90,41,19,14
0,0,0,0,0,0,6,7,2,0,5,11,11,9,0,11,23,60,91,62,79,58,13,3
0,2,0,0,0,6,5,5,0,2,9,9,9,11,0,8,21,57,113,76,66,55,10,3
0,0,0,0,0,0,0,0,7,7,3,19,8,13,10,4,13,51,71,68,59,52,18,13
0,0,0,0,0,0,0,0,0,8,19,29,12,7,12,10,13,32,67,71,57,52,26,14
0,0,0,0,0,0,1,8,5,4,14,43,29,12,0,10,11,5,41,33,40,40,11,12
8,0,0,0,0,8,11,9,0,0,9,50,27,0,0,5,2,14,13,12,0,12,8,9
6,4,0,0,3,6,1,0,0,5,12,14,51,13,4,0,0,6,10,10,7,10,12,0
1,0,1,0,2,4,4,10,10,5,8,11,14,14,3,2,2,11,1,4,9,4,6,10
0,0,0,0,0,0,0,0,10,0,13,52,60,52,25,6,3,0,0,0,0,0,0,3
0,0,0,0,0,0,0,0,0,11,56,93,115,94,57,13,5,0,0,0,0,0,0,2
0,0,0,0,0,0,0,0,14,55,107,127,139,124,79,26,35,11,0,0,0,0,0,0
0,0,0,0,0,1,0,0,4,23,86,106,121,112,95,45,18,9,6,0,0,0,0,0
0,0,0,0,11,0,0,3,0,10,56,109,74,71,64,50,9,10,8,0,0,0,0,0
0,0,0,0,0,0,9,14,4,16,65,80,62,64,39,14,33,41,4,5,7,1,0,0
0,0,0,0,0,0,5,14,61,75,87,85,89,92,66,58,50,9,2,5,4,7,4,0
0,0,0,0,0,10,65,77,95,96,81,74,102,115,121,113,105,76,55,52,20,7,0,6
0,0,0,0,6,70,88,111,114,118,101,98,117,123,144,145,120,92,103,81,50,1,0,5
0,0,0,6,63,72,109,134,137,149,139,107,142,142,146,142,119,109,98,85,72,44,8,0
3,10,1,58,73,85,107,125,152,151,152,122,131,159,172,180,149,122,96,86,64,51,20,0
0,0,10,67,62,70,90,131,154,155,166,126,140,188,192,201,147,108,88,77,100,61,24,5
0,12,43,62,58,57,57,115,134,142,153,148,157,192,196,176,133,111,68,75,101,99,55,12
0,8,62,73,64,84,100,109,120,140,145,136,170,183,175,145,124,116,19,58,86,102,67,15
0,12,51,65,11,8,58,101,116,129,136,140,152,150,125,119,115,63,50,50,64,102,104,31
9,35,73,43,8,10,28,72,96,119,140,135,138,135,109,128,105,55,53,12,12,69,72,50
22,100,114,55,14,12,55,58,69,83,95,128,128,157,105,83,101,63,13,11,9,25,56,14
16,31,34,31,27,30,56,72,96,110,125,99,164,196,148,91,79,44,37,13,7,14,12,6
7,9,13,12,31,46,86,109,137,122,110,151,204,209,177,129,104,101,9,5,0,0,0,0
1,0,9,11,15,82,111,128,144,149,148,175,196,218,207,170,125,67,0,9,0,0,0,0
6,9,10,25,18,76,118,134,171,175,184,215,240,291,230,180,137,79,34,9,12,8,0,0
0,1,3,20,46,57,92,122,156,191,227,267,323,338,298,237,154,104,32,11,7,0,0,0
1,0,3,31,55,67,127,168,189,189,216,266,308,326,260,187,141,75,26,19,10,5,7,8
0,12,13,13,30,107,133,168,188,170,201,250,274,261,211,158,135,102,50,10,4,1,0,2
0,0,1,11,37,101,120,143,163,147,214,243,242,207,162,162,113,100,60,13,0,4,6,4
0,13,10,1,44,100,109,117,117,118,156,177,180,152,144,119,106,97,16,12,11,12,9,8
2,4,0,6,33,82,100,101,101,103,104,109,107,111,115,97,78,27,11,10,11,4,8,0
11,6,0,10,38,62,92,97,72,75,83,57,79,100,92,64,51,56,23,8,0,3,0,0
3,7,11,23,50,53,69,100,76,78,57,53,39,78,51,59,63,24,40,24,12,6,7,3
0,11,12,34,51,53,52,48,51,44,45,33,42,57,18,53,13,9,6,7,2,10,5,8
13,8,13,38,53,60,53,55,46,41,31,28,28,34,29,40,23,18,13,14,13,11,12,5
9,15,19,33,48,63,61,62,53,52,14,10,14,11,14,14,14,11,8,12,9,1,8,0
10,13,40,83,208,194,97,56,47,14,19,2,13,9,10,14,9,6,9,6,2,0,0,9
14,24,48,126,310,312,83,31,44,13,6,5,0,7,9,10,12,10,11,4,0,5,0,0
16,25,44,97,109,137,83,42,15,13,0,9,8,5,9,9,5,3,1,5,0,0,0,0
14,19,40,89,103,89,66,16,14,3,1,0,0,10,0,5,4,0,0,0,0,0,0,9
2,13,57,79,62,92,60,21,11,0,10,12,11,6,0,4,8,7,0,0,1,1,0,0
3,10,54,66,76,113,57,21,7,1,12,10,9,9,3,0,6,6,7,0,0,0,2,0
13,16,52,59,68,72,51,13,4,10,13,8,21,3,7,7,0,0,1,0,0,0,0,0
14,24,52,57,71,67,32,13,10,12,7,13,32,20,9,0,0,0,0,0,0,0,0,0
12,11,39,39,31,41,5,11,11,2,12,33,42,14,7,8,10,2,0,0,0,0,0,0
9,8,12,0,12,13,14,2,6,0,1,33,50,9,0,0,9,11,8,0,0,0,0,8
0,12,10,7,10,10,6,0,0,6,13,52,20,13,7,0,2,2,6,3,0,0,4,6
10,6,4,9,4,1,11,3,2,3,14,15,12,9,6,10,10,4,4,2,0,1,0,2

0,0,0,0,0,0,0,0,10,0,13,52,60,52,25,6,4,0,0,0,0,0,0,3
0,0,0,0,0,0,0,0,0,11,56,93,115,94,57,13,5,0,0,0,0,0,0,2
0,0,0,0,0,0,0,0,14,55,107,127,139,124,79,23,36,11,0,0,0,0,0,0
0,0,0,0,0,1,0,0,4,23,86,106,121,112,95,45,18,9,6,0,0,0,0,0
0,0,0,0,11,0,0,3,0,10,56,109,74,71,64,50,9,10,8,0,0,0,0,0
0,0,0,0,0,0,9,14,4,17,64,80,62,64,39,14,34,41,4,5,7,1,0,0
0,0,0,0,0,0,5,14,61,75,87,85,89,92,65,58,50,9,2,5,4,7,4,0
0,0,0,0,0,10,64,76,95,96,81,74,102,115,121,113,105,76,55,52,22,7,0,6
0,0,0,0,6,70,88,111,114,118,101,98,117,122,143,145,120,92,103,81,50,1,0,5
0,0,0,6,63,72,108,133,136,149,139,107,142,142,146,141,119,109,98,85,72,44,8,0
3,10,0,58,73,85,107,125,152,151,152,123,131,159,172,179,149,122,96,86,64,51,20,0
0,0,10,67,62,69,90,131,154,156,166,127,140,188,192,200,147,108,88,77,100,62,24,5
0,12,42,62,58,57,57,115,134,142,154,149,157,192,196,176,133,111,68,75,101,99,55,13
0,8,61,73,63,84,99,109,120,140,146,136,170,183,175,146,124,116,17,58,86,102,67,15
0,12,51,65,11,8,57,101,116,129,137,140,152,150,125,120,115,63,50,48,64,102,104,30
9,35,73,44,8,10,29,72,96,120,140,135,138,135,109,128,105,55,53,12,12,69,72,50
22,100,114,55,14,12,55,58,69,83,95,128,128,157,105,83,101,63,13,10,9,25,55,14
16,31,34,31,27,30,56,72,96,110,125,99,164,196,148,91,79,44,37,13,7,14,11,6
7,9,13,12,31,47,86,109,138,122,110,151,204,210,177,129,104,101,9,5,0,0,0,0
1,0,9,11,16,82,111,128,144,150,148,176,196,218,207,170,125,67,0,9,0,0,0,0
6,9,10,25,18,77,118,134,171,176,184,215,240,290,229,180,137,79,34,9,12,8,0,0
0,1,3,20,46,58,92,122,157,191,227,268,323,338,298,238,154,104,32,11,7,0,0,0
1,0,3,32,56,67,127,169,189,189,217,267,308,326,261,188,141,75,26,19,10,5,7,9
0,12,13,13,31,107,133,168,188,170,201,250,274,261,211,158,135,102,50,10,4,1,0,2
0,0,1,11,38,101,120,143,164,147,215,243,242,207,162,162,113,100,60,13,0,4,6,4
0,13,10,1,45,100,109,117,117,118,157,178,180,152,144,119,106,95,16,12,11,12,9,8
2,4,0,6,33,81,100,101,101,103,104,110,107,111,115,98,79,25,11,10,11,4,8,0
11,6,0,10,38,62,90,98,72,75,84,57,79,100,92,64,51,56,21,8,0,3,0,0
3,7,11,23,50,54,69,100,76,78,58,53,39,78,51,60,62,24,40,24,12,6,7,3
0,11,12,34,51,53,52,48,51,44,45,33,42,57,19,53,13,9,6,8,2,10,5,8
13,8,13,37,53,60,53,55,46,40,32,28,27,33,29,40,23,19,13,14,13,11,12,5
9,15,20,33,49,63,61,61,53,51,14,10,14,11,14,14,14,11,8,12,9,1,8,0
10,13,40,83,207,194,97,55,47,14,20,2,13,9,10,14,9,6,9,6,2,0,0,9
14,24,48,126,310,312,83,30,44,13,6,5,0,7,9,10,12,10,11,4,0,5,0,0
16,25,45,97,108,137,83,42,15,13,0,9,8,5,9,9,5,3,1,5,0,0,0,0
14,19,40,89,102,89,66,16,14,3,1,0,0,10,0,5,4,0,0,0,0,0,0,9
2,13,58,79,62,91,60,21,11,0,10,12,11,6,0,4,8,7,0,0,1,1,0,0
3,10,54,66,76,113,57,22,8,1,12,10,9,9,3,0,6,6,7,0,0,0,2,0
13,17,52,59,68,72,51,13,4,10,13,9,21,3,7,7,0,0,1,0,0,0,0,0
14,24,52,57,71,67,32,13,10,12,7,12,30,20,9,0,0,0,0,0,0,0,0,0
12,11,38,40,31,41,5,11,11,1,12,33,43,14,7,8,9,2,0,0,0,0,0,0
9,8,12,0,12,13,14,2,6,0,1,31,50,9,0,0,9,11,8,0,0,0,0,8
0,12,10,7,10,10,6,0,0,6,13,52,18,13,6,0,2,2,6,3,0,0,4,6
10,6,4,9,4,1,11,3,2,3,14,14,12,9,6,10,10,4,4,2,0,1,0,1

0,0,0,0,0,0,0,0,10,0,15,51,53,14,10,4,0,0,0,0,0,0,0,3
0,0,0,0,0,0,0,0,5,37,66,90,95,61,25,6,0,0,0,0,0,0,0,2
0,0,0,0,0,0,0,0,35,61,117,129,121,102,65,5,18,9,0,0,0,0,0,0
0,0,0,0,0,1,0,1,6,59,105,106,115,105,78,33,15,11,6,0,0,0,0,0
0,0,0,0,11,0,0,4,0,52,65,113,77,61,56,37,9,12,9,0,0,0,0,0
0,0,0,0,0,0,8,14,5,34,74,86,64,66,36,16,37,45,5,5,8,2,0,0
0,0,0,0,0,0,5,25,63,79,95,93,94,95,66,60,50,10,2,6,5,7,4,0
0,0,0,0,0,10,65,77,97,101,87,79,106,118,123,115,107,79,57,54,28,8,0,7
0,0,0,0,6,70,88,111,115,123,108,102,122,125,147,150,123,94,105,82,52,2,0,5
0,0,0,6,63,72,108,133,137,152,143,110,147,146,148,143,120,110,100,86,73,49,9,0
3,9,0,58,72,85,106,124,152,152,154,125,134,162,173,179,149,123,96,86,65,52,20,0
0,0,10,67,62,69,89,129,152,154,168,128,141,190,192,200,146,108,88,77,100,62,27,5
0,12,42,62,58,57,55,113,132,140,155,149,157,191,195,176,133,111,68,75,101,100,55,12
0,8,63,73,64,83,96,108,118,138,147,136,168,182,174,145,124,116,17,58,86,102,67,16
0,12,51,66,11,8,55,100,114,129,138,140,150,148,124,119,115,62,50,47,64,102,104,31
9,35,74,45,8,10,25,71,93,120,141,135,136,134,108,128,105,55,52,12,12,69,72,50
21,100,114,55,14,12,55,58,69,83,93,127,127,156,105,83,101,62,13,10,8,24,55,14
16,30,33,30,27,30,56,72,96,109,121,97,164,195,148,91,79,43,36,13,7,14,12,7
7,9,13,12,31,46,86,108,137,121,108,149,203,210,176,128,104,101,8,4,0,0,0,0
1,0,9,11,15,82,111,128,143,148,147,174,196,217,206,170,124,66,0,9,0,0,0,0
6,9,10,25,18,76,118,134,170,174,183,214,240,290,229,180,137,79,33,9,12,8,0,0
0,1,3,20,46,57,92,122,156,190,226,268,324,339,300,239,154,103,31,12,7,0,0,0
1,0,3,31,56,67,127,168,188,188,218,268,310,328,262,188,141,76,27,19,10,5,7,9
0,12,13,13,31,107,133,167,188,171,202,250,275,262,211,158,135,103,50,11,4,1,0,3
0,0,1,11,38,101,120,143,164,147,216,244,243,208,162,162,113,100,60,12,0,4,6,4
0,13,10,1,45,100,109,118,118,119,158,179,181,153,145,119,106,97,16,12,11,12,10,8
1,4,0,6,33,81,100,101,101,103,104,110,108,111,116,97,79,28,11,10,11,4,8,0
11,6,0,10,38,63,90,97,72,75,83,57,80,100,92,64,51,56,23,8,0,3,0,0
3,7,11,23,50,53,69,100,77,79,58,53,38,77,51,59,63,22,40,24,12,6,7,3
0,12,12,35,51,53,52,48,51,44,45,34,42,57,18,53,13,10,6,7,2,10,5,8
13,8,13,37,53,60,53,55,46,41,32,28,27,33,29,40,23,19,13,14,13,11,12,5
9,15,20,33,48,63,61,61,53,51,14,10,14,11,14,14,14,11,8,12,9,1,8,0
10,13,40,83,208,194,98,55,46,14,19,2,13,9,10,14,9,6,9,6,2,0,0,9
14,24,48,126,311,313,83,31,44,13,6,5,0,7,9,10,12,10,11,4,0,5,0,0
16,25,45,97,109,137,83,42,15,13,0,9,7,5,9,9,5,2,1,5,0,0,0,0
14,19,40,89,102,89,66,17,14,3,1,0,0,10,0,5,3,0,0,0,0,0,0,9
2,13,58,78,62,91,60,23,11,0,10,11,11,6,0,4,8,7,0,0,1,0,0,0
3,10,54,66,76,113,57,21,8,1,12,10,9,9,3,0,6,6,7,0,0,0,2,0
13,17,52,59,68,72,51,13,4,10,13,8,21,3,7,7,0,0,1,0,0,0,0,0
14,24,52,57,71,67,32,13,10,12,7,12,31,19,9,0,0,0,0,0,0,0,0,0
12,11,38,40,31,41,5,11,11,1,12,32,43,14,6,8,9,2,0,0,0,0,0,0
9,8,12,0,12,13,14,2,5,0,1,29,50,9,0,0,9,11,8,0,0,0,0,8
0,12,10,7,10,10,6,0,0,5,13,52,16,12,6,0,1,2,6,3,0,0,4,6
10,6,4,9,4,1,11,3,2,3,14,15,11,9,6,10,10,4,4,2,0,1,0,1

0,0,0,0,0,0,0,0,11,10,52,52,12,0,7,3,0,0,0,0,0,0,0,3
0,0,0,0,0,0,0,1,27,81,82,81,65,47,12,4,0,0,0,0,0,0,0,2
0,0,0,0,0,0,0,2,53,78,130,126,105,75,56,0,14,8,0,0,0,0,0,0
0,0,0,0,0,1,0,4,12,79,114,106,108,101,71,21,14,12,6,0,0,0,0,0
0,0,0,0,11,0,0,5,0,63,71,112,76,53,53,30,9,12,9,0,0,0,0,0
0,0,0,0,0,0,8,14,6,45,77,87,63,65,34,19,38,45,5,5,8,3,0,0
0,0,0,0,0,0,5,21,63,79,94,94,94,94,66,60,50,10,2,6,5,7,4,0
0,0,0,0,0,10,64,77,97,100,86,79,105,117,122,114,106,78,57,54,28,8,0,7
0,0,0,0,6,70,88,111,114,122,107,101,121,125,146,148,122,94,105,82,52,2,0,5
0,0,0,6,63,73,109,134,137,151,142,110,145,144,147,143,120,110,100,86,73,49,9,0
3,9,0,58,72,85,106,124,151,151,153,123,132,159,172,180,150,123,96,87,65,52,20,0
0,0,10,67,62,69,89,129,152,152,165,127,140,188,192,200,147,108,88,77,100,62,28,5
0,12,42,62,58,57,55,114,132,139,154,150,157,191,196,177,133,111,69,75,101,100,55,12
0,8,63,73,65,83,96,108,119,138,146,136,169,182,174,146,124,116,19,58,86,102,67,16
0,12,51,66,11,8,55,100,114,129,137,140,151,149,124,120,115,63,50,50,64,102,104,34
9,35,74,45,8,10,26,71,93,119,140,134,136,134,108,128,105,55,53,12,12,69,73,51
22,100,114,54,14,12,55,58,68,83,93,126,126,156,105,83,101,63,13,10,9,26,56,16
16,31,34,31,27,30,56,72,95,109,121,96,163,195,148,91,79,44,36,13,8,14,12,7
7,9,13,12,32,46,86,108,137,121,107,147,203,210,177,128,104,101,8,4,0,0,0,0
1,0,9,11,15,82,111,128,143,148,146,174,196,218,207,170,124,66,0,9,0,0,0,0
5,9,10,25,18,76,118,133,170,174,182,214,241,292,230,181,137,79,33,9,12,8,0,0
0,1,3,20,46,57,91,122,156,190,227,270,326,340,301,240,154,104,32,12,7,0,0,0
1,0,3,31,55,66,127,167,188,188,218,269,310,329,263,189,141,76,26,19,10,5,7,9
0,12,13,13,31,107,133,167,187,170,202,251,276,263,212,159,135,102,50,11,4,1,0,2
0,0,1,11,37,101,120,143,163,147,216,244,244,208,163,163,113,100,60,13,0,4,6,4
0,13,10,1,45,100,109,117,117,119,158,179,182,153,145,119,106,97,16,12,11,12,9,8
1,4,0,6,33,81,100,101,101,103,104,110,108,111,116,97,80,27,11,10,11,4,8,0
11,6,0,10,38,62,90,97,73,74,84,58,80,100,92,64,51,55,23,8,0,3,0,0
3,7,11,23,50,54,69,100,76,79,58,53,38,77,51,59,62,23,40,24,12,6,7,3
0,12,12,35,51,53,52,48,51,44,45,34,41,57,19,53,13,9,6,7,2,10,5,8
13,8,13,37,53,59,53,56,46,41,33,28,27,33,29,40,23,20,13,14,13,11,12,5
9,15,20,33,49,63,61,61,53,51,14,10,14,11,14,14,14,11,8,12,9,1,8,0
10,13,41,83,209,195,97,55,47,14,20,2,13,9,10,14,9,6,9,6,2,0,0,9
14,24,48,127,312,313,82,31,44,13,6,5,0,7,9,10,12,10,11,4,0,5,0,0
16,25,45,98,109,137,83,42,15,13,0,9,7,5,9,9,5,2,1,5,0,0,0,0
14,19,41,89,103,88,65,16,14,3,1,0,0,10,0,5,3,0,0,0,0,0,0,9
3,13,58,79,62,91,59,22,11,0,10,11,11,6,0,4,8,7,0,0,1,0,0,0
3,10,54,66,76,113,57,23,8,1,12,10,9,9,3,0,6,6,7,0,0,0,2,0
13,18,52,59,68,72,51,13,4,10,13,8,21,3,7,7,0,0,0,0,0,0,0,0
14,25,52,57,71,67,32,13,10,12,7,12,31,19,9,0,0,0,0,0,0,0,0,0
12,11,38,40,31,41,5,11,11,1,12,33,43,14,6,7,9,2,0,0,0,0,0,0
9,8,12,0,12,13,14,2,5,0,1,30,50,9,0,0,9,11,8,0,0,0,0,8
0,12,10,7,10,10,6,0,0,5,13,52,16,12,6,0,1,2,6,3,0,0,4,6
10,6,4,9,4,1,11,2,2,3,14,15,11,9,6,10,10,4,4,2,0,1,0,1

0,0,0,0,0,0,0,0,11,9,53,53,29,0,8,4,0,0,0,0,0,0,0,3
0,0,0,0,0,0,0,2,25,78,84,85,72,52,13,5,0,0,0,0,0,0,0,2
0,0,0,0,0,0,0,2,53,76,130,130,108,80,58,0,14,8,0,0,0,0,0,0
0,0,0,0,0,1,0,5,12,78,113,107,110,102,73,23,14,12,6,0,0,0,0,0
0,0,0,0,11,0,0,5,0,63,71,112,77,55,54,34,9,12,9,0,0,0,0,0
0,0,0,0,0,0,8,14,6,46,77,86,63,66,34,19,37,45,5,5,8,3,0,0
0,0,0,0,0,0,5,22,63,79,94,94,94,94,66,60,51,10,2,6,5,7,4,0
0,0,0,0,0,10,64,77,97,100,86,79,105,117,122,114,106,78,56,54,28,8,0,7
0,0,0,0,7,71,89,112,115,122,107,102,121,125,146,148,122,93,104,82,51,2,0,5
0,0,0,6,63,73,109,134,137,152,143,111,146,144,147,143,120,110,99,86,73,49,9,0
3,9,0,58,73,85,107,124,152,152,153,123,133,160,172,180,150,123,96,87,65,52,20,0
0,0,10,67,62,70,89,130,152,153,164,127,141,189,192,201,147,108,88,77,100,62,28,5
0,12,43,62,58,57,56,114,132,140,153,150,157,192,196,177,133,111,68,75,101,100,55,13
0,8,63,74,65,84,97,108,119,138,146,136,169,182,174,146,124,116,19,58,87,102,67,17
0,12,52,66,11,8,55,100,115,129,137,139,150,149,124,120,115,63,50,50,64,102,104,35
9,36,74,45,8,10,26,71,94,119,140,134,136,134,108,128,105,55,53,12,12,69,74,51
23,101,114,55,14,12,55,58,68,82,93,126,126,156,105,83,101,62,13,11,9,26,56,19
16,31,34,31,27,30,56,71,94,108,121,96,163,195,147,91,79,43,36,13,8,14,12,7
7,9,13,12,32,47,86,108,137,120,107,147,203,209,176,128,104,101,8,4,0,0,0,0
1,0,9,11,16,82,111,128,143,148,146,174,196,218,207,170,124,66,0,9,0,0,0,0
5,9,10,25,19,76,118,134,170,175,183,214,241,292,231,180,137,79,34,9,12,8,0,0
0,1,3,20,46,57,91,122,156,190,228,271,326,340,300,239,154,104,32,12,7,0,0,0
1,0,3,31,56,67,127,167,188,189,219,269,310,329,263,189,141,76,27,19,10,5,7,9
0,12,13,13,32,107,133,167,187,171,203,251,275,262,212,159,135,102,50,10,4,1,0,3
0,0,1,11,38,101,120,143,163,147,216,244,243,208,162,162,113,100,60,12,0,4,6,4
0,13,9,1,45,100,109,117,117,119,158,179,181,153,145,119,106,97,16,12,11,12,10,8
1,4,0,6,33,82,100,101,101,103,104,110,108,111,115,97,79,27,11,10,11,4,8,0
11,6,0,10,38,62,90,97,73,75,84,58,80,100,92,64,51,56,21,8,0,3,0,0
3,7,11,23,50,53,69,100,76,79,58,53,38,77,51,59,62,23,40,25,12,6,7,3
0,11,12,35,51,53,52,48,51,44,45,34,41,57,18,53,13,9,6,7,2,10,5,8
13,8,13,37,53,60,53,56,46,41,32,27,27,33,29,39,22,19,13,14,13,11,12,5
9,15,19,33,49,63,61,62,53,51,14,10,13,11,14,14,14,11,8,12,9,1,8,0
10,13,40,83,209,195,98,56,47,14,20,2,12,9,10,14,9,6,9,6,2,0,0,9
14,24,48,127,312,313,83,30,44,13,6,5,0,7,9,10,12,10,11,4,0,5,0,0
16,25,44,98,109,137,83,42,15,13,0,9,7,5,9,9,5,2,1,5,0,0,0,0
14,19,40,89,103,89,65,17,14,3,1,0,0,10,0,5,3,0,0,0,0,0,0,9
2,13,58,79,62,91,60,23,11,0,10,11,11,5,0,3,8,7,0,0,1,0,0,0
3,10,54,66,76,113,57,22,8,1,12,10,9,9,3,0,6,5,7,0,0,0,2,0
13,17,52,59,68,72,51,13,4,10,13,8,21,3,7,7,0,0,0,0,0,0,0,0
14,24,52,57,71,67,32,13,10,12,7,12,30,19,9,0,0,0,0,0,0,0,0,0
12,11,38,40,33,41,5,11,11,1,12,31,42,14,6,7,9,2,0,0,0,0,0,0
9,8,12,0,12,13,14,2,5,0,1,27,50,9,0,0,9,11,8,0,0,0,0,8
0,12,10,7,10,10,6,0,0,5,13,52,16,12,6,0,1,2,6,3,0,0,4,6
10,6,4,9,4,1,11,3,2,3,14,15,11,9,6,10,10,4,4,2,0,1,0,1

0,0,0,0,0,0,0,0,11,8,53,54,50,2,8,4,0,0,0,0,0,0,0,3
0,0,0,0,0,0,0,2,23,75,84,91,78,54,14,5,0,0,0,0,0,0,0,2
0,0,0,0,0,0,0,2,52,74,130,133,113,85,60,0,14,9,0,0,0,0,0,0
0,0,0,0,0,1,0,5,11,76,112,108,112,103,74,26,14,12,6,0,0,0,0,0
0,0,0,0,11,0,0,4,0,61,70,112,76,57,55,39,9,12,9,0,0,0,0,0
0,0,0,0,0,0,8,14,6,42,76,85,63,66,35,19,37,45,5,5,8,3,0,0
0,0,0,0,0,0,5,21,62,78,92,91,93,94,67,60,51,10,2,6,5,7,4,0
0,0,0,0,0,10,64,77,97,99,85,78,104,117,123,114,106,78,56,54,28,8,0,7
0,0,0,0,7,71,89,112,115,122,107,101,121,125,147,148,122,93,104,82,52,2,0,5
0,0,0,6,64,73,109,134,138,152,143,110,145,145,148,144,120,110,100,86,73,50,9,0
3,9,1,58,73,85,107,124,153,152,153,123,132,160,173,181,150,123,96,87,65,52,21,0
0,0,10,67,62,70,89,130,153,153,164,126,140,189,192,201,147,108,88,77,100,62,28,5
0,12,43,62,58,57,56,114,133,140,152,149,157,191,195,177,134,111,69,75,102,100,55,13
0,8,63,73,65,84,97,108,119,138,144,135,168,182,174,146,124,116,21,58,86,102,67,17
0,12,51,66,11,8,55,100,115,129,136,139,150,148,124,120,115,63,50,50,64,102,104,36
9,35,73,44,8,10,26,71,94,119,139,134,136,134,108,128,105,55,54,12,12,69,73,51
22,100,114,55,14,12,55,58,68,82,93,126,126,156,105,83,101,64,13,11,9,27,56,17
16,31,34,31,27,30,56,72,95,109,121,96,163,195,148,91,79,44,36,13,8,14,12,7
7,9,13,12,32,46,86,108,137,121,107,147,203,209,177,129,104,101,9,5,0,0,0,0
1,0,9,11,16,82,111,128,144,149,146,174,196,217,207,171,125,67,0,9,0,0,0,0
5,9,10,25,18,76,118,134,171,175,183,214,241,291,230,181,137,80,34,9,12,8,0,0
0,1,3,20,46,58,92,123,157,191,228,269,325,340,300,240,154,104,32,11,7,0,0,0
0,0,3,32,56,67,127,168,189,189,219,270,310,329,263,189,141,76,27,19,10,5,7,9
0,12,13,13,35,107,133,167,188,172,203,251,275,263,212,159,135,102,50,10,4,1,0,3
0,0,1,11,39,101,120,143,164,147,217,244,243,208,162,162,113,100,59,12,0,4,6,4
0,13,9,1,45,100,109,117,117,119,158,179,181,153,145,119,106,95,17,12,11,12,10,8
1,4,0,6,33,82,100,101,101,103,104,110,108,111,115,96,80,27,11,10,11,4,8,0
11,6,0,10,38,63,92,97,73,75,83,57,79,100,91,63,51,56,23,8,0,3,0,0
3,7,11,23,50,54,69,100,76,79,58,53,38,77,51,59,63,23,41,24,12,6,7,3
0,12,12,35,51,53,52,48,51,44,45,34,41,57,17,53,13,9,6,7,2,10,5,8
13,8,13,38,53,60,53,56,46,40,32,27,27,33,29,39,22,19,13,14,13,11,12,5
9,15,20,33,49,63,61,62,52,51,14,9,13,11,14,14,14,11,8,12,9,1,8,0
10,13,40,83,210,195,98,56,47,14,21,2,12,9,10,14,9,6,9,7,2,0,0,9
14,24,48,127,314,313,83,31,44,13,5,5,0,7,9,10,12,10,11,4,0,5,0,0
16,25,45,98,109,137,83,42,15,13,0,9,7,5,9,9,5,2,1,5,0,0,0,0
14,19,41,89,103,88,65,16,14,3,1,0,0,10,0,5,3,0,0,0,0,0,0,9
3,13,58,79,62,91,59,21,11,0,9,11,11,5,0,3,7,7,0,0,1,0,0,0
3,10,55,66,76,113,57,23,7,1,12,10,9,9,3,0,6,5,7,0,0,0,2,0
13,17,52,59,68,72,51,13,4,10,13,8,21,3,7,7,0,0,0,0,0,0,0,0
14,24,52,57,71,67,32,13,10,12,7,12,30,19,9,0,0,0,0,0,0,0,0,0
12,11,38,41,31,42,5,11,11,1,12,32,43,14,6,7,9,2,0,0,0,0,0,0
9,8,12,0,12,13,14,2,5,0,0,29,50,9,0,0,9,11,8,0,0,0,0,8
0,12,10,7,10,10,6,0,0,5,13,51,15,12,6,0,1,1,6,3,0,0,4,6
10,6,4,9,4,1,11,2,2,3,14,14,11,9,6,10,10,4,4,2,0,1,0,1

0,0,0,0,0,0,0,0,10,7,54,55,51,3,9,4,0,0,0,0,0,0,0,3
0,0,0,0,0,0,0,2,22,72,83,96,84,55,19,6,0,0,0,0,0,0,0,2
0,0,0,0,0,0,0,1,51,73,129,135,117,90,61,1,14,9,0,0,0,0,0,0
0,0,0,0,0,1,0,4,11,75,111,108,113,103,75,28,14,12,6,0,0,0,0,0
0,0,0,0,11,0,0,4,0,60,69,112,76,58,56,43,10,12,9,0,0,0,0,0
0,0,0,0,0,0,8,14,6,40,75,85,62,66,35,19,37,45,5,5,8,3,0,0
0,0,0,0,0,0,5,17,62,77,90,90,93,93,67,60,51,10,2,6,5,7,4,0
0,0,0,0,0,10,64,77,97,98,84,76,104,117,123,114,106,78,57,54,29,8,0,7
0,0,0,0,7,70,88,112,115,121,105,100,120,125,147,148,122,94,105,82,52,2,0,5
0,0,0,6,63,73,109,134,137,151,142,110,145,144,148,144,121,110,100,86,73,50,9,0
3,10,1,58,73,85,107,124,152,152,153,123,132,159,173,180,150,123,96,87,65,52,20,0
0,0,10,67,62,69,89,130,153,153,164,125,139,187,192,201,147,108,88,77,100,62,29,5
0,12,42,62,58,57,56,114,133,140,152,148,156,190,195,176,134,111,69,75,101,100,55,12
0,8,62,73,64,83,97,108,119,139,145,135,168,182,173,145,124,116,20,58,86,102,67,17
0,12,51,65,11,8,56,100,115,129,136,139,150,149,124,119,115,63,50,48,64,102,104,33
9,34,73,44,8,10,27,71,94,119,140,134,137,134,108,128,105,55,53,12,12,69,72,50
21,99,113,54,14,12,55,58,68,83,94,127,127,157,105,83,101,64,13,11,8,25,56,15
16,31,33,30,27,30,56,72,96,110,124,98,165,196,149,92,80,44,37,13,8,14,12,7
7,8,13,12,31,47,87,109,138,122,109,149,204,210,177,130,104,101,9,5,0,0,0,0
1,0,9,11,17,82,111,128,144,150,147,175,196,217,207,172,125,67,0,9,0,0,0,0
5,9,10,25,19,77,118,134,171,176,184,214,240,291,230,181,137,79,34,9,12,8,0,0
0,1,3,20,46,58,93,123,157,191,228,269,324,339,300,239,154,104,32,11,7,0,0,0
1,0,3,32,56,67,128,169,190,190,218,268,310,328,263,188,141,75,27,19,10,5,7,9
0,12,13,13,35,108,133,168,188,172,202,250,275,263,212,159,135,102,50,10,4,1,0,3
0,0,1,11,39,101,121,143,164,147,216,244,243,208,162,163,113,100,60,12,0,4,6,4
0,13,9,1,46,100,109,118,118,119,158,179,181,153,145,119,106,97,16,12,11,12,10,8
1,4,0,6,33,82,100,101,101,103,104,110,108,111,115,97,79,27,11,10,11,4,8,0
11,6,0,10,38,63,90,98,72,75,84,57,79,100,90,63,51,56,23,8,0,3,0,0
3,7,11,23,50,53,69,100,77,78,58,53,37,77,51,59,63,23,40,24,12,6,7,3
0,11,12,35,51,53,52,48,51,44,45,34,41,57,18,53,13,9,6,7,2,10,5,8
13,8,13,38,53,60,53,56,46,40,32,28,27,33,29,39,23,19,13,14,13,11,12,5
9,15,20,33,49,63,61,62,53,52,14,10,13,11,14,14,14,11,8,12,9,1,8,0
10,13,40,83,210,195,98,56,49,14,20,2,13,9,10,14,9,6,9,7,2,0,0,9
14,24,48,127,314,314,83,30,44,13,5,5,0,7,9,10,12,10,11,4,0,5,0,0
16,25,45,98,109,137,83,42,15,13,0,9,7,5,9,9,4,2,1,5,0,0,0,0
14,19,41,89,103,89,65,17,14,3,0,0,0,9,0,5,3,0,0,0,0,0,0,9
3,13,58,79,62,91,60,23,11,0,9,11,11,5,0,3,7,7,0,0,1,0,0,0
3,10,54,66,76,113,57,22,8,0,12,10,9,9,2,0,6,5,7,0,0,0,2,0
13,17,52,59,68,72,51,13,4,10,13,8,20,3,7,7,0,0,0,0,0,0,0,0
14,24,52,57,71,67,32,13,10,12,7,12,30,19,8,0,0,0,0,0,0,0,0,0
12,11,40,41,33,42,5,11,11,1,12,32,43,14,6,7,9,2,0,0,0,0,0,0
9,8,12,0,12,13,14,2,5,0,0,27,50,9,0,0,9,11,8,0,0,0,0,8
0,12,10,7,10,10,6,0,0,5,13,52,16,12,6,0,1,1,6,3,0,0,4,6
10,6,4,9,4,1,11,2,2,3,14,14,11,9,6,10,10,4,4,2,0,1,0,1

0,0,0,0,0,0,0,0,10,6,53,56,52,5,10,4,0,0,0,0,0,0,0,3
0,0,0,0,0,0,0,2,20,70,82,100,91,57,27,6,0,0,0,0,0,0,0,2
0,0,0,0,0,0,0,1,51,71,129,137,121,96,62,2,17,9,0,0,0,0,0,0
0,0,0,0,0,1,0,4,10,73,110,108,114,104,76,30,14,12,6,0,0,0,0,0
0,0,0,0,11,0,0,4,0,59,68,112,76,60,56,45,10,12,9,0,0,0,0,0
0,0,0,0,0,0,9,14,6,39,74,84,62,66,35,18,37,45,5,5,8,3,0,0
0,0,0,0,0,0,5,15,62,77,89,89,92,93,67,60,51,10,2,6,5,8,4,0
0,0,0,0,0,10,64,77,96,97,83,76,103,116,122,114,107,78,57,54,30,8,0,7
0,0,0,0,7,70,88,111,114,120,104,100,119,124,146,148,122,94,105,83,52,2,0,5
0,0,0,6,63,73,109,133,136,150,141,109,144,144,147,143,121,110,100,86,73,49,9,0
3,9,0,58,73,85,107,124,151,151,153,123,132,160,174,180,150,123,97,87,65,52,21,0
0,0,10,67,62,69,89,130,153,153,165,126,140,188,192,201,147,108,88,77,100,62,28,5
0,12,42,62,58,57,56,114,133,140,153,149,157,191,196,176,133,111,69,75,101,100,55,13
0,8,62,73,64,83,96,108,120,139,145,136,169,182,174,146,124,116,19,58,86,102,67,17
0,12,51,65,11,8,55,100,115,129,136,139,151,149,125,119,115,63,50,48,64,102,104,31
8,34,73,44,8,10,26,71,95,119,140,135,137,135,109,128,105,55,53,12,12,69,71,50
20,97,113,54,14,12,55,58,69,83,95,128,128,158,105,83,101,63,13,10,8,24,55,14
16,30,33,30,27,30,56,72,96,111,125,99,166,197,149,92,80,44,37,13,7,14,12,7
7,8,13,12,31,47,87,109,138,122,110,150,205,211,178,130,104,101,9,5,0,0,0,0
1,0,9,11,17,82,111,128,144,150,147,176,196,218,208,172,125,67,0,9,0,0,0,0
5,9,10,25,19,77,118,134,172,176,185,215,240,290,230,181,138,80,34,9,12,8,0,0
0,1,3,20,46,59,93,123,158,191,229,269,324,339,300,239,154,104,32,11,7,0,0,0
1,0,3,32,57,67,128,169,190,190,219,268,309,328,263,188,141,74,27,19,10,5,7,9
0,12,13,13,36,108,133,168,189,171,203,250,275,262,212,159,135,102,50,10,4,1,0,3
0,0,1,11,40,102,121,143,164,148,216,244,243,208,162,162,113,100,60,13,0,4,6,4
0,13,9,1,46,100,109,118,118,119,158,179,181,153,145,119,106,95,16,12,11,12,10,8
1,4,0,6,33,83,100,101,101,103,104,110,107,111,116,97,79,27,11,10,11,4,8,0
11,6,0,10,40,64,92,98,74,75,83,58,80,100,91,64,51,55,23,8,0,3,0,0
3,7,11,23,50,54,69,100,76,79,58,53,38,77,51,59,61,23,40,25,12,6,7,3
0,11,12,35,51,53,52,48,51,44,45,34,41,56,18,53,13,9,6,7,2,10,5,8
13,8,13,38,53,60,53,56,46,40,32,27,27,33,29,39,22,19,13,14,13,11,12,5
9,15,20,33,49,63,61,61,53,52,14,10,13,11,14,14,14,11,8,12,9,1,8,0
10,13,40,83,210,195,98,56,47,14,20,2,12,9,10,14,9,6,9,7,2,0,0,9
14,24,48,127,315,314,83,31,44,13,6,5,0,7,9,10,12,10,11,4,0,5,0,0
16,25,45,98,109,137,83,42,15,13,0,9,7,5,9,9,4,2,1,5,0,0,0,0
14,19,41,89,103,88,65,17,14,3,0,0,0,10,0,5,3,0,0,0,0,0,0,9
3,13,58,79,62,91,60,22,11,0,9,11,11,5,0,3,7,7,0,0,0,0,0,0
3,10,54,66,76,113,57,23,8,0,12,10,9,9,2,0,6,5,7,0,0,0,2,0
13,17,52,59,68,72,51,13,4,10,13,8,20,3,7,7,0,0,0,0,0,0,0,0
14,25,52,57,71,67,32,13,10,12,7,12,30,19,8,0,0,0,0,0,0,0,0,0
12,11,39,42,33,41,5,11,11,1,12,32,42,14,5,7,9,2,0,0,0,0,0,0
9,8,12,0,12,13,14,2,5,0,0,27,50,9,0,0,9,11,8,0,0,0,0,8
0,12,10,7,10,10,6,0,0,5,13,52,15,12,5,0,1,1,6,3,0,0,4,6
10,6,4,9,4,1,11,2,2,3,14,14,11,9,6,10,10,4,4,2,0,1,0,1

0,0,0,0,0,0,0,0,10,7,55,59,56,9,11,5,1,0,0,0,0,0,0,3
0,0,0,0,0,0,0,2,20,68,84,105,101,59,37,7,1,0,0,0,0,0,0,2
0,0,0,0,0,0,0,0,50,69,128,138,125,100,63,4,18,9,0,0,0,0,0,1
0,0,0,0,0,1,0,3,9,71,109,108,115,104,76,30,14,12,6,0,0,0,0,0
0,0,0,0,11,0,0,3,0,58,67,111,74,61,56,47,10,12,9,0,0,0,0,0
0,0,0,0,0,0,9,14,5,35,72,83,61,65,35,18,36,45,5,5,8,3,0,0
0,0,0,0,0,0,5,14,61,76,89,88,91,92,66,59,51,10,2,6,5,7,4,0
0,0,0,0,0,10,64,77,96,96,82,75,102,115,121,113,106,78,57,54,29,8,0,7
0,0,0,0,6,70,88,111,114,119,102,99,117,122,144,147,121,93,105,83,52,2,0,5
0,0,0,6,63,72,108,133,136,149,141,109,143,142,146,142,120,110,100,86,73,50,9,0
3,9,0,58,73,85,107,123,150,151,152,123,131,159,172,179,150,123,96,87,65,52,20,0
0,0,10,67,62,69,89,130,153,154,166,126,141,189,193,201,147,108,88,77,100,62,29,5
0,12,42,62,58,57,56,114,133,141,154,149,158,193,197,178,134,111,68,75,101,100,55,13
0,8,62,73,65,84,97,108,120,140,146,136,170,183,175,146,124,116,20,58,86,102,67,18
0,12,51,65,11,8,57,100,116,129,137,140,152,150,126,120,115,63,50,50,64,102,104,34
9,35,73,45,8,10,27,71,95,119,140,135,138,136,109,129,105,55,54,12,12,69,73,50
22,99,114,55,14,12,55,58,69,83,95,127,128,158,106,83,101,64,13,11,9,25,56,17
16,31,34,31,27,30,56,72,96,111,125,99,164,197,149,92,80,44,37,13,8,14,12,7
7,9,13,12,31,46,87,108,138,121,110,151,205,210,178,130,105,101,9,5,0,0,0,0
1,0,9,11,16,82,111,128,144,149,148,176,197,218,208,172,125,67,0,9,0,0,0,0
5,9,10,25,18,76,118,134,171,176,184,216,241,292,230,182,138,80,35,10,12,8,0,0
0,1,3,20,46,58,92,123,157,191,228,269,324,340,301,240,155,104,32,11,7,0,0,0
1,0,3,31,56,67,127,168,189,189,218,267,310,329,263,189,141,75,27,19,10,5,7,9
0,12,13,13,33,107,133,167,188,170,202,251,275,263,212,159,135,102,50,11,4,1,0,3
0,0,1,11,38,101,120,143,164,147,216,244,243,208,162,163,113,100,60,13,0,4,6,4
0,12,9,1,46,100,109,117,117,119,158,179,181,153,145,119,106,97,17,12,11,12,9,8
1,4,0,6,33,82,100,101,101,103,104,110,107,111,115,97,79,27,11,10,11,4,8,0
11,6,0,10,38,63,91,98,72,75,83,57,79,100,91,63,51,55,21,8,0,3,0,0
3,7,11,23,50,53,69,100,76,79,59,53,38,77,52,59,63,24,39,24,12,6,7,3
0,11,12,35,51,53,52,48,51,44,45,34,41,57,17,53,13,9,5,7,2,10,5,8
13,8,13,38,53,60,53,56,46,41,32,27,27,33,29,39,23,19,13,14,13,11,12,5
9,15,20,33,49,63,61,62,52,52,14,9,13,11,14,14,14,11,8,12,9,1,8,0
10,13,40,83,210,196,98,56,46,14,20,2,12,9,10,14,9,6,9,7,2,0,0,9
14,24,48,127,315,314,83,30,44,13,5,5,0,7,9,10,12,10,11,5,0,5,0,0
16,25,45,98,109,137,83,43,15,13,0,9,7,5,9,8,4,2,1,5,0,0,0,0
14,19,41,89,103,88,65,17,14,3,0,0,0,9,0,5,3,0,0,0,0,0,0,9
3,13,58,79,62,91,60,21,11,0,9,11,11,5,0,3,7,7,0,0,0,0,0,0
3,10,55,66,76,113,57,23,8,0,12,10,9,9,2,0,6,5,7,0,0,0,2,0
13,17,52,59,68,72,51,13,4,10,13,8,20,3,7,7,0,0,0,0,0,0,0,0
14,25,52,57,71,67,32,13,10,12,7,12,29,19,8,0,0,0,0,0,0,0,0,0
12,11,39,40,33,41,5,11,10,1,12,30,42,14,5,6,9,2,0,0,0,0,0,0
9,8,12,0,12,14,14,2,5,0,0,30,50,9,0,0,9,11,8,0,0,0,0,8
0,12,10,7,10,10,6,0,0,5,13,52,14,12,5,0,1,1,6,3,0,0,4,6
10,6,4,9,4,1,11,2,2,3,14,14,11,9,5,10,10,4,4,2,0,1,0,1

0,0,0,0,0,0,0,0,10,5,55,59,57,12,11,5,2,0,0,0,0,0,0,3
0,0,0,0,0,0,0,2,18,65,82,107,105,62,47,8,2,0,0,0,0,0,0,2
0,0,0,0,0,0,0,0,50,67,126,139,130,103,64,6,20,10,0,0,0,0,0,1
0,0,0,0,0,1,0,4,9,69,108,109,116,105,77,32,14,12,6,0,0,0,0,0
0,0,0,0,11,0,0,3,0,57,66,111,74,62,57,48,10,11,9,0,0,0,0,0
0,0,0,0,0,0,9,14,5,35,72,83,61,65,35,17,35,44,4,5,8,3,0,0
0,0,0,0,0,0,5,14,61,76,89,87,91,92,66,59,50,10,2,6,5,7,4,0
0,0,0,0,0,10,64,76,95,96,83,75,103,115,121,112,105,76,56,53,27,7,0,6
0,0,0,0,7,70,88,112,114,119,102,98,117,122,144,146,120,92,104,82,52,2,0,5
0,0,0,6,63,73,109,134,135,149,140,108,141,142,146,143,120,109,99,86,73,46,9,0
3,9,0,58,73,85,107,123,150,150,151,122,131,157,171,180,151,124,97,87,65,52,20,0
0,0,10,67,62,70,89,130,151,153,165,126,140,188,192,203,149,109,89,78,100,62,28,5
0,12,42,62,58,57,56,114,133,140,153,149,157,193,198,181,135,111,68,75,102,100,55,13
0,8,63,73,65,84,97,108,119,139,145,135,169,185,178,149,126,116,16,59,87,102,67,19
0,12,52,66,11,8,56,100,115,129,136,139,151,151,126,122,116,63,50,50,65,102,104,36
9,35,73,45,8,10,27,71,95,119,140,134,136,135,109,128,105,54,52,12,13,71,75,51
23,100,114,55,14,12,55,58,68,83,95,127,126,157,106,83,101,63,13,11,9,29,58,23
16,31,34,31,27,30,56,72,95,110,125,98,163,197,149,92,80,44,37,13,8,14,12,7
7,9,13,12,32,47,86,109,137,121,110,151,204,210,178,130,105,101,9,5,0,0,0,0
1,0,9,11,16,83,111,128,144,150,148,175,196,218,208,172,126,67,0,9,0,0,0,0
5,9,10,25,18,76,118,134,171,176,185,215,240,291,230,182,138,80,35,10,12,8,0,0
0,1,3,20,46,58,92,122,157,192,229,269,324,340,301,240,156,104,32,11,7,0,0,0
1,0,3,31,56,67,127,168,189,189,218,269,309,328,263,189,141,76,27,19,10,5,7,9
0,12,13,13,33,107,133,167,188,171,202,251,275,263,212,159,135,102,51,11,4,1,0,3
0,0,1,11,39,101,120,143,163,147,216,243,243,208,162,163,113,100,59,12,0,4,6,4
0,12,9,0,46,100,109,117,117,118,157,178,180,153,145,119,106,95,16,12,11,12,9,8
1,4,0,6,34,81,100,101,101,103,104,110,107,111,115,96,79,25,11,10,11,4,8,0
11,6,0,10,40,62,91,98,73,75,84,57,77,100,91,64,51,55,21,8,0,3,0,0
3,7,11,24,51,54,69,100,76,79,58,53,37,77,51,59,62,23,40,24,12,6,7,3
0,11,12,35,51,53,52,48,51,44,45,33,41,57,17,52,13,9,6,7,2,10,5,8
13,8,13,38,53,60,53,55,47,40,32,28,27,33,29,40,22,19,13,14,13,11,12,5
9,15,20,33,49,63,61,62,53,51,14,10,13,11,14,14,14,11,8,12,9,1,8,0
10,13,40,83,210,196,98,55,46,14,20,2,12,8,10,14,9,6,9,7,2,0,0,9
14,24,48,127,316,315,83,31,45,13,5,5,0,7,9,10,12,10,11,4,0,5,0,0
16,25,44,98,109,137,83,43,15,13,0,9,7,5,9,8,4,2,1,5,0,0,0,0
14,19,41,89,103,88,65,18,14,3,0,0,0,9,0,5,3,0,0,0,0,0,0,9
3,13,58,79,62,91,60,23,11,0,9,11,11,5,0,3,7,7,0,0,0,0,0,0
3,10,54,66,76,113,57,22,8,0,12,10,9,9,2,0,6,5,7,0,0,0,2,0
13,18,52,59,68,72,51,13,4,10,13,8,19,3,7,7,0,0,0,0,0,0,0,0
14,24,52,57,71,67,32,13,10,12,7,12,30,19,8,0,0,0,0,0,0,0,0,0
12,11,39,41,31,40,5,11,11,1,12,31,42,14,5,6,8,1,0,0,0,0,0,0
9,8,12,0,12,13,14,2,5,0,0,29,50,9,0,0,9,11,8,0,0,0,0,8
0,12,10,7,10,10,6,0,0,4,13,52,14,12,5,0,1,1,6,3,0,0,4,6
10,6,4,9,4,1,11,2,2,3,14,15,11,9,5,10,10,4,4,2,0,1,0,1

0,0,0,0,0,0,0,0,10,5,55,59,57,12,11,5,2,0,0,0,0,0,0,3
0,0,0,0,0,0,0,2,18,65,82,107,106,63,48,8,2,0,0,0,0,0,0,3
0,0,0,0,0,0,0,1,50,67,126,140,130,104,65,7,21,10,0,0,0,0,0,1
0,0,0,0,0,2,0,4,9,69,108,109,116,106,78,34,14,12,6,0,0,0,0,0
0,0,0,0,11,0,0,3,0,57,66,111,74,63,57,50,10,11,9,0,0,0,0,0
0,0,0,0,0,0,9,14,5,35,72,83,61,65,35,17,35,43,4,5,7,3,0,0
0,0,0,0,0,0,5,14,61,76,89,87,90,91,66,58,50,9,2,6,5,7,4,0
0,0,0,0,0,10,64,77,96,96,82,74,101,114,122,113,103,73,52,51,22,7,0,6
0,0,0,0,7,71,89,112,114,119,102,96,114,120,150,157,123,90,102,81,51,1,0,5
0,0,0,6,64,73,109,134,136,149,140,107,138,140,147,147,122,109,98,84,71,41,8,0
3,10,1,58,73,85,107,124,151,150,151,121,129,155,168,179,154,127,99,88,65,51,19,0
0,0,11,67,62,70,90,130,152,154,165,125,139,186,192,205,153,111,89,79,100,62,25,5
0,12,43,63,59,57,56,115,133,141,153,148,155,192,202,188,137,109,64,75,102,100,55,13
0,8,63,74,65,86,97,108,120,139,145,135,165,183,182,155,126,115,14,59,89,102,68,23
0,12,52,67,11,8,57,100,116,129,136,137,148,149,126,122,115,61,50,50,68,103,105,41
9,36,74,44,8,10,27,71,95,119,139,132,133,133,109,128,104,54,51,12,15,79,78,51
23,101,115,55,14,12,55,58,68,82,94,126,124,156,105,83,101,61,13,11,12,36,63,33
16,31,34,31,27,30,56,72,95,109,125,98,163,198,150,92,80,43,36,13,9,16,12,8
7,9,13,12,32,47,87,108,137,122,110,151,205,211,179,131,105,101,9,4,0,0,0,0
1,0,9,11,16,82,111,128,144,150,148,176,196,218,209,174,126,67,0,9,0,0,0,0
6,9,10,25,19,76,118,134,172,178,186,216,241,292,231,183,139,82,36,10,12,8,0,0
0,1,3,20,46,58,92,123,158,193,230,269,324,341,302,241,157,104,33,11,7,0,0,0
0,0,3,31,56,67,127,168,190,191,219,268,310,328,264,189,142,76,27,19,10,5,7,8
0,12,13,13,35,107,133,167,188,172,203,250,275,263,212,159,135,103,50,11,4,1,0,2
0,0,1,11,39,101,120,143,164,147,215,244,243,207,162,162,113,100,60,13,0,4,6,4
0,12,9,1,46,100,109,117,117,118,157,178,180,153,144,119,106,94,16,12,11,12,9,8
1,4,0,6,33,82,100,101,101,103,104,110,107,111,115,96,79,27,11,10,11,4,8,0
11,6,0,10,38,63,91,98,73,75,84,57,77,100,90,63,51,55,23,8,0,3,0,0
3,7,11,24,50,54,69,100,77,78,58,53,37,76,51,59,62,22,40,25,12,6,7,3
0,11,12,35,51,53,52,48,51,44,45,33,41,57,18,53,13,9,5,8,2,10,5,8
13,8,13,38,53,60,53,55,46,40,31,28,27,33,29,39,22,19,13,14,13,11,12,5
9,15,20,33,49,63,61,61,53,51,14,10,13,11,14,14,14,11,8,12,9,1,8,0
10,14,40,83,211,195,98,56,46,14,19,2,12,9,10,14,9,6,9,7,2,0,0,9
14,24,48,128,316,314,82,30,43,13,5,4,0,7,9,10,12,10,11,4,0,5,0,0
16,25,45,99,109,136,82,42,15,13,0,9,7,5,9,8,4,2,1,5,0,0,0,0
14,19,41,90,103,88,65,17,14,3,0,0,0,9,0,5,2,0,0,0,0,0,0,9
3,13,58,79,62,90,59,21,11,0,9,11,11,5,0,3,7,6,0,0,0,0,0,0
3,10,55,66,76,112,57,20,8,0,11,10,9,9,2,0,6,5,7,0,0,0,2,0
13,17,52,59,68,71,51,13,4,10,13,8,19,3,7,7,0,0,0,0,0,0,0,0
14,25,52,57,71,67,32,13,10,12,7,12,30,19,8,0,0,0,0,0,0,0,0,0
12,11,39,40,31,40,5,11,11,1,12,30,42,14,5,6,8,1,0,0,0,0,0,0
9,8,12,0,12,13,14,2,5,0,0,26,50,9,0,0,9,11,8,0,0,0,0,8
0,12,10,7,10,10,6,0,0,4,13,51,14,12,5,0,1,1,6,3,0,0,4,6
10,6,4,9,4,1,11,2,2,3,14,14,11,8,5,10,10,4,4,2,0,1,0,1

0,0,0,0,0,0,0,0,10,5,55,59,57,13,12,5,3,0,0,0,0,0,0,3
0,0,0,0,0,0,0,3,20,66,84,108,107,64,50,8,2,0,0,0,0,0,0,3
0,0,0,0,0,0,0,1,50,67,127,141,132,105,65,7,21,10,0,0,0,0,0,1
0,0,0,0,0,2,0,5,9,69,109,109,117,106,78,34,14,12,6,0,0,0,0,0
0,0,0,0,11,0,0,4,0,58,67,112,75,63,58,50,10,11,9,0,0,0,0,0
0,0,0,0,0,0,9,14,6,38,73,83,61,65,35,17,35,43,4,5,7,3,0,0
0,0,0,0,0,0,5,14,62,77,90,88,91,91,66,58,50,9,2,6,5,7,4,0
0,0,0,0,0,10,65,77,96,97,83,74,101,114,122,112,103,72,52,50,19,7,0,6
0,0,0,0,7,71,89,113,115,120,102,96,114,120,150,155,122,91,102,80,50,1,0,5
0,0,0,7,64,73,109,134,135,148,139,106,137,139,146,147,123,110,99,84,70,40,8,0
3,10,1,58,73,85,107,123,149,148,148,119,128,154,168,180,155,128,100,88,64,51,19,0
0,0,11,67,62,70,89,129,150,150,160,123,138,186,192,208,156,111,89,79,100,62,24,5
0,12,43,63,59,57,56,114,132,139,150,147,154,192,202,190,137,109,64,75,102,100,55,13
0,8,63,74,65,84,96,108,119,138,144,134,164,183,183,157,127,115,14,58,90,102,68,23
0,12,52,67,11,8,55,100,115,128,136,137,148,149,127,123,115,61,50,50,67,103,105,41
9,35,73,44,8,10,26,71,94,119,139,132,132,133,109,128,104,54,52,12,15,79,77,50
23,101,114,55,14,12,55,58,68,83,94,125,124,156,106,83,101,61,13,11,12,35,62,32
16,31,34,31,27,30,56,72,95,111,124,96,162,198,151,93,80,44,36,13,9,16,12,8
7,9,13,12,32,47,87,109,138,122,110,149,205,211,179,132,105,101,9,4,0,0,0,0
1,0,9,11,16,83,111,129,145,151,148,175,197,218,209,174,127,67,0,9,0,0,0,0
5,9,10,25,19,77,118,135,173,179,186,216,241,292,231,183,139,82,36,10,12,8,0,0
0,1,3,20,46,59,93,123,159,193,231,271,325,340,302,241,157,104,33,11,7,0,0,0
1,0,3,32,57,68,128,169,191,192,220,269,310,329,263,189,141,76,27,19,10,5,7,9
0,12,13,13,37,108,133,168,189,173,203,251,275,263,212,159,135,102,50,10,4,1,0,3
0,0,1,11,40,102,121,143,164,148,216,244,243,208,162,162,113,100,59,13,0,4,6,4
0,13,9,1,46,100,109,117,117,118,157,178,180,153,144,119,106,94,16,12,11,12,9,8
1,4,0,6,34,82,100,101,101,103,104,110,107,111,115,96,78,25,11,10,11,4,8,0
11,6,0,10,38,64,92,100,73,75,84,57,77,100,90,63,51,54,23,8,0,3,0,0
3,7,11,24,51,54,69,100,77,78,58,53,37,76,51,59,62,22,40,25,12,6,7,3
0,11,12,35,51,53,52,48,51,44,45,34,40,56,17,52,13,9,5,7,2,10,5,8
13,8,13,38,53,60,53,55,46,40,31,27,27,33,28,39,22,19,13,14,13,11,12,5
9,15,20,33,49,63,61,61,52,52,14,10,13,11,14,14,14,11,8,12,9,1,8,0
10,13,40,83,211,195,98,56,47,14,18,2,12,8,9,14,9,6,9,6,2,0,0,9
14,24,48,128,316,314,82,31,44,13,5,4,0,7,9,10,12,10,11,4,0,5,0,0
16,25,45,98,109,137,82,43,15,13,0,9,7,5,9,8,4,2,1,5,0,0,0,0
14,19,41,90,103,88,65,17,14,3,0,0,0,9,0,5,2,0,0,0,0,0,0,9
3,13,58,79,62,91,59,22,11,0,9,11,11,5,0,3,7,6,0,0,0,0,0,0
3,10,55,66,76,112,57,21,7,0,12,10,9,9,2,0,5,5,7,0,0,0,2,0
13,19,52,59,68,71,51,13,4,10,13,8,19,3,7,7,0,0,0,0,0,0,0,0
14,24,52,57,70,67,32,13,10,12,7,12,29,19,8,0,0,0,0,0,0,0,0,0
12,11,40,40,33,41,5,11,11,1,12,30,44,14,5,6,8,1,0,0,0,0,0,0
9,8,12,0,12,13,14,2,5,0,0,24,50,9,0,0,9,11,8,0,0,0,0,8
0,12,10,7,10,10,6,0,0,4,13,51,14,12,5,0,0,1,6,3,0,0,4,6
10,6,4,9,4,1,11,2,2,3,14,14,11,8,5,10,10,4,4,2,0,1,0,1

0,0,0,0,0,0,0,0,11,5,55,59,57,13,12,5,3,0,0,0,0,0,0,3
0,0,0,0,0,0,0,3,20,65,83,108,107,64,50,8,2,0,0,0,0,0,0,3
0,0,0,0,0,0,0,2,50,68,127,142,132,105,65,8,22,10,0,0,0,0,0,1
0,0,0,0,0,2,0,5,9,69,109,110,117,106,79,35,14,12,6,0,0,0,0,0
0,0,0,0,11,0,0,4,0,58,67,112,75,63,58,50,10,11,9,0,0,0,0,0
0,0,0,0,0,0,9,14,6,37,73,83,61,65,35,17,35,43,4,5,7,3,0,0
0,0,0,0,0,0,5,14,61,76,89,87,90,91,67,58,50,9,2,6,5,7,4,0
0,0,0,0,0,10,65,77,96,96,82,74,101,114,122,113,103,73,52,50,21,7,0,6
0,0,0,0,7,71,89,112,114,118,101,95,114,120,150,156,123,91,103,81,50,1,0,5
0,0,0,7,64,73,109,134,135,148,138,106,138,139,146,147,123,110,100,85,71,41,8,0
3,10,1,58,73,85,107,123,149,148,148,119,128,155,169,181,155,128,100,88,65,51,20,0
0,0,11,68,62,70,89,129,150,150,160,123,139,187,193,207,155,111,90,79,100,62,25,5
0,12,43,63,58,57,55,114,132,139,150,147,155,192,202,188,137,109,64,75,102,100,55,13
0,8,63,74,65,84,96,108,119,138,144,134,165,183,182,156,127,115,14,58,88,102,67,23
0,12,51,66,11,8,55,100,115,128,136,137,148,149,126,123,115,61,50,50,66,103,104,39
9,34,73,44,8,10,25,71,94,119,140,132,133,133,109,128,104,54,52,12,14,77,76,50
22,100,114,55,14,12,55,58,68,83,95,125,125,157,106,83,101,62,13,11,11,32,61,30
16,31,34,31,27,30,56,72,96,111,125,97,163,199,152,93,81,44,37,13,9,16,12,7
7,8,13,12,32,47,87,109,138,123,110,149,205,212,180,132,106,102,9,5,0,0,0,0
1,0,9,11,17,82,111,129,145,152,148,175,197,218,209,175,127,68,0,9,0,0,0,0
5,9,10,25,19,77,119,135,174,179,187,216,241,292,231,183,139,82,36,10,12,8,0,0
0,1,3,20,46,59,93,123,159,194,231,271,324,340,302,241,156,104,32,11,7,0,0,0
1,0,3,32,57,68,128,170,192,192,220,269,310,329,263,189,141,75,27,19,10,5,7,9
0,12,13,13,38,108,133,168,190,173,204,251,275,263,212,159,135,102,50,10,4,1,0,3
0,0,1,11,41,102,121,144,165,148,216,244,243,207,162,162,113,100,59,13,0,4,6,4
0,12,9,1,47,100,109,117,118,119,157,178,180,153,144,119,106,94,15,12,11,12,10,8
1,4,0,6,33,83,100,101,101,103,104,110,107,111,115,95,78,27,11,10,11,4,8,0
11,6,0,10,40,64,91,100,72,75,84,57,77,99,90,64,51,56,21,8,0,3,0,0
3,7,11,24,50,54,70,100,76,78,58,53,36,76,51,59,62,22,40,25,12,6,7,3
0,11,12,35,51,53,52,49,51,44,45,33,40,56,17,52,13,9,5,7,2,10,5,8
13,8,13,38,53,60,53,56,46,41,31,27,26,33,28,39,22,19,13,14,13,11,12,5
9,15,20,33,49,63,61,61,52,51,14,9,13,11,14,14,14,11,8,12,9,1,8,0
10,14,40,83,212,196,98,55,46,14,18,1,12,8,9,14,9,6,9,7,2,0,0,9
14,24,48,128,318,315,82,31,43,13,5,4,0,7,9,10,12,10,11,5,0,5,0,0
16,25,45,99,109,136,82,42,15,13,0,9,7,5,9,8,4,2,1,5,0,0,0,0
14,19,41,90,103,88,65,17,14,3,0,0,0,9,0,5,2,0,0,0,0,0,0,9
3,13,58,79,62,90,59,22,11,0,9,11,11,5,0,3,7,6,0,0,0,0,0,0
3,10,55,66,76,113,57,21,7,0,11,10,9,9,2,0,5,5,7,0,0,0,2,0
13,19,52,59,68,71,51,13,3,10,13,8,19,3,7,7,0,0,0,0,0,0,0,0
14,26,52,57,71,67,32,13,10,12,7,12,30,19,8,0,0,0,0,0,0,0,0,0
12,11,39,40,31,41,5,11,11,1,12,30,43,14,5,6,8,1,0,0,0,0,0,0
9,8,12,0,12,13,14,2,5,0,0,24,50,9,0,0,9,11,8,0,0,0,0,8
0,12,10,7,10,10,6,0,0,4,13,51,14,12,5,0,0,1,6,3,0,0,4,6
10,6,4,9,4,1,11,2,2,3,14,14,11,8,5,10,10,4,4,2,0,1,0,1

0,0,0,0,0,0,0,0,10,5,55,59,57,13,12,5,3,0,0,0,0,0,0,3
0,0,0,0,0,0,0,3,19,65,83,108,107,64,50,8,2,0,0,0,0,0,0,3
0,0,0,0,0,0,0,2,50,67,127,141,133,105,65,8,21,10,0,0,0,0,0,1
0,0,0,0,0,2,0,4,9,69,108,110,117,106,79,35,14,12,6,0,0,0,0,0
0,0,0,0,11,0,0,4,0,58,66,112,75,63,58,50,10,12,9,0,0,0,0,0
0,0,0,0,0,0,10,14,6,36,72,83,60,65,35,17,35,43,4,5,7,3,0,0
0,0,0,0,0,0,5,14,61,76,89,87,90,91,66,59,50,10,2,6,5,7,4,0
0,0,0,0,0,10,64,77,96,96,82,74,101,115,122,113,104,74,53,51,23,7,0,7
0,0,0,0,7,71,89,112,114,119,101,96,115,121,148,152,123,92,104,81,51,1,0,5
0,0,0,7,64,73,109,133,135,148,139,106,140,141,145,146,123,110,100,86,72,44,8,0
3,10,1,58,73,85,107,124,150,149,149,119,129,156,170,182,155,128,99,88,65,52,20,0
0,0,11,67,62,70,89,129,151,151,161,124,139,188,194,209,154,111,90,79,100,62,28,6
0,12,42,62,58,57,55,114,132,139,150,148,156,194,203,188,137,110,64,75,102,100,55,13
0,8,63,73,64,83,96,108,119,138,144,135,166,185,183,156,127,115,14,58,87,102,67,20
0,12,51,65,11,8,55,100,115,128,135,137,149,150,127,123,115,61,50,50,65,102,104,34
9,34,72,44,8,10,25,71,94,119,140,133,133,134,109,128,104,54,52,12,13,70,73,50
21,99,114,55,14,12,55,58,68,83,95,125,124,158,106,83,101,62,13,10,9,24,57,22
16,31,34,31,27,30,57,72,96,113,125,96,163,199,152,93,81,44,37,13,8,14,12,7
7,8,13,12,32,47,87,109,138,123,110,149,205,212,180,133,106,102,9,5,0,0,0,0
1,0,9,11,17,82,111,129,145,152,148,176,197,218,209,175,127,68,1,9,0,0,0,0
5,9,10,25,19,78,119,135,174,179,187,217,242,292,231,183,139,82,36,10,12,8,0,0
0,1,3,20,46,59,93,123,159,194,231,271,325,341,302,241,157,104,33,11,7,0,0,0
1,0,3,32,57,68,128,170,192,191,220,270,310,329,264,189,141,75,27,19,10,6,7,9
0,12,13,13,37,108,133,168,189,173,204,252,276,263,212,159,135,102,50,11,4,1,0,3
0,0,1,11,40,102,121,144,165,148,217,245,243,208,162,162,113,100,59,12,0,4,6,4
0,12,9,1,47,100,109,118,118,119,158,179,180,153,145,119,106,95,16,12,11,12,10,8
1,4,0,6,34,82,100,101,101,103,104,110,107,111,115,95,79,25,11,10,11,4,8,0
11,6,0,10,40,64,91,100,73,74,84,57,78,99,91,63,51,55,23,8,0,3,0,0
3,7,11,24,50,54,70,100,76,78,58,53,37,76,51,59,62,22,40,24,12,6,7,3
0,11,12,35,51,53,52,48,51,44,45,33,40,56,18,53,13,9,5,7,2,10,5,8
13,8,13,38,53,60,53,56,46,41,32,27,27,34,29,39,23,20,13,14,13,11,12,5
9,15,20,33,49,63,61,61,53,51,14,10,13,11,14,14,14,11,8,12,9,1,8,0
10,14,40,83,211,195,98,55,47,14,19,2,12,8,9,14,9,6,9,7,2,0,0,9
14,24,48,128,317,315,82,31,43,13,5,4,0,7,9,10,12,10,11,5,0,5,0,0
16,25,45,98,109,137,83,42,15,13,0,8,7,4,9,8,4,2,1,5,0,0,0,0
14,19,41,89,103,88,65,17,14,3,0,0,0,9,0,5,2,0,0,0,0,0,0,9
3,13,58,79,62,91,60,22,11,0,9,11,11,5,0,2,7,6,0,0,0,0,0,0
3,10,55,66,76,113,57,23,8,0,12,9,9,9,2,0,5,5,6,0,0,0,2,0
13,18,52,59,68,71,51,13,3,10,13,8,19,3,7,6,0,0,0,0,0,0,0,0
14,26,52,57,71,67,32,13,10,12,7,12,29,19,8,0,0,0,0,0,0,0,0,0
12,11,40,40,33,41,5,11,10,0,12,30,42,14,5,6,8,1,0,0,0,0,0,0
9,8,12,0,12,13,14,2,5,0,0,27,50,9,0,0,9,11,8,0,0,0,0,8
0,12,10,7,10,10,6,0,0,4,13,51,14,12,5,0,0,1,6,3,0,0,4,6
10,6,4,9,4,1,11,2,1,3,14,14,11,8,5,10,10,4,4,2,0,1,0,1

0,0,0,0,0,0,0,0,10,3,54,59,57,13,12,5,2,0,0,0,0,0,0,3
0,0,0,0,0,0,0,2,17,62,79,106,107,65,50,8,2,0,0,0,0,0,0,2
0,0,0,0,0,0,0,0,46,65,124,138,132,106,65,7,21,10,0,0,0,0,0,0
0,0,0,0,0,1,0,4,8,67,107,109,117,106,78,36,14,12,7,0,0,0,0,0
0,0,0,0,11,0,0,2,0,56,66,112,75,64,58,51,10,12,10,0,0,0,0,0
0,0,0,0,0,0,9,14,5,33,73,83,61,65,35,18,37,45,5,5,8,3,0,0
0,0,0,0,0,0,4,14,61,77,90,89,91,91,66,60,51,10,3,6,5,8,4,0
0,0,0,0,0,9,63,76,95,97,83,76,104,117,121,114,108,80,62,58,37,9,0,8
0,0,0,0,7,70,87,109,112,120,104,99,121,125,145,149,127,100,108,86,54,3,0,5
0,0,0,6,63,72,107,131,132,148,140,108,146,145,147,149,129,115,101,87,74,50,9,0
3,10,1,58,72,84,106,121,147,147,148,120,133,162,180,193,160,128,98,87,65,52,22,2
0,0,10,67,62,69,88,128,148,149,158,123,141,195,204,220,156,110,90,78,100,62,29,7
0,12,43,62,58,57,55,113,131,138,148,146,156,197,207,189,138,111,66,73,101,96,54,11
0,8,64,74,65,83,94,107,118,137,142,134,167,186,184,157,128,116,14,56,76,100,62,12
0,12,52,66,11,8,54,99,115,128,135,137,149,151,127,124,116,62,45,30,53,86,95,12
9,36,74,44,8,10,25,70,94,119,139,132,133,134,109,129,105,54,51,11,8,53,55,14
23,102,114,55,14,12,55,58,68,83,94,125,125,157,106,84,101,64,12,9,5,7,17,11
16,31,34,31,27,30,56,72,95,111,124,96,163,199,152,93,81,44,37,14,6,12,11,6
7,9,13,12,32,47,87,109,138,122,109,148,205,212,180,132,106,102,9,5,2,0,0,0
1,0,9,11,16,82,111,129,145,151,148,175,197,218,209,175,127,68,1,10,0,0,0,0
5,9,10,26,19,77,118,135,173,178,185,216,241,292,232,183,139,82,36,10,13,9,2,0
0,1,3,20,46,59,93,123,158,193,231,272,326,342,304,242,157,104,33,12,8,1,0,0
1,0,3,32,57,68,128,169,191,192,220,271,312,331,266,190,142,75,27,20,10,6,7,9
0,12,13,13,38,108,133,168,189,173,205,252,277,264,213,160,135,103,50,11,5,1,0,3
0,0,1,11,41,102,121,144,165,148,218,245,244,209,163,163,113,100,60,13,0,4,6,4
0,13,9,1,47,100,109,118,118,119,159,180,182,154,145,119,106,97,17,12,11,12,10,8
1,4,0,6,33,82,100,101,101,103,104,110,108,111,116,96,79,27,11,10,11,4,8,0
11,6,0,10,38,64,91,98,73,75,84,57,79,99,90,63,51,56,23,8,0,3,0,0
3,7,11,24,51,54,70,100,76,78,58,53,36,76,51,59,62,23,40,25,12,6,7,3
0,11,12,35,51,53,52,48,51,44,45,33,40,57,17,53,13,9,5,7,2,10,5,8
13,8,13,38,53,60,53,56,46,40,32,27,27,33,28,39,22,20,13,14,13,11,12,5
9,15,20,33,49,63,61,62,53,51,14,10,13,11,14,14,14,11,8,12,9,1,8,0
10,14,40,83,212,196,98,56,46,14,19,1,12,9,10,14,10,6,9,7,2,0,0,9
14,24,48,128,318,315,82,31,44,13,5,4,0,7,9,10,12,10,11,4,0,5,0,0
16,25,45,99,110,137,83,42,15,13,0,9,7,4,9,8,4,2,1,5,0,0,0,0
14,19,41,90,103,88,65,18,14,3,0,0,0,9,0,5,2,0,0,0,0,0,0,8
3,13,58,79,62,91,60,23,11,0,9,11,11,5,0,2,7,6,0,0,0,0,0,0
3,10,55,66,76,113,57,21,8,0,11,9,9,9,2,0,5,5,6,0,0,0,2,0
13,18,52,59,68,71,51,13,4,10,13,8,19,3,7,7,0,0,0,0,0,0,0,0
14,26,52,57,71,67,32,13,10,12,7,12,29,19,8,0,0,0,0,0,0,0,0,0
12,11,40,40,33,41,5,11,10,0,12,29,43,14,4,5,8,1,0,0,0,0,0,0
9,8,12,0,12,13,14,2,5,0,0,27,50,9,0,0,9,11,8,0,0,0,0,8
0,12,10,7,10,10,6,0,0,4,13,51,14,12,5,0,0,1,6,3,0,0,4,6
10,6,4,9,4,1,11,2,2,3,14,14,11,8,5,10,10,4,4,2,0,1,0,1
