3,0,0,0,0,2,0,0,5,11,0,5,0,5,12,9,3,7,0,5,0,5,7,0
7,0,0,0,1,6,0,0,0,7,8,2,9,10,10,7,5,0,7,9,10,9,10,3
2,0,10,0,6,4,7,11,0,9,14,11,36,51,15,16,20,14,11,5,9,1,11,7
8,5,8,7,10,12,13,13,10,5,11,47,54,54,51,36,29,31,14,7,4,0,8,5
0,1,8,8,14,78,74,56,56,11,11,53,75,57,55,49,39,53,15,9,0,0,0,0
3,9,14,36,56,76,80,61,52,49,52,62,64,64,52,50,59,9,9,30,16,6,0,5
9,9,12,14,51,57,58,60,50,59,61,70,84,79,69,65,9,57,38,8,8,12,7,4
0,0,1,1,9,14,3,35,20,11,71,93,129,168,142,85,54,0,0,6,6,6,10,8
0,0,0,0,0,7,0,9,37,55,76,167,413,364,205,156,104,63,58,11,13,11,6,5
0,0,0,0,0,0,7,0,13,55,104,217,375,347,235,181,144,92,58,50,13,9,6,2
0,0,0,0,0,8,8,5,12,58,114,191,291,300,227,202,163,120,80,55,40,7,3,3
0,0,0,0,0,0,2,4,4,57,94,165,217,268,167,183,171,134,105,71,34,10,8,5
4,0,4,0,0,0,0,0,12,83,127,189,219,159,117,159,162,126,113,87,49,22,0,7
3,3,4,0,0,0,12,10,46,96,138,158,135,107,126,145,151,143,138,111,69,25,2,0
0,8,47,24,3,2,2,26,55,61,104,120,100,26,114,133,157,169,147,108,84,46,21,8
9,24,61,69,8,14,10,76,77,78,74,65,57,57,78,96,125,154,142,124,90,44,17,11
9,14,22,13,37,22,70,100,68,74,72,50,51,34,54,63,85,119,134,103,98,90,48,9
6,7,16,21,37,46,52,57,46,41,45,23,25,18,44,60,76,92,98,97,82,62,40,18
0,3,12,19,50,45,14,12,11,15,13,11,51,11,13,78,68,69,79,130,122,84,53,27
1,8,14,3,7,0,0,10,2,6,11,13,50,53,22,14,61,109,139,156,160,119,72,46
0,0,12,7,0,1,7,13,22,20,72,93,101,102,108,126,136,191,241,245,232,168,129,74
0,0,1,5,13,19,48,67,91,106,116,118,125,143,157,190,221,268,311,324,249,186,131,65
0,0,6,13,29,55,110,123,112,119,134,137,144,154,160,179,234,305,318,331,248,182,114,74
0,0,4,6,51,100,109,121,115,107,116,115,121,129,136,151,184,220,245,267,215,155,100,82
0,0,0,0,13,77,102,111,115,120,104,100,104,105,110,116,122,125,136,151,132,100,62,25
7,8,5,0,9,12,101,118,127,116,112,101,100,100,100,96,94,100,102,84,66,51,14,19
1,5,0,0,6,12,35,101,109,118,107,91,75,73,101,95,77,59,56,34,14,24,19,12
0,8,6,6,0,6,14,52,96,105,107,108,61,65,64,64,42,9,11,13,7,11,13,14
1,8,7,0,0,4,19,38,55,60,87,91,62,64,63,46,12,8,13,23,12,13,17,11
7,8,0,0,3,11,13,10,37,51,57,70,64,58,46,45,32,13,10,14,23,12,13,7
9,7,6,11,3,13,14,22,27,37,36,52,55,76,95,39,27,16,5,11,11,10,0,6
0,0,9,2,10,9,11,13,11,14,43,44,54,76,105,84,86,41,13,16,11,1,4,7
9,0,2,0,5,3,8,8,7,11,14,20,56,76,90,80,83,26,13,9,12,0,0,0
3,3,0,2,8,4,10,3,4,6,10,40,50,61,100,88,29,18,13,10,2,0,1,0
0,0,0,0,0,0,7,1,0,6,2,18,35,67,93,35,39,32,13,13,7,6,9,13
2,0,0,0,0,0,0,3,0,0,3,10,51,70,57,45,38,38,13,0,0,2,6,0
0,0,0,4,0,0,0,0,0,0,5,28,48,51,34,26,52,54,20,11,0,5,6,3
0,0,0,0,0,0,0,1,0,0,11,14,12,30,28,39,58,52,16,12,9,0,2,5
0,0,0,0,0,0,0,3,0,6,5,14,25,27,18,51,60,46,14,11,9,10,9,7
0,0,0,0,0,0,0,0,0,0,14,14,11,19,40,52,55,36,14,4,13,12,8,9
0,4,2,0,3,4,0,9,7,5,11,13,13,14,53,57,46,40,5,10,6,1,10,5
5,6,1,0,9,10,10,8,0,4,12,14,24,42,53,57,58,43,12,11,10,8,8,12
7,9,0,9,7,7,8,0,0,5,13,35,45,41,40,63,55,46,16,1,10,12,8,0
5,1,6,8,9,3,7,8,6,0,11,13,27,42,46,50,15,13,13,8,6,3,8,5

3,0,0,0,0,2,0,0,5,11,0,5,0,5,12,9,3,7,0,5,0,5,7,0
7,0,0,0,2,6,0,0,0,7,8,2,9,10,10,7,5,0,6,9,10,9,10,3
2,0,10,0,6,5,7,11,0,9,14,11,37,51,15,16,20,14,11,5,9,1,11,7
8,5,8,7,10,12,13,13,10,5,11,47,54,54,51,35,30,31,14,7,4,0,8,5
0,1,9,8,14,79,75,57,56,11,11,53,75,57,55,49,39,53,15,9,0,0,0,0
3,9,14,37,56,77,81,61,52,49,52,62,64,63,52,50,58,9,9,30,16,6,0,5
9,9,12,14,51,57,58,60,50,59,61,70,85,79,69,65,9,57,38,8,8,12,7,4
0,0,1,1,9,15,3,37,22,11,71,93,129,168,142,84,54,0,0,6,6,6,10,8
0,0,0,0,0,7,0,9,37,55,76,167,414,365,205,155,104,62,58,11,13,11,6,5
0,0,0,0,0,0,7,0,13,55,104,218,376,348,234,180,143,92,58,50,13,9,6,2
0,0,0,0,0,8,8,5,12,58,114,190,289,299,226,200,163,121,80,55,40,6,3,3
0,0,0,0,0,0,1,4,4,57,94,165,216,266,166,183,171,135,106,71,34,10,8,5
4,0,4,0,0,0,0,0,12,83,127,188,218,158,117,160,162,127,114,88,50,22,0,7
3,3,4,0,0,0,12,10,46,96,138,157,134,107,126,145,151,143,139,112,69,26,2,0
0,8,44,25,3,2,2,25,55,60,104,119,100,24,114,133,156,168,147,108,84,47,21,8
8,22,60,69,8,14,10,76,76,78,74,65,58,57,77,95,124,153,141,124,90,44,17,11
9,14,21,13,37,22,70,100,68,74,72,50,51,34,54,63,84,118,133,103,98,90,48,9
6,7,16,21,38,46,52,57,47,41,45,23,26,18,44,60,75,92,98,96,82,62,40,18
0,3,12,19,50,48,15,12,11,16,13,11,51,11,13,77,68,69,79,130,122,84,53,27
1,8,14,3,7,0,0,10,2,6,11,13,50,53,21,14,60,109,140,158,161,120,72,46
0,0,12,7,0,1,7,13,22,20,73,91,101,102,108,126,136,192,243,247,234,169,129,74
0,0,1,5,13,19,48,66,91,106,116,118,125,143,156,189,221,269,313,325,249,188,131,66
0,0,6,13,30,55,110,123,112,119,134,137,143,153,160,179,234,307,320,332,250,183,115,74
0,0,4,7,51,100,109,121,115,107,116,115,121,129,136,151,184,221,247,270,216,156,100,82
0,0,0,0,13,77,102,111,115,120,103,100,103,105,110,116,122,125,136,151,132,100,62,25
7,8,4,0,9,12,101,118,127,116,112,101,100,100,100,94,94,100,102,84,66,51,14,19
1,5,0,0,6,12,35,101,109,118,107,91,75,72,101,93,76,60,58,35,14,25,20,12
0,8,6,6,0,6,14,52,96,104,107,108,61,66,64,63,42,9,11,13,7,12,13,14
1,8,7,0,0,4,19,38,55,60,87,91,61,64,63,44,12,8,14,23,13,13,17,11
7,8,0,0,3,11,13,10,37,50,57,70,64,58,47,45,32,13,10,14,23,12,12,7
9,7,6,11,3,13,14,22,28,37,36,52,55,76,95,40,27,16,5,11,11,10,0,6
0,0,9,1,10,9,11,13,11,14,43,43,54,75,104,84,86,42,13,16,11,2,4,7
9,0,2,0,5,3,8,8,7,11,14,20,56,75,89,80,82,26,13,9,12,0,0,0
3,3,0,2,8,4,9,3,4,6,10,40,50,61,100,88,29,18,13,9,2,0,1,0
0,0,0,0,0,0,7,1,0,6,2,17,35,67,93,35,39,33,13,13,7,6,9,13
2,0,0,0,0,0,0,3,0,0,3,10,51,70,57,45,38,38,13,0,0,2,6,0
0,0,0,4,0,0,0,0,0,0,5,27,47,51,34,26,52,54,20,11,0,5,6,3
0,0,0,0,0,0,0,1,0,0,11,14,12,30,27,40,58,52,15,12,9,0,3,5
0,0,0,0,0,0,0,3,0,6,5,14,25,28,19,51,61,47,14,11,9,10,9,7
0,0,0,0,0,0,0,0,0,0,14,15,11,19,41,52,55,36,14,4,13,12,8,9
0,4,2,0,3,4,0,9,7,5,11,13,14,16,53,57,46,42,6,11,6,1,11,5
5,6,1,0,8,10,10,8,0,4,12,14,23,40,53,57,58,44,12,11,10,8,8,12
7,9,0,9,7,7,8,0,0,5,13,34,44,41,40,63,55,47,17,1,10,12,8,0
5,1,6,8,9,3,6,9,6,0,11,13,27,41,46,50,15,14,13,8,6,3,8,5

3,0,0,0,0,2,0,0,5,11,0,5,0,5,12,9,3,7,0,5,0,5,7,0
7,0,0,0,2,6,0,0,0,7,8,2,9,10,11,7,5,0,6,9,10,9,10,3
2,0,10,0,7,5,7,11,0,9,14,11,37,52,14,16,20,14,11,5,8,1,11,7
8,5,8,7,10,12,13,13,10,5,11,48,54,54,51,36,29,31,14,7,4,0,8,5
0,1,9,9,16,80,75,57,57,11,11,53,75,57,55,49,39,53,15,9,0,0,0,0
3,9,14,38,56,78,81,61,52,49,51,61,64,63,52,50,58,9,8,29,16,6,0,5
9,9,12,14,52,58,58,60,50,59,61,70,85,79,69,64,9,57,39,8,8,12,7,4
0,0,2,2,9,20,3,39,26,12,71,93,129,167,142,84,54,0,0,6,6,6,10,8
0,0,0,0,0,7,0,9,39,55,76,167,414,365,205,155,104,63,58,11,13,11,6,5
0,0,0,0,0,0,7,0,13,55,104,218,375,347,234,180,143,93,58,50,13,9,6,2
0,0,0,0,0,8,8,5,12,58,114,190,289,298,225,201,163,121,80,56,40,6,3,3
0,0,0,0,0,0,2,4,4,57,93,164,214,263,166,183,172,136,106,71,34,10,8,5
4,0,4,0,0,0,0,0,12,83,127,188,216,157,117,160,163,128,115,89,50,23,0,7
3,3,4,0,0,0,12,10,50,96,137,157,134,107,125,144,151,144,140,112,70,31,2,0
0,7,44,24,3,2,2,26,55,60,104,119,100,21,113,132,155,168,148,109,84,47,21,8
8,22,60,69,8,14,10,75,76,78,74,65,58,56,77,94,123,152,141,124,90,44,17,11
9,14,21,13,38,22,69,100,68,74,72,50,51,32,54,62,83,117,133,103,98,89,48,9
6,7,16,21,37,46,52,57,47,41,45,23,26,18,44,59,74,91,97,96,82,62,40,18
0,3,12,20,50,47,16,12,11,15,13,11,51,11,13,76,67,68,78,130,123,85,53,27
1,8,14,3,7,0,0,10,2,6,11,13,48,54,22,14,61,109,140,160,162,120,72,46
0,0,12,7,0,1,7,13,24,20,72,93,101,102,108,126,136,193,245,248,235,169,129,74
0,0,1,5,13,19,48,66,91,106,116,118,125,143,156,189,221,269,313,325,249,188,131,65
0,0,6,14,30,56,110,123,112,119,134,137,144,154,160,180,235,308,322,333,250,183,115,74
0,0,4,7,51,100,109,121,115,107,116,115,121,129,136,151,185,223,251,272,216,156,100,81
0,0,0,0,13,78,102,111,115,119,103,100,103,105,110,116,123,126,137,151,132,100,62,25
7,8,4,0,9,12,101,118,126,115,112,101,100,100,100,97,94,100,102,83,66,50,14,19
0,5,0,0,6,12,36,101,109,118,107,90,75,73,101,92,77,59,58,35,14,25,20,12
0,8,6,6,0,6,14,52,95,104,107,108,61,66,63,64,42,9,11,13,7,11,13,14
0,8,7,0,0,4,19,37,56,60,87,91,61,64,63,45,12,7,14,23,13,13,17,11
7,8,0,0,3,11,13,10,36,50,57,70,64,58,46,45,31,13,10,14,23,12,13,7
9,7,6,11,3,13,14,21,28,37,36,52,55,75,93,40,27,15,5,11,11,10,0,6
0,0,9,1,10,9,11,13,11,14,40,42,54,75,104,83,86,41,13,16,11,2,4,7
9,0,2,0,5,3,8,7,7,11,14,19,56,75,88,79,82,26,13,9,12,0,0,0
3,3,0,2,7,3,9,3,4,6,10,40,50,60,99,88,28,17,13,9,2,0,1,0
0,0,0,0,0,0,7,1,0,5,2,17,34,66,92,35,39,33,13,13,7,6,9,13
2,0,0,0,0,0,0,3,0,0,3,9,51,69,57,44,38,37,13,0,0,2,6,0
0,0,0,4,0,0,0,0,0,0,5,27,46,51,34,26,52,54,21,11,0,5,6,3
0,0,0,0,0,0,0,1,0,0,11,14,12,30,27,40,58,52,15,12,9,0,2,5
0,0,0,0,0,0,0,3,0,6,4,13,25,28,16,51,60,46,14,11,9,10,9,7
0,0,0,0,0,0,0,0,0,0,13,14,11,19,42,52,55,36,14,4,13,12,8,9
0,4,2,0,3,4,0,9,7,5,11,13,13,17,53,57,46,43,6,11,6,2,11,5
5,6,1,0,8,10,10,9,0,4,12,14,23,40,54,57,58,44,13,11,10,8,8,12
7,9,0,9,7,7,8,0,0,5,13,35,44,41,40,63,55,47,17,1,10,12,8,0
5,1,6,8,9,3,6,9,6,0,11,13,27,41,46,51,17,14,13,8,7,3,8,5

3,0,0,0,0,2,0,0,5,11,0,5,0,5,12,9,3,7,0,5,0,5,7,0
7,0,0,0,2,6,0,0,0,7,8,2,9,10,10,7,5,0,6,9,10,9,10,3
2,0,10,0,7,5,7,11,0,9,15,11,36,51,18,16,20,14,11,5,8,1,11,7
8,5,8,7,10,12,13,13,10,5,11,47,54,54,51,35,29,31,14,7,4,0,8,5
0,1,10,9,18,80,75,57,57,11,11,53,75,57,55,49,39,53,15,9,0,0,0,0
3,9,14,39,57,79,81,61,52,49,51,61,64,64,52,50,58,9,9,30,15,6,0,5
9,9,12,14,52,58,58,60,50,59,61,70,85,79,69,64,9,57,39,8,8,12,7,4
0,0,2,2,9,20,4,40,24,12,71,93,129,167,141,84,54,0,0,6,6,6,10,8
0,0,0,0,0,7,0,9,41,55,76,167,415,365,205,155,104,63,58,11,13,11,6,5
0,0,0,0,0,0,8,0,13,55,104,218,377,348,234,180,143,92,58,50,13,9,6,2
0,0,0,0,0,8,8,5,12,58,114,189,289,299,225,201,164,121,80,56,40,7,3,3
0,0,0,0,0,0,2,4,4,57,94,164,214,262,165,183,172,136,107,71,35,10,9,5
4,0,4,0,0,0,0,0,12,83,126,187,215,156,117,159,163,128,116,89,50,23,0,7
3,3,4,0,0,0,12,10,47,95,137,157,134,107,125,144,151,144,140,112,70,30,2,0
0,7,46,24,3,2,2,26,55,60,104,119,100,19,113,131,155,168,148,109,84,47,21,8
8,20,60,70,8,14,10,76,76,77,74,65,58,56,76,93,122,152,141,124,90,44,17,11
9,14,20,13,37,22,69,100,68,74,72,50,51,30,54,62,82,117,133,103,98,89,48,9
6,7,16,21,37,46,52,57,47,41,45,23,26,18,43,59,73,90,97,96,82,62,40,18
0,3,12,19,50,47,15,12,11,16,13,11,51,11,13,75,66,68,78,131,123,85,53,27
1,8,14,3,7,0,0,10,2,6,11,13,47,54,22,14,61,110,141,160,162,120,72,46
0,0,12,7,0,1,7,13,22,20,73,92,101,102,108,126,136,194,246,249,235,169,129,74
0,0,1,5,13,19,49,66,91,106,116,118,125,143,156,189,221,270,314,325,250,188,131,65
0,0,6,14,30,56,110,123,112,119,134,137,143,153,160,180,235,309,323,335,250,184,115,74
0,0,4,7,51,100,109,121,115,107,115,115,121,129,136,151,185,223,252,272,216,156,100,82
0,0,0,0,13,78,102,111,115,119,103,100,104,105,110,116,123,126,137,151,133,100,62,25
7,8,4,0,9,12,101,118,126,115,112,101,100,100,100,97,95,100,102,84,66,50,14,19
0,5,0,0,6,12,35,101,109,117,107,90,75,72,101,93,77,59,58,35,14,25,19,12
0,8,6,6,0,6,14,52,96,104,107,108,61,66,63,63,42,9,11,13,7,12,13,14
0,7,7,0,0,4,19,37,55,59,87,91,61,64,63,45,12,7,14,23,13,13,17,11
7,8,0,0,3,11,13,10,36,50,57,70,64,58,46,45,32,13,10,14,23,13,12,7
9,7,6,11,3,13,14,21,28,37,36,52,55,75,94,39,27,16,5,11,11,10,0,6
0,0,9,1,10,9,11,13,11,14,40,43,54,75,104,83,86,41,13,16,11,2,4,7
9,0,2,0,5,3,8,7,7,11,14,20,56,74,88,79,82,26,13,9,12,0,0,0
3,3,0,2,8,3,9,3,4,6,10,40,50,61,99,87,28,18,13,9,2,0,1,0
0,0,0,0,0,0,7,1,0,5,2,16,35,66,92,35,39,33,13,13,7,6,9,13
2,0,0,0,0,0,0,3,0,0,3,9,51,69,57,45,39,37,13,0,0,2,6,0
0,0,0,4,0,0,0,0,0,0,5,27,46,51,34,26,52,54,22,11,0,5,6,3
0,0,0,0,0,0,0,1,0,0,11,14,12,30,28,39,58,52,16,12,9,0,2,5
0,0,0,0,0,0,0,3,0,6,4,13,24,27,17,51,60,46,14,11,9,10,9,7
0,0,0,0,0,0,0,0,0,0,14,14,11,18,42,52,55,36,14,4,13,12,8,9
0,4,2,0,3,4,0,9,7,5,11,13,13,17,52,57,46,42,6,11,6,2,11,5
5,6,1,0,9,10,10,9,0,4,12,14,24,42,54,57,58,45,13,11,10,8,8,13
7,9,0,9,7,7,8,0,0,5,13,35,47,41,40,63,55,50,17,1,10,12,8,0
5,1,6,8,9,3,6,8,6,0,11,13,26,41,46,50,17,14,13,8,7,3,8,5

3,0,0,0,0,2,0,0,5,11,0,5,0,5,12,9,3,7,0,5,0,5,7,0
7,0,0,0,2,6,0,0,0,7,8,2,9,10,10,7,5,0,6,9,10,9,10,3
2,0,10,0,7,5,7,11,0,9,14,11,37,51,15,16,20,14,11,5,9,1,11,7
8,5,8,7,10,12,14,13,10,5,11,47,54,54,51,34,30,31,14,7,4,0,8,5
0,2,10,10,20,80,75,57,57,11,11,53,74,57,55,49,39,53,15,9,0,0,0,0
3,9,14,40,57,79,82,62,52,49,52,62,64,64,52,50,58,9,9,30,16,5,0,5
9,9,12,14,52,58,58,60,51,59,61,70,85,79,69,65,9,57,39,8,8,12,7,4
0,0,2,2,10,21,4,41,25,12,71,93,129,167,141,84,54,0,0,6,6,6,10,8
0,0,0,0,0,7,0,9,40,55,76,167,414,364,205,155,104,62,58,11,13,11,6,5
0,0,0,0,0,0,8,0,13,55,104,217,376,349,234,181,144,93,58,50,13,9,6,2
0,0,0,0,0,8,8,5,12,58,113,189,289,299,225,202,164,121,80,56,41,7,3,3
0,0,0,0,0,0,2,4,4,57,94,164,214,264,165,183,172,136,107,71,35,10,9,5
4,0,4,0,0,0,0,0,11,83,127,187,215,157,117,160,163,128,115,89,50,22,0,7
3,3,4,0,0,0,12,10,47,96,137,156,134,107,125,144,152,144,140,112,70,29,2,0
0,7,44,24,3,2,2,25,55,60,104,119,100,18,113,131,156,168,148,109,84,47,21,8
8,23,60,70,8,14,10,75,76,77,74,65,57,56,76,93,123,152,142,124,90,44,17,11
9,14,21,13,38,22,69,100,68,74,72,50,51,31,54,62,82,117,133,103,98,90,48,9
6,7,16,21,37,46,52,57,47,41,45,23,26,18,43,59,73,90,97,96,82,62,40,18
0,3,12,19,50,47,14,12,11,16,13,11,51,11,13,75,67,68,79,131,123,85,53,27
1,8,14,3,7,0,0,10,2,6,11,13,48,53,22,14,61,110,141,160,162,120,72,46
0,0,12,7,0,1,7,13,22,22,72,93,101,102,108,126,136,194,246,248,235,169,129,74
0,0,1,5,13,19,48,67,91,106,116,118,125,143,156,189,222,270,314,325,250,188,131,65
0,0,6,14,29,56,110,123,112,119,134,137,143,153,160,180,235,309,323,334,250,183,115,74
0,0,4,7,52,100,109,121,115,107,115,115,121,129,136,151,185,223,251,272,216,156,100,82
0,0,0,0,13,77,102,111,115,119,103,100,103,105,110,116,123,126,137,151,132,100,62,25
7,8,4,0,9,12,101,118,126,115,112,101,100,100,100,100,96,100,102,84,66,51,14,20
0,5,0,0,6,12,36,101,109,117,107,90,74,73,101,92,76,60,58,35,14,25,19,12
0,8,6,6,0,6,14,52,96,104,107,108,61,65,64,64,42,9,12,13,7,12,13,14
0,8,7,0,0,4,19,37,55,59,87,91,61,64,63,44,12,7,14,23,13,14,17,11
7,8,0,0,3,11,13,10,37,50,57,70,64,58,47,45,32,13,10,15,23,12,12,7
9,7,6,11,3,13,14,21,28,37,36,52,55,75,94,39,27,16,5,11,11,10,0,6
0,0,9,1,10,9,11,13,11,14,41,44,54,75,104,83,86,41,13,16,11,2,4,7
9,0,2,0,5,3,8,7,7,10,14,19,56,74,88,80,82,26,13,9,12,0,0,0
3,3,0,2,8,3,9,2,4,6,10,40,50,61,99,87,29,18,13,9,2,0,1,0
0,0,0,0,0,0,7,1,0,5,2,16,34,66,92,35,40,33,13,13,7,6,9,13
2,0,0,0,0,0,0,3,0,0,3,9,51,69,57,45,39,37,13,0,0,2,6,1
0,0,0,4,0,0,0,0,0,0,5,27,46,51,34,26,52,54,21,11,0,5,6,4
0,0,0,0,0,0,0,1,0,0,11,14,12,30,28,41,58,52,16,12,9,0,1,4
0,0,0,0,0,0,0,3,0,6,4,13,25,28,17,51,60,46,14,11,9,10,10,7
0,0,0,0,0,0,0,0,0,0,13,14,11,19,43,52,54,37,14,4,13,12,9,9
0,4,2,0,3,4,0,9,7,5,11,13,13,17,53,57,46,43,6,11,6,2,11,5
5,6,1,0,9,10,10,9,0,4,12,14,23,44,54,57,58,47,13,11,10,8,8,13
7,9,0,9,7,7,8,0,0,6,13,34,47,41,40,63,55,48,17,1,10,12,8,0
5,1,6,8,9,3,6,9,6,0,11,13,27,41,47,51,18,14,13,8,7,3,8,5

3,0,0,0,0,2,0,0,5,11,0,5,0,5,12,9,3,6,0,5,0,5,7,0
7,0,0,0,2,6,0,0,0,7,8,2,9,10,10,7,5,0,6,9,10,9,10,3
2,0,10,0,7,5,7,11,0,9,14,11,36,51,15,16,20,14,11,5,9,1,11,7
8,5,8,7,10,12,14,13,10,5,11,47,54,54,51,36,29,30,14,7,4,0,8,5
0,1,10,9,18,80,76,58,57,11,11,53,75,57,55,50,39,53,15,9,0,0,0,0
4,9,14,39,56,78,82,62,52,49,51,61,64,63,52,50,58,9,9,30,15,6,0,5
9,9,12,14,52,57,58,60,51,59,61,70,85,79,69,65,9,57,39,8,8,12,7,4
0,0,2,2,9,18,4,39,25,12,71,93,129,167,142,84,54,0,0,6,6,6,10,8
0,0,0,0,0,7,0,9,39,55,76,166,413,364,206,155,104,63,58,11,13,11,6,5
0,0,0,0,0,0,8,0,13,55,103,217,376,348,234,181,144,93,58,50,13,9,6,2
0,0,0,0,0,8,8,5,12,58,113,189,289,299,226,202,164,121,80,55,41,6,3,3
0,0,0,0,0,0,2,4,4,57,94,164,215,264,166,183,171,135,106,71,34,10,8,5
4,0,4,0,0,0,0,0,11,83,126,187,216,157,117,159,163,127,114,88,50,22,0,7
3,3,4,0,0,0,12,10,46,95,137,156,134,107,126,145,152,143,139,111,69,29,2,0
0,7,46,25,3,2,2,28,55,60,104,119,100,22,114,133,157,169,147,108,84,47,21,8
9,23,60,70,8,14,10,75,76,77,74,65,58,56,77,95,124,153,142,124,91,45,17,11
9,14,21,13,37,22,69,100,68,74,72,50,51,32,54,63,83,118,133,103,98,90,49,9
6,7,16,21,37,46,52,57,47,41,45,23,25,18,44,59,75,92,98,97,82,62,40,19
0,3,12,18,48,47,15,12,11,15,13,11,51,11,13,77,68,69,79,131,123,85,53,27
1,8,14,3,7,0,0,10,2,6,11,13,50,54,20,14,61,109,140,159,162,120,72,46
0,0,11,7,0,1,7,13,24,20,73,91,101,102,108,127,137,194,245,248,235,169,129,74
0,0,1,5,13,19,48,66,91,105,116,118,125,143,157,190,222,270,313,325,250,189,131,65
0,0,5,13,29,55,109,122,112,119,133,137,143,154,160,180,235,308,323,335,250,183,114,74
0,0,4,7,51,99,109,121,114,107,115,115,121,129,136,151,185,223,249,270,215,155,100,81
0,0,0,0,13,75,102,111,115,119,103,100,103,105,110,116,123,126,136,151,132,100,61,25
7,8,4,0,9,12,101,118,126,115,112,101,100,100,100,97,95,100,102,84,66,51,14,19
0,5,0,0,6,12,35,101,108,117,107,90,75,73,101,93,76,60,57,35,14,25,20,12
0,8,6,6,0,6,14,53,95,104,107,108,61,66,64,65,44,9,11,13,7,12,13,14
0,7,7,0,0,4,18,37,55,60,86,91,62,64,63,46,12,8,14,23,13,13,18,11
6,8,0,0,3,11,13,10,36,50,57,70,64,58,47,45,32,13,10,15,23,13,12,7
9,7,6,11,3,13,14,21,28,37,36,52,55,75,94,39,27,16,5,11,11,10,0,6
0,0,9,1,10,9,11,13,11,14,40,43,54,74,104,83,87,42,13,16,11,2,4,7
9,0,2,0,5,3,8,7,7,10,14,19,56,74,88,80,83,26,13,9,12,0,0,0
3,3,0,2,8,3,9,2,3,6,9,40,50,61,99,88,29,19,13,9,2,0,1,0
0,0,0,0,0,0,7,1,0,5,1,16,35,66,92,35,40,33,13,13,7,6,9,13
2,0,0,0,0,0,0,3,0,0,3,9,51,69,57,45,39,37,13,0,0,2,6,1
0,0,0,4,0,0,0,0,0,0,5,25,46,51,34,27,52,54,21,11,0,5,6,4
0,0,0,0,0,0,0,1,0,0,11,14,12,30,28,40,58,52,17,12,9,0,1,4
0,0,0,0,0,0,0,3,0,6,4,13,24,28,16,51,61,46,14,11,9,10,9,7
0,0,0,0,0,0,0,0,0,0,14,14,12,19,43,52,55,37,14,4,13,12,8,9
0,4,2,0,3,4,0,9,7,5,11,13,14,18,53,57,46,43,6,11,6,1,11,6
5,7,1,0,9,10,10,9,0,4,12,14,24,42,54,57,58,46,13,11,10,8,8,13
7,9,0,9,7,7,8,0,0,6,13,35,45,42,40,63,55,50,17,1,10,12,8,0
5,1,6,8,9,3,6,9,6,0,11,13,27,41,47,51,19,14,13,8,7,3,8,5

3,0,0,0,0,2,0,0,5,11,0,4,0,5,12,9,2,7,0,5,0,5,7,0
7,0,0,0,2,6,0,0,0,7,8,2,9,10,10,7,5,0,7,9,10,9,10,3
2,0,10,0,7,5,7,11,0,9,14,11,36,51,16,17,20,14,11,5,8,1,11,7
8,5,8,7,10,12,14,13,10,5,11,47,55,54,51,36,28,31,14,7,4,0,8,5
0,1,9,9,16,80,76,58,57,11,11,53,74,57,55,49,39,53,15,9,0,0,0,0
4,9,14,37,56,77,81,62,53,49,52,62,64,64,52,50,59,9,9,30,15,5,0,5
9,9,12,14,51,57,58,60,51,59,61,70,85,79,69,65,9,57,40,8,8,12,6,4
0,0,2,2,9,16,4,39,24,12,71,93,129,169,143,85,55,0,0,6,6,6,10,8
0,0,0,0,0,7,0,9,37,55,75,166,412,365,207,156,105,63,58,11,13,11,6,5
0,0,0,0,0,0,7,0,13,55,103,216,375,348,235,181,144,93,59,50,13,9,6,2
0,0,0,0,0,8,8,5,12,58,113,189,289,299,226,202,164,121,80,55,40,7,3,3
0,0,0,0,0,0,2,4,4,57,93,164,215,265,166,183,171,135,106,71,34,10,8,5
4,0,4,0,0,0,0,0,11,82,126,187,216,157,117,159,162,126,113,88,50,22,0,7
3,3,5,0,0,0,12,10,47,95,137,156,134,107,126,145,151,143,138,111,69,27,2,0
0,8,46,25,3,3,2,26,55,60,104,119,100,23,114,133,157,169,147,108,84,47,21,8
9,23,61,70,8,14,10,76,76,77,74,65,57,57,77,96,124,153,142,124,91,45,17,11
9,14,23,13,38,22,70,100,67,74,72,50,51,33,54,63,84,119,133,103,98,90,49,9
6,7,16,21,37,46,52,57,46,41,45,23,25,18,44,60,76,92,99,97,82,62,40,19
0,3,12,18,50,48,14,12,11,15,13,11,51,11,13,78,69,70,80,131,123,85,53,28
1,8,14,3,7,0,0,10,2,5,11,13,51,53,21,14,62,109,140,159,162,120,72,46
0,0,11,7,0,1,7,13,22,20,73,92,101,102,108,127,137,194,244,247,235,169,129,74
0,0,1,5,13,18,48,66,91,105,116,118,125,144,158,191,223,270,313,325,250,189,131,65
0,0,5,13,29,55,109,122,112,118,133,137,143,154,161,180,236,308,323,336,252,183,114,74
0,0,4,7,50,98,108,121,114,106,115,115,121,129,136,152,185,223,249,271,215,155,100,81
0,0,0,0,13,75,102,111,115,119,103,100,104,105,110,116,123,126,136,151,132,100,61,25
7,8,4,0,9,12,101,118,126,115,112,101,100,100,100,97,95,100,102,84,66,51,14,20
1,5,0,0,6,12,35,101,108,117,107,90,75,73,101,93,78,60,57,37,14,25,20,12
0,8,6,6,0,6,14,52,95,104,106,108,61,65,64,64,43,9,12,13,7,11,13,14
0,8,7,0,0,3,18,36,56,59,86,91,62,64,63,46,12,8,14,23,13,14,17,11
7,8,0,0,2,11,13,10,36,50,56,70,64,58,46,45,32,14,10,15,23,12,12,7
9,7,6,11,3,13,14,21,28,37,36,52,55,75,94,39,27,16,5,11,11,10,0,6
0,0,9,1,10,9,11,13,11,14,40,42,54,74,104,84,88,42,13,17,11,2,4,7
9,0,2,0,5,3,8,7,7,10,14,19,56,74,88,80,84,26,13,10,12,0,0,0
3,3,0,2,7,3,9,2,3,6,9,39,50,61,99,87,29,19,13,9,2,0,1,0
0,0,0,0,0,0,7,1,0,5,1,15,34,66,92,35,40,34,13,13,7,6,9,13
2,0,0,0,0,0,0,3,0,0,3,9,51,69,57,44,39,37,13,0,0,2,6,1
0,0,0,4,0,0,0,0,0,0,5,26,44,51,34,26,52,54,21,11,0,5,6,4
0,0,0,0,0,0,0,1,0,0,11,14,12,30,28,41,58,52,16,12,9,0,1,4
0,0,0,0,0,0,0,3,0,6,4,13,24,28,19,51,61,47,14,11,9,10,9,7
0,0,0,0,0,0,0,0,0,0,14,16,12,20,43,53,55,37,14,4,13,12,8,9
0,4,2,0,3,4,0,9,7,5,11,13,14,19,53,57,46,44,6,11,7,2,11,5
5,6,1,0,9,10,10,9,0,4,12,14,24,43,54,57,58,47,13,11,10,8,8,12
7,9,0,9,7,7,8,0,0,6,13,35,44,42,40,63,56,50,17,1,10,12,8,0
5,1,6,8,9,3,6,9,7,0,11,13,27,41,46,51,20,14,13,8,7,3,8,5

3,0,0,0,0,1,0,0,5,11,0,5,0,5,12,9,2,7,0,5,0,5,7,0
7,0,0,0,2,6,0,0,0,8,8,2,10,10,10,7,5,0,7,9,10,9,10,3
2,0,10,0,7,5,7,11,0,9,14,11,33,52,14,15,20,14,11,5,9,1,11,7
8,5,8,7,10,13,14,13,11,5,11,46,54,54,51,35,29,31,14,7,4,0,8,5
0,1,10,9,18,81,77,59,58,11,11,53,75,57,55,50,39,53,15,9,0,0,0,0
3,9,14,37,56,77,82,63,53,49,51,61,64,63,52,50,58,9,9,30,15,5,0,5
9,9,12,14,52,57,58,60,51,60,61,70,85,79,69,65,9,57,39,8,8,12,6,4
0,0,2,2,9,18,4,39,26,12,71,93,129,168,142,85,54,0,0,6,6,6,10,8
0,0,0,0,0,7,0,9,39,55,76,166,414,367,207,155,104,63,58,11,14,11,6,5
0,0,0,0,0,0,7,0,13,55,103,217,376,348,234,180,143,92,58,50,13,9,6,2
0,0,0,0,0,8,8,5,12,58,113,189,288,299,225,200,163,121,80,56,40,7,3,3
0,0,0,0,0,0,2,4,4,57,93,164,214,263,166,182,171,135,106,71,34,10,8,5
4,0,4,0,0,0,0,0,11,83,126,187,216,156,117,159,162,127,114,89,50,22,0,7
3,3,5,0,0,0,12,10,47,95,137,156,134,107,126,144,151,143,139,112,69,31,2,0
0,8,47,25,3,3,2,29,55,60,104,119,100,22,114,132,156,168,147,109,85,48,21,8
8,22,61,70,9,14,10,76,76,77,74,65,58,56,77,94,123,152,141,124,90,45,17,11
9,14,23,13,38,22,70,100,68,74,72,50,51,32,54,63,83,117,133,103,98,90,49,9
6,7,16,21,37,46,52,57,47,41,45,23,26,18,44,60,74,92,98,97,82,62,40,19
0,3,12,20,50,47,14,12,11,16,13,11,51,11,13,77,68,69,79,131,124,85,53,28
1,8,14,3,7,0,0,10,2,6,11,13,50,54,20,14,62,110,141,160,162,120,72,46
0,0,12,7,0,1,7,13,24,20,72,92,101,102,108,127,137,195,246,248,235,169,129,74
0,0,1,5,13,19,48,66,91,106,116,118,125,143,157,190,223,271,314,326,251,189,131,65
0,0,5,13,29,55,109,122,112,118,133,137,143,154,160,180,236,310,326,337,252,184,114,74
0,0,4,7,51,98,108,120,114,106,115,115,121,129,136,152,186,224,252,273,216,155,100,81
0,0,0,0,13,75,102,111,115,119,103,100,103,105,110,116,123,126,137,151,132,100,61,25
7,8,4,0,9,12,101,118,126,115,111,101,100,100,100,98,95,100,102,84,66,51,14,19
0,5,0,0,6,12,35,101,108,117,107,90,75,73,100,93,77,59,58,37,14,25,20,12
0,8,6,6,0,6,14,52,95,104,106,108,61,66,63,65,42,9,12,13,8,12,13,14
0,7,7,0,0,4,18,37,56,59,86,91,62,64,64,46,13,8,14,23,13,14,18,11
6,8,0,0,2,11,13,10,34,50,57,70,64,58,46,45,32,14,11,15,24,13,12,7
9,7,6,11,3,13,14,21,28,37,36,52,55,75,93,39,27,14,5,11,11,10,0,6
0,0,9,1,10,9,11,13,11,14,41,42,54,74,104,83,87,41,13,17,11,2,4,7
9,0,1,0,5,3,8,7,7,10,14,18,56,74,88,80,84,26,13,10,12,0,0,0
3,3,0,2,7,3,9,2,4,5,9,39,50,60,99,87,29,18,13,9,2,0,1,0
0,0,0,0,0,0,7,1,0,5,1,15,35,66,92,35,40,33,13,13,7,6,9,13
2,0,0,0,0,0,0,3,0,0,3,9,51,69,57,44,39,37,13,0,0,2,6,1
0,0,0,4,0,0,0,0,0,0,5,25,44,51,34,26,52,54,21,11,0,5,6,4
0,0,0,0,0,0,0,1,0,0,11,14,12,30,28,41,58,52,16,12,9,0,1,4
0,0,0,0,0,0,0,3,0,6,4,13,25,29,18,51,61,47,14,11,9,10,9,7
0,0,0,0,0,0,0,0,0,0,14,14,12,19,44,52,55,37,14,4,13,12,8,9
0,4,2,0,3,4,0,9,8,5,11,13,14,17,53,58,46,45,6,11,7,2,11,5
6,6,1,0,9,10,10,9,0,4,12,14,23,43,54,57,58,47,13,11,10,8,8,13
7,9,0,9,7,7,8,0,0,6,13,35,45,42,40,63,55,50,20,1,10,12,8,0
5,1,6,8,9,3,6,8,6,0,11,13,28,41,47,51,21,14,13,8,7,3,8,5

3,0,0,0,0,1,0,0,5,11,0,4,0,5,12,9,2,6,0,5,0,5,7,0
7,0,0,0,2,6,0,0,0,8,8,2,9,10,10,7,5,0,6,9,10,9,10,3
2,0,10,0,7,5,7,11,0,9,14,11,37,50,15,17,20,14,11,5,9,1,11,7
8,5,8,7,11,13,14,13,10,5,11,46,54,54,51,34,28,31,14,7,4,0,8,5
0,2,10,10,21,81,77,59,58,11,11,53,74,57,55,49,39,53,15,9,0,0,0,0
4,9,14,39,56,78,82,63,53,49,52,61,64,64,52,50,59,9,9,30,15,5,0,5
9,9,12,14,52,58,58,60,51,59,61,70,85,79,69,65,9,57,39,8,8,12,6,4
0,0,2,2,9,21,4,43,26,12,71,93,129,168,142,84,54,0,0,6,6,6,10,8
0,0,0,0,0,7,0,9,41,55,76,166,415,367,205,155,104,63,58,11,13,11,6,5
0,0,0,0,0,0,8,0,13,55,104,217,376,348,234,180,143,93,58,50,13,9,6,2
0,0,0,0,0,8,8,5,12,58,113,189,288,299,225,201,163,121,80,56,40,7,2,3
0,0,0,0,0,0,2,4,4,57,93,163,213,262,165,182,171,136,107,71,35,10,9,5
4,0,4,0,0,0,0,0,11,83,126,186,214,156,117,159,163,128,115,89,50,22,0,7
3,3,5,0,0,0,12,10,48,95,137,156,134,106,125,144,151,144,140,112,70,30,2,0
0,7,46,27,3,3,2,28,55,60,103,119,100,19,113,131,155,168,148,109,85,47,21,8
9,22,60,70,9,14,10,75,76,77,74,65,57,56,76,93,122,152,141,124,90,45,17,11
9,14,21,13,38,22,70,100,67,74,72,50,51,32,54,62,82,116,133,103,98,89,48,9
6,7,17,21,37,46,52,57,46,41,45,23,26,17,43,59,73,91,98,96,82,62,40,18
0,3,12,19,50,48,15,12,11,16,13,11,51,11,13,76,67,69,79,131,124,85,53,27
2,8,14,3,7,0,0,10,2,6,11,13,47,54,22,14,63,110,142,162,163,120,72,46
0,0,11,7,0,1,7,13,24,20,73,93,101,102,108,126,137,196,248,250,236,170,129,74
0,0,1,5,13,19,48,66,91,106,116,118,125,143,157,190,223,272,316,328,252,190,131,65
0,0,5,13,29,55,109,122,112,118,133,137,143,154,160,180,237,311,328,339,253,185,115,74
0,0,4,7,51,98,108,120,114,106,115,115,121,129,136,152,186,224,254,275,216,155,100,81
0,0,0,0,13,75,102,111,115,119,103,100,103,105,110,116,123,126,137,151,132,100,61,25
7,8,4,0,9,12,101,118,126,115,111,101,100,100,100,97,97,100,102,85,66,50,14,20
0,5,0,0,6,12,35,101,108,117,107,90,74,72,101,93,76,61,59,35,14,25,20,12
0,8,6,6,0,6,14,52,95,104,106,108,61,65,64,63,43,9,12,13,8,12,13,14
0,7,7,0,0,3,18,36,55,59,86,90,61,64,63,45,12,8,14,23,13,14,17,11
7,8,0,0,2,11,13,10,34,50,56,70,64,58,46,45,32,13,11,15,24,12,12,7
9,7,6,11,3,13,14,21,27,37,36,52,55,75,92,40,27,14,5,11,11,10,0,6
0,0,9,1,10,9,11,13,11,14,40,42,54,74,104,83,87,42,12,17,11,2,4,7
9,0,1,0,5,3,8,7,7,10,14,18,56,74,87,80,84,26,13,10,12,0,0,0
3,3,0,2,7,3,9,2,3,5,9,38,50,60,98,87,29,19,13,9,2,0,1,0
0,0,0,0,0,0,7,1,0,5,1,15,34,66,91,35,40,33,13,13,7,6,9,13
2,0,0,0,0,0,0,3,0,0,3,9,51,69,57,45,39,37,13,0,0,3,6,1
0,0,0,4,0,0,0,0,0,0,5,25,46,51,35,26,52,54,21,11,0,5,6,4
0,0,0,0,0,0,0,1,0,0,11,14,12,30,27,41,58,52,17,12,9,0,1,4
0,0,0,0,0,0,0,3,0,6,4,13,24,28,17,51,61,46,14,11,9,10,9,7
0,0,0,0,0,0,0,0,0,0,14,14,12,18,44,52,55,37,14,4,13,12,8,9
0,4,2,0,3,4,0,9,8,5,11,13,14,16,53,57,46,44,6,11,7,2,11,5
5,6,1,0,9,10,10,9,0,4,12,14,23,43,54,57,58,48,13,11,10,8,8,13
7,9,0,9,7,7,8,0,0,6,13,35,48,42,40,63,55,50,18,1,10,12,8,0
5,1,6,8,9,3,6,9,6,0,11,13,27,42,47,51,21,14,14,8,7,3,8,5

3,0,0,0,0,1,0,0,5,11,0,5,0,5,12,9,2,6,0,5,0,5,7,0
7,0,0,0,2,6,0,0,0,7,8,2,9,10,10,7,5,0,6,9,10,9,10,3
2,0,10,0,8,6,7,11,0,9,14,11,33,51,16,14,20,14,11,5,8,1,11,7
8,6,9,7,11,13,20,13,11,5,11,46,54,54,51,34,28,30,14,7,4,0,8,5
0,2,11,11,27,84,78,60,59,10,11,53,74,57,55,49,39,53,15,9,0,0,0,0
4,9,15,41,57,80,84,63,53,49,51,61,64,64,52,50,59,9,9,30,15,6,0,5
9,9,13,14,52,58,59,61,51,60,61,70,85,79,69,64,9,57,39,8,8,12,6,4
0,0,2,3,10,25,5,45,29,12,71,93,129,167,141,84,54,0,0,6,6,6,10,8
0,0,0,0,0,7,0,10,44,55,76,167,414,364,205,154,103,63,58,11,13,11,6,5
0,0,0,0,0,0,8,0,13,55,104,218,376,348,234,180,143,92,58,50,13,9,6,2
0,0,0,0,0,8,8,5,12,58,114,189,288,298,224,201,163,121,80,55,40,7,3,3
0,0,0,0,0,0,2,4,4,57,93,163,212,260,164,182,171,136,107,71,35,10,9,5
4,0,4,0,0,0,0,0,11,83,126,186,213,155,117,159,163,128,115,89,50,22,0,7
3,3,5,0,0,0,12,10,48,95,137,155,133,106,125,144,151,144,140,112,70,31,2,0
0,7,44,25,3,3,2,28,55,60,103,119,100,16,113,131,155,168,148,109,85,47,21,8
8,23,60,70,9,14,10,75,76,77,74,65,58,56,76,93,122,152,141,124,90,45,17,11
9,14,21,13,39,22,69,100,67,74,72,50,51,30,54,62,82,116,133,103,98,90,48,9
6,7,16,21,37,46,52,57,47,41,46,23,26,17,43,59,73,90,98,96,82,62,40,19
0,3,12,19,50,48,15,12,11,16,13,11,51,11,13,75,67,69,79,132,124,86,53,27
1,8,14,3,7,0,0,10,2,6,11,13,48,54,22,14,63,110,142,163,164,121,72,46
0,0,11,7,0,1,7,13,24,20,73,92,101,102,108,126,137,196,248,251,237,170,129,74
0,0,1,5,13,19,48,66,91,106,116,118,125,143,156,190,223,272,317,328,253,191,132,65
0,0,5,13,29,55,109,122,112,118,133,137,143,153,160,180,237,312,328,339,254,185,115,74
0,0,4,7,51,98,108,120,114,106,115,115,121,129,136,152,186,225,255,276,217,156,100,81
0,0,0,0,13,73,102,111,115,119,103,100,103,105,110,116,123,126,137,151,132,100,61,25
7,8,4,0,8,12,101,118,126,115,111,101,100,100,100,98,98,100,102,84,66,51,14,20
0,5,0,0,6,12,35,101,108,117,107,90,74,72,101,93,77,60,58,35,14,26,20,12
0,8,6,6,0,6,14,52,94,104,106,108,61,66,63,65,44,9,12,13,8,12,13,14
0,7,7,0,0,3,18,36,55,59,86,90,62,64,63,45,12,8,14,23,13,14,18,11
6,8,0,0,2,11,13,10,33,50,56,70,64,58,46,45,32,14,11,15,24,13,13,7
9,7,6,11,3,13,14,21,27,37,36,52,55,74,92,39,26,14,5,11,11,10,0,6
0,0,9,1,10,9,11,13,11,14,40,40,54,73,104,83,87,43,12,17,11,2,4,7
9,0,1,0,5,3,8,7,7,10,13,18,56,73,87,79,84,26,13,10,12,0,0,0
3,3,0,2,7,3,9,2,3,5,9,39,50,60,98,87,29,19,13,9,3,0,1,0
0,0,0,0,0,0,7,1,0,5,1,15,34,66,91,35,39,33,13,13,7,6,9,13
2,0,0,0,0,0,0,3,0,0,3,9,51,68,57,45,39,38,13,0,0,3,6,1
0,0,0,4,0,0,0,0,0,0,5,25,45,51,34,26,52,54,22,11,0,5,6,4
0,0,0,0,0,0,0,1,0,0,11,14,12,30,27,42,58,52,17,12,9,0,1,4
0,0,0,0,0,0,0,3,0,6,3,13,24,29,16,51,61,47,14,11,9,10,9,7
0,0,0,0,0,0,0,0,0,0,14,14,11,19,45,52,55,37,14,4,13,12,8,9
0,4,2,0,3,4,0,9,8,5,11,13,13,17,54,57,46,46,6,11,6,2,11,5
5,7,1,0,9,10,10,9,0,4,12,14,26,44,54,57,58,47,13,11,10,8,8,12
7,9,0,9,7,7,8,0,0,6,13,37,45,42,40,63,55,50,18,1,10,12,8,0
5,1,6,8,9,3,6,9,6,0,11,13,26,41,47,51,20,14,14,8,7,3,8,5

3,0,0,0,0,1,0,0,5,11,0,4,0,5,12,9,3,7,0,5,0,5,7,0
7,0,0,0,3,6,0,0,0,8,8,1,9,10,10,7,5,0,6,9,10,9,10,3
2,0,9,1,8,6,7,11,0,9,14,11,34,51,16,15,20,14,11,5,8,1,11,7
8,6,9,7,11,13,23,14,11,5,11,46,54,54,51,35,28,31,14,7,4,0,8,5
0,2,11,11,31,84,78,60,58,11,11,53,75,57,55,49,38,53,15,9,0,0,0,0
4,9,16,42,57,81,84,64,54,49,51,61,64,63,52,50,58,9,9,30,15,5,0,5
9,9,13,15,52,58,59,61,51,60,61,70,84,79,69,65,9,57,39,8,8,12,6,4
0,0,3,3,10,27,5,45,30,12,71,93,129,166,141,84,54,0,0,6,6,6,10,8
0,0,0,0,0,7,0,10,43,55,76,167,414,364,205,155,104,63,58,11,13,11,6,5
0,0,0,0,0,0,8,0,13,55,104,217,376,348,233,180,143,92,58,50,13,9,6,2
0,0,0,0,0,8,8,5,12,58,113,188,287,297,224,201,163,121,80,55,40,7,2,3
0,0,0,0,0,0,2,5,4,57,93,163,213,262,165,183,171,135,106,71,35,10,8,5
4,0,4,0,0,0,0,0,11,83,126,186,213,155,117,159,163,127,115,89,50,22,0,7
3,3,5,0,0,0,12,10,48,95,137,155,133,106,125,144,152,144,140,112,70,30,2,0
0,7,46,27,3,3,2,28,55,60,103,119,100,16,113,131,156,169,148,109,85,47,21,8
8,23,60,70,9,14,10,75,76,77,74,65,58,56,76,93,123,152,142,124,91,45,17,11
9,14,22,13,39,22,70,100,67,74,72,50,51,31,54,62,82,117,133,103,98,90,48,9
6,7,17,21,37,46,52,57,47,41,46,23,26,17,43,59,73,91,98,97,83,62,40,19
0,3,12,19,50,47,15,12,11,15,13,11,51,11,13,75,67,69,79,132,124,86,53,28
1,8,15,3,7,0,0,10,2,5,11,13,50,54,21,14,62,110,142,162,164,121,72,46
0,0,11,7,0,1,7,13,22,20,72,93,101,102,108,127,137,196,247,250,236,170,129,74
0,0,1,5,13,19,48,66,91,105,116,118,125,143,157,190,223,271,317,328,253,190,132,65
0,0,5,13,29,55,109,122,111,118,133,137,143,153,160,180,236,312,328,340,254,185,115,74
0,0,4,7,51,97,108,120,114,106,115,115,121,129,136,152,186,224,253,275,216,156,100,81
0,0,0,0,13,72,102,111,115,119,103,100,104,105,110,116,123,126,137,151,132,100,61,25
7,8,4,0,8,12,101,117,126,115,111,101,100,100,100,98,96,100,102,84,66,50,14,20
0,5,0,0,5,12,37,101,108,117,107,90,75,73,101,95,78,61,59,38,14,25,21,12
0,8,6,6,0,6,14,52,94,104,106,108,61,65,63,65,44,9,12,13,8,12,13,14
0,7,7,0,0,3,18,35,55,59,86,91,62,63,63,46,13,8,14,23,13,14,18,11
6,8,0,0,2,11,13,10,34,50,56,70,64,58,47,45,32,14,11,16,24,13,12,7
9,7,6,11,3,13,14,21,28,37,36,52,55,75,93,39,27,14,5,11,11,10,0,6
0,0,9,1,10,9,11,13,11,14,40,42,54,73,104,83,88,42,12,17,11,2,4,7
9,0,1,0,5,3,8,7,7,10,14,19,56,73,87,80,84,26,13,10,12,0,0,0
3,3,0,2,8,3,9,2,3,5,9,39,50,60,98,87,29,19,13,9,2,0,1,0
0,0,0,0,0,0,7,1,0,5,1,15,34,66,91,35,40,34,13,13,7,6,9,13
2,0,0,0,0,0,0,3,0,0,2,9,51,69,57,45,39,38,13,0,0,3,6,1
0,0,0,4,0,0,0,0,0,0,5,25,44,51,35,27,52,54,22,11,0,5,6,4
0,0,0,0,0,0,0,1,0,0,10,14,12,30,27,42,58,52,17,12,9,0,1,4
0,0,0,0,0,0,0,3,0,5,3,13,24,28,17,51,61,47,14,11,9,10,9,7
0,0,0,0,0,0,0,0,0,0,14,15,12,20,46,52,55,37,14,4,13,12,8,9
0,4,2,0,3,4,0,9,8,5,11,13,14,18,53,57,46,45,6,11,7,2,11,6
5,6,1,0,9,10,10,9,0,4,12,14,26,42,54,57,58,48,13,11,10,8,8,13
7,9,0,9,7,7,8,0,0,6,13,37,45,43,40,63,56,50,20,2,10,12,8,0
5,1,6,8,9,3,6,9,7,0,11,13,29,41,47,51,22,14,14,8,7,3,8,5

3,0,0,0,0,1,0,0,5,11,0,4,0,5,12,9,3,6,0,5,0,5,7,0
7,0,0,0,2,6,0,0,0,8,8,2,9,10,10,7,5,0,6,9,10,9,10,3
3,0,9,1,8,6,7,12,0,9,14,11,36,51,16,15,20,14,11,5,9,1,11,7
8,6,9,7,11,13,25,14,11,5,11,46,54,54,51,34,28,31,14,7,4,0,8,5
0,2,11,11,28,83,79,60,59,11,11,53,74,57,55,49,39,53,15,9,0,0,0,0
4,9,16,41,57,80,84,64,54,49,51,62,64,63,52,50,58,9,9,29,15,5,0,5
9,9,13,14,52,58,59,61,51,60,61,70,84,79,69,65,9,57,39,8,8,12,6,4
0,0,2,3,10,25,5,45,30,12,71,93,129,167,141,84,54,0,0,6,6,6,10,8
0,0,0,0,0,7,0,10,43,55,76,166,413,365,205,155,104,63,59,11,13,11,6,5
0,0,0,0,0,0,8,0,13,55,104,217,375,348,234,180,144,92,58,50,13,9,6,2
0,0,0,0,0,8,8,5,12,58,113,188,288,298,226,202,163,121,80,56,40,7,3,3
0,0,0,0,0,0,2,5,4,57,93,163,213,263,165,183,171,135,106,71,34,10,8,5
4,0,5,0,0,0,0,0,11,83,126,186,214,156,117,159,162,126,114,88,50,22,0,7
3,3,5,0,0,0,12,10,48,95,137,155,133,106,125,144,151,143,139,112,69,30,2,0
0,7,47,27,3,3,2,28,55,60,103,118,100,20,113,132,157,169,148,109,85,48,22,8
8,25,61,70,9,14,10,76,76,77,74,65,58,55,77,95,124,153,142,124,92,45,17,11
9,14,22,13,40,23,70,100,67,73,72,50,51,33,54,63,83,118,133,103,99,90,48,9
6,7,17,21,38,46,52,57,46,41,45,23,26,18,44,60,75,92,99,97,83,62,40,19
0,3,12,20,50,48,14,12,11,16,13,11,51,12,13,77,68,70,80,132,124,86,53,28
1,8,14,3,7,0,0,10,2,5,11,13,47,54,23,14,63,110,141,161,163,121,72,46
0,0,11,7,0,1,7,13,22,20,72,92,101,102,109,127,137,195,246,250,236,170,129,74
0,0,1,5,13,18,48,66,90,105,116,118,125,144,157,191,223,271,316,327,252,190,132,66
0,0,5,13,29,54,109,122,111,118,133,137,143,154,161,180,237,310,326,339,254,185,115,74
0,0,4,7,51,96,108,120,114,106,115,115,121,129,136,152,186,224,251,273,216,156,100,81
0,0,0,0,13,72,102,111,115,119,103,100,104,105,110,116,123,126,136,151,132,100,61,25
7,8,4,0,8,12,101,117,126,115,111,101,100,100,100,98,97,100,102,83,66,50,14,20
0,5,0,0,5,12,33,101,108,117,107,90,74,74,101,93,78,61,58,37,14,25,20,12
0,8,6,6,0,6,14,52,94,104,106,108,61,66,63,65,45,9,12,13,8,12,13,14
0,7,7,0,0,3,18,35,55,59,86,90,62,64,63,47,13,8,14,23,13,14,18,11
6,8,0,0,2,11,13,10,33,50,56,70,64,58,46,45,32,14,12,15,24,13,12,7
9,7,6,11,3,13,14,21,27,37,36,52,55,75,92,40,27,14,5,11,11,10,0,6
0,0,9,1,10,9,11,13,11,14,40,40,54,74,104,83,88,42,13,17,11,2,4,7
9,0,1,0,5,3,8,7,7,10,13,19,56,73,87,80,84,26,13,10,12,0,0,0
3,3,0,2,7,3,9,2,3,5,9,39,50,60,98,87,28,19,13,9,3,0,1,0
0,0,0,0,0,0,7,1,0,5,1,14,34,66,91,35,40,34,13,13,7,6,9,13
2,0,0,0,0,0,0,3,0,0,3,9,51,68,57,45,39,38,13,0,0,3,6,1
0,0,0,4,0,0,0,0,0,0,5,25,46,51,34,27,52,54,22,11,0,5,6,4
0,0,0,0,0,0,0,1,0,0,10,14,12,30,28,43,58,52,17,12,9,0,1,4
0,0,0,0,0,0,0,4,0,5,3,13,25,28,18,52,61,48,14,11,9,10,9,7
0,0,0,0,0,0,0,0,0,0,14,15,12,20,45,52,55,37,14,5,13,12,8,9
0,4,2,0,3,4,0,10,8,5,11,13,14,19,53,57,46,46,6,11,7,2,11,5
5,7,1,0,9,10,10,9,0,4,12,14,26,43,54,57,58,50,13,11,10,8,8,13
7,9,0,9,7,7,8,0,0,6,13,37,48,42,40,63,56,50,18,2,11,12,8,0
5,1,6,8,9,3,6,9,7,0,11,13,27,41,48,51,25,14,14,8,7,3,8,5

3,0,0,0,0,1,0,0,5,11,0,4,0,5,12,9,3,6,0,5,0,5,7,0
7,0,0,0,2,6,0,0,0,8,8,2,9,10,10,7,5,0,6,9,10,9,10,3
3,0,9,1,8,6,7,12,0,9,14,11,34,50,16,15,20,14,11,5,9,1,11,7
8,6,9,7,11,13,26,14,11,5,11,46,54,54,51,34,28,30,14,7,4,0,8,5
0,2,11,11,27,83,79,61,59,11,11,53,74,57,55,49,38,53,15,9,0,0,0,0
4,9,15,40,56,79,85,64,54,49,51,61,64,64,52,50,58,9,9,30,15,5,0,5
9,9,13,14,52,58,59,61,51,60,61,70,85,79,69,65,9,57,39,8,8,12,6,4
0,0,3,3,10,24,5,45,30,12,71,93,129,167,142,84,54,0,0,6,6,6,10,8
0,0,0,0,0,7,0,10,41,55,76,166,410,363,205,154,104,63,59,11,13,11,6,5
0,0,0,0,0,0,8,0,13,55,103,216,373,346,233,180,143,92,58,50,13,9,6,2
0,0,0,0,0,8,8,5,12,58,113,188,287,298,224,200,162,120,80,55,40,7,3,3
0,0,0,0,0,0,2,4,4,57,93,163,213,263,165,182,170,134,105,70,34,10,8,5
4,0,5,0,0,0,0,0,11,83,126,186,214,156,117,159,161,125,113,87,50,21,0,7
3,4,5,0,0,0,12,10,47,95,137,155,133,107,126,145,151,143,138,111,69,29,2,0
0,8,47,28,3,3,2,29,55,60,103,119,99,23,114,133,157,169,147,108,84,48,22,8
9,24,61,71,9,14,10,75,76,77,73,65,57,57,77,95,124,153,142,124,91,45,17,11
9,14,23,13,39,22,70,100,67,73,71,50,51,34,54,63,84,118,133,103,99,90,49,9
6,7,17,21,37,46,52,57,46,41,45,23,26,18,44,60,76,93,99,97,83,62,40,19
0,3,12,19,50,50,15,12,11,15,12,11,51,11,13,79,69,70,80,132,125,86,53,28
1,8,14,3,7,0,0,10,3,6,11,13,48,53,23,14,63,110,141,161,163,121,73,47
0,0,11,7,0,0,8,13,24,20,73,91,101,102,109,127,137,195,247,250,237,170,130,74
0,0,1,5,13,19,48,66,90,105,116,118,125,144,158,191,224,272,317,328,253,191,132,66
0,0,5,13,29,54,108,122,111,118,133,137,143,154,161,181,237,311,327,340,255,185,115,74
0,0,4,7,50,94,108,120,114,106,115,115,121,129,136,152,186,223,251,274,216,156,100,81
0,0,0,0,13,71,102,111,115,119,103,100,103,105,110,116,123,126,137,151,132,100,61,25
7,8,5,0,8,12,101,117,126,115,111,101,100,100,100,98,97,100,102,86,66,50,14,20
0,5,0,0,5,12,35,101,108,116,107,90,75,73,100,96,78,60,59,37,14,25,20,12
0,8,5,6,0,6,14,52,93,104,106,108,61,65,64,65,44,9,12,13,8,12,13,14
0,7,7,0,0,3,18,36,55,59,85,91,62,64,63,48,13,8,14,23,13,14,18,11
6,8,0,0,2,11,13,10,32,50,56,70,64,57,46,45,32,14,12,16,23,13,13,7
9,7,6,11,3,13,14,21,27,37,36,52,55,74,93,39,27,15,5,11,11,10,0,6
0,0,9,1,10,9,11,13,11,14,38,40,54,73,104,83,89,42,12,18,11,2,4,7
9,0,2,0,5,3,8,7,7,10,13,19,56,73,87,80,85,26,13,10,12,0,0,0
3,3,0,2,7,4,9,2,3,5,9,38,50,60,98,87,29,19,13,9,2,0,1,0
0,0,0,0,0,0,7,1,0,5,0,14,33,66,91,35,40,34,13,13,7,6,9,13
2,0,0,0,0,0,0,2,0,0,2,9,51,68,57,45,39,38,13,0,0,3,6,1
0,0,0,4,0,0,0,0,0,0,5,25,45,51,34,27,53,54,21,11,0,5,6,4
0,0,0,0,0,0,0,1,0,0,10,14,12,30,28,43,58,52,17,12,9,0,1,4
0,0,0,0,0,0,0,4,0,6,3,13,24,28,18,51,60,47,14,11,9,10,9,7
0,0,0,0,0,0,0,0,0,0,14,15,11,19,46,52,55,37,14,5,13,12,8,9
0,4,2,0,3,4,0,10,8,5,11,13,14,17,54,57,46,46,6,11,7,2,11,6
5,6,1,0,9,10,10,9,0,4,12,14,26,45,54,57,58,47,13,11,10,8,8,13
7,9,0,9,7,7,8,0,0,6,13,37,47,42,40,63,56,50,20,2,10,12,9,0
5,1,6,8,9,3,6,9,7,0,11,13,26,42,47,51,24,14,14,8,7,3,8,5

2,0,0,0,0,1,0,0,5,11,0,5,0,5,12,9,2,6,0,5,0,5,7,0
6,0,0,0,2,5,0,0,0,8,8,2,9,10,10,7,5,0,6,9,10,9,10,3
3,0,10,1,8,7,7,12,0,9,14,11,36,51,16,15,20,14,11,5,9,1,11,7
8,6,9,8,11,14,29,15,11,5,11,45,54,54,51,35,28,30,14,7,4,0,8,5
0,2,11,11,32,85,80,61,59,11,11,53,75,57,55,50,38,53,15,9,0,0,0,0
4,10,16,42,57,81,85,64,54,49,51,61,64,63,52,50,59,9,9,29,15,5,0,5
9,9,13,15,52,59,59,61,52,60,61,70,84,79,69,65,9,57,39,8,8,12,6,4
0,0,3,3,10,28,6,47,30,12,71,93,129,167,142,84,54,0,0,6,6,6,10,8
0,0,0,0,0,7,0,10,43,55,76,167,414,365,205,154,104,63,58,11,13,11,6,5
0,0,0,0,0,0,8,0,13,55,104,217,375,347,233,179,143,92,58,50,13,9,6,2
0,0,0,0,0,8,8,5,12,58,113,188,288,297,224,200,162,120,80,56,39,7,2,3
0,0,0,0,0,0,2,5,4,57,93,163,212,261,165,182,170,135,106,71,35,10,8,5
4,0,5,0,0,0,0,0,11,83,126,186,213,155,116,158,162,127,114,89,50,22,0,7
3,3,6,0,0,0,12,10,47,95,136,155,133,106,125,144,151,144,140,112,70,30,2,0
0,7,46,28,3,3,2,28,55,60,103,118,100,20,114,132,155,168,147,109,85,47,21,8
9,24,60,71,9,14,10,75,76,77,74,65,57,56,77,94,123,152,141,124,91,45,17,11
9,14,22,13,40,23,69,100,67,73,71,50,51,32,54,62,82,117,133,103,98,90,49,9
6,7,17,21,37,46,52,57,46,41,45,23,26,18,44,60,74,91,98,97,83,62,40,19
0,3,12,20,50,50,15,12,10,14,12,11,51,12,13,77,68,69,80,132,125,86,53,27
2,8,14,3,7,0,0,11,5,8,11,13,50,54,22,14,63,110,142,163,165,121,73,47
0,0,11,7,0,0,9,14,24,20,72,92,101,102,108,127,137,196,249,252,238,171,129,74
0,0,1,5,13,19,48,66,91,105,116,118,125,144,157,191,224,272,319,329,254,191,132,66
0,0,5,13,29,54,108,122,111,118,133,137,143,154,160,180,237,313,329,341,256,186,115,74
0,0,4,7,51,95,108,120,114,106,115,115,121,129,136,152,186,225,255,276,217,156,100,82
0,0,0,0,13,72,102,111,115,119,103,100,103,105,110,116,123,126,137,151,132,100,61,25
7,8,5,0,8,12,101,117,126,115,111,101,100,100,100,98,97,100,102,84,66,51,14,20
0,5,0,0,5,12,35,101,108,116,107,90,75,73,100,95,78,60,58,37,14,25,20,12
0,8,5,6,0,6,14,52,93,104,106,108,60,65,64,64,44,9,12,13,8,12,13,14
0,7,7,0,0,3,17,35,55,59,85,90,61,63,63,47,13,8,14,23,13,14,18,11
6,8,0,0,2,11,13,9,33,50,56,70,64,58,46,45,33,14,12,16,24,13,13,7
9,7,6,11,3,13,14,20,27,36,36,52,55,75,92,39,27,14,5,11,11,10,0,6
0,0,9,1,10,9,11,13,11,14,40,40,54,73,104,83,88,42,12,18,11,2,4,7
9,0,1,0,5,3,8,7,7,10,13,18,56,73,87,80,84,26,13,10,12,0,0,0
3,3,0,2,7,3,9,2,3,5,8,39,50,60,98,87,29,19,13,9,3,0,1,0
0,0,0,0,0,0,7,1,0,5,0,14,34,65,91,35,40,34,13,13,7,6,9,13
2,0,0,0,0,0,0,2,0,0,2,9,51,68,57,44,39,38,13,0,0,3,6,1
0,0,0,4,0,0,0,0,0,0,5,24,44,51,34,27,52,54,22,11,0,5,6,4
0,0,0,0,0,0,0,1,0,0,10,14,12,30,28,43,58,52,17,12,9,0,1,4
0,0,0,0,0,0,0,4,0,5,3,13,24,28,18,51,60,47,14,11,9,10,9,7
0,0,0,0,0,0,0,0,0,0,14,14,12,20,44,52,55,37,14,4,13,12,8,9
0,4,2,0,3,4,0,10,8,5,11,13,14,19,53,57,46,45,6,11,7,2,11,6
6,7,1,0,9,10,10,9,0,4,12,14,26,46,54,57,58,48,13,11,10,8,8,13
7,9,0,9,7,7,8,0,0,6,13,35,48,42,40,63,56,50,18,2,10,12,8,0
5,1,6,8,9,3,6,9,7,0,11,13,27,41,47,51,22,14,14,8,7,3,8,5

3,0,0,0,0,0,0,0,5,11,0,4,0,5,11,9,2,6,0,5,0,5,7,0
6,0,0,0,1,5,0,0,0,7,8,1,9,10,10,7,5,0,6,9,10,9,10,3
3,0,10,1,8,6,9,12,0,9,14,11,36,51,15,16,20,14,11,5,8,1,11,7
9,6,9,8,11,13,27,14,11,5,11,46,54,54,51,33,29,31,14,7,4,0,8,5
0,2,11,11,32,84,79,60,59,11,11,53,74,57,55,48,39,53,15,9,0,0,0,0
4,10,18,42,57,80,84,64,54,49,51,62,64,64,52,50,58,9,9,29,15,5,0,5
9,9,13,15,52,58,59,61,52,60,61,70,85,79,69,65,9,57,40,8,8,12,6,4
0,0,3,3,10,27,6,46,30,12,71,93,129,167,141,84,54,0,0,6,6,6,10,8
0,0,0,0,0,7,0,10,42,55,76,167,415,366,205,155,104,63,58,11,13,11,6,5
0,0,0,0,0,0,8,0,13,55,104,218,375,348,235,180,143,93,58,50,13,9,6,2
0,0,0,0,0,8,8,5,12,58,113,189,287,298,224,201,163,121,80,55,40,7,2,3
0,0,0,0,0,0,2,5,4,57,93,163,212,261,164,182,171,136,107,71,35,10,8,5
4,0,5,0,0,0,0,0,11,83,126,185,213,155,117,159,163,128,115,89,50,22,0,7
3,3,5,0,0,0,12,10,50,95,136,155,133,106,125,144,151,144,140,112,70,31,2,0
0,7,44,28,3,3,2,29,55,60,103,118,99,17,113,131,155,168,148,109,85,47,21,8
8,23,60,71,9,14,10,75,76,77,74,65,58,55,76,93,122,151,141,124,91,45,16,11
9,14,21,13,39,23,70,100,67,74,72,50,52,32,54,62,82,116,132,103,99,90,48,9
6,7,17,21,37,46,52,57,47,41,46,24,26,18,43,59,73,90,98,97,83,62,40,19
0,3,12,19,50,50,16,12,10,14,13,11,51,12,13,76,67,69,79,132,125,86,53,28
2,8,14,4,7,0,0,11,1,6,11,13,50,54,23,14,63,111,142,163,165,121,73,46
0,0,11,7,0,1,9,14,22,20,73,92,101,102,108,127,137,196,249,252,238,171,129,74
0,0,1,5,13,19,48,66,90,105,116,118,125,143,157,190,223,273,319,330,254,192,133,66
0,0,5,13,29,54,108,122,111,118,133,137,143,153,160,180,237,312,330,341,256,186,115,74
0,0,4,7,51,95,108,120,114,106,115,115,121,129,136,152,186,225,255,276,217,156,100,82
0,0,0,0,13,71,102,111,115,119,103,100,104,105,110,116,123,126,137,151,133,100,61,25
7,8,5,0,8,12,101,117,126,114,111,101,100,100,100,98,96,100,102,84,66,51,14,20
0,5,0,0,5,12,33,101,108,116,107,90,75,72,101,93,78,61,59,37,14,25,21,12
0,8,5,6,0,6,14,52,93,104,106,108,61,66,64,65,45,9,12,13,8,12,13,14
0,7,7,0,0,3,17,36,55,59,86,90,62,64,63,47,13,8,14,24,13,14,18,11
6,8,0,0,2,11,13,10,32,50,56,70,64,58,46,45,33,14,12,16,24,13,13,7
9,7,6,11,3,13,14,20,27,37,36,51,55,75,92,39,27,14,5,11,11,10,0,6
0,0,9,1,10,9,11,13,11,14,40,43,54,73,104,83,88,42,12,18,11,2,4,7
9,0,1,0,5,3,8,7,7,10,13,18,56,73,87,80,85,26,13,10,12,0,0,0
3,3,0,2,8,4,9,2,3,5,8,38,50,60,98,87,29,19,13,9,3,0,1,0
0,0,0,0,0,0,7,1,0,5,0,14,34,65,91,35,39,33,13,13,7,6,9,13
2,0,0,0,0,0,0,3,0,0,2,9,51,68,57,44,39,38,13,0,0,3,6,1
0,0,0,4,0,0,0,0,0,0,5,24,43,51,35,26,52,55,22,11,0,5,6,4
0,0,0,0,0,0,0,1,0,0,10,14,12,30,27,43,58,52,17,12,9,0,1,4
0,0,0,0,0,0,0,4,0,5,3,13,25,28,17,51,60,47,14,11,9,10,9,7
0,0,0,0,0,0,0,0,0,0,14,14,12,20,44,52,55,37,14,4,13,12,8,9
0,4,2,0,3,4,0,10,8,5,11,13,14,19,53,57,46,46,6,11,7,2,11,6
5,7,1,0,9,10,10,9,0,4,12,14,27,44,54,57,58,48,13,11,10,8,8,13
7,9,0,9,7,7,8,0,0,6,13,37,48,43,40,63,56,50,18,2,10,12,8,0
5,1,6,8,9,3,7,9,7,0,11,13,28,42,47,51,24,14,14,8,7,3,8,5
0,7,0,0,0,3,0,0,12,11,7,51,61,16,12,10,1,0,0,0,0,2,1,1
0,0,0,6,3,0,0,8,17,55,51,60,135,76,50,14,4,0,0,0,0,0,0,8
0,8,4,3,11,11,14,15,24,58,103,80,73,61,51,31,10,4,4,0,0,1,0,6
0,10,6,12,20,48,32,50,13,48,54,63,71,70,42,14,7,1,0,3,0,4,1,4
0,6,17,50,49,34,19,26,41,53,53,79,73,63,53,21,13,6,11,0,0,0,0,0
7,8,13,33,55,67,86,93,92,119,110,100,86,87,65,60,51,38,28,13,11,11,3,5
6,5,14,30,54,70,101,93,139,173,216,318,264,200,120,94,67,52,50,12,11,12,4,4
4,0,0,2,0,12,54,75,112,133,176,228,297,349,233,137,96,55,8,13,9,8,3,4
2,8,10,0,0,1,10,62,71,87,120,168,197,227,196,137,81,57,14,12,10,0,2,3
7,5,6,4,0,0,12,6,55,62,97,172,228,200,163,130,101,68,51,9,5,8,5,6
0,3,0,4,0,0,10,14,58,57,81,131,180,201,189,155,128,80,53,28,14,10,5,1
0,1,0,0,3,8,5,21,63,55,94,114,158,213,227,198,139,78,58,33,12,7,3,0
2,0,2,1,5,6,8,13,56,14,107,128,159,194,228,207,137,95,71,60,14,13,10,8
0,0,0,0,9,6,20,42,45,19,105,116,149,192,225,187,131,102,69,54,15,0,0,2
9,0,0,0,5,6,30,21,12,10,101,112,136,156,145,139,120,67,54,33,14,0,0,3
7,4,11,1,10,19,7,14,12,7,83,105,109,116,111,121,112,58,64,7,8,9,0,4
1,7,8,9,10,6,12,14,7,10,57,89,94,113,94,88,106,79,55,11,12,7,9,8
2,1,10,12,12,12,12,21,14,23,47,62,95,125,130,111,98,58,45,34,26,14,22,8
13,8,9,7,7,12,11,10,12,14,32,83,121,154,175,146,132,104,60,28,13,8,3,3
7,4,5,8,5,5,10,21,54,63,72,116,142,199,215,218,168,94,62,31,13,12,10,8
11,7,10,11,30,27,92,109,118,123,134,179,268,307,252,236,201,137,57,23,18,15,13,7
14,24,36,51,73,67,94,116,142,160,201,285,392,417,348,286,215,142,100,53,25,11,7,5
14,34,46,90,89,79,120,133,142,165,207,267,389,488,383,277,201,130,75,38,22,15,10,8
11,14,66,70,84,94,107,115,120,129,149,182,220,257,233,195,152,119,95,32,7,0,0,1
16,33,65,61,51,47,69,76,103,103,110,118,126,125,128,125,111,83,40,9,3,0,0,0
22,50,66,63,103,52,55,26,52,96,100,100,102,102,101,101,95,34,13,13,6,9,4,5
12,35,61,108,101,81,65,61,100,101,75,72,63,82,84,48,37,28,11,6,11,0,0,6
10,11,60,66,73,87,97,63,70,66,60,42,25,70,34,41,27,12,13,12,0,0,4,0
11,19,31,52,62,63,86,73,68,62,59,50,50,52,44,32,13,6,13,11,4,0,3,0
8,11,14,25,39,56,65,54,50,47,50,43,29,48,35,13,13,5,11,7,7,0,4,6
6,3,9,12,12,32,57,71,64,49,44,34,36,41,29,26,16,13,14,13,14,8,6,12
6,6,13,19,25,14,55,79,92,92,64,50,12,41,13,14,14,8,12,11,6,1,0,0
0,2,4,13,11,14,37,77,70,69,63,39,13,24,9,10,10,2,6,4,4,6,0,3
6,6,5,6,9,11,33,52,98,69,33,12,14,22,13,0,8,8,10,10,5,0,3,0
10,11,8,13,6,13,45,66,132,51,23,23,25,16,14,7,0,6,6,3,0,0,2,0
0,11,10,8,13,26,50,81,64,35,16,11,20,13,10,5,7,5,7,0,0,0,0,0
1,9,10,13,13,14,51,53,28,25,14,13,14,14,11,1,0,4,5,1,0,0,0,0
5,9,6,13,12,12,16,40,14,14,22,17,28,14,6,2,9,2,0,1,0,0,0,0
4,12,12,7,6,7,12,17,13,12,16,31,34,22,13,7,9,0,0,0,0,0,0,0
9,10,12,10,3,9,16,14,17,13,14,50,44,24,23,8,10,7,0,0,0,0,0,0
5,11,4,8,7,10,12,17,2,12,24,50,53,50,44,29,21,10,3,6,4,0,0,0
7,6,8,0,10,13,6,12,11,22,38,58,56,55,57,52,26,15,11,11,1,0,7,3
0,7,12,5,0,1,8,1,9,27,46,65,60,66,69,51,11,9,10,11,10,6,5,4
4,7,1,8,1,3,11,4,8,29,35,14,13,14,14,13,12,8,4,9,10,5,0,2

0,7,0,0,0,3,0,0,12,11,7,51,61,17,12,10,1,0,0,0,0,2,1,1
0,0,0,6,3,0,0,8,16,55,51,60,135,76,50,14,3,0,0,0,0,0,0,8
0,8,4,3,11,11,14,15,25,58,103,80,73,61,51,33,10,4,4,0,0,0,0,6
0,10,7,12,20,49,33,50,14,47,54,64,71,70,43,14,7,1,0,3,0,4,1,4
0,7,17,50,49,34,19,25,41,53,53,79,73,63,53,22,13,6,11,0,0,0,0,0
7,8,13,33,55,66,87,93,92,119,110,100,86,87,65,60,51,39,28,13,11,11,3,5
6,5,14,30,55,70,101,93,139,173,217,319,265,201,120,95,67,52,50,12,11,12,4,4
4,0,0,2,0,12,54,75,113,133,176,229,298,350,234,138,97,55,8,13,9,8,3,4
2,8,10,0,0,1,10,62,71,87,120,168,198,227,196,138,81,57,16,12,9,0,2,3
7,5,6,4,0,0,12,6,55,63,97,172,228,200,164,131,101,68,51,9,6,8,5,6
0,2,0,4,0,0,10,14,58,57,82,131,179,200,190,156,129,80,54,28,14,10,5,1
0,0,0,0,3,8,5,20,62,55,94,114,157,211,226,198,139,78,58,35,12,7,3,0
2,0,1,0,5,6,8,13,56,14,107,128,157,192,227,206,137,95,71,60,14,13,9,9
0,0,0,0,9,6,20,43,45,17,105,116,148,191,223,186,131,102,69,54,14,0,0,2
8,0,0,0,5,6,30,21,12,10,101,112,135,155,144,138,120,68,54,33,14,0,0,4
7,4,11,1,9,18,6,14,12,7,83,105,109,115,111,121,112,58,64,7,8,9,0,4
1,7,8,9,10,6,12,13,7,10,57,89,94,113,94,88,106,80,55,12,12,7,9,8
2,1,10,12,12,12,12,21,14,23,47,62,95,125,130,111,98,58,45,34,26,14,22,8
13,8,9,7,7,12,11,10,12,14,30,83,121,154,175,146,132,104,59,28,13,8,3,3
7,4,5,7,5,5,10,21,54,63,72,116,142,198,215,219,168,95,62,31,13,12,10,8
11,6,10,11,30,27,93,109,118,123,134,180,270,306,251,236,201,137,58,23,18,15,13,7
14,24,36,51,73,67,94,116,142,160,201,286,391,416,348,286,216,142,100,53,25,11,6,5
14,34,46,89,89,79,119,132,142,164,208,267,389,489,384,277,201,131,76,38,22,14,10,8
11,14,65,70,85,94,107,115,120,129,149,182,220,258,233,194,152,119,96,35,7,0,0,1
16,33,65,61,51,47,69,76,103,103,110,118,126,125,128,125,112,83,43,9,3,0,0,0
22,50,65,63,103,51,55,26,52,98,100,100,102,102,101,101,93,33,13,14,6,9,4,5
12,35,61,108,101,80,65,61,100,100,75,72,63,82,86,48,39,28,11,6,11,0,0,6
10,11,59,66,73,87,96,62,69,66,60,40,26,70,35,40,27,12,13,12,0,0,3,0
10,19,32,52,62,63,86,74,68,63,58,50,50,52,44,32,13,6,13,12,4,0,3,0
8,11,14,24,39,56,65,54,50,47,50,43,30,48,35,13,13,5,11,7,7,0,4,6
6,3,9,12,12,30,57,71,64,49,45,34,36,41,29,26,16,13,14,13,14,8,6,12
6,6,13,19,25,14,55,79,91,92,63,50,12,41,13,14,14,8,12,11,6,1,0,0
0,2,4,13,11,14,37,77,69,69,63,39,13,24,9,10,10,2,6,4,4,6,0,3
6,6,5,6,9,11,33,52,98,69,32,12,14,22,13,0,7,8,10,10,5,0,3,0
10,11,8,13,6,12,44,65,131,51,23,22,23,15,14,6,0,6,6,4,0,0,1,0
0,11,10,7,13,25,50,81,64,35,18,11,20,13,10,5,7,5,7,0,0,0,0,0
1,9,10,13,13,14,51,53,27,25,15,13,14,15,10,1,0,4,5,1,0,0,0,0
5,9,6,13,12,11,15,39,14,14,22,17,28,14,6,2,9,2,0,1,0,0,0,0
4,12,12,7,6,7,12,17,13,12,16,31,34,22,13,7,9,0,0,0,0,0,0,0
9,10,11,10,3,9,16,14,18,13,14,50,44,23,23,8,10,7,0,0,0,0,0,0
5,11,4,8,7,10,12,17,2,13,26,50,53,50,45,30,21,10,4,6,4,0,0,0
7,6,8,0,10,13,6,13,11,22,40,58,56,55,57,52,26,15,11,11,1,0,7,3
0,7,12,5,1,1,8,1,9,27,45,66,60,66,70,51,12,9,10,11,10,6,5,4
5,7,1,8,1,3,11,4,8,29,35,15,14,14,14,13,12,8,4,9,10,5,0,2

0,7,0,0,0,3,0,0,12,11,7,51,61,18,12,10,1,0,0,0,0,2,1,1
0,0,0,6,3,0,0,8,17,55,51,60,135,76,50,14,3,0,0,0,0,0,0,8
0,8,5,4,11,11,14,16,26,58,103,81,74,61,52,33,10,5,4,0,0,1,0,7
0,10,7,12,21,50,33,50,14,50,54,63,71,71,43,14,7,1,0,3,0,4,1,4
0,7,17,50,49,35,20,26,41,53,53,80,73,63,53,24,13,6,10,0,0,0,0,0
7,8,13,33,55,67,86,94,92,119,111,100,86,87,66,60,51,39,28,13,11,11,3,5
6,5,14,30,54,70,101,93,140,174,218,322,266,202,120,94,67,52,50,12,11,12,4,4
4,0,0,2,0,12,54,75,113,133,177,230,300,351,233,138,97,56,8,13,9,8,3,4
2,8,10,0,0,1,10,62,72,88,120,168,197,227,196,138,82,57,15,12,9,0,2,3
7,5,6,4,0,0,12,5,55,63,98,172,227,199,163,131,101,68,51,9,6,8,5,6
0,2,0,4,0,0,10,14,58,58,82,131,178,197,187,155,129,80,54,28,14,10,6,1
0,0,0,0,3,8,5,20,63,55,95,114,155,208,222,196,139,78,58,35,12,7,3,0
2,0,1,0,4,6,8,13,57,14,107,128,157,190,224,204,137,96,72,60,14,13,10,9
0,0,0,0,9,5,17,42,46,19,105,116,149,190,222,185,131,102,69,54,14,0,0,2
8,0,0,0,4,6,30,20,12,11,101,113,137,156,145,139,120,68,54,34,14,0,0,3
7,4,11,1,9,17,6,14,12,8,84,105,110,116,112,121,112,58,65,8,8,8,0,4
1,7,7,9,10,6,12,14,7,11,57,90,94,114,94,88,106,81,56,12,12,7,9,8
2,1,10,12,12,12,11,21,14,23,48,62,95,126,130,111,98,58,45,34,26,14,22,8
13,8,9,7,7,12,11,10,12,14,32,84,121,154,175,146,132,105,60,28,13,8,3,3
7,4,5,7,5,5,10,21,56,63,73,116,141,198,215,218,168,95,62,31,13,12,10,8
11,6,10,11,30,27,93,109,118,124,134,179,269,306,252,236,201,137,58,23,18,15,14,7
14,24,36,52,73,67,94,116,143,161,201,286,391,417,349,286,216,142,100,54,26,10,7,5
14,34,46,90,88,79,119,132,142,165,208,267,390,490,384,277,201,131,76,38,22,15,10,8
11,14,65,69,85,94,107,115,120,129,149,182,220,258,233,194,152,119,96,33,7,0,0,1
16,33,65,61,51,47,68,76,103,103,110,118,126,125,128,125,112,83,40,9,3,0,0,0
22,50,66,62,103,50,56,26,52,98,100,100,102,102,101,101,95,33,13,14,6,9,3,5
12,35,61,108,101,80,65,61,100,101,75,71,63,82,84,48,39,28,11,6,11,0,0,6
10,11,59,66,72,86,95,62,69,67,60,39,26,70,35,40,26,12,13,12,0,0,3,0
10,19,32,52,62,63,87,73,68,63,59,50,50,52,44,32,13,6,13,12,4,0,3,0
8,11,14,24,38,56,65,54,50,47,50,43,29,48,36,13,13,5,11,7,7,0,4,6
6,3,9,12,12,30,57,71,64,49,45,34,36,42,29,26,16,13,15,13,14,8,6,12
6,6,13,19,25,14,55,78,91,91,63,50,12,43,13,14,14,8,12,11,6,1,0,0
0,2,4,13,11,14,37,76,69,69,63,40,13,24,9,11,10,2,6,4,4,6,0,3
6,6,5,6,9,11,33,52,97,69,33,12,14,23,13,0,7,8,9,10,5,0,3,0
10,11,8,13,6,12,45,65,131,51,23,22,23,15,14,6,0,6,6,4,0,0,2,0
0,11,10,7,13,26,50,81,64,36,18,11,21,13,10,5,7,5,7,0,0,0,0,0
1,9,10,13,13,14,51,53,27,25,15,13,14,14,10,1,0,4,5,1,0,0,0,0
5,9,6,13,12,11,16,40,14,14,22,18,29,14,6,2,9,2,0,1,0,0,0,0
4,12,12,7,6,7,12,16,13,12,16,31,35,22,14,7,9,1,0,0,0,0,0,0
9,10,11,10,2,9,16,14,18,13,14,50,44,24,23,8,10,7,0,0,0,0,0,0
5,11,4,8,7,10,12,17,2,12,26,50,53,50,46,30,21,10,4,6,4,0,0,0
7,6,8,0,10,13,6,13,11,22,42,58,57,55,58,52,28,15,11,11,1,0,7,3
0,7,12,5,1,1,8,1,9,27,46,66,60,67,70,51,12,9,10,11,10,6,5,4
5,7,1,8,1,3,11,4,9,29,35,16,14,14,14,13,12,8,4,9,10,5,0,2

0,7,0,0,0,3,0,0,12,11,7,52,62,18,12,10,1,0,0,0,0,2,1,1
0,0,0,6,3,0,0,8,16,56,52,60,135,76,50,14,2,0,0,0,0,0,0,8
0,8,5,4,11,11,15,16,27,59,103,80,74,62,51,34,9,5,4,0,0,1,0,7
0,10,7,12,22,50,33,50,14,50,54,63,71,71,44,14,7,1,0,3,0,4,1,4
0,7,18,50,49,35,20,25,42,54,53,80,73,63,53,24,13,6,11,0,0,0,0,0
7,8,13,33,55,67,86,94,92,120,112,101,86,87,66,60,51,39,28,13,11,11,3,5
6,5,14,30,55,70,101,93,140,174,219,323,267,202,120,94,67,52,50,12,11,12,4,4
4,0,0,2,0,12,54,75,113,133,177,230,300,351,234,138,97,56,8,13,9,8,3,4
2,8,10,0,0,1,10,62,72,88,120,168,197,227,195,138,81,57,16,12,9,0,2,3
7,4,6,4,0,0,12,5,55,63,98,172,227,198,162,130,101,68,51,9,6,8,5,6
0,2,0,4,0,0,10,14,58,58,82,131,177,197,186,154,129,80,54,28,15,10,5,1
0,0,0,0,3,7,5,19,63,55,95,114,155,207,221,195,139,78,58,35,12,7,3,0
2,0,1,0,4,6,8,13,57,14,106,128,156,190,223,203,137,96,72,61,14,13,9,8
0,0,0,0,9,5,17,40,50,19,105,116,148,190,221,185,131,102,69,54,14,0,0,1
8,0,0,0,4,6,29,19,12,11,101,113,136,156,145,138,120,68,54,34,14,0,0,3
7,4,11,1,9,16,6,14,12,8,83,105,109,116,111,121,111,58,65,8,8,8,0,4
1,7,7,9,10,6,12,14,7,11,57,89,94,114,94,88,106,81,56,12,12,7,9,8
2,1,10,12,12,12,11,21,14,23,48,62,95,126,130,111,98,58,45,34,26,14,22,8
13,8,9,7,7,12,11,10,12,14,33,84,121,154,175,146,132,105,60,29,13,8,3,3
7,4,5,7,5,5,10,22,56,64,73,116,141,198,215,218,169,95,62,31,13,12,10,8
11,6,10,11,30,28,93,109,118,124,134,180,270,307,252,236,202,137,58,23,19,15,14,7
14,24,36,51,73,67,94,116,143,161,202,286,392,417,349,286,216,142,100,54,25,10,7,5
14,34,46,89,88,79,119,132,142,165,208,267,390,490,385,277,202,131,76,38,22,15,10,8
11,14,65,69,86,94,107,115,120,129,149,182,220,259,233,194,152,119,96,32,7,0,0,1
16,33,65,61,51,48,69,76,103,103,110,118,126,125,128,125,112,83,41,9,3,0,0,0
22,50,67,63,103,51,55,27,52,98,100,100,102,102,101,101,93,34,13,13,6,9,4,5
12,35,61,108,101,80,63,61,100,101,75,72,63,82,84,48,39,29,11,6,11,0,0,6
10,11,59,65,72,86,95,62,69,66,60,41,25,70,34,40,27,12,13,12,1,0,4,0
10,19,31,52,61,63,85,74,68,63,59,50,50,52,43,33,13,6,13,11,4,0,4,0
8,11,14,23,39,56,64,54,49,48,50,42,30,48,35,13,13,5,11,7,7,0,4,6
6,3,9,12,12,28,56,71,64,49,44,34,36,42,29,26,16,13,15,13,14,8,6,12
6,6,13,19,25,14,55,78,91,91,63,50,12,44,13,14,14,8,12,11,6,1,0,0
0,2,4,13,11,14,36,76,69,69,63,38,13,25,9,11,10,2,6,4,4,6,0,3
6,6,5,6,9,11,33,52,97,69,33,12,14,23,13,0,7,8,10,10,5,0,3,0
10,11,8,13,6,12,45,65,131,51,23,21,22,15,14,6,0,6,6,4,0,0,2,0
0,11,10,7,13,24,50,80,64,35,16,11,21,13,10,5,8,5,7,0,0,0,0,0
1,9,10,13,13,14,51,53,28,25,15,13,14,14,10,1,0,4,5,1,0,0,0,0
5,9,6,13,12,11,15,39,14,14,22,19,29,14,7,2,9,2,0,1,0,0,0,0
4,12,12,7,6,7,12,16,13,12,16,31,35,22,14,7,9,1,0,0,0,0,0,0
9,10,11,10,3,9,15,14,18,13,14,50,45,24,23,8,10,7,0,0,0,0,0,0
5,11,4,8,7,10,12,17,2,13,26,50,53,51,46,30,22,10,4,6,4,0,0,0
7,6,8,0,10,13,6,13,11,23,40,58,56,55,58,52,28,16,11,11,1,0,7,3
0,7,12,5,1,1,8,1,9,27,45,66,60,67,70,51,12,10,10,11,10,6,5,4
4,7,1,8,1,3,11,4,9,30,36,17,14,14,14,13,12,8,4,9,10,5,0,2

0,7,0,0,0,3,0,0,12,12,7,51,62,19,12,10,1,0,0,0,0,2,1,1
0,0,0,6,3,0,0,8,16,56,52,60,135,76,50,14,1,0,0,0,0,0,0,8
0,8,5,4,11,11,16,16,27,59,103,80,74,62,51,34,9,5,4,0,0,1,0,7
0,10,7,12,23,50,34,50,14,50,55,63,70,72,44,14,7,1,0,3,0,4,1,4
0,7,19,50,49,35,21,26,41,54,53,80,73,63,53,24,13,6,10,0,0,0,0,0
7,8,13,34,55,67,87,94,92,119,111,100,86,87,66,60,51,39,28,13,11,11,3,5
6,5,14,31,55,70,101,93,140,174,219,323,266,201,120,94,67,52,50,12,11,12,4,4
4,0,0,2,0,12,54,76,113,133,177,231,300,350,233,137,97,56,8,13,9,8,3,4
2,8,10,0,0,1,11,63,72,89,121,168,197,227,195,137,82,57,17,12,10,0,2,3
7,4,5,4,0,0,12,5,56,63,98,172,227,199,163,130,102,68,51,9,6,8,5,6
0,2,0,4,0,0,10,14,58,58,82,131,178,197,188,155,129,80,54,29,15,10,5,1
0,0,0,0,3,8,5,19,63,55,95,114,155,208,223,197,139,79,58,35,12,7,3,0
2,0,1,0,4,6,8,13,57,14,107,128,156,191,225,205,138,96,72,61,14,13,9,8
0,0,0,0,9,5,16,42,48,16,105,116,148,190,222,186,131,102,69,54,14,0,0,2
8,0,0,0,4,5,29,19,12,10,100,112,135,155,144,138,120,68,54,34,14,0,0,3
7,4,11,0,9,16,6,14,12,7,83,105,108,115,111,120,111,58,65,8,8,8,0,4
1,7,7,9,10,5,12,13,7,10,57,89,93,113,94,87,106,80,56,12,12,7,9,8
2,1,10,12,12,12,11,21,14,23,47,62,95,125,130,111,98,58,45,34,26,14,22,8
13,8,9,7,7,12,11,10,12,14,32,84,121,154,175,147,132,104,59,31,13,8,3,3
7,4,5,7,5,6,10,22,56,64,73,116,142,199,216,219,169,95,63,31,13,12,10,8
11,6,10,11,31,28,93,109,118,124,134,180,272,307,253,237,202,137,58,23,18,16,14,7
14,24,36,52,73,67,94,116,143,160,202,287,393,417,349,287,216,143,100,53,26,10,7,5
14,34,47,90,88,79,119,132,142,165,208,267,391,491,385,278,202,131,76,38,22,15,10,8
11,14,66,70,86,95,107,115,120,129,149,182,221,259,233,194,152,119,96,32,7,0,0,1
16,33,65,61,51,47,68,76,103,103,110,118,126,125,128,125,111,83,40,9,3,0,0,0
22,50,67,63,103,50,56,26,52,98,100,100,102,102,101,101,96,36,14,14,6,9,4,5
11,35,61,108,101,80,63,61,100,101,75,72,63,82,84,48,39,27,11,6,11,0,0,6
10,11,59,65,72,87,95,62,69,67,60,40,26,70,35,41,27,12,13,12,1,0,4,0
10,19,32,52,61,63,85,73,67,63,59,50,50,52,44,32,13,6,13,11,4,0,4,0
8,11,14,23,39,56,64,54,50,48,50,43,30,48,36,13,13,5,11,7,7,0,4,6
6,3,9,12,12,28,56,71,64,49,45,34,36,42,29,26,16,13,15,13,14,8,6,12
6,6,13,19,25,14,54,78,90,91,64,50,12,45,13,16,14,8,12,11,6,1,0,0
0,2,4,13,11,14,36,76,69,68,63,39,13,24,9,11,10,2,6,4,4,6,0,3
6,6,4,6,9,11,33,52,97,68,33,12,14,22,13,0,8,8,10,10,5,0,3,0
10,11,8,13,6,12,45,65,130,51,23,21,23,16,14,7,0,6,6,4,0,0,1,0
0,11,10,7,13,25,50,80,63,35,17,11,22,13,10,5,8,6,7,0,0,0,0,0
1,9,10,13,13,14,51,53,27,25,15,13,14,15,10,1,0,4,5,1,0,0,0,0
5,9,6,13,12,11,14,38,14,14,21,19,30,14,7,2,9,2,0,1,0,0,0,0
4,12,12,7,6,7,12,17,13,12,17,31,36,22,14,7,9,1,0,0,0,0,0,0
9,10,11,10,2,9,15,14,18,13,14,50,45,24,24,8,10,7,0,0,0,0,0,0
5,11,4,8,7,10,12,17,2,13,26,50,53,51,45,30,22,10,4,6,4,0,0,0
7,6,8,0,10,13,6,13,11,24,43,58,57,55,58,52,28,15,11,11,1,0,7,3
0,7,12,5,0,1,8,1,9,27,46,66,60,67,71,51,12,10,10,11,10,6,5,4
4,7,1,8,1,3,11,4,9,29,36,17,14,14,14,13,12,8,4,9,10,5,0,2

0,7,0,0,0,3,0,0,12,11,7,52,62,20,12,10,1,0,0,0,0,2,1,1
0,0,0,6,3,1,0,8,16,56,52,60,136,76,50,15,0,0,0,0,0,0,0,8
0,8,5,4,11,11,16,17,28,59,103,81,73,61,52,36,9,5,4,0,0,1,0,7
0,10,7,12,24,50,34,50,14,50,54,63,71,72,45,14,7,1,0,3,0,4,1,4
0,7,19,50,49,35,20,25,41,53,53,80,73,63,53,24,13,6,10,0,0,0,0,0
7,8,13,34,55,67,87,94,92,119,111,100,86,87,66,60,51,39,28,13,11,11,3,5
6,5,14,30,55,70,101,93,140,174,218,323,266,202,120,95,67,52,50,12,11,12,4,4
4,0,0,2,0,12,54,76,113,133,177,230,300,351,234,138,98,56,8,13,9,8,3,4
2,8,10,0,0,1,11,63,72,88,121,168,197,227,196,138,81,57,18,12,10,0,2,3
7,4,5,4,0,0,12,5,55,63,98,172,227,200,162,130,101,68,51,9,6,8,5,6
0,2,0,3,0,0,9,14,58,58,82,130,178,198,188,155,129,80,54,28,14,10,5,1
0,0,0,0,3,8,5,19,63,56,94,114,155,208,224,197,139,78,58,35,12,7,3,0
2,0,0,0,4,5,8,13,57,14,106,128,156,191,225,206,138,96,72,61,14,13,9,8
0,0,0,0,9,5,16,42,46,16,105,116,148,190,222,186,131,102,70,54,14,0,0,2
8,0,0,0,4,5,28,19,12,10,100,112,135,154,144,138,120,68,54,35,14,0,0,3
7,4,11,0,9,16,6,14,12,7,83,105,108,114,111,120,112,58,65,8,9,8,0,4
1,7,7,9,10,5,12,13,7,10,57,89,93,113,94,87,106,80,56,12,12,7,9,8
2,1,9,12,12,11,11,21,14,22,47,62,95,125,130,111,98,58,45,34,26,14,22,8
13,8,9,7,7,12,11,10,12,14,33,84,121,154,175,146,132,105,60,29,13,8,3,3
7,4,5,7,5,6,10,22,56,64,72,116,142,199,216,219,169,95,63,31,13,12,10,8
11,6,10,11,31,28,93,109,118,123,134,181,273,307,252,237,202,137,58,23,18,15,14,7
14,24,36,52,73,67,94,116,142,160,201,287,393,417,350,287,217,143,100,53,25,11,6,5
14,35,47,90,88,78,119,132,142,165,208,267,391,492,386,278,202,131,76,38,22,15,10,8
11,14,66,70,86,94,107,115,120,129,149,183,221,260,234,195,152,119,96,33,7,0,0,1
16,33,65,61,51,48,68,76,103,103,110,118,126,125,128,125,111,83,40,9,3,0,0,0
21,50,67,62,103,51,56,27,52,98,100,100,102,102,101,101,96,34,14,13,6,9,4,5
11,34,61,108,101,79,63,60,100,101,74,72,62,82,84,48,39,27,11,6,11,0,0,6
10,11,59,65,72,86,95,62,69,67,60,41,27,70,36,41,29,12,14,12,1,0,4,0
10,19,31,51,61,63,85,73,67,63,59,50,50,52,44,32,13,6,13,12,4,0,4,0
8,11,14,23,38,56,64,54,50,48,50,43,30,48,36,13,13,5,11,7,7,0,4,6
6,3,9,12,12,27,56,71,63,49,45,34,36,42,29,26,16,13,15,13,14,8,6,12
6,6,13,19,25,14,54,78,90,91,63,50,12,44,13,16,14,8,12,11,6,1,0,0
0,2,4,12,11,14,36,75,69,68,63,39,13,24,9,11,10,2,6,4,4,6,0,3
6,6,4,6,9,11,33,52,97,68,33,12,14,22,13,0,8,8,10,10,5,0,3,0
10,11,8,13,6,12,45,65,130,51,23,22,24,15,14,7,0,6,6,4,0,0,2,0
0,11,10,7,13,24,50,80,64,34,18,11,21,13,10,5,8,6,7,0,0,0,0,0
1,9,10,13,13,14,51,53,28,25,14,13,14,16,10,1,0,4,5,1,0,0,0,0
5,9,6,13,12,11,15,38,14,14,22,19,30,14,7,2,9,2,0,1,0,0,0,0
4,12,12,7,6,6,12,15,13,12,17,32,35,22,14,7,9,1,0,0,0,0,0,0
9,10,11,10,2,8,15,14,19,13,14,51,45,24,24,9,10,8,0,0,0,0,0,0
5,11,4,8,7,10,12,17,2,12,29,51,53,51,46,30,22,10,4,6,4,0,0,0
7,6,9,0,10,13,6,13,11,24,43,59,57,55,58,52,29,15,11,11,1,0,7,3
0,7,12,5,1,1,8,1,9,27,46,66,60,67,71,51,12,10,10,11,10,6,5,4
4,7,1,8,1,3,11,4,9,30,36,17,14,14,14,13,12,8,4,9,10,5,0,2

0,7,0,0,0,3,0,0,12,12,7,51,62,20,12,10,1,0,0,0,0,2,1,1
0,0,0,6,3,1,0,8,16,56,52,60,135,76,50,14,0,0,0,0,0,0,0,8
0,8,5,4,11,11,17,17,28,59,103,81,74,62,51,33,8,5,4,0,0,1,0,7
0,10,7,12,23,50,34,50,14,50,54,64,70,72,44,15,7,1,0,3,0,4,1,4
0,7,19,50,50,35,21,25,43,54,53,80,73,63,53,27,13,6,11,0,0,0,0,0
7,8,13,34,55,66,86,94,92,119,111,100,86,87,66,60,51,39,29,13,11,11,3,5
6,5,14,30,55,70,101,93,140,174,218,321,266,202,121,95,67,52,50,12,11,12,4,4
4,0,0,2,0,12,54,76,113,133,177,230,301,352,235,138,98,56,8,13,9,8,3,4
2,8,10,0,0,1,11,63,72,89,121,168,197,228,196,138,82,57,20,12,10,0,2,3
7,4,5,4,0,0,12,5,56,63,98,172,227,200,163,131,102,68,51,9,6,8,5,6
0,2,0,4,0,0,9,14,58,58,82,130,177,198,189,156,129,81,54,29,15,10,5,1
0,0,0,0,3,7,5,20,63,55,94,113,155,208,224,198,140,79,58,36,12,7,3,0
2,0,0,0,4,5,8,13,57,14,106,127,155,190,225,206,138,96,72,61,14,13,10,9
0,0,0,0,9,5,15,42,46,14,105,116,147,189,222,186,131,102,70,54,14,0,0,1
8,0,0,0,4,5,28,19,12,9,100,112,134,153,143,138,120,68,54,34,14,0,0,3
7,4,10,0,9,16,5,14,12,7,82,104,108,114,110,120,111,58,65,7,9,8,0,4
1,7,7,8,10,5,12,13,7,10,57,88,93,112,93,87,106,80,56,12,12,7,9,8
2,1,9,12,12,12,11,21,14,22,47,62,95,125,130,111,98,58,45,34,26,15,22,8
13,8,9,7,7,12,11,10,12,14,32,83,121,154,175,146,132,104,59,28,13,8,3,3
7,4,5,7,5,6,10,22,56,65,73,116,142,199,216,219,169,95,63,31,13,12,10,8
11,6,10,11,30,28,92,109,118,123,134,181,273,308,253,237,202,137,58,23,18,16,14,7
14,24,36,52,73,67,94,116,142,160,201,288,393,417,350,287,217,143,100,53,25,11,7,5
14,35,47,90,88,78,119,132,142,165,208,268,392,492,387,279,202,131,76,38,22,15,10,8
11,14,67,70,86,94,107,115,119,129,149,182,221,260,234,195,152,119,97,32,7,0,0,1
16,34,65,61,51,47,67,77,103,103,110,118,126,125,128,125,112,83,40,9,3,0,0,0
22,50,66,63,103,51,54,26,55,97,100,100,102,102,101,101,96,33,14,14,6,9,4,5
11,35,61,108,101,80,65,61,100,101,75,72,63,82,86,50,39,29,11,6,11,0,0,6
10,11,58,65,72,85,95,61,69,66,60,41,27,70,35,42,27,12,13,12,1,0,4,0
10,19,31,51,61,63,85,73,67,63,59,50,50,52,44,34,13,6,13,12,4,0,4,0
8,11,14,23,38,56,64,54,50,48,50,43,30,49,35,13,13,5,11,7,7,0,4,6
6,3,9,12,12,27,56,70,63,49,45,34,36,42,29,26,16,13,15,13,14,8,6,12
6,6,13,18,25,14,54,77,90,91,63,50,12,43,13,15,14,8,12,11,6,1,0,0
0,2,4,13,11,14,36,75,68,68,63,40,13,26,9,11,10,2,6,4,4,6,0,3
6,6,4,6,8,11,32,51,97,68,32,12,14,23,13,0,8,8,10,10,5,0,3,0
10,11,8,13,6,12,44,65,130,51,23,21,24,16,14,7,0,6,6,4,0,0,2,0
0,11,10,7,13,24,50,80,63,35,17,11,21,13,10,5,8,6,7,0,0,0,0,0
1,9,10,13,13,14,51,53,27,25,15,13,14,17,11,1,0,5,5,2,0,0,0,0
5,9,6,13,11,11,14,37,14,14,21,18,30,14,7,3,9,2,0,1,0,0,0,0
4,12,12,7,6,6,12,15,13,12,16,32,35,22,14,7,9,1,0,0,0,0,0,0
9,10,11,10,2,8,15,14,17,13,14,50,45,24,23,9,10,7,0,0,0,0,0,0
5,11,4,8,7,10,12,17,2,13,27,50,53,51,46,30,23,10,4,6,4,0,0,0
7,6,8,0,10,13,6,13,11,24,42,58,56,55,58,52,29,15,11,11,1,0,7,3
0,7,12,5,0,1,8,1,9,27,46,66,60,67,71,51,12,10,10,11,10,6,5,4
4,7,1,8,1,3,11,4,9,29,36,18,14,14,14,13,12,8,4,9,10,5,0,2

0,7,0,0,0,3,0,0,12,12,8,52,62,20,12,10,1,0,0,0,0,2,1,1
0,0,0,6,3,0,0,8,18,57,52,60,136,77,50,14,0,0,0,0,0,0,0,8
0,8,6,4,11,11,18,17,31,59,104,81,74,62,52,37,8,5,4,0,0,1,0,7
0,10,7,12,26,50,34,50,14,51,54,64,70,72,45,14,7,1,0,3,0,4,1,4
0,7,19,50,50,35,21,25,41,54,53,80,73,63,53,25,13,6,10,0,0,0,0,0
7,8,13,34,55,66,86,94,92,119,111,100,86,87,66,60,51,39,28,13,11,11,3,5
6,5,14,31,55,70,101,93,140,174,217,319,264,201,120,95,67,52,50,12,11,12,4,4
4,0,0,2,0,12,55,76,113,133,176,229,299,350,233,138,98,56,8,13,9,8,3,4
2,8,10,0,0,1,11,63,72,89,121,167,197,227,195,138,82,57,19,12,10,0,2,3
7,4,5,4,0,0,12,5,56,63,98,172,227,199,163,130,101,68,51,9,6,8,5,6
0,2,0,3,0,0,9,14,58,58,82,131,178,198,189,156,129,81,54,29,15,10,5,1
0,0,0,0,3,7,4,19,63,56,94,114,155,209,224,198,140,78,58,35,12,7,3,0
2,0,0,0,4,5,8,13,57,14,107,128,156,191,226,206,138,97,72,61,14,13,9,9
0,0,0,0,9,5,15,40,46,14,105,116,148,190,223,186,131,102,70,54,15,0,0,2
9,0,0,0,4,5,28,18,11,9,100,112,134,153,144,138,120,68,54,35,14,0,0,3
7,4,10,0,9,16,5,14,11,7,82,104,108,114,110,120,111,58,65,8,8,8,0,4
1,7,7,8,10,5,12,13,7,10,57,89,93,112,94,87,106,80,56,12,12,7,9,8
2,1,9,12,12,11,11,21,14,22,47,62,94,125,129,111,98,58,45,34,26,14,22,8
13,8,9,7,7,12,11,10,12,14,33,83,121,154,175,146,132,105,60,28,13,8,3,3
7,4,5,7,5,6,10,22,57,64,73,116,142,199,216,219,169,95,62,31,13,12,10,8
11,6,10,11,31,28,92,109,118,123,134,181,273,307,253,237,202,137,58,24,19,16,14,7
14,24,36,52,73,67,94,116,142,160,201,287,393,418,350,288,217,143,100,53,26,10,7,5
14,35,47,90,88,78,119,132,142,165,208,268,392,493,387,279,202,131,76,38,22,15,10,8
11,14,66,70,85,95,107,115,120,129,149,183,222,261,234,195,153,119,96,32,7,0,0,1
16,34,66,61,51,48,68,76,103,103,110,118,126,125,128,125,112,84,40,9,3,0,0,0
22,50,66,63,103,51,54,26,53,97,100,100,102,102,101,101,95,33,14,14,6,9,4,5
11,35,61,108,101,81,65,60,100,101,74,72,63,82,84,50,37,28,11,6,11,0,0,6
10,11,58,65,72,85,95,62,69,67,60,40,27,71,36,41,27,12,13,12,1,0,4,0
10,19,32,51,61,63,85,72,68,63,59,51,50,52,44,33,13,6,14,12,4,0,4,0
8,11,14,23,38,56,64,54,50,48,50,42,30,49,36,13,13,5,11,7,7,0,4,6
6,3,9,12,12,27,56,70,63,50,44,34,36,42,29,26,16,13,15,13,14,8,6,12
6,6,13,18,25,14,54,78,90,90,64,50,13,43,13,15,14,8,12,11,6,1,0,0
0,2,4,12,11,14,37,75,68,69,63,39,13,26,9,11,10,2,6,4,4,6,0,3
6,6,4,6,8,11,32,51,97,68,32,12,14,24,13,0,8,8,10,10,5,0,3,0
10,11,8,13,6,12,44,65,129,51,23,21,24,17,14,7,0,6,6,4,0,0,2,0
0,11,10,7,13,24,50,80,63,34,18,11,22,13,10,5,8,6,7,0,0,0,0,0
1,9,10,13,13,14,51,53,27,24,15,13,14,16,11,1,0,5,5,1,0,0,0,0
5,9,6,13,11,11,14,37,14,14,21,19,30,14,7,3,9,2,0,1,0,0,0,0
4,12,12,7,6,6,12,14,13,12,16,31,36,22,14,7,10,1,0,0,0,0,0,0
9,10,11,10,2,8,15,14,17,13,14,50,45,24,24,9,10,8,0,0,0,0,0,0
5,11,4,8,7,10,12,18,3,12,30,51,53,51,46,30,22,10,5,6,4,0,0,0
7,6,8,0,10,13,6,13,11,24,42,58,56,55,58,52,29,16,11,11,1,0,7,3
0,7,12,5,0,1,8,1,9,27,46,66,61,67,71,51,12,10,10,11,10,6,5,4
4,7,1,8,1,3,11,4,9,30,36,18,14,14,14,13,12,9,4,9,10,5,0,2

0,7,0,0,0,3,0,0,12,12,8,52,62,22,12,10,1,0,0,0,0,2,1,1
0,0,0,6,3,1,0,8,18,57,52,60,136,77,50,18,0,0,0,0,0,0,0,8
0,9,6,4,11,11,18,17,31,59,104,82,74,62,52,37,8,5,4,0,0,1,0,7
0,10,7,12,26,50,34,50,14,50,54,64,70,72,45,15,7,1,0,3,0,4,1,4
0,7,19,50,49,36,20,25,41,53,53,80,73,63,53,26,13,6,11,0,0,0,0,0
7,8,13,34,55,66,86,94,92,119,111,100,86,87,65,60,51,39,28,13,11,11,3,5
6,5,14,30,55,70,101,93,139,173,216,317,264,201,121,95,67,52,50,12,11,12,4,4
4,0,0,2,0,12,55,76,112,133,175,228,298,351,235,139,98,56,8,13,9,8,3,4
2,8,10,0,0,1,11,63,72,89,121,167,197,228,197,138,82,58,23,12,10,0,2,3
7,4,5,4,0,0,12,5,56,63,98,171,228,201,164,130,101,68,51,9,6,8,5,6
0,2,0,3,0,0,9,14,58,58,82,130,178,199,190,157,129,81,54,29,15,10,5,1
0,0,0,0,3,7,4,20,63,55,94,113,155,210,226,199,140,78,58,36,12,7,3,0
2,0,0,0,4,5,8,13,57,14,106,128,157,192,227,208,138,96,72,61,14,14,9,8
0,0,0,0,9,5,15,40,45,14,105,115,147,189,222,187,132,102,70,54,14,0,0,2
8,0,0,0,4,5,27,18,11,9,100,112,134,153,143,138,120,68,54,34,14,0,0,3
7,4,10,0,9,15,5,14,11,6,82,104,107,113,110,120,111,58,65,7,8,8,0,4
1,7,7,8,10,5,12,13,7,10,57,88,93,112,93,87,106,79,56,12,12,7,9,8
2,1,9,12,12,11,11,21,14,22,46,62,94,125,129,110,97,58,45,34,26,14,22,8
13,8,9,7,7,12,11,10,12,14,32,83,121,154,175,146,132,104,60,28,13,8,3,3
7,4,5,7,5,6,10,22,56,64,73,116,142,199,216,219,168,95,62,31,13,12,10,8
11,6,10,11,31,28,93,109,118,124,134,181,274,308,253,238,202,137,58,23,19,16,14,7
14,24,36,52,73,67,93,116,142,160,202,288,394,418,350,288,217,143,100,53,26,11,6,5
14,35,47,90,88,78,119,132,142,165,208,268,393,494,387,279,202,131,76,38,22,15,10,8
11,14,66,70,85,94,107,115,120,129,149,183,222,261,234,195,153,119,96,33,7,0,0,1
16,34,66,61,51,47,68,76,103,103,110,118,126,125,128,125,112,83,41,9,3,0,0,0
22,50,66,63,103,51,54,27,53,96,100,100,102,102,101,101,95,34,14,14,6,9,4,5
11,35,61,108,101,80,63,61,100,101,75,71,63,82,84,50,39,29,11,6,11,0,0,6
10,11,58,65,72,85,96,61,69,66,61,42,26,73,36,40,29,12,13,12,1,0,4,0
10,19,31,51,61,62,85,73,68,62,59,50,50,53,44,34,13,6,14,12,5,0,4,0
8,11,14,23,38,56,64,53,50,48,50,43,30,48,36,13,13,5,11,7,7,0,4,6
5,3,9,12,12,26,56,70,63,49,45,34,36,42,29,26,16,13,15,13,14,8,6,12
6,6,13,18,25,14,54,77,90,91,64,50,12,43,13,16,14,8,12,11,6,1,0,0
0,2,4,12,11,14,36,75,68,68,63,40,13,26,9,11,10,2,6,4,4,6,0,3
6,6,4,6,8,11,31,51,96,68,33,12,14,23,13,0,8,8,10,10,5,0,3,0
10,11,8,13,6,12,44,65,129,51,21,22,24,17,14,7,0,6,6,4,0,0,2,0
0,11,10,7,13,23,50,79,63,34,18,11,22,13,10,5,8,6,7,0,0,0,0,0
1,9,10,13,13,14,51,53,27,24,15,13,14,16,10,0,0,5,5,2,0,0,0,0
5,9,6,13,11,11,14,38,14,14,21,20,30,14,7,3,9,2,0,1,0,0,0,0
4,12,12,7,6,6,11,14,13,12,17,32,35,22,14,7,9,1,0,0,0,0,0,0
9,10,11,10,2,8,15,14,18,13,14,51,45,24,24,9,10,8,0,0,0,0,0,0
5,11,4,8,7,10,12,17,3,13,27,51,53,51,46,30,23,10,4,6,4,0,0,0
7,6,8,0,10,13,6,13,11,25,43,58,56,55,58,52,29,16,11,11,1,0,8,3
0,7,12,5,0,1,8,1,9,28,46,66,60,67,71,51,12,10,10,11,10,6,5,4
4,7,1,8,1,3,11,4,9,30,35,18,14,14,14,13,12,8,4,9,10,5,0,2

0,7,0,0,0,3,0,0,12,12,8,52,62,22,12,10,1,0,0,0,0,2,1,1
0,0,0,6,3,1,0,8,18,57,52,60,136,77,50,16,0,0,0,0,0,0,0,8
0,9,6,4,11,11,19,17,31,60,104,82,74,62,52,37,8,5,4,0,0,1,0,7
0,10,8,12,26,50,35,50,14,51,55,64,71,72,46,15,7,1,0,3,0,4,1,4
0,7,19,50,49,36,20,25,40,53,53,80,73,63,53,26,13,6,11,0,0,0,0,0
7,8,13,34,55,66,86,94,92,119,110,100,86,87,66,60,51,39,28,13,11,11,3,5
6,5,14,31,55,70,101,93,140,173,215,316,263,201,121,95,67,52,50,12,11,12,4,4
4,0,0,2,0,12,55,76,113,133,175,229,298,351,236,139,98,56,8,13,9,8,3,4
2,8,10,0,0,2,11,63,72,89,121,167,198,229,197,138,82,58,23,12,10,0,2,3
7,4,5,4,0,0,12,5,56,63,99,172,228,201,164,131,102,69,51,9,6,8,5,6
0,1,0,3,0,0,9,14,58,58,82,130,178,200,191,158,129,81,54,29,15,10,6,1
0,0,0,0,3,7,4,20,62,56,94,113,156,211,227,200,140,79,58,37,12,7,3,0
2,0,0,0,4,5,7,13,57,14,106,127,156,192,227,208,138,96,72,61,14,13,9,8
0,0,0,0,9,5,14,43,45,14,105,115,147,189,222,186,132,102,70,54,14,0,0,2
8,0,0,0,4,5,27,18,11,9,100,112,134,152,143,138,120,68,54,34,14,0,0,3
7,4,10,0,9,16,5,14,11,6,82,104,107,113,109,120,111,58,65,7,8,9,0,4
1,7,7,8,9,5,12,13,7,10,57,88,93,112,93,87,106,79,55,11,12,7,9,8
2,1,9,12,12,11,11,21,14,22,46,62,94,125,129,110,97,58,45,34,26,14,22,8
13,8,9,7,7,12,11,10,12,14,32,83,121,154,175,146,132,104,60,28,13,8,3,3
7,4,5,7,5,6,10,22,56,65,72,116,143,200,216,219,168,95,62,31,13,12,10,8
11,6,10,11,31,28,93,109,118,123,134,182,274,308,254,238,202,137,58,23,18,15,13,7
14,24,36,52,73,67,93,116,142,159,202,288,394,418,351,289,217,143,100,53,25,11,7,5
14,35,47,90,88,78,119,132,142,165,208,269,393,494,388,280,203,131,77,38,22,15,10,8
11,14,67,70,86,94,107,115,119,129,149,183,222,262,235,195,153,119,97,33,7,0,0,1
16,33,66,61,51,46,68,77,103,103,110,118,126,125,128,125,112,83,40,9,3,0,0,0
22,50,66,63,103,51,55,26,52,98,100,100,102,102,101,101,95,34,14,14,6,9,4,5
11,34,61,108,101,79,65,61,100,101,74,71,63,82,86,48,39,29,11,6,11,0,0,6
10,11,58,65,72,85,95,61,69,66,61,41,27,71,36,41,28,12,13,12,1,0,4,0
10,19,31,51,61,62,85,73,67,63,59,50,50,52,44,34,13,6,14,12,5,0,4,0
8,11,14,23,38,56,64,54,50,48,50,43,30,48,36,13,13,5,11,7,7,0,4,6
5,3,9,12,12,26,56,70,63,49,45,34,36,42,29,26,17,13,15,13,14,8,6,12
6,6,13,18,25,14,54,77,90,90,64,50,12,43,13,15,14,8,12,11,6,1,0,0
0,2,4,12,11,14,36,75,68,68,63,38,13,25,9,11,10,2,6,4,4,6,0,3
5,6,4,6,8,11,32,51,96,68,33,12,14,23,13,0,8,8,10,10,5,0,3,0
10,11,8,13,6,12,43,65,129,51,23,22,26,16,14,7,0,6,7,4,0,0,2,0
0,11,10,7,13,24,50,79,63,35,17,10,23,13,10,6,8,6,7,0,0,0,0,0
1,9,10,13,13,14,51,53,27,24,15,13,14,15,11,0,0,5,5,2,0,0,0,0
5,9,6,13,11,11,14,37,14,14,22,19,30,14,7,3,9,2,0,1,0,0,0,0
4,12,12,7,6,6,11,15,13,12,16,32,36,22,14,7,9,2,0,0,0,0,0,0
9,10,11,10,2,8,15,14,17,13,14,50,46,24,24,9,10,8,0,0,0,0,0,0
5,11,4,8,7,10,12,18,3,13,29,51,53,51,46,30,23,10,5,6,4,0,0,0
7,6,9,0,10,13,6,13,11,24,44,58,57,55,58,52,30,16,11,11,2,0,7,3
0,7,12,5,1,1,8,1,9,27,47,66,60,67,71,51,12,10,10,11,10,6,5,4
4,7,1,8,1,3,11,4,9,30,35,18,14,14,14,13,12,8,4,9,10,5,0,2

0,7,0,0,0,3,0,0,12,12,8,52,62,23,12,10,1,0,0,0,0,2,1,1
0,0,0,6,3,1,0,8,18,57,52,60,136,77,50,16,0,0,0,0,0,0,0,8
0,9,6,4,11,11,19,17,33,60,104,82,75,62,52,37,8,5,4,0,0,1,0,7
0,10,7,12,26,50,34,50,14,51,55,64,71,73,47,15,7,1,0,3,0,4,1,4
0,7,19,50,49,36,20,25,40,53,53,80,73,63,53,26,13,6,11,0,0,0,0,0
7,8,13,34,55,66,86,93,92,119,111,100,86,86,65,60,51,40,29,14,11,11,3,5
6,5,14,30,55,70,101,93,139,173,215,315,262,200,121,95,67,52,50,12,12,12,4,4
4,0,0,2,0,12,55,76,112,132,175,228,299,352,237,139,98,56,8,13,9,8,3,4
2,8,10,0,0,1,11,63,72,89,121,167,198,229,198,138,82,57,22,12,10,0,2,3
7,4,5,4,0,0,12,5,56,63,98,171,228,202,165,130,101,68,51,9,6,8,5,6
0,1,0,3,0,0,9,14,58,58,82,130,178,200,191,157,129,80,54,29,15,10,6,1
0,0,0,0,3,7,4,20,63,56,94,114,156,211,227,199,140,78,58,37,12,7,3,0
2,0,0,0,4,5,7,13,57,14,107,128,157,192,227,208,138,96,72,61,14,13,9,8
0,0,0,0,9,4,14,42,46,14,105,116,148,190,223,187,131,102,70,54,14,0,0,2
8,0,0,0,4,5,27,18,11,9,100,112,134,153,143,138,120,68,54,34,14,0,0,3
7,4,10,0,8,15,5,14,11,6,82,104,107,113,110,120,111,58,65,7,8,8,0,4
1,7,7,8,9,5,12,13,7,10,57,88,93,112,93,87,106,80,55,12,12,7,9,8
2,1,9,12,12,11,11,21,14,22,46,62,94,125,129,110,97,58,45,34,26,15,22,8
13,8,9,7,7,12,11,10,12,14,32,83,121,154,175,146,131,104,60,28,13,8,3,3
7,4,5,7,4,6,10,22,56,64,73,116,143,200,216,219,169,95,62,31,13,12,10,8
11,6,10,11,30,28,93,109,118,123,134,182,275,309,254,238,202,137,58,23,19,16,13,7
14,24,36,52,73,67,93,116,142,159,201,287,394,418,351,289,218,143,100,53,26,10,7,5
14,35,48,90,88,78,119,132,142,164,208,268,392,493,388,281,203,131,77,38,22,15,10,8
11,14,66,70,85,94,107,115,119,129,149,183,222,262,235,196,153,119,96,33,7,0,0,1
16,34,66,60,51,47,68,76,103,103,110,118,127,125,128,125,112,84,40,9,3,0,0,0
22,50,67,63,103,51,55,28,52,96,100,100,102,102,101,101,95,36,14,14,6,9,4,5
11,34,61,108,101,79,63,60,100,101,74,71,62,82,86,48,39,28,11,6,11,0,0,6
10,11,58,65,72,85,96,61,69,66,61,41,26,70,37,42,28,12,13,12,1,0,4,0
10,18,31,51,61,63,85,72,68,63,59,50,50,53,44,33,13,6,14,12,5,0,4,0
8,11,14,23,38,56,64,54,50,48,50,43,30,49,37,13,13,5,11,7,7,0,4,6
5,3,9,12,12,26,56,70,63,49,44,34,36,42,29,26,16,13,15,13,14,8,6,12
6,6,13,19,25,14,54,77,90,90,64,50,13,45,13,15,14,8,12,11,6,1,0,0
0,2,4,12,11,14,36,75,68,68,63,38,13,25,9,11,10,2,6,3,4,6,0,3
5,6,4,6,8,11,32,51,96,68,32,12,14,24,13,0,8,8,10,10,5,0,3,0
10,11,8,13,6,12,43,65,129,51,23,21,24,17,14,7,0,6,7,4,0,0,2,0
0,11,10,7,13,24,50,79,63,34,18,11,23,13,10,6,8,6,7,0,0,0,0,0
1,9,10,13,13,14,51,53,27,24,15,13,14,17,10,0,0,5,5,2,0,0,0,0
5,9,6,13,11,11,14,38,14,14,22,20,31,14,7,3,9,2,0,1,0,0,0,0
4,12,12,7,6,6,11,14,13,12,16,32,35,22,14,7,10,2,0,0,0,0,0,0
9,10,11,10,2,8,15,14,18,13,14,50,45,24,24,9,10,8,0,1,0,0,0,0
5,11,4,8,7,10,12,17,3,13,29,51,53,51,46,31,23,10,5,7,5,0,0,0
7,6,9,0,10,13,6,13,11,24,44,59,57,55,58,52,31,16,11,11,2,0,7,3
0,7,12,5,0,1,8,1,9,27,47,66,61,68,71,51,12,10,10,11,10,6,5,4
5,7,1,8,1,3,11,4,9,30,35,19,14,14,14,13,12,8,4,9,10,5,0,2

0,7,0,0,0,3,0,0,12,12,8,52,62,24,12,10,1,0,1,0,0,2,1,1
0,0,0,6,3,1,0,8,18,57,52,60,136,77,51,18,0,0,0,0,0,0,0,9
0,9,6,4,11,11,19,18,34,60,104,83,75,62,52,37,8,5,4,0,0,1,0,7
0,10,7,12,26,50,35,50,14,51,54,64,71,73,46,16,7,1,0,3,0,4,1,4
0,7,18,50,49,36,19,25,40,54,53,80,73,63,53,26,13,6,11,0,0,0,0,0
7,8,13,34,55,66,86,93,92,119,111,100,86,87,65,60,51,40,29,14,11,11,3,5
6,5,14,30,55,70,101,93,139,173,215,316,263,201,121,95,67,52,50,12,11,12,4,4
4,0,0,2,0,12,55,76,112,132,175,229,300,352,237,139,99,56,9,13,9,8,3,4
2,8,10,0,0,1,11,63,72,89,121,167,198,229,197,139,82,57,22,12,10,0,2,3
7,4,5,4,0,0,12,5,56,64,98,171,228,202,165,131,101,68,51,9,6,8,5,6
0,1,0,3,0,0,9,14,58,58,82,130,178,200,191,158,129,80,54,29,15,10,6,1
0,0,0,0,3,7,4,20,62,56,94,113,156,211,227,199,140,78,58,36,12,7,3,0
2,0,0,0,4,5,7,13,57,14,106,128,157,192,226,207,138,96,72,61,14,14,9,9
0,0,0,0,9,4,14,42,45,14,105,116,148,189,222,186,131,102,70,54,14,0,0,2
8,0,0,0,4,5,27,17,11,9,100,112,134,153,143,138,120,68,54,34,14,0,0,3
7,4,10,0,9,15,5,14,11,6,82,104,107,113,110,120,111,58,65,7,8,8,0,4
1,7,7,8,9,5,11,13,7,10,57,88,93,112,93,87,106,80,55,12,12,7,9,8
2,1,9,12,12,11,11,21,14,22,46,62,94,125,129,111,97,58,45,34,26,14,22,8
13,8,9,7,7,12,11,10,12,14,32,83,121,154,175,146,132,104,59,29,13,8,3,3
7,4,5,7,4,6,10,22,56,64,73,116,143,199,216,219,169,95,62,31,13,12,10,8
11,6,10,11,31,28,92,109,118,123,134,182,274,308,254,238,202,137,58,23,18,15,14,7
14,24,36,52,73,67,93,116,142,159,201,288,394,418,351,289,218,143,100,54,25,11,7,5
14,35,47,90,88,78,119,132,142,165,208,268,392,494,389,280,203,131,76,38,22,15,10,8
11,14,67,70,86,94,107,115,119,129,149,183,222,263,235,196,153,119,97,33,7,0,0,1
16,34,66,61,51,47,68,76,103,103,110,118,127,125,128,125,112,84,40,9,3,0,0,0
22,50,67,62,103,51,55,26,52,97,100,100,102,102,101,101,95,34,14,14,6,9,4,5
11,35,60,108,101,80,65,61,100,101,75,72,63,82,86,50,39,29,11,6,11,0,0,6
10,11,58,65,72,85,95,61,69,66,60,40,27,71,36,41,29,12,13,12,1,0,4,0
10,19,32,51,61,62,85,73,67,63,59,50,50,53,44,34,13,6,13,12,5,0,4,0
8,11,14,23,37,56,64,54,50,48,50,43,30,50,36,13,13,5,11,7,7,0,4,6
5,3,9,12,12,25,56,70,63,49,45,34,36,42,30,26,16,13,15,13,14,8,6,12
6,6,13,18,25,14,54,77,90,91,64,50,12,44,13,15,14,8,12,11,6,1,0,0
0,2,4,12,11,14,36,75,68,68,63,40,13,26,9,11,10,2,6,4,4,6,0,3
5,6,4,6,8,11,32,51,96,68,32,12,14,24,13,0,8,8,10,10,5,0,3,0
10,11,8,13,6,12,43,65,129,51,23,21,24,17,14,7,0,7,7,4,0,0,2,0
0,11,10,7,13,24,50,79,63,34,18,11,24,13,10,6,8,6,7,0,0,0,0,0
1,9,10,13,13,14,51,53,27,24,15,13,14,17,10,0,0,5,5,2,0,0,0,0
5,9,6,13,11,11,14,37,14,14,22,20,30,14,7,3,9,3,0,1,0,0,0,0
4,12,12,7,6,6,11,14,13,12,16,32,36,23,14,7,10,2,0,0,0,0,0,0
9,10,11,10,2,8,15,14,17,13,14,50,46,24,24,9,11,8,0,1,0,0,0,0
5,11,4,8,7,10,12,18,3,13,30,51,53,51,46,31,23,11,5,7,5,0,0,0
7,6,8,0,10,13,6,13,11,25,44,58,57,55,58,52,30,16,11,11,2,0,8,3
0,7,12,5,1,1,8,1,9,28,46,66,61,68,71,51,12,10,10,11,10,6,5,4
4,7,1,8,1,3,11,5,9,30,36,19,14,14,14,14,12,9,4,9,10,5,0,2

0,7,0,0,0,3,0,0,12,12,8,52,62,24,12,10,1,0,0,0,0,2,2,1
0,0,0,6,3,1,0,8,18,57,52,60,136,77,50,18,0,0,0,0,0,0,0,8
0,9,6,4,11,11,20,18,33,60,104,83,75,62,52,37,8,5,4,0,0,1,0,7
0,10,8,12,27,51,35,50,14,51,55,64,71,73,48,16,7,1,0,3,0,5,1,4
0,7,20,50,50,36,21,26,41,54,53,80,73,63,53,26,13,6,11,0,0,0,0,0
7,8,13,34,55,66,86,94,92,120,112,100,86,87,65,60,51,40,29,14,11,11,3,5
6,5,14,31,55,70,101,93,140,174,218,320,265,202,121,95,67,52,50,12,12,12,4,4
4,0,0,2,0,12,55,76,113,133,175,229,300,353,237,139,99,56,8,13,9,8,3,4
2,8,10,0,0,1,11,63,73,89,121,167,198,229,197,139,82,58,23,12,10,0,2,3
7,4,5,4,0,0,12,5,56,64,99,171,227,201,165,132,102,68,51,9,6,8,5,6
0,1,0,3,0,0,9,14,58,58,83,130,177,198,189,157,129,81,54,29,15,10,6,1
0,0,0,0,3,7,4,19,63,56,94,114,155,207,223,197,139,78,58,37,12,7,3,0
2,0,0,0,3,5,7,13,57,14,107,128,155,190,223,205,138,96,72,61,14,13,10,8
0,0,0,0,9,4,14,40,47,14,105,116,148,189,220,185,131,102,70,54,14,0,0,2
8,0,0,0,3,5,26,17,11,10,101,112,135,154,143,138,120,68,54,35,14,0,0,3
7,4,10,0,8,14,5,14,11,7,83,105,108,114,110,120,111,58,66,8,9,8,0,4
1,7,7,8,9,5,12,13,7,10,57,88,93,112,94,87,106,80,57,12,12,7,9,8
2,1,9,12,12,11,11,20,14,22,47,62,94,125,129,111,98,58,45,34,26,15,22,8
13,8,9,7,7,12,11,10,12,14,32,83,121,154,175,146,132,105,60,29,13,8,3,3
7,4,5,7,4,6,10,22,56,65,73,116,142,199,215,219,169,95,63,31,13,12,10,8
11,6,10,11,30,28,92,109,118,124,134,182,274,308,253,238,202,137,58,23,19,15,14,7
14,24,36,52,73,66,93,116,142,160,201,288,393,418,351,290,218,143,100,53,25,10,7,5
14,35,47,90,88,78,119,132,142,164,208,268,392,493,389,281,204,132,77,38,22,15,10,8
11,14,66,69,85,94,107,115,119,129,149,182,222,262,235,196,154,120,98,33,7,0,0,1
16,33,66,60,51,47,68,76,103,103,110,118,127,125,128,125,112,84,41,9,3,0,0,0
21,50,67,63,103,51,55,26,52,96,100,100,102,102,101,101,95,33,14,14,6,9,4,5
11,34,61,108,101,79,63,60,100,100,75,72,63,82,87,48,40,28,11,6,11,0,0,6
10,11,57,64,71,85,93,62,69,66,61,42,26,70,36,43,27,12,13,12,1,0,4,0
10,19,31,51,61,63,85,73,68,63,59,50,50,53,44,34,13,6,14,12,5,0,4,0
8,11,14,23,38,56,64,54,50,47,50,43,30,48,37,13,13,5,11,7,7,0,4,6
5,3,9,12,12,25,56,70,63,49,45,34,36,42,30,26,16,13,15,13,14,8,6,12
6,6,13,18,25,14,54,78,90,91,64,50,12,44,13,15,14,8,12,11,6,1,0,0
0,2,4,12,11,14,36,75,68,69,63,40,13,26,9,11,10,2,6,4,4,6,0,3
5,6,4,6,8,11,32,51,96,68,33,12,14,23,13,0,8,8,10,10,5,0,3,0
10,11,8,13,6,12,43,65,129,51,21,21,24,17,14,7,0,7,7,4,0,0,2,0
0,11,10,7,13,24,50,79,63,35,17,10,23,13,10,6,8,6,7,0,0,0,0,0
1,9,10,13,13,14,51,53,27,25,15,13,14,17,10,0,0,5,5,2,0,0,0,0
5,9,6,13,11,11,14,37,14,14,22,20,30,14,7,3,9,3,0,1,0,0,0,0
4,12,12,7,6,6,11,14,13,12,16,32,36,22,14,8,10,2,0,0,0,0,0,0
9,9,11,10,2,8,15,14,18,13,14,51,46,24,24,9,10,8,0,1,0,0,0,0
5,11,4,8,7,10,12,18,3,13,31,51,53,51,47,31,24,11,5,7,5,0,0,0
7,6,8,0,10,13,6,13,11,25,44,58,57,55,58,52,30,16,11,11,2,0,8,3
0,7,12,5,0,1,8,1,9,28,47,66,61,68,71,51,12,10,10,11,10,6,5,4
4,7,1,8,1,3,11,5,9,30,36,20,14,14,14,14,12,9,4,9,10,5,0,2

0,7,0,0,0,3,0,0,12,12,8,52,63,26,12,10,1,0,1,0,0,2,2,1
0,0,0,6,3,1,0,8,17,57,52,60,136,77,51,18,0,0,0,0,0,0,0,8
0,9,6,4,11,11,20,18,35,60,104,83,75,62,52,37,8,5,4,0,0,1,0,7
0,10,8,12,29,51,35,50,14,51,55,64,71,73,48,15,6,1,0,3,0,5,1,4
0,7,20,51,50,36,21,25,41,54,53,81,73,63,53,27,13,6,11,0,0,0,0,0
7,8,13,34,55,66,86,94,93,120,112,101,87,87,65,60,51,39,28,13,11,11,3,6
6,5,14,31,55,70,101,93,140,174,219,324,268,202,121,95,67,52,50,12,12,12,4,4
4,0,0,2,0,12,55,76,113,132,176,230,301,353,235,139,98,56,8,13,9,8,3,4
2,8,10,0,0,1,11,63,73,90,121,167,197,228,196,138,82,57,19,12,10,0,2,3
7,4,5,4,0,0,12,5,56,64,99,172,226,199,163,130,101,68,51,9,6,8,5,6
0,1,0,3,0,0,9,14,58,58,83,131,177,196,187,155,129,80,54,29,15,10,5,1
0,0,0,0,3,7,4,19,63,57,95,114,154,205,221,196,139,78,58,36,12,7,3,0
2,0,0,0,3,5,7,13,57,14,107,128,155,188,222,203,137,96,72,61,14,13,10,8
0,0,0,0,9,4,14,39,48,16,105,116,148,188,219,184,131,102,70,54,14,0,0,1
8,0,0,0,3,5,26,17,11,10,101,112,135,154,144,138,120,68,54,35,14,0,0,3
7,4,10,0,8,14,5,13,11,7,83,105,108,115,111,120,111,58,66,8,9,8,0,4
1,7,7,8,9,5,11,13,7,10,57,89,93,113,94,87,106,81,57,12,12,7,9,8
2,1,9,12,12,11,11,21,14,22,48,62,95,125,130,111,98,58,46,34,26,15,22,8
13,8,9,7,7,12,11,10,12,14,33,84,121,154,175,146,132,105,60,28,13,8,3,3
7,4,5,7,4,6,10,22,56,64,73,116,142,198,215,219,169,95,62,31,13,12,10,8
11,6,10,11,30,28,92,109,118,124,134,182,273,307,253,238,202,137,58,24,19,16,14,7
14,24,36,52,73,66,93,116,142,160,202,288,393,418,351,289,218,143,100,53,26,11,7,5
14,35,47,89,88,78,118,132,142,164,208,268,392,494,389,280,204,132,77,38,22,15,10,8
11,14,67,70,86,94,107,115,119,129,149,183,223,263,236,196,154,120,99,33,7,0,0,1
16,34,66,61,51,47,67,77,103,103,110,118,127,125,128,125,112,84,40,9,3,0,0,0
22,50,66,62,103,50,54,27,53,96,100,100,102,102,101,101,93,34,14,14,6,9,4,5
11,34,60,108,101,79,63,60,100,101,75,71,63,82,87,50,39,29,11,6,11,0,0,6
10,11,57,65,72,85,93,62,69,66,60,41,26,71,37,41,28,12,13,12,1,0,4,0
10,19,32,51,61,62,85,73,67,62,59,50,50,52,45,34,13,6,14,12,5,0,4,0
8,11,14,22,38,56,64,53,49,48,50,43,30,49,37,13,13,5,11,7,7,0,4,6
5,3,9,12,12,25,56,70,63,49,45,34,36,42,30,26,16,13,15,13,14,8,6,12
6,6,13,18,24,14,54,77,90,90,64,50,13,44,13,15,14,8,12,11,6,1,0,0
0,2,4,12,11,14,36,74,68,69,63,40,13,26,9,11,10,2,6,4,4,6,0,3
5,6,4,6,8,11,32,51,96,68,32,12,14,25,13,0,8,8,10,10,5,0,3,0
10,11,8,13,6,12,44,65,129,51,22,21,25,17,14,7,0,6,7,4,0,0,2,0
0,11,10,7,13,24,50,79,63,34,18,10,24,13,10,6,8,6,7,0,0,0,0,0
1,9,10,13,13,14,51,53,27,24,15,13,15,16,11,0,0,5,5,2,0,0,0,0
5,9,6,13,11,11,14,38,14,14,22,20,31,14,7,3,9,3,0,1,0,0,0,0
4,12,12,7,6,6,11,14,13,12,16,32,35,23,14,8,10,2,0,0,0,0,0,0
9,9,11,10,2,8,15,14,19,13,14,51,46,24,24,9,11,8,0,1,0,0,0,0
5,11,4,8,7,10,12,18,3,13,31,51,53,51,48,31,24,11,5,7,5,0,0,0
7,6,8,0,10,13,6,13,11,24,45,58,57,55,58,52,30,16,11,11,2,0,7,3
0,7,12,5,0,1,8,1,9,28,47,66,61,68,71,51,12,10,10,11,10,6,5,4
4,7,1,8,1,2,11,5,9,30,36,20,14,14,14,14,12,9,4,9,10,5,0,2

0,7,0,0,0,3,0,0,12,12,8,53,63,26,12,10,1,0,1,0,0,2,2,1
0,0,0,6,3,1,0,8,17,57,52,60,136,78,51,19,0,0,0,0,0,0,0,9
0,9,6,5,11,11,20,18,33,60,104,81,75,63,53,37,8,5,4,0,0,1,0,7
0,10,8,12,29,51,35,50,14,51,55,64,71,74,47,16,7,1,0,3,0,5,1,4
0,7,20,50,50,36,21,26,40,53,53,80,73,63,53,28,13,6,11,0,0,0,0,0
7,8,13,34,55,66,86,94,92,119,111,100,87,87,66,60,51,40,29,13,11,11,3,6
6,5,14,30,55,70,101,93,140,174,216,319,265,202,121,95,67,52,50,12,12,12,4,4
4,0,0,2,0,12,55,76,113,133,175,229,300,353,236,139,99,56,8,14,9,8,3,4
2,8,10,0,0,1,11,63,73,90,121,167,197,228,197,138,82,58,24,12,10,0,2,3
7,4,5,4,0,0,12,5,56,64,99,171,227,200,164,131,102,69,52,9,6,8,5,6
0,1,0,3,0,0,9,14,58,58,83,130,176,198,189,158,130,81,54,29,15,10,5,1
0,0,0,0,3,7,4,19,62,56,94,113,154,208,225,200,141,79,58,37,12,7,3,0
2,0,0,0,3,5,7,13,57,14,106,127,155,190,225,208,139,98,72,61,14,13,9,8
0,0,0,0,9,4,14,39,47,14,105,115,146,188,221,187,132,102,70,54,15,0,0,2
8,0,0,0,3,5,26,16,11,9,100,112,133,152,142,138,120,68,54,36,14,0,0,3
7,4,10,0,8,14,5,13,11,7,81,104,107,112,109,120,111,58,65,8,8,8,0,4
1,7,7,8,9,5,12,13,7,10,57,87,92,112,93,87,106,80,56,12,12,7,9,8
2,1,9,12,12,11,11,21,14,22,47,62,94,125,129,110,97,58,46,34,26,15,22,8
13,8,9,7,7,12,11,10,12,14,33,83,121,154,175,146,132,105,60,28,13,8,3,3
7,4,5,7,4,6,10,21,56,65,73,116,142,199,215,219,169,95,62,31,13,12,10,8
11,6,10,11,30,28,92,109,118,123,134,182,275,308,254,238,202,137,58,23,18,16,14,7
14,24,36,52,73,67,93,116,142,159,202,289,395,419,352,290,218,143,100,53,26,11,7,5
14,35,48,90,88,78,119,132,142,165,208,268,393,495,389,281,204,132,77,38,22,15,10,8
11,14,67,70,86,94,107,115,119,129,149,183,223,263,236,196,154,120,98,33,7,0,0,1
16,34,66,61,50,48,67,76,103,103,110,118,127,125,128,125,112,84,40,9,3,0,0,0
21,50,66,63,103,51,55,27,53,96,100,100,102,102,101,101,95,34,14,14,6,9,4,5
11,34,60,108,101,79,63,61,100,101,74,71,63,82,86,50,39,29,11,6,11,0,0,6
10,11,57,65,71,85,95,61,69,66,60,42,26,71,36,43,28,12,13,12,1,0,4,0
10,19,31,51,61,62,85,73,67,63,59,50,50,52,45,35,13,7,14,12,5,0,4,0
8,11,14,23,37,55,64,54,49,48,50,43,30,48,38,13,13,5,11,7,7,0,4,6
5,3,9,11,12,25,56,70,63,49,44,34,36,42,30,26,16,13,15,13,14,8,6,12
6,6,13,18,25,14,54,77,90,91,64,50,12,45,13,15,14,8,12,11,6,1,0,0
0,2,4,12,11,14,36,74,68,68,63,40,13,25,9,11,10,2,6,4,4,6,0,3
5,6,4,6,8,11,32,51,96,68,32,12,14,24,13,0,8,8,10,10,5,0,3,0
10,11,8,13,6,12,43,65,129,51,23,22,24,17,14,7,0,7,7,4,0,0,2,0
0,11,10,7,13,24,50,79,63,34,18,11,24,13,10,6,8,6,7,0,0,0,0,0
1,9,10,13,13,14,51,53,27,24,15,13,15,17,10,0,0,5,5,2,0,0,0,0
5,9,6,13,11,11,14,38,14,14,22,20,31,14,7,3,9,3,0,1,0,0,0,0
4,12,12,7,6,6,11,14,13,12,17,32,36,22,14,8,10,2,0,0,0,0,0,0
9,10,11,10,2,8,15,14,17,13,14,51,46,24,24,9,11,8,0,1,0,0,0,0
5,11,4,8,7,10,12,18,3,13,32,51,53,51,46,31,23,11,5,7,5,0,0,0
7,6,8,0,10,13,6,13,11,25,45,58,57,55,58,52,30,16,11,11,2,0,8,3
0,7,12,5,0,1,8,1,9,28,47,67,61,68,71,51,12,10,10,11,10,6,5,4
4,7,1,8,1,2,11,5,9,30,36,20,14,14,14,14,12,9,4,9,10,5,0,2
