12,12,12,14,13,11,8,10,10,6,0,0,0,7,13,8,8,7,0,0,3,1,9,3
27,14,28,50,48,52,50,15,10,9,0,0,4,8,9,0,3,1,0,0,0,10,3,5
47,44,51,51,53,57,56,36,12,12,8,10,11,0,8,10,2,6,2,1,9,3,3,2
42,41,39,40,44,54,48,10,40,46,55,24,13,14,9,10,12,11,14,11,5,0,4,4
19,45,40,41,42,16,8,59,134,198,168,74,32,12,3,0,1,7,17,13,12,2,4,5
31,38,27,27,15,13,54,124,235,319,225,116,56,37,19,7,8,10,9,22,13,8,5,0
11,13,14,14,14,29,83,177,233,246,199,143,99,56,12,10,10,9,6,7,8,0,0,0
6,6,9,9,8,57,117,197,224,207,195,136,87,66,36,10,3,3,5,4,4,0,0,0
11,3,6,11,51,77,130,175,196,185,155,101,76,63,54,28,6,4,9,0,0,6,9,0
5,7,11,31,61,103,134,144,147,115,88,104,81,70,66,14,5,0,0,7,4,4,2,0
12,19,34,48,66,85,94,91,67,77,110,99,96,85,68,57,21,7,0,2,0,0,0,1
2,52,65,84,82,63,51,25,51,96,134,129,115,112,75,60,21,3,0,0,0,2,0,5
14,58,100,121,110,51,14,31,52,101,131,137,143,130,109,69,44,0,0,0,0,0,0,0
15,100,111,68,27,15,14,50,58,73,117,128,129,122,113,102,54,14,7,5,0,0,0,0
59,78,24,11,8,0,13,56,52,53,69,95,109,111,110,73,48,17,11,2,9,8,13,9
51,51,13,0,0,0,14,62,55,57,57,65,101,111,99,80,58,46,12,7,9,7,7,0
14,13,12,10,11,12,12,44,53,53,59,62,69,74,84,88,67,52,25,4,2,0,4,0
7,13,20,9,13,14,25,26,38,47,53,50,52,51,75,97,82,41,26,13,11,13,10,9
0,9,0,0,0,11,12,13,12,12,79,120,155,174,204,159,158,88,42,22,14,12,5,8
0,6,0,8,9,6,11,2,5,37,102,141,210,243,242,196,153,127,96,14,9,3,8,4
14,10,12,7,0,7,10,14,61,70,121,153,179,218,209,200,169,146,105,33,32,16,8,7
0,0,0,3,11,14,34,40,101,135,136,152,210,231,230,208,142,113,70,40,10,6,2,4
1,0,7,13,22,8,25,51,100,120,182,200,176,197,187,167,139,106,49,6,0,0,0,3
10,5,11,8,0,14,70,104,114,129,170,196,170,157,145,142,119,102,73,16,10,4,3,0
11,12,13,7,11,64,96,103,114,116,126,158,163,146,115,111,88,53,14,13,0,0,0,6
10,10,10,20,17,98,105,109,109,114,125,126,133,78,86,60,12,5,12,13,0,0,0,0
10,11,9,6,55,75,84,89,102,110,106,105,57,40,23,2,2,8,8,11,3,0,12,6
12,13,6,64,101,103,112,70,92,100,55,39,14,13,4,4,0,0,0,4,0,0,6,9
0,2,66,66,101,108,120,107,85,56,14,6,10,2,0,7,10,3,6,9,3,1,7,8
5,10,75,93,81,53,60,52,51,18,12,14,11,5,4,29,27,19,13,0,11,13,11,6
8,7,10,56,59,58,58,46,46,42,31,14,12,7,8,14,16,11,12,6,4,11,12,10
0,0,0,16,58,69,79,70,71,70,52,13,4,11,2,3,9,9,8,5,0,11,10,3
0,0,0,3,48,103,109,127,111,82,52,6,8,8,0,3,9,9,6,8,7,0,3,7
7,0,0,0,12,58,108,131,125,81,50,9,8,0,4,4,4,6,3,0,0,0,4,5
0,0,0,0,9,13,59,95,107,83,51,13,10,1,0,4,7,5,0,3,0,0,8,9
0,0,0,0,0,3,12,55,72,72,52,21,7,7,0,0,8,0,0,10,3,0,8,7
0,0,0,0,0,8,12,14,51,54,56,37,13,8,0,5,8,0,0,11,3,0,7,5
0,0,0,0,4,6,10,11,9,27,50,42,13,11,10,10,8,0,0,6,0,0,2,0
0,0,0,0,1,0,0,10,8,14,18,41,55,14,8,8,0,0,3,2,0,0,2,0
0,0,0,0,0,0,0,5,3,13,14,37,43,29,7,2,0,3,0,0,1,3,0,6
1,3,0,0,0,6,0,2,10,13,14,50,47,41,11,4,0,0,5,3,0,0,0,0
5,7,0,0,0,4,10,6,4,10,36,56,53,8,0,4,0,0,7,0,0,3,5,7
3,3,2,0,2,0,0,0,7,14,64,61,8,0,0,0,0,2,3,0,0,5,7,3
8,2,8,10,6,0,2,7,8,12,11,3,7,11,4,1,0,5,0,2,6,0,9,7

12,12,12,13,13,11,8,10,10,6,0,0,0,7,13,8,8,7,0,0,3,1,9,3
27,14,28,50,47,51,50,14,9,9,0,0,3,8,9,0,3,1,0,0,0,10,3,5
48,48,51,51,53,57,56,37,12,12,8,10,11,0,8,10,2,6,2,1,9,3,3,2
42,41,39,40,44,54,50,10,40,46,54,24,13,14,9,10,12,11,14,11,5,0,4,4
19,45,43,41,43,17,8,59,133,197,167,74,32,11,3,0,1,7,17,13,12,2,4,5
31,37,27,26,15,13,54,123,234,319,226,116,57,37,19,7,8,10,9,22,13,7,5,0
11,13,14,14,14,29,83,177,233,246,200,143,99,56,12,10,10,9,6,7,8,0,0,0
6,6,9,9,8,57,117,196,224,207,195,137,87,66,36,10,3,3,5,3,3,0,0,0
11,3,6,11,51,77,130,176,197,186,156,101,76,63,54,28,6,5,9,0,0,6,9,0
5,6,11,30,61,103,135,144,147,116,88,104,81,70,66,14,5,0,0,7,4,4,2,1
12,20,34,48,66,86,94,92,67,77,111,99,97,85,69,57,23,7,0,2,0,0,0,1
3,52,65,83,82,63,51,25,51,96,134,130,116,113,75,60,22,3,0,0,0,2,0,5
15,58,100,121,110,51,14,32,52,101,131,137,143,131,110,69,45,0,0,0,0,0,0,0
15,100,111,68,29,15,14,48,57,73,116,128,129,122,113,102,54,14,7,5,0,0,0,0
59,80,24,11,8,0,13,56,52,53,69,95,108,111,110,73,48,18,11,2,9,8,13,9
51,51,13,0,0,0,14,61,54,57,57,65,101,110,99,80,58,47,12,7,9,7,7,0
14,13,12,10,11,12,13,43,53,53,59,62,69,74,84,88,67,52,25,4,2,0,4,0
7,13,20,9,13,14,25,26,37,47,53,50,52,51,75,97,83,41,26,13,11,13,10,9
0,9,0,0,1,11,12,13,12,12,79,120,156,175,205,159,158,88,42,22,14,12,5,8
0,6,0,8,9,6,11,2,5,38,102,141,209,244,242,195,153,127,96,14,10,3,8,4
14,10,12,7,0,7,10,14,61,70,121,153,179,218,209,200,169,146,105,33,32,16,8,7
0,0,0,3,11,14,34,39,101,135,135,152,210,232,230,208,142,113,70,40,10,6,2,4
1,0,7,13,22,8,25,51,100,120,183,200,176,197,188,167,139,106,49,6,0,0,0,3
10,5,10,8,0,14,70,104,114,129,171,196,170,157,145,142,119,102,74,16,10,4,3,0
10,12,13,8,12,65,96,103,114,116,126,158,163,146,115,111,87,53,14,13,0,0,0,6
10,11,10,21,17,98,105,109,109,114,125,126,133,77,82,60,12,5,12,13,0,0,0,0
10,11,10,6,55,75,83,89,102,110,106,105,57,40,22,2,2,8,8,11,3,0,12,6
12,13,6,65,101,103,112,70,90,100,55,37,14,13,4,4,0,0,0,3,0,0,6,9
0,2,66,66,101,108,120,107,85,56,14,6,9,2,0,7,10,2,6,9,3,1,7,8
5,10,74,93,80,53,60,51,51,20,12,14,11,5,4,28,28,19,13,0,11,13,11,6
8,7,10,56,59,58,58,46,46,42,31,14,12,6,8,14,17,11,12,6,4,12,12,10
0,0,0,16,58,69,79,70,71,71,52,13,4,11,2,3,8,9,8,6,1,11,10,3
0,0,0,4,47,103,109,127,112,83,52,7,8,8,0,2,9,9,6,8,7,0,3,7
7,0,0,0,12,58,108,131,125,81,50,9,8,0,3,3,5,7,3,0,0,0,4,5
0,0,0,0,9,14,59,95,107,83,51,13,10,1,0,4,7,4,0,3,0,0,7,9
0,0,0,0,0,3,11,55,73,72,52,23,8,7,0,0,8,0,0,10,3,0,8,7
0,0,1,0,1,8,12,14,51,54,56,39,13,9,0,5,7,0,0,11,2,0,7,5
0,0,0,0,4,6,9,11,9,26,50,42,13,11,9,10,7,0,0,6,0,0,3,0
0,0,0,0,1,0,0,10,8,14,19,41,55,14,8,8,0,0,3,2,0,0,2,0
0,0,0,0,0,0,0,6,2,13,14,37,41,33,7,2,0,3,0,0,1,3,0,7
1,4,0,0,0,6,0,1,9,13,14,50,50,44,11,3,0,0,5,3,0,0,0,0
4,7,0,0,0,4,10,6,4,10,37,56,53,8,0,5,0,0,7,0,0,3,5,7
1,0,0,0,1,0,0,0,8,14,64,62,8,0,0,0,0,2,3,0,0,5,7,3
3,1,7,10,6,0,1,8,8,12,11,3,7,11,4,0,0,5,0,3,6,0,9,6

12,12,12,13,13,11,8,10,10,6,0,0,0,7,13,8,8,7,0,0,3,1,9,3
30,14,27,50,47,51,50,15,9,9,0,0,3,8,9,0,3,1,0,0,0,10,3,5
47,48,51,51,53,57,55,37,12,12,7,10,11,0,8,10,2,6,2,1,9,3,3,2
43,41,39,40,44,54,49,10,40,44,55,23,13,14,9,10,12,12,14,11,5,0,4,4
20,45,43,41,43,16,8,58,134,197,167,74,31,11,3,0,1,7,17,13,12,2,4,5
33,38,27,27,15,13,54,123,234,319,226,116,57,38,20,7,8,10,9,22,13,8,5,0
11,13,14,14,14,30,83,177,233,246,200,144,100,56,12,10,10,9,6,7,8,0,0,0
7,6,9,9,8,57,117,196,224,207,196,137,87,67,36,11,4,3,5,4,4,0,0,0
11,3,6,11,51,77,129,175,197,186,156,101,77,63,54,29,6,5,9,0,0,6,9,0
5,7,11,32,61,103,135,143,147,116,88,105,81,70,66,14,5,0,0,7,4,3,2,0
12,20,34,47,66,86,94,91,67,77,111,100,97,86,69,57,24,7,0,2,0,0,0,1
3,52,65,84,82,63,51,24,50,96,134,130,116,114,76,60,23,3,0,0,0,2,0,5
14,59,100,121,110,51,14,32,52,100,131,137,143,131,110,69,45,0,0,0,0,0,0,0
16,100,111,68,27,14,14,47,57,72,116,128,129,122,113,102,54,14,7,5,0,0,0,0
59,80,25,11,8,0,13,56,52,53,69,95,108,111,110,73,48,17,11,2,9,8,13,9
51,51,13,0,0,0,14,60,54,57,57,65,101,110,99,80,58,46,12,7,9,7,7,1
14,13,12,10,11,12,12,41,52,53,59,62,69,73,84,88,67,52,26,4,2,0,4,0
7,13,20,9,13,14,25,25,37,46,53,49,52,51,76,97,83,41,26,13,11,13,10,9
0,9,0,0,0,11,12,13,12,12,77,120,156,175,205,160,158,88,43,22,14,12,5,8
0,6,0,8,9,6,11,2,5,39,102,140,210,244,243,196,153,127,96,14,10,3,8,4
14,10,12,7,0,8,10,14,61,70,120,152,179,218,209,201,169,146,105,33,32,16,8,7
0,0,0,3,11,14,34,39,101,135,136,152,210,232,230,208,142,113,70,40,10,6,2,4
1,0,7,13,22,8,25,51,100,120,183,200,176,197,188,167,139,106,49,6,0,0,0,3
10,5,11,8,0,14,70,104,114,129,171,197,170,158,146,142,119,102,73,16,10,4,3,0
11,12,13,8,12,65,97,103,114,116,126,159,163,146,115,111,88,53,14,13,0,0,0,6
10,11,10,24,20,97,105,109,109,114,126,126,133,78,85,60,12,5,12,13,0,0,0,0
10,11,10,6,55,76,83,89,102,110,106,105,57,38,21,2,2,8,8,11,3,0,12,6
12,13,6,65,102,103,112,70,91,100,55,37,14,13,4,4,0,0,0,3,0,0,6,9
0,2,66,66,101,108,120,107,85,56,14,6,9,2,0,7,10,2,6,9,3,1,7,8
5,10,75,92,80,53,60,52,51,20,12,14,11,5,4,28,27,19,13,0,11,13,11,6
8,7,10,56,58,58,58,46,47,42,31,14,12,7,8,14,16,11,12,6,3,12,12,10
0,0,0,16,58,68,79,70,71,71,52,13,4,11,1,3,8,8,8,5,0,11,10,3
0,0,0,4,48,103,109,127,112,82,52,7,8,8,0,2,9,9,6,8,7,0,3,7
7,0,0,0,12,58,108,131,125,81,50,9,8,0,3,3,4,7,3,0,0,0,4,5
0,0,0,0,9,13,59,96,107,83,51,13,10,1,0,4,7,4,0,3,0,0,7,9
0,0,0,0,0,4,12,55,73,72,52,22,8,7,0,0,8,0,0,10,3,0,8,7
0,0,0,0,0,8,12,14,51,54,57,39,13,8,0,4,7,0,0,11,2,0,7,5
0,0,0,0,4,6,9,11,9,27,50,42,13,11,9,10,6,0,0,6,0,0,3,0
0,0,0,0,2,0,0,10,8,14,18,41,54,14,8,8,0,0,3,2,0,0,2,0
0,0,0,0,0,0,0,6,2,13,14,37,42,30,7,1,0,3,0,0,1,2,0,7
1,4,0,0,0,6,0,1,9,13,14,50,48,44,11,2,0,0,4,3,0,0,0,0
4,7,0,0,0,4,10,6,4,10,37,56,53,8,0,5,0,0,7,0,0,3,4,7
1,0,0,0,1,0,0,0,8,14,64,62,8,0,0,0,0,1,3,0,0,5,7,3
2,1,7,9,6,0,1,8,8,12,11,4,7,11,4,0,0,5,0,3,6,0,9,6

12,12,12,13,13,11,8,10,10,6,0,0,0,7,13,8,8,7,0,0,3,1,9,3
31,14,27,50,47,51,50,15,9,9,0,0,3,8,9,0,3,1,0,0,0,10,3,5
47,45,51,51,53,57,56,36,12,11,7,10,11,0,8,10,2,6,2,1,9,3,3,2
44,42,40,41,45,54,49,10,40,44,54,23,13,14,9,10,12,12,14,11,5,0,4,4
20,45,42,41,45,17,8,58,134,196,166,74,32,11,3,0,1,7,17,13,11,2,4,5
33,39,27,27,15,13,54,124,235,319,226,116,56,38,19,7,8,10,9,22,14,8,5,0
11,13,14,14,14,29,83,177,233,246,200,143,99,56,12,10,10,9,6,7,8,0,0,0
7,6,9,9,8,57,117,197,224,207,195,137,87,67,38,11,4,3,5,4,4,0,0,0
11,3,6,11,51,77,129,175,196,185,156,101,76,63,54,29,6,5,9,0,0,6,9,0
5,7,11,32,61,103,134,143,147,116,88,105,81,70,66,14,5,0,0,7,4,4,3,0
12,19,34,47,66,86,94,91,67,77,111,100,97,85,68,57,22,7,0,2,0,0,0,1
3,52,65,84,82,63,52,25,50,96,134,130,116,114,76,60,23,3,0,0,0,2,0,5
14,59,100,121,111,51,14,31,52,101,131,137,143,131,110,70,45,0,0,0,0,0,0,0
18,100,111,70,29,15,14,50,57,73,117,128,129,122,114,102,54,14,7,5,0,0,0,0
59,80,25,11,8,0,13,56,52,53,69,95,109,111,111,73,48,18,11,2,9,8,13,9
51,51,13,0,0,0,14,62,54,57,57,65,101,111,99,80,58,47,12,7,9,7,7,1
14,13,12,10,11,12,12,42,53,53,59,62,69,73,84,88,67,52,26,4,2,0,4,0
7,13,20,9,13,14,25,26,37,47,53,50,52,51,75,97,83,41,26,13,11,13,10,9
0,9,0,0,0,11,12,13,12,12,78,120,155,174,204,159,158,88,42,22,14,12,5,8
0,6,0,8,10,6,11,2,5,40,102,141,210,243,242,196,153,127,96,14,10,3,8,4
14,9,12,7,0,8,10,14,61,70,120,152,179,217,209,201,169,146,105,33,32,16,8,7
0,0,0,4,12,14,35,40,101,135,136,152,210,232,230,208,142,113,70,41,10,6,2,4
0,0,7,13,22,8,25,51,100,120,183,200,176,197,188,168,139,106,49,6,0,0,0,3
10,5,11,8,0,14,71,104,114,129,171,197,171,158,146,142,119,102,74,17,10,4,3,0
11,12,13,8,12,63,95,103,114,117,126,159,163,146,115,111,87,54,14,13,0,0,0,6
10,11,10,27,21,100,105,109,109,114,126,126,133,79,86,61,12,5,12,13,0,0,0,0
10,11,10,7,55,75,83,89,102,110,106,105,58,40,22,2,2,8,8,11,3,0,12,6
12,13,6,65,102,103,112,70,91,100,55,38,14,13,4,4,0,0,0,3,0,0,5,9
0,2,66,65,101,108,120,107,85,56,14,6,10,2,0,7,10,2,6,9,3,1,7,8
5,10,74,92,80,53,60,52,51,20,12,14,11,5,4,29,27,19,12,0,11,13,11,6
8,7,10,56,58,57,58,46,47,42,31,14,12,6,8,14,16,10,12,6,3,12,12,10
0,0,0,17,58,69,79,70,71,71,52,13,4,11,1,3,8,8,8,5,0,11,10,3
0,0,0,4,46,103,109,127,112,83,52,7,8,8,0,2,9,9,6,8,6,0,3,7
7,0,0,0,12,58,108,131,125,81,50,9,8,0,3,3,4,7,3,0,0,0,4,5
0,0,0,0,8,13,59,95,107,83,51,13,10,1,0,4,7,4,0,3,0,0,7,9
0,0,0,0,0,4,12,55,73,72,52,23,8,7,0,0,8,0,0,10,3,0,8,7
0,0,0,0,0,8,12,14,51,54,56,40,13,8,0,4,7,0,0,11,2,0,7,5
0,0,0,0,4,6,9,11,9,28,50,42,13,11,10,10,6,0,0,6,0,0,2,0
0,0,0,0,1,0,0,10,8,14,19,41,54,14,7,7,0,0,3,2,0,0,2,0
0,0,0,0,0,0,0,6,2,13,14,37,44,31,7,1,0,3,0,0,1,2,0,7
3,4,0,0,0,6,0,0,9,14,15,50,47,47,11,2,0,0,4,2,0,0,0,0
8,11,3,0,0,4,10,6,4,10,39,56,53,8,0,6,0,0,7,0,0,3,4,7
6,8,3,0,0,0,0,0,8,14,64,62,8,0,0,0,0,1,3,0,0,5,7,3
11,6,8,9,5,0,1,8,8,12,11,3,7,11,4,0,0,5,0,3,6,0,9,6

12,12,12,13,13,11,8,10,10,6,0,0,0,7,13,8,8,7,0,0,3,1,9,3
32,14,28,50,48,51,51,15,9,9,0,0,3,8,9,0,3,1,0,0,0,10,3,5
45,44,50,51,53,56,56,36,12,11,7,10,11,0,8,10,2,6,2,1,9,3,3,2
44,42,39,41,44,54,50,10,40,47,55,23,13,14,9,10,12,12,14,11,5,0,4,4
19,45,41,40,43,16,8,59,134,197,166,73,31,11,3,0,1,7,17,13,11,2,4,5
33,39,28,27,15,13,54,124,234,319,226,116,57,38,20,7,8,11,9,22,14,8,5,0
11,13,14,14,14,29,83,177,233,246,199,143,99,56,12,10,10,9,6,7,8,0,0,0
7,6,9,9,8,57,117,196,223,207,195,137,87,67,38,11,4,3,5,4,4,0,0,0
11,3,6,11,51,77,129,175,196,185,155,101,77,62,54,29,6,5,9,0,0,6,9,0
5,7,12,32,61,103,134,143,146,115,89,105,81,70,66,14,5,0,0,7,5,4,3,0
12,19,34,47,66,85,94,91,67,77,111,100,97,85,68,57,22,7,0,2,0,0,0,1
3,52,65,84,82,63,51,26,50,97,135,130,116,113,75,60,23,3,0,1,0,2,0,5
14,58,100,121,110,51,14,30,52,101,131,138,143,131,110,69,45,0,0,0,0,0,0,0
16,100,111,68,29,15,14,50,57,73,117,129,129,123,113,102,54,14,7,6,0,0,0,0
59,78,22,11,8,0,13,56,52,53,69,95,109,111,111,73,49,18,11,2,9,8,13,9
51,52,13,0,0,0,14,63,55,57,57,66,101,111,100,80,58,47,12,7,9,7,7,1
14,13,12,10,11,12,13,44,53,53,59,62,69,74,84,88,67,52,25,4,2,0,4,0
7,13,20,9,13,14,25,27,38,48,54,50,52,50,75,96,82,41,26,13,11,13,10,9
0,9,0,0,0,10,12,13,12,12,77,120,153,173,203,159,157,87,42,21,14,12,5,8
0,6,0,8,10,6,11,2,5,40,102,141,209,242,242,195,153,127,96,14,10,3,8,4
14,9,12,7,0,8,10,14,62,70,121,153,178,216,208,200,168,146,105,33,32,16,8,7
0,0,0,4,12,14,35,40,101,135,136,153,209,231,229,207,142,113,70,40,10,6,2,4
0,0,7,13,22,8,27,51,100,120,183,200,176,197,187,167,139,106,49,7,0,0,0,3
10,6,11,8,0,14,71,104,114,129,172,197,170,158,146,142,119,102,74,17,10,4,3,0
11,12,13,9,12,64,96,103,114,117,126,159,163,146,115,111,88,54,14,13,0,0,0,6
10,11,10,27,22,100,105,109,109,114,126,126,133,77,88,65,12,5,12,13,0,0,0,0
10,11,10,7,55,75,82,88,102,110,106,105,57,37,20,2,2,8,8,11,3,0,11,6
12,13,6,66,102,104,112,70,92,100,56,38,14,13,4,4,0,0,0,3,0,0,5,9
0,2,67,66,101,109,120,107,85,56,14,6,10,2,0,7,10,2,6,9,2,1,7,8
5,10,75,92,80,53,60,52,51,20,13,14,11,5,4,29,27,18,12,0,11,13,11,6
8,7,10,55,58,57,58,46,47,42,31,14,12,6,8,14,16,10,12,5,3,12,12,10
0,0,0,17,58,69,79,71,71,71,53,13,4,11,1,3,8,8,8,5,0,11,10,3
0,0,0,3,47,103,109,127,112,83,52,7,8,8,0,2,9,9,6,8,6,0,3,7
7,0,0,0,12,58,108,131,125,81,50,9,7,0,3,3,4,6,3,0,0,0,4,5
0,0,0,0,8,13,59,95,107,83,51,13,10,1,0,3,6,4,0,2,0,0,7,9
0,0,0,0,0,3,12,55,73,72,52,23,8,7,0,0,7,0,0,9,2,0,7,7
0,1,0,0,0,8,12,14,51,54,57,40,13,9,0,4,7,0,0,11,2,0,7,5
0,0,0,0,4,4,9,11,10,29,50,43,13,12,10,10,7,0,0,5,0,0,3,0
0,0,0,0,2,0,0,9,8,14,19,41,54,14,8,7,0,0,3,2,0,0,2,0
0,0,0,0,0,0,0,5,2,13,14,37,41,33,7,2,0,3,0,0,0,3,0,6
12,7,0,0,0,6,0,0,9,13,15,50,47,45,11,3,0,0,5,3,0,0,0,0
35,35,2,0,3,4,10,6,5,10,38,56,54,8,0,4,0,0,7,0,0,3,4,7
21,14,8,0,3,0,0,0,8,17,64,62,7,0,0,0,0,1,3,0,0,5,7,3
24,11,10,11,7,0,4,8,9,12,11,2,7,11,4,0,0,5,0,3,6,0,9,7

12,12,11,13,13,11,8,10,10,6,0,0,0,7,13,8,8,7,0,0,3,1,9,3
31,14,28,50,47,51,50,16,9,9,0,0,3,8,9,0,3,1,0,0,0,10,3,5
47,45,51,51,53,56,56,37,11,11,7,10,11,0,8,10,2,6,2,1,9,3,3,2
43,42,40,40,44,54,49,10,40,45,55,23,13,14,9,10,12,11,14,11,5,0,4,4
22,46,43,41,45,17,8,59,134,196,166,74,33,11,3,0,1,7,17,13,11,2,4,5
34,39,27,27,15,13,54,124,234,318,225,116,56,38,20,7,8,10,9,22,13,8,5,0
11,13,14,14,14,29,83,177,233,245,199,143,99,56,12,10,10,9,6,7,8,0,0,0
7,6,9,9,8,57,117,196,223,207,195,137,87,67,36,11,4,3,5,4,4,0,0,0
11,3,6,11,51,77,129,174,196,185,154,101,76,62,54,29,6,5,9,0,0,6,9,0
5,7,12,32,61,103,134,143,146,115,88,105,81,70,66,15,5,0,0,7,5,4,3,0
12,19,34,47,66,85,94,91,67,77,111,100,97,85,69,57,23,7,0,2,0,0,0,1
3,52,65,83,82,63,51,25,50,97,135,130,116,113,75,60,23,3,0,1,0,2,0,5
15,58,100,121,110,51,14,32,52,101,132,138,143,131,110,69,45,0,0,0,0,0,0,0
15,100,111,68,27,15,14,50,58,73,117,129,129,122,113,102,54,14,7,6,0,0,0,0
60,79,25,11,8,0,13,56,52,53,70,96,109,111,111,74,49,18,11,2,9,8,13,9
51,51,13,0,0,0,14,64,55,57,57,66,102,111,100,80,58,47,12,7,9,7,7,0
14,13,12,10,11,12,13,47,53,53,60,62,70,74,84,88,67,52,26,4,2,0,4,0
7,13,20,9,13,14,25,27,39,48,54,50,52,50,74,96,82,41,26,13,10,13,10,9
0,9,0,0,0,11,12,14,12,12,77,119,153,172,202,158,157,87,42,22,14,12,5,8
0,6,0,8,9,6,11,2,5,41,102,141,208,242,241,195,152,127,96,14,10,3,8,4
14,9,12,7,0,8,10,14,62,70,121,153,178,216,208,200,168,146,105,34,32,15,8,7
0,0,0,4,12,14,34,40,102,135,136,153,209,231,229,208,142,113,70,41,10,6,2,4
0,0,7,13,23,8,26,52,100,120,183,200,176,197,188,167,139,106,50,7,0,0,0,3
10,6,10,8,0,14,70,104,114,129,172,197,170,158,146,142,119,102,74,17,10,4,2,0
11,12,13,9,12,64,96,103,115,117,126,159,163,146,115,112,88,54,14,13,0,0,0,6
10,11,10,28,24,100,105,109,109,114,126,126,133,79,85,63,12,5,12,13,0,0,0,0
10,11,10,7,55,75,84,89,102,111,106,105,58,39,22,2,2,8,8,11,3,0,11,6
12,13,6,66,102,104,112,70,92,100,56,38,14,13,4,4,0,0,0,3,0,0,5,9
0,2,68,65,101,109,120,107,84,56,14,6,9,2,0,7,10,2,5,9,2,1,6,8
5,10,75,91,80,53,60,52,51,20,12,14,11,5,4,28,27,18,12,0,11,13,11,6
8,7,10,55,58,57,58,46,46,42,31,14,12,6,8,14,16,9,12,5,3,11,12,10
0,0,0,17,58,68,79,71,72,71,52,13,4,11,1,3,9,8,8,3,0,11,10,3
1,0,0,3,48,103,109,128,113,84,52,7,8,8,0,2,9,9,6,8,6,0,3,7
8,0,0,0,12,58,108,132,126,82,50,9,8,0,3,3,4,6,2,0,0,0,4,5
0,0,0,0,8,13,60,97,108,84,51,13,10,1,0,3,5,4,0,2,0,0,7,9
0,0,0,0,0,3,12,55,73,72,52,23,7,7,0,0,7,0,0,9,1,0,7,7
0,3,0,0,0,8,11,14,51,54,57,40,13,8,0,5,7,0,0,11,2,0,7,4
0,0,0,0,3,2,8,10,9,25,50,43,13,12,10,9,7,0,1,5,0,0,2,0
0,0,0,0,0,0,0,8,7,14,14,39,55,14,8,7,0,0,3,2,0,0,2,0
0,0,0,0,0,0,0,3,2,13,14,35,40,29,7,2,0,3,0,0,0,3,0,5
23,11,1,0,0,5,0,0,9,13,16,50,44,44,11,4,0,0,5,4,0,0,0,0
51,53,6,0,2,2,10,6,6,10,44,57,53,7,0,4,0,0,7,0,0,3,4,7
51,32,12,2,6,0,0,0,7,26,77,64,5,0,0,0,0,1,3,0,0,5,7,3
42,13,12,11,9,2,6,8,9,11,10,2,7,11,4,1,0,4,0,2,6,0,9,7

12,12,12,14,13,11,8,10,10,6,0,0,0,7,13,8,8,7,0,0,3,1,9,3
29,14,28,50,47,51,50,15,9,9,0,0,3,8,9,0,3,1,0,0,0,10,3,5
50,47,51,51,53,56,56,37,12,12,8,10,11,0,8,10,2,6,2,1,9,3,3,2
43,42,40,40,44,54,48,10,40,44,54,22,13,14,9,10,12,12,14,11,5,0,4,4
24,47,43,43,45,17,8,59,134,196,166,73,32,11,3,0,1,7,17,13,12,3,4,5
31,38,28,26,15,13,54,124,234,318,224,116,57,37,20,7,8,10,9,22,14,8,5,0
11,13,14,14,14,29,83,177,232,245,199,143,99,56,12,10,10,9,6,7,8,0,0,0
6,6,9,9,8,57,117,196,223,206,195,137,87,67,38,11,4,3,5,4,3,0,0,0
11,3,6,11,51,77,129,175,196,185,155,101,77,63,54,31,6,5,9,0,0,6,9,0
5,7,11,31,61,103,134,143,146,115,88,105,82,70,66,15,5,0,0,7,4,4,3,0
12,20,34,47,66,86,94,91,67,77,112,100,98,85,69,57,24,7,0,2,0,0,0,1
3,52,65,84,82,63,51,26,50,96,135,130,116,114,76,61,23,3,0,1,0,2,0,5
15,59,100,121,110,51,14,31,52,101,131,138,143,131,110,70,46,0,0,0,0,0,0,0
15,100,111,68,30,17,14,50,57,73,117,129,129,122,113,102,54,14,7,5,0,0,0,0
60,79,25,11,8,0,13,56,52,53,69,95,108,111,110,73,49,18,11,2,9,8,13,9
51,51,13,0,0,0,14,63,55,57,57,66,101,111,99,80,58,47,12,7,9,7,7,0
14,13,12,10,11,12,13,46,53,53,60,62,69,74,84,88,67,52,26,4,2,0,4,0
7,13,20,9,13,14,25,27,38,48,54,50,52,50,74,96,82,40,26,13,10,13,10,9
0,9,0,1,1,11,12,14,12,12,78,120,154,173,203,159,157,88,42,21,14,12,5,8
0,6,0,8,9,6,11,2,6,41,102,141,208,242,241,195,153,127,97,14,10,3,8,4
14,9,12,7,0,8,10,14,62,70,121,152,179,216,209,200,169,146,105,34,32,16,8,7
0,0,0,4,12,14,34,40,101,135,136,153,209,231,229,208,142,113,70,40,10,6,2,4
0,0,6,13,23,8,27,52,100,120,184,200,177,198,188,167,139,106,49,7,0,0,0,3
10,5,10,8,0,14,70,104,114,129,172,197,171,158,146,142,119,102,73,17,10,4,2,0
11,12,13,10,13,65,97,103,115,117,127,159,164,146,115,112,88,56,14,13,0,0,0,6
10,11,10,29,24,98,105,109,109,114,126,126,133,78,86,64,12,5,12,13,0,0,0,0
10,11,10,7,57,77,84,89,102,111,106,105,58,39,22,2,2,8,8,11,3,0,11,6
12,13,6,66,102,104,112,70,92,100,55,37,14,13,4,4,0,0,0,3,0,0,5,9
0,2,69,66,101,109,121,107,84,56,14,6,10,2,0,7,10,2,5,9,2,1,6,7
5,10,75,91,80,53,60,52,51,20,12,14,11,5,4,28,27,18,12,0,11,13,11,6
8,7,10,56,58,57,58,46,47,42,31,14,12,6,8,14,16,9,12,5,3,11,12,10
0,0,0,18,57,68,79,71,72,71,52,13,4,11,1,3,9,8,8,2,0,11,10,3
2,0,0,3,48,103,109,128,113,83,52,7,8,8,0,2,9,9,6,8,7,0,3,7
8,0,0,0,12,58,108,131,125,81,50,9,7,0,3,3,4,6,2,0,0,0,4,5
0,0,0,0,8,13,60,96,107,84,51,13,10,1,0,3,5,4,0,1,0,0,7,9
0,0,0,0,0,3,12,55,73,72,52,21,7,7,0,0,7,0,0,8,0,0,7,7
0,4,0,0,0,8,11,14,51,54,57,40,13,8,0,5,7,0,0,11,1,0,7,4
0,0,0,0,3,1,8,10,9,27,50,42,13,12,10,9,7,0,1,5,0,0,2,0
2,0,0,0,0,0,0,8,7,14,19,41,54,14,8,7,0,0,3,1,0,0,2,0
0,0,0,0,0,0,0,0,1,12,14,36,42,30,7,3,0,4,0,0,0,3,0,5
33,12,3,0,0,5,0,0,9,13,15,50,50,46,11,4,2,1,6,4,0,0,0,0
53,55,8,2,1,2,10,6,6,10,42,56,53,7,0,3,0,0,7,0,0,3,4,7
52,42,13,5,8,0,0,0,8,23,70,63,5,0,0,0,0,1,3,0,0,4,7,3
50,14,13,11,10,3,7,9,10,12,10,1,8,11,4,0,0,4,0,2,6,0,8,7

12,12,12,13,13,11,8,10,10,6,0,0,0,7,13,8,8,7,0,0,3,1,9,3
32,14,28,50,47,51,50,15,9,9,0,0,4,8,9,0,3,1,0,0,0,10,3,5
48,48,51,51,53,57,56,38,12,12,8,10,11,0,8,10,2,6,2,1,9,3,3,2
44,42,39,40,44,54,49,10,39,44,54,23,13,14,9,10,12,11,14,11,5,0,4,4
24,48,44,43,45,18,8,59,134,196,165,73,32,11,3,0,1,7,17,13,12,2,4,5
33,39,28,27,15,13,54,124,234,317,224,115,57,38,20,7,8,10,9,22,13,8,5,0
11,13,14,14,14,29,83,177,233,245,199,143,99,56,12,10,10,9,6,7,8,0,0,0
7,6,9,9,8,57,117,196,222,206,195,137,87,67,36,11,4,3,5,4,3,0,0,0
11,3,6,11,51,77,129,175,196,185,155,101,77,63,54,30,6,5,9,0,0,6,9,0
5,7,12,32,61,103,134,143,146,115,88,105,82,70,66,15,6,0,0,7,4,4,2,0
12,20,34,48,66,86,94,91,67,77,112,101,98,86,69,57,26,7,0,2,0,0,0,1
3,52,65,84,82,63,52,24,50,96,135,130,117,114,76,61,23,3,0,0,0,2,0,5
14,59,100,121,111,52,14,32,52,101,131,138,143,131,110,71,47,0,0,0,0,0,0,0
17,100,111,69,27,15,14,47,57,72,117,128,129,122,114,102,54,14,7,5,0,0,0,0
59,79,25,11,8,0,13,56,52,53,69,95,108,111,110,74,49,17,11,2,9,7,13,9
51,51,13,0,0,0,14,62,55,57,57,65,101,111,99,80,58,47,12,7,9,7,7,0
14,13,12,10,11,12,13,45,53,53,59,62,70,74,84,88,67,52,26,4,2,0,4,0
7,13,20,9,13,14,25,27,38,47,53,50,52,51,75,96,82,41,26,13,10,13,10,9
0,9,0,1,0,11,12,14,12,12,78,120,154,173,204,159,157,88,42,21,14,12,5,8
0,6,0,8,9,6,11,2,5,41,102,140,209,242,241,195,153,127,96,14,10,3,8,4
14,9,12,7,0,8,10,14,62,70,120,152,179,217,209,200,168,146,105,34,32,16,8,7
0,0,0,4,12,14,35,40,101,135,135,152,209,232,230,208,142,113,70,40,10,6,2,4
0,0,6,13,23,9,27,52,100,120,184,201,177,198,189,168,139,106,50,7,0,0,0,3
10,5,10,8,1,14,70,104,114,130,172,197,171,158,146,142,119,102,74,17,10,4,2,0
11,12,14,10,13,65,96,103,115,117,127,159,164,146,115,112,88,55,14,13,0,0,0,6
10,11,10,32,25,98,105,109,109,114,126,126,133,78,85,61,12,5,12,13,0,0,0,0
10,11,10,7,56,76,84,89,102,111,106,105,58,39,22,2,2,8,8,11,3,0,11,6
12,13,6,66,102,104,112,70,92,100,55,37,14,13,4,4,0,0,0,3,0,0,5,9
0,2,69,66,101,109,121,107,85,56,14,6,10,2,0,7,10,2,5,9,2,1,6,7
5,10,75,91,79,53,60,52,51,20,13,14,11,5,4,28,27,18,12,0,11,13,11,6
8,7,10,56,58,57,58,46,47,42,31,14,12,6,8,14,16,9,12,5,3,11,12,10
0,0,0,21,58,68,79,71,71,71,52,13,4,11,1,3,9,8,8,2,0,11,10,3
2,0,0,3,50,103,110,127,112,83,52,7,8,8,0,2,9,9,6,8,6,0,3,7
8,0,0,0,12,58,108,131,125,81,50,9,7,0,3,3,4,6,1,0,0,0,4,5
0,0,0,0,8,13,60,96,107,84,51,13,10,1,0,4,5,4,0,1,0,0,7,9
0,0,0,0,0,3,12,55,73,72,53,20,8,7,0,0,7,0,0,8,0,0,7,7
0,4,0,0,0,8,12,14,51,55,57,41,13,9,0,5,7,0,0,11,1,0,7,4
0,0,0,0,3,3,9,10,9,30,50,43,13,12,10,9,7,0,1,5,0,0,2,0
2,0,0,0,0,0,0,9,8,14,22,43,55,14,8,7,0,0,3,2,0,0,2,0
0,0,0,0,0,0,0,0,1,13,14,37,43,34,8,3,0,4,0,0,0,3,0,5
14,11,1,0,0,5,0,0,9,13,15,50,47,44,11,2,3,1,5,4,0,0,0,0
51,52,7,2,1,3,10,5,6,10,37,55,53,7,0,2,0,0,7,0,0,3,4,7
50,27,11,3,7,0,0,0,7,20,65,62,5,0,0,0,0,1,3,0,0,4,7,3
36,13,12,11,9,2,6,8,10,12,9,1,8,11,4,0,0,4,0,2,6,0,8,7

12,12,12,13,13,11,8,10,10,6,0,0,0,7,13,8,8,7,0,0,3,1,9,3
31,14,27,50,46,51,50,15,9,9,0,0,3,8,9,0,3,1,0,0,0,10,3,5
48,47,51,51,53,57,56,36,12,11,7,10,11,0,8,10,2,6,2,1,9,3,3,2
44,42,39,40,44,54,49,10,40,45,54,22,13,14,9,10,12,11,14,11,5,0,4,4
23,47,44,41,45,18,8,59,134,196,165,73,32,11,3,0,1,7,17,13,12,2,4,5
33,39,28,27,16,13,54,124,235,317,223,115,57,37,20,7,8,10,9,22,13,8,5,0
11,13,14,14,14,30,84,177,233,246,199,143,100,56,12,10,10,9,6,7,8,0,0,0
7,6,9,9,8,57,117,196,223,207,195,137,87,67,38,11,4,3,5,4,4,0,0,0
11,3,6,11,51,77,129,175,195,185,156,102,77,63,54,32,6,5,9,0,0,6,9,0
5,7,11,32,61,103,134,143,146,115,89,106,82,71,66,15,6,0,0,7,5,4,3,0
12,20,35,47,66,86,94,91,67,77,112,101,99,87,69,58,26,7,0,2,0,0,0,1
3,52,65,84,82,63,52,25,50,96,134,130,117,115,77,61,25,3,0,1,0,2,0,5
14,58,100,121,111,52,14,32,52,100,131,138,143,131,110,71,47,0,0,0,0,0,0,0
17,100,111,70,29,16,14,47,57,72,116,128,129,123,113,102,54,14,7,5,0,0,0,0
59,80,26,11,8,0,13,56,52,53,69,95,108,111,111,73,49,18,11,2,9,8,13,9
51,51,13,0,0,0,14,62,54,57,57,65,101,110,99,80,58,47,12,7,9,7,7,0
14,13,12,10,11,12,13,44,53,53,59,62,69,73,84,88,67,52,26,4,2,0,4,0
8,13,20,9,13,14,25,26,37,47,53,49,52,51,75,96,82,41,26,13,11,13,10,9
0,9,0,1,0,11,12,14,12,12,80,120,155,174,204,159,158,88,43,22,14,12,5,8
0,6,0,8,9,6,11,2,6,44,102,140,209,243,242,195,153,127,96,14,10,3,8,4
14,9,11,7,0,8,10,14,62,70,120,152,179,217,209,200,168,146,105,34,32,15,8,7
0,0,0,4,12,14,35,40,101,135,135,152,209,232,230,208,142,113,70,40,10,6,2,4
0,0,6,13,22,8,27,52,100,120,184,201,177,198,188,168,139,106,50,7,0,0,0,3
10,6,10,8,1,14,70,104,114,130,172,197,171,159,146,142,119,102,74,17,10,4,2,0
10,12,13,10,13,64,96,103,115,117,127,159,164,146,115,112,87,54,14,13,0,0,0,6
10,11,10,35,29,100,105,109,109,114,126,126,133,77,85,65,12,5,12,13,0,0,0,0
10,11,10,7,55,75,84,89,102,111,106,105,58,38,21,2,2,8,8,11,3,0,11,6
12,13,6,66,102,104,112,69,92,100,56,37,14,13,4,4,0,0,0,3,0,0,5,9
0,3,69,66,101,109,121,107,84,56,14,6,10,2,0,7,10,2,5,9,2,1,6,7
5,11,75,91,80,53,60,52,51,21,13,14,11,5,4,28,27,18,12,0,11,13,11,6
8,7,10,56,58,57,58,46,47,42,31,14,12,6,8,14,16,9,12,5,3,11,12,10
0,0,0,22,58,68,79,71,71,71,52,12,4,11,1,3,9,8,8,1,0,11,10,3
1,0,0,3,50,103,109,128,112,83,52,7,8,8,0,2,9,9,6,8,6,0,3,7
8,0,0,0,12,58,108,131,125,81,50,9,7,0,3,3,4,6,2,0,0,0,4,5
0,0,0,0,8,13,60,96,107,83,51,13,10,1,0,3,5,4,0,1,0,0,7,9
0,0,0,0,0,4,13,55,73,72,53,22,8,7,0,0,7,0,0,9,0,0,7,7
0,4,0,0,0,9,12,14,51,54,57,40,13,9,0,5,7,0,0,11,0,0,7,4
0,0,0,0,4,3,9,11,9,28,50,42,13,12,10,10,7,0,1,5,0,0,2,0
1,0,0,0,0,0,0,9,8,14,19,41,54,14,8,7,0,0,3,2,0,0,2,0
0,0,0,0,0,0,0,1,2,13,14,37,43,35,8,3,0,4,0,0,0,3,0,5
13,11,0,0,0,5,0,0,9,13,16,50,48,45,11,3,3,1,5,4,0,0,0,0
51,52,7,1,1,3,10,6,6,10,39,56,54,8,0,3,0,0,7,0,0,3,4,7
44,24,11,2,7,0,0,0,8,22,65,63,5,0,0,0,0,1,3,0,0,4,7,3
32,13,12,11,9,2,6,9,10,13,10,1,8,11,4,0,0,4,0,2,6,0,8,7

12,12,12,13,13,11,8,10,10,6,0,0,0,7,13,9,8,7,0,0,3,1,9,3
34,14,28,50,48,51,51,15,9,9,0,0,3,8,9,0,3,1,0,0,0,10,3,5
47,47,51,51,53,57,56,36,11,12,7,10,11,0,8,10,2,6,2,1,9,3,3,2
45,43,40,41,46,54,50,10,40,45,54,22,13,14,9,10,12,12,14,11,5,0,4,4
22,46,43,41,45,18,8,59,134,196,164,73,31,11,3,0,1,7,17,13,11,2,4,5
35,39,28,28,16,13,54,124,235,317,223,115,57,38,20,7,8,11,9,22,13,8,5,0
11,13,14,14,14,30,84,177,232,245,199,143,100,56,12,10,10,9,6,7,8,0,0,0
7,6,9,9,8,57,118,196,223,207,195,137,87,67,38,11,4,3,5,4,4,0,0,0
11,3,6,11,51,77,129,174,195,185,156,102,77,63,54,32,6,5,9,0,0,6,9,0
5,7,12,32,62,103,134,143,146,115,89,106,82,71,66,17,6,0,0,7,5,4,3,0
12,19,34,47,66,86,94,91,67,77,112,101,99,86,69,58,26,7,0,2,0,0,0,1
3,52,65,84,83,63,52,26,50,96,135,131,117,115,77,61,25,3,0,1,0,2,0,5
14,58,100,121,111,52,14,31,52,100,131,138,143,132,110,71,48,0,0,0,0,0,0,0
19,100,111,70,30,16,14,48,57,72,116,128,129,123,114,102,55,14,7,5,0,0,0,0
59,78,26,11,8,0,13,56,51,53,69,94,108,111,110,73,48,17,11,2,9,8,13,9
51,52,14,0,0,0,14,62,55,57,57,65,101,110,99,80,58,47,12,7,9,7,7,0
14,13,12,10,11,12,13,43,53,53,59,62,69,73,84,88,67,52,26,4,2,0,4,0
8,13,21,9,13,14,25,26,37,47,53,50,52,51,75,96,82,41,26,13,11,13,10,9
0,9,0,1,0,11,12,13,12,12,78,120,155,174,204,159,157,88,42,21,14,12,5,8
1,6,0,8,9,6,11,2,6,44,102,140,209,243,242,195,153,127,97,14,10,3,8,4
14,8,11,7,0,8,10,14,61,70,120,152,179,217,209,200,168,146,105,34,32,15,8,7
0,0,0,5,12,14,35,40,101,135,135,152,210,232,231,208,142,113,71,41,10,6,2,4
0,0,6,13,23,9,27,52,100,120,184,201,177,198,189,168,139,106,49,7,0,0,0,3
10,6,10,8,2,16,70,104,114,130,172,198,172,159,146,142,119,102,74,17,10,4,2,0
11,12,13,10,13,64,95,103,115,117,127,159,164,146,115,112,87,56,14,13,0,0,0,6
10,11,11,37,29,100,105,109,109,114,126,126,133,77,85,64,12,5,12,13,0,0,0,0
10,11,10,7,56,76,83,89,102,111,106,105,57,38,20,2,2,8,8,11,3,0,11,6
12,13,6,67,102,104,112,70,93,100,56,38,14,13,4,4,0,0,0,3,0,0,5,9
0,3,68,66,101,109,121,107,84,56,14,6,9,2,0,7,10,1,5,9,2,1,6,7
5,11,75,91,80,53,60,52,51,21,13,14,11,5,4,28,27,18,12,0,11,13,11,6
8,7,10,56,58,57,58,46,47,42,30,14,12,7,8,14,16,9,12,5,3,11,12,10
0,0,0,22,58,69,79,71,72,71,52,13,4,11,1,3,9,8,8,1,0,11,10,3
1,0,0,3,50,103,109,127,112,83,52,7,8,8,0,2,9,9,6,8,6,0,3,7
8,0,0,0,12,58,108,131,125,81,50,9,7,0,3,3,4,6,1,0,0,0,4,5
0,0,0,0,8,13,60,96,107,83,51,13,10,1,0,3,5,4,0,1,0,0,7,9
0,0,0,0,0,4,12,55,73,72,53,22,8,7,0,0,7,0,0,8,0,0,7,7
0,4,0,0,0,8,12,14,51,54,57,40,13,8,0,5,7,0,0,11,0,0,7,4
0,0,0,0,4,3,9,10,9,30,50,43,13,12,10,9,7,0,1,5,0,0,2,0
2,0,0,0,0,0,0,8,8,14,19,41,54,14,8,7,0,0,3,1,0,0,2,0
0,0,0,0,0,0,0,0,2,13,14,37,43,34,8,3,0,4,0,0,0,3,0,5
25,12,2,0,0,5,0,0,9,13,15,50,50,46,11,3,3,1,5,4,0,0,0,0
52,54,8,3,1,3,10,6,6,10,39,56,54,7,0,3,0,0,7,0,0,3,4,7
50,31,12,5,8,0,0,0,7,23,65,63,5,0,0,0,0,1,3,0,0,4,6,3
33,14,13,11,9,3,7,9,10,13,10,1,8,11,4,0,0,4,0,2,6,0,8,7

12,12,11,13,13,11,8,10,10,6,0,0,0,7,13,8,8,7,0,0,2,1,9,3
33,15,28,50,48,52,50,15,9,9,0,0,3,8,9,0,3,1,0,0,0,10,3,5
48,47,51,51,53,57,56,36,11,11,7,10,11,0,8,10,2,6,2,1,9,3,3,2
44,42,40,40,45,54,49,10,42,46,54,22,13,14,9,10,12,11,14,11,5,0,4,4
24,46,43,41,45,17,8,59,134,196,164,73,30,11,3,0,1,7,17,13,12,2,4,5
34,39,28,27,16,13,54,124,235,318,223,115,57,38,20,7,8,10,9,22,13,8,5,0
11,13,14,14,14,29,84,177,233,246,199,144,100,56,12,11,10,9,6,7,8,0,0,0
7,6,9,9,8,57,117,196,223,207,196,138,87,67,38,11,4,3,5,4,4,0,0,0
11,3,6,11,51,77,129,174,195,185,156,102,77,63,54,30,6,5,9,0,0,6,9,0
5,7,12,32,61,103,134,142,146,115,89,106,82,71,67,16,6,0,0,7,5,4,3,0
12,20,34,48,66,86,93,90,67,77,112,101,99,87,69,58,26,8,0,2,0,0,0,1
3,52,66,85,83,63,51,25,50,96,134,131,117,115,77,61,25,3,0,0,0,2,0,5
15,58,100,121,111,52,14,31,51,100,131,138,143,131,110,71,48,0,0,0,0,0,0,0
17,100,111,69,29,17,14,48,57,72,116,128,129,123,114,102,55,14,7,5,0,0,0,0
59,78,26,11,8,0,13,56,52,53,69,95,108,111,110,73,49,17,11,2,9,7,13,9
51,52,14,0,0,0,14,62,55,57,57,65,101,110,99,80,58,47,12,7,9,7,7,0
14,13,12,10,11,12,13,43,53,53,59,62,69,73,84,88,67,52,26,4,2,0,4,0
8,13,21,9,13,14,25,27,38,47,53,50,52,51,75,96,82,41,26,13,11,13,10,9
0,9,0,1,0,11,12,13,12,12,78,120,155,174,203,159,157,87,42,21,14,12,5,8
0,6,0,8,9,6,11,2,6,44,102,140,209,243,241,195,153,127,97,14,10,3,8,4
14,8,11,7,0,8,10,14,62,70,120,152,178,217,209,200,169,146,105,34,32,15,8,7
0,0,0,5,12,14,34,40,101,135,136,153,210,232,230,208,142,113,70,41,10,6,2,4
0,0,6,13,23,9,28,52,100,120,184,201,177,198,189,168,139,106,50,7,0,0,0,3
10,6,10,8,2,16,71,104,114,130,172,198,172,159,146,142,119,102,74,17,10,4,2,0
11,12,13,10,13,64,96,103,115,117,127,159,164,146,115,112,88,56,14,13,0,0,0,6
10,11,11,39,27,100,105,109,109,114,126,127,133,79,86,64,12,5,12,13,0,0,0,0
10,11,11,7,57,77,83,89,102,111,106,105,57,40,21,2,2,8,8,11,3,0,11,6
12,13,6,66,102,104,112,70,93,100,56,37,14,13,4,4,0,0,0,3,0,0,4,9
0,3,69,66,101,109,121,107,84,56,14,6,10,2,0,7,10,2,5,9,2,1,6,7
5,11,76,91,80,53,60,52,51,21,13,14,11,5,4,29,27,18,12,0,11,13,10,6
8,7,10,55,57,57,58,46,47,42,31,14,12,6,8,14,16,9,12,5,3,11,12,10
0,0,0,21,58,69,79,71,72,70,52,12,4,11,1,3,9,8,8,1,0,11,10,3
2,0,0,3,50,103,109,127,112,83,53,7,8,8,0,2,9,9,6,8,6,0,3,7
8,0,0,0,12,58,108,131,125,81,50,9,7,0,3,3,4,6,1,0,0,0,4,5
0,0,0,0,8,13,60,96,107,83,51,13,10,1,0,3,5,4,0,1,0,0,7,9
0,0,0,0,0,3,13,56,73,72,53,23,8,7,0,0,7,0,0,8,0,0,7,7
0,4,0,0,0,8,12,14,51,55,57,40,13,9,0,5,7,0,0,11,0,0,6,4
0,0,0,0,4,2,9,10,9,31,50,43,13,12,10,9,7,0,1,5,0,0,2,0
3,0,0,0,0,0,0,8,8,14,20,41,54,14,8,7,0,0,3,1,0,0,2,0
0,0,0,0,0,0,0,0,2,13,14,37,42,33,8,3,0,4,0,0,0,2,0,5
34,13,3,0,0,5,0,0,9,13,16,50,48,46,11,3,3,1,5,4,0,0,0,0
52,54,9,4,1,3,10,5,7,10,38,56,54,7,0,3,0,0,7,0,0,3,4,7
51,35,12,6,8,0,0,0,3,24,65,63,5,0,0,0,0,1,3,0,0,4,6,3
35,14,13,12,10,3,7,10,10,13,10,1,8,11,4,0,0,4,0,2,6,0,8,7

12,12,12,14,13,11,8,10,10,6,0,0,0,7,13,8,8,7,0,0,2,1,9,3
31,14,28,50,48,51,50,15,9,9,0,0,3,8,9,0,3,1,0,0,0,10,3,5
48,45,51,51,53,57,56,37,12,11,7,10,11,0,8,10,2,6,2,1,9,3,3,2
44,42,40,40,45,54,49,10,40,45,54,22,13,14,9,10,12,11,14,11,5,0,4,4
25,47,44,43,45,19,8,59,134,196,164,73,31,11,3,0,1,7,17,13,12,3,4,5
33,39,28,28,16,13,54,124,235,317,223,115,56,38,20,7,8,10,9,22,13,8,5,0
11,13,14,14,14,30,84,177,233,245,199,143,99,56,12,10,10,9,6,7,8,0,0,0
7,6,9,9,8,57,117,196,222,206,195,137,87,67,36,11,4,3,5,4,4,0,0,0
11,4,6,11,51,77,129,174,195,184,155,101,77,63,54,31,6,5,9,0,0,6,9,0
5,7,12,32,61,103,134,142,145,114,89,106,82,71,67,15,6,0,0,7,5,4,2,0
12,20,34,47,66,86,94,90,67,77,112,101,98,86,69,58,26,7,0,2,0,0,0,1
3,52,65,84,83,63,51,26,50,96,135,131,117,115,77,61,25,3,0,1,0,2,0,5
15,59,100,121,111,52,14,32,51,100,131,138,143,131,110,71,49,0,0,0,0,0,0,0
15,100,111,69,29,16,14,47,57,72,117,129,129,123,114,102,55,14,7,5,0,0,0,0
60,80,27,11,8,0,13,56,52,53,69,95,109,111,111,74,49,18,11,2,9,7,13,9
51,52,14,0,0,0,14,62,55,57,57,66,101,110,99,80,58,48,12,7,9,7,7,0
14,13,12,10,11,12,13,44,53,53,59,62,69,74,84,88,67,52,27,4,2,0,4,0
8,13,21,9,13,14,25,27,38,48,54,50,52,51,75,96,82,41,26,13,10,13,10,9
0,9,0,1,0,11,12,14,12,12,78,120,153,173,202,158,157,87,43,21,14,12,5,8
0,6,0,8,9,6,11,2,6,44,102,140,209,242,241,195,152,127,96,14,10,3,8,4
14,8,11,7,0,8,10,14,62,70,120,152,178,216,208,200,168,146,105,34,32,15,8,7
0,0,0,5,12,14,34,40,101,135,136,153,210,232,230,208,142,113,70,41,10,6,2,4
0,0,6,13,23,9,28,52,100,120,184,201,177,198,188,168,139,106,49,7,0,0,0,3
10,6,10,8,2,16,70,104,114,130,172,198,171,159,146,142,119,102,74,16,10,4,2,0
11,12,13,11,13,65,97,103,115,117,127,159,164,146,116,112,88,56,14,13,0,0,0,6
10,11,11,40,29,100,105,109,109,114,126,127,133,77,85,68,13,5,12,13,0,0,0,0
10,11,11,8,57,78,84,90,102,111,106,105,58,40,23,3,2,8,8,11,3,0,11,6
12,13,6,67,102,104,112,69,93,100,56,38,14,13,4,4,0,0,0,3,0,0,4,9
0,3,70,66,102,109,121,107,84,56,15,6,10,2,0,7,10,2,5,9,2,1,6,7
5,11,75,91,79,53,60,52,51,22,13,14,11,5,4,29,27,17,12,0,11,13,10,6
8,7,10,56,58,57,58,46,47,42,31,14,12,6,8,14,16,9,12,5,3,11,12,10
0,1,0,22,58,68,79,71,72,70,52,12,4,11,1,3,8,8,8,0,0,11,10,3
2,0,0,3,50,103,110,128,112,83,53,7,8,8,0,2,9,9,6,8,6,0,3,7
8,0,0,0,12,58,108,131,125,81,50,9,7,0,3,3,4,6,1,0,0,0,4,5
0,0,0,0,8,13,60,96,107,84,51,13,10,1,0,3,5,4,0,0,0,0,7,9
0,0,1,0,0,4,13,55,73,72,53,23,8,7,0,0,7,0,0,8,0,0,7,7
0,5,1,0,0,9,12,14,51,54,57,40,13,9,0,5,7,0,0,11,0,0,6,4
0,0,0,0,4,3,9,10,9,29,50,43,13,12,10,9,7,0,1,5,0,0,1,0
3,0,0,0,0,0,0,8,8,14,21,41,54,14,8,7,0,0,3,1,0,0,1,0
0,0,0,0,0,0,0,0,2,13,14,37,43,33,8,3,0,4,0,0,0,2,0,5
25,12,2,0,0,6,0,0,9,13,17,50,47,46,11,3,3,1,5,4,0,0,0,0
52,54,8,3,1,3,10,5,7,10,38,56,54,7,0,3,0,0,7,0,0,3,4,7
50,33,12,5,8,0,0,2,3,25,66,63,5,0,0,0,0,1,3,0,0,4,6,3
30,13,12,11,10,3,7,10,11,13,10,1,8,11,4,0,0,4,0,2,6,0,8,7

12,12,12,13,13,11,8,10,10,6,0,0,0,7,14,9,8,7,0,0,3,1,9,3
29,14,27,50,47,51,50,14,9,9,0,0,3,8,9,0,3,1,0,0,0,10,3,5
50,48,51,51,53,57,57,38,12,12,7,10,11,0,8,10,2,6,2,1,9,3,3,2
43,42,40,40,44,54,49,10,40,45,54,22,13,14,9,10,12,11,14,11,5,0,4,4
27,47,43,45,47,19,8,59,134,196,164,73,30,11,3,0,1,7,17,13,12,3,4,5
33,39,29,27,16,13,54,125,236,319,223,115,57,37,19,7,8,10,9,22,13,8,5,0
11,13,14,14,14,30,84,178,233,246,199,143,99,56,12,10,10,9,6,7,8,0,0,0
6,6,9,9,8,57,117,196,222,206,195,137,87,67,36,11,4,3,5,4,4,0,0,0
11,3,6,11,51,77,129,174,195,184,154,101,77,63,54,31,6,5,9,0,0,6,9,0
5,7,12,31,61,103,134,142,145,114,88,106,82,71,66,15,5,0,0,7,5,4,3,0
12,20,34,47,66,86,94,90,67,77,112,101,98,86,69,57,25,7,0,2,0,0,0,1
3,52,65,84,83,63,51,25,50,96,135,131,117,114,76,60,23,3,0,1,0,2,0,5
14,58,100,121,111,52,14,32,51,100,131,138,143,131,110,71,47,0,0,0,0,0,0,0
15,100,111,69,29,16,14,48,57,72,117,129,129,123,114,102,55,14,7,6,0,0,0,0
59,80,27,11,8,0,13,57,52,53,70,96,109,111,111,74,49,18,11,2,9,7,13,9
51,51,13,0,0,0,14,63,55,57,57,66,101,111,99,80,58,47,12,7,9,7,7,0
14,13,12,10,11,12,13,47,53,53,60,62,70,74,85,88,67,52,26,4,2,0,4,0
8,13,21,9,13,14,26,27,38,48,54,50,52,50,74,96,82,41,26,13,10,13,10,9
0,9,0,1,1,11,12,14,12,12,79,120,153,172,202,158,156,87,42,21,14,12,5,8
0,6,0,8,9,6,11,2,6,46,102,140,208,241,240,194,152,126,96,14,10,3,8,4
14,8,11,7,0,9,10,14,62,70,121,152,179,216,208,200,168,146,105,34,32,15,8,7
0,0,0,5,13,14,35,40,102,135,136,153,210,232,229,208,142,113,70,41,10,6,2,4
0,0,5,13,23,9,28,52,100,120,184,201,177,198,189,168,139,106,50,7,0,0,0,3
10,6,10,8,3,16,71,104,114,130,173,198,172,159,146,142,119,102,74,17,10,4,2,0
11,12,14,11,14,65,96,103,115,117,127,160,164,146,115,112,87,56,14,13,0,0,0,6
10,11,11,39,26,100,105,109,109,114,126,127,133,77,85,64,13,5,12,13,0,0,0,0
10,11,11,7,57,78,83,90,102,111,106,105,59,40,25,3,2,8,8,11,3,0,11,6
12,13,6,67,102,104,113,69,93,100,56,36,14,13,4,5,0,0,0,3,0,0,4,9
0,3,70,66,102,109,121,107,84,56,15,6,9,2,0,7,10,1,4,9,2,1,6,7
5,11,75,91,79,53,61,52,51,22,13,14,11,5,4,28,27,17,12,0,11,13,10,6
8,7,10,55,57,57,58,47,47,42,31,14,12,7,8,14,16,9,12,5,3,11,12,10
0,1,0,21,57,68,79,71,72,70,52,12,5,11,1,2,8,8,8,0,0,11,10,3
2,0,0,3,50,103,110,128,113,83,53,7,8,8,0,2,9,9,6,8,6,0,3,7
8,0,0,0,12,58,108,131,125,81,50,9,7,0,3,3,4,6,1,0,0,0,3,5
0,0,0,0,9,13,60,96,107,83,51,13,10,1,0,4,5,4,0,0,0,0,7,9
0,0,1,0,0,4,13,56,73,72,53,23,8,7,0,0,7,0,0,8,0,0,7,7
0,5,0,0,0,9,12,14,51,55,57,40,13,9,0,4,7,0,0,11,0,0,7,4
0,0,0,0,4,4,9,10,10,29,50,42,13,12,10,9,7,0,1,5,0,0,1,0
3,0,0,0,0,0,0,9,8,14,21,42,54,14,8,7,0,0,3,1,0,0,1,0
0,0,0,0,0,0,0,0,2,13,14,37,42,34,8,3,0,4,0,0,0,2,0,5
16,12,1,0,0,6,0,0,9,14,16,50,50,50,11,3,3,1,5,4,0,0,0,0
51,53,7,3,1,3,10,5,6,10,38,56,54,8,0,3,0,0,7,0,0,3,4,7
50,30,12,4,8,0,0,2,3,25,65,63,6,0,0,0,0,1,3,0,0,4,6,3
31,13,12,11,9,3,6,11,10,13,10,1,8,11,4,0,0,4,0,2,6,0,8,7

12,12,12,13,13,11,8,10,10,6,0,0,0,7,13,9,8,7,0,0,3,1,9,3
33,14,28,50,47,51,50,14,9,9,0,0,3,8,9,0,3,1,0,0,0,10,3,5
48,50,52,51,53,57,56,36,12,11,7,10,11,0,8,10,2,6,2,1,9,3,3,2
44,43,40,40,45,54,50,10,39,45,54,20,13,14,9,10,12,11,14,11,5,0,4,4
25,48,44,44,47,20,8,59,134,196,164,73,30,11,2,0,1,7,17,13,12,3,4,5
34,39,28,28,16,13,54,124,235,317,222,114,56,37,19,7,8,10,9,22,13,8,5,0
11,13,14,14,14,30,84,177,233,245,198,143,99,56,12,10,10,9,6,7,8,0,0,0
7,6,9,9,8,57,117,196,222,206,195,137,87,67,36,11,4,3,5,4,4,0,0,0
11,4,6,11,51,77,129,174,195,184,154,102,77,63,54,32,6,5,9,0,0,6,9,0
5,7,11,32,61,103,134,142,145,114,88,106,82,71,66,15,5,0,0,7,5,4,3,1
12,20,34,47,66,86,94,91,67,77,112,101,99,86,69,58,26,7,0,2,0,0,0,1
3,52,65,84,83,63,51,25,50,96,135,131,117,115,77,61,24,3,0,1,0,2,0,5
15,58,100,121,111,52,14,32,51,100,131,138,144,132,111,71,48,0,0,0,0,0,0,0
17,100,111,69,29,16,14,48,57,72,117,129,129,123,114,102,55,14,8,6,0,0,0,0
60,80,27,11,8,0,13,56,52,53,69,95,109,111,111,74,49,18,11,2,9,7,13,9
51,52,14,0,0,0,14,62,55,57,57,65,101,111,99,80,58,47,12,7,9,7,7,0
14,13,12,10,11,12,13,46,53,53,59,62,70,74,84,88,67,52,25,4,2,0,4,0
8,13,21,9,13,14,26,27,38,48,54,50,52,51,74,96,81,40,26,13,10,13,10,9
0,9,0,1,1,11,12,14,12,12,79,120,154,173,203,159,157,87,42,21,14,12,5,8
0,6,0,8,9,6,11,2,6,46,102,140,208,242,241,195,152,127,96,14,10,3,8,4
14,8,11,7,0,9,10,14,62,70,120,152,178,216,208,200,168,146,105,34,32,15,8,7
0,0,0,6,13,14,34,40,101,135,136,153,210,232,230,208,142,113,70,40,10,6,2,4
0,0,5,13,23,9,28,52,100,120,184,201,178,198,189,168,139,106,50,7,0,0,0,3
10,6,10,8,3,17,70,104,114,130,173,198,172,159,147,142,119,102,74,16,10,4,2,0
11,12,14,11,14,65,97,103,115,117,127,160,164,146,116,112,88,58,14,13,0,0,0,6
10,11,11,41,29,100,105,109,109,114,126,127,133,78,86,64,13,5,12,13,0,0,0,0
10,11,11,7,57,77,83,89,102,111,106,105,58,38,21,2,2,8,8,11,3,0,11,6
12,13,7,67,102,104,113,69,93,100,56,37,14,13,4,4,0,0,0,3,0,0,4,9
0,3,70,66,101,109,121,107,84,56,15,6,10,2,0,7,10,1,4,9,2,1,6,7
5,11,75,91,79,53,61,52,51,22,13,14,11,5,4,28,27,17,12,0,11,13,10,6
8,7,10,55,57,57,58,46,47,42,31,14,12,6,8,14,16,8,12,5,3,11,12,10
1,1,0,23,57,68,79,71,72,71,52,12,4,11,1,2,9,8,8,0,0,11,10,3
2,0,0,3,50,103,109,128,113,83,53,7,8,8,0,2,8,9,6,8,6,0,3,7
9,0,0,0,12,58,108,131,125,81,50,9,7,0,3,3,4,6,1,0,0,0,4,5
0,0,0,0,8,13,60,96,107,83,51,13,10,1,0,3,5,4,0,0,0,0,7,9
0,0,0,0,0,4,13,55,73,72,53,22,8,7,0,0,7,0,0,8,0,0,7,7
0,5,1,0,0,9,12,14,51,54,57,40,13,9,0,5,7,0,0,11,0,0,6,4
0,0,0,0,4,3,9,10,10,29,50,43,13,12,10,9,7,0,1,5,0,0,1,0
3,0,0,0,0,0,0,8,8,14,21,42,54,14,8,7,0,0,3,1,0,0,1,0
0,0,0,0,0,0,0,0,2,13,14,37,41,34,8,3,0,4,0,0,0,2,0,5
33,13,3,0,0,6,0,0,9,13,16,50,50,48,11,3,3,1,5,4,0,0,0,0
52,55,9,4,1,3,10,5,7,10,39,56,54,7,0,3,0,0,7,0,0,3,4,7
51,36,13,6,9,0,0,4,3,24,65,63,5,0,0,0,0,1,3,0,0,4,6,3
37,14,13,12,10,4,7,11,11,13,10,1,8,11,4,0,0,4,0,2,6,0,8,7

12,12,11,13,13,11,8,10,10,6,0,0,0,7,13,8,8,7,0,0,2,1,9,3
34,14,28,50,47,51,51,15,9,9,0,0,3,8,9,0,3,1,0,0,0,10,3,5
47,45,51,51,53,57,56,36,12,11,7,10,11,0,8,10,2,6,2,1,9,3,3,2
46,43,40,41,46,55,50,10,41,45,54,20,13,14,9,10,12,12,14,11,5,0,4,4
23,47,44,43,47,19,8,59,134,196,163,73,31,11,2,0,1,7,17,13,12,2,4,5
36,40,29,28,17,14,55,125,235,317,223,115,57,38,20,7,8,10,9,22,14,8,5,0
11,13,14,14,14,30,84,178,232,245,198,143,100,56,12,11,10,9,6,7,8,0,0,0
7,6,9,9,8,57,118,196,222,206,195,137,87,67,38,11,4,3,5,4,4,0,0,0
11,4,6,11,51,77,129,174,195,184,155,102,77,63,54,32,6,5,9,0,0,6,9,0
5,7,12,32,62,103,134,142,145,114,89,107,83,71,67,17,6,0,0,7,5,4,3,0
12,20,34,47,66,86,94,90,66,76,112,101,99,86,69,58,26,7,0,2,0,0,0,1
3,52,65,85,83,63,52,26,50,95,134,131,117,115,77,61,25,3,0,1,0,2,0,5
14,58,100,121,111,52,14,32,51,100,131,138,144,132,111,72,48,0,0,0,0,0,0,0
19,100,111,70,30,17,14,48,57,72,116,129,129,123,114,102,55,14,8,5,0,0,0,0
59,80,27,11,8,0,13,55,52,53,69,95,108,111,111,73,48,18,11,2,9,7,13,9
51,52,14,0,0,0,14,62,54,57,57,65,101,110,99,79,58,47,12,7,9,7,7,0
14,13,12,10,11,12,13,44,53,53,59,62,69,73,84,88,67,52,26,4,2,0,3,0
8,13,21,9,13,14,26,27,38,48,53,50,52,51,75,96,82,41,26,13,10,13,10,9
0,9,0,1,1,11,12,14,12,12,78,120,155,174,204,159,157,88,42,21,14,12,5,8
1,6,0,8,9,6,11,2,6,48,102,140,209,243,241,195,152,127,97,14,10,3,8,4
14,8,11,7,0,9,10,14,62,70,120,152,178,217,209,200,168,146,105,34,32,15,8,7
0,0,0,6,13,14,35,40,101,135,136,153,210,232,231,208,142,113,70,41,10,6,2,4
0,0,5,13,23,9,28,52,100,120,184,201,177,199,189,168,139,106,50,7,0,0,0,3
10,6,10,8,3,19,71,104,114,130,173,198,172,160,147,143,119,102,74,17,10,4,2,0
11,12,13,11,14,64,96,103,115,117,127,160,164,146,115,112,88,56,14,13,0,0,0,6
10,11,11,44,31,100,105,109,109,114,126,127,133,77,86,67,13,5,12,13,0,0,0,0
10,11,11,8,56,77,83,89,102,111,106,105,58,40,22,3,2,8,8,11,3,0,11,6
12,13,7,67,102,104,113,69,94,100,56,38,14,13,4,5,0,0,0,3,0,0,4,9
0,3,70,66,102,109,121,107,84,55,15,6,9,2,0,7,10,1,4,9,2,1,6,7
5,11,76,91,79,53,61,52,51,23,13,14,11,5,4,29,27,17,12,0,11,13,10,6
8,7,10,55,57,57,58,46,47,42,31,14,12,6,8,14,15,8,12,5,3,11,12,10
1,1,0,25,58,68,79,71,72,71,52,12,5,11,1,2,8,8,8,0,0,11,10,3
3,0,0,3,50,103,109,127,112,83,52,7,8,8,0,2,9,9,6,8,6,0,3,7
9,0,0,0,13,58,108,131,125,81,50,9,7,0,3,3,4,5,1,0,0,0,4,5
0,0,0,0,8,13,60,96,107,83,51,13,10,1,0,3,5,4,0,0,0,0,7,9
0,0,0,0,0,3,13,56,73,72,53,23,8,7,0,0,7,0,0,8,0,0,7,7
0,5,2,0,0,9,12,14,51,54,57,40,13,8,0,5,7,0,0,11,0,0,6,4
0,0,0,0,4,2,9,10,10,31,50,42,13,12,10,9,7,0,1,5,0,0,1,0
4,0,0,0,0,0,0,8,8,14,21,42,54,14,8,7,0,0,3,1,0,0,1,0
2,0,0,0,0,0,0,0,2,13,14,37,43,36,8,3,0,4,1,0,0,2,0,5
36,12,4,0,0,6,0,0,9,13,16,50,48,46,11,3,3,1,5,4,0,0,0,0
52,55,10,5,1,3,10,5,7,11,39,56,54,8,0,3,0,0,7,0,0,3,4,7
51,36,13,7,9,0,0,4,3,25,65,63,5,0,0,0,0,1,3,0,0,4,6,3
34,14,13,12,10,4,8,11,11,13,10,1,8,11,4,0,0,4,0,2,6,0,8,7
9,22,29,18,25,18,15,13,14,20,10,8,0,0,9,9,7,7,7,7,4,0,0,0
11,27,52,57,58,59,51,38,33,33,12,13,13,6,5,3,10,13,13,12,11,7,0,0
13,47,52,51,45,44,43,27,31,33,20,14,13,9,11,12,22,14,12,12,10,8,0,2
9,50,53,40,47,42,33,35,22,21,29,14,19,10,11,11,13,12,13,10,4,4,0,0
8,23,39,37,32,28,51,24,51,79,67,63,37,10,0,0,0,0,0,0,0,0,0,0
5,8,14,22,32,11,14,66,158,470,463,130,58,47,40,38,26,17,15,12,7,7,4,3
4,3,0,5,9,11,65,113,251,404,375,166,92,60,42,13,12,13,12,11,12,10,4,2
0,0,0,10,11,29,88,158,240,272,216,148,113,65,47,20,16,12,7,4,1,0,0,0
0,2,5,4,13,63,115,181,228,253,227,150,127,70,53,50,22,12,9,10,3,0,0,0
3,9,7,10,28,85,145,190,227,235,170,110,104,60,53,20,9,7,0,1,0,5,6,0
3,6,10,12,55,111,133,154,176,130,116,101,82,71,53,30,12,13,12,11,7,10,11,9
5,9,14,12,53,70,92,118,112,74,108,110,105,89,62,55,34,12,12,9,0,0,0,0
34,23,21,32,47,59,56,30,30,89,118,132,118,108,78,58,40,12,5,0,0,1,0,4
64,83,20,56,100,100,17,14,89,105,117,131,124,108,90,67,71,31,7,7,11,7,0,0
52,30,11,72,53,11,9,39,67,100,100,104,101,82,64,55,60,36,13,8,10,0,4,7
8,10,33,63,34,4,29,54,70,66,84,84,72,63,65,67,71,50,7,7,2,0,3,10
11,10,60,53,10,13,13,51,57,66,57,69,72,63,63,76,99,61,29,13,10,9,11,5
5,12,32,20,13,14,18,39,51,56,58,54,87,117,149,154,129,74,44,37,23,24,23,10
5,12,11,8,1,7,6,24,57,61,66,62,112,139,154,143,122,180,110,61,11,22,11,6
0,8,5,8,7,5,0,13,88,81,82,105,109,116,138,168,165,91,71,60,16,12,12,6
0,5,0,1,1,0,9,13,65,77,69,71,122,143,136,147,177,124,56,32,23,17,10,9
11,27,11,7,2,10,12,14,38,56,78,110,134,171,160,154,163,123,80,56,34,11,9,8
6,11,11,7,9,8,2,7,14,58,105,134,168,186,164,136,126,115,69,36,25,16,5,7
0,3,12,14,12,6,11,17,9,57,116,147,212,183,158,156,139,114,70,24,14,9,0,0
7,9,5,9,11,9,12,19,31,89,107,120,132,143,137,173,124,101,69,10,0,0,5,3
8,7,4,0,6,12,46,60,14,100,108,122,120,120,121,115,108,89,9,1,1,0,8,9
5,5,0,13,10,34,72,58,42,94,92,118,116,112,108,102,70,14,9,0,0,0,0,0
7,6,0,2,18,62,77,67,56,66,92,92,113,105,102,72,50,13,0,0,0,0,0,0
0,0,6,14,31,45,50,60,43,54,75,68,89,92,65,62,51,5,3,0,3,0,0,0
2,2,5,15,38,51,45,45,41,39,55,57,66,99,98,57,18,9,1,0,0,0,0,0
0,9,10,14,41,81,55,47,37,41,57,59,60,79,62,44,25,15,9,3,7,0,0,0
0,0,0,17,35,88,50,55,53,52,71,92,66,102,60,13,12,8,9,8,0,0,0,0
0,0,0,5,11,28,50,54,53,52,41,65,62,65,58,46,13,10,5,0,0,0,0,1
0,0,0,0,10,12,41,50,38,14,32,53,67,64,62,50,14,7,5,0,0,0,0,0
1,6,0,11,11,14,44,53,31,19,33,51,63,77,79,53,15,10,0,0,0,0,0,0
0,0,0,10,2,9,12,39,51,37,33,62,79,84,78,54,32,0,0,0,0,0,0,0
0,0,0,4,0,6,7,14,18,21,38,63,82,86,68,54,13,11,4,7,0,0,0,0
0,0,0,3,10,7,2,8,12,17,30,58,66,58,52,20,12,10,0,0,2,0,0,0
0,0,0,0,3,0,0,3,11,9,14,43,63,60,50,13,8,0,0,0,0,0,0,0
0,0,0,3,0,0,5,0,4,4,7,24,52,32,17,6,0,0,0,0,0,0,0,0
0,0,0,0,0,3,0,7,0,0,13,23,62,52,14,13,7,0,0,0,0,0,0,3
2,0,0,0,0,0,0,0,0,6,5,50,54,29,6,6,2,6,3,3,0,5,7,6
0,0,0,0,0,0,6,0,0,2,13,29,53,14,9,0,0,0,0,3,0,0,2,4
4,5,2,6,4,0,0,0,0,0,14,51,13,5,0,0,7,2,0,6,10,11,0,6

9,24,30,18,27,17,16,13,14,20,10,8,0,0,9,9,7,7,7,7,4,0,0,0
11,29,52,57,58,58,51,37,33,30,12,13,13,6,5,3,9,13,13,12,11,7,0,0
13,47,52,51,45,44,44,27,31,33,20,14,13,9,11,12,22,14,12,12,10,8,0,2
9,50,53,41,46,43,33,34,23,21,29,14,19,10,11,10,13,12,13,10,4,4,0,0
8,23,40,37,32,28,51,24,51,79,67,63,37,10,0,0,0,0,0,0,0,0,0,0
5,8,14,21,32,11,14,66,158,470,462,129,58,47,39,38,26,17,15,12,7,7,4,2
4,3,0,5,9,11,65,113,250,404,374,166,92,60,41,13,12,13,12,11,12,10,4,2
0,0,0,10,11,28,88,159,240,271,216,147,113,65,47,22,15,12,7,4,1,0,0,0
0,2,5,4,13,63,116,181,228,253,227,149,127,71,54,50,22,11,9,10,3,0,0,0
3,9,7,10,28,85,146,190,227,236,170,110,104,60,53,22,9,7,0,1,0,5,6,0
3,6,10,12,55,112,134,154,177,130,116,101,82,71,54,31,12,13,11,11,7,10,12,9
5,9,14,12,54,70,92,118,112,74,108,110,105,90,62,55,34,12,11,8,0,0,0,0
34,24,21,32,48,59,56,30,31,88,118,132,118,109,79,58,40,12,5,0,0,1,0,4
64,83,20,56,100,100,17,14,88,105,117,131,124,108,90,67,71,30,7,7,11,7,0,0
52,31,11,73,53,11,9,38,65,100,99,104,101,82,64,55,60,36,13,9,10,0,4,8
9,11,33,63,34,4,27,54,70,65,83,83,72,63,64,67,70,50,7,7,2,0,3,10
11,10,61,53,10,13,13,51,57,66,57,69,72,63,63,77,100,61,30,13,10,9,11,5
5,12,32,21,13,14,17,39,50,55,58,54,87,117,151,156,129,74,44,37,23,24,22,9
5,12,11,8,1,7,6,23,57,61,65,62,112,139,156,144,122,180,110,62,11,23,11,7
0,8,5,8,7,5,0,13,87,80,81,105,108,116,139,169,165,91,72,60,16,12,12,6
0,5,0,1,1,0,8,13,64,75,69,70,122,143,137,148,177,124,56,32,23,17,10,9
11,27,10,7,2,10,12,14,38,57,78,110,134,171,160,154,163,123,79,56,32,11,9,7
6,11,10,7,9,8,2,7,14,59,105,134,168,186,164,136,126,115,69,36,25,16,5,7
0,3,12,14,12,6,11,18,9,56,116,147,212,183,158,156,139,114,69,23,13,9,0,0
7,8,5,9,11,10,12,21,33,89,107,120,132,144,137,172,124,101,69,10,0,0,5,3
8,7,4,0,6,13,46,63,14,100,108,122,120,120,121,115,108,89,9,1,1,0,8,9
5,5,0,13,10,36,73,59,42,95,92,118,116,112,108,102,70,14,9,0,0,0,0,0
7,6,0,2,18,62,77,67,56,65,91,92,113,105,102,72,50,13,0,0,0,0,0,0
0,0,6,14,32,45,50,60,45,55,75,68,89,92,65,62,51,5,3,0,3,0,0,0
2,2,5,15,38,51,45,45,41,39,55,57,66,98,98,57,18,9,1,0,0,0,0,1
0,9,11,14,41,81,55,47,37,40,57,60,60,80,62,45,26,16,9,3,7,0,0,1
0,0,0,17,35,89,50,55,52,52,70,92,66,102,60,13,12,8,9,8,0,0,0,0
0,0,0,5,11,28,50,54,53,52,41,65,62,65,58,46,13,10,5,0,0,0,0,1
0,0,0,0,10,12,42,50,37,14,32,53,67,64,62,50,14,7,5,0,0,0,0,0
1,6,0,11,11,14,44,53,31,18,33,51,63,77,78,53,15,10,0,0,0,0,0,0
0,0,0,10,2,9,12,39,51,38,33,62,79,84,77,54,32,0,0,0,0,0,0,0
0,0,0,4,0,6,7,14,18,21,40,63,82,86,68,55,13,11,4,7,0,0,0,0
0,0,0,3,10,7,2,8,12,17,30,58,66,58,52,21,12,10,0,0,2,0,0,0
0,0,0,0,3,0,0,3,11,9,14,44,63,60,50,13,8,0,0,0,0,0,0,0
0,0,0,3,0,0,5,0,4,4,7,23,52,32,17,6,0,0,0,0,0,0,0,0
0,0,0,0,0,3,0,7,0,0,13,22,62,52,14,13,7,0,0,0,0,0,0,3
2,0,0,0,0,0,0,0,0,6,5,50,54,29,6,6,2,6,3,3,0,5,7,6
0,0,0,0,0,0,6,0,0,2,13,32,53,14,9,0,0,0,0,3,0,0,2,4
4,5,2,6,4,0,0,0,0,0,14,50,13,5,0,0,7,2,0,6,10,11,0,6

9,25,30,18,28,18,15,13,14,20,10,8,0,0,9,9,7,7,7,7,4,0,0,0
11,29,52,57,58,58,50,37,33,29,12,13,13,6,5,3,9,13,13,12,10,7,0,0
13,48,52,51,45,43,44,27,31,34,23,14,13,9,11,12,23,14,12,12,10,7,0,3
9,50,53,41,46,42,33,34,21,20,29,14,19,10,11,10,12,12,13,10,4,4,0,0
8,24,40,37,32,29,51,24,51,79,68,63,38,10,0,0,0,0,0,0,0,0,0,0
5,8,14,22,32,11,14,66,159,469,462,129,58,47,39,38,25,16,15,12,7,7,4,2
4,3,0,5,10,11,65,113,252,405,376,166,92,60,42,13,12,13,12,11,12,10,4,2
0,0,0,10,11,29,89,159,241,272,216,148,113,65,46,21,15,12,7,4,1,0,0,0
0,2,5,4,13,63,116,181,228,254,228,150,127,71,54,50,23,11,9,10,3,0,0,0
3,9,7,10,29,85,146,190,228,235,170,110,104,60,53,22,9,7,0,1,0,5,6,0
3,6,10,12,55,111,133,154,176,130,116,101,82,71,54,32,12,13,11,11,7,10,11,9
5,9,14,12,53,70,92,118,112,74,108,111,105,90,61,55,33,12,11,8,0,0,0,0
35,24,21,32,48,59,56,30,31,88,118,132,118,109,79,58,40,12,5,0,0,0,0,4
64,83,20,56,100,100,17,14,89,105,117,131,124,108,90,67,71,31,7,7,11,7,0,0
52,31,11,72,54,11,9,38,66,100,99,104,101,82,64,55,60,37,13,9,10,0,4,8
9,11,33,63,34,4,26,54,70,65,83,83,72,63,64,67,70,50,7,7,2,0,3,10
11,10,61,53,10,13,13,51,57,65,57,69,72,63,63,77,100,62,30,13,10,9,11,5
5,12,32,20,13,14,17,39,50,55,58,54,87,117,150,156,129,74,44,37,23,24,22,9
5,12,12,8,1,7,6,23,57,61,65,62,112,139,156,144,122,180,110,62,11,23,11,7
0,8,5,8,7,5,0,13,86,80,80,105,108,116,139,168,165,91,71,60,15,12,12,6
0,5,0,1,1,0,9,13,67,77,69,73,122,143,137,148,177,124,56,33,24,17,11,9
11,27,10,7,2,10,12,14,38,57,78,110,134,171,161,154,163,123,78,56,32,11,9,7
7,11,10,7,9,8,2,7,14,60,105,135,168,186,164,136,126,115,70,36,25,16,5,7
0,3,12,14,12,6,11,18,9,57,116,147,212,183,158,156,139,114,70,23,13,9,0,0
6,8,5,9,11,10,12,22,33,92,107,120,132,144,137,172,124,101,69,10,0,0,5,3
8,7,4,0,6,13,46,62,14,100,108,122,121,120,121,115,107,89,9,1,1,0,8,9
5,5,0,13,10,36,74,59,42,95,94,118,116,112,108,102,71,14,9,0,0,0,0,0
7,6,0,2,18,62,76,67,55,65,91,92,113,105,102,71,50,13,0,0,0,0,0,0
0,0,6,14,32,46,51,60,45,55,75,68,89,92,65,62,51,4,3,0,3,0,0,0
2,2,5,15,38,51,45,45,41,39,55,57,66,98,98,57,17,9,0,0,0,0,0,1
0,9,11,14,40,81,55,47,37,41,58,59,60,79,62,45,25,15,9,3,7,0,0,1
0,0,0,17,35,88,50,55,53,52,71,92,66,102,59,13,12,8,9,8,0,0,0,0
0,0,0,5,11,28,50,54,53,52,41,65,62,65,58,48,13,10,5,0,0,0,0,1
0,0,0,0,10,12,42,50,37,14,33,53,67,64,62,50,14,7,4,0,0,0,0,0
1,6,0,11,11,14,45,53,31,20,34,51,63,77,78,53,15,10,0,0,0,0,0,0
0,0,0,10,2,9,12,39,51,36,32,62,79,84,77,54,32,0,0,0,0,0,0,0
0,0,0,4,0,6,7,14,18,21,40,63,82,86,68,55,13,11,4,8,0,0,0,0
0,0,0,3,10,7,2,8,12,17,30,58,66,58,52,20,12,10,0,0,2,0,0,0
0,0,0,0,3,0,0,3,11,9,14,44,63,60,50,13,8,0,0,0,0,0,0,0
0,0,0,3,0,0,5,0,4,4,7,23,52,32,17,6,0,0,0,0,0,0,0,0
0,0,0,0,0,3,0,7,0,0,13,23,62,52,14,13,7,0,0,0,0,0,0,3
2,0,0,0,0,0,0,0,0,6,5,50,54,28,6,6,2,6,3,3,0,5,7,6
0,0,0,0,0,0,6,0,0,2,13,35,53,14,9,0,0,0,0,3,0,0,2,4
4,5,2,6,4,0,0,0,0,0,14,50,13,5,0,0,7,2,0,6,10,11,0,6

10,24,31,19,27,21,16,13,14,20,10,8,0,0,9,9,7,7,7,7,4,0,0,0
11,30,52,56,58,59,50,37,32,27,12,13,13,6,5,3,9,13,13,12,10,7,0,0
13,48,52,51,45,44,43,27,33,34,21,14,13,9,11,12,23,14,12,12,10,7,0,2
9,50,53,40,46,42,33,34,22,19,29,14,18,10,11,10,12,12,13,10,4,4,0,0
8,23,40,38,32,29,51,23,51,79,67,63,38,10,0,0,0,0,0,0,0,0,0,0
5,8,14,21,32,11,14,66,158,468,461,129,58,47,39,37,25,16,14,12,7,6,4,2
4,3,0,5,10,11,65,113,250,403,373,165,92,60,43,13,12,13,12,11,12,10,4,2
0,0,0,10,11,29,89,159,240,271,216,147,113,65,48,22,14,12,7,4,1,0,0,0
0,2,5,4,13,63,116,181,228,253,227,149,127,71,54,50,22,11,9,10,3,0,0,0
3,9,7,10,28,85,146,190,227,235,169,109,104,59,53,21,9,7,0,1,0,5,6,0
3,6,10,12,55,112,134,154,177,130,116,101,82,71,53,32,12,13,11,11,7,10,11,9
5,9,14,12,53,70,92,118,113,74,108,111,105,90,62,55,34,12,11,8,0,0,0,0
35,24,22,32,48,59,56,30,31,88,118,133,119,109,79,58,41,12,5,0,0,0,0,4
64,83,20,56,100,100,17,14,89,105,117,131,124,108,91,67,71,31,7,7,11,6,0,0
52,32,11,73,53,11,10,39,67,100,100,105,101,83,64,55,61,37,13,9,10,0,4,8
9,11,33,63,34,4,29,55,70,66,85,83,72,63,65,67,70,50,7,7,2,0,3,10
11,10,61,53,10,13,13,51,57,66,57,70,72,63,63,76,98,62,30,13,10,9,11,5
5,12,32,20,13,14,18,39,51,56,58,54,88,117,147,150,127,74,44,37,23,24,22,9
5,12,12,8,1,7,6,24,58,61,66,62,112,139,153,142,121,179,110,63,11,23,11,7
0,8,5,8,7,5,0,13,90,80,81,105,108,116,138,167,164,91,72,60,16,12,12,6
0,5,0,1,1,0,9,13,68,78,69,76,122,143,136,147,177,124,57,33,23,18,11,9
11,27,11,7,2,10,12,14,38,57,79,110,134,171,160,154,163,123,79,56,34,11,9,8
6,12,11,7,9,8,2,7,14,59,105,135,169,186,164,136,126,115,71,36,24,17,5,7
0,3,12,14,12,6,11,17,9,57,116,147,212,183,158,156,139,114,69,24,13,9,0,0
7,9,5,9,11,9,12,20,33,91,107,120,132,144,137,172,124,102,72,10,0,0,5,3
8,7,4,0,6,12,46,62,14,100,108,122,121,120,121,114,108,91,9,1,1,0,8,9
5,5,0,13,10,36,72,58,43,94,93,118,116,112,108,102,71,14,9,0,0,0,0,0
7,6,0,2,18,62,76,67,55,65,91,92,113,105,102,72,50,13,0,0,0,0,0,0
0,0,6,14,31,46,50,60,45,55,75,68,89,92,66,62,51,5,3,0,3,0,0,0
2,2,5,15,38,51,45,45,41,39,55,57,66,98,98,57,18,9,1,0,0,0,0,1
0,9,10,14,41,81,55,47,37,41,58,60,60,80,62,45,25,16,9,3,7,0,0,1
0,0,0,17,35,87,50,55,52,52,71,91,66,102,60,13,12,8,8,8,0,0,0,0
0,0,0,5,11,28,50,54,53,52,41,65,62,65,58,48,13,10,5,0,0,0,0,1
0,0,0,0,10,12,41,50,37,14,33,53,67,64,62,50,14,7,5,0,0,0,0,0
1,6,0,11,11,14,45,53,31,20,33,51,63,77,78,53,15,10,0,0,0,0,0,0
0,0,0,10,2,9,12,40,51,38,33,62,79,84,78,54,32,0,0,0,0,0,0,0
0,0,0,4,0,6,7,14,18,20,38,63,82,87,68,55,13,11,4,7,0,0,0,0
0,0,0,3,10,7,2,8,12,17,30,58,66,58,52,20,12,10,0,0,2,0,0,0
0,0,0,0,3,0,0,3,11,9,14,45,63,60,50,13,8,0,0,0,0,0,0,0
0,0,0,3,0,0,5,0,4,4,7,24,52,32,18,6,0,0,0,0,0,0,0,0
0,0,0,0,0,3,0,7,0,0,13,24,62,52,14,14,7,0,0,0,0,0,0,3
2,0,0,0,0,0,0,0,0,6,6,50,54,30,7,6,2,6,3,3,0,5,7,6
0,0,0,0,0,0,6,0,0,2,13,32,53,14,9,0,0,0,0,3,0,0,2,4
4,5,2,6,4,0,0,0,0,0,14,50,13,5,0,0,7,2,0,6,10,11,0,6

10,24,31,18,27,18,15,13,14,20,10,8,0,0,9,9,7,7,7,7,4,0,0,0
11,30,52,57,58,58,51,37,33,30,12,14,13,6,5,3,9,13,13,12,10,7,0,0
13,50,52,51,43,43,44,27,31,34,20,14,13,9,11,11,23,14,12,12,10,7,0,2
9,50,53,42,47,43,33,34,21,18,30,14,19,10,11,10,12,12,13,10,4,4,0,0
8,23,40,38,32,29,51,24,51,79,68,63,38,10,0,0,0,0,0,0,0,0,0,0
5,8,14,22,32,11,14,66,158,468,461,129,58,47,39,37,25,16,14,12,7,6,4,2
4,3,0,5,9,11,65,113,250,403,373,166,92,60,40,13,12,13,12,11,12,10,4,1
0,0,0,10,11,29,89,159,240,271,215,147,113,65,47,22,15,12,7,4,1,0,0,0
0,2,5,4,13,63,115,180,226,251,226,149,126,71,54,50,20,11,9,10,2,0,0,0
3,9,7,10,28,85,146,190,226,234,169,109,104,59,53,23,9,7,0,1,0,5,6,0
3,6,10,12,55,111,134,154,176,130,116,101,82,71,53,31,12,13,11,11,6,10,11,9
5,9,14,12,54,70,92,118,112,74,109,111,105,90,62,55,34,12,11,8,0,0,0,0
35,24,22,32,47,59,56,30,32,89,118,133,119,109,79,58,40,12,5,0,0,0,0,4
64,83,20,56,100,100,17,14,90,105,117,131,124,108,91,67,71,33,7,7,11,6,0,0
52,31,11,72,53,11,10,39,67,100,100,105,101,83,64,55,60,37,13,8,10,0,4,7
9,11,33,63,35,5,30,55,71,66,85,84,72,63,65,67,71,50,7,7,2,0,3,10
11,10,61,53,10,13,13,51,58,66,57,70,72,63,63,76,98,61,29,13,10,9,11,5
5,12,32,20,13,14,18,39,51,56,59,54,88,117,146,148,126,74,44,37,23,23,22,9
5,12,12,8,1,7,6,26,58,62,66,62,113,139,151,141,121,179,110,63,11,22,11,7
0,8,5,8,7,5,0,13,90,82,82,105,109,116,137,166,164,91,72,60,16,12,12,6
0,5,0,1,1,0,9,13,69,77,69,73,122,143,136,147,177,124,57,32,23,17,10,9
11,27,11,7,2,10,12,14,38,57,78,110,134,171,160,154,163,123,79,57,34,11,9,8
6,11,10,7,9,8,2,7,14,58,105,135,169,186,164,136,126,115,70,36,25,17,5,6
0,3,12,14,12,6,11,17,9,57,116,147,213,183,158,156,139,114,71,27,13,9,0,0
7,8,5,9,11,9,11,20,33,89,107,120,132,144,137,173,124,101,73,10,0,0,5,3
8,7,4,0,6,12,44,61,14,100,108,122,121,120,121,115,108,90,9,1,1,0,8,9
5,5,0,13,10,34,72,59,42,94,93,118,116,112,108,102,70,14,9,0,0,0,0,0
7,6,0,2,17,61,77,70,55,66,93,92,113,105,102,71,50,13,0,0,0,0,0,0
0,0,6,14,31,46,50,60,43,54,74,68,89,92,65,62,51,5,3,0,3,0,0,0
2,2,5,14,37,51,45,45,41,39,55,57,66,98,99,57,18,9,1,0,0,0,0,1
0,9,10,14,39,82,55,47,37,41,58,60,60,80,62,45,26,15,9,3,7,0,0,1
0,0,0,17,35,87,50,55,52,53,71,91,66,102,60,13,12,8,8,8,0,0,0,0
0,0,0,5,11,28,50,54,53,52,41,65,62,65,58,46,13,10,5,0,0,0,0,1
0,0,0,0,10,12,41,50,37,14,34,53,67,64,62,50,14,7,5,0,0,0,0,0
1,6,0,11,11,14,45,53,31,20,34,51,63,77,78,53,15,10,0,0,0,0,0,0
0,0,0,10,2,9,12,40,51,38,33,62,79,84,78,54,32,0,0,0,0,0,0,0
0,0,0,4,0,6,7,14,18,21,39,63,82,87,68,55,13,11,4,7,0,0,0,0
0,0,0,3,10,7,3,8,12,19,30,58,66,59,52,20,12,10,0,0,2,0,0,0
0,0,0,0,3,0,0,3,11,9,14,44,63,60,50,13,8,0,0,0,0,0,0,0
0,0,0,3,0,0,5,0,4,4,7,23,52,32,17,6,0,0,0,0,0,0,0,0
0,0,0,0,0,3,0,7,0,0,13,23,62,52,14,14,7,0,0,0,0,0,0,3
2,0,0,0,0,0,0,0,0,6,6,50,55,30,7,6,2,6,3,3,0,5,7,6
0,0,0,0,0,0,6,0,0,2,13,33,53,14,9,0,0,0,0,3,0,0,2,4
4,5,2,6,4,0,0,0,0,0,15,51,13,6,0,0,7,2,0,6,10,11,0,6

9,25,31,18,25,20,14,13,14,20,10,8,0,0,9,9,7,7,7,7,4,0,0,0
12,32,52,57,58,59,51,38,33,31,12,13,13,6,5,3,9,13,13,12,11,7,0,0
13,48,52,51,43,43,44,27,31,34,22,14,13,9,11,11,23,14,12,12,10,7,0,2
9,50,53,42,46,43,33,35,23,20,29,14,19,10,11,10,12,12,13,10,4,4,0,0
8,23,40,37,32,29,51,24,51,79,67,63,37,10,0,0,0,0,0,0,0,0,0,0
5,8,14,22,32,11,14,66,159,469,461,129,58,47,39,37,25,16,14,12,7,6,3,3
4,3,0,5,9,11,65,113,250,402,373,165,92,60,40,13,12,13,12,11,12,10,4,1
0,0,0,10,11,28,89,159,240,271,215,147,113,66,49,22,15,12,7,4,1,0,0,0
0,2,5,4,13,63,116,181,227,252,226,149,126,71,54,50,20,11,9,10,2,0,0,0
3,9,7,10,29,85,146,191,227,235,169,110,104,59,53,23,9,7,0,1,0,5,6,0
3,6,10,12,55,112,134,155,177,130,116,101,82,71,53,32,12,13,11,11,6,10,11,9
5,9,14,12,54,70,92,118,113,74,108,110,105,90,62,55,35,12,11,8,0,0,0,0
34,24,22,32,48,59,57,30,31,89,118,133,119,109,79,58,40,12,5,0,0,0,0,4
65,83,21,56,100,100,18,14,89,105,117,131,124,108,91,67,72,34,7,7,11,6,0,0
53,31,11,72,54,11,10,40,66,100,100,105,101,82,64,55,60,36,13,8,10,0,4,7
9,11,33,63,34,5,30,55,71,66,85,84,72,63,65,67,71,50,7,7,2,0,3,10
11,10,60,53,10,13,13,51,58,66,57,70,72,63,63,76,98,61,30,13,10,9,11,5
5,12,32,21,13,14,18,39,51,56,59,54,88,117,147,150,127,74,44,37,23,24,22,9
5,12,11,8,2,7,6,25,58,61,66,62,112,139,152,142,121,179,110,63,11,20,11,7
0,8,5,8,7,5,0,13,90,81,82,105,109,116,138,167,164,91,72,61,17,12,12,6
0,5,0,2,1,0,9,13,67,78,70,71,122,143,136,147,177,125,57,33,24,17,10,9
11,27,11,7,2,10,12,14,38,57,78,110,134,171,160,154,163,124,80,57,34,11,9,8
6,11,10,7,9,8,2,7,14,59,105,134,169,186,164,136,126,115,70,36,25,16,5,7
0,3,12,14,12,6,11,16,9,56,116,147,213,183,158,156,139,114,70,25,13,9,0,0
7,8,5,9,11,9,12,20,33,87,107,120,132,144,137,172,124,102,73,10,0,0,5,3
8,7,4,0,6,13,45,60,14,100,108,122,121,120,121,115,108,89,9,1,1,0,8,9
5,5,0,13,10,34,72,59,40,92,94,118,116,113,108,102,70,14,9,0,0,0,0,0
7,6,0,2,18,62,77,68,55,66,92,93,113,105,102,72,50,13,0,0,0,0,0,0
0,0,6,14,32,45,50,60,43,55,75,68,89,92,65,62,51,5,3,0,3,0,0,0
2,2,5,15,38,51,45,45,41,39,55,57,66,98,99,57,21,9,1,0,0,0,0,1
0,9,11,14,41,83,55,47,37,40,58,59,60,80,62,44,25,16,9,3,7,0,0,1
0,0,0,18,36,89,50,55,52,53,71,91,66,102,60,13,12,8,9,8,0,0,0,0
0,0,0,5,11,28,50,53,53,52,41,65,62,65,58,46,13,10,5,0,0,0,0,1
0,0,0,0,10,13,43,49,35,14,33,53,67,64,62,50,14,7,5,0,0,0,0,0
1,6,0,11,12,14,50,54,31,19,35,51,63,77,78,53,15,10,0,0,0,0,0,0
0,0,0,10,2,10,12,41,51,36,33,62,79,84,78,54,32,0,0,0,0,0,0,0
0,0,0,4,0,6,7,14,18,20,40,63,82,86,68,54,13,11,4,7,0,0,0,0
0,0,0,3,10,7,2,8,12,18,30,58,66,58,52,20,12,10,0,0,2,0,0,0
0,0,0,0,3,0,0,3,11,9,14,44,63,60,50,13,8,0,0,0,0,0,0,0
0,0,0,3,0,0,5,0,4,5,7,23,52,32,18,6,0,0,0,0,0,0,0,0
0,0,0,0,0,3,0,7,0,0,13,20,62,52,14,13,7,0,0,0,0,0,0,3
3,0,0,0,0,0,0,0,0,6,5,48,54,30,7,6,2,6,3,3,0,5,7,6
0,0,0,0,0,0,6,0,0,2,13,27,53,14,9,0,0,0,0,2,0,0,2,4
4,5,3,6,5,0,0,0,0,0,14,50,13,6,0,0,7,2,0,6,10,11,0,6

10,24,31,18,28,20,16,13,14,20,10,8,0,0,9,9,7,7,7,7,4,0,0,0
12,34,53,57,58,59,51,38,33,29,12,14,14,6,5,3,9,13,13,12,10,7,0,0
13,50,52,51,45,43,44,27,31,33,22,14,13,9,11,11,23,14,12,12,10,7,0,2
9,50,53,43,47,43,33,35,23,20,29,14,19,10,10,10,12,12,13,10,4,4,0,0
8,24,40,38,32,29,51,24,51,79,68,63,37,10,0,0,0,0,0,0,0,0,0,0
5,9,14,22,32,11,14,66,159,470,462,130,58,47,39,37,25,16,15,12,7,6,3,2
4,3,0,5,10,11,66,114,251,402,373,165,93,60,40,13,12,13,12,11,12,10,4,1
0,0,0,10,11,30,89,159,240,270,215,147,113,66,49,23,15,12,7,4,1,0,0,0
0,2,5,4,13,63,116,181,227,252,227,149,127,71,54,50,19,11,9,10,2,0,0,0
3,9,7,10,29,85,146,190,227,235,169,110,104,60,53,24,9,7,0,0,0,5,6,0
3,6,10,12,55,112,134,154,176,129,116,102,82,71,54,32,12,13,11,11,6,10,11,9
5,9,14,12,54,70,92,118,112,74,108,111,105,91,62,55,34,12,11,8,0,0,0,0
35,25,22,32,47,59,56,29,31,88,118,132,118,109,79,58,40,12,5,0,0,0,0,4
64,83,21,56,100,100,18,14,89,105,117,131,124,108,90,67,72,31,7,6,11,6,0,0
53,32,11,72,53,11,10,38,66,100,99,104,101,82,64,55,60,36,13,8,10,0,4,7
9,11,33,62,34,5,30,55,70,66,85,84,72,63,65,67,70,50,7,7,2,0,3,10
11,10,60,53,10,13,13,51,57,66,57,69,72,63,63,76,99,62,29,13,10,9,11,5
5,12,32,21,13,14,18,39,51,56,59,54,88,117,148,152,128,74,44,37,24,24,22,9
5,12,11,8,2,7,6,24,58,61,66,62,112,139,153,143,122,179,110,62,11,22,11,7
0,8,5,8,7,5,1,13,90,81,81,105,108,116,138,167,164,91,72,60,15,12,12,6
0,5,0,2,1,1,9,14,69,77,69,73,122,143,137,147,176,124,56,32,24,17,10,9
11,27,11,7,2,10,12,14,38,57,78,110,134,172,160,154,162,123,78,56,33,11,9,7
6,11,10,7,9,8,2,7,14,61,105,135,169,186,164,136,126,115,69,36,25,16,5,7
0,3,12,14,12,6,11,21,9,59,116,147,213,183,158,156,138,114,70,25,13,10,0,0
6,8,5,9,11,10,13,27,32,88,107,120,132,144,137,172,124,101,71,10,0,0,5,3
8,6,4,0,6,13,55,66,14,100,108,123,121,120,121,115,108,89,9,1,1,0,8,9
5,5,0,13,10,38,74,60,42,94,94,119,116,112,108,102,71,14,9,0,0,0,0,0
8,6,0,3,21,64,77,67,55,66,91,93,113,105,102,71,50,13,0,0,0,0,0,0
0,0,7,14,33,46,50,59,44,55,74,68,90,92,66,62,51,4,3,0,3,0,0,0
2,2,5,16,38,51,45,45,41,40,55,57,66,98,99,57,18,9,1,0,0,0,0,1
0,9,11,14,47,93,54,46,37,41,58,60,60,80,62,44,25,15,9,3,7,0,0,1
0,0,1,18,38,97,50,54,52,53,71,92,66,102,59,13,12,8,9,8,0,0,0,0
0,0,0,5,12,30,52,52,52,51,43,65,62,64,58,46,13,10,5,0,0,0,0,1
0,0,0,0,10,13,47,46,29,14,35,53,67,64,61,50,14,6,4,0,0,0,0,0
1,6,0,10,12,14,55,54,28,14,35,51,63,76,78,53,14,10,0,0,0,0,0,0
0,0,0,10,5,12,12,42,50,32,33,62,78,84,77,54,32,0,0,0,0,0,0,0
0,0,0,4,4,6,6,14,17,19,39,63,81,86,68,54,13,11,4,7,0,0,0,0
0,0,0,3,9,7,2,8,12,17,30,58,66,58,52,20,12,10,0,0,2,0,0,0
0,0,0,0,3,0,0,3,10,8,14,43,62,60,50,13,8,0,0,0,0,0,0,0
0,0,0,3,0,0,4,0,3,5,6,20,52,32,16,6,0,0,0,0,0,0,0,0
0,0,0,0,0,2,0,7,0,0,12,18,61,52,13,13,7,0,0,0,0,0,0,3
2,0,0,0,0,0,0,0,0,6,5,50,54,26,6,6,2,6,3,3,0,5,7,6
0,0,0,0,0,0,5,0,0,3,13,27,52,14,9,0,0,0,0,3,0,0,2,4
4,5,3,6,5,0,0,0,0,0,14,50,13,5,0,0,7,2,0,6,10,11,0,6

10,25,31,18,28,20,15,13,14,20,10,8,0,0,9,9,7,7,7,7,4,0,0,0
12,34,52,57,58,58,52,37,33,31,12,13,13,6,5,3,9,13,13,12,10,7,0,0
13,50,52,51,45,43,44,27,31,34,20,14,13,9,11,11,23,14,12,12,10,7,0,2
9,50,53,43,47,42,33,33,22,18,27,14,18,10,10,10,12,12,13,9,3,4,0,0
8,24,40,38,32,29,51,24,51,79,68,63,36,10,0,0,0,0,0,0,0,0,0,0
5,9,14,22,32,11,14,66,159,469,460,129,58,47,39,37,25,16,14,12,6,6,3,2
4,3,0,6,10,11,65,113,251,402,372,165,93,60,42,13,12,13,12,11,12,10,4,1
0,0,0,10,11,30,89,160,241,272,215,147,113,66,49,22,14,12,7,3,0,0,0,0
0,2,5,4,13,63,116,181,227,252,227,149,127,71,54,50,20,11,9,10,2,0,0,0
3,9,7,10,29,85,147,191,228,235,169,110,104,59,53,24,9,7,0,0,0,5,5,0
4,6,10,12,55,112,134,155,177,130,116,102,82,71,54,32,12,13,11,11,6,10,11,9
5,9,14,12,53,70,92,118,113,74,108,111,105,90,62,55,34,12,11,8,0,0,0,0
35,25,22,32,48,59,56,30,30,88,118,132,118,109,79,58,41,12,4,0,0,0,0,4
64,83,21,56,100,100,17,14,89,104,117,131,124,108,90,67,71,31,7,6,11,6,0,0
53,32,11,72,54,11,10,39,66,100,100,105,101,82,64,55,60,37,13,8,10,0,4,8
9,11,33,62,34,5,29,54,70,66,84,83,72,63,64,67,70,50,7,7,2,0,3,10
11,10,61,53,10,13,13,51,57,66,57,70,72,63,63,76,99,62,31,13,10,9,11,5
5,12,32,21,13,14,18,39,51,56,58,54,87,117,148,154,129,74,44,37,24,23,22,9
5,12,12,8,2,7,6,25,57,61,66,62,112,139,154,143,122,180,110,63,11,20,11,7
0,8,5,8,7,5,0,13,90,80,80,105,108,116,138,168,165,91,71,60,15,12,12,6
0,5,0,2,2,1,9,14,68,78,69,70,122,143,137,148,177,124,56,33,24,17,10,9
11,27,11,7,2,10,13,14,38,57,78,110,134,172,161,154,162,123,78,56,33,11,9,7
6,12,10,7,9,8,2,7,14,60,105,135,169,187,164,136,126,115,69,36,25,16,5,7
0,3,12,14,12,7,12,23,10,59,116,148,214,183,158,156,138,114,71,24,13,9,0,0
6,8,5,9,11,11,13,29,36,92,107,120,133,144,138,172,124,102,72,10,0,0,5,3
8,6,4,0,6,13,58,68,14,100,108,123,121,120,121,115,108,89,9,1,1,0,8,9
5,5,0,13,10,40,73,59,42,92,94,119,116,113,108,102,70,15,9,0,0,0,0,0
8,6,0,3,22,64,80,68,55,65,91,92,113,105,102,70,50,13,0,0,0,0,0,0
0,0,7,14,33,46,50,60,43,54,74,68,90,92,65,62,51,4,3,0,3,0,0,0
3,2,6,16,38,51,44,45,41,39,55,57,66,98,98,57,16,9,0,0,0,0,0,1
0,9,11,14,47,98,53,46,36,41,58,60,60,80,62,44,25,16,9,3,7,0,0,1
0,0,2,19,39,105,50,53,52,53,72,93,66,102,59,13,12,8,9,8,0,0,0,0
0,0,0,5,13,32,51,51,51,51,45,66,62,64,58,45,13,10,5,0,0,0,0,1
0,0,0,0,10,13,46,40,19,14,35,53,67,64,61,50,13,6,4,0,0,0,0,0
1,6,0,10,13,14,53,52,25,14,38,51,63,76,78,53,14,10,0,0,0,0,0,0
0,0,0,10,7,12,11,37,44,27,33,62,78,84,77,54,31,0,0,0,0,0,0,0
0,0,0,4,6,7,4,13,15,16,38,63,81,86,68,54,13,11,4,7,0,0,0,0
0,0,0,3,10,7,0,6,12,16,30,57,66,58,52,19,12,10,0,0,2,0,0,0
0,0,0,0,3,0,0,2,10,8,14,43,62,60,50,13,8,0,0,0,0,0,0,0
0,0,0,3,0,0,4,0,0,9,5,18,52,31,15,5,0,0,0,0,0,0,0,0
0,0,0,0,0,2,0,7,0,0,11,17,61,51,13,13,7,0,0,0,0,0,0,3
2,0,0,0,0,0,0,0,0,5,3,44,53,22,5,6,2,6,3,3,0,5,7,6
0,0,0,0,0,0,5,0,0,3,12,20,52,13,9,0,0,0,0,3,0,0,2,4
4,5,3,7,5,0,0,0,0,0,14,48,12,5,0,0,7,2,0,6,10,11,0,6

10,25,32,18,28,21,17,13,14,21,10,8,0,0,9,9,7,7,7,7,4,0,0,0
12,34,52,57,58,58,50,37,32,29,12,13,13,6,4,3,9,13,13,12,10,6,0,0
13,50,52,51,46,44,44,27,31,34,20,14,13,9,11,11,25,14,12,12,10,7,0,2
9,50,53,43,47,43,33,34,21,18,29,14,18,10,10,10,12,12,13,9,3,4,0,0
9,25,41,38,32,29,51,23,51,79,68,63,37,10,0,0,0,0,0,0,0,0,0,0
5,9,14,22,32,11,14,66,159,469,460,129,58,47,39,36,24,15,14,12,6,6,3,2
4,4,0,6,10,11,66,114,252,403,372,165,92,60,41,13,12,13,12,11,12,10,4,1
0,0,0,10,11,28,89,160,240,271,215,147,113,66,49,22,14,12,7,3,1,0,0,0
0,2,5,4,13,63,116,181,228,252,226,149,127,71,54,50,20,11,9,10,2,0,0,0
3,9,7,10,29,85,147,191,228,235,169,110,104,60,53,23,9,6,0,0,0,4,5,0
4,6,10,12,55,112,134,155,177,130,116,102,82,71,54,32,12,12,11,11,6,10,11,9
5,9,14,12,54,70,92,118,112,74,108,111,105,90,62,55,33,12,11,7,0,0,0,0
35,25,22,33,48,59,56,29,31,88,118,132,119,109,79,58,41,12,4,0,0,0,0,4
65,84,21,56,100,100,20,14,89,105,117,131,124,108,90,67,71,30,7,6,11,6,0,0
54,33,12,73,54,11,10,39,66,100,100,105,101,82,64,55,60,39,13,9,10,0,4,8
9,11,33,62,35,5,29,54,70,65,84,83,72,63,64,67,70,50,7,7,2,0,3,10
11,10,61,53,10,13,13,51,57,66,57,69,72,63,63,76,100,62,31,13,10,9,11,5
5,12,32,21,13,14,18,39,51,56,58,54,87,117,149,155,129,74,44,36,23,23,22,9
5,12,12,8,2,7,6,24,58,61,65,62,112,139,155,144,122,179,110,63,11,20,11,7
0,8,6,8,7,5,1,13,88,80,81,104,108,116,139,168,164,91,71,60,15,12,12,6
0,5,0,2,2,1,9,14,68,77,69,72,122,143,137,147,177,124,56,32,23,18,10,9
11,27,11,7,2,10,13,14,38,58,78,110,134,172,160,154,162,123,78,56,33,11,8,7
6,12,10,7,9,8,2,7,14,61,105,135,169,187,164,136,126,115,69,36,24,16,5,6
0,3,12,14,12,6,12,24,9,59,116,148,214,183,158,156,138,114,68,24,13,9,0,0
6,8,5,9,11,11,13,31,36,93,107,120,133,144,137,172,124,101,70,10,0,0,5,3
7,5,4,0,6,13,59,71,14,100,108,123,121,120,121,114,107,87,9,0,1,0,8,9
5,5,0,14,10,41,76,61,45,97,94,119,117,112,108,102,70,14,9,0,0,0,0,0
8,6,0,4,21,65,77,70,55,66,92,92,113,105,101,70,50,13,0,0,0,0,0,0
0,0,7,14,33,47,51,61,45,55,75,68,90,92,65,62,50,4,3,0,3,0,0,0
3,2,5,16,40,51,46,46,41,40,55,57,66,98,99,57,16,9,0,0,0,0,0,1
0,9,11,14,49,95,56,48,37,41,58,60,60,80,62,45,25,15,9,3,7,0,0,1
0,0,1,18,38,96,50,55,52,54,71,92,66,102,60,13,12,8,9,8,0,0,0,0
0,0,0,5,13,29,50,53,53,52,42,66,62,65,58,46,13,10,5,0,0,0,0,1
0,0,0,0,10,12,43,50,35,14,32,53,67,64,61,50,14,6,4,0,0,0,0,0
1,6,0,10,12,13,51,54,31,17,33,51,63,77,78,53,14,10,0,0,0,0,0,0
0,0,0,8,6,11,11,38,50,36,31,62,79,84,78,54,31,0,0,0,0,0,0,0
0,0,0,3,6,6,4,13,17,18,36,63,82,87,68,55,13,11,4,7,0,0,0,0
0,0,0,3,9,6,2,7,12,16,30,57,66,58,52,20,12,10,0,0,2,0,0,0
0,0,0,0,3,0,0,3,10,8,14,43,62,60,50,13,8,0,0,0,0,0,0,0
0,0,0,3,0,0,4,0,0,9,6,15,52,32,18,6,0,0,0,0,0,0,0,0
0,0,0,0,0,2,0,7,0,0,12,16,61,52,14,13,8,0,0,0,0,0,0,3
3,0,0,0,0,0,0,0,0,5,3,44,54,27,6,6,2,6,3,3,0,5,7,6
0,0,0,0,0,0,5,0,0,2,12,23,52,14,9,0,0,0,0,3,0,0,2,4
4,5,3,6,5,0,0,0,0,0,14,49,13,6,0,0,7,2,0,6,10,11,0,6

10,25,33,19,27,21,16,13,14,19,10,8,0,0,9,9,7,7,7,7,4,0,0,0
12,34,52,57,58,59,51,37,33,29,12,13,13,6,5,3,9,13,13,12,10,7,0,0
13,50,52,51,45,47,44,27,35,34,21,14,14,9,11,11,23,14,12,12,10,7,0,2
9,50,53,42,48,43,33,34,22,18,28,14,18,10,10,10,12,12,13,9,3,4,0,0
9,24,40,38,32,29,51,22,51,79,67,63,38,10,0,0,0,0,0,0,0,0,0,0
6,9,14,22,32,11,14,66,159,469,461,129,58,47,39,36,25,15,14,12,6,6,3,2
4,4,0,6,10,11,66,113,251,403,373,166,93,60,41,13,12,13,12,11,12,10,4,1
0,0,0,10,11,29,89,160,240,271,215,148,114,66,49,22,14,12,7,3,0,0,0,0
0,2,5,4,13,63,116,181,228,253,227,150,128,71,54,50,19,11,9,10,2,0,0,0
3,9,7,10,29,85,146,191,228,235,170,110,104,60,54,24,9,7,0,0,0,4,5,0
4,6,10,12,55,112,134,155,177,130,116,102,83,72,54,33,12,12,11,11,6,10,11,9
5,9,14,12,53,70,92,118,112,74,109,111,105,91,62,55,34,12,11,7,0,0,0,0
35,25,22,32,48,59,57,30,31,89,118,133,119,109,79,59,41,12,4,0,0,0,0,4
65,83,21,56,100,100,18,14,89,105,117,132,124,108,90,67,71,33,7,6,11,6,0,0
54,33,12,72,54,11,10,39,66,100,100,104,101,82,64,55,60,37,13,8,10,0,4,8
9,11,33,63,35,5,29,55,70,66,85,84,72,63,65,67,70,50,7,7,2,0,3,10
11,10,61,53,10,13,13,51,57,66,57,69,72,63,63,76,99,62,31,13,10,9,11,5
5,12,32,21,13,14,18,39,51,56,58,54,88,117,148,152,128,74,44,37,24,23,22,9
5,12,12,8,2,7,6,24,58,61,65,62,112,139,154,142,121,179,110,62,11,20,11,7
0,8,6,8,7,5,0,13,90,80,82,105,108,116,138,167,164,91,72,60,16,12,12,6
0,5,0,2,2,1,9,13,68,78,68,73,122,143,137,147,176,124,56,33,23,17,10,9
11,28,11,7,2,10,12,14,38,57,79,110,135,172,161,154,162,123,78,56,34,11,9,8
6,12,10,7,9,8,2,7,14,61,105,135,170,187,164,136,126,115,70,36,24,16,5,6
0,3,12,14,12,6,11,22,9,59,116,148,214,184,158,156,138,114,70,24,13,9,0,0
6,8,5,9,11,10,13,27,35,92,107,121,133,144,138,173,124,101,72,10,0,0,5,3
8,6,5,0,6,13,53,67,14,100,108,123,121,120,121,114,108,89,9,0,1,0,8,9
5,5,0,14,10,37,74,59,42,94,94,119,117,113,108,102,71,14,9,0,0,0,0,0
8,6,0,4,20,64,80,70,56,66,92,93,113,105,102,71,50,13,0,0,0,0,0,0
0,0,7,14,33,47,51,60,45,55,75,68,90,92,65,62,51,4,3,0,3,0,0,0
3,2,5,16,40,51,46,46,41,39,55,57,66,99,99,57,18,9,0,0,0,0,0,1
0,9,11,14,50,95,56,48,37,41,58,60,59,80,62,45,25,15,9,3,7,0,0,1
0,0,1,18,39,94,51,55,52,53,72,91,65,102,60,13,12,8,9,8,0,0,0,0
0,0,0,5,13,30,51,53,53,52,42,65,62,65,58,46,13,10,5,0,0,0,0,1
0,0,0,0,10,12,47,50,35,14,33,53,67,64,61,50,14,6,4,0,0,0,0,0
1,6,0,10,13,14,53,55,32,18,33,51,63,76,78,53,14,10,0,0,0,0,0,0
0,0,0,9,8,11,12,41,51,38,33,62,79,84,77,54,31,0,0,0,0,0,0,0
0,0,0,4,7,6,4,14,18,20,36,63,81,86,68,55,13,11,4,7,0,0,0,0
0,0,0,3,9,6,3,9,12,16,29,57,66,58,52,20,12,10,0,0,2,0,0,0
0,0,0,0,3,0,0,3,10,8,14,43,62,60,50,13,8,0,0,0,0,0,0,0
0,0,0,3,0,0,4,0,0,9,7,18,52,32,17,5,0,0,0,0,0,0,0,0
0,0,0,0,0,2,0,7,0,0,12,17,61,52,14,13,8,0,0,0,0,0,0,3
2,0,0,0,0,0,0,0,0,6,4,47,54,28,7,6,2,6,3,3,0,5,7,6
0,0,0,0,0,0,5,0,0,2,12,21,52,14,9,0,0,0,0,3,0,0,2,4
4,5,3,6,5,0,0,0,0,0,14,49,13,6,0,0,7,2,0,6,10,11,0,6

10,25,32,19,27,20,16,13,14,20,10,8,0,0,9,9,7,7,7,7,4,0,0,0
12,35,52,57,58,58,51,38,33,33,12,14,13,6,5,3,9,13,13,12,10,7,0,0
13,50,52,51,46,44,44,27,31,37,22,14,13,9,11,11,23,14,12,12,10,7,0,2
9,50,53,43,48,43,33,34,23,19,28,14,19,10,10,10,12,12,13,9,3,4,0,0
9,24,40,38,32,29,51,22,51,79,68,63,38,10,0,0,0,0,0,0,0,0,0,0
6,9,14,22,32,11,14,66,159,469,462,130,58,47,39,37,25,16,15,12,6,6,3,3
4,4,0,6,10,11,65,114,251,401,371,165,93,60,39,13,12,13,12,11,12,9,4,1
0,0,0,10,11,28,89,160,240,269,214,146,113,66,50,23,14,12,7,3,0,0,0,0
0,2,6,4,13,63,116,181,227,252,226,149,127,71,54,50,18,11,9,10,2,0,0,0
3,9,7,10,29,85,146,191,228,234,169,109,104,60,54,25,9,6,0,0,0,4,5,0
4,6,10,12,55,112,134,155,177,130,116,102,82,71,54,34,12,12,11,11,6,10,11,8
5,9,14,12,54,70,93,118,113,74,108,111,106,91,62,55,36,12,11,7,0,0,0,0
35,25,22,33,48,59,56,30,31,89,118,133,119,109,79,59,41,12,4,0,0,0,0,4
65,83,22,56,100,100,18,14,90,105,117,131,124,109,91,67,73,33,7,6,11,5,0,0
53,33,12,72,53,11,10,40,66,100,100,105,101,83,64,55,60,37,13,8,10,0,3,7
9,11,33,63,35,5,30,55,71,66,85,84,72,63,65,67,71,50,7,7,1,0,3,10
11,10,61,53,10,13,13,51,58,66,57,70,72,63,63,76,98,61,30,13,10,9,11,4
6,12,32,21,13,14,18,39,51,56,59,54,88,117,146,148,126,74,44,37,23,23,22,9
5,12,12,8,2,7,6,25,58,61,66,62,112,139,151,141,121,178,110,62,11,20,11,7
0,8,6,8,7,5,1,13,91,82,82,105,109,116,137,166,163,91,72,61,17,12,12,6
0,5,0,2,1,1,9,13,67,76,70,72,122,143,136,147,176,124,57,33,23,17,10,9
11,28,11,7,2,10,12,14,38,57,78,110,135,172,161,154,162,124,80,57,34,11,9,8
6,12,10,7,9,8,2,7,14,60,105,135,170,187,164,136,126,115,71,36,24,16,5,6
0,3,12,14,12,6,11,20,9,59,116,148,214,183,158,156,139,114,71,27,14,9,0,0
6,8,5,9,11,10,12,24,33,91,107,121,133,144,138,173,124,101,75,10,0,0,5,3
8,6,5,0,6,13,52,66,14,100,108,123,122,120,122,115,108,91,9,1,1,0,8,9
5,5,0,13,10,36,73,60,42,94,94,119,117,112,108,102,70,14,9,0,0,0,0,0
8,6,0,4,21,64,78,70,56,66,92,93,113,105,102,72,50,13,0,0,0,0,0,0
0,0,7,14,33,46,51,59,44,55,74,68,89,92,65,62,51,4,3,0,3,0,0,0
3,2,5,17,40,51,46,46,41,39,55,57,66,99,100,57,19,9,1,0,0,0,0,1
0,9,11,14,50,96,56,48,37,41,58,59,60,80,62,44,25,16,9,2,7,0,0,1
0,0,1,18,39,93,51,55,52,54,72,91,65,102,60,13,12,8,9,8,0,0,0,0
0,0,0,5,13,29,50,54,53,52,43,65,62,65,58,46,13,10,5,0,0,0,0,1
0,0,0,0,10,12,46,50,35,14,33,53,67,64,61,50,14,6,4,0,0,0,0,0
1,6,0,10,12,13,53,55,31,17,33,51,63,76,78,53,14,10,0,0,0,0,0,0
0,0,0,9,8,11,12,41,51,38,31,62,79,84,77,54,32,0,0,0,0,0,0,0
0,0,0,4,7,6,4,14,18,20,37,63,81,86,68,55,13,11,4,7,0,0,0,0
0,0,0,3,9,6,3,8,12,16,30,58,66,58,52,21,12,10,0,0,2,0,0,0
0,0,0,0,3,0,0,3,10,8,14,43,62,60,50,13,8,0,0,0,0,0,0,0
0,0,0,3,0,0,5,0,0,10,7,21,52,32,18,6,0,0,0,0,0,0,0,0
0,0,0,0,0,2,0,7,0,0,12,17,61,52,14,13,8,0,0,0,0,0,0,3
2,0,0,0,0,0,0,0,0,6,4,47,54,29,7,6,2,6,3,3,0,5,7,6
0,0,0,0,0,0,5,0,0,2,12,24,52,14,9,0,0,0,0,3,0,0,2,4
4,5,3,6,5,0,0,0,0,0,14,50,13,6,0,0,7,2,0,6,10,11,0,6

10,25,32,18,27,20,16,13,14,20,10,8,0,0,9,9,7,7,7,7,4,0,0,0
12,37,52,57,58,59,53,37,33,31,12,14,13,6,5,3,10,13,13,12,10,7,0,0
13,50,52,51,43,43,44,27,31,34,22,14,13,9,11,11,22,14,12,12,10,7,0,2
9,50,53,43,48,43,33,34,22,19,29,14,20,10,10,10,12,12,13,9,3,4,0,0
8,24,40,38,32,29,51,22,51,79,67,62,37,10,0,0,0,0,0,0,0,0,0,0
6,9,14,22,32,11,14,66,159,469,462,130,58,47,39,36,25,16,15,13,6,5,3,3
4,4,0,6,10,11,65,113,250,400,371,165,93,60,41,13,12,13,12,11,12,9,4,1
0,0,0,10,11,29,89,160,240,270,214,147,113,66,50,23,14,12,7,3,0,0,0,0
0,2,5,4,13,63,116,181,226,251,225,149,126,71,54,50,16,11,8,10,2,0,0,0
3,9,7,10,29,85,146,190,227,234,169,110,104,60,54,25,8,6,0,0,0,4,5,0
4,6,10,12,55,112,134,154,176,129,116,102,82,71,54,32,11,12,11,11,6,10,11,8
6,9,14,12,54,70,92,118,113,74,108,111,106,91,62,55,35,12,11,7,0,0,0,0
35,25,22,33,48,59,56,29,31,89,118,133,119,109,79,58,41,12,4,0,0,0,0,4
65,83,21,56,100,100,18,14,89,105,117,131,124,109,91,67,73,33,7,6,11,5,0,0
53,33,12,72,53,11,10,40,66,100,100,105,101,83,64,55,60,37,13,8,10,0,4,8
9,11,33,62,35,5,31,55,71,66,86,85,73,64,65,67,70,50,7,7,1,0,3,10
11,10,60,53,10,13,14,52,58,66,57,70,72,63,63,75,98,62,29,13,10,9,11,4
6,12,32,21,13,14,19,39,51,56,59,55,88,117,145,147,126,74,44,37,23,23,22,9
5,12,12,8,2,7,7,27,58,62,66,62,112,139,151,140,121,179,110,65,11,19,11,7
0,8,6,8,7,5,1,13,93,82,82,105,109,116,137,166,163,91,73,61,17,12,12,6
0,5,0,2,1,1,9,13,68,77,70,72,122,143,136,146,176,125,57,33,24,17,10,9
11,28,11,7,2,10,12,14,38,57,78,110,135,172,160,154,162,124,80,57,34,11,9,8
6,12,10,7,9,8,2,7,14,59,105,135,169,186,164,136,126,115,71,36,25,16,5,6
0,3,12,14,12,6,11,19,9,58,116,148,214,183,158,156,139,114,71,27,13,9,0,0
6,8,5,10,11,10,12,23,33,91,107,121,133,144,138,173,124,102,76,10,0,0,5,3
8,6,5,0,6,13,52,65,15,100,108,123,122,120,122,115,108,89,9,1,1,0,8,9
5,5,0,13,10,37,73,59,42,92,93,119,117,113,108,102,70,15,9,0,0,0,0,0
8,6,0,4,20,65,80,71,56,67,93,93,113,105,102,72,50,13,0,0,0,0,0,0
0,0,7,14,33,46,51,60,44,55,75,68,89,92,65,62,51,4,3,0,3,0,0,0
3,2,5,16,40,51,46,46,41,40,55,57,66,99,99,57,18,9,0,0,0,0,0,1
0,9,11,14,50,95,56,48,37,41,58,60,59,80,62,44,25,15,9,2,7,0,0,1
0,0,1,18,39,92,50,55,52,53,72,91,65,102,60,13,12,8,9,8,0,0,0,0
0,0,0,5,13,29,51,54,53,52,42,65,62,64,58,46,13,10,5,0,0,0,0,1
0,0,0,0,10,13,47,51,37,14,33,53,67,64,61,50,14,6,4,0,0,0,0,0
1,6,0,10,13,14,53,55,32,18,33,51,63,76,78,53,14,10,0,0,0,0,0,0
0,0,0,9,8,12,12,41,51,38,31,62,79,84,77,54,32,0,0,0,0,0,0,0
0,0,0,4,7,6,5,14,19,21,38,63,81,86,68,54,13,11,4,7,0,0,0,0
0,0,0,3,9,7,3,9,12,16,29,57,66,58,52,20,12,10,0,0,2,0,0,0
0,0,0,0,3,0,0,3,10,9,14,43,62,60,50,13,8,0,0,0,0,0,0,0
0,0,0,3,0,0,5,0,0,9,7,19,52,32,18,6,0,0,0,0,0,0,0,0
0,0,0,0,0,2,0,7,0,0,12,17,61,52,14,13,8,0,0,0,0,0,0,3
3,0,0,0,0,0,0,0,0,6,4,47,54,27,6,6,2,6,3,3,0,5,7,6
0,0,0,0,0,0,5,0,0,2,13,25,52,14,9,0,0,0,0,3,0,0,2,4
4,5,3,6,5,0,0,0,0,0,14,50,13,6,0,0,7,2,0,6,10,11,0,6

10,25,33,19,28,22,16,13,14,20,10,8,0,0,9,9,7,7,7,7,4,0,0,0
12,35,52,57,58,59,51,37,33,31,12,13,13,6,5,3,9,13,13,12,10,7,0,0
13,50,52,51,46,44,44,27,31,33,21,14,13,9,11,11,23,14,12,12,10,7,0,2
9,50,54,43,47,43,33,34,21,19,29,14,19,10,10,10,12,12,13,9,3,4,0,0
9,25,40,38,32,29,51,22,51,79,67,63,36,10,0,0,0,0,0,0,0,0,0,0
6,9,14,22,32,11,14,66,159,468,460,129,58,47,39,36,24,16,15,13,6,5,3,2
4,4,0,6,10,11,65,114,251,400,371,165,93,60,40,13,12,13,12,11,12,9,4,1
0,0,0,10,11,29,90,160,240,270,214,147,113,66,50,23,14,12,7,3,0,0,0,0
0,2,6,4,13,63,116,181,227,252,226,149,127,71,54,50,17,11,8,10,2,0,0,0
3,9,7,10,29,85,147,191,228,235,169,110,104,60,54,26,8,6,0,0,0,4,5,0
4,7,10,12,55,112,134,155,177,129,116,102,82,71,54,33,12,12,11,11,6,10,11,8
6,9,14,12,53,70,93,118,113,74,108,111,105,91,62,55,36,12,11,7,0,0,0,0
35,25,22,33,48,59,56,30,30,89,118,132,119,109,80,58,42,12,4,0,0,0,0,4
65,83,22,56,100,100,18,14,89,105,117,131,124,108,90,67,72,33,7,6,11,5,0,0
54,33,12,72,54,11,10,40,66,100,100,105,101,83,64,55,60,40,13,8,10,0,4,8
9,11,33,62,35,5,31,55,70,66,85,84,72,63,65,67,70,50,7,7,1,0,3,10
11,10,61,53,10,13,14,52,57,66,57,70,72,63,63,76,98,62,30,13,10,9,11,5
5,12,32,21,13,14,18,39,51,56,59,54,88,117,146,149,127,74,44,36,23,23,22,9
5,12,12,8,2,7,6,26,58,61,66,62,112,139,152,141,121,179,110,65,11,20,11,7
0,8,6,8,7,5,0,13,90,81,82,105,109,116,138,166,163,91,72,61,16,12,12,6
0,5,0,2,2,1,9,14,68,77,70,71,122,143,136,147,176,125,57,33,24,17,10,9
11,28,11,7,2,10,12,14,38,57,79,110,135,172,160,154,162,124,80,57,34,11,9,7
6,12,10,7,9,8,2,7,14,61,105,135,169,186,164,136,126,115,70,37,24,16,5,7
0,3,12,14,12,6,11,20,9,59,116,148,214,183,158,156,138,114,71,25,13,9,0,0
6,8,5,9,11,10,13,27,35,89,107,121,133,144,138,173,124,102,77,10,0,0,5,3
8,6,5,0,6,13,52,66,14,100,108,123,122,120,121,115,108,89,9,0,1,0,8,9
5,5,0,13,10,37,75,60,43,95,94,119,117,113,108,102,71,15,9,0,0,0,0,0
8,6,0,4,20,66,78,71,56,66,92,94,113,105,101,72,50,13,0,0,0,0,0,0
0,0,7,14,33,46,51,60,43,55,75,68,90,92,65,62,51,4,3,0,3,0,0,0
3,2,5,16,40,51,46,45,41,40,55,57,66,98,98,57,18,9,0,0,0,0,0,1
0,9,11,14,50,96,57,48,38,41,58,60,60,80,62,44,26,16,9,2,7,0,0,1
0,0,1,18,39,93,51,55,52,54,72,91,65,102,60,13,12,8,9,8,0,0,0,0
0,0,0,5,13,30,51,54,53,52,43,65,62,65,58,46,13,10,5,0,0,0,0,1
0,0,0,0,10,13,47,51,35,14,32,53,67,64,61,50,14,6,4,0,0,0,0,0
1,6,0,10,13,14,53,55,32,19,35,51,63,76,78,53,14,10,0,0,0,0,0,0
0,0,0,9,8,12,12,41,51,38,31,62,79,84,77,54,31,0,0,0,0,0,0,0
0,0,0,4,7,6,5,14,19,21,38,63,82,86,68,55,13,11,4,7,0,0,0,0
0,0,0,3,9,7,3,9,12,17,30,57,66,58,52,20,12,10,0,0,2,0,0,0
0,0,0,0,3,0,0,3,10,9,14,44,62,60,50,13,8,0,0,0,0,0,0,0
0,0,0,3,0,0,5,0,0,9,7,20,52,32,17,6,0,0,0,0,0,0,0,0
0,0,0,0,0,2,0,7,0,1,12,19,61,52,14,13,8,0,0,0,0,0,0,3
2,0,0,0,0,0,0,0,0,6,4,47,54,26,6,6,2,6,3,3,0,5,7,6
0,0,0,0,0,0,5,0,0,2,12,25,52,14,9,0,0,0,0,3,0,0,2,4
4,5,3,6,5,0,0,0,0,0,14,49,13,6,0,0,7,2,0,6,10,11,0,6

10,25,32,19,28,21,17,13,14,21,10,8,0,0,9,9,7,7,7,7,4,0,0,0
12,37,52,57,58,58,50,37,32,29,12,13,13,5,4,3,9,13,13,12,10,6,0,0
13,51,52,51,45,45,44,27,35,34,22,14,14,9,11,11,26,14,12,12,10,7,0,2
9,50,53,43,47,43,33,34,21,17,28,14,17,10,10,9,12,12,12,9,3,4,0,0
9,25,40,38,32,29,51,23,51,79,68,63,38,10,0,0,0,0,0,0,0,0,0,0
6,9,14,22,32,11,14,66,159,469,459,129,58,47,38,36,24,15,15,13,6,5,3,2
4,4,0,6,10,11,65,114,252,401,371,165,93,60,41,13,12,13,12,11,12,9,4,1
0,0,0,10,11,29,90,160,240,271,215,147,113,66,50,22,14,12,7,3,0,0,0,0
0,2,6,4,13,63,116,181,228,252,226,149,127,71,54,50,18,11,8,10,2,0,0,0
3,9,7,10,29,85,146,191,227,235,169,110,104,60,54,27,8,6,0,0,0,4,5,0
4,7,10,12,55,112,134,155,176,130,116,102,82,72,54,35,12,12,11,11,6,10,11,9
6,9,14,12,53,70,92,118,112,74,108,111,105,91,62,55,35,12,11,7,0,0,0,0
35,26,22,33,48,59,56,29,30,88,118,132,119,109,80,59,42,12,4,0,0,0,0,4
65,84,22,56,100,100,18,14,89,104,117,131,124,108,90,67,71,31,7,6,11,5,0,0
54,33,12,72,54,11,10,40,67,100,100,105,101,82,64,55,60,39,13,8,10,0,4,7
10,11,34,63,35,5,30,54,70,66,84,83,72,63,64,67,70,50,8,7,1,0,3,10
11,10,60,53,10,13,13,51,57,66,57,69,72,63,63,76,99,62,30,13,10,9,11,4
5,12,32,21,13,14,18,39,51,56,59,54,88,117,147,151,128,74,44,36,24,23,22,9
5,12,12,8,2,7,6,25,58,61,66,62,112,139,154,142,122,179,110,65,11,22,11,7
0,8,6,8,7,5,1,13,89,80,81,104,109,116,138,167,164,91,72,61,17,12,12,6
0,5,0,2,2,1,9,13,68,76,69,71,122,143,137,147,177,124,57,33,24,18,10,9
11,27,11,7,2,10,12,14,38,57,78,110,135,172,161,154,162,123,79,56,33,11,8,7
6,12,10,7,9,8,2,7,14,61,105,135,170,187,164,136,126,115,71,36,24,17,5,7
0,3,12,14,12,6,11,21,9,58,116,148,214,183,158,156,138,114,70,25,13,9,0,0
6,8,5,9,11,10,13,27,36,92,107,121,133,145,138,173,124,101,76,10,0,0,5,3
8,6,5,0,6,13,54,68,15,100,108,123,122,120,121,115,108,89,9,0,1,0,8,9
5,5,0,14,10,38,75,61,42,97,95,119,117,113,108,102,71,15,9,0,0,0,0,0
8,6,0,5,20,65,77,68,56,65,92,93,113,105,102,71,50,13,0,0,0,0,0,0
0,0,7,14,33,46,51,60,44,55,75,68,90,93,65,62,51,4,3,0,3,0,0,0
3,2,5,17,40,51,46,46,41,39,55,57,66,98,99,57,18,9,0,0,0,0,0,1
0,9,11,14,50,96,57,48,37,41,58,60,60,80,62,44,26,15,9,2,7,0,0,1
0,0,1,18,39,93,51,55,52,53,72,92,65,102,59,13,12,8,9,8,0,0,0,0
0,0,0,5,13,30,51,54,53,52,43,66,62,65,58,46,13,10,5,0,0,0,0,1
0,0,0,0,10,13,47,51,36,14,33,53,67,64,61,50,13,6,4,0,0,0,0,0
1,6,0,10,13,14,54,55,32,20,33,52,63,77,78,53,14,10,0,0,0,0,0,0
0,0,0,9,9,12,12,42,51,38,33,62,79,84,77,54,30,0,0,0,0,0,0,0
0,0,0,4,7,6,5,14,19,22,38,63,82,86,68,54,13,11,4,7,0,0,0,0
0,0,0,3,9,6,3,9,12,17,30,58,66,58,52,19,12,10,0,0,2,0,0,0
0,0,0,0,3,0,0,3,10,9,14,43,62,60,50,13,8,0,0,0,0,0,0,0
0,0,0,3,0,0,5,0,0,9,6,21,52,32,17,6,0,0,0,0,0,0,0,0
0,0,0,0,0,2,0,7,0,0,12,19,61,52,13,13,8,0,0,0,0,0,0,3
2,0,0,0,0,0,0,0,0,6,4,45,54,27,6,6,2,6,3,3,0,5,7,6
0,0,0,0,0,0,5,0,0,2,12,25,53,14,9,0,0,0,0,3,0,0,2,4
4,5,3,6,5,0,0,0,0,0,14,47,13,6,0,0,7,2,0,6,10,11,0,6

10,26,33,18,27,21,16,13,14,20,10,8,0,0,9,9,7,7,7,7,4,0,0,0
12,37,52,56,58,58,50,37,32,29,12,13,13,5,4,3,9,13,13,12,10,6,0,0
13,50,52,51,45,44,45,27,33,36,21,14,13,9,11,11,23,14,12,12,10,7,0,2
9,51,54,44,47,44,33,34,21,16,29,14,18,10,10,9,12,12,12,9,3,4,0,0
9,25,41,38,32,29,51,23,51,79,68,63,38,10,0,0,0,0,0,0,0,0,0,0
6,9,14,22,32,11,14,66,160,468,459,129,58,47,39,36,24,15,15,13,6,5,3,2
4,4,0,6,10,11,66,114,251,401,371,165,93,60,41,13,12,13,12,11,12,9,4,1
0,0,0,10,11,29,90,160,240,270,214,147,113,66,50,22,14,12,7,3,0,0,0,0
0,2,6,4,13,64,117,182,228,253,226,149,127,71,54,50,17,11,8,9,2,0,0,0
3,9,7,10,29,85,147,191,228,235,169,110,104,60,54,27,8,6,0,0,0,4,5,0
4,7,10,12,55,112,134,155,177,130,116,102,82,72,54,36,12,12,11,11,5,10,11,8
6,9,14,12,54,70,92,118,112,74,108,111,105,91,62,55,36,12,10,7,0,0,0,0
35,26,23,33,48,59,56,29,31,88,118,132,119,109,80,59,42,12,4,0,0,0,0,4
65,84,22,56,100,100,17,14,87,104,117,131,124,108,90,67,72,33,7,6,10,5,0,0
54,34,12,72,54,11,10,39,66,100,100,105,101,82,64,55,60,39,13,8,10,0,4,7
10,11,33,63,35,5,30,55,70,66,84,83,72,63,64,66,70,50,8,7,1,0,3,10
11,10,61,53,10,13,13,51,57,66,57,69,72,63,63,76,99,62,30,13,10,9,11,4
6,12,32,21,13,14,18,39,51,56,58,54,87,117,148,153,129,74,44,37,24,23,22,9
5,12,12,8,2,7,6,24,58,61,65,62,112,139,154,143,122,180,110,65,11,20,11,7
0,8,6,8,7,5,0,13,88,80,81,104,108,116,138,168,164,91,72,61,16,12,12,6
0,5,0,2,2,1,9,13,68,76,68,72,122,143,137,147,177,125,57,33,24,18,10,9
11,28,11,7,2,10,13,14,38,57,78,110,135,172,160,154,162,124,79,57,34,11,9,7
6,12,10,7,9,8,2,7,14,61,105,135,170,187,164,136,126,115,71,36,25,16,5,6
0,3,12,14,12,6,11,23,10,59,116,148,215,184,158,156,139,114,70,25,14,9,0,0
6,8,5,10,11,10,13,28,37,91,107,121,133,145,138,173,124,102,76,10,0,0,5,3
8,6,5,0,6,13,55,70,14,100,109,123,122,120,122,115,108,90,9,0,1,0,8,9
5,5,0,14,10,40,75,59,43,94,93,119,117,113,108,102,70,14,9,0,0,0,0,0
8,6,0,5,23,65,80,70,56,66,92,94,113,105,102,71,50,13,0,0,0,0,0,0
0,0,7,14,34,47,51,60,44,55,75,68,90,93,65,62,51,4,3,0,3,0,0,0
3,2,6,17,40,52,46,46,41,40,55,57,66,98,99,57,17,9,0,0,0,0,0,1
0,9,11,14,50,96,57,48,38,41,58,60,60,80,62,44,25,16,9,2,7,0,0,1
0,0,1,18,39,94,51,55,52,54,72,92,65,102,60,13,12,8,9,8,0,0,0,0
0,0,0,5,13,30,51,54,53,52,43,66,62,64,58,46,13,10,5,0,0,0,0,1
0,0,0,0,10,13,48,51,35,14,33,53,67,64,61,50,14,6,4,0,0,0,0,0
1,6,0,10,13,14,53,55,32,19,32,51,63,76,78,52,14,10,0,0,0,0,0,0
0,0,0,9,9,12,12,41,51,38,32,62,79,84,77,54,30,0,0,0,0,0,0,0
0,0,0,4,7,6,5,14,19,22,38,64,82,86,68,55,13,11,4,7,0,0,0,0
0,0,0,3,9,7,4,10,12,17,30,58,66,58,52,20,12,10,0,0,2,0,0,0
0,0,0,0,3,0,0,3,10,9,14,43,62,60,50,13,8,0,0,0,0,0,0,0
0,0,0,3,0,0,5,0,0,9,7,19,52,32,17,6,0,0,0,0,0,0,0,0
0,0,0,0,0,2,0,7,0,0,12,17,61,52,13,13,8,0,0,0,0,0,0,3
3,0,0,0,0,0,0,0,0,6,4,45,54,26,6,6,2,6,3,3,0,5,7,6
0,0,0,0,0,0,5,0,0,2,13,23,52,14,9,0,0,0,0,3,0,0,2,4
4,5,3,6,5,0,0,0,0,0,14,49,13,6,0,0,7,2,0,6,10,11,0,6
