0,0,0,4,11,12,11,14,13,13,8,7,4,9,1,4,2,4,1,0,5,3,8,0
0,0,3,12,31,50,54,52,56,50,47,36,13,12,13,7,14,11,0,11,12,7,7,0
0,0,7,13,39,53,61,65,59,54,54,52,28,23,14,12,21,14,9,9,9,1,9,7
0,0,0,13,29,50,56,71,58,60,58,54,22,27,13,12,13,12,11,10,12,7,0,0
0,0,0,0,9,9,10,10,35,39,26,13,7,5,6,10,12,5,12,13,9,5,0,3
4,1,5,5,6,12,14,29,37,37,43,45,48,39,38,32,35,12,14,23,18,4,0,0
3,0,0,4,9,15,37,52,55,54,57,63,65,59,57,55,50,40,14,13,14,0,0,0
0,0,0,0,14,33,56,64,68,72,83,94,85,89,91,67,55,54,53,36,17,8,1,0
0,0,1,18,50,60,63,85,111,106,108,126,122,126,125,98,66,58,57,56,12,11,11,0
0,0,13,55,53,65,86,121,129,120,126,144,137,144,140,103,77,60,51,52,39,12,11,8
0,11,39,45,50,56,74,113,118,122,125,121,132,137,113,83,57,52,51,50,14,10,6,7
0,6,52,51,49,50,55,81,115,119,128,116,117,138,111,70,56,39,16,45,25,11,5,11
0,12,49,47,13,28,51,71,102,110,118,112,123,121,111,100,67,13,13,38,30,11,0,0
0,8,38,34,14,9,54,71,75,91,101,101,108,107,106,100,58,10,8,12,22,0,1,0
0,9,13,11,11,0,33,54,52,54,61,69,102,106,102,53,26,11,13,39,65,9,11,5
8,15,51,11,6,0,37,54,54,53,55,56,85,87,61,52,39,11,11,32,65,15,6,7
13,53,61,26,8,11,51,58,53,54,57,55,84,63,61,58,52,39,10,33,56,67,9,3
14,33,37,38,23,22,39,43,45,52,53,50,51,55,60,59,41,26,19,24,32,38,15,8
9,28,71,20,6,12,39,44,50,59,71,101,82,65,58,66,37,12,14,24,35,30,8,8
10,14,41,14,1,13,46,84,76,94,124,144,160,137,129,126,120,102,23,12,26,23,2,1
4,7,26,13,9,24,72,110,116,133,181,159,162,159,147,138,129,115,81,25,25,25,14,11
0,0,9,21,26,43,65,118,138,147,150,149,167,180,169,172,142,103,53,25,17,17,7,1
6,4,9,17,13,32,44,81,122,135,153,142,165,165,157,149,135,107,57,45,47,45,11,10
3,0,0,8,11,37,70,105,123,134,148,126,140,149,148,145,142,125,103,63,58,53,14,0
3,0,11,42,31,35,101,100,106,117,119,103,107,128,138,137,133,109,100,76,25,37,13,4
0,6,9,14,10,25,75,101,103,110,109,63,37,102,112,108,112,106,100,100,12,12,14,8
3,0,0,12,9,15,14,53,79,72,73,32,8,38,103,81,74,90,102,58,45,26,7,0
1,5,0,12,9,13,13,17,43,54,56,31,10,47,77,66,66,72,52,15,13,3,5,3
5,0,0,4,9,8,13,13,19,30,31,12,7,24,68,68,62,47,35,24,12,6,0,0
0,0,0,0,0,5,5,9,14,20,28,26,11,35,42,57,45,37,36,16,14,9,10,4
0,0,0,0,3,1,10,12,16,28,28,23,9,26,28,35,42,38,23,13,13,1,16,1
0,0,0,0,0,0,0,4,9,11,9,11,6,14,26,41,13,14,22,16,14,0,0,4
2,0,0,0,0,0,0,0,0,3,4,8,0,11,10,14,13,12,12,11,4,0,0,0
0,0,0,0,0,0,0,0,0,0,1,0,0,2,15,35,19,8,12,0,0,5,6,0
0,0,0,0,0,0,0,3,0,1,4,2,2,1,15,25,51,14,33,14,12,7,12,0
0,0,0,0,0,0,0,0,0,0,0,0,0,6,23,51,52,61,63,54,21,11,9,0
0,0,1,1,0,0,0,0,0,0,0,1,9,8,15,51,62,84,78,51,21,13,12,0
0,0,0,0,6,0,0,3,1,0,0,0,2,11,16,70,82,88,73,30,13,5,6,0
2,0,0,0,0,0,0,0,0,0,0,0,11,7,14,60,86,59,57,45,13,4,0,5
0,0,0,0,0,0,0,0,0,0,0,0,8,3,14,41,63,52,87,51,8,0,0,0
0,0,0,0,0,0,0,7,0,0,0,0,5,8,5,13,33,60,55,39,6,0,0,0
2,5,0,0,2,0,5,8,0,0,0,0,0,3,8,10,15,56,54,11,3,5,0,3
0,0,0,0,0,0,0,0,0,4,0,0,0,3,11,9,8,43,30,8,0,1,0,4
0,0,3,0,6,0,0,8,1,0,1,0,0,8,7,11,14,35,24,11,13,10,8,10

0,0,0,4,11,12,11,13,13,13,8,7,4,9,1,4,2,4,1,0,5,3,9,0
0,0,4,12,33,50,54,52,57,50,48,37,13,12,13,7,14,11,0,11,12,7,7,0
0,0,7,13,39,53,62,65,60,54,54,52,28,22,14,12,21,14,9,9,9,1,9,8
0,0,0,13,30,50,56,71,58,59,58,54,22,28,13,12,13,12,11,10,13,7,0,0
0,0,0,0,9,9,10,10,35,40,25,13,7,5,6,10,12,5,12,13,9,5,0,3
4,1,5,5,6,12,14,29,37,37,44,45,48,40,38,32,35,12,14,23,18,4,0,0
3,0,0,4,9,14,37,52,56,54,57,63,65,59,57,55,50,40,14,13,13,0,0,0
0,0,0,0,14,35,56,64,69,72,83,94,86,89,90,67,55,54,53,36,16,8,1,0
0,0,1,18,50,60,63,85,111,106,108,126,122,127,125,99,66,58,57,56,12,11,11,0
0,0,14,55,53,65,86,121,129,120,127,144,138,144,140,103,78,60,51,53,38,12,11,8
0,11,39,45,49,56,75,113,118,122,125,121,132,136,113,83,57,52,51,50,14,10,6,7
0,6,52,51,48,50,55,81,114,119,127,116,117,137,110,70,56,38,16,45,25,11,5,11
0,12,49,48,13,27,51,71,101,110,118,112,123,121,111,98,67,13,13,39,30,11,0,0
0,8,37,33,14,9,53,70,74,91,101,101,108,107,106,100,57,9,8,12,22,0,1,0
0,9,13,11,11,0,32,54,52,54,61,69,102,106,102,53,26,11,13,39,65,9,11,5
8,14,52,11,6,0,36,54,54,53,55,56,86,87,61,52,39,11,12,31,65,15,6,7
13,54,61,28,8,11,52,58,53,54,57,55,84,64,61,58,52,39,10,35,56,67,9,3
14,33,37,38,23,22,39,43,46,52,54,50,51,55,61,59,41,26,19,24,32,38,15,8
9,30,70,20,6,12,40,44,50,59,72,101,82,65,58,66,36,12,14,24,35,30,8,8
10,14,43,14,1,13,46,84,76,93,124,144,160,137,129,126,120,102,23,12,26,24,2,1
4,7,25,13,9,24,72,110,116,133,181,159,162,159,147,137,130,115,81,25,25,24,14,11
0,0,9,21,26,43,65,118,138,147,150,149,167,180,168,171,142,102,53,25,17,17,7,1
6,4,9,17,14,32,44,81,122,135,153,142,165,165,158,149,135,107,57,45,48,45,11,10
3,0,0,8,11,38,68,105,123,134,148,127,140,149,148,145,142,125,103,62,57,53,14,0
3,0,11,44,31,37,101,100,106,117,120,103,107,128,138,137,133,109,100,76,25,37,13,4
0,6,9,14,10,23,74,101,103,110,109,63,36,102,112,108,112,106,100,100,12,12,14,8
3,0,0,12,9,14,14,53,79,74,72,33,8,38,104,79,74,89,102,58,44,26,7,0
1,5,0,12,9,13,13,17,44,53,56,33,10,50,76,66,70,72,52,15,13,3,5,3
5,0,0,4,9,8,13,14,19,31,32,12,7,28,68,67,65,47,35,25,12,6,0,0
0,0,0,0,0,5,5,11,13,20,28,26,11,35,42,57,45,37,36,15,14,9,10,4
0,0,0,0,3,1,10,12,17,29,28,23,9,25,29,35,42,38,23,13,13,1,16,1
0,0,0,0,0,0,0,4,9,11,9,11,6,14,25,41,13,14,22,16,14,0,0,4
2,0,0,0,0,0,0,0,0,4,4,8,0,11,10,14,13,12,12,11,4,0,0,0
0,0,0,0,0,0,0,0,0,0,1,0,0,2,14,34,19,8,12,0,0,5,6,0
0,0,0,0,0,0,0,3,0,1,4,2,2,1,15,25,51,14,33,14,12,7,12,0
0,0,0,0,0,0,0,0,0,0,0,0,0,6,23,51,51,62,63,53,22,11,9,0
0,0,1,1,0,0,0,0,0,0,0,1,9,8,15,51,62,84,78,51,22,13,12,0
0,0,0,0,6,0,0,3,1,0,0,0,2,11,16,70,82,88,73,30,13,5,6,0
2,0,0,0,0,0,0,0,0,0,0,0,11,7,14,60,85,59,57,44,13,4,0,5
0,0,0,0,0,0,0,0,0,0,0,0,8,3,14,40,63,52,86,50,8,0,0,0
0,0,0,0,0,0,0,7,0,0,0,0,5,8,5,13,33,61,55,38,6,0,0,0
2,5,0,0,2,0,5,8,0,0,0,0,0,3,8,10,15,55,54,11,3,5,0,2
0,0,0,0,0,0,0,0,0,4,0,0,0,3,12,9,8,45,30,8,0,1,0,4
0,0,3,0,6,0,0,8,1,0,1,0,0,8,7,11,14,37,24,11,13,10,8,10

0,0,0,4,11,12,11,14,13,13,8,7,4,9,1,4,2,4,1,0,5,3,9,0
0,0,3,12,31,50,55,52,56,50,46,36,13,12,13,7,14,11,0,11,12,7,7,0
0,0,7,13,40,53,61,65,59,55,54,52,28,23,14,12,21,14,9,10,9,1,9,8
0,0,0,13,29,50,56,71,58,59,59,54,22,28,13,12,14,12,11,10,13,7,0,0
0,0,0,0,9,9,10,10,34,40,25,13,7,5,6,10,12,5,12,13,9,5,0,3
4,1,5,5,6,12,14,29,37,37,43,45,48,39,38,32,35,12,14,23,18,4,0,0
3,0,0,4,9,15,38,52,55,54,57,63,65,59,56,55,50,38,14,13,14,0,0,0
0,0,0,0,14,34,56,64,69,72,83,94,86,89,91,67,55,54,53,36,16,8,1,0
0,0,1,19,50,60,63,85,111,107,109,127,123,127,126,99,67,58,57,56,13,11,11,0
0,0,14,55,53,65,86,121,129,120,127,144,138,144,140,103,77,60,51,52,38,12,11,8
0,11,39,46,50,56,74,112,118,122,125,121,132,136,113,83,57,52,51,50,14,10,6,7
0,6,52,51,49,50,55,81,114,118,127,115,116,137,110,69,56,38,15,44,25,11,5,11
0,13,50,48,13,28,50,70,101,109,117,111,123,121,111,98,66,13,12,38,30,11,0,0
0,8,38,32,14,8,52,69,74,90,100,101,108,107,106,100,56,9,8,12,21,0,1,0
0,9,13,11,11,0,31,54,52,54,61,69,102,106,102,53,27,11,13,39,65,9,11,5
8,14,51,10,5,0,35,54,54,53,55,56,86,88,61,53,39,11,11,31,65,15,6,7
13,54,61,28,8,11,52,58,53,54,58,55,84,64,61,58,52,39,10,33,56,67,9,3
14,33,37,38,23,22,39,43,46,52,54,50,51,55,61,59,41,26,19,24,32,38,15,8
9,30,71,22,6,12,41,45,50,60,71,101,82,65,58,67,37,12,14,25,35,30,8,8
10,14,42,14,1,12,45,84,76,93,124,144,160,137,129,126,120,102,22,11,26,24,2,1
4,7,26,13,9,24,72,110,116,134,181,159,162,159,148,138,130,115,81,25,25,25,14,11
0,0,9,21,26,43,65,118,138,147,150,149,168,180,169,172,142,103,53,25,17,17,7,1
7,4,9,18,13,32,44,82,122,136,154,142,165,165,158,149,135,107,57,45,48,45,11,10
3,0,0,8,11,37,68,105,123,134,148,127,140,150,148,145,142,125,103,61,56,53,14,0
3,0,11,44,31,37,101,100,106,118,120,103,107,128,137,137,133,109,100,77,25,37,13,4
0,6,9,14,10,23,72,100,103,110,109,63,36,102,112,107,112,106,100,100,12,12,14,8
3,0,0,12,9,15,14,54,79,75,72,33,8,38,103,82,74,88,102,59,43,26,7,0
0,5,0,12,9,13,13,16,43,52,56,31,10,47,75,65,67,70,52,14,13,3,5,3
5,0,0,4,9,8,13,14,20,31,33,12,7,28,68,67,65,47,35,25,12,6,0,0
0,0,0,0,0,5,5,11,13,20,28,26,12,35,42,57,45,37,35,15,14,9,10,4
0,0,0,0,3,1,10,12,17,29,29,23,9,26,29,35,42,38,22,13,13,1,16,1
0,0,0,0,0,0,0,4,9,11,9,11,6,14,25,41,13,14,21,16,14,0,0,4
2,0,0,0,0,0,0,0,0,4,5,8,0,11,11,15,13,12,12,11,4,0,0,0
0,0,0,0,0,0,0,0,0,0,1,0,0,2,14,34,19,8,12,0,0,5,6,0
0,0,0,0,0,0,0,3,0,1,4,3,2,1,17,25,51,14,34,14,13,7,12,0
0,0,0,0,0,0,0,0,0,0,0,0,0,6,22,51,51,61,63,53,21,11,9,0
0,0,1,1,0,0,0,0,0,0,0,1,9,8,16,51,62,84,78,51,22,13,12,0
0,0,0,0,6,0,0,3,1,0,1,0,2,11,16,70,82,88,73,30,13,5,6,0
2,0,0,0,0,0,0,0,0,0,0,0,11,7,14,60,86,59,57,45,13,4,0,5
0,0,0,0,0,0,0,0,0,0,0,0,8,3,14,39,63,53,86,51,8,0,0,0
0,0,0,0,0,0,0,7,0,0,0,0,5,8,5,13,33,61,55,39,6,0,0,0
2,5,0,0,2,0,5,8,0,0,0,0,0,3,8,10,15,55,54,12,3,5,0,2
0,0,0,0,0,0,0,0,0,4,0,0,0,3,11,9,8,45,31,8,0,1,0,5
0,0,3,0,6,0,0,8,1,0,1,0,0,8,7,11,14,35,24,11,13,10,8,10

0,0,0,4,11,12,11,14,13,13,8,7,4,9,1,4,2,4,1,0,5,3,9,0
0,0,3,12,31,50,54,52,56,48,46,36,13,12,13,7,14,11,0,11,12,7,7,0
0,0,7,13,42,53,62,66,59,55,54,52,28,25,14,12,21,14,9,10,10,1,9,7
0,0,0,13,29,50,56,71,58,59,58,54,22,27,13,12,13,12,11,10,12,7,0,0
0,0,0,0,9,9,10,10,35,40,25,13,7,5,6,10,12,5,12,13,9,5,0,3
4,1,5,5,6,12,14,28,37,37,43,45,48,39,38,32,34,12,14,23,18,4,0,0
3,0,0,4,9,15,38,52,55,54,57,63,65,58,56,55,50,39,14,13,14,0,0,0
0,0,0,0,14,33,56,64,69,73,83,94,86,89,90,67,54,54,53,36,16,8,1,0
0,0,1,19,50,60,63,85,111,106,108,126,122,127,125,98,67,58,57,56,12,11,11,0
0,0,13,55,53,65,85,120,129,119,126,144,137,144,140,103,77,60,51,52,38,12,10,8
0,11,40,45,50,56,74,112,117,122,125,121,131,136,113,83,57,52,51,50,14,10,6,7
0,6,51,51,47,50,55,81,114,118,127,115,116,137,110,69,55,38,15,44,24,11,5,11
0,13,50,48,13,28,51,71,101,109,118,111,123,121,111,98,66,13,13,38,30,11,0,0
0,8,36,33,14,8,52,69,74,90,100,101,108,107,106,100,56,10,7,12,21,0,1,0
0,9,13,11,11,0,31,54,52,54,62,70,102,106,102,54,27,11,13,38,65,9,11,5
8,14,51,11,5,0,35,54,54,53,55,56,85,87,61,52,40,11,12,31,65,15,6,7
13,54,61,27,8,11,52,59,53,55,58,56,84,64,61,58,52,39,10,33,56,66,9,3
14,33,36,38,23,22,39,43,45,52,54,50,51,55,61,59,41,26,19,24,32,38,15,8
9,31,72,20,6,12,40,45,50,60,71,101,82,65,58,67,37,12,14,24,35,30,8,8
10,14,41,14,1,12,45,84,76,94,124,144,160,137,129,126,120,102,22,12,26,22,2,1
4,7,27,13,9,24,72,110,116,134,182,159,162,159,147,138,129,115,81,25,25,25,14,11
0,0,9,21,25,42,66,118,138,147,150,149,167,180,168,171,142,102,53,25,17,17,7,1
6,4,9,17,14,32,44,82,122,136,154,142,165,166,158,149,135,107,57,46,48,45,11,10
3,0,0,8,11,37,68,105,123,134,148,127,140,149,148,145,142,125,103,62,57,53,14,0
3,0,11,44,32,36,101,100,106,118,120,103,107,128,138,137,133,109,100,76,25,37,13,4
0,6,9,14,10,23,72,101,103,110,109,63,34,102,112,107,112,106,100,100,12,12,14,8
3,1,1,13,9,16,14,54,79,75,72,32,8,38,104,82,75,90,102,59,44,26,7,0
1,5,0,12,9,13,13,16,43,55,56,31,10,50,76,66,71,71,52,17,13,3,5,3
5,0,0,4,9,8,13,14,20,31,32,13,7,27,68,67,64,48,35,25,12,6,0,0
0,0,0,0,0,5,5,11,13,20,28,26,12,35,42,57,45,37,35,15,14,9,10,4
0,0,0,0,3,1,10,12,17,29,28,23,9,26,28,35,42,38,23,13,13,1,16,1
0,0,0,0,0,0,0,4,9,11,9,11,6,14,23,40,13,14,22,16,14,0,0,4
2,0,0,0,0,0,0,0,0,4,5,8,0,11,11,15,13,12,12,11,4,0,0,0
0,0,0,0,0,0,0,0,0,0,1,0,0,2,14,35,19,8,12,0,0,5,6,0
0,0,0,0,0,0,0,3,0,1,4,3,2,1,17,25,51,14,34,14,13,7,12,0
0,0,0,0,0,0,0,0,0,0,0,0,0,6,22,51,52,62,63,53,21,11,9,0
0,0,1,1,0,0,0,0,0,0,0,1,9,8,15,51,62,84,78,51,22,13,12,0
0,0,0,0,6,0,0,3,1,0,1,0,2,11,15,70,82,88,72,30,13,5,6,0
2,0,0,0,0,0,0,0,0,0,0,0,11,7,14,60,85,59,57,44,13,4,0,5
0,0,0,0,0,0,0,0,0,0,0,0,8,3,14,38,63,52,86,51,8,0,0,0
0,0,0,0,0,0,0,7,0,0,0,0,5,8,5,13,33,61,55,39,6,0,0,0
2,5,0,0,2,0,5,8,0,0,0,0,0,3,8,10,16,56,54,12,3,5,1,3
0,0,0,0,0,0,0,0,0,4,0,0,0,3,12,9,8,45,33,8,0,1,0,5
0,0,3,0,6,0,0,8,1,0,1,0,0,8,7,11,14,36,24,11,13,10,8,10

0,0,0,4,11,12,11,14,13,13,8,7,4,9,1,4,2,4,1,0,5,3,8,0
0,0,3,12,31,50,54,52,56,50,46,36,13,12,13,7,14,11,0,11,12,7,7,0
0,0,8,13,42,54,61,66,59,54,54,52,28,25,14,12,21,14,9,9,9,1,9,7
0,0,0,14,29,50,56,71,58,60,59,54,22,29,13,12,14,12,11,10,13,6,0,0
0,0,0,0,9,9,10,10,35,40,26,13,7,5,6,10,12,5,12,13,9,5,0,3
4,1,5,5,6,12,14,29,37,37,43,45,48,40,38,32,35,12,14,23,18,4,0,0
3,0,0,4,9,15,38,52,55,54,57,63,65,59,56,55,50,39,14,13,14,0,0,0
0,0,0,0,14,34,56,63,68,72,83,94,85,89,91,67,54,54,53,35,16,8,1,0
0,0,1,18,50,60,63,85,111,106,108,126,122,127,125,98,67,58,57,56,13,11,11,0
0,0,14,55,53,65,86,120,129,119,126,144,137,143,140,103,77,60,51,52,38,12,10,8
0,11,40,45,49,56,74,113,118,122,125,121,132,136,113,83,57,52,51,50,14,10,6,7
0,6,52,51,48,50,55,81,114,118,127,115,117,137,110,70,56,39,15,44,24,11,5,11
0,12,50,47,13,27,51,71,101,110,118,112,123,121,111,99,67,13,13,38,30,11,0,0
0,8,36,33,14,9,53,70,74,90,101,101,108,107,106,100,57,10,7,12,22,0,1,0
0,9,13,11,11,0,32,54,52,54,61,70,102,106,102,53,26,11,13,39,65,9,11,5
8,15,51,11,6,0,36,54,54,53,55,56,85,87,61,52,40,11,12,32,66,15,6,7
13,54,61,26,8,11,52,58,53,54,58,56,84,63,61,58,52,39,10,32,56,67,9,3
14,33,37,38,23,22,39,43,45,52,53,50,51,55,61,59,41,26,19,24,32,38,15,8
9,30,72,20,6,12,40,45,50,59,71,101,82,65,58,66,37,12,14,24,35,30,8,8
10,14,40,14,1,12,45,84,76,93,124,144,160,137,129,126,120,102,22,12,26,23,2,1
4,7,26,13,9,24,72,110,116,133,181,159,162,159,148,138,129,115,81,25,25,25,14,11
0,0,9,21,25,42,66,118,138,147,150,149,167,180,168,171,142,102,53,25,17,17,7,1
6,4,9,17,14,32,44,82,122,136,154,142,165,165,158,149,135,107,57,45,48,45,11,10
3,0,0,8,11,37,68,105,123,134,148,127,140,149,148,145,142,124,103,62,56,53,15,0
3,0,11,44,32,37,101,100,106,118,120,103,107,128,138,137,133,109,100,76,25,37,13,4
0,6,9,14,10,23,75,101,103,110,109,64,33,102,112,107,112,106,100,100,12,12,14,8
3,0,1,12,9,15,14,53,79,74,72,33,8,37,103,81,74,88,102,58,44,26,7,0
1,5,0,12,9,13,13,16,43,53,56,33,10,47,76,66,68,70,52,14,12,3,5,3
5,0,0,4,10,8,13,14,21,30,32,12,7,27,68,67,64,47,35,25,12,6,0,0
0,0,0,0,0,5,5,11,14,20,28,26,12,35,42,57,45,37,36,15,14,9,10,4
0,0,0,0,3,1,10,12,18,29,29,23,9,25,28,35,42,38,23,13,13,1,16,1
0,0,0,0,0,0,0,4,9,11,9,11,6,14,26,43,13,14,22,16,14,0,0,4
2,0,0,0,0,0,0,0,0,4,5,8,0,11,10,15,13,12,12,11,4,0,0,0
0,0,0,0,0,0,0,0,0,0,1,0,0,2,15,36,19,8,12,0,0,5,6,0
0,0,0,0,0,0,0,3,0,1,4,2,2,1,15,25,51,14,34,14,12,7,12,0
0,0,0,0,0,0,0,0,0,0,0,0,0,6,23,51,52,62,63,54,21,11,9,0
0,0,1,1,0,0,0,0,0,0,0,1,9,8,15,51,62,84,78,51,22,13,12,0
0,0,0,0,6,0,0,3,2,0,1,0,2,11,16,70,82,88,73,30,13,5,6,0
1,0,0,0,0,0,0,0,0,0,0,0,11,7,15,60,86,59,57,44,13,4,0,5
0,0,0,0,0,0,0,0,0,0,0,0,8,3,14,37,63,52,86,51,8,0,0,0
0,0,0,0,0,0,0,7,0,0,0,0,5,8,5,13,33,61,55,38,6,0,0,0
2,5,0,0,2,0,5,8,0,0,0,0,0,3,8,10,16,56,54,12,3,5,0,2
0,0,0,0,0,0,0,0,0,4,0,0,0,3,12,9,8,45,31,8,0,1,0,5
0,0,3,0,6,0,0,8,1,0,1,0,0,8,7,11,14,35,24,11,13,10,8,10

0,0,0,4,11,12,11,14,13,13,8,7,4,9,1,4,2,4,1,0,5,3,8,0
0,0,3,12,31,50,54,52,56,50,47,36,13,12,13,7,14,11,0,11,12,7,7,0
0,0,7,13,39,52,61,65,59,54,54,52,28,21,14,12,20,14,9,9,9,1,9,8
0,0,0,13,29,50,56,71,58,60,59,54,23,27,13,12,13,12,11,10,12,6,0,0
0,0,0,0,9,9,10,10,35,39,25,13,7,5,6,10,12,5,11,13,9,5,0,3
4,1,5,5,6,12,14,29,37,37,43,45,48,40,38,32,35,12,14,23,18,4,0,0
3,0,0,4,9,15,37,52,55,54,57,63,65,58,56,55,50,39,14,13,13,0,0,0
0,0,0,0,14,33,56,64,68,72,83,93,85,89,90,67,55,54,53,36,17,8,1,0
0,0,1,17,50,60,63,85,111,106,108,126,122,126,125,98,66,58,57,56,12,11,11,0
0,0,14,55,53,65,86,121,129,120,126,144,137,143,140,103,77,60,51,52,38,12,11,8
0,11,39,45,50,56,74,113,118,122,125,121,132,136,113,83,57,52,51,50,14,10,6,7
0,6,52,51,49,50,55,81,115,119,127,116,117,138,111,70,56,39,16,45,25,11,5,11
0,12,50,47,13,28,51,71,102,110,118,112,123,121,111,99,67,13,13,38,30,11,0,0
0,8,37,33,14,9,53,71,74,91,101,101,108,107,106,100,57,10,8,12,22,0,1,0
0,9,13,11,11,0,32,54,52,54,62,69,102,106,102,53,27,11,13,39,65,9,11,5
8,15,51,11,6,0,37,54,54,53,55,56,85,87,61,52,40,11,11,32,65,15,6,7
13,54,61,26,8,11,52,58,53,54,57,55,84,63,61,58,52,38,10,33,55,67,9,3
14,33,37,38,24,22,39,43,45,52,53,50,51,55,61,59,41,26,19,24,32,38,15,8
9,31,72,19,6,12,39,44,50,59,71,101,82,65,58,67,36,12,14,23,35,30,8,8
10,14,42,14,1,13,47,84,77,93,124,144,160,137,129,126,120,102,22,12,26,23,2,1
4,7,25,13,9,24,72,110,116,133,181,159,162,158,147,137,129,115,80,25,25,25,14,11
0,0,9,22,26,42,66,119,138,147,150,149,167,180,168,171,142,102,53,26,17,17,7,1
6,4,9,17,14,32,44,82,122,136,153,142,165,165,157,149,135,107,57,45,48,45,11,10
3,0,0,8,11,38,69,105,123,134,148,127,140,149,148,145,142,125,103,62,57,53,14,0
3,0,11,42,29,35,101,100,106,118,120,103,107,127,137,137,133,108,100,76,25,37,13,4
0,6,9,14,10,25,75,101,103,110,109,64,36,102,112,108,112,106,100,100,12,12,14,8
3,0,0,12,9,14,14,52,79,72,71,33,8,37,103,81,73,86,102,57,42,26,7,0
1,5,0,12,10,13,13,17,43,54,56,31,10,47,76,66,67,71,52,15,13,3,5,3
5,0,0,4,9,8,13,14,20,30,31,12,7,26,68,67,63,47,34,24,12,6,0,0
0,0,0,0,0,5,5,12,14,20,28,26,12,35,42,56,45,37,36,15,14,9,10,4
0,0,0,0,3,1,10,12,17,29,28,23,9,25,28,35,42,38,23,13,13,1,16,1
0,0,0,0,0,0,0,4,9,11,9,11,7,14,27,43,13,14,22,16,14,0,0,4
2,0,0,0,0,0,0,0,0,4,5,8,0,11,11,15,13,12,12,11,4,0,0,0
0,0,0,0,0,0,0,0,0,0,1,0,0,2,15,36,19,8,12,0,0,5,6,0
0,0,0,0,0,0,0,3,0,1,4,2,2,1,15,25,51,14,34,14,12,7,12,0
0,0,0,0,0,0,0,0,0,0,0,0,0,6,23,51,52,62,63,53,21,11,9,0
0,0,1,1,0,0,0,0,0,0,0,1,9,8,15,51,62,84,78,51,22,13,12,0
0,0,0,0,6,0,0,3,2,0,1,0,2,11,16,70,82,88,73,30,13,5,6,0
2,0,0,0,0,0,0,0,0,0,0,0,11,7,14,60,86,59,57,45,13,4,0,5
0,0,0,0,0,0,0,0,0,0,0,0,8,3,14,40,63,53,86,51,8,0,0,0
0,0,0,0,0,0,0,7,0,0,0,0,5,8,5,13,33,60,55,40,6,0,0,0
2,5,0,0,2,0,5,8,0,0,0,0,0,3,8,10,17,56,55,12,3,5,0,3
0,0,0,0,0,0,0,0,0,4,0,0,0,3,11,9,8,45,31,8,0,1,0,5
0,0,3,0,6,0,0,8,1,0,1,0,0,8,7,11,14,37,24,11,13,10,8,10

0,0,0,4,11,12,11,13,13,13,8,7,4,9,1,4,2,4,1,0,5,3,9,0
0,0,3,12,33,50,55,52,56,50,47,36,13,12,13,7,14,11,0,11,12,7,7,0
0,0,7,13,38,53,61,65,59,54,54,51,28,21,14,12,20,14,9,9,9,1,9,7
0,0,0,13,30,50,57,71,58,59,59,55,23,27,13,12,13,12,11,10,12,7,0,0
0,0,0,0,9,9,10,10,35,40,24,13,7,5,6,10,12,5,12,13,9,5,0,3
4,1,5,5,6,12,14,29,36,37,43,45,48,40,38,32,35,12,14,23,18,4,0,0
3,0,0,4,9,15,38,52,55,54,57,62,65,59,57,55,50,41,14,13,13,0,0,0
0,0,0,0,14,35,56,64,69,72,83,93,85,89,91,67,54,54,53,35,17,8,1,0
0,0,1,18,50,60,63,85,111,106,108,126,122,127,125,99,67,58,57,56,12,11,11,0
0,0,14,55,53,65,86,121,129,120,126,144,137,144,140,103,77,60,51,52,39,12,10,8
0,11,38,45,49,56,75,113,118,122,125,121,132,136,113,83,57,52,51,50,14,10,6,7
0,6,52,51,48,50,55,81,114,119,127,116,117,137,110,70,56,39,16,45,24,11,5,11
0,12,49,48,13,27,51,71,101,110,118,112,123,121,111,99,67,13,13,39,30,11,0,0
0,8,37,33,14,9,53,71,74,91,101,101,108,107,106,100,56,10,8,12,22,0,1,0
0,9,13,11,11,0,33,54,52,54,61,69,102,106,102,53,26,11,13,39,65,9,11,5
8,15,52,11,6,0,36,54,54,53,55,56,85,86,61,52,39,11,12,32,65,15,6,7
13,54,61,27,8,11,52,58,53,54,58,55,83,63,61,58,52,39,10,33,56,67,9,3
14,33,37,38,24,22,39,43,45,52,54,50,51,55,61,59,41,26,19,24,32,38,15,8
9,30,71,20,6,12,39,44,50,59,70,101,81,65,58,66,36,12,14,24,35,30,8,8
10,14,41,14,1,13,46,85,76,94,124,144,160,137,129,126,120,102,22,12,27,24,2,1
4,7,26,13,9,24,73,110,116,133,181,159,162,159,147,137,129,115,80,25,25,25,14,11
0,0,9,21,26,43,66,119,138,147,150,149,167,180,168,171,142,102,53,25,17,17,7,1
6,4,9,17,14,32,44,82,122,136,154,142,165,165,158,149,135,107,57,45,48,45,11,10
3,0,0,8,11,38,68,105,123,134,148,127,140,149,148,145,142,125,103,63,58,53,15,0
3,0,11,44,31,35,102,100,106,118,120,103,107,128,137,137,133,108,100,76,25,37,13,4
0,6,9,14,10,23,72,101,103,110,109,64,34,102,112,107,113,106,100,100,12,12,14,8
3,0,0,12,9,15,14,52,80,72,72,32,8,37,103,82,73,87,102,58,43,26,7,0
1,5,0,12,10,13,13,17,44,53,56,31,10,48,76,66,68,71,52,14,13,3,5,3
5,0,0,4,9,8,13,14,21,32,32,12,7,26,68,68,63,47,35,25,12,6,0,0
0,0,0,0,0,5,5,11,14,20,28,26,12,35,42,56,45,37,35,15,15,9,10,4
0,0,0,0,3,1,10,13,18,29,29,23,9,25,29,35,42,38,23,13,13,1,16,1
0,0,0,0,0,0,0,4,9,11,9,11,6,14,27,42,13,14,22,16,14,0,0,4
2,0,0,0,0,0,0,0,0,4,5,8,0,11,11,14,13,12,12,11,4,0,0,0
0,0,0,0,0,0,0,0,0,0,1,0,0,2,14,36,19,8,12,0,0,5,6,0
0,0,0,0,0,0,0,3,0,1,4,2,2,1,16,25,51,14,32,14,13,7,12,0
0,0,0,0,0,0,0,0,0,0,0,0,0,6,22,51,52,62,63,54,21,11,9,0
0,0,1,1,0,0,0,0,0,0,0,1,9,8,15,51,63,84,78,51,22,13,12,0
0,0,0,0,6,0,0,3,2,0,1,0,2,11,16,70,82,88,73,30,13,5,6,0
2,0,0,0,0,0,0,0,0,0,0,0,11,7,15,60,86,59,57,45,13,4,0,5
0,0,0,0,0,0,0,0,0,0,0,0,8,3,14,39,63,53,86,51,8,0,0,0
0,0,0,0,0,0,0,8,0,0,0,0,5,8,5,13,33,61,55,40,6,0,0,0
2,5,0,0,2,0,5,8,0,0,0,0,0,3,8,10,15,56,55,12,3,5,0,2
0,0,0,0,0,0,0,0,0,4,0,0,0,3,11,9,8,43,31,8,0,1,0,5
0,0,3,0,6,0,0,8,1,0,1,0,0,8,7,11,14,37,24,11,13,10,8,10

0,0,0,4,11,12,11,14,13,13,8,7,4,9,1,4,2,4,1,0,5,3,9,0
0,0,4,12,31,50,54,52,56,50,47,37,13,12,13,7,14,11,0,11,12,7,7,0
0,0,7,13,40,53,62,65,59,54,54,52,25,22,14,12,21,14,9,9,9,1,9,8
0,0,0,13,29,50,56,71,58,59,59,54,22,27,13,12,13,12,11,10,13,6,0,0
0,0,0,0,9,9,10,10,35,40,25,13,7,5,6,10,12,5,12,13,9,5,0,3
4,1,5,5,6,12,14,29,37,37,43,45,48,40,38,32,35,12,14,23,18,4,0,0
3,0,0,4,9,15,38,52,55,54,57,63,65,59,56,55,50,38,14,13,14,0,0,0
0,0,0,0,14,34,56,63,69,72,83,94,86,89,91,67,55,54,53,35,15,8,1,0
0,0,1,18,50,60,63,85,111,106,108,126,122,127,125,98,67,58,56,56,12,11,11,0
0,0,14,54,53,65,86,121,129,120,127,144,137,144,140,103,77,60,51,52,39,12,10,8
0,11,40,45,50,56,74,112,117,122,125,121,132,136,113,83,57,52,51,50,14,10,6,7
0,6,52,51,47,50,55,81,114,118,127,115,116,137,110,70,55,38,15,45,25,11,5,11
0,13,50,48,13,27,50,71,101,110,118,111,123,121,111,99,67,13,13,39,30,11,0,0
0,8,37,31,14,9,52,69,74,90,100,101,108,107,106,100,56,10,8,12,21,0,1,0
0,9,13,11,12,0,31,54,52,54,62,69,102,106,102,54,27,11,13,39,65,9,11,5
8,15,51,11,6,0,36,54,54,53,55,56,86,87,61,53,41,12,12,32,65,15,6,7
13,54,61,28,8,11,52,58,53,55,58,56,84,64,61,58,52,39,10,35,56,67,9,3
14,33,37,38,23,22,39,43,45,52,54,50,51,55,61,59,41,26,19,24,32,38,15,8
9,32,73,23,6,12,40,44,50,59,71,101,82,65,58,67,37,12,14,24,35,30,8,8
10,14,41,14,1,12,45,84,76,93,124,144,160,137,129,126,120,102,22,12,26,23,2,1
4,7,27,14,9,24,73,110,116,134,181,159,162,159,148,137,129,115,81,25,25,25,14,11
0,0,9,21,26,43,66,119,139,147,150,149,167,180,169,172,142,102,53,25,17,17,7,1
7,4,10,18,14,32,44,82,122,136,154,142,166,166,158,149,135,107,57,45,48,45,11,10
3,0,0,8,11,37,67,105,123,134,149,127,140,149,148,145,142,125,103,62,57,53,14,0
3,0,12,45,32,37,102,100,106,118,120,103,107,128,138,137,133,109,100,77,25,37,13,4
0,6,9,14,10,25,72,101,103,110,109,63,36,102,112,107,112,106,100,100,12,12,14,8
3,0,0,12,9,16,14,54,80,75,72,33,8,38,104,81,74,89,102,59,43,27,7,0
1,5,0,12,10,13,13,16,43,54,56,30,10,45,76,66,67,71,52,15,13,3,5,3
5,0,0,4,9,8,13,14,21,32,32,13,7,28,68,67,64,48,35,25,12,6,0,0
0,0,0,0,0,5,5,12,14,20,28,26,12,35,41,56,45,37,35,15,14,9,10,4
0,0,0,0,3,1,10,13,18,29,29,23,10,26,28,35,42,38,23,13,13,1,16,1
0,0,0,0,0,0,0,4,9,11,9,11,7,14,23,41,13,14,22,16,14,0,0,4
2,0,0,0,0,0,0,0,0,4,5,8,0,11,11,15,13,12,12,11,4,0,0,0
0,0,0,0,0,0,0,0,0,0,1,0,0,1,14,35,19,8,12,0,0,5,6,0
0,0,0,0,0,0,0,3,0,1,4,2,2,1,17,25,51,14,34,14,13,7,12,0
0,0,0,0,0,0,0,0,0,0,0,0,0,6,23,51,52,61,63,53,21,11,9,0
0,0,1,1,0,0,0,0,0,0,0,1,9,8,16,51,63,84,78,51,22,13,12,0
0,0,0,0,6,0,0,3,2,0,1,0,2,11,16,70,82,88,73,30,13,5,6,0
2,0,0,0,0,0,0,0,0,0,0,0,11,7,15,60,86,59,57,45,13,4,0,5
0,0,0,0,0,0,0,0,0,0,0,0,8,3,14,38,63,52,86,51,8,0,0,0
0,0,0,0,0,0,0,7,0,0,0,0,5,8,5,13,33,60,55,42,6,0,0,0
2,5,0,0,2,0,5,8,0,0,0,0,0,3,8,10,16,56,55,12,3,5,0,3
0,0,0,0,0,0,0,0,0,4,0,0,0,3,11,9,8,45,34,8,0,1,0,5
0,0,3,0,6,0,0,8,1,0,1,0,0,8,7,11,14,36,25,11,13,10,8,10

0,0,0,4,11,12,11,14,13,13,8,7,4,9,1,4,2,4,1,0,5,3,9,0
0,0,3,12,31,50,54,52,56,50,46,37,13,12,13,7,14,11,0,11,12,7,6,0
0,0,8,13,42,53,61,66,60,55,54,52,28,23,14,12,21,14,9,9,9,1,9,8
0,0,0,14,29,50,56,71,58,59,58,54,20,26,13,12,13,12,11,10,12,6,0,0
0,0,0,0,9,9,10,10,35,41,26,13,7,5,6,10,12,5,12,13,9,5,0,3
4,1,5,5,6,12,14,28,36,37,43,45,48,39,38,32,34,12,14,23,17,4,0,0
3,0,0,4,9,15,38,52,55,54,57,63,65,59,57,55,50,40,14,13,13,0,0,0
0,0,0,0,14,34,56,64,68,72,83,93,85,89,90,67,55,54,53,35,16,8,1,0
0,0,1,19,50,60,63,85,111,106,108,126,122,127,125,99,67,58,57,56,13,11,11,0
0,0,14,55,53,65,85,120,129,119,126,144,137,144,140,103,77,60,51,52,38,12,10,8
0,12,40,45,49,56,74,112,117,122,125,121,132,136,113,83,57,52,51,50,14,10,6,7
0,6,52,51,47,50,55,81,114,118,127,115,116,137,110,69,55,38,15,45,24,11,5,11
0,13,50,48,14,28,50,71,101,109,118,111,123,121,111,98,66,13,13,39,30,11,0,0
0,8,36,33,14,8,52,68,74,90,100,101,108,107,106,100,56,9,7,12,20,0,1,0
0,9,13,11,11,0,32,54,52,54,62,70,102,106,103,54,28,11,13,39,65,9,11,5
8,14,51,11,5,0,35,54,54,53,55,56,85,87,61,52,40,11,12,31,65,15,6,7
13,54,61,27,8,11,52,59,53,54,58,56,84,63,61,58,52,39,10,33,56,66,9,3
14,33,37,38,23,22,39,43,45,52,53,50,51,55,61,59,41,26,19,24,32,38,15,8
9,32,73,22,6,12,39,45,50,59,72,101,82,65,58,67,37,12,14,24,35,30,8,8
10,14,40,14,1,12,45,84,76,94,124,144,160,137,129,126,120,101,21,12,26,22,2,1
4,7,27,14,9,24,73,110,117,134,181,159,162,159,147,138,129,115,81,25,25,25,14,11
0,0,9,21,26,42,66,119,138,147,150,149,167,180,168,171,142,102,52,25,17,17,7,1
6,4,9,18,14,32,45,83,123,136,154,142,165,166,158,149,135,107,57,45,48,45,11,10
3,0,0,8,11,38,68,105,123,134,149,127,140,150,148,145,142,125,103,62,57,53,14,0
3,0,12,44,31,36,102,100,107,118,120,104,107,128,138,137,133,108,100,76,25,37,13,4
0,6,9,14,10,23,75,101,103,110,109,63,34,102,112,107,113,106,100,100,12,12,14,8
3,0,1,12,9,16,14,54,80,75,72,33,8,37,103,82,73,89,102,58,43,27,7,0
1,5,0,12,10,13,13,16,43,54,56,31,10,48,76,65,67,70,52,15,13,3,5,3
5,0,0,4,9,8,13,14,21,31,33,13,7,27,68,67,65,48,35,25,12,6,0,0
0,0,0,0,0,5,5,12,14,20,28,26,12,35,42,57,45,37,36,15,14,9,10,4
0,0,0,0,3,1,10,13,18,29,29,23,10,26,29,36,42,38,23,13,13,1,16,1
0,0,0,0,0,0,0,4,9,11,9,11,6,14,23,40,13,14,22,16,14,0,0,4
2,0,0,0,0,0,0,0,0,4,5,8,0,11,11,15,13,12,12,11,4,0,0,0
0,0,0,0,0,0,0,0,0,0,1,0,0,2,14,35,19,8,12,0,0,5,6,0
0,0,0,0,0,0,0,3,0,2,4,2,2,1,17,25,51,14,34,14,13,7,12,0
0,0,0,0,0,0,0,0,0,0,0,0,0,6,23,51,51,62,63,54,21,11,9,0
0,0,1,1,0,0,0,0,0,0,0,1,9,8,16,51,63,84,78,51,22,13,12,0
0,0,0,0,6,0,0,3,2,0,1,0,2,11,16,70,82,88,73,30,13,5,6,0
2,0,0,0,0,0,0,0,0,0,0,0,11,7,15,60,86,59,57,45,13,4,0,5
0,0,0,0,0,0,0,0,0,0,0,0,8,3,14,39,63,53,86,51,8,0,0,0
0,0,0,0,0,0,0,7,0,0,0,0,5,8,5,13,33,61,55,40,6,0,0,0
2,5,0,0,2,0,5,8,0,0,0,0,0,3,8,10,16,56,54,12,3,5,0,3
0,0,0,0,0,0,0,0,0,4,0,0,0,3,12,9,8,46,31,8,0,1,0,5
0,0,3,0,6,0,0,8,1,0,1,0,0,8,7,11,14,36,25,12,13,10,8,10

0,0,0,4,11,12,11,14,13,13,8,7,4,9,1,4,2,4,1,0,5,3,9,0
0,0,4,12,31,50,54,52,56,50,47,37,13,12,13,7,14,11,0,11,12,6,7,0
0,0,7,13,39,53,62,65,59,54,54,52,28,22,14,12,21,14,9,9,9,0,9,8
0,0,0,13,30,50,56,70,58,59,58,54,23,27,13,12,13,12,11,10,12,6,0,0
0,0,0,0,9,9,10,10,36,40,26,13,7,5,6,10,12,5,12,13,9,5,0,3
4,1,5,5,6,12,14,28,36,37,43,45,48,39,38,32,34,12,14,23,18,4,0,0
3,0,0,4,9,15,36,52,55,54,57,63,65,58,56,55,50,39,14,13,14,0,0,0
0,0,0,0,14,32,56,64,68,72,83,93,85,89,90,67,55,54,53,36,16,7,1,0
0,0,1,18,50,60,63,85,111,106,108,126,122,126,125,98,66,58,56,56,12,11,11,0
0,0,14,55,53,65,86,120,129,119,126,144,137,143,140,103,77,60,51,52,38,12,10,8
0,11,40,45,49,56,74,113,118,122,125,121,132,136,113,83,57,52,51,50,14,10,6,7
0,6,51,51,48,50,56,81,114,118,127,115,116,137,110,69,56,38,15,45,25,11,5,11
0,13,50,47,13,29,50,71,101,110,118,112,123,121,111,99,67,13,13,38,30,11,0,0
0,8,36,33,14,9,52,70,74,91,101,101,108,107,106,100,56,10,8,12,22,0,1,0
0,9,13,11,11,0,33,54,52,54,62,69,102,106,102,54,28,11,13,39,65,9,11,5
8,14,51,11,6,0,37,54,54,53,55,56,85,87,61,52,39,11,11,31,65,15,6,7
13,54,61,26,8,11,52,58,53,54,57,56,84,63,61,58,52,39,10,34,56,67,9,3
14,33,37,38,23,22,39,43,45,52,54,50,51,55,60,59,41,26,19,24,32,38,15,8
9,31,72,20,6,12,40,44,50,59,71,101,82,65,58,66,37,12,14,24,35,30,8,8
10,14,40,14,1,12,46,84,76,94,124,144,160,137,129,126,120,101,22,12,26,22,2,1
4,7,26,13,9,24,73,111,117,133,181,159,162,158,147,137,129,115,81,25,25,25,14,11
0,0,9,22,26,43,67,119,139,147,150,149,167,180,168,171,142,102,53,25,17,17,7,1
6,4,9,17,14,32,44,82,123,136,154,142,165,165,158,149,135,107,57,45,48,45,11,10
3,0,0,8,11,38,69,105,124,134,149,127,140,149,148,145,142,124,103,62,57,53,15,0
3,0,11,42,31,36,101,100,107,118,120,103,107,127,137,137,132,108,100,76,25,37,13,4
0,6,9,14,10,25,74,101,103,111,109,64,34,102,112,107,112,106,100,100,12,12,14,8
3,0,0,12,9,16,14,53,80,74,72,32,8,37,103,82,74,88,102,57,43,26,7,0
1,5,0,12,10,13,13,16,43,54,56,31,10,50,77,66,71,71,52,15,13,3,5,3
5,0,0,4,9,8,13,14,22,31,32,13,7,27,68,67,64,48,35,25,12,6,0,0
0,0,0,0,0,5,5,12,14,20,28,26,12,35,41,57,45,37,36,15,15,9,10,4
0,0,0,0,3,1,10,13,18,29,28,23,10,26,29,36,42,38,23,13,13,1,16,1
0,0,0,0,0,0,0,4,9,11,9,11,6,14,25,42,13,14,22,16,14,0,0,4
2,0,0,0,0,0,0,0,0,4,5,8,0,11,11,15,13,12,12,11,4,0,0,0
0,0,0,0,0,0,0,0,0,0,1,0,0,2,14,35,19,8,12,0,0,5,6,0
0,0,0,0,0,0,0,3,0,2,4,3,2,1,17,25,51,14,34,14,13,7,12,0
0,0,0,0,0,0,0,0,0,0,0,0,0,6,23,51,52,62,63,54,21,11,9,0
0,0,1,1,0,0,0,0,0,0,0,1,9,8,16,51,63,84,78,51,22,13,12,0
0,0,0,0,6,0,0,3,2,0,1,0,2,11,16,70,82,88,73,30,13,6,6,0
2,0,0,0,0,0,0,0,0,0,0,0,11,7,15,60,86,59,57,45,13,4,0,5
0,0,0,0,0,0,0,0,0,0,0,0,8,4,14,40,64,53,86,51,8,0,0,0
0,0,0,0,0,0,0,7,0,0,0,0,5,8,5,13,32,61,55,40,6,0,0,0
2,5,0,0,2,0,5,8,0,0,0,0,0,3,8,10,16,56,54,12,3,5,0,3
0,0,0,0,0,0,0,0,0,4,0,0,0,3,12,9,8,46,33,8,0,1,0,5
0,0,3,0,6,0,0,8,1,0,1,0,0,8,7,11,14,37,25,12,13,10,8,10

0,0,0,4,11,12,11,14,13,13,8,7,4,9,1,4,2,4,1,0,5,3,8,0
0,0,4,12,33,50,54,52,56,50,47,37,13,12,13,7,14,11,0,11,12,7,7,0
0,0,7,13,39,52,61,65,60,54,54,52,27,22,14,12,21,14,9,9,10,0,9,7
0,0,0,14,30,50,56,71,59,59,58,55,22,28,13,12,14,12,11,10,13,6,0,0
0,0,0,0,9,9,10,10,34,39,25,13,7,5,6,10,12,5,12,13,9,5,0,3
4,1,5,5,6,12,14,29,37,37,43,45,48,39,38,33,35,12,14,23,18,4,0,0
3,0,0,4,9,14,37,52,55,54,57,63,65,59,56,55,50,39,14,13,14,0,0,0
0,0,0,0,14,34,56,64,68,72,83,93,85,88,90,67,55,54,53,36,16,8,1,0
0,0,1,17,50,60,63,84,111,106,108,126,122,126,125,99,66,58,57,56,12,11,11,0
0,0,14,55,53,65,86,121,129,120,126,144,137,144,140,103,77,60,51,53,38,12,11,8
0,11,40,44,49,56,74,113,118,122,125,121,132,136,113,83,57,52,51,50,14,10,6,7
0,6,52,51,49,50,56,81,115,119,127,116,117,138,110,70,56,39,16,45,25,11,5,11
0,12,50,47,13,27,50,71,102,110,118,112,123,121,111,99,67,13,13,38,30,11,0,0
0,8,37,34,14,9,53,71,74,91,101,101,108,107,106,100,57,10,8,12,22,0,1,0
0,9,13,11,11,0,32,54,52,54,61,69,102,106,102,53,26,11,13,39,65,9,11,5
8,16,52,11,6,0,37,54,54,53,55,56,85,87,61,53,41,12,12,32,66,15,6,7
13,54,61,27,8,11,51,58,53,54,57,55,83,63,61,58,52,39,10,33,56,67,9,3
14,33,37,39,24,22,39,43,45,52,54,50,51,55,61,59,41,26,19,25,32,38,15,8
9,31,72,20,6,12,40,44,50,59,70,101,82,65,58,66,37,12,14,24,35,30,8,8
10,14,41,14,1,12,46,85,76,94,124,144,159,137,129,126,120,102,23,12,26,24,2,1
4,7,26,13,9,24,72,110,116,133,181,159,162,158,147,137,129,115,81,25,25,25,14,11
0,0,9,21,26,43,67,119,139,147,150,149,167,180,168,171,142,102,53,25,17,17,7,1
6,4,9,17,14,32,44,82,123,136,154,142,165,165,157,149,135,107,57,45,48,45,11,10
3,0,0,8,11,38,68,105,124,134,149,127,140,149,148,145,142,124,103,62,57,53,15,0
3,0,11,45,31,35,102,100,107,118,120,103,107,128,138,137,133,109,99,76,25,37,13,4
0,6,9,14,10,25,74,101,103,111,109,65,34,102,112,107,112,106,100,100,12,12,15,8
3,0,0,12,9,15,14,53,79,74,71,32,8,37,104,81,74,89,102,57,43,26,7,0
1,5,0,12,10,13,13,17,43,54,56,33,10,48,77,66,67,72,52,15,13,3,5,3
5,0,0,4,9,8,13,14,20,31,32,12,7,26,68,67,63,46,35,25,12,6,0,0
0,0,0,0,0,5,5,12,14,20,28,26,12,35,42,57,45,37,36,15,15,9,10,4
0,0,0,0,3,1,10,13,18,29,29,23,10,26,29,36,42,38,23,13,13,1,16,1
0,0,0,0,0,0,0,4,9,11,10,11,7,14,26,42,13,14,22,16,14,0,0,4
2,0,0,0,0,0,0,0,0,4,5,8,0,11,10,15,13,12,12,11,4,0,0,0
0,0,0,0,0,0,0,0,0,0,1,0,0,2,14,37,19,8,12,0,0,5,6,0
0,0,0,0,0,0,0,3,0,2,4,2,2,1,16,25,51,15,34,14,13,7,12,0
0,0,0,0,0,0,0,0,0,0,0,0,1,6,23,51,52,62,63,54,21,11,9,0
0,0,1,1,0,0,0,0,0,0,0,1,9,8,16,51,63,84,78,51,22,13,12,0
0,0,0,0,6,0,0,3,2,0,1,0,2,11,16,70,82,88,73,31,13,5,6,0
2,0,0,0,0,0,0,0,0,0,0,0,11,7,15,60,86,59,57,45,13,4,0,5
0,0,0,0,0,0,0,0,0,0,0,0,8,3,14,39,63,53,86,51,8,0,0,0
0,0,0,0,0,0,0,7,0,0,0,0,5,8,5,13,33,61,55,42,6,0,0,0
2,5,0,0,2,0,5,8,0,0,0,0,0,3,8,10,17,56,54,12,3,5,0,3
0,0,0,0,0,0,0,0,0,4,0,0,0,3,12,9,8,45,31,8,0,1,0,5
0,0,3,0,6,0,0,8,1,0,1,0,0,8,7,11,14,38,25,12,13,10,8,10

0,0,0,4,11,12,11,13,13,13,8,7,4,9,1,4,2,4,1,0,5,3,8,0
0,0,4,12,31,50,54,52,57,50,47,36,13,12,13,7,14,11,0,11,12,7,7,0
0,0,7,13,40,52,61,65,59,55,54,52,25,22,14,12,20,14,9,10,9,1,9,8
0,0,0,13,29,50,56,71,59,60,59,54,22,26,13,12,13,12,11,10,13,6,0,0
0,0,0,0,9,9,10,10,35,40,25,13,7,5,6,10,12,5,11,13,9,5,0,3
4,1,5,5,6,12,14,29,37,37,43,45,48,39,38,32,34,12,14,23,18,4,0,0
3,0,0,4,9,15,38,52,55,54,57,63,65,59,56,55,50,38,14,13,13,0,0,0
0,0,0,0,14,35,56,64,68,72,83,94,85,89,90,67,55,54,53,36,16,8,1,0
0,0,1,19,50,60,63,85,111,106,108,126,122,127,125,98,67,58,57,56,12,11,11,0
0,0,14,55,53,65,86,121,129,119,126,144,137,144,140,103,78,60,51,52,38,12,11,8
0,11,39,45,49,56,75,113,117,122,125,121,132,136,113,83,57,52,51,50,14,10,6,7
0,6,52,51,48,50,55,81,114,118,127,116,117,137,110,69,56,38,16,44,24,11,5,11
0,13,49,48,13,28,51,71,101,110,118,112,123,121,111,98,66,13,13,38,30,11,0,0
0,8,38,33,14,9,52,70,74,91,101,101,108,107,106,100,57,10,8,12,22,0,1,0
0,9,13,11,12,0,31,54,52,54,61,69,102,106,102,53,26,11,13,39,65,9,11,5
8,16,52,11,6,0,36,54,54,53,55,56,86,87,61,53,41,12,12,32,66,15,6,7
13,54,61,27,8,11,52,58,53,54,58,55,83,63,61,58,52,39,10,33,56,67,9,3
14,33,37,38,23,22,39,43,45,52,54,50,51,55,61,59,41,26,19,24,32,38,15,8
9,31,72,22,6,12,41,44,50,59,70,101,82,65,58,67,38,12,14,24,35,30,8,8
10,14,42,14,1,12,45,85,76,93,124,144,159,137,129,126,120,102,23,12,27,24,2,1
4,7,26,14,9,24,73,110,116,133,181,158,162,158,147,137,129,115,80,25,25,24,14,11
0,0,9,21,26,43,66,119,139,147,150,149,167,180,168,172,142,102,53,25,17,17,7,1
6,4,9,17,14,32,44,83,123,136,154,142,165,165,158,149,135,107,57,45,48,45,11,10
3,0,0,8,11,37,68,105,124,135,149,127,140,149,148,145,142,125,103,63,57,53,14,0
3,0,11,45,31,39,102,100,107,118,120,104,107,128,138,137,133,109,100,76,25,37,13,4
0,6,9,14,10,26,74,101,103,111,109,63,34,102,112,107,112,106,100,100,12,12,15,8
3,0,0,12,9,15,14,54,80,75,71,32,8,35,103,81,74,88,102,58,44,27,7,0
1,5,0,12,10,13,13,16,43,54,56,31,10,48,76,67,68,71,52,16,13,3,5,3
5,0,0,4,9,8,13,14,20,32,32,12,7,27,68,67,64,48,35,25,12,6,0,0
0,0,0,0,0,5,5,12,14,20,28,26,12,35,42,57,45,38,36,16,15,9,10,4
0,0,0,0,3,1,10,13,18,29,28,23,10,26,28,35,42,38,23,13,13,1,16,1
0,0,0,0,0,0,0,4,9,11,10,11,7,14,30,44,13,15,22,16,14,0,0,4
2,0,0,0,0,0,0,0,0,4,5,8,0,11,10,15,13,12,12,11,4,0,0,0
0,0,0,0,0,0,0,0,0,0,1,0,0,2,15,35,19,8,12,0,0,5,6,0
0,0,0,0,0,0,0,3,0,2,4,2,2,1,16,25,51,15,34,14,13,7,12,0
0,0,0,0,0,0,0,0,0,0,0,0,0,6,23,51,52,62,63,53,21,11,9,0
0,0,1,1,0,0,0,0,0,0,0,1,9,8,16,52,63,84,78,51,22,13,12,0
0,0,0,0,6,0,0,3,2,0,1,0,2,11,16,70,82,88,73,30,13,6,6,0
2,0,0,0,0,0,0,0,0,0,0,0,11,8,16,60,86,59,57,45,13,4,0,5
0,0,0,0,0,0,0,0,0,0,0,0,8,3,14,39,63,53,86,51,8,0,0,0
0,0,0,0,0,0,0,7,0,0,0,0,5,8,5,13,33,61,55,42,6,0,0,0
2,5,0,0,2,0,5,8,0,0,0,0,0,3,8,10,17,56,54,12,3,5,0,3
0,0,0,0,0,0,0,0,0,4,0,0,0,3,11,9,8,45,31,8,0,1,0,5
0,0,3,0,6,0,0,8,1,0,1,0,0,8,7,11,14,37,25,12,13,10,8,10

0,0,0,4,11,12,12,14,13,13,8,7,4,9,1,4,2,4,1,0,5,3,8,0
0,0,4,12,31,50,54,52,56,50,46,37,13,12,13,7,14,11,0,11,12,7,7,0
0,0,7,13,39,53,61,65,60,55,54,52,27,22,14,12,20,14,9,10,9,0,9,7
0,0,0,13,29,50,56,70,58,59,58,54,22,27,13,12,13,12,11,10,12,6,0,0
0,0,0,0,9,9,10,10,35,41,26,13,7,5,6,10,12,5,12,13,9,5,0,3
4,1,5,5,6,12,14,29,37,37,43,45,48,39,38,32,35,12,14,23,18,4,0,0
3,0,0,4,9,15,38,52,55,54,57,63,65,58,56,55,50,39,14,13,13,0,0,0
0,0,0,0,14,34,56,63,69,73,83,94,85,89,90,67,55,54,53,36,16,8,1,0
0,0,1,19,50,60,63,85,111,106,108,126,122,127,125,98,66,58,57,56,13,11,11,0
0,0,14,54,53,65,86,121,129,119,126,144,137,143,140,102,77,60,51,52,38,12,10,8
0,12,40,45,50,56,74,112,117,121,124,120,131,136,113,83,57,52,51,50,14,10,6,7
0,6,51,51,48,50,55,81,114,118,126,115,116,137,110,69,55,38,15,44,24,11,5,11
0,13,50,50,14,28,51,70,101,109,117,111,123,121,111,98,66,13,13,39,30,11,0,0
0,8,37,31,14,8,52,68,74,90,100,101,108,107,106,100,56,9,8,12,21,0,1,0
0,9,13,11,11,0,32,54,52,54,62,70,102,106,102,53,27,11,13,39,65,9,11,5
8,15,51,11,6,0,35,54,54,53,55,56,86,88,61,53,41,12,11,31,65,15,6,7
13,54,61,28,8,11,52,58,53,54,58,56,84,63,61,58,52,39,10,33,56,66,9,3
14,33,37,38,23,22,39,43,45,52,54,50,51,55,61,59,41,26,19,24,32,38,15,8
9,32,72,23,6,12,40,44,50,59,72,101,82,65,58,67,37,12,14,24,35,30,8,8
10,14,41,14,1,12,45,85,76,93,124,144,160,137,129,126,120,102,22,12,27,23,2,1
4,7,26,14,9,25,72,111,117,134,181,159,162,159,147,137,129,115,81,25,25,25,14,11
0,0,9,21,25,42,66,119,139,147,150,149,167,180,168,171,142,102,53,25,17,17,7,1
7,4,9,18,14,32,44,83,123,136,154,142,165,165,158,149,135,107,57,46,48,45,11,10
3,0,0,8,11,37,68,105,124,135,149,127,140,149,148,145,142,124,103,61,56,53,14,0
3,0,12,44,32,36,102,100,107,118,120,104,107,128,138,137,133,109,100,76,25,37,13,4
0,6,9,14,10,25,74,101,103,110,109,64,36,102,112,107,112,105,100,100,12,11,15,8
3,1,0,12,9,15,14,54,80,74,73,33,8,37,103,81,74,87,102,57,44,27,7,0
1,5,0,12,10,13,13,17,43,53,56,33,10,47,77,66,67,72,52,14,13,3,5,3
5,0,0,4,9,8,13,14,21,32,34,13,7,28,68,68,64,48,35,25,12,6,0,0
0,0,0,0,0,5,5,12,14,20,28,26,12,35,41,56,45,37,35,16,14,9,10,4
0,0,0,0,3,1,10,13,18,29,29,23,10,26,28,36,42,38,23,13,13,1,16,1
0,0,0,0,0,0,0,4,9,11,9,11,7,14,26,43,13,14,22,16,14,0,0,4
2,0,0,0,0,0,0,0,0,4,5,8,0,11,11,15,13,12,12,11,4,0,0,0
0,0,0,0,0,0,0,0,0,0,1,0,0,2,14,35,19,8,12,0,0,5,6,0
0,0,0,0,0,0,0,3,0,2,4,3,2,1,17,25,51,15,34,14,13,7,12,0
0,0,0,0,0,0,0,0,0,0,0,0,1,6,23,51,52,62,63,53,21,11,9,0
0,0,1,1,0,0,0,0,0,0,0,1,9,8,16,51,63,84,78,51,22,13,12,0
0,0,0,0,6,0,0,3,2,0,1,0,2,11,16,70,82,88,73,30,13,6,6,0
2,0,0,0,0,0,0,0,0,0,0,0,11,7,15,60,86,59,57,45,13,4,0,5
0,0,0,0,0,0,0,0,0,0,0,0,8,3,14,39,63,52,86,51,8,0,0,0
0,0,0,0,0,0,0,8,0,0,0,0,5,8,6,13,33,61,55,42,6,0,0,0
2,5,0,0,2,0,5,8,0,0,0,0,0,3,8,10,15,56,55,12,3,5,0,3
0,0,0,0,0,0,0,0,0,4,0,0,0,3,12,9,8,45,33,8,0,1,0,5
0,0,3,0,6,0,0,8,1,0,1,0,0,8,7,11,14,36,24,12,13,10,8,10

0,0,0,4,11,12,11,14,13,13,8,7,4,9,1,4,2,4,1,0,5,3,9,0
0,0,3,12,31,50,54,52,56,50,47,36,13,12,13,7,14,11,0,11,12,7,7,0
0,0,7,13,42,54,61,66,59,55,54,52,27,23,14,12,21,14,9,10,10,1,9,7
0,0,0,13,29,50,56,70,58,59,58,54,20,27,13,12,14,12,11,10,12,6,0,0
0,0,0,0,9,9,10,10,36,40,26,13,7,5,6,10,12,5,12,13,9,5,0,3
4,1,5,5,6,12,14,28,36,37,43,45,48,39,38,32,34,12,14,23,17,4,0,0
3,0,0,4,9,15,38,53,55,54,57,63,65,59,57,55,50,41,14,13,14,0,0,0
0,0,0,0,14,34,56,63,68,72,83,94,86,89,90,67,55,54,53,35,15,8,1,0
0,0,1,20,50,60,63,85,111,106,108,126,122,127,125,98,67,58,57,56,13,11,11,0
0,0,14,55,53,65,86,120,128,119,126,143,136,143,139,102,77,60,51,53,38,12,10,8
0,12,40,45,50,56,74,112,117,121,124,120,131,135,112,83,57,52,51,50,14,10,6,7
0,6,51,51,48,50,55,81,114,118,126,115,116,137,110,69,55,38,15,45,24,11,5,11
0,13,50,48,14,29,51,71,101,109,117,111,123,121,111,98,66,13,13,39,30,11,0,0
0,8,35,32,14,8,52,69,74,90,100,101,108,107,106,100,56,9,7,12,20,0,1,0
0,9,13,11,11,0,32,55,52,54,61,70,102,106,102,54,27,11,13,39,65,9,11,5
8,15,51,11,5,0,35,54,54,53,55,56,85,87,61,52,39,11,11,31,65,15,6,7
13,54,61,29,8,11,52,58,53,54,58,56,84,64,61,58,52,40,10,34,56,67,9,3
14,33,37,38,24,22,39,43,45,52,53,50,51,55,61,59,41,26,19,24,32,38,15,8
9,31,72,22,6,12,40,44,50,59,72,101,82,65,58,66,36,12,14,24,35,30,8,8
10,14,41,14,1,12,45,85,76,94,124,144,160,137,129,126,120,102,22,12,26,22,2,1
4,7,26,14,9,24,73,111,117,134,181,159,162,159,147,137,129,114,80,25,25,25,14,11
0,0,9,21,26,43,66,119,139,147,150,149,167,180,168,171,142,102,53,25,17,17,7,1
6,4,10,17,14,32,44,83,123,136,154,142,166,166,158,149,135,107,57,45,48,45,11,11
3,0,0,8,11,37,69,105,124,135,149,127,140,150,148,145,142,124,103,61,56,53,15,0
3,0,12,44,32,37,102,100,107,118,120,104,108,128,138,137,133,109,100,76,25,37,13,4
0,6,9,14,10,25,74,101,103,111,109,63,36,102,112,107,112,106,100,100,12,12,14,8
3,0,0,12,9,16,14,53,81,74,72,33,8,38,103,84,74,88,102,57,44,26,7,0
1,5,0,12,10,13,13,16,43,54,56,31,10,47,76,66,67,71,52,15,13,3,5,3
5,0,0,4,9,8,13,14,22,32,33,12,7,26,68,68,63,47,35,25,12,6,0,0
0,0,0,0,0,5,5,12,14,20,28,26,12,35,41,56,45,37,36,15,14,9,10,4
0,0,0,0,3,1,10,13,18,29,28,23,10,26,29,36,42,39,24,13,13,1,16,1
0,0,0,0,0,0,0,4,9,11,9,11,7,14,27,43,13,14,22,16,14,0,0,4
2,0,0,0,0,0,0,0,0,4,5,8,0,11,11,15,13,12,12,11,4,0,0,0
0,0,0,0,0,0,0,0,0,0,1,0,0,1,14,36,19,8,12,0,0,5,6,0
0,0,0,0,0,0,0,3,0,2,4,3,2,1,16,25,51,14,34,14,13,7,12,0
0,0,0,0,0,0,0,0,0,0,0,0,0,6,23,51,52,62,63,54,21,11,9,0
0,0,1,1,0,0,0,0,0,0,0,1,9,8,17,51,63,84,78,51,22,13,12,0
0,0,0,0,6,0,0,3,2,0,1,0,2,11,16,70,83,88,73,30,13,5,6,0
2,0,0,0,0,0,0,0,0,0,0,0,11,7,15,60,86,59,57,45,13,4,0,5
0,0,0,0,0,0,0,0,0,0,0,0,8,3,14,40,64,53,86,51,8,0,0,0
0,0,0,0,0,0,0,7,0,0,0,0,5,8,5,13,33,61,55,42,6,0,0,0
2,5,0,0,2,0,5,8,0,0,0,0,0,3,8,10,17,56,54,12,3,5,0,3
0,0,0,0,0,0,0,0,0,4,0,0,0,3,12,9,8,46,33,8,0,1,0,5
0,0,3,0,6,0,0,8,1,0,1,0,0,8,7,11,14,36,25,12,13,10,8,10

0,0,0,4,11,12,11,14,13,13,8,7,4,9,1,4,2,4,1,0,5,3,8,0
0,0,3,12,31,50,54,52,56,50,47,36,13,12,13,7,14,11,0,11,12,7,7,0
0,0,7,13,40,53,61,65,59,55,54,52,28,21,14,12,20,14,9,9,10,0,9,7
0,0,0,13,30,50,57,70,58,59,58,54,23,27,13,12,13,12,11,10,12,6,0,0
0,0,0,0,9,9,10,10,36,40,25,13,7,5,6,10,12,5,12,13,9,5,0,3
4,1,5,5,6,12,14,29,37,37,43,45,48,40,38,32,35,12,14,23,18,4,0,0
3,0,0,4,9,15,38,52,55,54,57,63,65,58,56,55,50,39,14,13,13,0,0,0
0,0,0,0,14,34,56,63,68,72,83,93,85,88,90,67,54,54,53,35,15,8,1,0
0,0,1,18,50,60,63,85,111,106,108,126,122,126,125,98,66,58,57,56,12,11,11,0
0,0,14,55,53,64,86,120,129,119,126,143,136,143,139,102,77,60,51,52,38,12,11,8
0,11,40,45,49,56,74,113,117,121,125,120,131,136,113,83,57,52,51,50,14,10,6,7
0,6,52,51,48,50,55,81,114,118,127,115,116,137,110,70,56,39,15,45,25,11,5,11
0,13,50,48,13,28,50,71,101,110,118,112,123,121,111,99,67,13,13,39,30,11,0,0
0,8,37,32,14,9,52,69,74,91,101,101,108,107,106,100,57,10,8,12,22,0,1,0
0,9,13,11,11,0,32,55,52,54,62,70,102,106,102,53,27,11,13,39,65,9,11,5
8,16,51,11,6,0,37,54,54,53,55,56,86,87,61,53,41,12,12,32,65,15,6,7
13,54,61,28,8,11,52,58,53,54,57,55,83,63,61,58,52,39,10,33,56,67,9,3
14,33,37,38,23,22,39,43,45,52,54,50,51,55,61,59,41,26,19,24,32,38,15,8
9,31,73,22,6,12,41,44,50,59,71,101,82,65,58,67,38,12,14,25,35,30,8,8
10,14,42,14,1,13,45,85,76,94,124,144,160,137,129,126,120,102,24,12,27,23,2,1
4,7,26,13,9,25,73,110,117,133,181,159,162,158,147,137,129,115,81,25,25,25,14,11
0,0,9,22,26,42,67,119,139,147,150,149,167,180,168,171,142,102,53,25,17,17,7,1
6,4,10,17,14,32,44,83,123,136,154,142,165,165,158,149,135,107,57,45,48,45,11,10
3,0,0,8,11,38,68,105,124,135,149,127,140,150,148,145,142,124,103,62,57,53,15,0
3,0,11,42,29,36,102,100,107,118,120,103,107,128,138,137,133,108,99,75,25,37,13,4
0,6,9,14,10,25,75,101,103,111,109,63,34,102,111,107,112,105,100,100,12,12,15,8
3,0,0,12,9,16,14,53,81,74,72,33,8,35,103,79,73,87,102,57,43,27,7,0
1,5,0,12,10,13,13,18,43,53,56,31,10,47,76,66,68,71,52,15,13,3,5,3
5,0,0,4,9,8,13,14,21,31,32,13,7,27,68,68,64,48,35,25,12,6,0,0
0,0,0,0,0,5,5,12,14,20,28,26,12,36,42,57,45,37,36,16,15,9,10,4
0,0,0,0,3,1,10,13,18,29,29,23,10,26,29,36,42,38,23,13,13,1,16,1
0,0,0,0,0,0,0,4,9,11,10,11,7,14,26,44,13,14,22,16,14,0,0,4
2,0,0,0,0,0,0,0,0,4,5,8,0,11,11,15,13,12,12,11,4,0,0,0
0,0,0,0,0,0,0,0,0,0,2,0,0,2,14,36,19,8,12,0,0,5,6,0
0,0,0,0,0,0,0,3,0,2,4,3,2,1,15,25,51,15,34,14,13,7,12,0
0,0,0,0,0,0,0,0,0,0,0,0,1,6,23,52,52,62,63,54,21,11,9,0
0,0,1,1,0,0,0,0,0,0,0,1,9,8,16,51,63,84,78,51,22,13,12,0
0,0,0,0,6,0,0,4,3,0,1,0,2,11,17,70,83,89,73,31,13,6,6,0
2,0,0,0,0,0,0,0,0,0,0,0,11,8,15,60,86,59,57,45,13,4,0,5
0,0,0,0,0,0,0,0,0,0,0,0,8,4,14,40,64,53,86,51,8,0,0,0
0,0,0,0,0,0,0,7,0,0,0,0,5,8,5,13,33,61,55,42,6,0,0,0
2,5,0,0,2,0,5,8,0,0,0,0,0,3,8,10,18,56,54,12,3,5,1,3
0,0,0,0,0,0,0,0,0,4,0,0,0,3,12,9,8,43,31,8,0,1,0,5
0,0,3,0,6,0,0,8,1,0,1,0,0,8,7,11,14,36,25,12,13,10,8,10
0,8,3,5,0,1,4,2,4,1,9,4,7,8,13,13,14,11,12,11,4,0,0,0
0,7,7,12,11,0,11,14,7,13,12,13,36,47,50,56,52,54,50,31,12,3,0,0
7,9,1,9,9,9,14,21,12,14,23,28,52,54,54,59,65,61,53,39,13,7,0,0
0,0,7,12,10,11,12,13,12,13,27,22,54,58,60,58,71,56,50,29,13,0,0,0
3,0,5,9,13,12,5,12,10,6,5,7,13,26,39,35,10,10,9,9,0,0,0,0
0,0,4,18,23,14,12,35,32,38,39,48,45,43,37,37,29,14,12,6,5,5,1,4
0,0,0,14,13,14,40,50,55,57,59,65,63,57,54,55,52,37,15,9,4,0,0,3
0,1,8,17,36,53,54,55,67,91,89,85,94,83,72,68,64,56,33,14,0,0,0,0
0,11,11,12,56,57,58,66,98,125,126,122,126,108,106,111,85,63,60,50,18,1,0,0
8,11,12,39,52,51,60,77,103,140,144,137,144,126,120,129,121,86,65,53,55,13,0,0
7,6,10,14,50,51,52,57,83,113,137,132,121,125,122,118,113,74,56,50,45,39,11,0
11,5,11,25,45,16,39,56,70,111,138,117,116,128,119,115,81,55,50,49,51,52,6,0
0,0,11,30,38,13,13,67,100,111,121,123,112,118,110,102,71,51,28,13,47,49,12,0
0,1,0,22,12,8,10,58,100,106,107,108,101,101,91,75,71,54,9,14,34,38,8,0
5,11,9,65,39,13,11,26,53,102,106,102,69,61,54,52,54,33,0,11,11,13,9,0
7,6,15,65,32,11,11,39,52,61,87,85,56,55,53,54,54,37,0,6,11,51,15,8
3,9,67,56,33,10,39,52,58,61,63,84,55,57,54,53,58,51,11,8,26,61,53,13
8,15,38,32,24,19,26,41,59,60,55,51,50,53,52,45,43,39,22,23,38,37,33,14
8,8,30,35,24,14,12,37,66,58,65,82,101,71,59,50,44,39,12,6,20,71,28,9
1,2,23,26,12,23,102,120,126,129,137,160,144,124,94,76,84,46,13,1,14,41,14,10
11,14,25,25,25,81,115,129,138,147,159,162,159,181,133,116,110,72,24,9,13,26,7,4
1,7,17,17,25,53,103,142,172,169,180,167,149,150,147,138,118,65,43,26,21,9,0,0
10,11,45,47,45,57,107,135,149,157,165,165,142,153,135,122,81,44,32,13,17,9,4,6
0,14,53,58,63,103,125,142,145,148,149,140,126,148,134,123,105,70,37,11,8,0,0,3
4,13,37,25,76,100,109,133,137,138,128,107,103,119,117,106,100,101,35,31,42,11,0,3
8,14,12,12,100,100,106,112,108,112,102,37,63,109,110,103,101,75,25,10,14,9,6,0
0,7,26,45,58,102,90,74,81,103,38,8,32,73,72,79,53,14,15,9,12,0,0,3
3,5,3,13,15,52,72,66,66,77,47,10,31,56,54,43,17,13,13,9,12,0,5,1
0,0,6,12,24,35,47,62,68,68,24,7,12,31,30,19,13,13,8,9,4,0,0,5
4,10,9,14,16,36,37,45,57,42,35,11,26,28,20,14,9,5,5,0,0,0,0,0
1,16,1,13,13,23,38,42,35,28,26,9,23,28,28,16,12,10,1,3,0,0,0,0
4,0,0,14,16,22,14,13,41,26,14,6,11,9,11,9,4,0,0,0,0,0,0,0
0,0,0,4,11,12,12,13,14,10,11,0,8,4,3,0,0,0,0,0,0,0,0,2
0,6,5,0,0,12,8,19,35,15,2,0,0,1,0,0,0,0,0,0,0,0,0,0
0,12,7,12,14,33,14,51,25,15,1,2,2,4,1,0,3,0,0,0,0,0,0,0
0,9,11,21,54,63,61,52,51,23,6,0,0,0,0,0,0,0,0,0,0,0,0,0
0,12,13,21,51,78,84,62,51,15,8,9,1,0,0,0,0,0,0,0,1,1,0,0
0,6,5,13,30,73,88,82,70,16,11,2,0,0,0,1,3,0,0,6,0,0,0,0
5,0,4,13,45,57,59,86,60,14,7,11,0,0,0,0,0,0,0,0,0,0,0,2
0,0,0,8,51,87,52,63,41,14,3,8,0,0,0,0,0,0,0,0,0,0,0,0
0,0,0,6,39,55,60,33,13,5,8,5,0,0,0,0,7,0,0,0,0,0,0,0
3,0,5,3,11,54,56,15,10,8,3,0,0,0,0,0,8,5,0,2,0,0,5,2
4,0,1,0,8,30,43,8,9,11,3,0,0,0,4,0,0,0,0,0,0,0,0,0
10,8,10,13,11,24,35,14,11,7,8,0,0,1,0,1,8,0,0,6,0,3,0,0

0,9,3,5,0,1,4,2,4,1,9,4,7,8,13,13,13,11,12,11,4,0,0,0
0,7,7,12,11,0,11,14,7,13,12,13,37,48,50,57,52,54,50,33,12,4,0,0
8,9,1,9,9,9,14,21,12,14,22,28,52,54,54,60,65,62,53,39,13,7,0,0
0,0,7,13,10,11,12,13,12,13,28,22,54,58,59,58,71,56,50,30,13,0,0,0
3,0,5,9,13,12,5,12,10,6,5,7,13,25,40,35,10,10,9,9,0,0,0,0
0,0,4,18,23,14,12,35,32,38,40,48,45,44,37,37,29,14,12,6,5,5,1,4
0,0,0,13,13,14,40,50,55,57,59,65,63,57,54,56,52,37,14,9,4,0,0,3
0,1,8,16,36,53,54,55,67,90,89,86,94,83,72,69,64,56,35,14,0,0,0,0
0,11,11,12,56,57,58,66,99,125,127,122,126,108,106,111,85,63,60,50,18,1,0,0
8,11,12,38,53,51,60,78,103,140,144,138,144,127,120,129,121,86,65,53,55,14,0,0
7,6,10,14,50,51,52,57,83,113,136,132,121,125,122,118,113,75,56,49,45,39,11,0
11,5,11,25,45,16,38,56,70,110,137,117,116,127,119,114,81,55,50,48,51,52,6,0
0,0,11,30,39,13,13,67,98,111,121,123,112,118,110,101,71,51,27,13,48,49,12,0
0,1,0,22,12,8,9,57,100,106,107,108,101,101,91,74,70,53,9,14,33,37,8,0
5,11,9,65,39,13,11,26,53,102,106,102,69,61,54,52,54,32,0,11,11,13,9,0
7,6,15,65,31,12,11,39,52,61,87,86,56,55,53,54,54,36,0,6,11,52,14,8
3,9,67,56,35,10,39,52,58,61,64,84,55,57,54,53,58,52,11,8,28,61,54,13
8,15,38,32,24,19,26,41,59,61,55,51,50,54,52,46,43,39,22,23,38,37,33,14
8,8,30,35,24,14,12,36,66,58,65,82,101,72,59,50,44,40,12,6,20,70,30,9
1,2,24,26,12,23,102,120,126,129,137,160,144,124,93,76,84,46,13,1,14,43,14,10
11,14,24,25,25,81,115,130,137,147,159,162,159,181,133,116,110,72,24,9,13,25,7,4
1,7,17,17,25,53,102,142,171,168,180,167,149,150,147,138,118,65,43,26,21,9,0,0
10,11,45,48,45,57,107,135,149,158,165,165,142,153,135,122,81,44,32,14,17,9,4,6
0,14,53,57,62,103,125,142,145,148,149,140,127,148,134,123,105,68,38,11,8,0,0,3
4,13,37,25,76,100,109,133,137,138,128,107,103,120,117,106,100,101,37,31,44,11,0,3
8,14,12,12,100,100,106,112,108,112,102,36,63,109,110,103,101,74,23,10,14,9,6,0
0,7,26,44,58,102,89,74,79,104,38,8,33,72,74,79,53,14,14,9,12,0,0,3
3,5,3,13,15,52,72,70,66,76,50,10,33,56,53,44,17,13,13,9,12,0,5,1
0,0,6,12,25,35,47,65,67,68,28,7,12,32,31,19,14,13,8,9,4,0,0,5
4,10,9,14,15,36,37,45,57,42,35,11,26,28,20,13,11,5,5,0,0,0,0,0
1,16,1,13,13,23,38,42,35,29,25,9,23,28,29,17,12,10,1,3,0,0,0,0
4,0,0,14,16,22,14,13,41,25,14,6,11,9,11,9,4,0,0,0,0,0,0,0
0,0,0,4,11,12,12,13,14,10,11,0,8,4,4,0,0,0,0,0,0,0,0,2
0,6,5,0,0,12,8,19,34,14,2,0,0,1,0,0,0,0,0,0,0,0,0,0
0,12,7,12,14,33,14,51,25,15,1,2,2,4,1,0,3,0,0,0,0,0,0,0
0,9,11,22,53,63,62,51,51,23,6,0,0,0,0,0,0,0,0,0,0,0,0,0
0,12,13,22,51,78,84,62,51,15,8,9,1,0,0,0,0,0,0,0,1,1,0,0
0,6,5,13,30,73,88,82,70,16,11,2,0,0,0,1,3,0,0,6,0,0,0,0
5,0,4,13,44,57,59,85,60,14,7,11,0,0,0,0,0,0,0,0,0,0,0,2
0,0,0,8,50,86,52,63,40,14,3,8,0,0,0,0,0,0,0,0,0,0,0,0
0,0,0,6,38,55,61,33,13,5,8,5,0,0,0,0,7,0,0,0,0,0,0,0
2,0,5,3,11,54,55,15,10,8,3,0,0,0,0,0,8,5,0,2,0,0,5,2
4,0,1,0,8,30,45,8,9,12,3,0,0,0,4,0,0,0,0,0,0,0,0,0
10,8,10,13,11,24,37,14,11,7,8,0,0,1,0,1,8,0,0,6,0,3,0,0

0,9,3,5,0,1,4,2,4,1,9,4,7,8,13,13,14,11,12,11,4,0,0,0
0,7,7,12,11,0,11,14,7,13,12,13,36,46,50,56,52,55,50,31,12,3,0,0
8,9,1,9,10,9,14,21,12,14,23,28,52,54,55,59,65,61,53,40,13,7,0,0
0,0,7,13,10,11,12,14,12,13,28,22,54,59,59,58,71,56,50,29,13,0,0,0
3,0,5,9,13,12,5,12,10,6,5,7,13,25,40,34,10,10,9,9,0,0,0,0
0,0,4,18,23,14,12,35,32,38,39,48,45,43,37,37,29,14,12,6,5,5,1,4
0,0,0,14,13,14,38,50,55,56,59,65,63,57,54,55,52,38,15,9,4,0,0,3
0,1,8,16,36,53,54,55,67,91,89,86,94,83,72,69,64,56,34,14,0,0,0,0
0,11,11,13,56,57,58,67,99,126,127,123,127,109,107,111,85,63,60,50,19,1,0,0
8,11,12,38,52,51,60,77,103,140,144,138,144,127,120,129,121,86,65,53,55,14,0,0
7,6,10,14,50,51,52,57,83,113,136,132,121,125,122,118,112,74,56,50,46,39,11,0
11,5,11,25,44,15,38,56,69,110,137,116,115,127,118,114,81,55,50,49,51,52,6,0
0,0,11,30,38,12,13,66,98,111,121,123,111,117,109,101,70,50,28,13,48,50,13,0
0,1,0,21,12,8,9,56,100,106,107,108,101,100,90,74,69,52,8,14,32,38,8,0
5,11,9,65,39,13,11,27,53,102,106,102,69,61,54,52,54,31,0,11,11,13,9,0
7,6,15,65,31,11,11,39,53,61,88,86,56,55,53,54,54,35,0,5,10,51,14,8
3,9,67,56,33,10,39,52,58,61,64,84,55,58,54,53,58,52,11,8,28,61,54,13
8,15,38,32,24,19,26,41,59,61,55,51,50,54,52,46,43,39,22,23,38,37,33,14
8,8,30,35,25,14,12,37,67,58,65,82,101,71,60,50,45,41,12,6,22,71,30,9
1,2,24,26,11,22,102,120,126,129,137,160,144,124,93,76,84,45,12,1,14,42,14,10
11,14,25,25,25,81,115,130,138,148,159,162,159,181,134,116,110,72,24,9,13,26,7,4
1,7,17,17,25,53,103,142,172,169,180,168,149,150,147,138,118,65,43,26,21,9,0,0
10,11,45,48,45,57,107,135,149,158,165,165,142,154,136,122,82,44,32,13,18,9,4,7
0,14,53,56,61,103,125,142,145,148,150,140,127,148,134,123,105,68,37,11,8,0,0,3
4,13,37,25,77,100,109,133,137,137,128,107,103,120,118,106,100,101,37,31,44,11,0,3
8,14,12,12,100,100,106,112,107,112,102,36,63,109,110,103,100,72,23,10,14,9,6,0
0,7,26,43,59,102,88,74,82,103,38,8,33,72,75,79,54,14,15,9,12,0,0,3
3,5,3,13,14,52,70,67,65,75,47,10,31,56,52,43,16,13,13,9,12,0,5,0
0,0,6,12,25,35,47,65,67,68,28,7,12,33,31,20,14,13,8,9,4,0,0,5
4,10,9,14,15,35,37,45,57,42,35,12,26,28,20,13,11,5,5,0,0,0,0,0
1,16,1,13,13,22,38,42,35,29,26,9,23,29,29,17,12,10,1,3,0,0,0,0
4,0,0,14,16,21,14,13,41,25,14,6,11,9,11,9,4,0,0,0,0,0,0,0
0,0,0,4,11,12,12,13,15,11,11,0,8,5,4,0,0,0,0,0,0,0,0,2
0,6,5,0,0,12,8,19,34,14,2,0,0,1,0,0,0,0,0,0,0,0,0,0
0,12,7,13,14,34,14,51,25,17,1,2,3,4,1,0,3,0,0,0,0,0,0,0
0,9,11,21,53,63,61,51,51,22,6,0,0,0,0,0,0,0,0,0,0,0,0,0
0,12,13,22,51,78,84,62,51,16,8,9,1,0,0,0,0,0,0,0,1,1,0,0
0,6,5,13,30,73,88,82,70,16,11,2,0,1,0,1,3,0,0,6,0,0,0,0
5,0,4,13,45,57,59,86,60,14,7,11,0,0,0,0,0,0,0,0,0,0,0,2
0,0,0,8,51,86,53,63,39,14,3,8,0,0,0,0,0,0,0,0,0,0,0,0
0,0,0,6,39,55,61,33,13,5,8,5,0,0,0,0,7,0,0,0,0,0,0,0
2,0,5,3,12,54,55,15,10,8,3,0,0,0,0,0,8,5,0,2,0,0,5,2
5,0,1,0,8,31,45,8,9,11,3,0,0,0,4,0,0,0,0,0,0,0,0,0
10,8,10,13,11,24,35,14,11,7,8,0,0,1,0,1,8,0,0,6,0,3,0,0

0,9,3,5,0,1,4,2,4,1,9,4,7,8,13,13,14,11,12,11,4,0,0,0
0,7,7,12,11,0,11,14,7,13,12,13,36,46,48,56,52,54,50,31,12,3,0,0
7,9,1,10,10,9,14,21,12,14,25,28,52,54,55,59,66,62,53,42,13,7,0,0
0,0,7,12,10,11,12,13,12,13,27,22,54,58,59,58,71,56,50,29,13,0,0,0
3,0,5,9,13,12,5,12,10,6,5,7,13,25,40,35,10,10,9,9,0,0,0,0
0,0,4,18,23,14,12,34,32,38,39,48,45,43,37,37,28,14,12,6,5,5,1,4
0,0,0,14,13,14,39,50,55,56,58,65,63,57,54,55,52,38,15,9,4,0,0,3
0,1,8,16,36,53,54,54,67,90,89,86,94,83,73,69,64,56,33,14,0,0,0,0
0,11,11,12,56,57,58,67,98,125,127,122,126,108,106,111,85,63,60,50,19,1,0,0
8,10,12,38,52,51,60,77,103,140,144,137,144,126,119,129,120,85,65,53,55,13,0,0
7,6,10,14,50,51,52,57,83,113,136,131,121,125,122,117,112,74,56,50,45,40,11,0
11,5,11,24,44,15,38,55,69,110,137,116,115,127,118,114,81,55,50,47,51,51,6,0
0,0,11,30,38,13,13,66,98,111,121,123,111,118,109,101,71,51,28,13,48,50,13,0
0,1,0,21,12,7,10,56,100,106,107,108,101,100,90,74,69,52,8,14,33,36,8,0
5,11,9,65,38,13,11,27,54,102,106,102,70,62,54,52,54,31,0,11,11,13,9,0
7,6,15,65,31,12,11,40,52,61,87,85,56,55,53,54,54,35,0,5,11,51,14,8
3,9,66,56,33,10,39,52,58,61,64,84,56,58,55,53,59,52,11,8,27,61,54,13
8,15,38,32,24,19,26,41,59,61,55,51,50,54,52,45,43,39,22,23,38,36,33,14
8,8,30,35,24,14,12,37,67,58,65,82,101,71,60,50,45,40,12,6,20,72,31,9
1,2,22,26,12,22,102,120,126,129,137,160,144,124,94,76,84,45,12,1,14,41,14,10
11,14,25,25,25,81,115,129,138,147,159,162,159,182,134,116,110,72,24,9,13,27,7,4
1,7,17,17,25,53,102,142,171,168,180,167,149,150,147,138,118,66,42,25,21,9,0,0
10,11,45,48,46,57,107,135,149,158,166,165,142,154,136,122,82,44,32,14,17,9,4,6
0,14,53,57,62,103,125,142,145,148,149,140,127,148,134,123,105,68,37,11,8,0,0,3
4,13,37,25,76,100,109,133,137,138,128,107,103,120,118,106,100,101,36,32,44,11,0,3
8,14,12,12,100,100,106,112,107,112,102,34,63,109,110,103,101,72,23,10,14,9,6,0
0,7,26,44,59,102,90,75,82,104,38,8,32,72,75,79,54,14,16,9,13,1,1,3
3,5,3,13,17,52,71,71,66,76,50,10,31,56,55,43,16,13,13,9,12,0,5,1
0,0,6,12,25,35,48,64,67,68,27,7,13,32,31,20,14,13,8,9,4,0,0,5
4,10,9,14,15,35,37,45,57,42,35,12,26,28,20,13,11,5,5,0,0,0,0,0
1,16,1,13,13,23,38,42,35,28,26,9,23,28,29,17,12,10,1,3,0,0,0,0
4,0,0,14,16,22,14,13,40,23,14,6,11,9,11,9,4,0,0,0,0,0,0,0
0,0,0,4,11,12,12,13,15,11,11,0,8,5,4,0,0,0,0,0,0,0,0,2
0,6,5,0,0,12,8,19,35,14,2,0,0,1,0,0,0,0,0,0,0,0,0,0
0,12,7,13,14,34,14,51,25,17,1,2,3,4,1,0,3,0,0,0,0,0,0,0
0,9,11,21,53,63,62,52,51,22,6,0,0,0,0,0,0,0,0,0,0,0,0,0
0,12,13,22,51,78,84,62,51,15,8,9,1,0,0,0,0,0,0,0,1,1,0,0
0,6,5,13,30,72,88,82,70,15,11,2,0,1,0,1,3,0,0,6,0,0,0,0
5,0,4,13,44,57,59,85,60,14,7,11,0,0,0,0,0,0,0,0,0,0,0,2
0,0,0,8,51,86,52,63,38,14,3,8,0,0,0,0,0,0,0,0,0,0,0,0
0,0,0,6,39,55,61,33,13,5,8,5,0,0,0,0,7,0,0,0,0,0,0,0
3,1,5,3,12,54,56,16,10,8,3,0,0,0,0,0,8,5,0,2,0,0,5,2
5,0,1,0,8,33,45,8,9,12,3,0,0,0,4,0,0,0,0,0,0,0,0,0
10,8,10,13,11,24,36,14,11,7,8,0,0,1,0,1,8,0,0,6,0,3,0,0

0,8,3,5,0,1,4,2,4,1,9,4,7,8,13,13,14,11,12,11,4,0,0,0
0,7,7,12,11,0,11,14,7,13,12,13,36,46,50,56,52,54,50,31,12,3,0,0
7,9,1,9,9,9,14,21,12,14,25,28,52,54,54,59,66,61,54,42,13,8,0,0
0,0,6,13,10,11,12,14,12,13,29,22,54,59,60,58,71,56,50,29,14,0,0,0
3,0,5,9,13,12,5,12,10,6,5,7,13,26,40,35,10,10,9,9,0,0,0,0
0,0,4,18,23,14,12,35,32,38,40,48,45,43,37,37,29,14,12,6,5,5,1,4
0,0,0,14,13,14,39,50,55,56,59,65,63,57,54,55,52,38,15,9,4,0,0,3
0,1,8,16,35,53,54,54,67,91,89,85,94,83,72,68,63,56,34,14,0,0,0,0
0,11,11,13,56,57,58,67,98,125,127,122,126,108,106,111,85,63,60,50,18,1,0,0
8,10,12,38,52,51,60,77,103,140,143,137,144,126,119,129,120,86,65,53,55,14,0,0
7,6,10,14,50,51,52,57,83,113,136,132,121,125,122,118,113,74,56,49,45,40,11,0
11,5,11,24,44,15,39,56,70,110,137,117,115,127,118,114,81,55,50,48,51,52,6,0
0,0,11,30,38,13,13,67,99,111,121,123,112,118,110,101,71,51,27,13,47,50,12,0
0,1,0,22,12,7,10,57,100,106,107,108,101,101,90,74,70,53,9,14,33,36,8,0
5,11,9,65,39,13,11,26,53,102,106,102,70,61,54,52,54,32,0,11,11,13,9,0
7,6,15,66,32,12,11,40,52,61,87,85,56,55,53,54,54,36,0,6,11,51,15,8
3,9,67,56,32,10,39,52,58,61,63,84,56,58,54,53,58,52,11,8,26,61,54,13
8,15,38,32,24,19,26,41,59,61,55,51,50,53,52,45,43,39,22,23,38,37,33,14
8,8,30,35,24,14,12,37,66,58,65,82,101,71,59,50,45,40,12,6,20,72,30,9
1,2,23,26,12,22,102,120,126,129,137,160,144,124,93,76,84,45,12,1,14,40,14,10
11,14,25,25,25,81,115,129,138,148,159,162,159,181,133,116,110,72,24,9,13,26,7,4
1,7,17,17,25,53,102,142,171,168,180,167,149,150,147,138,118,66,42,25,21,9,0,0
10,11,45,48,45,57,107,135,149,158,165,165,142,154,136,122,82,44,32,14,17,9,4,6
0,15,53,56,62,103,124,142,145,148,149,140,127,148,134,123,105,68,37,11,8,0,0,3
4,13,37,25,76,100,109,133,137,138,128,107,103,120,118,106,100,101,37,32,44,11,0,3
8,14,12,12,100,100,106,112,107,112,102,33,64,109,110,103,101,75,23,10,14,9,6,0
0,7,26,44,58,102,88,74,81,103,37,8,33,72,74,79,53,14,15,9,12,1,0,3
3,5,3,12,14,52,70,68,66,76,47,10,33,56,53,43,16,13,13,9,12,0,5,1
0,0,6,12,25,35,47,64,67,68,27,7,12,32,30,21,14,13,8,10,4,0,0,5
4,10,9,14,15,36,37,45,57,42,35,12,26,28,20,14,11,5,5,0,0,0,0,0
1,16,1,13,13,23,38,42,35,28,25,9,23,29,29,18,12,10,1,3,0,0,0,0
4,0,0,14,16,22,14,13,43,26,14,6,11,9,11,9,4,0,0,0,0,0,0,0
0,0,0,4,11,12,12,13,15,10,11,0,8,5,4,0,0,0,0,0,0,0,0,2
0,6,5,0,0,12,8,19,36,15,2,0,0,1,0,0,0,0,0,0,0,0,0,0
0,12,7,12,14,34,14,51,25,15,1,2,2,4,1,0,3,0,0,0,0,0,0,0
0,9,11,21,54,63,62,52,51,23,6,0,0,0,0,0,0,0,0,0,0,0,0,0
0,12,13,22,51,78,84,62,51,15,8,9,1,0,0,0,0,0,0,0,1,1,0,0
0,6,5,13,30,73,88,82,70,16,11,2,0,1,0,2,3,0,0,6,0,0,0,0
5,0,4,13,44,57,59,86,60,15,7,11,0,0,0,0,0,0,0,0,0,0,0,1
0,0,0,8,51,86,52,63,37,14,3,8,0,0,0,0,0,0,0,0,0,0,0,0
0,0,0,6,38,55,61,33,13,5,8,5,0,0,0,0,7,0,0,0,0,0,0,0
2,0,5,3,12,54,56,16,10,8,3,0,0,0,0,0,8,5,0,2,0,0,5,2
5,0,1,0,8,31,45,8,9,12,3,0,0,0,4,0,0,0,0,0,0,0,0,0
10,8,10,13,11,24,35,14,11,7,8,0,0,1,0,1,8,0,0,6,0,3,0,0

0,8,3,5,0,1,4,2,4,1,9,4,7,8,13,13,14,11,12,11,4,0,0,0
0,7,7,12,11,0,11,14,7,13,12,13,36,47,50,56,52,54,50,31,12,3,0,0
8,9,1,9,9,9,14,20,12,14,21,28,52,54,54,59,65,61,52,39,13,7,0,0
0,0,6,12,10,11,12,13,12,13,27,23,54,59,60,58,71,56,50,29,13,0,0,0
3,0,5,9,13,11,5,12,10,6,5,7,13,25,39,35,10,10,9,9,0,0,0,0
0,0,4,18,23,14,12,35,32,38,40,48,45,43,37,37,29,14,12,6,5,5,1,4
0,0,0,13,13,14,39,50,55,56,58,65,63,57,54,55,52,37,15,9,4,0,0,3
0,1,8,17,36,53,54,55,67,90,89,85,93,83,72,68,64,56,33,14,0,0,0,0
0,11,11,12,56,57,58,66,98,125,126,122,126,108,106,111,85,63,60,50,17,1,0,0
8,11,12,38,52,51,60,77,103,140,143,137,144,126,120,129,121,86,65,53,55,14,0,0
7,6,10,14,50,51,52,57,83,113,136,132,121,125,122,118,113,74,56,50,45,39,11,0
11,5,11,25,45,16,39,56,70,111,138,117,116,127,119,115,81,55,50,49,51,52,6,0
0,0,11,30,38,13,13,67,99,111,121,123,112,118,110,102,71,51,28,13,47,50,12,0
0,1,0,22,12,8,10,57,100,106,107,108,101,101,91,74,71,53,9,14,33,37,8,0
5,11,9,65,39,13,11,27,53,102,106,102,69,62,54,52,54,32,0,11,11,13,9,0
7,6,15,65,32,11,11,40,52,61,87,85,56,55,53,54,54,37,0,6,11,51,15,8
3,9,67,55,33,10,38,52,58,61,63,84,55,57,54,53,58,52,11,8,26,61,54,13
8,15,38,32,24,19,26,41,59,61,55,51,50,53,52,45,43,39,22,24,38,37,33,14
8,8,30,35,23,14,12,36,67,58,65,82,101,71,59,50,44,39,12,6,19,72,31,9
1,2,23,26,12,22,102,120,126,129,137,160,144,124,93,77,84,47,13,1,14,42,14,10
11,14,25,25,25,80,115,129,137,147,158,162,159,181,133,116,110,72,24,9,13,25,7,4
1,7,17,17,26,53,102,142,171,168,180,167,149,150,147,138,119,66,42,26,22,9,0,0
10,11,45,48,45,57,107,135,149,157,165,165,142,153,136,122,82,44,32,14,17,9,4,6
0,14,53,57,62,103,125,142,145,148,149,140,127,148,134,123,105,69,38,11,8,0,0,3
4,13,37,25,76,100,108,133,137,137,127,107,103,120,118,106,100,101,35,29,42,11,0,3
8,14,12,12,100,100,106,112,108,112,102,36,64,109,110,103,101,75,25,10,14,9,6,0
0,7,26,42,57,102,86,73,81,103,37,8,33,71,72,79,52,14,14,9,12,0,0,3
3,5,3,13,15,52,71,67,66,76,47,10,31,56,54,43,17,13,13,10,12,0,5,1
0,0,6,12,24,34,47,63,67,68,26,7,12,31,30,20,14,13,8,9,4,0,0,5
4,10,9,14,15,36,37,45,56,42,35,12,26,28,20,14,12,5,5,0,0,0,0,0
1,16,1,13,13,23,38,42,35,28,25,9,23,28,29,17,12,10,1,3,0,0,0,0
4,0,0,14,16,22,14,13,43,27,14,7,11,9,11,9,4,0,0,0,0,0,0,0
0,0,0,4,11,12,12,13,15,11,11,0,8,5,4,0,0,0,0,0,0,0,0,2
0,6,5,0,0,12,8,19,36,15,2,0,0,1,0,0,0,0,0,0,0,0,0,0
0,12,7,12,14,34,14,51,25,15,1,2,2,4,1,0,3,0,0,0,0,0,0,0
0,9,11,21,53,63,62,52,51,23,6,0,0,0,0,0,0,0,0,0,0,0,0,0
0,12,13,22,51,78,84,62,51,15,8,9,1,0,0,0,0,0,0,0,1,1,0,0
0,6,5,13,30,73,88,82,70,16,11,2,0,1,0,2,3,0,0,6,0,0,0,0
5,0,4,13,45,57,59,86,60,14,7,11,0,0,0,0,0,0,0,0,0,0,0,2
0,0,0,8,51,86,53,63,40,14,3,8,0,0,0,0,0,0,0,0,0,0,0,0
0,0,0,6,40,55,60,33,13,5,8,5,0,0,0,0,7,0,0,0,0,0,0,0
3,0,5,3,12,55,56,17,10,8,3,0,0,0,0,0,8,5,0,2,0,0,5,2
5,0,1,0,8,31,45,8,9,11,3,0,0,0,4,0,0,0,0,0,0,0,0,0
10,8,10,13,11,24,37,14,11,7,8,0,0,1,0,1,8,0,0,6,0,3,0,0

0,9,3,5,0,1,4,2,4,1,9,4,7,8,13,13,13,11,12,11,4,0,0,0
0,7,7,12,11,0,11,14,7,13,12,13,36,47,50,56,52,55,50,33,12,3,0,0
7,9,1,9,9,9,14,20,12,14,21,28,51,54,54,59,65,61,53,38,13,7,0,0
0,0,7,12,10,11,12,13,12,13,27,23,55,59,59,58,71,57,50,30,13,0,0,0
3,0,5,9,13,12,5,12,10,6,5,7,13,24,40,35,10,10,9,9,0,0,0,0
0,0,4,18,23,14,12,35,32,38,40,48,45,43,37,36,29,14,12,6,5,5,1,4
0,0,0,13,13,14,41,50,55,57,59,65,62,57,54,55,52,38,15,9,4,0,0,3
0,1,8,17,35,53,54,54,67,91,89,85,93,83,72,69,64,56,35,14,0,0,0,0
0,11,11,12,56,57,58,67,99,125,127,122,126,108,106,111,85,63,60,50,18,1,0,0
8,10,12,39,52,51,60,77,103,140,144,137,144,126,120,129,121,86,65,53,55,14,0,0
7,6,10,14,50,51,52,57,83,113,136,132,121,125,122,118,113,75,56,49,45,38,11,0
11,5,11,24,45,16,39,56,70,110,137,117,116,127,119,114,81,55,50,48,51,52,6,0
0,0,11,30,39,13,13,67,99,111,121,123,112,118,110,101,71,51,27,13,48,49,12,0
0,1,0,22,12,8,10,56,100,106,107,108,101,101,91,74,71,53,9,14,33,37,8,0
5,11,9,65,39,13,11,26,53,102,106,102,69,61,54,52,54,33,0,11,11,13,9,0
7,6,15,65,32,12,11,39,52,61,86,85,56,55,53,54,54,36,0,6,11,52,15,8
3,9,67,56,33,10,39,52,58,61,63,83,55,58,54,53,58,52,11,8,27,61,54,13
8,15,38,32,24,19,26,41,59,61,55,51,50,54,52,45,43,39,22,24,38,37,33,14
8,8,30,35,24,14,12,36,66,58,65,81,101,70,59,50,44,39,12,6,20,71,30,9
1,2,24,27,12,22,102,120,126,129,137,160,144,124,94,76,85,46,13,1,14,41,14,10
11,14,25,25,25,80,115,129,137,147,159,162,159,181,133,116,110,73,24,9,13,26,7,4
1,7,17,17,25,53,102,142,171,168,180,167,149,150,147,138,119,66,43,26,21,9,0,0
10,11,45,48,45,57,107,135,149,158,165,165,142,154,136,122,82,44,32,14,17,9,4,6
0,15,53,58,63,103,125,142,145,148,149,140,127,148,134,123,105,68,38,11,8,0,0,3
4,13,37,25,76,100,108,133,137,137,128,107,103,120,118,106,100,102,35,31,44,11,0,3
8,14,12,12,100,100,106,113,107,112,102,34,64,109,110,103,101,72,23,10,14,9,6,0
0,7,26,43,58,102,87,73,82,103,37,8,32,72,72,80,52,14,15,9,12,0,0,3
3,5,3,13,14,52,71,68,66,76,48,10,31,56,53,44,17,13,13,10,12,0,5,1
0,0,6,12,25,35,47,63,68,68,26,7,12,32,32,21,14,13,8,9,4,0,0,5
4,10,9,15,15,35,37,45,56,42,35,12,26,28,20,14,11,5,5,0,0,0,0,0
1,16,1,13,13,23,38,42,35,29,25,9,23,29,29,18,13,10,1,3,0,0,0,0
4,0,0,14,16,22,14,13,42,27,14,6,11,9,11,9,4,0,0,0,0,0,0,0
0,0,0,4,11,12,12,13,14,11,11,0,8,5,4,0,0,0,0,0,0,0,0,2
0,6,5,0,0,12,8,19,36,14,2,0,0,1,0,0,0,0,0,0,0,0,0,0
0,12,7,13,14,32,14,51,25,16,1,2,2,4,1,0,3,0,0,0,0,0,0,0
0,9,11,21,54,63,62,52,51,22,6,0,0,0,0,0,0,0,0,0,0,0,0,0
0,12,13,22,51,78,84,63,51,15,8,9,1,0,0,0,0,0,0,0,1,1,0,0
0,6,5,13,30,73,88,82,70,16,11,2,0,1,0,2,3,0,0,6,0,0,0,0
5,0,4,13,45,57,59,86,60,15,7,11,0,0,0,0,0,0,0,0,0,0,0,2
0,0,0,8,51,86,53,63,39,14,3,8,0,0,0,0,0,0,0,0,0,0,0,0
0,0,0,6,40,55,61,33,13,5,8,5,0,0,0,0,8,0,0,0,0,0,0,0
2,0,5,3,12,55,56,15,10,8,3,0,0,0,0,0,8,5,0,2,0,0,5,2
5,0,1,0,8,31,43,8,9,11,3,0,0,0,4,0,0,0,0,0,0,0,0,0
10,8,10,13,11,24,37,14,11,7,8,0,0,1,0,1,8,0,0,6,0,3,0,0

0,9,3,5,0,1,4,2,4,1,9,4,7,8,13,13,14,11,12,11,4,0,0,0
0,7,7,12,11,0,11,14,7,13,12,13,37,47,50,56,52,54,50,31,12,4,0,0
8,9,1,9,9,9,14,21,12,14,22,25,52,54,54,59,65,62,53,40,13,7,0,0
0,0,6,13,10,11,12,13,12,13,27,22,54,59,59,58,71,56,50,29,13,0,0,0
3,0,5,9,13,12,5,12,10,6,5,7,13,25,40,35,10,10,9,9,0,0,0,0
0,0,4,18,23,14,12,35,32,38,40,48,45,43,37,37,29,14,12,6,5,5,1,4
0,0,0,14,13,14,38,50,55,56,59,65,63,57,54,55,52,38,15,9,4,0,0,3
0,1,8,15,35,53,54,55,67,91,89,86,94,83,72,69,63,56,34,14,0,0,0,0
0,11,11,12,56,56,58,67,98,125,127,122,126,108,106,111,85,63,60,50,18,1,0,0
8,10,12,39,52,51,60,77,103,140,144,137,144,127,120,129,121,86,65,53,54,14,0,0
7,6,10,14,50,51,52,57,83,113,136,132,121,125,122,117,112,74,56,50,45,40,11,0
11,5,11,25,45,15,38,55,70,110,137,116,115,127,118,114,81,55,50,47,51,52,6,0
0,0,11,30,39,13,13,67,99,111,121,123,111,118,110,101,71,50,27,13,48,50,13,0
0,1,0,21,12,8,10,56,100,106,107,108,101,100,90,74,69,52,9,14,31,37,8,0
5,11,9,65,39,13,11,27,54,102,106,102,69,62,54,52,54,31,0,12,11,13,9,0
7,6,15,65,32,12,12,41,53,61,87,86,56,55,53,54,54,36,0,6,11,51,15,8
3,9,67,56,35,10,39,52,58,61,64,84,56,58,55,53,58,52,11,8,28,61,54,13
8,15,38,32,24,19,26,41,59,61,55,51,50,54,52,45,43,39,22,23,38,37,33,14
8,8,30,35,24,14,12,37,67,58,65,82,101,71,59,50,44,40,12,6,23,73,32,9
1,2,23,26,12,22,102,120,126,129,137,160,144,124,93,76,84,45,12,1,14,41,14,10
11,14,25,25,25,81,115,129,137,148,159,162,159,181,134,116,110,73,24,9,14,27,7,4
1,7,17,17,25,53,102,142,172,169,180,167,149,150,147,139,119,66,43,26,21,9,0,0
10,11,45,48,45,57,107,135,149,158,166,166,142,154,136,122,82,44,32,14,18,10,4,7
0,14,53,57,62,103,125,142,145,148,149,140,127,149,134,123,105,67,37,11,8,0,0,3
4,13,37,25,77,100,109,133,137,138,128,107,103,120,118,106,100,102,37,32,45,12,0,3
8,14,12,12,100,100,106,112,107,112,102,36,63,109,110,103,101,72,25,10,14,9,6,0
0,7,27,43,59,102,89,74,81,104,38,8,33,72,75,80,54,14,16,9,12,0,0,3
3,5,3,13,15,52,71,67,66,76,45,10,30,56,54,43,16,13,13,10,12,0,5,1
0,0,6,12,25,35,48,64,67,68,28,7,13,32,32,21,14,13,8,9,4,0,0,5
4,10,9,14,15,35,37,45,56,41,35,12,26,28,20,14,12,5,5,0,0,0,0,0
1,16,1,13,13,23,38,42,35,28,26,10,23,29,29,18,13,10,1,3,0,0,0,0
4,0,0,14,16,22,14,13,41,23,14,7,11,9,11,9,4,0,0,0,0,0,0,0
0,0,0,4,11,12,12,13,15,11,11,0,8,5,4,0,0,0,0,0,0,0,0,2
0,6,5,0,0,12,8,19,35,14,1,0,0,1,0,0,0,0,0,0,0,0,0,0
0,12,7,13,14,34,14,51,25,17,1,2,2,4,1,0,3,0,0,0,0,0,0,0
0,9,11,21,53,63,61,52,51,23,6,0,0,0,0,0,0,0,0,0,0,0,0,0
0,12,13,22,51,78,84,63,51,16,8,9,1,0,0,0,0,0,0,0,1,1,0,0
0,6,5,13,30,73,88,82,70,16,11,2,0,1,0,2,3,0,0,6,0,0,0,0
5,0,4,13,45,57,59,86,60,15,7,11,0,0,0,0,0,0,0,0,0,0,0,2
0,0,0,8,51,86,52,63,38,14,3,8,0,0,0,0,0,0,0,0,0,0,0,0
0,0,0,6,42,55,60,33,13,5,8,5,0,0,0,0,7,0,0,0,0,0,0,0
3,0,5,3,12,55,56,16,10,8,3,0,0,0,0,0,8,5,0,2,0,0,5,2
5,0,1,0,8,34,45,8,9,11,3,0,0,0,4,0,0,0,0,0,0,0,0,0
10,8,10,13,11,25,36,14,11,7,8,0,0,1,0,1,8,0,0,6,0,3,0,0

0,9,3,5,0,1,4,2,4,1,9,4,7,8,13,13,14,11,12,11,4,0,0,0
0,6,7,12,11,0,11,14,7,13,12,13,37,46,50,56,52,54,50,31,12,3,0,0
8,9,1,9,9,9,14,21,12,14,23,28,52,54,55,60,66,61,53,42,13,8,0,0
0,0,6,12,10,11,12,13,12,13,26,20,54,58,59,58,71,56,50,29,14,0,0,0
3,0,5,9,13,12,5,12,10,6,5,7,13,26,41,35,10,10,9,9,0,0,0,0
0,0,4,17,23,14,12,34,32,38,39,48,45,43,37,36,28,14,12,6,5,5,1,4
0,0,0,13,13,14,40,50,55,57,59,65,63,57,54,55,52,38,15,9,4,0,0,3
0,1,8,16,35,53,54,55,67,90,89,85,93,83,72,68,64,56,34,14,0,0,0,0
0,11,11,13,56,57,58,67,99,125,127,122,126,108,106,111,85,63,60,50,19,1,0,0
8,10,12,38,52,51,60,77,103,140,144,137,144,126,119,129,120,85,65,53,55,14,0,0
7,6,10,14,50,51,52,57,83,113,136,132,121,125,122,117,112,74,56,49,45,40,12,0
11,5,11,24,45,15,38,55,69,110,137,116,115,127,118,114,81,55,50,47,51,52,6,0
0,0,11,30,39,13,13,66,98,111,121,123,111,118,109,101,71,50,28,14,48,50,13,0
0,1,0,20,12,7,9,56,100,106,107,108,101,100,90,74,68,52,8,14,33,36,8,0
5,11,9,65,39,13,11,28,54,103,106,102,70,62,54,52,54,32,0,11,11,13,9,0
7,6,15,65,31,12,11,40,52,61,87,85,56,55,53,54,54,35,0,5,11,51,14,8
3,9,66,56,33,10,39,52,58,61,63,84,56,58,54,53,59,52,11,8,27,61,54,13
8,15,38,32,24,19,26,41,59,61,55,51,50,53,52,45,43,39,22,23,38,37,33,14
8,8,30,35,24,14,12,37,67,58,65,82,101,72,59,50,45,39,12,6,22,73,32,9
1,2,22,26,12,21,101,120,126,129,137,160,144,124,94,76,84,45,12,1,14,40,14,10
11,14,25,25,25,81,115,129,138,147,159,162,159,181,134,117,110,73,24,9,14,27,7,4
1,7,17,17,25,52,102,142,171,168,180,167,149,150,147,138,119,66,42,26,21,9,0,0
10,11,45,48,45,57,107,135,149,158,166,165,142,154,136,123,83,45,32,14,18,9,4,6
0,14,53,57,62,103,125,142,145,148,150,140,127,149,134,123,105,68,38,11,8,0,0,3
4,13,37,25,76,100,108,133,137,138,128,107,104,120,118,107,100,102,36,31,44,12,0,3
8,14,12,12,100,100,106,113,107,112,102,34,63,109,110,103,101,75,23,10,14,9,6,0
0,7,27,43,58,102,89,73,82,103,37,8,33,72,75,80,54,14,16,9,12,1,0,3
3,5,3,13,15,52,70,67,65,76,48,10,31,56,54,43,16,13,13,10,12,0,5,1
0,0,6,12,25,35,48,65,67,68,27,7,13,33,31,21,14,13,8,9,4,0,0,5
4,10,9,14,15,36,37,45,57,42,35,12,26,28,20,14,12,5,5,0,0,0,0,0
1,16,1,13,13,23,38,42,36,29,26,10,23,29,29,18,13,10,1,3,0,0,0,0
4,0,0,14,16,22,14,13,40,23,14,6,11,9,11,9,4,0,0,0,0,0,0,0
0,0,0,4,11,12,12,13,15,11,11,0,8,5,4,0,0,0,0,0,0,0,0,2
0,6,5,0,0,12,8,19,35,14,2,0,0,1,0,0,0,0,0,0,0,0,0,0
0,12,7,13,14,34,14,51,25,17,1,2,2,4,2,0,3,0,0,0,0,0,0,0
0,9,11,21,54,63,62,51,51,23,6,0,0,0,0,0,0,0,0,0,0,0,0,0
0,12,13,22,51,78,84,63,51,16,8,9,1,0,0,0,0,0,0,0,1,1,0,0
0,6,5,13,30,73,88,82,70,16,11,2,0,1,0,2,3,0,0,6,0,0,0,0
5,0,4,13,45,57,59,86,60,15,7,11,0,0,0,0,0,0,0,0,0,0,0,2
0,0,0,8,51,86,53,63,39,14,3,8,0,0,0,0,0,0,0,0,0,0,0,0
0,0,0,6,40,55,61,33,13,5,8,5,0,0,0,0,7,0,0,0,0,0,0,0
3,0,5,3,12,54,56,16,10,8,3,0,0,0,0,0,8,5,0,2,0,0,5,2
5,0,1,0,8,31,46,8,9,12,3,0,0,0,4,0,0,0,0,0,0,0,0,0
10,8,10,13,12,25,36,14,11,7,8,0,0,1,0,1,8,0,0,6,0,3,0,0

0,9,3,5,0,1,4,2,4,1,9,4,7,8,13,13,14,11,12,11,4,0,0,0
0,7,6,12,11,0,11,14,7,13,12,13,37,47,50,56,52,54,50,31,12,4,0,0
8,9,0,9,9,9,14,21,12,14,22,28,52,54,54,59,65,62,53,39,13,7,0,0
0,0,6,12,10,11,12,13,12,13,27,23,54,58,59,58,70,56,50,30,13,0,0,0
3,0,5,9,13,12,5,12,10,6,5,7,13,26,40,36,10,10,9,9,0,0,0,0
0,0,4,18,23,14,12,34,32,38,39,48,45,43,37,36,28,14,12,6,5,5,1,4
0,0,0,14,13,14,39,50,55,56,58,65,63,57,54,55,52,36,15,9,4,0,0,3
0,1,7,16,36,53,54,55,67,90,89,85,93,83,72,68,64,56,32,14,0,0,0,0
0,11,11,12,56,56,58,66,98,125,126,122,126,108,106,111,85,63,60,50,18,1,0,0
8,10,12,38,52,51,60,77,103,140,143,137,144,126,119,129,120,86,65,53,55,14,0,0
7,6,10,14,50,51,52,57,83,113,136,132,121,125,122,118,113,74,56,49,45,40,11,0
11,5,11,25,45,15,38,56,69,110,137,116,115,127,118,114,81,56,50,48,51,51,6,0
0,0,11,30,38,13,13,67,99,111,121,123,112,118,110,101,71,50,29,13,47,50,13,0
0,1,0,22,12,8,10,56,100,106,107,108,101,101,91,74,70,52,9,14,33,36,8,0
5,11,9,65,39,13,11,28,54,102,106,102,69,62,54,52,54,33,0,11,11,13,9,0
7,6,15,65,31,11,11,39,52,61,87,85,56,55,53,54,54,37,0,6,11,51,14,8
3,9,67,56,34,10,39,52,58,61,63,84,56,57,54,53,58,52,11,8,26,61,54,13
8,15,38,32,24,19,26,41,59,60,55,51,50,54,52,45,43,39,22,23,38,37,33,14
8,8,30,35,24,14,12,37,66,58,65,82,101,71,59,50,44,40,12,6,20,72,31,9
1,2,22,26,12,22,101,120,126,129,137,160,144,124,94,76,84,46,12,1,14,40,14,10
11,14,25,25,25,81,115,129,137,147,158,162,159,181,133,117,111,73,24,9,13,26,7,4
1,7,17,17,25,53,102,142,171,168,180,167,149,150,147,139,119,67,43,26,22,9,0,0
10,11,45,48,45,57,107,135,149,158,165,165,142,154,136,123,82,44,32,14,17,9,4,6
0,15,53,57,62,103,124,142,145,148,149,140,127,149,134,124,105,69,38,11,8,0,0,3
4,13,37,25,76,100,108,132,137,137,127,107,103,120,118,107,100,101,36,31,42,11,0,3
8,14,12,12,100,100,106,112,107,112,102,34,64,109,111,103,101,74,25,10,14,9,6,0
0,7,26,43,57,102,88,74,82,103,37,8,32,72,74,80,53,14,16,9,12,0,0,3
3,5,3,13,15,52,71,71,66,77,50,10,31,56,54,43,16,13,13,10,12,0,5,1
0,0,6,12,25,35,48,64,67,68,27,7,13,32,31,22,14,13,8,9,4,0,0,5
4,10,9,15,15,36,37,45,57,41,35,12,26,28,20,14,12,5,5,0,0,0,0,0
1,16,1,13,13,23,38,42,36,29,26,10,23,28,29,18,13,10,1,3,0,0,0,0
4,0,0,14,16,22,14,13,42,25,14,6,11,9,11,9,4,0,0,0,0,0,0,0
0,0,0,4,11,12,12,13,15,11,11,0,8,5,4,0,0,0,0,0,0,0,0,2
0,6,5,0,0,12,8,19,35,14,2,0,0,1,0,0,0,0,0,0,0,0,0,0
0,12,7,13,14,34,14,51,25,17,1,2,3,4,2,0,3,0,0,0,0,0,0,0
0,9,11,21,54,63,62,52,51,23,6,0,0,0,0,0,0,0,0,0,0,0,0,0
0,12,13,22,51,78,84,63,51,16,8,9,1,0,0,0,0,0,0,0,1,1,0,0
0,6,6,13,30,73,88,82,70,16,11,2,0,1,0,2,3,0,0,6,0,0,0,0
5,0,4,13,45,57,59,86,60,15,7,11,0,0,0,0,0,0,0,0,0,0,0,2
0,0,0,8,51,86,53,64,40,14,4,8,0,0,0,0,0,0,0,0,0,0,0,0
0,0,0,6,40,55,61,32,13,5,8,5,0,0,0,0,7,0,0,0,0,0,0,0
3,0,5,3,12,54,56,16,10,8,3,0,0,0,0,0,8,5,0,2,0,0,5,2
5,0,1,0,8,33,46,8,9,12,3,0,0,0,4,0,0,0,0,0,0,0,0,0
10,8,10,13,12,25,37,14,11,7,8,0,0,1,0,1,8,0,0,6,0,3,0,0

0,8,3,5,0,1,4,2,4,1,9,4,7,8,13,13,14,11,12,11,4,0,0,0
0,7,7,12,11,0,11,14,7,13,12,13,37,47,50,56,52,54,50,33,12,4,0,0
7,9,0,10,9,9,14,21,12,14,22,27,52,54,54,60,65,61,52,39,13,7,0,0
0,0,6,13,10,11,12,14,12,13,28,22,55,58,59,59,71,56,50,30,14,0,0,0
3,0,5,9,13,12,5,12,10,6,5,7,13,25,39,34,10,10,9,9,0,0,0,0
0,0,4,18,23,14,12,35,33,38,39,48,45,43,37,37,29,14,12,6,5,5,1,4
0,0,0,14,13,14,39,50,55,56,59,65,63,57,54,55,52,37,14,9,4,0,0,3
0,1,8,16,36,53,54,55,67,90,88,85,93,83,72,68,64,56,34,14,0,0,0,0
0,11,11,12,56,57,58,66,99,125,126,122,126,108,106,111,84,63,60,50,17,1,0,0
8,11,12,38,53,51,60,77,103,140,144,137,144,126,120,129,121,86,65,53,55,14,0,0
7,6,10,14,50,51,52,57,83,113,136,132,121,125,122,118,113,74,56,49,44,40,11,0
11,5,11,25,45,16,39,56,70,110,138,117,116,127,119,115,81,56,50,49,51,52,6,0
0,0,11,30,38,13,13,67,99,111,121,123,112,118,110,102,71,50,27,13,47,50,12,0
0,1,0,22,12,8,10,57,100,106,107,108,101,101,91,74,71,53,9,14,34,37,8,0
5,11,9,65,39,13,11,26,53,102,106,102,69,61,54,52,54,32,0,11,11,13,9,0
7,6,15,66,32,12,12,41,53,61,87,85,56,55,53,54,54,37,0,6,11,52,16,8
3,9,67,56,33,10,39,52,58,61,63,83,55,57,54,53,58,51,11,8,27,61,54,13
8,15,38,32,25,19,26,41,59,61,55,51,50,54,52,45,43,39,22,24,39,37,33,14
8,8,30,35,24,14,12,37,66,58,65,82,101,70,59,50,44,40,12,6,20,72,31,9
1,2,24,26,12,23,102,120,126,129,137,159,144,124,94,76,85,46,12,1,14,41,14,10
11,14,25,25,25,81,115,129,137,147,158,162,159,181,133,116,110,72,24,9,13,26,7,4
1,7,17,17,25,53,102,142,171,168,180,167,149,150,147,139,119,67,43,26,21,9,0,0
10,11,45,48,45,57,107,135,149,157,165,165,142,154,136,123,82,44,32,14,17,9,4,6
0,15,53,57,62,103,124,142,145,148,149,140,127,149,134,124,105,68,38,11,8,0,0,3
4,13,37,25,76,99,109,133,137,138,128,107,103,120,118,107,100,102,35,31,45,11,0,3
8,15,12,12,100,100,106,112,107,112,102,34,65,109,111,103,101,74,25,10,14,9,6,0
0,7,26,43,57,102,89,74,81,104,37,8,32,71,74,79,53,14,15,9,12,0,0,3
3,5,3,13,15,52,72,67,66,77,48,10,33,56,54,43,17,13,13,10,12,0,5,1
0,0,6,12,25,35,46,63,67,68,26,7,12,32,31,20,14,13,8,9,4,0,0,5
4,10,9,15,15,36,37,45,57,42,35,12,26,28,20,14,12,5,5,0,0,0,0,0
1,16,1,13,13,23,38,42,36,29,26,10,23,29,29,18,13,10,1,3,0,0,0,0
4,0,0,14,16,22,14,13,42,26,14,7,11,10,11,9,4,0,0,0,0,0,0,0
0,0,0,4,11,12,12,13,15,10,11,0,8,5,4,0,0,0,0,0,0,0,0,2
0,6,5,0,0,12,8,19,37,14,2,0,0,1,0,0,0,0,0,0,0,0,0,0
0,12,7,13,14,34,15,51,25,16,1,2,2,4,2,0,3,0,0,0,0,0,0,0
0,9,11,21,54,63,62,52,51,23,6,1,0,0,0,0,0,0,0,0,0,0,0,0
0,12,13,22,51,78,84,63,51,16,8,9,1,0,0,0,0,0,0,0,1,1,0,0
0,6,5,13,31,73,88,82,70,16,11,2,0,1,0,2,3,0,0,6,0,0,0,0
5,0,4,13,45,57,59,86,60,15,7,11,0,0,0,0,0,0,0,0,0,0,0,2
0,0,0,8,51,86,53,63,39,14,3,8,0,0,0,0,0,0,0,0,0,0,0,0
0,0,0,6,42,55,61,33,13,5,8,5,0,0,0,0,7,0,0,0,0,0,0,0
3,0,5,3,12,54,56,17,10,8,3,0,0,0,0,0,8,5,0,2,0,0,5,2
5,0,1,0,8,31,45,8,9,12,3,0,0,0,4,0,0,0,0,0,0,0,0,0
10,8,10,13,12,25,38,14,11,7,8,0,0,1,0,1,8,0,0,6,0,3,0,0

0,8,3,5,0,1,4,2,4,1,9,4,7,8,13,13,13,11,12,11,4,0,0,0
0,7,7,12,11,0,11,14,7,13,12,13,36,47,50,57,52,54,50,31,12,4,0,0
8,9,1,9,10,9,14,20,12,14,22,25,52,54,55,59,65,61,52,40,13,7,0,0
0,0,6,13,10,11,12,13,12,13,26,22,54,59,60,59,71,56,50,29,13,0,0,0
3,0,5,9,13,11,5,12,10,6,5,7,13,25,40,35,10,10,9,9,0,0,0,0
0,0,4,18,23,14,12,34,32,38,39,48,45,43,37,37,29,14,12,6,5,5,1,4
0,0,0,13,13,14,38,50,55,56,59,65,63,57,54,55,52,38,15,9,4,0,0,3
0,1,8,16,36,53,54,55,67,90,89,85,94,83,72,68,64,56,35,14,0,0,0,0
0,11,11,12,56,57,58,67,98,125,127,122,126,108,106,111,85,63,60,50,19,1,0,0
8,11,12,38,52,51,60,78,103,140,144,137,144,126,119,129,121,86,65,53,55,14,0,0
7,6,10,14,50,51,52,57,83,113,136,132,121,125,122,117,113,75,56,49,45,39,11,0
11,5,11,24,44,16,38,56,69,110,137,117,116,127,118,114,81,55,50,48,51,52,6,0
0,0,11,30,38,13,13,66,98,111,121,123,112,118,110,101,71,51,28,13,48,49,13,0
0,1,0,22,12,8,10,57,100,106,107,108,101,101,91,74,70,52,9,14,33,38,8,0
5,11,9,65,39,13,11,26,53,102,106,102,69,61,54,52,54,31,0,12,11,13,9,0
7,6,15,66,32,12,12,41,53,61,87,86,56,55,53,54,54,36,0,6,11,52,16,8
3,9,67,56,33,10,39,52,58,61,63,83,55,58,54,53,58,52,11,8,27,61,54,13
8,15,38,32,24,19,26,41,59,61,55,51,50,54,52,45,43,39,22,23,38,37,33,14
8,8,30,35,24,14,12,38,67,58,65,82,101,70,59,50,44,41,12,6,22,72,31,9
1,2,24,27,12,23,102,120,126,129,137,159,144,124,93,76,85,45,12,1,14,42,14,10
11,14,24,25,25,80,115,129,137,147,158,162,158,181,133,116,110,73,24,9,14,26,7,4
1,7,17,17,25,53,102,142,172,168,180,167,149,150,147,139,119,66,43,26,21,9,0,0
10,11,45,48,45,57,107,135,149,158,165,165,142,154,136,123,83,44,32,14,17,9,4,6
0,14,53,57,63,103,125,142,145,148,149,140,127,149,135,124,105,68,37,11,8,0,0,3
4,13,37,25,76,100,109,133,137,138,128,107,104,120,118,107,100,102,39,31,45,11,0,3
8,15,12,12,100,100,106,112,107,112,102,34,63,109,111,103,101,74,26,10,14,9,6,0
0,7,27,44,58,102,88,74,81,103,35,8,32,71,75,80,54,14,15,9,12,0,0,3
3,5,3,13,16,52,71,68,67,76,48,10,31,56,54,43,16,13,13,10,12,0,5,1
0,0,6,12,25,35,48,64,67,68,27,7,12,32,32,20,14,13,8,9,4,0,0,5
4,10,9,15,16,36,38,45,57,42,35,12,26,28,20,14,12,5,5,0,0,0,0,0
1,16,1,13,13,23,38,42,35,28,26,10,23,28,29,18,13,10,1,3,0,0,0,0
4,0,0,14,16,22,15,13,44,30,14,7,11,10,11,9,4,0,0,0,0,0,0,0
0,0,0,4,11,12,12,13,15,10,11,0,8,5,4,0,0,0,0,0,0,0,0,2
0,6,5,0,0,12,8,19,35,15,2,0,0,1,0,0,0,0,0,0,0,0,0,0
0,12,7,13,14,34,15,51,25,16,1,2,2,4,2,0,3,0,0,0,0,0,0,0
0,9,11,21,53,63,62,52,51,23,6,0,0,0,0,0,0,0,0,0,0,0,0,0
0,12,13,22,51,78,84,63,52,16,8,9,1,0,0,0,0,0,0,0,1,1,0,0
0,6,6,13,30,73,88,82,70,16,11,2,0,1,0,2,3,0,0,6,0,0,0,0
5,0,4,13,45,57,59,86,60,16,8,11,0,0,0,0,0,0,0,0,0,0,0,2
0,0,0,8,51,86,53,63,39,14,3,8,0,0,0,0,0,0,0,0,0,0,0,0
0,0,0,6,42,55,61,33,13,5,8,5,0,0,0,0,7,0,0,0,0,0,0,0
3,0,5,3,12,54,56,17,10,8,3,0,0,0,0,0,8,5,0,2,0,0,5,2
5,0,1,0,8,31,45,8,9,11,3,0,0,0,4,0,0,0,0,0,0,0,0,0
10,8,10,13,12,25,37,14,11,7,8,0,0,1,0,1,8,0,0,6,0,3,0,0

0,8,3,5,0,1,4,2,4,1,9,4,7,8,13,13,14,12,12,11,4,0,0,0
0,7,7,12,11,0,11,14,7,13,12,13,37,46,50,56,52,54,50,31,12,4,0,0
7,9,0,9,10,9,14,20,12,14,22,27,52,54,55,60,65,61,53,39,13,7,0,0
0,0,6,12,10,11,12,13,12,13,27,22,54,58,59,58,70,56,50,29,13,0,0,0
3,0,5,9,13,12,5,12,10,6,5,7,13,26,41,35,10,10,9,9,0,0,0,0
0,0,4,18,23,14,12,35,32,38,39,48,45,43,37,37,29,14,12,6,5,5,1,4
0,0,0,13,13,14,39,50,55,56,58,65,63,57,54,55,52,38,15,9,4,0,0,3
0,1,8,16,36,53,54,55,67,90,89,85,94,83,73,69,63,56,34,14,0,0,0,0
0,11,11,13,56,57,58,66,98,125,127,122,126,108,106,111,85,63,60,50,19,1,0,0
8,10,12,38,52,51,60,77,102,140,143,137,144,126,119,129,121,86,65,53,54,14,0,0
7,6,10,14,50,51,52,57,83,113,136,131,120,124,121,117,112,74,56,50,45,40,12,0
11,5,11,24,44,15,38,55,69,110,137,116,115,126,118,114,81,55,50,48,51,51,6,0
0,0,11,30,39,13,13,66,98,111,121,123,111,117,109,101,70,51,28,14,50,50,13,0
0,1,0,21,12,8,9,56,100,106,107,108,101,100,90,74,68,52,8,14,31,37,8,0
5,11,9,65,39,13,11,27,53,102,106,102,70,62,54,52,54,32,0,11,11,13,9,0
7,6,15,65,31,11,12,41,53,61,88,86,56,55,53,54,54,35,0,6,11,51,15,8
3,9,66,56,33,10,39,52,58,61,63,84,56,58,54,53,58,52,11,8,28,61,54,13
8,15,38,32,24,19,26,41,59,61,55,51,50,54,52,45,43,39,22,23,38,37,33,14
8,8,30,35,24,14,12,37,67,58,65,82,101,72,59,50,44,40,12,6,23,72,32,9
1,2,23,27,12,22,102,120,126,129,137,160,144,124,93,76,85,45,12,1,14,41,14,10
11,14,25,25,25,81,115,129,137,147,159,162,159,181,134,117,111,72,25,9,14,26,7,4
1,7,17,17,25,53,102,142,171,168,180,167,149,150,147,139,119,66,42,25,21,9,0,0
10,11,45,48,46,57,107,135,149,158,165,165,142,154,136,123,83,44,32,14,18,9,4,7
0,14,53,56,61,103,124,142,145,148,149,140,127,149,135,124,105,68,37,11,8,0,0,3
4,13,37,25,76,100,109,133,137,138,128,107,104,120,118,107,100,102,36,32,44,12,0,3
8,15,11,12,100,100,105,112,107,112,102,36,64,109,110,103,101,74,25,10,14,9,6,0
0,7,27,44,57,102,87,74,81,103,37,8,33,73,74,80,54,14,15,9,12,0,1,3
3,5,3,13,14,52,72,67,66,77,47,10,33,56,53,43,17,13,13,10,12,0,5,1
0,0,6,12,25,35,48,64,68,68,28,7,13,34,32,21,14,13,8,9,4,0,0,5
4,10,9,14,16,35,37,45,56,41,35,12,26,28,20,14,12,5,5,0,0,0,0,0
1,16,1,13,13,23,38,42,36,28,26,10,23,29,29,18,13,10,1,3,0,0,0,0
4,0,0,14,16,22,14,13,43,26,14,7,11,9,11,9,4,0,0,0,0,0,0,0
0,0,0,4,11,12,12,13,15,11,11,0,8,5,4,0,0,0,0,0,0,0,0,2
0,6,5,0,0,12,8,19,35,14,2,0,0,1,0,0,0,0,0,0,0,0,0,0
0,12,7,13,14,34,15,51,25,17,1,2,3,4,2,0,3,0,0,0,0,0,0,0
0,9,11,21,53,63,62,52,51,23,6,1,0,0,0,0,0,0,0,0,0,0,0,0
0,12,13,22,51,78,84,63,51,16,8,9,1,0,0,0,0,0,0,0,1,1,0,0
0,6,6,13,30,73,88,82,70,16,11,2,0,1,0,2,3,0,0,6,0,0,0,0
5,0,4,13,45,57,59,86,60,15,7,11,0,0,0,0,0,0,0,0,0,0,0,2
0,0,0,8,51,86,52,63,39,14,3,8,0,0,0,0,0,0,0,0,0,0,0,0
0,0,0,6,42,55,61,33,13,6,8,5,0,0,0,0,8,0,0,0,0,0,0,0
3,0,5,3,12,55,56,15,10,8,3,0,0,0,0,0,8,5,0,2,0,0,5,2
5,0,1,0,8,33,45,8,9,12,3,0,0,0,4,0,0,0,0,0,0,0,0,0
10,8,10,13,12,24,36,14,11,7,8,0,0,1,0,1,8,0,0,6,0,3,0,0

0,9,3,5,0,1,4,2,4,1,9,4,7,8,13,13,14,11,12,11,4,0,0,0
0,7,7,12,11,0,11,14,7,13,12,13,36,47,50,56,52,54,50,31,12,3,0,0
7,9,1,10,10,9,14,21,12,14,23,27,52,54,55,59,66,61,54,42,13,7,0,0
0,0,6,12,10,11,12,14,12,13,27,20,54,58,59,58,70,56,50,29,13,0,0,0
3,0,5,9,13,12,5,12,10,6,5,7,13,26,40,36,10,10,9,9,0,0,0,0
0,0,4,17,23,14,12,34,32,38,39,48,45,43,37,36,28,14,12,6,5,5,1,4
0,0,0,14,13,14,41,50,55,57,59,65,63,57,54,55,53,38,15,9,4,0,0,3
0,1,8,15,35,53,54,55,67,90,89,86,94,83,72,68,63,56,34,14,0,0,0,0
0,11,11,13,56,57,58,67,98,125,127,122,126,108,106,111,85,63,60,50,20,1,0,0
8,10,12,38,53,51,60,77,102,139,143,136,143,126,119,128,120,86,65,53,55,14,0,0
7,6,10,14,50,51,52,57,83,112,135,131,120,124,121,117,112,74,56,50,45,40,12,0
11,5,11,24,45,15,38,55,69,110,137,116,115,126,118,114,81,55,50,48,51,51,6,0
0,0,11,30,39,13,13,66,98,111,121,123,111,117,109,101,71,51,29,14,48,50,13,0
0,1,0,20,12,7,9,56,100,106,107,108,101,100,90,74,69,52,8,14,32,35,8,0
5,11,9,65,39,13,11,27,54,102,106,102,70,61,54,52,55,32,0,11,11,13,9,0
7,6,15,65,31,11,11,39,52,61,87,85,56,55,53,54,54,35,0,5,11,51,15,8
3,9,67,56,34,10,40,52,58,61,64,84,56,58,54,53,58,52,11,8,29,61,54,13
8,15,38,32,24,19,26,41,59,61,55,51,50,53,52,45,43,39,22,24,38,37,33,14
8,8,30,35,24,14,12,36,66,58,65,82,101,72,59,50,44,40,12,6,22,72,31,9
1,2,22,26,12,22,102,120,126,129,137,160,144,124,94,76,85,45,12,1,14,41,14,10
11,14,25,25,25,80,114,129,137,147,159,162,159,181,134,117,111,73,24,9,14,26,7,4
1,7,17,17,25,53,102,142,171,168,180,167,149,150,147,139,119,66,43,26,21,9,0,0
11,11,45,48,45,57,107,135,149,158,166,166,142,154,136,123,83,44,32,14,17,10,4,6
0,15,53,56,61,103,124,142,145,148,150,140,127,149,135,124,105,69,37,11,8,0,0,3
4,13,37,25,76,100,109,133,137,138,128,108,104,120,118,107,100,102,37,32,44,12,0,3
8,14,12,12,100,100,106,112,107,112,102,36,63,109,111,103,101,74,25,10,14,9,6,0
0,7,26,44,57,102,88,74,84,103,38,8,33,72,74,81,53,14,16,9,12,0,0,3
3,5,3,13,15,52,71,67,66,76,47,10,31,56,54,43,16,13,13,10,12,0,5,1
0,0,6,12,25,35,47,63,68,68,26,7,12,33,32,22,14,13,8,9,4,0,0,5
4,10,9,14,15,36,37,45,56,41,35,12,26,28,20,14,12,5,5,0,0,0,0,0
1,16,1,13,13,24,39,42,36,29,26,10,23,28,29,18,13,10,1,3,0,0,0,0
4,0,0,14,16,22,14,13,43,27,14,7,11,9,11,9,4,0,0,0,0,0,0,0
0,0,0,4,11,12,12,13,15,11,11,0,8,5,4,0,0,0,0,0,0,0,0,2
0,6,5,0,0,12,8,19,36,14,1,0,0,1,0,0,0,0,0,0,0,0,0,0
0,12,7,13,14,34,14,51,25,16,1,2,3,4,2,0,3,0,0,0,0,0,0,0
0,9,11,21,54,63,62,52,51,23,6,0,0,0,0,0,0,0,0,0,0,0,0,0
0,12,13,22,51,78,84,63,51,17,8,9,1,0,0,0,0,0,0,0,1,1,0,0
0,6,5,13,30,73,88,83,70,16,11,2,0,1,0,2,3,0,0,6,0,0,0,0
5,0,4,13,45,57,59,86,60,15,7,11,0,0,0,0,0,0,0,0,0,0,0,2
0,0,0,8,51,86,53,64,40,14,3,8,0,0,0,0,0,0,0,0,0,0,0,0
0,0,0,6,42,55,61,33,13,5,8,5,0,0,0,0,7,0,0,0,0,0,0,0
3,0,5,3,12,54,56,17,10,8,3,0,0,0,0,0,8,5,0,2,0,0,5,2
5,0,1,0,8,33,46,8,9,12,3,0,0,0,4,0,0,0,0,0,0,0,0,0
10,8,10,13,12,25,36,14,11,7,8,0,0,1,0,1,8,0,0,6,0,3,0,0

0,8,3,5,0,1,4,2,4,1,9,4,7,8,13,13,14,11,12,11,4,0,0,0
0,7,7,12,11,0,11,14,7,13,12,13,36,47,50,56,52,54,50,31,12,3,0,0
7,9,0,10,9,9,14,20,12,14,21,28,52,54,55,59,65,61,53,40,13,7,0,0
0,0,6,12,10,11,12,13,12,13,27,23,54,58,59,58,70,57,50,30,13,0,0,0
3,0,5,9,13,12,5,12,10,6,5,7,13,25,40,36,10,10,9,9,0,0,0,0
0,0,4,18,23,14,12,35,32,38,40,48,45,43,37,37,29,14,12,6,5,5,1,4
0,0,0,13,13,14,39,50,55,56,58,65,63,57,54,55,52,38,15,9,4,0,0,3
0,1,8,15,35,53,54,54,67,90,88,85,93,83,72,68,63,56,34,14,0,0,0,0
0,11,11,12,56,57,58,66,98,125,126,122,126,108,106,111,85,63,60,50,18,1,0,0
8,11,12,38,52,51,60,77,102,139,143,136,143,126,119,129,120,86,64,53,55,14,0,0
7,6,10,14,50,51,52,57,83,113,136,131,120,125,121,117,113,74,56,49,45,40,11,0
11,5,11,25,45,15,39,56,70,110,137,116,115,127,118,114,81,55,50,48,51,52,6,0
0,0,11,30,39,13,13,67,99,111,121,123,112,118,110,101,71,50,28,13,48,50,13,0
0,1,0,22,12,8,10,57,100,106,107,108,101,101,91,74,69,52,9,14,32,37,8,0
5,11,9,65,39,13,11,27,53,102,106,102,70,62,54,52,55,32,0,11,11,13,9,0
7,6,15,65,32,12,12,41,53,61,87,86,56,55,53,54,54,37,0,6,11,51,16,8
3,9,67,56,33,10,39,52,58,61,63,83,55,57,54,53,58,52,11,8,28,61,54,13
8,15,38,32,24,19,26,41,59,61,55,51,50,54,52,45,43,39,22,23,38,37,33,14
8,8,30,35,25,14,12,38,67,58,65,82,101,71,59,50,44,41,12,6,22,73,31,9
1,2,23,27,12,24,102,120,126,129,137,160,144,124,94,76,85,45,13,1,14,42,14,10
11,14,25,25,25,81,115,129,137,147,158,162,159,181,133,117,110,73,25,9,13,26,7,4
1,7,17,17,25,53,102,142,171,168,180,167,149,150,147,139,119,67,42,26,22,9,0,0
10,11,45,48,45,57,107,135,149,158,165,165,142,154,136,123,83,44,32,14,17,10,4,6
0,15,53,57,62,103,124,142,145,148,150,140,127,149,135,124,105,68,38,11,8,0,0,3
4,13,37,25,75,99,108,133,137,138,128,107,103,120,118,107,100,102,36,29,42,11,0,3
8,15,12,12,100,100,105,112,107,111,102,34,63,109,111,103,101,75,25,10,14,9,6,0
0,7,27,43,57,102,87,73,79,103,35,8,33,72,74,81,53,14,16,9,12,0,0,3
3,5,3,13,15,52,71,68,66,76,47,10,31,56,53,43,18,13,13,10,12,0,5,1
0,0,6,12,25,35,48,64,68,68,27,7,13,32,31,21,14,13,8,9,4,0,0,5
4,10,9,15,16,36,37,45,57,42,36,12,26,28,20,14,12,5,5,0,0,0,0,0
1,16,1,13,13,23,38,42,36,29,26,10,23,29,29,18,13,10,1,3,0,0,0,0
4,0,0,14,16,22,14,13,44,26,14,7,11,10,11,9,4,0,0,0,0,0,0,0
0,0,0,4,11,12,12,13,15,11,11,0,8,5,4,0,0,0,0,0,0,0,0,2
0,6,5,0,0,12,8,19,36,14,2,0,0,2,0,0,0,0,0,0,0,0,0,0
0,12,7,13,14,34,15,51,25,15,1,2,3,4,2,0,3,0,0,0,0,0,0,0
0,9,11,21,54,63,62,52,52,23,6,1,0,0,0,0,0,0,0,0,0,0,0,0
0,12,13,22,51,78,84,63,51,16,8,9,1,0,0,0,0,0,0,0,1,1,0,0
0,6,6,13,31,73,89,83,70,17,11,2,0,1,0,3,4,0,0,6,0,0,0,0
5,0,4,13,45,57,59,86,60,15,8,11,0,0,0,0,0,0,0,0,0,0,0,2
0,0,0,8,51,86,53,64,40,14,4,8,0,0,0,0,0,0,0,0,0,0,0,0
0,0,0,6,42,55,61,33,13,5,8,5,0,0,0,0,7,0,0,0,0,0,0,0
3,1,5,3,12,54,56,18,10,8,3,0,0,0,0,0,8,5,0,2,0,0,5,2
5,0,1,0,8,31,43,8,9,12,3,0,0,0,4,0,0,0,0,0,0,0,0,0
10,8,10,13,12,25,36,14,11,7,8,0,0,1,0,1,8,0,0,6,0,3,0,0
