0,0,0,0,0,0,0,6,50,91,61,78,45,12,4,0,0,0,0,0,0,0,8,0
0,0,0,0,0,0,0,0,13,65,52,55,50,8,0,0,0,0,0,0,8,2,3,8
1,0,0,0,0,0,9,0,0,0,1,0,2,0,5,8,0,11,0,0,0,0,8,9
0,5,7,0,9,46,55,109,91,104,107,84,56,40,3,0,0,0,10,0,0,0,1,9
0,2,12,14,27,83,103,142,188,251,289,246,129,60,60,17,10,7,14,13,5,0,0,0
10,9,18,35,56,79,147,259,336,379,440,371,191,83,93,66,50,34,13,12,14,5,8,0
10,12,32,54,68,104,148,215,263,298,270,236,177,112,74,77,53,13,6,3,11,9,0,6
8,4,26,66,100,136,146,187,209,207,206,180,138,91,63,45,34,7,8,5,12,0,4,0
11,19,52,70,100,134,144,157,186,144,137,155,134,89,55,11,4,6,0,2,10,7,0,0
12,25,56,73,108,139,152,157,170,119,78,111,119,123,80,51,15,0,0,10,11,3,0,3
13,44,57,73,105,136,155,169,143,98,67,66,93,121,102,65,13,8,4,4,7,0,3,4
21,51,64,100,118,123,135,158,150,101,67,63,60,112,120,99,52,10,5,8,7,3,0,0
13,36,74,103,111,115,115,129,142,106,96,68,14,105,111,105,71,13,11,0,6,0,0,1
13,44,87,106,103,116,128,140,136,104,102,76,10,85,109,108,101,52,9,8,0,0,6,7
2,21,65,80,67,72,105,120,97,70,75,76,11,50,101,85,78,59,26,5,0,0,0,0
0,7,13,84,101,115,77,114,99,63,56,59,2,13,54,54,54,59,29,16,10,11,5,0
7,3,14,63,101,104,119,126,103,77,62,58,16,2,24,29,14,54,52,50,10,0,0,5
11,16,32,43,67,114,134,152,147,126,96,79,44,14,9,12,25,19,29,26,13,10,7,6
11,37,68,104,134,161,180,192,185,188,144,111,71,10,9,0,1,13,10,29,29,10,6,4
24,50,92,144,160,188,196,248,257,223,217,126,109,23,11,6,2,6,6,9,11,3,7,10
32,43,100,148,155,179,253,295,282,246,245,140,109,95,14,5,3,0,0,7,11,9,12,11
42,62,100,137,185,238,300,318,327,337,321,189,108,79,37,15,31,16,13,14,27,29,17,12
44,39,62,109,141,192,235,273,279,299,282,206,136,103,35,42,26,7,6,17,36,33,14,10
8,24,55,64,103,132,166,190,191,205,201,173,138,119,77,14,14,12,2,5,13,12,3,0
11,20,39,20,52,100,109,128,141,143,156,147,138,116,103,83,34,12,11,12,6,0,9,9
12,10,10,25,46,60,91,103,108,110,115,131,118,111,106,11,13,12,9,14,11,10,12,5
1,7,10,12,13,12,20,24,94,103,105,109,106,101,100,100,7,11,10,12,11,3,3,3
4,4,11,16,57,12,24,32,66,76,103,108,79,100,83,54,31,10,0,9,10,11,8,5
0,3,8,14,66,56,53,8,47,50,63,75,67,80,80,45,21,13,13,0,6,11,12,8
0,3,0,10,58,47,27,3,11,13,35,54,58,53,49,44,28,12,0,10,7,12,11,11
1,0,6,12,48,51,43,14,14,40,32,41,50,51,49,33,24,5,7,7,9,9,4,5
0,0,5,7,26,54,50,13,13,12,19,36,14,35,27,13,12,11,9,11,5,0,0,0
5,0,0,0,14,52,51,10,9,13,13,38,22,41,14,12,11,9,12,8,4,0,0,6
1,0,0,4,11,28,50,15,0,11,13,41,40,50,53,52,14,10,7,0,0,0,0,0
0,0,0,0,0,12,14,0,0,5,10,14,34,54,57,30,16,0,0,0,0,0,0,0
5,3,0,0,5,13,11,0,0,0,7,17,52,53,62,49,14,4,0,0,0,4,2,0
0,0,0,0,0,10,8,2,0,0,11,13,51,56,53,34,28,0,0,0,2,11,5,2
0,0,0,2,5,6,7,4,1,3,10,27,55,59,57,57,37,7,0,0,3,1,0,0
0,0,0,0,11,6,0,0,0,10,11,34,45,62,69,60,52,12,0,2,0,4,4,0
0,0,0,1,8,14,3,4,0,8,20,39,53,61,71,60,47,13,0,0,11,10,11,0
0,0,3,10,24,12,5,6,12,14,12,14,59,64,102,71,29,6,4,4,4,0,10,5
0,6,6,33,47,34,23,10,8,6,12,14,14,69,78,60,13,7,11,7,0,2,1,11
0,9,9,34,51,50,7,7,8,6,8,12,17,47,50,61,0,6,10,1,7,9,6,0
6,8,13,21,46,32,11,11,10,10,8,13,13,31,34,13,9,9,0,7,8,0,6,7

0,0,0,0,0,0,0,10,55,96,63,79,50,13,4,0,0,0,0,0,0,0,8,0
0,0,0,0,0,0,0,6,28,67,55,59,50,8,0,0,0,0,0,0,9,2,3,8
1,0,0,0,0,0,9,0,0,0,1,0,2,0,4,6,0,10,0,0,0,0,8,9
0,4,6,0,9,49,56,110,93,104,106,80,54,36,1,0,0,0,10,0,0,0,1,9
0,1,12,14,35,85,105,143,189,244,275,240,128,60,59,14,9,7,13,13,5,0,0,0
9,9,21,37,57,80,149,261,334,371,430,362,189,82,91,66,50,32,12,11,14,5,7,0
9,12,34,55,68,103,147,215,262,292,264,232,174,111,74,76,53,12,5,3,11,9,0,6
7,4,31,67,100,135,146,187,209,205,203,177,136,91,62,42,31,6,8,4,12,0,4,0
11,24,53,71,100,134,145,157,185,144,135,151,131,88,55,11,3,6,0,2,10,7,0,0
12,30,57,73,109,141,153,157,169,119,77,108,116,122,80,51,14,0,0,10,10,3,0,3
13,48,58,75,107,138,157,170,142,96,66,65,92,121,103,65,13,8,3,4,7,0,3,4
21,51,65,101,120,124,137,159,149,100,66,62,60,112,121,99,52,10,6,8,7,3,0,0
13,39,74,103,111,115,116,129,141,105,92,66,14,105,112,105,68,13,11,0,7,0,0,1
13,43,86,105,102,116,128,140,134,104,101,74,10,95,110,108,100,47,9,8,0,0,6,7
2,20,65,78,66,71,105,119,96,69,74,75,11,54,101,87,77,56,23,4,0,0,0,0
0,7,13,82,100,114,77,113,98,63,56,59,0,13,55,54,55,57,29,16,10,11,5,0
7,3,14,62,101,104,119,125,103,77,61,58,14,2,24,34,14,55,50,50,10,0,0,5
11,16,32,43,66,113,133,150,146,124,94,78,43,13,9,12,25,19,29,25,12,9,7,5
11,37,69,104,135,161,180,191,184,185,144,111,70,10,9,0,1,13,10,29,27,10,5,4
24,51,94,144,161,188,196,248,258,223,216,126,109,19,10,6,2,6,6,9,11,2,7,9
33,43,101,149,157,180,254,296,283,246,245,140,109,95,14,5,2,0,0,7,11,9,12,11
43,63,100,139,186,239,302,320,328,337,320,189,109,79,37,15,31,16,13,14,27,28,16,12
44,39,64,109,141,193,237,276,280,298,281,205,136,103,36,42,26,7,6,20,37,32,13,10
9,27,57,64,103,132,167,191,191,205,200,172,138,119,78,14,14,12,2,5,14,12,3,0
11,25,40,22,52,100,110,129,142,143,155,146,137,116,103,81,33,12,11,12,7,0,9,9
12,10,10,25,44,60,93,103,108,110,115,131,118,111,106,11,13,12,9,13,11,10,12,5
1,7,11,13,13,12,20,21,94,103,105,108,106,100,100,100,7,11,10,12,11,3,3,3
4,5,11,19,58,12,24,32,67,74,103,108,78,100,83,54,32,10,0,9,10,11,8,5
1,4,9,14,66,57,53,8,48,51,63,74,66,79,80,44,21,13,13,0,5,11,12,8
0,3,0,10,58,50,29,4,11,13,35,54,58,53,49,44,28,12,0,10,7,12,11,11
2,1,6,13,49,52,44,14,14,40,32,40,50,51,49,32,23,4,7,7,8,9,4,6
0,0,5,7,27,54,50,13,13,12,19,36,14,31,25,13,12,11,9,11,5,0,0,0
5,0,0,0,15,52,51,10,8,13,13,40,22,40,14,12,11,9,12,8,4,0,0,6
1,0,0,4,11,28,50,16,0,10,13,40,38,50,53,52,14,10,7,0,0,0,0,0
0,0,0,0,0,12,14,0,0,5,10,14,34,54,57,30,15,0,0,0,0,0,0,0
5,3,0,0,5,13,11,0,0,0,7,16,52,53,62,48,14,4,0,0,0,4,2,0
0,0,0,0,0,10,8,2,0,0,11,13,51,56,53,34,26,0,0,0,2,11,5,2
0,0,0,2,6,6,7,4,1,3,9,27,55,59,57,57,35,7,0,0,3,1,0,0
0,0,0,0,11,6,0,0,0,10,11,34,45,61,68,59,52,12,0,2,0,4,4,0
0,0,0,1,9,14,3,4,0,8,19,38,53,61,71,60,45,13,0,0,11,10,11,0
0,0,3,11,24,12,5,6,12,14,12,14,59,64,101,70,29,6,4,4,4,0,10,5
0,6,6,33,50,35,23,10,8,6,11,14,14,69,77,60,13,7,11,7,0,2,1,11
0,10,9,34,52,50,7,7,8,6,7,12,20,47,50,60,0,6,10,1,7,9,6,0
6,8,13,22,45,32,11,11,10,10,9,13,13,31,34,13,9,9,0,7,8,0,7,7

0,0,0,0,0,0,0,9,53,96,63,80,51,14,6,0,0,0,0,0,0,0,8,0
0,0,0,0,0,0,0,5,24,67,56,63,51,9,0,0,0,0,0,0,8,2,3,8
1,0,0,0,0,0,9,0,0,0,2,1,3,0,4,8,0,10,0,0,0,0,8,9
0,4,6,0,9,50,56,110,93,104,106,83,56,37,1,0,0,0,10,0,0,0,1,9
0,2,12,15,37,86,105,144,190,247,277,240,128,60,58,14,9,7,12,12,5,0,0,0
9,9,22,37,56,80,150,263,336,373,430,362,188,82,90,65,50,31,12,11,14,5,7,0
9,12,36,55,67,102,147,216,264,293,263,230,173,110,74,76,53,12,5,3,11,9,0,6
7,4,32,67,99,133,146,188,211,206,202,174,134,90,62,41,30,6,8,4,12,0,3,0
11,24,53,70,100,134,146,159,187,145,134,149,129,87,55,10,3,6,0,2,10,7,0,0
12,30,57,73,109,141,154,158,171,120,77,107,115,121,78,50,14,0,0,10,10,3,0,3
13,47,57,74,106,138,158,171,143,97,66,65,91,120,101,64,13,7,3,4,6,0,3,4
22,51,65,101,119,124,137,159,149,100,66,62,59,112,118,94,50,10,5,8,7,3,0,0
13,38,74,103,111,115,115,129,141,105,92,66,14,106,111,103,64,12,10,0,6,0,0,1
13,43,85,105,102,115,127,139,134,103,101,74,10,98,110,107,100,29,7,8,0,0,6,7
2,17,64,77,66,71,104,119,96,69,74,75,10,55,102,86,73,53,16,5,0,0,0,0
0,7,13,81,100,114,77,113,98,63,56,59,0,13,56,54,55,51,26,16,10,11,5,0
7,3,14,62,101,104,118,125,103,77,62,58,15,2,25,35,17,54,38,49,10,0,0,5
11,16,32,43,66,113,133,150,146,124,94,78,43,13,9,12,25,19,29,23,12,9,7,5
11,38,70,104,135,161,180,191,184,185,144,111,71,10,9,0,1,13,11,29,26,9,5,4
25,50,94,145,161,189,196,248,258,223,216,126,109,19,10,6,2,6,6,9,11,2,6,9
34,43,101,150,158,181,255,297,284,246,245,141,109,97,14,5,2,0,0,7,11,9,12,11
43,63,100,139,187,240,303,321,329,337,320,189,109,79,37,15,31,16,13,14,26,28,15,12
44,40,65,109,142,193,238,276,281,298,281,205,136,103,36,42,26,7,6,21,37,31,13,9
9,29,57,64,103,132,167,191,192,205,200,171,137,119,78,14,14,12,2,5,17,13,3,0
12,25,41,20,52,100,110,129,142,144,155,146,137,116,103,83,32,12,11,12,7,0,9,10
12,11,10,27,46,60,93,103,108,110,115,131,117,111,106,11,13,12,9,13,11,10,12,5
1,7,11,13,13,12,21,20,94,103,105,108,106,100,100,100,7,11,9,12,11,3,3,3
4,5,11,20,59,13,24,32,66,74,103,108,78,100,83,54,32,10,0,9,10,11,8,5
1,4,9,14,66,57,53,8,49,51,62,74,66,79,79,41,22,13,13,0,5,11,12,8
0,3,0,10,58,50,30,4,11,13,35,54,58,53,48,43,27,12,0,10,7,12,11,10
2,1,6,13,49,52,45,14,14,40,32,40,50,51,48,32,22,3,7,7,8,9,4,6
0,0,5,7,27,54,51,13,13,12,19,35,14,31,22,12,12,11,9,11,5,0,0,0
5,0,0,0,14,53,51,10,8,13,13,39,22,39,14,12,11,9,12,8,4,0,0,6
2,0,0,4,11,28,51,17,0,10,13,40,39,50,53,52,14,10,7,0,0,0,0,0
0,0,0,0,0,12,14,0,0,5,10,14,33,54,56,30,14,0,0,0,0,0,0,0
6,4,0,0,5,13,11,0,0,0,7,17,52,53,61,48,13,4,0,0,0,4,2,0
0,0,0,0,0,10,8,2,0,0,12,13,51,56,53,34,26,0,0,0,2,11,4,2
0,0,0,0,6,6,7,4,1,2,9,27,55,59,57,57,35,7,0,0,3,1,0,0
0,0,0,0,12,6,0,0,0,10,11,34,45,61,68,59,52,12,0,2,0,4,4,0
0,0,0,1,9,14,3,4,0,8,19,38,53,61,70,60,45,13,0,0,11,10,11,0
0,0,3,11,25,13,5,6,12,14,11,14,59,64,101,70,28,5,3,4,4,0,10,5
0,6,6,36,48,35,23,11,8,6,11,14,14,70,77,59,13,7,11,7,0,2,1,11
0,10,9,36,52,50,7,8,8,7,7,12,24,48,50,60,0,6,10,1,7,9,6,0
6,9,13,22,45,32,11,11,10,10,9,13,13,32,34,13,9,9,0,7,8,0,7,7

0,0,0,0,0,0,0,10,54,96,63,81,52,19,7,0,0,0,0,0,0,0,8,0
0,0,0,0,0,0,0,6,27,67,57,65,52,10,0,0,0,0,0,0,8,2,3,8
1,0,0,0,0,0,9,0,0,0,2,2,3,0,4,9,0,10,0,0,0,0,8,9
0,4,7,0,10,50,56,110,94,104,107,86,56,37,2,0,0,0,10,0,0,0,1,9
0,1,12,15,37,86,105,144,191,249,280,240,128,60,58,13,9,7,12,12,5,0,0,0
9,9,21,37,56,80,151,264,339,375,431,362,187,81,90,65,49,32,13,10,14,5,7,0
9,12,35,55,68,102,148,216,264,294,264,230,172,110,74,76,53,12,5,3,11,9,0,6
7,4,31,67,99,133,146,188,211,206,201,174,134,89,61,42,31,6,8,4,12,0,3,0
11,23,53,70,100,133,145,158,187,145,134,149,128,86,54,10,3,6,0,2,10,7,0,0
12,28,57,73,108,140,153,157,170,120,77,107,115,120,76,50,14,0,0,10,10,3,0,3
13,46,57,74,106,137,156,169,142,97,66,65,91,119,100,63,12,7,3,4,6,0,3,4
22,51,64,100,119,123,135,157,149,100,66,62,60,111,117,90,46,9,5,8,8,3,0,0
13,37,74,103,111,115,115,128,141,105,93,67,14,106,110,102,60,11,10,0,6,0,0,1
13,44,86,105,102,115,127,139,134,104,101,75,10,100,110,107,97,14,6,7,0,0,6,7
2,21,65,78,66,71,105,119,96,70,75,75,10,58,102,84,71,50,14,5,0,0,0,0
0,7,13,82,100,114,77,113,98,63,57,59,0,13,55,54,55,47,25,16,10,11,5,0
7,3,14,62,101,104,119,125,103,77,62,58,15,1,25,36,19,54,28,46,10,0,0,5
11,16,32,43,66,113,133,151,146,125,94,78,43,13,9,12,25,20,29,22,12,9,7,5
11,37,69,104,135,161,180,191,185,186,144,111,71,10,8,0,1,13,11,28,25,9,5,4
25,51,95,145,161,189,197,249,259,223,217,127,109,22,10,5,2,6,6,9,11,2,6,9
33,43,101,150,158,181,256,298,285,247,246,141,110,97,14,5,2,0,0,7,11,9,12,11
43,63,100,140,187,241,304,322,329,338,322,190,109,80,38,15,31,16,13,14,26,27,15,12
44,40,66,109,142,194,239,279,282,299,281,205,137,103,36,43,26,7,7,22,37,31,13,9
9,29,57,64,103,132,168,192,192,205,200,171,137,119,78,14,14,12,1,6,21,12,3,0
12,25,43,22,52,100,110,129,142,144,155,146,137,116,103,81,33,12,11,12,7,0,9,10
12,11,10,27,47,60,93,103,108,110,115,130,117,110,106,11,13,12,9,13,11,10,12,5
1,7,11,13,13,13,21,23,94,103,105,108,106,100,100,100,7,11,9,12,11,3,2,3
4,5,11,20,59,13,24,33,67,74,103,108,78,100,82,54,32,10,0,9,10,11,8,5
2,4,9,14,67,57,53,8,50,51,62,74,66,79,79,41,22,13,13,0,5,11,11,8
0,3,0,10,58,48,29,4,11,13,34,54,58,53,48,43,27,12,0,10,7,12,11,10
2,1,6,13,48,52,44,14,14,40,33,39,50,51,48,32,21,3,6,7,8,9,4,6
0,0,5,7,26,54,51,13,13,13,19,36,14,29,20,12,12,11,9,11,5,0,0,0
5,0,0,0,14,52,51,10,8,13,13,39,19,38,13,11,11,9,12,8,4,0,0,6
2,0,0,4,11,27,51,19,1,10,13,40,38,50,53,52,14,10,7,0,0,0,0,0
0,0,0,0,0,12,14,0,0,5,10,14,33,53,56,30,14,0,0,0,0,0,0,0
6,3,0,0,5,13,11,0,0,0,7,16,52,53,61,48,13,4,0,0,0,4,2,1
0,0,0,0,0,10,8,2,0,0,11,13,51,56,53,34,24,0,0,0,2,11,4,2
0,0,0,0,6,6,7,4,1,3,9,27,54,59,56,56,33,6,0,0,3,0,0,0
0,0,0,0,12,6,0,0,0,10,11,34,45,61,67,59,52,12,0,2,0,4,4,0
0,0,0,1,9,14,3,4,0,8,19,38,53,61,70,60,44,13,0,0,11,10,11,0
0,0,3,11,25,13,5,6,12,13,11,14,59,65,101,69,28,5,3,3,4,0,10,5
0,6,6,35,48,37,23,11,7,6,11,14,14,70,76,59,13,6,11,7,0,2,1,11
0,10,10,37,52,50,8,8,9,7,7,12,27,47,50,59,0,6,10,1,7,9,6,0
6,9,13,23,46,35,11,11,10,10,9,13,13,32,34,13,9,9,0,7,8,0,7,7

0,0,0,0,0,0,0,10,54,96,63,81,52,26,8,0,0,0,0,0,0,0,8,0
0,0,0,0,0,0,0,6,28,67,58,67,52,10,0,0,0,0,0,0,8,2,3,8
1,0,0,0,0,0,9,0,0,0,2,2,4,0,5,9,0,10,0,0,0,0,8,9
0,4,7,0,10,50,57,110,95,105,107,88,57,40,2,0,0,0,10,0,0,0,1,9
0,1,12,14,37,86,105,144,192,253,286,243,128,60,59,14,10,7,12,12,5,0,0,0
9,9,19,37,56,80,150,263,341,379,434,365,188,82,91,66,50,33,13,10,14,5,8,0
9,12,32,54,68,103,147,214,263,295,265,230,172,109,75,77,53,13,6,3,11,9,0,6
7,4,27,67,99,133,144,185,208,204,201,174,134,89,61,43,32,7,8,4,12,0,3,0
11,19,52,70,100,132,142,155,184,143,132,149,129,85,53,10,3,6,0,2,10,7,0,0
11,24,56,73,107,138,149,154,167,118,76,107,114,119,75,48,14,0,0,10,10,3,0,3
12,45,57,73,104,135,152,166,140,96,66,65,91,118,98,62,11,6,3,4,6,0,3,4
20,50,64,100,118,121,133,154,147,100,66,63,60,111,115,87,42,9,5,8,8,2,0,0
13,35,73,103,111,114,114,127,141,106,94,68,14,106,109,101,57,10,9,0,6,0,0,1
13,43,86,105,102,116,127,139,135,104,101,77,10,100,109,106,94,13,4,7,0,0,6,7
1,23,66,79,67,71,105,119,97,70,75,75,10,57,101,81,67,47,13,4,0,0,0,0
0,7,14,84,101,115,77,114,99,63,56,60,0,12,55,54,54,43,22,16,10,10,5,0
7,3,14,63,101,104,119,126,103,76,61,58,16,1,23,35,18,53,19,45,9,0,0,5
12,16,32,44,67,114,134,152,147,126,95,79,44,13,8,12,25,20,29,21,11,9,7,5
10,36,69,104,135,162,181,192,186,188,145,112,72,10,8,0,1,13,11,28,23,9,4,4
24,51,95,145,161,190,198,250,260,224,218,127,110,27,11,6,2,6,6,9,10,2,6,9
32,43,101,151,159,182,257,300,287,248,247,142,110,99,14,5,2,0,0,7,11,9,12,11
43,63,101,140,188,242,306,324,331,340,325,192,109,81,38,15,31,16,13,14,26,28,15,11
44,40,66,110,142,195,240,280,284,300,281,206,137,103,36,43,26,7,7,22,37,31,13,9
9,31,58,65,103,133,169,193,193,205,200,171,137,119,78,14,14,12,1,6,22,13,3,0
12,22,43,23,52,100,110,130,142,144,155,146,137,116,103,80,31,12,11,12,7,0,8,9
12,11,10,27,47,63,95,103,108,110,115,131,117,110,106,11,13,12,9,13,11,10,11,5
2,7,11,13,13,13,24,23,94,103,105,108,106,100,100,100,7,11,9,12,11,3,2,3
4,5,11,18,58,13,25,33,67,74,103,108,78,100,83,55,31,10,0,9,10,11,8,5
2,4,9,14,66,57,55,8,50,51,62,74,66,79,79,39,23,13,13,0,5,11,12,8
0,4,0,10,58,50,31,4,12,13,35,54,58,53,48,43,26,12,0,10,7,12,11,11
2,1,6,13,47,52,44,14,14,40,32,39,50,50,48,31,21,2,6,7,8,9,4,6
0,0,5,7,25,54,51,13,13,13,20,35,14,28,17,12,12,11,8,11,5,0,0,0
5,0,0,0,14,52,51,10,8,13,13,38,19,35,13,11,11,9,12,8,4,0,0,6
2,0,0,4,11,27,51,21,2,9,13,41,38,50,53,52,14,10,7,0,0,0,0,0
0,0,0,0,0,12,15,0,0,5,10,14,33,53,56,30,14,0,0,0,0,0,0,0
6,3,0,0,5,13,11,0,0,0,7,15,52,53,61,46,13,4,0,0,0,4,2,1
0,0,0,0,0,10,8,2,0,0,11,13,51,56,53,33,24,0,0,0,2,11,4,2
0,0,0,0,6,6,7,4,1,3,9,27,55,59,56,56,30,6,0,0,3,1,0,0
0,0,0,0,12,7,0,0,0,10,11,34,45,61,67,59,52,12,0,2,0,4,4,0
0,0,0,1,9,14,3,4,0,8,19,38,53,61,69,59,43,12,0,0,10,10,11,0
0,0,3,10,25,13,5,6,12,13,11,14,59,64,100,69,27,4,3,3,4,0,10,5
0,6,6,36,50,37,24,11,7,6,11,14,14,70,76,58,13,6,11,7,0,2,1,11
0,10,10,37,52,50,8,8,9,8,7,12,24,48,50,59,0,6,10,1,7,9,6,0
6,9,13,23,46,35,12,11,10,10,9,13,14,32,34,13,9,9,0,7,8,0,7,7

0,0,0,0,0,0,0,10,54,96,63,80,52,29,8,0,0,0,0,0,0,0,8,0
0,0,0,0,0,0,0,6,29,67,57,67,52,10,0,0,0,0,0,0,8,2,3,8
1,0,0,0,0,0,9,0,0,0,2,3,4,0,5,10,0,11,0,0,0,0,8,9
0,4,7,0,10,50,56,110,94,104,107,87,57,37,2,0,0,0,10,0,0,0,1,9
0,1,12,14,36,86,104,144,192,254,287,242,128,60,59,14,10,7,12,12,5,0,0,0
10,9,18,36,56,80,150,264,342,380,435,364,187,82,91,66,50,33,13,10,14,5,8,0
9,12,31,54,67,103,147,215,263,295,263,228,170,109,75,77,53,13,6,3,11,9,0,6
7,3,26,67,99,133,144,186,208,204,200,173,132,88,61,43,32,7,8,4,12,0,3,0
11,19,52,70,99,132,143,156,185,144,133,149,128,85,53,9,3,6,0,2,10,7,0,0
11,24,56,72,107,138,150,155,168,119,76,107,114,118,75,46,13,0,0,10,10,3,0,3
12,45,57,73,104,135,153,168,141,97,66,65,91,117,97,61,11,6,2,4,6,0,3,4
20,50,64,100,118,121,134,156,148,100,66,63,59,111,114,86,39,9,4,7,8,2,0,0
13,36,73,103,110,114,114,128,141,106,94,67,14,105,109,101,56,10,8,0,6,0,0,1
13,42,86,105,102,115,127,139,134,104,101,76,10,100,109,106,92,12,3,7,0,0,6,7
1,19,65,78,66,71,105,119,96,70,75,75,10,57,101,80,66,45,12,4,0,0,0,0
0,7,13,83,100,114,77,113,98,63,56,60,0,12,54,54,54,40,21,16,10,10,5,0
7,3,14,63,101,104,119,125,103,77,62,58,16,0,22,34,18,53,17,44,9,0,0,5
11,16,32,43,67,114,134,152,147,127,96,79,44,12,8,12,25,20,29,20,11,9,7,5
10,36,69,104,135,162,181,192,186,188,146,112,73,10,8,0,1,13,11,27,23,9,4,4
25,51,95,145,162,190,198,251,261,224,217,127,110,30,11,5,2,6,6,9,10,2,6,9
33,42,101,151,159,182,257,300,287,250,248,142,110,100,14,5,2,0,0,7,10,9,12,11
42,63,101,140,188,242,307,326,332,342,330,194,110,81,38,15,31,16,13,14,27,27,14,11
44,40,66,110,143,195,241,282,285,302,284,207,137,103,36,43,26,7,7,22,37,30,13,9
9,29,58,64,103,133,169,194,194,206,201,172,137,119,79,14,14,12,1,6,24,13,3,0
12,23,40,22,52,100,110,130,142,144,155,146,136,116,103,79,31,12,11,12,7,0,8,9
12,11,10,27,46,62,94,103,108,110,115,130,117,110,106,11,13,12,8,13,11,10,11,5
2,8,11,13,13,13,25,23,95,103,105,108,106,100,100,100,7,11,9,12,11,3,2,3
4,5,11,19,58,13,24,33,67,73,103,108,78,100,83,55,32,10,0,9,10,11,8,5
2,4,8,14,65,57,55,8,50,51,62,73,66,79,78,39,22,13,13,0,5,11,12,8
0,4,0,10,58,50,31,4,12,13,34,53,57,53,48,42,26,12,0,10,7,12,11,11
2,1,6,13,47,52,44,14,14,40,32,39,50,50,47,31,21,2,6,7,8,9,4,6
0,0,5,7,25,54,51,14,13,13,20,34,14,25,15,12,12,11,8,11,5,0,0,0
6,0,0,0,14,52,51,9,7,13,13,38,17,36,13,11,11,9,12,8,4,0,0,6
2,0,0,4,11,27,51,17,2,9,13,40,37,50,53,51,14,10,8,0,0,0,0,0
0,0,0,0,0,12,17,0,0,6,10,14,32,53,56,30,14,0,0,0,0,0,0,0
6,3,0,0,6,14,11,0,0,0,8,16,52,53,61,46,13,4,0,0,0,3,2,1
0,0,0,0,0,10,8,2,0,0,11,13,51,56,53,32,22,0,0,0,2,11,4,2
0,0,0,0,6,7,8,4,1,3,9,26,54,58,55,55,28,6,0,0,3,1,0,0
0,0,0,0,11,7,0,0,0,10,11,34,45,61,66,58,51,12,0,2,0,4,4,0
0,0,0,2,9,15,3,4,0,8,19,39,53,60,69,59,41,12,0,0,10,10,11,0
0,0,3,11,26,13,5,6,12,13,11,14,59,64,100,67,25,4,3,3,4,0,10,5
0,6,6,35,50,38,24,11,7,5,11,14,14,69,75,56,12,5,11,7,0,2,1,11
0,10,10,39,52,51,8,8,9,8,7,11,20,47,48,56,0,6,10,1,7,9,6,0
6,9,13,25,46,38,12,11,10,10,9,13,13,30,32,13,9,9,0,7,8,0,7,7

0,0,0,0,0,0,0,9,52,92,62,80,52,35,10,1,0,0,0,0,0,0,8,0
0,0,0,0,0,0,0,4,19,66,57,67,53,11,0,0,0,0,0,0,8,2,3,8
2,0,0,0,0,0,9,0,0,0,2,4,4,0,5,11,0,11,0,0,0,0,8,9
0,5,7,0,10,50,55,109,92,104,107,84,57,39,3,0,0,0,10,0,0,0,1,9
0,2,12,15,32,86,104,145,193,264,298,243,126,59,58,13,10,7,13,13,5,0,0,0
10,9,16,34,55,81,150,261,345,387,445,367,185,81,90,65,50,33,13,11,14,5,8,0
9,12,28,53,66,102,148,215,266,297,263,226,167,107,76,78,53,13,6,3,11,9,0,6
7,3,22,65,96,131,144,186,208,203,198,172,131,86,60,47,34,7,8,4,12,0,3,0
11,16,51,68,97,130,142,156,186,144,132,149,128,84,52,9,3,6,0,2,10,7,0,0
11,16,55,71,106,136,149,156,170,122,77,108,115,117,73,45,13,0,0,10,10,2,0,3
12,40,56,72,103,134,153,168,143,100,67,65,91,116,93,60,10,5,2,4,6,0,3,4
20,44,63,98,117,122,136,159,151,103,68,64,59,109,110,80,32,8,4,7,7,2,0,0
13,26,72,102,110,114,116,131,143,107,97,69,14,105,108,99,51,8,8,0,6,0,0,1
12,38,82,105,101,115,128,140,136,104,102,78,10,95,108,104,85,9,2,7,0,0,6,7
1,14,63,76,66,71,105,120,98,71,77,76,10,55,100,72,60,38,11,4,0,0,0,0
0,6,13,81,100,114,77,114,100,64,58,60,0,12,53,53,52,29,17,15,10,10,5,0
7,2,14,61,101,104,119,127,106,79,64,59,18,0,21,29,15,52,13,41,9,0,0,5
12,16,32,43,66,114,135,158,154,137,102,82,47,12,7,11,25,21,28,18,11,9,7,5
10,32,65,104,133,160,183,198,196,202,157,114,76,10,8,0,1,13,10,25,21,8,4,4
21,48,88,140,157,189,202,260,271,234,228,133,112,51,12,6,2,6,6,9,10,1,6,9
29,40,96,145,153,182,265,310,302,271,264,145,112,101,25,6,2,0,1,7,10,9,12,11
32,57,98,137,186,245,317,336,347,374,366,199,108,85,40,19,32,17,13,14,26,27,14,11
44,37,62,108,143,201,250,292,296,320,304,213,133,100,32,40,28,7,7,24,37,31,13,9
8,12,50,64,103,134,176,200,198,213,208,174,137,115,63,13,14,12,1,5,25,13,4,0
12,14,28,26,56,100,112,132,145,146,158,147,136,114,101,54,19,11,10,12,7,0,8,9
12,10,10,27,46,60,97,103,109,111,116,131,117,109,103,10,12,12,9,13,11,10,11,5
2,8,10,12,13,13,29,20,96,103,105,108,105,100,85,73,7,12,11,12,11,3,2,3
5,5,11,13,36,13,27,35,69,72,102,108,77,99,76,54,32,10,0,10,10,11,8,5
3,4,8,9,48,55,55,9,54,52,61,72,65,77,74,29,21,13,14,0,5,11,12,8
0,3,0,9,46,43,39,6,12,13,34,53,56,52,45,40,26,12,0,10,7,12,11,11
3,1,6,12,37,51,46,21,14,41,31,35,48,48,45,29,20,5,7,7,8,9,5,6
0,0,4,7,14,52,53,26,13,13,22,26,12,14,13,11,11,11,9,13,5,0,0,0
6,0,0,0,13,48,52,40,6,13,14,35,14,23,11,10,11,8,12,8,5,0,0,6
3,0,0,4,10,18,52,48,0,6,12,38,31,38,51,42,12,10,8,0,0,0,0,2
0,0,0,0,0,12,31,5,0,9,10,14,27,51,54,29,13,0,0,0,0,0,0,0
6,2,0,0,7,14,13,0,0,0,9,13,51,52,59,43,11,3,0,0,0,4,2,2
0,0,0,0,0,11,9,0,0,0,12,12,50,55,51,31,15,0,0,0,1,11,4,2
0,0,0,0,5,7,8,4,2,2,10,15,52,56,53,54,19,3,0,0,4,1,0,0
0,0,0,0,11,12,0,0,0,10,10,32,41,59,63,56,51,11,0,2,0,5,5,0
0,0,0,3,10,25,5,4,0,8,17,34,52,59,65,56,34,11,0,0,10,10,11,0
0,0,1,9,28,18,5,6,12,12,10,12,58,62,91,63,19,0,1,1,3,0,10,5
0,5,4,28,50,44,25,11,4,0,9,13,13,67,70,50,9,3,9,7,0,2,2,11
0,10,10,34,52,52,9,10,9,11,5,9,14,42,44,51,0,5,10,1,8,9,6,0
7,9,13,23,48,48,13,12,10,11,8,12,13,28,27,11,8,8,0,7,8,0,7,7

0,0,0,0,0,0,0,7,14,81,59,79,53,52,18,2,0,0,0,0,0,0,8,0
0,0,0,0,0,0,0,0,11,62,55,66,54,24,0,0,0,0,0,0,7,2,2,7
4,0,0,0,0,0,9,0,0,0,1,3,5,0,9,14,0,10,0,0,0,0,7,9
0,7,8,3,9,44,50,106,86,103,107,87,62,50,6,0,0,0,10,0,0,0,0,9
0,3,12,14,26,81,100,142,193,283,330,258,127,60,60,16,11,7,13,13,5,0,0,0
11,9,13,30,53,77,143,251,348,401,465,383,190,82,95,67,51,35,13,12,14,5,7,0
10,13,18,50,62,95,142,208,264,307,271,231,170,108,78,83,55,13,6,3,11,9,0,6
8,4,14,61,87,121,139,182,208,204,199,174,133,86,61,50,41,7,9,5,12,0,3,0
11,14,44,64,88,122,138,154,188,146,134,153,131,85,53,9,3,6,0,2,10,7,0,0
12,14,54,67,99,128,145,155,172,125,78,112,118,119,73,48,13,0,0,10,10,2,0,2
12,36,54,67,96,128,150,166,144,105,69,67,92,116,93,60,11,5,2,4,6,0,2,3
19,33,60,91,112,118,134,159,155,106,71,65,60,109,110,80,30,8,3,7,7,2,0,0
13,21,67,101,108,112,115,131,145,110,100,72,14,105,107,98,50,7,7,0,5,0,0,1
12,32,78,103,99,114,128,140,138,105,103,82,10,93,107,104,84,8,1,6,0,0,5,7
1,14,62,72,64,70,105,120,99,72,79,78,10,54,100,72,60,37,10,4,0,0,0,0
0,6,11,75,96,113,77,114,100,65,59,61,0,11,53,52,52,29,17,14,10,10,5,0
8,3,15,59,100,104,119,127,107,80,65,60,25,0,19,27,14,52,14,40,9,0,0,5
12,16,31,42,65,113,135,159,157,142,104,84,49,13,7,11,25,20,28,19,11,9,7,5
10,27,61,103,131,157,182,198,198,208,164,116,79,11,9,0,1,13,10,25,21,8,4,4
19,43,82,136,152,186,201,260,272,236,232,136,114,57,12,6,2,6,6,9,10,1,6,9
26,39,88,141,149,179,264,310,303,275,267,148,114,102,22,7,2,0,1,7,10,9,12,11
25,52,92,134,184,243,316,336,348,381,374,203,110,90,42,20,32,17,13,14,27,27,14,11
43,36,59,107,142,201,250,292,295,324,310,216,134,101,34,41,29,7,7,24,37,31,13,9
7,10,45,64,103,134,177,201,199,214,210,176,137,116,68,14,14,12,1,5,23,13,4,0
11,14,27,26,56,100,112,133,145,146,159,148,137,114,101,58,22,11,10,12,7,0,8,9
12,10,10,27,46,60,98,103,109,111,116,131,117,109,103,10,12,12,9,13,11,10,11,5
2,8,10,12,13,13,29,21,96,103,105,108,106,100,91,78,7,12,11,12,11,3,2,3
5,5,11,13,33,13,29,32,68,72,102,108,77,99,76,55,31,10,0,10,10,11,8,4
3,4,8,9,47,55,55,9,54,52,60,72,65,76,74,29,22,13,15,0,5,11,12,8
0,3,0,8,42,48,40,6,12,13,33,53,56,51,45,40,26,12,0,11,8,12,11,11
3,1,7,12,38,51,47,23,14,41,31,35,48,48,44,29,19,5,7,7,9,9,5,6
0,0,4,7,13,52,53,31,13,13,20,26,12,14,13,11,11,11,9,14,7,0,0,0
6,0,0,0,13,50,52,45,5,13,14,34,13,21,11,10,11,8,12,8,6,0,1,6
3,0,0,4,10,19,52,50,0,6,12,37,29,36,51,43,12,10,8,0,0,0,0,2
0,0,0,0,0,12,32,5,0,9,10,13,25,51,54,28,13,0,0,0,0,0,0,1
6,2,0,0,7,14,13,0,0,0,9,13,51,52,58,43,11,3,0,0,0,6,2,2
0,0,0,0,0,11,9,1,0,0,12,12,50,55,51,31,14,0,0,0,0,11,5,2
0,0,0,0,5,8,8,5,3,2,10,15,52,56,53,54,16,3,0,0,3,0,0,0
0,0,0,0,11,12,0,0,0,10,10,32,42,59,63,56,50,11,0,1,0,4,5,0
0,0,0,4,10,26,5,5,0,8,17,34,52,59,65,56,33,11,0,0,10,10,11,0
0,0,1,9,27,18,6,6,12,12,9,12,58,62,91,62,17,0,1,0,2,0,10,5
0,5,5,29,50,44,25,11,5,0,9,13,13,68,70,50,9,3,9,6,0,1,2,11
0,10,10,34,52,52,9,10,9,11,5,9,14,43,44,51,0,5,10,1,8,9,6,0
7,9,13,24,48,48,13,12,10,12,8,12,13,29,28,11,8,8,0,7,8,0,7,7

0,0,0,0,0,0,0,6,14,77,57,76,52,50,16,2,0,0,0,0,0,0,8,0
0,0,0,0,0,0,0,0,10,60,53,64,54,19,0,0,0,0,0,0,8,2,3,7
4,0,0,0,0,0,9,0,0,0,1,3,5,0,8,14,0,11,0,0,0,0,7,9
0,7,8,3,10,48,52,107,87,103,106,84,62,50,6,0,0,1,10,0,0,0,0,9
0,3,12,14,28,82,102,144,196,286,329,256,127,60,59,16,11,7,14,13,5,0,0,0
11,9,14,32,54,79,146,259,352,402,464,382,189,81,94,67,50,35,13,12,14,5,7,0
10,13,19,51,62,98,145,213,268,307,269,230,169,108,77,81,54,13,6,3,11,9,0,6
7,3,15,61,89,123,141,184,209,204,198,173,132,86,61,50,39,7,9,4,12,0,3,0
11,14,45,64,90,124,139,155,188,147,134,152,130,84,53,9,3,6,0,2,10,7,0,0
12,14,54,68,99,130,147,156,172,125,78,111,117,118,73,48,13,0,0,10,10,2,0,2
12,36,54,67,96,129,151,168,143,104,68,66,92,117,94,60,11,5,2,3,6,0,2,3
19,33,61,91,112,118,135,160,154,105,70,65,60,110,111,80,32,8,3,7,7,2,0,0
12,20,68,101,108,112,116,132,145,110,100,71,14,105,108,100,51,7,6,0,5,0,0,0
12,30,79,104,99,114,128,141,138,105,103,81,10,95,108,105,86,8,0,5,0,0,5,7
1,14,62,72,64,70,105,120,99,72,79,77,10,54,100,75,63,39,10,4,0,0,0,0
0,5,11,76,96,113,77,114,100,65,59,61,0,11,53,53,53,33,19,15,9,10,5,0
7,2,14,59,100,104,119,127,107,80,65,60,25,0,19,27,15,53,14,41,9,0,0,5
12,15,31,42,65,113,135,159,156,141,104,85,50,13,7,11,25,21,28,19,11,9,7,5
10,27,61,103,131,158,182,198,197,207,165,116,80,11,9,0,1,14,11,28,21,9,4,4
19,44,82,137,153,186,200,259,271,236,232,137,115,58,12,6,2,6,6,9,11,2,6,9
25,39,88,141,149,179,263,309,302,272,268,148,115,102,24,7,2,0,1,7,10,9,12,11
27,52,94,134,184,243,315,336,346,378,373,205,111,91,42,21,32,17,13,14,28,28,15,11
43,36,60,108,142,201,250,292,295,323,309,216,134,101,34,40,29,7,7,23,37,32,13,9
7,10,46,64,103,134,177,201,199,213,210,176,137,116,65,14,14,12,1,5,15,12,3,0
11,14,27,26,56,100,112,133,145,146,159,148,137,114,101,55,20,11,10,12,7,0,8,9
12,10,10,27,47,60,98,104,109,111,116,131,117,109,103,10,12,12,9,13,11,10,11,5
2,8,10,12,13,13,31,20,96,103,104,108,105,100,89,76,7,12,11,12,11,3,2,3
5,5,11,13,37,13,29,33,69,71,102,108,77,99,76,54,31,10,0,10,10,11,8,4
3,4,8,9,51,55,55,9,54,52,60,72,65,77,74,29,22,13,15,0,5,11,12,8
0,3,0,9,46,48,42,6,12,13,33,53,56,52,45,40,25,12,0,11,8,12,11,11
3,1,6,12,38,51,48,24,14,41,31,34,48,48,44,29,19,4,7,7,9,9,5,6
0,0,5,7,14,53,53,27,13,13,22,27,12,14,13,11,11,11,9,14,7,0,0,0
6,0,0,0,13,50,52,43,5,13,14,34,13,20,11,10,11,8,12,8,6,0,1,6
3,0,0,4,10,19,52,47,0,6,12,38,30,37,51,42,12,11,8,0,0,0,0,2
0,0,0,0,0,12,29,5,0,9,10,14,26,51,54,28,12,0,0,0,0,0,0,1
6,2,0,0,7,14,13,0,0,0,9,13,51,52,59,44,11,3,0,0,0,5,2,2
0,0,0,0,0,11,9,0,0,0,12,12,50,55,51,31,14,0,0,0,0,11,5,2
0,0,0,0,5,7,8,5,3,2,10,16,52,56,53,54,17,2,0,0,3,0,0,0
0,0,0,0,11,12,0,0,0,10,10,32,42,59,63,56,50,11,0,1,0,4,5,0
0,0,0,4,11,25,5,5,0,8,17,35,52,59,65,57,34,11,0,0,10,10,11,0
0,0,1,10,28,18,6,5,12,12,9,12,58,63,92,63,18,0,1,0,2,0,10,5
0,5,5,32,50,45,25,11,5,1,9,13,14,68,71,50,9,3,9,6,0,1,1,11
0,10,10,34,52,52,9,10,9,12,6,10,14,44,45,51,0,5,10,0,8,9,6,0
7,9,13,24,48,46,13,12,10,12,8,12,13,30,28,12,9,8,0,7,8,0,7,7

0,0,0,0,0,0,0,6,14,76,57,75,52,50,17,3,0,0,0,0,0,0,8,0
0,0,0,0,0,0,0,0,10,60,53,64,54,22,0,0,0,0,0,0,8,2,3,7
3,0,0,0,0,0,9,0,0,0,1,3,5,0,9,14,0,11,0,0,0,0,7,9
0,6,8,4,10,50,53,107,88,103,107,86,63,47,6,0,0,2,10,0,0,0,1,9
0,2,12,14,30,83,102,144,196,288,333,262,128,60,60,17,11,7,14,13,5,0,0,0
11,8,13,34,54,79,147,263,355,405,467,385,190,82,95,67,50,35,13,12,14,5,8,0
10,13,19,51,64,100,145,211,266,307,271,230,170,108,77,81,54,13,6,3,11,9,0,6
7,3,15,62,91,125,140,181,204,200,197,173,133,86,60,50,37,7,9,5,12,0,3,0
10,13,44,65,90,124,137,151,184,144,132,152,131,85,52,9,3,6,0,2,10,7,0,0
12,14,54,68,100,129,144,152,167,122,77,111,118,119,73,49,13,0,0,10,10,2,0,2
11,35,54,67,96,127,148,163,140,101,68,66,92,117,94,60,11,5,2,4,5,0,2,3
17,31,61,91,112,116,132,156,151,105,70,66,60,110,111,81,32,8,3,7,7,2,0,0
12,18,67,101,108,111,114,131,145,110,101,72,16,105,108,100,52,8,6,0,5,0,0,0
12,33,80,104,100,114,128,141,139,106,103,83,10,94,107,105,87,9,0,6,0,0,5,7
0,14,62,74,65,71,106,120,100,72,80,78,10,54,100,75,63,41,10,4,0,0,0,0
0,5,12,78,99,114,77,114,100,64,58,61,0,10,53,53,52,35,19,14,9,10,5,0
7,2,14,61,101,104,119,127,106,80,64,60,24,0,17,26,14,53,14,41,9,0,0,5
12,15,32,42,65,114,136,159,156,140,103,84,50,13,7,11,25,20,28,19,11,9,7,5
10,27,61,103,132,159,183,198,197,206,163,116,79,11,9,0,1,14,11,28,21,9,4,4
19,45,83,138,155,187,201,259,271,235,232,137,114,58,12,6,2,6,6,9,11,2,6,9
26,39,90,143,151,180,263,308,299,267,264,148,114,102,24,6,2,0,1,7,10,9,12,11
29,54,97,136,186,243,315,335,344,370,363,203,110,91,42,20,32,17,13,14,28,28,15,11
43,37,61,108,143,201,250,292,293,318,303,214,135,101,34,41,29,7,7,23,37,32,13,9
7,11,50,64,103,135,177,201,199,212,208,175,137,116,68,14,14,12,1,5,14,12,3,0
11,14,28,25,56,100,112,133,145,146,159,148,137,115,101,59,22,11,10,12,7,0,8,9
12,10,10,27,47,60,100,104,109,111,116,131,117,109,104,10,12,11,9,13,11,10,11,5
2,8,10,12,13,13,29,20,96,103,104,108,105,100,95,79,7,12,10,12,11,3,2,3
5,5,11,13,41,13,29,36,68,71,102,108,77,99,78,55,31,10,0,10,10,11,8,4
3,4,8,9,53,57,56,9,54,52,60,72,65,77,74,30,22,13,15,0,5,11,12,8
0,3,0,9,48,50,44,6,12,13,33,53,56,52,45,41,25,12,0,11,8,12,11,11
3,1,6,12,38,51,48,24,14,41,32,34,48,48,44,29,19,4,6,7,9,9,5,6
0,0,5,7,14,54,53,31,13,13,23,27,12,14,13,11,11,10,9,13,7,0,0,0
6,0,0,0,13,50,52,42,5,13,14,35,13,19,10,10,11,8,12,7,5,0,1,6
3,0,0,4,10,19,52,47,0,6,13,40,30,38,51,41,12,11,8,0,0,0,0,2
0,0,0,0,0,12,30,5,0,9,10,14,25,51,54,28,12,0,0,0,0,0,0,1
7,2,0,0,7,14,13,0,0,0,9,13,51,52,59,43,11,3,0,0,0,5,2,2
0,0,0,0,0,11,9,0,0,0,12,13,50,55,51,31,14,0,0,0,0,11,5,2
0,0,0,0,5,7,8,5,3,2,10,18,53,56,54,54,18,2,0,0,3,0,0,0
0,0,0,0,11,12,0,0,0,10,10,32,43,60,63,56,50,11,0,1,0,4,5,0
0,0,0,4,11,26,5,5,0,8,17,35,52,59,66,57,34,11,0,0,10,10,11,0
0,0,1,10,28,18,6,6,12,12,10,13,58,63,93,63,20,0,1,0,2,0,10,5
0,5,5,32,50,44,25,11,5,2,10,13,14,69,71,51,10,3,9,6,0,1,1,11
0,10,11,36,52,52,10,10,9,12,6,10,17,45,45,52,0,5,10,0,8,9,6,0
7,9,13,24,49,46,13,12,10,12,9,12,13,31,29,12,9,8,0,6,8,0,7,7

0,0,0,0,0,0,0,6,13,76,56,75,52,50,18,3,0,0,0,0,0,0,8,0
0,0,0,0,0,0,0,0,10,60,53,64,54,30,0,0,0,0,0,0,8,2,3,7
3,0,0,0,0,0,9,0,0,0,1,3,5,0,9,14,0,11,0,0,0,0,7,9
0,6,8,4,10,50,53,107,89,103,107,88,64,50,6,0,0,2,10,0,0,0,1,9
0,2,12,14,31,83,102,144,197,292,338,264,128,60,61,18,11,7,14,13,6,0,0,0
11,8,13,34,54,79,147,264,356,407,469,386,190,82,95,66,50,36,13,12,14,6,8,0
10,13,19,51,64,100,145,212,267,308,271,231,170,108,76,79,54,13,6,4,11,10,0,6
7,3,15,62,91,124,139,181,204,200,197,174,133,86,60,49,36,7,9,5,12,0,3,0
10,13,43,65,90,124,137,151,184,144,133,152,131,84,52,9,3,6,0,2,10,7,0,0
11,14,54,68,99,128,144,151,167,121,77,111,118,118,73,48,13,0,0,10,10,2,0,2
11,35,54,67,95,127,147,164,141,101,68,66,92,117,94,60,11,5,2,4,5,0,2,3
17,32,61,91,112,115,132,156,151,105,70,65,60,110,111,81,32,8,3,7,7,2,0,0
12,18,69,101,108,111,114,131,144,110,100,72,15,105,107,100,51,7,6,0,5,0,0,0
12,32,79,104,99,114,128,140,138,105,103,83,10,90,107,105,87,9,0,6,0,0,5,7
0,14,62,74,65,70,105,120,98,72,79,78,10,52,100,74,63,41,10,3,0,0,0,0
0,5,12,78,98,114,77,114,100,64,58,61,0,10,52,52,52,35,19,14,9,10,5,0
7,2,14,61,101,104,119,127,106,80,65,60,25,0,17,24,14,53,14,41,9,0,0,5
12,15,32,42,65,113,135,159,156,140,103,84,50,13,8,11,24,20,28,19,11,9,7,5
10,28,61,103,133,160,183,198,196,206,163,116,79,11,9,0,1,14,11,28,21,9,4,4
19,45,84,138,155,188,201,258,270,234,232,137,114,58,12,6,2,6,6,9,11,2,6,9
26,39,92,143,152,180,263,308,298,264,263,149,115,102,24,6,2,0,1,7,10,9,12,11
29,54,97,136,186,243,314,334,343,365,357,202,111,91,42,20,32,16,13,14,28,28,15,11
43,37,62,108,143,201,249,292,292,316,300,214,136,102,36,41,29,7,7,22,37,32,13,9
7,11,50,65,103,135,176,201,198,212,207,175,138,117,73,14,14,12,1,5,15,12,3,0
11,14,28,23,56,100,112,133,145,146,158,148,137,115,102,66,25,11,10,12,7,0,8,9
12,10,10,27,46,60,100,103,109,111,116,131,117,110,104,11,12,11,9,13,11,10,10,5
2,8,10,12,13,13,29,23,96,103,104,108,105,100,100,85,7,12,10,12,11,3,2,3
5,5,11,13,41,13,31,33,68,72,102,108,77,100,79,56,33,10,0,10,10,11,8,4
3,4,8,9,54,58,56,9,54,52,60,72,65,77,75,32,23,13,15,0,5,11,12,8
0,3,0,9,50,50,44,6,12,13,32,53,56,52,45,41,25,12,0,11,8,12,11,11
3,1,6,12,41,51,49,24,14,40,31,34,47,48,44,30,19,3,6,7,9,9,5,6
0,0,5,7,14,54,54,29,12,13,22,26,12,14,13,11,11,10,9,13,7,0,0,0
6,0,0,0,13,50,52,43,5,13,14,35,13,21,11,10,12,8,12,7,5,0,1,6
3,0,0,4,10,19,52,45,0,6,12,38,29,36,51,40,12,11,8,0,0,0,0,2
0,0,0,0,0,12,30,5,0,9,10,14,26,51,54,29,12,0,0,0,0,0,0,1
7,2,0,0,7,13,13,0,0,0,9,13,51,52,59,44,11,3,0,0,0,5,2,2
0,0,0,0,0,11,9,0,0,0,12,13,50,55,51,31,14,0,0,0,0,11,5,2
0,0,0,0,5,7,8,5,3,2,10,18,53,56,54,54,18,2,0,0,3,0,0,0
0,0,0,0,11,12,0,0,0,10,10,33,43,60,63,56,51,11,0,1,0,4,5,0
0,0,0,4,11,25,5,5,0,8,18,36,52,60,66,57,36,11,0,0,10,10,11,0
0,0,1,10,28,18,6,6,12,12,10,13,58,63,93,63,20,0,1,0,2,0,10,5
0,5,5,31,50,44,26,11,6,3,10,13,14,69,71,51,10,3,9,6,0,1,1,11
0,10,10,34,52,52,10,10,9,12,6,10,20,46,46,52,0,5,10,0,8,9,6,0
7,9,13,25,46,45,13,12,10,12,9,13,13,31,30,12,9,8,0,6,8,0,7,7

0,0,0,0,0,0,0,6,14,75,56,74,51,42,16,3,0,0,0,0,0,0,8,0
0,0,0,0,0,0,0,0,10,59,52,62,54,19,0,0,0,0,0,0,8,2,3,8
3,0,0,0,0,0,9,0,0,0,1,2,5,0,8,14,0,12,0,0,0,0,8,9
0,6,8,3,10,49,53,107,89,103,107,89,64,50,6,0,0,3,10,0,0,0,1,9
0,3,12,14,31,82,101,144,197,291,338,263,128,60,61,19,11,8,14,13,6,0,0,0
10,8,14,33,54,79,147,262,354,404,467,385,190,81,93,66,50,35,13,12,14,6,8,0
9,13,21,51,64,100,147,214,268,308,271,231,170,108,75,76,53,13,6,3,11,10,0,6
7,2,14,62,90,125,142,185,209,204,199,175,133,86,59,41,28,7,9,5,12,0,3,0
11,14,47,65,91,125,139,155,188,147,135,153,131,84,52,9,3,6,0,2,10,7,0,0
11,14,54,68,100,130,147,156,172,125,78,112,118,119,73,47,13,0,0,10,10,2,0,2
11,36,55,68,96,128,151,169,144,104,68,67,92,117,94,60,11,5,2,4,5,0,2,3
16,33,61,91,112,116,134,159,154,106,70,66,60,110,111,81,33,8,3,7,7,2,0,0
12,16,68,101,108,111,114,131,145,110,100,72,16,105,107,100,52,8,6,0,5,0,0,1
12,30,79,104,99,113,127,139,137,105,103,82,10,91,107,105,89,9,0,6,0,0,5,6
0,14,62,72,65,70,105,119,98,72,79,78,10,53,100,75,64,41,10,3,0,0,0,0
0,5,12,77,97,113,76,114,100,64,59,61,0,10,52,52,52,36,20,14,9,10,5,0
7,2,14,60,100,104,119,127,107,80,65,60,27,0,18,24,14,53,15,41,8,0,0,5
12,15,31,42,65,113,135,159,157,141,104,84,50,13,7,11,24,21,28,19,11,9,7,5
10,27,63,103,132,159,183,198,196,207,163,116,80,11,9,0,1,14,11,28,22,9,4,4
19,44,84,138,155,188,201,259,270,235,232,137,115,58,12,6,2,6,6,9,11,2,6,9
27,39,92,143,152,180,263,308,297,264,262,149,115,103,25,6,2,0,1,7,10,9,12,11
28,54,97,136,186,243,314,334,342,363,355,202,111,91,42,20,32,16,13,14,28,28,15,11
43,37,61,108,143,201,250,292,292,315,299,213,136,102,36,40,29,7,7,22,37,31,13,9
7,11,50,64,103,134,177,201,199,212,207,175,138,118,74,14,14,12,1,5,14,12,3,0
11,14,29,28,57,100,112,133,145,146,158,148,137,115,102,68,25,12,10,12,7,0,8,9
12,10,10,28,47,60,100,103,109,111,116,131,117,110,105,11,12,11,9,13,11,9,10,5
2,8,10,12,13,13,31,21,96,103,104,108,105,100,100,87,7,12,10,12,11,3,2,3
5,5,11,13,41,13,30,33,69,71,102,107,76,99,78,56,34,10,0,9,10,11,8,4
3,4,8,9,54,58,56,9,54,52,60,72,65,76,75,31,23,13,14,0,5,11,12,8
0,3,0,9,50,50,44,6,12,13,32,53,56,52,45,41,25,12,0,11,8,12,11,11
3,1,6,12,40,52,49,24,14,41,32,35,47,48,45,30,19,3,6,7,9,9,5,6
0,0,5,7,14,54,54,27,12,13,22,26,12,14,13,11,11,10,9,13,7,0,0,0
6,0,0,0,13,50,52,43,5,13,14,35,13,20,10,10,12,8,12,7,5,0,1,6
3,0,0,4,10,20,52,45,0,6,13,38,29,35,51,39,12,10,8,0,0,0,0,2
0,0,0,0,0,12,31,5,0,9,10,14,25,51,54,28,12,0,0,0,0,0,0,1
7,2,0,0,7,14,13,0,0,0,9,13,51,52,59,44,11,3,0,0,0,5,2,2
0,0,0,0,0,11,9,0,0,0,12,13,50,55,51,31,14,0,0,0,0,11,5,2
0,0,0,0,5,7,8,5,3,2,10,17,53,56,53,54,18,2,0,0,3,0,0,0
0,0,0,0,11,12,0,0,0,10,10,33,42,60,63,56,51,11,0,1,0,4,5,0
0,0,0,4,11,26,5,5,0,8,18,35,52,60,66,57,36,11,0,0,10,9,11,0
0,0,1,10,28,17,6,6,12,12,10,13,59,63,93,63,20,0,1,0,2,0,10,5
0,5,5,31,50,43,26,11,6,3,10,13,14,69,71,51,10,3,9,6,0,1,1,11
0,10,11,36,52,52,10,10,9,12,6,10,21,46,46,52,0,5,10,0,8,9,6,0
7,9,13,24,46,45,13,12,10,12,9,13,13,32,30,12,9,8,0,6,8,0,7,7

0,0,0,0,0,0,0,0,13,73,55,74,51,37,16,3,0,0,0,0,0,0,8,0
0,0,0,0,0,0,0,0,9,58,51,61,53,22,0,0,0,0,0,0,8,2,3,8
4,0,0,0,0,0,9,0,0,0,0,2,5,0,8,14,0,12,0,0,0,0,8,9
0,7,8,3,10,48,53,107,89,104,108,92,64,50,6,0,0,3,10,0,0,0,1,9
0,3,13,14,30,82,101,144,197,291,338,262,127,60,60,16,11,7,14,13,6,0,0,0
11,9,14,34,54,79,148,262,352,403,465,382,188,81,90,65,50,33,13,12,14,6,8,0
9,13,21,51,63,100,148,215,268,307,271,232,171,108,73,73,52,12,6,3,11,10,0,6
7,2,14,62,90,124,143,187,211,206,200,175,133,86,59,36,25,6,8,5,12,0,3,0
11,14,49,66,91,125,141,158,191,149,136,153,130,84,52,10,3,6,0,2,10,7,0,0
11,14,55,69,100,130,149,159,175,127,78,111,118,119,73,48,13,0,0,10,10,2,0,2
11,36,55,68,96,128,153,171,146,106,69,66,92,118,95,60,11,5,2,4,5,0,2,3
17,34,62,92,111,116,135,161,156,106,71,65,60,110,112,82,35,8,4,7,7,2,0,0
12,16,69,101,108,111,114,131,145,110,100,72,17,105,108,100,53,8,7,0,5,0,0,0
11,31,80,104,99,113,127,139,136,105,103,82,11,93,108,105,90,10,1,6,0,0,5,6
0,14,62,73,64,70,105,119,97,72,79,77,10,54,100,76,65,43,10,4,0,0,0,0
0,5,12,77,96,113,76,114,100,64,59,61,0,10,53,53,53,38,21,14,9,10,5,0
7,2,14,60,100,103,119,127,107,80,65,60,27,0,18,25,15,53,21,42,8,0,0,5
12,15,31,42,65,113,135,159,156,140,103,84,49,14,8,11,24,21,28,20,11,9,7,5
10,30,62,103,132,159,183,197,196,206,163,116,79,11,9,0,1,14,11,29,22,9,4,4
20,45,85,139,155,188,200,258,270,234,232,137,115,58,12,6,2,6,6,9,11,2,6,9
26,39,93,144,152,180,262,308,297,262,261,149,115,102,25,6,2,0,1,7,10,9,12,11
29,55,98,136,186,243,314,334,342,362,354,202,112,92,42,20,31,16,13,14,28,28,15,11
43,37,62,109,143,200,250,293,292,314,298,213,137,102,36,41,29,7,7,22,38,32,13,9
8,11,50,65,103,134,177,202,199,211,206,174,137,118,75,14,14,11,1,5,14,12,3,0
11,14,29,25,56,100,112,133,145,146,158,147,137,115,102,69,27,11,10,12,7,0,8,9
12,10,10,28,46,62,98,103,109,111,116,131,117,110,105,11,12,11,9,13,11,9,10,4
2,8,10,12,13,13,33,23,96,103,105,108,105,100,100,87,8,12,10,12,11,3,2,3
5,5,11,13,43,13,31,33,69,71,102,107,77,99,79,57,34,10,0,9,10,11,8,4
3,4,8,10,55,59,56,9,54,52,60,71,64,76,75,32,22,13,14,0,4,11,12,8
0,3,0,9,50,50,46,6,12,13,32,53,56,52,45,41,25,12,0,11,8,11,11,11
3,1,6,12,40,52,48,23,14,41,31,34,47,47,44,30,18,3,6,7,9,9,5,6
0,0,5,7,14,54,54,27,12,13,23,25,12,14,13,11,11,10,9,13,7,0,0,0
6,0,0,0,13,51,52,42,5,13,14,35,13,19,10,10,12,8,12,7,5,0,1,6
3,0,0,4,11,21,52,45,0,6,13,38,30,36,51,39,12,10,8,0,0,0,0,2
0,0,0,0,0,12,30,4,0,9,10,14,25,51,54,28,12,0,0,0,0,0,0,1
7,2,0,0,7,14,13,0,0,0,9,13,51,52,59,44,11,3,0,0,0,4,2,2
0,0,0,0,0,11,9,0,0,0,12,13,50,55,51,31,14,0,0,0,0,11,5,2
0,0,0,0,5,7,8,5,3,2,10,18,53,56,54,54,18,2,0,0,3,0,0,0
0,0,0,0,11,12,0,0,0,10,10,33,43,60,63,56,51,11,0,1,0,4,5,0
0,0,0,4,11,26,5,5,0,8,18,36,52,60,66,57,36,11,0,0,10,10,11,0
0,0,1,10,28,18,6,6,12,12,10,13,59,63,93,63,21,0,1,0,2,0,10,5
0,5,5,31,50,43,26,11,6,4,10,13,14,69,72,51,10,4,9,6,0,1,1,11
0,10,11,37,52,52,10,11,9,12,6,10,24,46,46,52,0,5,10,0,8,9,6,0
7,9,13,24,46,44,13,12,10,12,10,13,13,32,30,12,9,8,0,6,8,0,7,7

0,0,0,0,0,0,0,0,13,73,55,74,51,35,16,2,0,0,0,0,0,0,8,0
0,0,0,0,0,0,0,0,9,58,51,61,53,17,0,0,0,0,0,0,8,2,3,8
3,0,0,0,0,0,9,0,0,0,0,2,5,0,8,14,0,12,0,0,0,0,8,9
0,6,8,3,10,50,54,107,89,104,108,92,64,48,6,0,0,3,10,0,0,0,1,9
0,3,13,14,31,83,102,145,197,289,335,260,127,60,60,15,10,7,14,13,6,0,0,0
11,9,14,34,55,80,149,263,352,401,461,380,188,81,90,65,49,33,13,12,14,6,8,0
9,13,23,52,64,100,149,216,268,305,268,230,170,108,73,73,52,12,6,3,11,10,0,6
7,3,15,63,91,125,144,187,211,205,199,174,133,86,59,36,23,6,8,4,12,0,3,0
11,14,49,66,91,125,141,158,191,149,135,152,130,84,52,10,3,6,0,2,10,7,0,0
12,14,55,69,101,130,149,159,175,127,78,111,117,119,73,49,13,0,0,10,10,2,0,2
11,36,55,68,96,128,153,170,145,105,68,66,92,118,95,61,11,5,2,4,5,0,2,3
17,35,62,92,111,115,135,161,155,106,71,66,60,110,112,82,36,9,4,7,7,2,0,0
12,18,68,101,108,111,114,131,145,110,100,72,18,105,108,100,54,9,7,0,5,0,0,0
12,31,80,104,99,113,127,139,136,105,103,82,11,96,108,105,91,10,1,6,0,0,5,6
0,14,62,73,65,70,105,119,97,71,79,77,10,55,100,78,66,43,10,4,0,0,0,0
0,5,12,77,97,113,76,114,100,64,59,61,0,10,54,53,53,38,22,15,9,10,5,0
7,2,14,60,100,103,119,127,106,80,65,60,26,0,19,27,15,53,20,42,8,0,0,5
12,15,32,42,65,113,135,158,155,139,103,84,49,14,8,11,24,21,29,20,11,9,7,5
10,27,63,103,133,159,182,197,195,205,162,116,79,11,9,0,1,14,11,28,22,9,4,4
21,47,85,139,156,188,200,257,269,234,231,137,115,58,12,6,2,6,6,9,11,2,6,9
26,39,93,144,153,180,262,307,296,262,261,149,115,102,22,6,2,0,1,7,10,9,12,11
30,55,99,137,187,243,314,334,341,361,354,203,112,92,42,20,32,16,13,14,28,28,14,11
43,37,62,109,143,200,249,292,292,313,298,213,137,102,37,41,29,7,7,22,38,31,13,9
8,12,50,64,103,134,176,201,199,211,206,174,137,118,75,14,14,11,1,5,15,12,3,0
11,14,29,23,55,100,112,133,145,146,158,147,137,115,102,69,27,11,10,12,7,0,8,9
12,10,10,27,46,60,98,103,109,111,116,131,117,110,105,11,12,11,9,13,11,9,10,4
2,8,10,12,13,13,29,23,96,103,104,108,105,100,100,90,7,12,10,11,11,3,2,3
5,5,11,14,48,14,30,33,69,71,102,107,77,100,80,58,33,10,0,9,10,11,8,4
3,4,8,10,58,58,57,9,53,52,60,71,65,77,76,33,25,13,14,0,4,11,11,8
0,3,0,9,51,50,47,6,12,13,32,53,56,52,45,41,25,12,0,11,8,11,11,11
3,1,6,12,41,52,49,23,14,41,31,34,47,48,45,30,19,3,6,7,9,9,5,6
0,0,5,7,14,54,54,26,12,13,22,27,12,14,13,12,11,10,9,13,6,0,0,0
6,0,0,0,13,51,52,39,4,13,14,34,13,20,10,11,12,8,12,7,5,0,1,6
3,0,0,4,11,22,52,42,0,6,13,38,30,37,51,40,12,11,8,0,0,0,0,2
0,0,0,0,0,12,31,4,0,9,10,13,25,51,54,29,12,0,0,0,0,0,0,1
7,2,0,0,7,14,13,0,0,0,9,13,51,52,59,44,11,3,0,0,0,4,2,2
0,0,0,0,0,11,9,0,0,0,12,13,50,55,52,32,15,0,0,0,0,11,5,2
0,0,0,0,5,7,8,5,3,2,10,19,53,56,54,54,20,2,0,0,3,0,0,0
0,0,0,0,11,12,0,0,0,10,11,33,43,60,63,56,51,11,0,1,0,4,5,0
0,0,0,5,11,25,5,5,0,8,18,36,53,60,66,57,37,11,0,0,10,9,11,0
0,0,1,10,28,18,6,6,12,13,10,13,59,63,94,63,21,0,1,0,2,0,10,5
0,5,5,33,50,44,27,11,6,4,10,14,14,69,72,52,11,4,9,6,0,1,1,11
0,10,11,34,52,52,10,10,9,12,6,10,24,47,46,52,0,5,10,0,8,8,6,0
7,9,13,24,46,44,13,12,11,12,10,13,14,32,30,12,9,8,0,6,8,0,7,7

0,0,0,0,0,0,0,1,14,75,56,74,51,34,15,2,0,0,0,0,0,0,8,0
0,0,0,0,0,0,0,0,10,59,52,62,53,15,0,0,0,0,0,0,9,2,3,8
3,0,0,0,0,0,9,0,0,0,0,2,5,0,8,14,0,12,0,0,0,0,8,9
0,6,8,4,10,50,55,108,91,104,108,95,64,48,6,0,0,3,10,0,0,0,1,9
0,2,13,14,33,84,103,146,200,292,336,259,127,60,60,16,11,7,14,13,6,0,0,0
11,9,14,35,55,80,151,268,356,402,461,380,188,81,91,65,49,33,13,12,14,6,8,0
10,13,23,52,65,101,149,216,269,307,271,233,171,108,74,74,52,12,6,3,11,10,0,6
7,3,16,63,92,125,142,185,209,204,200,176,134,86,59,36,25,6,9,4,12,0,3,0
10,14,50,66,92,125,139,155,187,147,133,152,130,84,52,9,3,6,0,2,10,7,0,0
11,14,55,69,101,130,146,155,170,123,77,110,116,118,73,47,13,0,0,10,10,2,0,2
11,36,55,68,96,127,149,166,141,102,68,66,92,118,95,60,11,5,2,4,5,0,2,3
15,34,62,92,111,114,131,155,151,105,70,66,60,110,112,81,34,8,4,7,7,2,0,0
12,16,69,101,108,110,113,129,143,110,100,72,17,105,108,100,53,8,7,0,5,0,0,0
12,31,80,104,100,114,127,139,136,105,103,83,11,98,108,105,89,10,1,6,0,0,5,7
0,14,63,74,65,70,105,120,98,71,79,78,10,55,101,77,65,42,10,4,0,0,0,0
0,5,12,78,98,114,77,114,100,64,58,61,0,10,53,53,53,36,21,14,9,10,5,0
7,2,14,60,101,104,119,127,106,79,64,60,25,0,20,27,16,53,14,40,8,0,0,5
12,16,32,42,65,113,135,158,155,139,103,83,49,14,8,11,24,21,28,19,11,8,7,5
10,28,63,103,133,160,183,197,195,204,161,115,79,11,9,0,1,14,11,27,21,8,4,4
20,46,85,139,157,188,201,257,269,234,231,136,114,58,12,6,2,6,6,9,11,2,6,9
27,39,94,145,153,181,262,307,297,262,261,148,114,102,20,6,2,0,1,7,10,9,12,11
31,55,100,137,187,243,314,334,341,361,352,202,111,91,41,20,32,16,13,14,28,28,14,11
44,38,63,109,143,201,250,292,292,313,297,213,137,102,36,41,29,7,7,23,38,30,13,9
8,12,51,65,103,135,177,202,199,211,206,174,137,118,75,14,14,12,1,5,21,12,3,0
11,14,32,26,57,100,112,133,145,146,158,147,137,116,103,70,28,12,10,12,7,0,8,9
12,10,10,27,47,62,100,103,109,111,116,131,117,110,105,11,12,11,9,13,11,10,10,4
2,8,10,12,13,13,28,21,97,103,104,108,105,100,100,90,7,12,10,11,11,3,2,3
5,5,11,14,50,14,31,33,68,71,102,107,76,100,79,58,35,10,0,9,10,11,8,4
3,4,8,10,58,59,57,9,54,52,60,71,64,77,75,33,25,13,14,0,4,11,11,8
0,3,0,9,52,50,47,6,12,13,32,53,56,52,46,41,25,12,0,11,8,11,11,11
3,1,6,12,41,52,49,23,15,41,31,35,48,48,45,31,19,3,6,7,9,9,5,6
0,0,5,7,14,55,54,27,12,13,23,27,12,14,13,12,11,10,8,13,6,0,0,0
6,0,0,0,13,51,52,39,4,13,14,34,13,20,10,11,12,8,12,7,5,0,0,6
3,0,0,5,11,22,52,42,0,6,13,38,30,38,51,40,12,11,8,0,0,0,0,2
0,0,0,0,0,12,30,4,0,9,10,14,26,51,54,29,12,0,0,0,0,0,0,1
7,2,0,0,7,14,13,0,0,0,10,14,51,52,59,44,11,3,0,0,0,4,1,2
0,0,0,0,0,11,9,1,0,0,12,13,50,55,52,32,15,0,0,0,0,11,4,2
0,0,0,0,5,7,9,5,3,2,10,19,53,56,54,54,22,2,0,0,3,0,0,0
0,0,0,0,11,12,0,0,0,10,11,34,43,60,63,56,51,11,0,1,0,4,5,0
0,0,0,5,11,26,4,5,0,8,18,36,53,60,66,57,38,11,0,0,10,10,11,0
0,0,1,10,30,18,6,6,12,13,10,13,59,63,94,64,22,0,1,0,2,0,10,5
0,5,5,32,50,44,26,11,6,5,10,14,14,69,72,52,10,4,9,6,0,1,1,11
0,10,11,36,52,52,10,10,9,12,6,10,24,47,47,52,0,5,10,0,8,9,6,0
7,9,13,24,46,45,13,12,11,12,10,13,14,32,30,12,9,8,0,6,8,0,7,7
0,6,1,0,0,3,1,4,24,40,53,55,53,9,12,5,5,0,7,0,0,4,8,9
9,7,7,3,4,25,25,70,111,110,65,51,45,60,51,33,12,6,9,4,3,3,6,9
8,11,0,10,17,74,82,179,302,236,139,105,74,83,66,52,12,9,11,11,0,2,10,10
9,12,3,13,29,76,182,221,319,336,208,129,101,105,101,73,20,13,10,6,7,11,11,10
8,7,7,13,56,117,198,221,286,320,248,138,69,72,81,84,15,10,0,1,4,6,7,0
0,9,6,30,67,113,192,206,293,338,245,134,82,72,70,76,54,33,11,8,8,8,8,10
10,7,9,55,87,125,157,126,189,249,183,128,87,12,56,80,66,10,14,12,13,11,7,9
9,13,29,64,94,119,138,135,111,141,133,120,114,72,51,81,79,14,0,0,10,4,2,7
2,14,50,71,118,152,158,158,101,92,118,122,99,70,59,64,63,58,13,9,1,0,0,6
5,13,50,70,123,184,204,163,108,79,79,106,121,102,73,55,53,69,61,13,13,6,4,6
0,6,12,69,116,199,209,148,106,74,76,63,70,106,99,87,79,57,11,3,10,3,1,6
0,0,24,62,119,145,143,136,109,103,58,56,60,88,108,118,103,61,14,8,0,0,0,0
0,0,37,57,106,113,105,117,107,62,74,54,24,60,75,95,101,81,102,63,4,10,6,6
0,0,9,63,108,124,118,108,106,108,100,65,12,50,14,41,69,101,71,61,63,49,11,0
0,11,7,84,106,124,119,115,112,103,82,56,4,5,1,1,14,14,6,27,60,57,13,0
0,16,56,102,153,143,181,128,106,68,73,54,5,6,0,0,5,2,0,4,10,30,50,10
10,23,83,104,155,173,163,115,89,67,57,54,14,9,6,12,13,13,11,10,13,13,13,12
20,39,70,105,186,227,274,280,216,57,53,41,31,29,14,17,17,16,14,14,18,19,23,13
40,59,97,156,223,233,255,222,187,96,57,57,13,11,11,4,2,3,7,10,7,2,5,5
36,67,107,176,233,337,356,255,181,151,107,107,12,8,8,8,6,3,0,1,5,6,3,4
41,94,109,168,206,294,302,280,201,176,145,109,54,14,13,5,6,10,12,8,8,8,8,3
26,56,76,128,170,182,211,229,231,196,176,121,70,49,13,14,9,6,18,12,8,3,1,1
13,27,65,115,115,119,157,170,172,166,145,129,121,76,51,35,8,7,14,18,13,11,8,1
0,9,14,14,100,105,120,129,137,138,141,129,118,110,100,22,50,9,3,0,8,7,1,2
7,0,2,13,16,53,100,113,121,120,125,123,112,108,101,23,12,11,10,0,0,0,8,2
6,9,4,14,14,13,64,100,111,110,111,112,113,106,104,63,12,0,10,10,7,6,8,8
0,0,5,12,11,14,14,10,64,105,106,108,104,106,102,100,13,9,0,9,6,4,7,2
1,0,9,2,12,28,45,10,3,43,71,79,107,109,102,89,58,13,3,0,0,4,0,2
0,5,12,13,4,31,23,2,8,8,41,51,55,67,79,100,100,23,11,0,2,2,0,0
3,4,14,0,0,7,10,19,13,0,12,17,31,56,86,95,84,62,13,0,4,3,0,6
3,5,0,9,6,8,22,22,12,9,30,28,35,50,60,79,75,68,22,7,11,7,4,5
0,0,0,17,29,17,14,10,9,13,17,13,14,61,71,93,95,76,45,3,5,0,0,0
4,0,0,13,16,14,15,14,9,7,11,12,15,54,69,85,100,79,63,5,0,0,0,2
0,0,2,10,28,27,29,23,13,11,7,3,24,46,56,75,91,77,59,8,4,0,0,1
0,11,9,14,29,46,28,27,18,9,2,6,5,5,18,55,70,57,60,14,5,0,0,0
5,13,14,14,51,51,36,26,14,9,0,0,1,4,10,46,54,67,59,0,3,0,0,0
13,5,14,23,46,46,44,36,17,8,0,0,8,7,6,25,69,54,51,4,0,0,0,0
0,9,11,44,28,39,21,19,12,12,11,4,8,8,6,9,10,14,31,12,0,0,0,0
0,9,29,40,51,30,43,50,14,13,8,13,9,5,12,5,5,7,6,0,0,0,0,1
7,14,14,55,55,55,27,33,22,14,6,11,11,15,11,0,7,11,6,7,0,0,0,0
12,17,13,53,60,45,24,16,13,0,11,10,12,11,14,15,14,10,11,14,16,12,5,0
12,12,12,50,54,54,21,3,11,13,8,12,10,11,8,13,14,13,13,26,44,14,9,0
0,11,19,13,24,20,9,22,12,16,10,9,12,13,10,10,0,3,11,11,25,51,41,22
8,12,9,14,21,28,14,12,12,10,12,9,4,8,9,9,7,3,7,10,12,13,13,12

0,6,1,0,0,4,1,4,24,40,52,55,53,9,11,5,5,0,6,0,0,4,8,9
8,8,7,3,4,22,25,69,111,111,66,51,40,59,51,30,12,6,9,4,3,3,7,9
9,11,0,10,17,73,81,178,302,238,140,105,73,82,66,52,13,9,10,11,0,2,10,10
10,12,2,13,25,75,180,220,319,337,210,130,101,105,102,75,23,13,10,6,6,11,11,10
8,7,7,13,56,114,195,221,285,320,250,138,70,72,82,87,25,10,0,1,5,6,7,0
0,10,6,29,66,111,189,204,294,340,247,134,83,73,71,77,56,35,12,8,8,8,8,10
10,7,8,54,85,124,155,126,190,252,185,128,87,12,57,81,69,10,14,12,13,11,7,9
9,13,28,63,93,117,137,135,112,143,134,121,114,73,52,83,84,25,0,0,9,4,1,7
2,13,47,71,115,150,157,158,101,92,119,122,100,70,59,65,65,59,14,10,1,0,0,6
5,12,50,69,120,182,202,164,109,79,79,106,121,102,73,57,55,71,62,13,13,6,3,6
0,5,11,69,115,198,208,149,107,75,76,63,71,107,99,88,81,57,12,3,10,3,0,5
0,0,24,63,121,145,144,136,110,103,59,57,61,89,108,119,104,62,14,8,0,0,0,0
0,0,39,58,107,114,105,118,108,69,75,55,30,60,75,95,101,82,103,63,3,10,6,5
0,0,9,63,108,124,117,109,106,109,100,67,13,48,14,40,69,101,72,62,63,50,11,0
0,11,7,82,105,123,117,114,112,103,83,56,4,5,1,0,14,13,6,29,60,57,13,0
0,15,56,102,151,141,177,125,105,69,74,56,6,6,0,0,5,2,0,4,10,30,50,10
10,23,82,104,153,171,161,112,87,67,57,54,14,9,6,12,13,13,11,10,13,13,14,12
20,38,70,104,184,224,273,279,213,56,54,42,32,29,14,17,16,16,14,14,18,19,23,13
38,58,95,154,223,233,255,222,186,95,57,57,13,11,10,4,1,3,7,9,7,2,5,5
35,67,106,175,235,340,357,254,179,150,107,108,12,8,8,8,5,2,0,1,4,5,3,4
40,93,109,168,209,308,314,281,197,174,145,110,65,14,13,4,5,10,12,7,8,8,8,3
26,55,76,129,171,185,216,230,228,193,176,123,74,50,14,13,8,5,17,11,8,3,1,1
13,28,65,115,115,120,158,171,171,164,145,130,123,80,50,34,8,7,14,18,13,11,7,0
0,9,14,14,100,105,121,129,137,137,140,129,119,112,101,28,48,9,2,0,8,6,0,1
7,0,2,13,14,50,100,113,121,120,125,123,113,110,102,14,12,11,9,0,0,0,8,1
6,8,3,14,14,12,56,100,111,110,111,111,113,107,105,95,12,0,9,9,7,6,7,8
0,0,5,12,11,13,12,9,56,105,105,107,103,107,103,101,36,8,0,8,6,3,7,2
1,0,9,1,12,22,28,8,2,40,67,77,107,109,102,100,67,40,2,0,0,3,0,1
0,5,12,13,4,33,36,4,7,8,35,50,52,65,80,102,104,72,14,0,2,2,0,0
3,4,14,0,3,13,16,20,13,0,12,16,28,52,83,100,97,70,13,0,5,3,0,6
3,5,0,9,11,12,34,30,11,10,29,27,34,48,59,80,79,73,30,7,11,7,4,5
0,0,0,15,30,28,34,12,10,13,21,13,14,58,71,93,98,80,53,3,4,0,0,0
4,0,0,12,21,28,34,34,11,8,11,12,14,53,69,85,102,81,67,3,0,0,0,2
0,0,1,11,27,47,37,23,13,12,9,1,21,47,56,74,92,78,60,9,4,0,0,1
0,11,9,13,27,52,37,28,20,9,3,5,3,3,15,56,71,57,60,14,4,0,0,0
4,12,14,10,51,53,43,29,14,10,0,0,1,3,8,48,54,67,59,0,2,0,0,0
13,3,14,17,47,51,51,40,17,8,0,0,7,3,4,24,71,55,51,3,0,0,0,0
0,8,10,32,28,47,39,29,12,12,11,4,8,8,6,9,12,29,39,12,0,0,0,0
0,8,21,29,50,33,48,47,14,12,8,13,9,5,11,6,9,8,8,0,0,0,0,1
6,13,13,52,55,61,36,34,17,14,6,11,11,14,11,0,7,11,8,9,0,0,0,0
11,16,12,50,60,51,41,13,13,0,12,9,12,11,14,14,14,9,13,27,14,8,5,0
12,10,11,37,54,56,26,4,11,13,8,11,10,11,8,12,14,13,20,50,41,10,3,0
0,10,17,12,22,48,10,17,12,15,10,9,12,12,10,10,0,2,13,12,50,50,14,12
7,11,7,13,21,29,14,12,12,10,12,9,4,8,10,9,7,4,8,11,13,14,14,12

0,6,1,0,0,4,1,4,23,40,52,54,52,9,11,5,5,0,6,0,0,3,8,9
9,7,7,3,4,22,25,70,111,110,65,51,40,59,51,28,12,5,9,3,3,3,6,9
9,11,0,10,17,74,82,177,295,231,138,105,74,84,67,53,13,9,10,11,0,1,10,10
9,12,2,13,26,75,178,219,316,332,209,130,101,105,102,76,25,13,10,6,6,11,11,9
8,7,7,13,56,115,195,221,288,321,250,139,70,73,83,89,33,10,0,1,6,6,7,0
0,10,6,29,66,112,190,206,297,342,248,135,84,73,72,79,57,37,12,8,8,8,8,10
10,7,8,54,85,124,156,126,190,254,186,129,88,12,58,82,71,11,14,12,12,10,6,9
9,13,27,63,93,117,137,134,112,144,135,121,114,73,53,84,87,37,0,0,9,3,1,6
2,13,46,70,115,149,156,157,101,93,119,124,100,71,59,67,67,60,16,10,1,0,0,6
5,12,50,69,120,180,199,162,108,79,80,106,122,104,74,57,57,73,63,14,13,5,3,6
0,5,11,69,114,195,205,147,107,74,77,64,71,108,100,90,83,58,12,4,11,3,0,5
0,0,23,63,120,145,143,136,110,103,60,57,61,90,109,119,104,62,14,8,0,0,0,0
0,0,39,58,107,113,105,117,108,69,76,56,36,61,76,96,102,82,103,64,3,10,5,5
0,0,9,63,108,124,117,108,106,109,100,69,13,50,16,41,70,101,72,61,62,48,10,0
0,10,6,81,105,122,116,114,112,103,84,57,4,5,1,1,14,13,7,29,60,56,12,0
0,14,55,101,149,140,174,124,105,69,74,56,6,6,0,0,5,2,0,4,10,27,47,10
10,22,81,103,150,169,160,111,86,67,57,54,14,9,6,12,12,13,11,10,13,13,13,12
19,38,69,102,182,223,272,279,212,56,54,42,31,29,14,16,15,15,14,13,18,19,23,13
36,58,93,153,223,233,254,223,186,95,57,57,13,11,10,3,1,3,7,9,7,2,5,5
34,67,105,174,236,341,357,253,178,150,108,109,12,8,8,7,4,2,0,0,4,5,3,4
38,92,109,168,212,317,321,281,195,172,145,110,74,14,13,3,5,10,12,7,8,8,8,2
26,55,76,129,172,186,217,229,226,190,176,125,77,51,14,13,7,4,17,11,8,2,0,1
13,27,65,115,115,120,158,170,169,163,144,131,125,84,51,34,8,6,14,18,12,11,7,0
0,9,14,14,100,105,120,128,136,137,140,130,120,114,103,47,51,9,2,0,8,6,0,1
7,0,2,13,14,49,100,112,120,119,125,123,113,111,103,22,11,10,9,0,0,0,8,1
6,8,2,14,14,12,54,97,110,109,111,111,114,107,105,100,14,0,8,9,7,6,7,8
0,0,5,12,11,13,13,9,46,104,105,107,103,107,103,102,63,8,0,8,7,3,7,2
1,0,9,1,12,23,28,8,2,40,64,75,107,109,103,100,70,51,3,0,0,3,0,1
0,5,12,13,4,34,35,5,8,8,35,47,50,64,80,102,105,76,21,0,3,2,0,0
3,4,14,0,3,13,16,21,15,1,11,18,28,50,82,100,100,72,13,0,6,4,0,6
3,5,0,9,11,13,35,31,12,12,31,26,33,48,59,80,78,73,30,7,11,7,4,5
0,0,0,15,30,29,34,12,10,13,23,13,14,60,71,92,96,79,51,3,4,0,0,0
4,0,0,12,22,29,34,33,11,10,12,12,14,54,69,84,101,80,64,2,0,0,0,2
0,0,1,11,28,49,38,23,13,12,11,2,20,49,57,75,92,77,58,8,4,0,0,2
0,11,9,13,28,52,39,28,20,9,2,4,3,3,20,57,71,57,57,13,3,0,0,0
4,12,14,10,51,54,43,29,14,10,0,0,1,4,8,50,55,67,58,0,0,0,0,0
12,2,14,17,48,52,51,40,17,8,0,0,8,4,5,33,75,55,51,1,0,0,0,0
0,7,10,34,28,48,40,30,12,12,11,4,8,8,6,10,13,43,41,11,0,0,0,0
0,8,20,32,51,33,50,48,14,12,8,13,9,5,12,8,11,10,10,0,0,0,0,1
6,13,13,53,55,61,37,37,17,14,6,11,11,15,11,0,7,11,8,10,0,0,0,0
11,15,12,50,61,51,44,11,13,0,12,9,12,11,14,14,14,10,14,34,13,7,5,0
12,9,11,38,54,57,28,4,11,13,8,11,10,11,8,12,16,14,27,50,41,8,0,0
0,10,16,12,25,50,10,18,12,15,10,9,12,12,10,10,0,3,13,13,48,48,13,11
7,11,7,14,21,29,14,12,12,10,12,9,4,8,10,10,7,4,8,11,12,13,13,11

0,6,1,0,0,3,1,4,23,43,55,58,55,13,14,24,12,5,8,0,0,2,7,9
8,7,7,3,4,17,23,70,111,109,65,53,52,63,52,53,14,0,8,2,0,1,6,9
9,11,0,10,17,73,82,173,278,220,138,106,85,102,72,54,13,8,11,10,0,0,10,10
10,12,2,12,23,74,176,216,306,321,210,132,102,108,105,78,22,13,10,5,5,11,11,9
8,6,7,12,55,113,193,220,285,318,251,141,72,75,87,91,35,10,0,0,6,5,6,0
0,10,6,28,65,110,186,202,292,337,246,139,86,74,74,80,56,36,12,8,8,7,7,10
10,7,8,53,83,122,152,123,186,248,183,129,89,12,58,83,71,11,14,12,12,10,6,9
9,12,23,61,91,115,134,130,108,141,134,121,114,73,53,85,88,36,0,0,8,3,0,6
1,12,39,68,110,146,153,153,99,91,119,124,100,71,59,67,67,60,14,10,0,0,0,6
5,12,43,67,114,173,196,160,107,79,79,107,125,106,75,57,56,72,62,13,13,5,3,6
0,5,8,66,107,188,200,145,106,74,77,63,71,109,101,90,83,58,12,3,10,3,0,5
0,0,14,61,116,142,141,135,110,103,60,57,61,91,110,120,104,62,14,7,0,0,0,0
0,0,35,56,105,113,105,117,107,66,76,58,38,63,76,96,102,82,103,63,3,10,5,5
0,0,8,62,108,124,117,108,106,109,100,69,13,51,16,44,71,101,72,61,61,46,10,0
0,10,5,80,105,122,117,114,112,103,83,58,4,6,1,1,14,13,7,27,59,54,12,0
0,14,55,101,149,140,176,126,106,69,74,55,7,6,0,0,5,1,0,4,10,30,44,10
10,21,80,103,150,169,161,113,87,67,57,54,14,8,6,12,13,13,11,10,13,13,14,12
20,38,69,103,184,223,273,281,215,56,53,42,31,29,14,16,15,14,14,13,18,19,23,13
37,58,95,155,225,234,256,224,187,95,57,57,13,11,10,3,1,2,7,9,7,2,5,5
35,67,106,176,239,348,362,256,179,150,108,108,12,8,8,7,4,2,0,0,4,5,3,3
40,94,110,170,215,322,325,283,196,173,145,111,75,14,13,3,4,9,11,7,8,8,8,2
26,55,76,129,172,187,218,229,226,190,175,126,78,52,14,13,6,4,17,11,8,2,0,0
13,28,65,115,115,121,158,169,169,162,144,131,126,85,52,35,8,6,14,18,12,11,7,0
0,9,14,14,100,105,120,128,136,136,140,130,120,114,103,51,53,9,2,0,8,6,0,1
7,0,2,13,14,48,100,112,120,119,125,123,113,111,103,32,12,11,9,0,0,0,7,0
6,8,3,14,14,12,53,94,110,109,111,111,113,107,105,101,14,0,8,9,7,6,7,8
0,0,5,12,11,13,13,9,43,104,104,107,103,106,103,102,63,7,0,8,6,3,7,2
1,0,9,1,13,26,28,8,2,40,64,75,106,109,103,100,70,50,3,0,0,3,0,1
0,5,12,13,5,34,36,5,8,8,33,48,50,63,80,102,105,76,19,0,2,2,0,0
3,4,14,0,4,13,17,21,15,1,11,18,28,50,81,100,100,72,13,0,6,4,0,6
3,5,0,9,12,13,36,31,12,12,31,27,33,48,59,79,78,73,30,7,11,7,4,5
0,0,0,15,30,31,36,12,10,13,24,13,14,61,71,92,96,79,52,3,4,0,0,0
4,0,0,12,23,29,35,34,11,10,13,12,14,54,69,84,100,80,64,2,0,0,0,2
0,0,1,11,30,50,39,24,13,12,12,2,21,50,57,74,92,77,58,8,4,0,0,2
0,11,9,14,30,52,40,29,20,9,2,4,3,3,21,57,71,57,57,13,3,0,0,0
4,12,14,11,51,54,43,29,14,10,0,0,1,4,8,50,55,67,57,0,0,0,0,0
12,2,14,17,48,52,51,40,17,8,0,0,8,5,5,33,75,55,51,1,0,0,0,0
0,7,10,34,28,48,41,30,12,12,11,4,9,8,6,10,13,42,41,11,0,0,0,0
0,8,22,33,51,33,50,47,14,12,8,13,10,5,11,8,11,10,10,0,0,0,0,1
6,13,13,53,56,61,37,37,15,14,6,11,11,15,11,0,7,11,9,10,0,0,0,0
11,15,12,50,61,51,44,7,13,0,12,10,12,11,14,14,14,10,14,34,13,7,5,0
12,9,11,39,54,57,29,4,11,13,8,11,10,11,8,12,16,14,27,50,40,8,0,0
0,10,17,12,25,51,10,18,12,16,10,9,13,12,10,10,0,3,13,12,45,50,13,10
7,11,7,14,21,29,15,12,12,10,12,9,4,8,10,10,7,4,8,11,12,13,13,10

0,6,1,0,0,3,1,4,23,42,55,58,55,12,13,14,11,3,7,0,0,2,7,9
9,7,7,3,4,20,25,71,112,109,65,52,52,63,52,50,14,0,9,3,0,2,6,9
9,11,0,10,17,74,82,176,285,223,138,106,84,101,72,54,13,8,11,11,0,0,10,10
10,12,2,12,24,74,178,218,309,325,210,131,102,108,105,79,25,13,10,5,6,11,11,9
8,6,7,12,55,115,195,222,286,318,251,141,72,75,87,92,39,10,0,1,6,6,6,0
0,9,6,28,65,112,191,203,291,337,246,138,86,74,74,80,57,38,12,8,8,8,7,9
10,7,8,53,83,124,157,124,186,246,181,129,89,12,58,83,73,11,14,12,12,10,5,9
9,12,24,61,91,116,136,132,108,140,133,121,115,73,53,85,90,43,0,0,8,2,0,6
1,12,39,68,110,147,155,155,99,91,118,124,100,71,59,67,67,60,20,10,0,0,0,5
5,12,44,67,115,174,197,160,107,79,79,107,125,106,75,57,57,73,63,14,13,5,3,6
0,5,8,66,106,187,199,144,106,73,77,64,71,110,101,91,84,58,12,3,10,3,0,5
0,0,14,60,115,142,141,135,110,102,60,57,62,92,110,120,105,62,14,7,0,0,0,0
0,0,33,56,104,112,104,116,106,62,75,59,39,63,77,97,102,82,102,63,3,9,4,4
0,0,8,62,108,124,117,108,106,108,100,68,13,51,18,43,71,101,72,61,61,46,10,0
0,10,5,80,105,122,117,114,112,103,82,58,4,5,1,1,13,13,7,27,59,55,12,0
0,14,55,101,148,140,177,127,106,69,74,55,6,6,0,0,5,1,0,4,10,30,43,10
10,21,80,103,149,169,161,114,87,67,57,54,14,8,6,12,13,13,11,10,12,13,13,12
20,38,69,102,182,222,272,282,215,56,53,42,30,28,14,16,14,14,14,13,17,19,23,13
37,58,95,155,224,233,255,224,187,96,57,57,13,11,10,3,0,2,6,9,7,2,5,5
35,67,106,177,240,348,362,256,178,150,107,108,12,8,8,7,4,2,0,0,4,4,3,4
42,94,110,170,215,322,326,284,196,172,145,111,74,14,12,3,4,9,11,7,8,7,8,2
27,56,77,129,172,187,218,229,225,189,175,126,79,52,14,13,6,3,17,11,7,1,0,0
13,28,65,115,115,121,158,169,169,162,144,132,126,86,52,34,8,6,14,18,12,11,7,0
0,9,14,14,100,105,120,128,136,136,140,130,120,114,103,52,53,9,2,0,8,6,0,1
7,0,2,13,14,48,100,112,120,119,125,123,114,111,103,38,12,10,9,0,0,0,7,0
6,9,3,14,14,12,52,93,110,109,111,111,113,108,105,101,14,0,8,9,7,6,7,8
0,0,5,12,11,13,13,9,42,104,104,107,103,106,103,102,66,8,0,8,6,3,7,2
1,0,9,1,13,26,28,8,2,38,64,75,106,109,103,100,71,52,3,0,0,3,0,1
0,5,12,13,4,34,36,5,8,8,33,46,50,64,80,102,106,77,19,0,2,2,0,0
3,4,14,0,4,13,16,21,15,2,11,18,29,51,82,100,100,72,13,0,6,3,0,6
3,5,0,9,12,13,35,31,12,12,32,27,33,48,59,80,78,73,31,7,11,7,4,5
0,0,0,15,31,31,34,12,10,14,24,13,14,61,71,92,96,79,52,3,4,0,0,0
4,0,0,12,23,28,34,34,11,10,13,12,15,54,69,84,101,80,64,2,0,0,0,2
0,0,1,11,30,50,38,23,13,12,13,2,21,50,57,74,92,77,58,8,4,0,0,2
0,11,9,14,31,52,39,28,20,9,3,5,3,3,22,57,71,57,57,13,3,0,0,0
4,12,14,11,51,54,43,30,14,10,1,0,2,5,9,50,55,68,58,0,0,0,0,0
12,2,14,18,48,51,51,40,17,8,0,0,8,5,5,33,75,55,51,1,0,0,0,0
0,8,10,35,29,48,39,30,12,12,11,4,9,8,6,10,14,44,41,11,0,0,0,0
0,8,21,34,51,33,50,48,14,12,8,13,10,5,11,8,11,10,10,0,0,0,0,0
6,13,13,53,56,61,37,36,17,14,7,12,11,15,12,0,7,11,9,10,0,0,0,0
11,15,12,50,61,51,43,7,13,0,12,10,12,11,14,14,14,10,14,34,13,7,5,0
12,9,11,40,54,57,30,4,11,13,8,11,10,12,8,12,17,14,28,50,41,8,0,0
0,10,16,12,26,51,10,18,12,15,10,9,13,12,10,10,0,3,13,12,46,48,13,10
7,11,7,14,21,29,15,12,13,10,12,9,4,8,10,10,7,4,8,11,12,13,13,10

0,6,1,0,0,3,1,4,23,43,55,57,55,12,13,14,11,4,8,0,0,2,8,8
8,7,7,3,4,22,25,72,113,110,65,53,52,63,52,50,14,0,9,3,0,2,6,9
9,11,0,10,17,74,83,177,287,224,139,106,84,101,71,53,13,9,11,11,0,0,10,10
10,12,2,12,25,75,179,219,309,326,211,132,102,108,105,79,26,13,11,5,6,11,11,9
8,6,7,12,55,115,197,222,286,319,253,141,72,75,87,91,40,10,0,1,6,6,6,0
0,9,6,28,65,112,192,204,291,336,246,138,86,74,74,80,57,38,12,8,8,8,7,10
10,7,8,53,83,124,158,124,184,245,180,128,89,12,59,83,73,11,14,12,12,10,5,9
9,12,23,61,91,115,137,132,107,139,132,120,115,73,53,86,91,46,0,0,8,1,0,6
1,11,37,68,109,146,155,155,99,91,118,123,100,71,59,68,68,60,22,10,0,0,0,5
4,12,42,66,113,172,196,161,107,78,79,107,125,106,75,57,57,74,63,14,13,5,2,6
0,5,7,66,105,185,198,146,107,74,77,64,71,110,101,91,85,58,11,3,10,3,0,4
0,0,14,61,115,141,141,136,110,103,61,57,62,92,110,120,105,63,14,7,0,0,0,0
0,0,33,56,105,112,105,117,107,64,75,60,39,63,76,96,102,82,102,63,3,9,4,4
0,0,8,63,108,124,117,108,106,108,100,69,13,50,18,44,72,101,72,61,61,46,10,0
0,10,5,80,105,122,117,114,112,103,83,58,3,5,1,1,13,13,7,27,59,54,12,0
0,14,55,101,148,139,175,126,106,69,74,55,7,6,0,0,5,1,0,4,9,31,44,10
10,21,80,103,149,168,160,113,87,68,57,54,14,8,6,12,12,13,11,10,13,13,13,11
20,38,69,102,182,221,271,281,215,56,53,42,31,28,14,15,14,14,13,13,17,19,23,13
37,58,95,155,224,233,255,223,187,96,57,57,13,10,10,3,0,2,6,9,7,2,5,5
35,67,106,177,240,348,362,255,178,150,107,108,12,8,8,7,3,2,0,0,4,4,3,3
42,95,110,170,214,322,326,282,195,171,145,111,75,14,12,3,3,8,11,7,7,7,7,2
27,56,77,129,172,187,218,229,225,189,175,126,79,52,14,13,5,3,16,10,7,1,0,0
13,28,65,115,115,121,159,169,168,162,144,132,126,86,52,34,8,6,14,17,12,10,7,0
0,9,14,14,100,105,120,128,136,136,140,130,121,114,103,52,53,9,1,0,8,5,0,1
7,0,2,13,14,48,100,112,120,119,125,123,114,111,103,39,12,10,9,0,0,0,7,0
6,8,3,14,14,12,53,93,110,109,111,111,113,108,105,101,14,0,8,9,7,6,7,8
0,0,5,12,11,13,13,9,40,104,104,107,103,106,103,102,67,8,0,8,6,3,7,2
1,0,9,1,13,25,28,8,2,40,63,75,106,109,103,100,71,54,3,0,0,3,0,0
0,5,12,13,5,34,34,5,8,8,33,48,50,63,81,103,106,77,17,0,2,1,0,0
3,4,14,0,4,13,16,21,15,2,11,19,29,51,83,100,100,72,13,0,6,3,0,6
3,5,0,9,12,13,35,31,12,12,31,27,33,49,59,80,78,73,31,7,11,6,4,5
0,0,0,15,31,30,34,12,10,14,23,13,14,62,71,92,96,79,52,3,4,0,0,0
4,0,0,12,23,28,34,33,11,10,13,12,15,54,68,84,101,80,65,1,0,0,0,2
0,0,1,11,29,49,38,23,13,12,13,2,21,50,56,74,92,77,58,8,4,0,0,2
0,11,9,14,30,52,38,29,21,9,3,5,3,3,23,57,71,57,57,14,3,0,0,0
4,12,14,11,51,53,43,29,14,10,1,0,2,5,9,50,55,67,58,0,0,0,0,0
12,2,14,18,48,51,51,40,16,8,0,0,8,5,5,35,75,55,51,1,0,0,0,0
0,7,10,35,29,48,38,30,12,12,11,4,9,8,6,10,14,46,42,11,0,0,0,0
0,8,21,34,51,33,50,48,14,12,8,13,10,6,11,8,11,10,10,0,0,0,0,0
6,13,13,53,56,61,37,36,17,14,7,12,11,15,12,0,7,11,9,10,0,0,0,0
11,15,12,50,61,51,42,7,13,0,12,10,12,11,14,14,14,10,14,35,13,7,5,0
12,9,11,40,55,57,30,4,11,13,8,11,10,12,8,13,17,14,29,50,43,8,0,0
0,10,16,12,27,52,10,19,12,16,10,9,13,13,10,10,0,3,13,13,46,50,13,11
7,11,7,14,21,29,16,12,12,10,12,9,4,8,10,10,7,4,8,11,12,13,13,10

0,6,1,0,0,3,1,4,23,41,55,57,55,12,13,14,11,4,8,0,0,3,8,9
8,7,7,3,4,23,26,71,113,110,65,52,52,63,52,50,13,0,9,3,1,2,6,9
9,11,0,10,17,74,83,177,287,224,138,106,83,101,71,54,13,9,11,11,0,0,10,10
10,12,2,12,26,75,179,219,310,326,212,132,102,108,105,79,26,13,11,5,6,11,11,9
8,6,7,12,55,115,197,223,288,319,254,141,72,75,87,92,42,11,0,1,7,6,6,0
0,9,6,29,65,112,192,204,293,338,247,138,87,74,74,80,58,39,12,8,8,8,7,10
10,7,8,53,83,123,157,124,185,247,182,129,90,13,58,83,73,12,14,12,12,10,5,9
8,12,22,61,90,115,136,132,108,140,133,121,115,73,53,86,92,49,0,0,8,1,0,6
1,11,36,68,108,145,154,155,99,91,118,124,100,71,59,68,68,61,23,10,0,0,0,5
4,12,42,66,112,170,195,163,108,79,80,107,125,106,75,57,57,74,63,14,13,5,2,6
0,4,7,66,103,182,198,148,109,75,77,64,71,110,102,91,85,58,12,3,10,3,0,4
0,0,14,61,115,140,142,137,111,104,62,57,62,92,110,120,105,63,14,7,0,0,0,0
0,0,35,57,105,113,105,118,108,69,75,59,40,63,76,96,102,82,103,63,3,9,3,4
0,0,9,63,108,124,117,109,106,109,100,69,13,50,16,43,72,101,72,61,61,46,10,0
0,10,6,80,105,121,116,114,112,103,84,58,3,5,1,1,13,13,7,27,60,53,12,0
0,14,55,101,148,139,173,125,106,70,75,56,7,6,0,0,5,1,0,4,9,30,45,10
10,22,80,103,149,168,159,113,87,68,57,54,14,8,6,12,12,13,11,10,13,13,13,12
20,38,69,102,182,221,270,280,214,56,53,42,31,28,14,15,14,14,13,13,17,19,23,13
38,58,95,155,225,233,254,222,186,96,57,57,13,11,10,3,0,2,6,9,7,2,5,5
35,67,107,177,240,348,359,252,177,150,107,108,12,8,8,7,3,1,0,0,4,4,3,3
43,95,110,170,214,322,324,280,194,171,145,111,77,14,12,2,2,8,11,7,7,7,7,2
27,56,77,129,172,187,218,228,224,188,175,127,79,52,14,12,4,2,16,10,7,1,0,0
13,28,65,115,115,121,159,169,168,162,144,132,126,87,52,34,8,6,14,17,12,10,7,0
0,9,14,14,100,105,121,128,135,136,140,130,121,115,104,52,53,9,1,0,7,5,0,1
7,0,2,13,14,48,100,112,120,119,125,123,114,111,103,41,12,10,9,0,0,0,7,0
6,8,3,14,14,12,52,93,109,109,110,111,113,108,105,101,15,0,8,9,7,6,7,8
0,0,5,12,11,13,13,9,40,104,104,107,103,107,103,102,68,8,0,8,6,3,7,2
1,0,9,2,13,25,25,8,2,39,63,75,106,109,103,100,71,55,3,0,0,2,0,0
0,5,12,13,4,34,34,5,8,8,33,47,50,64,81,103,106,78,17,0,2,1,0,0
4,4,14,0,4,13,15,21,15,2,11,19,29,51,83,100,100,72,13,0,6,3,0,6
3,5,0,9,12,13,35,31,12,12,32,27,34,50,59,81,78,73,31,7,11,6,4,5
0,0,0,15,31,30,33,12,10,14,24,13,14,62,72,92,96,79,52,3,4,0,0,0
4,0,0,12,23,27,34,32,11,10,13,13,16,54,69,84,101,80,65,1,0,0,0,2
0,0,1,11,30,48,38,23,13,12,13,3,21,50,57,74,92,77,58,8,4,0,0,2
0,11,9,14,30,52,38,29,21,9,3,5,3,3,24,57,71,57,57,14,2,0,0,0
4,12,14,11,51,53,43,29,14,10,1,0,2,5,9,50,54,67,58,0,0,0,0,0
12,3,14,18,48,51,51,40,17,8,0,0,8,6,5,36,75,55,51,1,0,0,0,0
0,8,10,35,29,48,39,29,12,12,11,4,9,8,6,10,14,47,43,11,0,0,0,0
0,8,22,35,51,33,50,48,14,13,8,13,10,6,11,8,11,10,11,0,0,0,0,1
6,13,13,53,56,61,37,36,16,14,7,12,11,15,12,0,7,12,9,11,0,0,0,0
11,15,12,50,61,51,44,7,13,0,12,10,12,11,14,14,14,10,14,36,14,7,5,0
12,9,11,40,54,57,30,4,11,13,8,11,10,12,8,13,17,14,30,50,43,9,0,0
0,10,16,12,27,52,10,19,12,16,10,9,13,12,10,10,0,3,13,13,47,50,13,11
7,11,7,14,21,30,16,12,13,10,12,9,4,8,10,10,7,4,8,11,12,13,13,10

0,6,1,0,0,3,1,4,23,42,55,57,55,12,13,14,11,3,7,0,0,3,8,9
8,7,7,3,4,22,26,72,114,110,65,52,52,62,52,48,13,0,8,3,1,2,6,9
9,11,0,10,17,75,83,178,288,224,139,106,84,100,72,54,13,9,11,11,0,0,10,10
10,12,2,12,24,75,179,219,310,326,212,132,102,108,105,80,26,13,11,6,6,11,11,9
8,6,7,12,55,115,196,223,288,320,255,141,72,75,86,91,42,11,0,1,7,6,6,0
0,9,6,29,65,112,192,204,294,338,248,139,87,74,74,80,58,39,12,8,8,8,7,10
10,7,8,53,83,123,158,124,186,248,182,129,90,13,59,83,74,12,14,12,12,10,5,9
8,12,23,61,90,115,137,133,108,141,134,121,115,73,54,86,92,50,0,0,8,2,0,6
1,11,37,68,109,146,155,156,100,92,119,124,100,71,60,68,68,61,25,10,1,0,0,5
4,12,42,66,113,171,195,162,108,79,79,107,125,107,75,57,58,74,63,14,13,5,2,5
0,5,7,66,104,183,198,146,108,75,77,64,71,110,102,91,85,58,11,3,10,3,0,4
0,0,14,61,115,140,141,136,111,103,62,57,62,92,111,121,105,63,14,7,0,0,0,0
0,0,34,57,105,112,104,117,107,66,75,60,42,63,76,97,102,82,103,63,3,10,3,4
0,0,8,63,108,124,117,108,106,109,100,70,13,50,16,44,71,101,72,61,61,46,10,0
0,10,5,80,104,121,116,114,112,103,84,58,4,5,1,1,13,14,7,27,59,54,12,0
0,14,55,101,148,139,174,126,106,69,75,55,7,6,0,0,5,1,0,4,9,30,44,10
10,21,81,103,149,168,160,113,87,68,57,54,14,8,6,12,12,13,11,10,13,13,14,12
20,38,69,102,181,221,272,281,215,56,53,42,30,28,14,15,14,14,14,13,17,19,23,13
38,59,95,155,224,233,254,224,187,96,57,57,13,11,10,3,1,2,7,9,7,2,5,5
35,67,107,177,240,347,361,253,177,150,107,108,12,8,8,7,4,2,0,0,4,4,2,3
43,95,110,170,214,322,325,282,195,171,145,111,76,14,12,3,0,5,11,7,8,7,7,2
27,56,77,129,172,187,218,228,224,188,175,127,79,52,14,11,1,0,17,10,7,1,0,0
13,29,65,115,115,121,158,169,169,162,144,132,126,87,52,34,8,6,14,18,12,10,7,0
0,9,14,14,100,105,121,128,135,136,140,130,121,115,104,52,53,9,1,0,8,5,0,1
7,0,2,13,14,48,100,112,120,119,125,123,114,111,103,44,12,11,9,0,0,0,7,0
6,8,3,14,14,12,53,92,110,109,110,111,113,108,105,101,15,0,8,9,7,6,7,8
0,0,5,12,11,13,13,9,37,104,104,107,103,106,103,102,68,8,0,8,6,3,7,2
1,0,9,1,13,25,28,9,2,40,63,75,106,109,103,100,71,54,3,0,0,2,0,0
0,5,12,13,4,34,34,5,8,8,32,48,50,64,81,103,106,78,15,0,2,1,0,0
3,4,14,0,3,12,15,21,15,2,11,19,30,52,83,101,100,72,13,0,5,3,0,5
3,5,0,9,12,13,34,31,12,12,33,27,34,49,59,80,78,73,31,7,11,6,4,5
0,0,0,15,31,30,32,12,10,14,23,13,14,62,71,92,96,79,52,3,4,0,0,0
4,0,0,12,23,27,33,33,11,10,13,12,17,54,69,84,102,80,65,1,0,0,0,2
0,0,1,11,30,47,38,23,13,12,13,3,21,50,57,74,92,77,58,8,4,0,0,1
0,11,9,14,30,52,37,29,21,9,3,5,3,3,23,57,70,57,57,14,2,0,0,0
4,12,14,11,51,53,43,29,14,10,1,0,2,5,9,50,54,67,58,0,0,0,0,0
12,3,14,18,48,51,51,40,17,8,0,0,9,6,5,37,75,55,51,2,0,0,0,0
0,8,10,36,29,47,38,30,12,12,11,4,9,8,6,10,14,48,43,11,0,0,0,0
0,8,23,35,51,33,50,47,14,12,9,13,10,6,11,9,12,10,11,0,0,0,0,1
6,13,13,53,56,61,37,36,16,14,7,12,11,15,12,0,7,11,9,11,0,0,0,0
11,16,12,51,61,51,43,7,13,0,12,10,12,11,14,14,14,10,14,35,14,7,5,0
12,9,11,40,55,57,30,4,11,13,8,11,10,12,8,13,17,14,30,50,43,9,0,0
0,10,16,12,27,52,10,21,12,16,10,9,13,12,10,10,0,3,13,13,50,50,13,11
7,11,7,14,21,30,16,12,12,10,12,9,4,8,10,10,7,4,8,11,12,13,13,11

0,6,1,0,0,4,1,4,23,41,55,57,55,12,13,14,10,3,7,0,0,3,8,9
8,7,7,3,4,20,23,72,114,110,65,52,52,62,52,47,13,0,8,3,1,2,6,9
9,11,0,10,17,75,83,178,289,225,139,106,84,100,72,54,13,9,11,11,0,0,10,10
10,12,2,12,25,75,179,219,310,327,213,132,102,108,105,79,26,13,11,6,6,11,11,9
8,7,7,12,55,115,198,223,289,321,255,142,72,76,86,91,42,11,0,1,7,6,7,0
0,9,6,29,65,113,193,205,293,339,248,139,87,74,74,80,58,39,12,8,8,8,7,10
10,7,8,53,83,124,159,124,187,247,182,130,90,13,59,83,73,12,14,12,12,10,5,9
8,12,23,61,91,116,137,133,108,141,134,121,115,74,53,86,92,50,0,0,8,2,0,6
1,11,38,68,109,147,156,156,99,91,119,124,101,71,60,68,68,61,24,10,1,0,0,5
4,12,43,66,114,172,195,161,107,79,79,107,125,107,75,57,57,74,63,14,13,5,2,5
0,5,7,67,105,185,198,144,107,74,77,64,71,111,102,92,86,58,11,3,10,3,0,5
0,0,14,60,115,141,140,135,110,103,61,57,62,92,111,121,105,63,14,7,0,0,0,0
0,0,33,56,104,112,104,117,107,61,75,60,42,63,76,96,102,82,103,63,3,10,3,4
0,0,8,62,108,124,117,108,105,108,100,69,13,50,18,44,72,101,72,61,61,45,10,0
0,10,5,80,105,122,117,114,112,103,84,58,4,6,2,1,13,13,7,29,60,54,12,0
0,14,55,101,147,139,175,127,106,69,74,55,7,6,0,0,5,1,0,4,9,30,43,10
10,22,80,103,148,168,160,114,87,68,57,54,14,8,6,12,13,13,11,10,13,13,14,11
20,38,69,101,180,221,273,283,216,56,53,42,30,27,14,15,14,14,14,13,17,19,23,13
38,58,95,155,224,234,255,225,188,96,57,57,13,11,10,4,1,2,7,9,7,2,5,5
35,67,107,177,239,346,361,255,177,150,107,108,12,8,8,7,4,2,0,0,4,4,3,3
44,95,110,170,213,320,325,283,195,171,145,111,76,14,12,2,0,3,11,7,8,7,8,2
27,56,77,129,172,187,218,228,224,188,175,127,80,52,14,11,0,0,17,10,7,1,0,0
13,28,65,115,115,121,158,169,168,162,144,132,127,87,52,34,8,6,13,18,12,10,7,0
0,9,14,14,100,105,120,128,135,136,140,131,121,115,104,51,53,9,1,0,7,5,0,1
7,0,2,13,14,48,100,112,120,119,125,123,114,111,103,45,12,10,9,0,0,0,7,0
6,8,3,14,14,12,53,92,109,109,110,111,113,108,105,101,15,0,8,9,7,6,7,8
0,0,5,12,11,13,13,9,37,104,104,107,103,106,103,102,68,8,0,8,6,3,7,2
1,0,9,2,12,23,29,8,3,41,63,75,106,109,103,100,71,55,3,0,0,2,0,0
0,5,12,13,4,34,33,5,8,8,34,49,50,64,81,103,106,78,14,0,2,1,0,0
4,4,14,0,3,12,14,21,15,2,11,20,30,52,83,101,100,72,13,0,5,3,0,5
3,5,0,9,12,13,34,31,12,12,32,27,33,49,59,80,78,73,32,7,11,6,4,5
0,0,0,15,31,30,31,12,10,13,25,13,14,63,71,92,96,79,52,3,4,0,0,0
4,0,0,12,23,27,33,31,11,11,13,12,18,54,69,84,102,80,65,1,0,0,0,2
0,0,1,11,30,49,37,23,13,12,14,3,21,50,57,74,92,77,58,8,4,0,0,2
0,11,9,14,30,52,37,29,21,9,3,5,3,2,23,57,70,57,57,14,2,0,0,0
4,12,14,11,51,53,43,29,14,10,1,0,2,5,9,50,54,67,58,0,0,0,0,0
12,3,14,18,48,51,51,40,17,8,0,0,9,6,5,37,75,55,51,2,0,0,0,0
0,8,10,37,29,47,37,30,12,12,11,4,9,8,6,10,14,48,43,11,0,0,0,0
0,8,22,36,51,32,50,48,14,13,9,13,10,6,11,9,12,10,11,0,0,0,0,1
6,13,13,53,56,61,37,36,16,14,7,12,11,15,12,0,7,12,9,11,0,0,0,0
11,15,12,51,61,51,43,7,13,0,12,10,12,11,14,14,14,11,14,35,13,7,5,0
12,9,11,40,55,57,30,4,11,13,8,11,10,12,8,13,17,14,31,50,44,9,0,0
0,10,16,12,28,52,10,21,12,16,10,9,13,12,10,10,0,3,13,13,50,50,13,11
7,11,7,14,21,30,18,12,13,10,12,9,5,8,10,10,7,4,8,11,12,13,13,11

0,6,1,0,0,4,1,4,23,42,55,57,55,12,13,14,11,4,8,0,0,2,8,9
9,7,7,3,4,22,23,72,114,110,65,53,52,63,52,50,14,0,9,3,1,2,6,9
9,11,0,10,18,75,83,177,288,225,139,106,84,101,72,54,13,9,11,11,0,0,10,10
10,12,2,13,25,75,179,219,309,326,213,132,102,108,105,79,26,13,11,6,6,11,11,9
8,6,7,12,55,115,197,222,287,320,255,142,72,75,86,91,42,11,0,1,7,6,7,0
0,9,6,29,65,112,192,204,292,337,247,139,87,74,74,80,58,39,12,8,8,8,8,10
10,7,8,53,83,123,158,124,185,246,182,129,90,13,59,83,73,12,14,12,12,10,5,9
8,12,23,61,90,115,137,132,108,140,133,121,115,73,53,86,92,50,0,0,8,2,0,6
1,11,36,68,108,146,156,156,99,91,118,124,101,71,60,68,68,60,24,10,0,0,0,5
4,12,42,66,113,173,197,161,107,78,79,107,126,107,75,57,58,74,63,14,13,5,2,5
0,4,7,66,104,186,200,144,106,73,77,64,71,111,102,92,85,58,11,3,10,2,0,5
0,0,14,60,114,142,142,135,110,102,62,57,62,92,111,121,105,63,14,7,0,0,0,0
0,0,31,56,104,113,105,117,106,60,75,60,41,64,76,97,102,82,103,63,3,10,4,4
0,0,8,62,108,124,117,108,105,108,100,68,13,50,17,44,73,101,72,61,61,46,10,0
0,10,5,80,104,122,117,114,112,103,83,58,3,6,2,1,13,13,7,27,59,54,12,0
0,14,55,101,148,139,177,128,106,69,74,55,7,6,0,0,5,1,0,4,9,30,44,10
10,22,80,103,148,168,161,115,88,68,57,54,14,8,6,12,13,13,11,10,13,13,13,12
20,38,69,101,181,221,272,284,217,56,53,42,30,28,14,15,14,14,13,13,17,19,23,13
38,59,95,155,224,234,256,225,188,96,57,57,13,10,10,4,0,2,6,9,7,2,5,5
36,67,107,177,240,349,364,257,178,150,107,108,12,8,8,7,4,2,0,0,4,4,2,3
44,95,110,170,214,321,328,285,196,171,145,111,77,14,12,2,0,2,11,7,7,7,7,2
27,56,77,130,172,186,218,229,225,188,175,127,80,53,14,10,0,0,17,10,7,1,0,0
13,28,65,115,115,121,158,169,168,162,144,132,127,87,52,34,7,6,13,17,12,10,7,0
0,9,14,14,100,105,121,128,135,136,140,131,121,115,104,52,54,9,1,0,7,5,0,1
7,0,2,13,14,48,99,112,120,119,125,123,114,111,103,45,12,10,9,0,0,0,6,0
6,9,3,14,14,12,53,92,109,109,110,111,113,108,105,101,16,0,8,9,7,6,7,8
0,0,5,12,11,13,13,9,36,104,104,107,103,106,103,102,70,8,0,8,6,3,7,2
1,0,9,2,13,25,28,9,3,40,62,74,106,109,103,100,71,56,3,0,0,2,0,0
0,5,12,13,5,35,33,5,9,8,32,49,50,64,81,103,106,78,14,0,2,1,0,0
4,4,14,0,4,12,14,21,15,2,11,20,30,52,83,101,100,72,13,0,5,3,0,5
3,5,0,10,12,13,34,30,12,12,32,26,33,50,59,80,78,73,32,7,11,6,4,5
0,0,0,15,31,30,31,12,10,14,24,13,14,63,71,92,96,79,52,3,4,0,0,0
4,0,0,12,23,27,33,32,11,11,13,13,18,54,68,84,101,80,64,1,0,0,0,2
0,0,1,11,30,48,37,23,13,12,13,3,21,50,56,74,92,77,58,8,4,0,0,2
0,11,9,14,31,52,39,28,21,9,3,5,3,3,23,57,70,57,57,13,2,0,0,0
4,12,14,12,51,53,43,29,14,10,1,0,2,5,9,50,54,67,58,0,0,0,0,0
12,3,14,18,49,51,51,40,17,8,0,0,9,6,5,37,75,55,51,1,0,0,0,0
0,8,10,37,29,47,37,29,12,12,11,4,9,8,6,10,14,48,43,11,0,0,0,0
0,8,22,36,51,32,50,47,14,13,9,13,10,6,11,9,12,10,11,0,0,0,0,0
6,13,13,53,56,61,37,36,15,14,7,12,11,15,12,0,7,12,9,11,0,0,0,0
11,15,12,51,61,51,43,7,13,0,12,10,12,11,14,14,14,11,14,35,13,7,5,0
12,9,11,42,55,57,34,4,12,13,8,11,10,12,8,13,18,14,30,50,41,9,0,0
0,10,16,12,28,52,10,21,12,16,10,9,13,12,10,10,0,3,13,13,48,50,13,11
7,11,7,14,22,30,19,12,12,10,12,9,5,8,10,10,7,4,8,11,12,13,13,11

0,6,1,0,0,3,1,4,24,43,55,58,55,13,14,32,13,6,9,0,0,2,7,8
8,7,7,3,4,20,23,72,113,110,66,53,53,63,52,52,14,0,9,3,0,2,6,9
9,11,0,10,17,75,82,176,285,222,139,107,85,101,72,54,13,9,11,11,0,0,10,10
10,12,2,12,24,74,178,218,307,325,212,132,102,108,105,79,25,13,11,5,6,11,11,9
8,6,7,12,55,114,195,221,285,319,254,142,73,76,87,91,42,10,0,1,7,6,6,0
0,9,6,28,64,111,190,202,290,335,246,138,87,74,74,80,58,38,12,8,8,8,7,10
10,7,8,52,81,122,155,123,184,243,180,128,90,13,59,83,73,12,14,12,12,10,5,9
8,12,20,60,89,113,135,131,107,139,132,121,115,73,54,86,92,48,0,0,8,1,0,6
1,10,31,67,106,143,153,155,99,91,118,123,100,71,60,68,68,60,22,10,0,0,0,5
4,12,36,65,110,169,195,163,108,79,79,107,125,107,75,57,57,73,63,14,13,5,2,5
0,4,6,65,102,182,199,148,109,75,77,64,71,110,102,91,85,58,11,3,10,2,0,4
0,0,14,60,114,140,142,137,111,103,62,57,62,92,110,120,105,63,14,7,0,0,0,0
0,0,33,56,104,113,105,118,107,67,75,60,42,63,76,96,102,82,102,63,2,9,4,4
0,0,9,63,108,124,118,108,106,109,100,70,13,50,16,44,72,101,72,61,62,46,10,0
0,10,6,80,104,122,117,114,113,103,85,59,4,6,2,1,13,13,7,25,59,53,12,0
0,14,55,101,148,139,176,127,107,70,75,56,7,7,0,0,5,1,0,4,9,29,44,10
10,22,80,103,149,169,162,115,88,68,57,54,14,9,6,12,13,13,11,10,12,13,14,12
20,38,69,102,182,222,273,285,219,56,53,42,31,28,14,16,14,14,13,13,17,19,23,13
38,58,95,156,225,235,256,226,189,96,57,57,13,10,10,4,0,2,6,9,7,2,5,5
36,68,107,178,240,351,366,257,179,151,107,108,12,8,8,7,3,2,0,0,4,4,2,3
43,95,110,171,214,322,328,285,195,172,145,111,79,15,12,2,0,1,11,7,7,7,7,2
27,56,77,130,172,187,218,229,225,188,175,128,80,53,14,10,0,0,17,10,7,1,0,0
13,29,65,115,115,121,159,169,169,162,144,132,127,87,52,34,8,6,13,17,12,10,6,0
0,9,14,14,100,105,121,128,135,136,140,131,121,115,104,52,54,9,1,0,7,5,0,1
7,0,2,13,14,48,99,112,120,119,125,123,114,111,104,45,12,10,9,0,0,0,6,0
6,9,3,14,14,12,53,92,109,109,110,111,113,108,105,101,17,0,8,9,7,6,7,8
0,0,5,12,11,13,13,9,36,104,104,107,103,106,103,102,69,8,0,8,6,3,7,2
1,0,9,2,13,26,28,9,2,41,62,74,106,109,103,100,71,55,3,0,0,2,0,0
0,5,12,13,5,34,33,5,8,8,33,48,50,64,81,103,106,78,14,0,2,1,0,0
3,4,14,0,4,12,14,21,15,3,11,20,30,52,83,101,100,72,13,0,5,3,0,5
3,5,0,10,12,13,34,31,12,12,32,26,34,50,59,81,78,73,31,7,11,6,4,5
0,0,0,16,31,31,32,12,10,14,24,13,14,64,71,92,96,79,52,3,4,0,0,0
4,0,0,12,24,27,33,32,11,11,13,12,20,54,69,84,101,80,64,1,0,0,0,2
0,0,1,11,31,48,38,23,13,12,14,3,22,50,56,74,92,77,58,8,4,0,0,1
0,11,9,14,31,52,39,29,21,10,3,5,3,3,23,57,70,57,57,14,2,0,0,0
4,12,14,12,51,53,43,29,14,10,1,0,2,6,9,50,54,67,58,0,0,0,0,0
12,3,14,19,48,51,50,40,17,9,0,0,9,7,5,37,75,55,51,1,0,0,0,0
0,8,10,38,29,47,38,30,12,12,11,4,9,8,6,10,14,48,43,11,0,0,0,0
0,8,22,37,51,32,50,48,14,12,9,13,10,6,11,9,12,10,11,0,0,0,0,1
6,13,13,53,56,61,37,36,15,14,7,12,11,15,12,0,7,11,9,11,0,0,0,0
11,15,12,51,61,51,43,7,13,0,12,10,12,11,14,14,14,11,14,35,13,7,5,0
12,9,11,40,55,57,30,4,11,13,8,11,10,11,8,13,18,14,30,50,44,9,0,0
0,10,16,12,29,52,10,19,12,16,10,9,13,12,10,10,0,3,13,13,48,50,13,11
7,11,7,14,22,30,19,13,12,10,12,9,5,8,10,10,7,4,8,11,12,13,13,11

0,6,1,0,0,3,1,4,23,43,55,58,56,14,14,34,14,7,9,0,0,2,8,8
8,7,7,3,4,22,25,72,114,110,66,53,53,63,52,53,14,0,9,3,0,3,6,9
9,11,0,10,18,75,83,177,285,222,139,107,86,102,72,54,13,9,11,11,0,1,10,10
10,12,2,12,24,74,178,218,308,324,213,132,103,108,105,79,25,13,11,5,6,11,11,9
8,6,7,12,55,113,195,222,286,319,255,142,73,76,86,90,41,10,0,1,7,6,7,0
0,9,6,28,64,110,188,201,290,335,247,139,87,74,75,80,57,38,12,8,8,8,7,10
10,7,8,52,81,121,154,122,183,244,180,128,90,13,59,83,73,12,14,12,12,10,5,9
8,12,18,60,88,112,134,130,106,139,133,120,115,73,54,86,91,48,0,0,8,1,0,6
0,9,28,66,105,142,152,154,98,91,118,123,100,71,59,67,68,60,20,10,0,0,0,5
4,11,33,64,109,166,193,163,109,79,79,107,125,106,75,57,57,73,62,14,13,4,2,5
0,4,4,64,99,178,198,149,110,76,77,64,71,110,102,91,85,58,11,3,10,2,0,4
0,0,13,60,113,140,142,138,112,104,63,57,62,92,110,120,105,63,14,7,0,0,0,0
0,0,35,57,104,113,106,118,108,72,75,60,43,63,76,96,102,82,102,63,2,9,4,4
0,0,9,63,108,125,118,109,107,110,101,71,13,48,16,43,72,101,72,61,62,46,10,0
0,10,6,81,104,122,116,114,113,104,87,59,4,6,2,1,13,13,7,25,59,54,12,0
0,14,55,101,148,139,175,127,107,70,77,56,7,7,0,0,5,1,0,4,9,31,43,10
10,23,82,103,149,169,161,115,88,69,57,54,14,8,6,12,12,13,11,10,13,13,13,12
20,38,69,103,183,222,273,285,219,56,54,43,31,29,14,16,14,14,13,13,17,19,23,13
39,59,96,156,225,234,257,225,189,97,57,58,13,10,10,4,0,2,6,9,7,2,5,5
37,68,107,178,241,351,365,256,178,151,107,109,12,8,8,7,3,2,0,0,4,4,2,3
44,95,110,171,214,322,328,283,196,172,146,111,81,17,12,2,0,1,10,7,7,7,7,2
27,56,77,130,172,187,218,228,225,188,175,128,81,52,14,10,0,0,16,10,7,0,0,0
13,29,65,115,116,121,159,170,168,162,145,132,127,88,52,34,7,6,13,17,12,10,6,0
0,9,14,14,100,105,121,128,135,136,140,131,121,115,104,51,54,9,1,0,7,5,0,0
7,0,2,13,14,48,100,112,120,119,125,123,114,111,104,45,12,10,9,0,0,0,6,0
6,9,3,14,14,12,53,91,109,109,110,111,113,108,105,101,17,0,8,9,7,6,7,8
0,0,5,12,11,13,13,9,35,104,104,107,103,106,103,102,70,8,0,8,6,2,7,2
1,0,9,1,13,26,27,9,3,41,62,74,106,109,103,100,71,55,3,0,0,2,0,0
0,5,12,13,5,34,33,5,9,8,32,50,50,64,81,103,106,78,14,0,2,0,0,0
3,4,14,0,4,12,14,21,15,3,11,19,30,52,84,101,100,73,13,0,5,3,0,5
3,5,0,10,12,13,34,30,12,12,33,25,34,50,59,81,78,73,31,7,11,6,4,5
0,0,0,16,31,31,31,12,10,14,24,13,14,65,72,92,96,79,52,3,4,0,0,0
4,0,0,12,24,27,33,32,11,11,13,13,19,54,69,84,102,80,64,0,0,0,0,2
0,0,1,11,31,48,37,23,13,12,14,3,22,50,57,74,92,77,58,8,4,0,0,1
0,11,9,14,31,52,38,29,21,10,3,5,3,3,24,57,70,57,57,14,2,0,0,0
4,12,14,12,51,53,42,29,14,10,1,0,2,6,9,50,54,67,58,0,0,0,0,0
12,3,14,19,49,51,51,40,17,9,0,0,9,7,5,37,75,55,51,1,0,0,0,0
0,8,10,37,29,47,38,29,12,12,11,4,9,8,6,10,14,48,44,11,0,0,0,0
0,8,22,36,51,32,49,48,14,12,9,13,11,6,11,9,12,10,11,0,0,0,0,1
6,13,13,53,56,61,37,37,16,14,7,12,11,15,12,0,7,11,9,11,0,0,0,0
11,15,12,51,61,51,43,7,13,0,12,10,12,11,14,14,14,11,14,36,14,7,5,0
12,9,11,42,55,57,30,4,11,13,8,11,10,12,8,13,17,14,30,50,43,9,0,0
0,10,17,12,30,53,10,21,12,16,10,9,13,12,10,10,0,3,13,13,48,50,13,11
7,11,7,14,22,30,18,12,13,10,12,9,5,8,10,10,7,4,8,11,12,13,13,11

0,6,1,0,0,3,1,4,23,43,55,58,56,14,15,36,14,7,9,0,0,2,8,9
8,7,7,3,4,20,26,72,114,110,65,53,53,63,52,53,17,0,9,3,1,3,6,9
9,11,0,10,17,75,83,177,284,222,139,107,86,102,72,54,13,9,11,11,0,1,10,10
10,12,2,12,24,74,178,217,307,325,213,132,103,108,105,79,25,13,11,5,6,11,11,9
8,6,7,12,55,113,194,220,285,319,254,142,73,76,86,90,41,10,0,1,7,6,6,0
0,9,6,28,64,110,188,201,289,334,247,139,87,74,74,80,57,37,12,8,8,8,7,9
10,7,8,52,81,121,155,122,183,244,180,129,90,13,59,83,73,12,14,12,12,10,5,9
8,12,18,60,88,112,134,131,107,140,133,121,115,73,54,86,91,48,0,0,7,1,0,6
0,9,30,66,106,143,153,155,99,91,118,124,100,71,60,67,67,60,22,10,0,0,0,5
4,11,34,65,109,167,194,162,109,79,79,107,125,107,76,57,57,73,62,14,13,4,2,5
0,5,4,65,100,179,197,147,109,75,77,63,71,110,102,91,85,58,11,3,10,2,0,4
0,0,13,60,113,140,141,137,112,104,62,57,62,92,111,120,105,63,14,7,0,0,0,0
0,0,33,56,104,113,105,118,108,68,75,60,42,63,76,96,102,82,102,63,2,9,3,4
0,0,9,62,108,124,117,108,106,109,100,69,13,50,17,43,71,101,71,61,61,46,10,0
0,10,6,81,104,122,116,114,113,104,85,59,4,6,2,1,13,13,7,25,60,54,12,0
0,14,55,101,148,139,176,128,107,70,76,56,7,6,0,0,5,1,0,4,9,30,41,10
10,23,81,103,149,169,163,116,89,68,57,55,14,8,6,12,13,13,11,10,13,13,13,12
20,38,69,102,182,222,274,286,221,56,53,42,31,28,14,16,14,14,13,13,17,19,23,13
39,59,96,156,225,235,257,226,190,97,57,57,13,10,10,4,0,2,6,9,7,2,5,5
36,68,107,178,240,351,366,258,179,151,107,108,12,8,8,7,3,2,0,0,4,4,2,3
44,95,110,171,214,321,329,285,196,172,146,111,81,16,12,1,0,0,10,7,7,7,7,2
27,56,78,130,172,187,219,229,225,189,175,128,81,53,14,10,0,0,16,10,7,0,0,0
13,29,65,115,116,121,159,169,169,162,145,132,127,88,52,34,7,6,13,17,11,10,6,0
0,9,14,14,100,105,121,128,135,136,140,131,121,115,104,52,53,9,1,0,7,5,0,0
7,0,2,13,14,48,100,111,120,119,125,123,114,111,104,47,12,10,9,0,0,0,6,0
6,9,3,14,14,12,53,91,109,109,110,111,113,108,105,101,17,0,8,8,7,6,7,8
0,0,5,12,11,13,13,9,35,104,104,107,103,106,103,102,71,8,0,8,6,2,7,2
1,0,9,2,13,25,28,9,3,41,62,74,106,109,103,100,71,56,3,0,0,2,0,0
0,5,12,13,5,34,33,5,9,8,33,49,50,64,81,103,106,79,14,0,1,0,0,0
3,4,14,0,4,12,14,21,15,3,11,20,30,52,84,101,100,72,13,0,5,3,0,5
3,5,0,10,12,13,34,31,12,12,33,25,33,50,59,81,78,73,32,7,11,6,4,5
0,0,0,16,31,31,31,12,10,13,25,13,14,64,72,91,95,79,52,3,4,0,0,0
4,0,0,12,24,27,33,32,11,11,13,13,20,54,69,84,102,80,64,1,0,0,0,2
0,0,1,11,31,48,37,23,13,12,14,3,21,50,57,74,92,77,58,8,4,0,0,1
0,11,9,14,32,52,38,30,21,10,3,5,3,3,24,57,70,57,57,14,2,0,0,0
4,12,14,12,51,53,43,29,14,10,1,0,2,6,9,50,54,67,58,0,0,0,0,0
13,3,14,19,49,51,51,39,17,9,0,0,9,7,5,38,75,55,51,2,0,0,0,0
0,8,10,38,29,47,37,30,12,12,11,4,9,8,6,10,14,48,44,11,0,0,0,0
0,8,22,37,51,33,50,47,14,12,9,13,11,6,11,9,12,10,11,0,0,0,0,1
6,13,13,53,55,61,37,36,16,14,7,12,11,15,12,0,7,11,9,11,0,0,0,0
11,15,12,51,61,51,43,7,13,0,12,10,12,11,14,14,14,11,14,36,14,7,5,0
12,9,12,42,55,57,30,4,11,13,8,11,10,11,8,13,17,14,30,50,43,9,0,0
0,10,16,12,30,53,11,22,12,16,10,9,13,12,10,10,0,3,13,13,50,50,13,11
7,11,7,14,22,30,20,12,12,10,12,9,5,8,10,10,7,4,8,11,12,13,13,11

0,6,1,0,0,3,1,4,23,43,56,58,56,14,15,36,14,7,9,0,0,2,8,9
8,7,7,3,4,20,25,72,114,110,66,53,53,63,52,53,14,0,9,3,1,3,6,9
9,11,0,10,17,75,83,177,286,223,139,107,86,102,72,54,13,9,11,11,0,1,10,10
10,12,2,12,24,74,178,217,307,325,214,132,103,108,105,79,25,13,11,5,6,11,11,9
8,6,7,12,55,114,195,221,285,318,256,142,73,76,87,90,42,10,0,1,7,6,6,0
0,9,6,28,64,111,190,201,289,335,247,139,87,74,75,80,57,37,12,8,8,8,7,10
10,7,8,52,81,122,156,123,184,244,180,129,90,13,59,83,73,12,14,12,12,10,5,9
8,12,18,60,88,113,135,131,107,140,133,121,115,73,54,86,91,47,0,0,7,1,0,6
1,10,31,66,106,144,154,155,99,91,118,124,100,71,60,68,68,60,22,10,0,0,0,5
4,12,35,65,110,169,194,161,107,79,79,107,125,107,76,57,57,73,62,14,13,4,2,5
0,5,5,65,102,182,197,145,108,74,77,64,71,111,102,92,86,58,11,3,10,2,0,4
0,0,13,60,113,140,141,136,111,103,62,57,62,92,111,121,105,63,14,7,0,0,0,0
0,0,32,56,104,112,105,117,107,65,73,60,43,64,76,97,102,82,103,63,2,9,3,4
0,0,8,62,108,124,117,108,106,109,100,70,13,50,17,44,71,101,72,61,61,46,10,0
0,10,5,81,104,122,117,114,113,103,85,59,4,6,2,1,13,13,7,25,59,54,12,0
0,14,55,101,148,140,177,128,107,70,75,56,7,6,0,0,5,1,0,4,9,29,43,10
10,23,81,103,149,169,163,116,89,68,57,55,14,8,6,12,13,13,11,10,13,13,13,12
20,38,69,102,182,222,274,288,221,56,53,42,31,28,14,15,14,14,13,13,17,19,23,13
39,59,96,156,225,235,258,226,190,97,57,57,13,10,10,4,0,2,6,9,7,2,5,5
36,68,107,178,240,351,367,259,179,151,107,108,11,8,8,7,3,2,0,0,3,4,2,3
45,95,110,171,214,321,329,287,196,171,145,111,80,16,12,1,0,0,10,8,7,7,7,2
27,56,77,130,172,187,218,229,225,188,175,128,81,53,14,10,0,0,16,10,7,0,0,0
13,29,65,115,116,121,159,169,169,162,145,132,127,88,52,34,7,6,13,17,11,10,6,0
0,9,14,14,100,105,121,128,135,136,140,131,121,115,104,51,52,9,1,0,7,5,0,0
7,0,2,13,14,48,100,111,120,119,125,123,114,111,104,47,12,10,9,0,0,0,6,0
6,9,3,14,14,12,52,93,109,109,111,111,113,108,105,101,17,0,8,8,7,6,7,8
0,0,5,12,11,13,13,9,35,104,104,107,103,106,103,102,71,8,0,8,6,2,7,2
1,0,9,1,13,23,28,9,3,41,62,74,106,108,103,100,71,56,3,0,0,2,0,0
0,5,12,13,5,34,32,5,9,8,33,50,50,64,81,103,106,79,14,0,1,0,0,0
4,4,14,0,4,12,14,21,15,3,11,20,30,52,84,101,100,73,13,0,5,3,0,5
3,5,0,10,12,13,34,30,12,12,33,25,34,50,59,80,77,73,32,7,11,6,4,5
0,0,0,15,31,31,31,12,10,14,24,13,14,63,71,91,96,79,52,3,4,0,0,0
4,0,0,12,24,27,33,32,11,11,13,13,20,54,68,84,102,80,64,0,0,0,0,2
0,0,1,11,31,47,37,23,13,12,14,3,22,50,56,74,92,77,58,8,4,0,0,1
0,11,9,14,32,52,39,29,21,10,3,5,3,3,24,57,70,57,57,14,2,0,0,0
4,12,14,12,51,53,43,29,14,10,1,0,2,6,9,50,54,67,58,0,0,0,0,0
12,3,14,19,49,51,51,39,17,9,0,0,9,7,5,37,75,55,51,1,0,0,0,0
0,8,10,38,29,47,39,30,12,12,11,4,9,8,6,10,14,50,43,11,0,0,0,0
0,8,23,37,51,33,50,47,14,12,9,13,11,6,11,9,12,10,11,0,0,0,0,1
6,13,13,53,56,61,37,36,15,14,7,12,11,15,12,0,7,12,9,11,0,0,0,0
11,15,12,51,61,51,44,7,13,0,12,10,12,11,14,14,14,11,14,35,14,7,5,0
12,9,11,41,55,57,30,4,11,13,8,11,10,11,8,13,17,14,30,50,43,9,0,0
0,10,16,12,30,53,11,22,12,16,10,9,13,12,10,10,0,3,13,13,50,50,13,11
7,11,7,14,22,30,20,12,12,10,12,9,5,8,10,10,7,4,8,11,12,13,13,11

0,6,1,0,0,3,1,4,23,43,55,58,56,14,14,36,14,7,9,0,0,3,8,9
8,7,7,3,4,20,25,72,114,110,66,53,53,63,52,53,14,0,9,3,1,3,6,9
9,11,0,10,18,75,83,177,285,222,139,107,85,101,72,54,13,9,11,11,0,1,10,10
10,12,2,12,24,75,178,218,308,325,213,132,103,108,105,79,26,13,11,5,6,11,11,9
8,6,7,12,55,114,196,222,286,319,256,142,73,76,86,90,42,10,0,1,7,6,7,0
0,9,6,28,64,111,191,203,289,334,247,139,87,74,74,80,57,38,12,8,8,8,7,10
10,7,8,52,81,122,157,123,184,243,180,129,90,13,59,83,73,12,14,12,12,10,5,9
8,12,19,60,89,113,136,132,107,139,133,121,115,73,54,86,92,49,0,0,7,1,0,6
1,10,31,66,106,145,155,155,99,91,118,124,101,71,60,68,68,60,23,10,0,0,0,5
4,12,35,65,110,170,194,160,107,78,79,108,126,107,76,57,58,73,62,14,13,4,2,5
0,5,5,65,101,182,197,144,107,74,77,64,71,111,102,92,86,58,11,3,10,2,0,4
0,0,13,59,113,140,141,135,110,103,62,57,62,92,111,121,105,63,14,7,0,0,0,0
0,0,31,56,104,112,105,117,107,62,75,61,42,64,76,97,102,82,103,63,2,9,3,4
0,0,8,62,107,124,117,108,106,109,100,69,13,50,17,44,73,101,72,61,62,46,10,0
0,10,5,81,104,122,117,114,113,103,85,58,4,6,2,1,13,13,6,25,59,54,12,0
0,14,55,101,148,140,178,129,108,70,75,55,7,6,0,0,5,1,0,4,9,30,43,10
10,22,80,103,149,169,163,117,89,68,57,54,14,8,6,12,13,13,11,10,12,13,14,12
20,38,69,102,181,222,275,288,222,56,53,42,30,28,14,15,14,14,13,13,17,19,23,13
39,59,96,155,225,235,257,227,191,97,57,57,13,10,10,4,0,2,6,9,7,2,5,5
36,68,107,177,240,351,368,259,179,151,107,108,11,8,8,7,3,2,0,0,3,4,2,3
44,95,110,171,214,321,330,287,196,171,145,111,81,15,12,1,0,0,10,8,7,7,7,2
27,56,77,130,172,187,219,229,225,189,175,128,81,52,14,9,0,0,15,10,7,0,0,0
13,29,65,115,115,121,159,169,169,163,145,132,127,88,52,34,7,5,13,17,11,10,6,0
0,9,14,14,100,105,121,128,135,136,140,131,121,115,104,50,53,9,0,0,7,5,0,0
7,0,2,13,14,47,100,111,120,119,125,123,114,111,104,48,12,10,8,0,0,0,5,0
6,9,3,14,14,12,52,92,109,109,110,111,113,108,105,101,17,0,8,8,7,6,7,8
0,0,5,12,11,13,13,9,33,104,104,107,103,106,103,102,71,8,0,7,6,2,7,2
1,0,9,2,13,23,28,9,3,40,62,74,106,108,103,100,71,56,3,0,0,2,0,0
0,5,12,14,5,34,35,5,9,9,32,47,50,64,81,103,106,78,14,0,1,0,0,0
3,4,14,0,4,12,14,21,15,3,12,20,31,52,84,101,100,72,13,0,5,3,0,5
3,5,0,10,12,13,34,31,12,12,33,26,34,50,59,80,77,73,32,7,11,6,4,5
0,0,0,16,31,31,31,12,10,14,24,13,14,64,72,91,95,79,52,3,4,0,0,0
4,0,0,12,24,27,33,31,11,11,13,13,20,54,68,83,102,80,65,0,0,0,0,2
0,0,1,11,32,49,38,23,13,12,14,3,21,50,56,74,92,76,58,8,4,0,0,1
0,11,9,14,32,52,39,30,22,10,3,5,3,3,24,57,70,57,57,14,2,0,0,0
4,12,14,12,51,53,43,29,14,10,1,0,2,6,9,50,54,67,58,0,0,0,0,0
13,3,14,19,49,51,51,40,17,9,0,0,9,7,5,39,74,55,51,2,0,0,0,0
0,8,10,37,29,47,38,30,12,12,11,4,9,8,6,10,14,50,44,11,0,0,0,0
0,8,23,37,51,33,49,48,14,12,9,13,11,6,11,9,12,10,11,0,0,0,0,1
6,13,13,53,56,61,37,36,15,13,7,12,11,15,12,0,7,12,9,11,0,0,0,0
11,15,12,51,61,51,44,7,13,0,12,10,12,11,14,14,14,11,14,36,14,8,5,0
12,9,12,42,55,58,30,4,12,13,8,11,10,11,8,13,17,14,32,50,44,9,0,0
0,10,17,12,30,53,11,22,12,16,10,9,13,12,10,10,0,4,13,13,50,50,13,11
7,11,7,14,22,30,20,13,12,10,12,9,5,8,10,10,7,4,8,11,12,13,13,11
