0,0,0,0,0,0,0,0,0,2,0,5,0,9,7,12,0,6,0,0,6,8,12,0
10,0,0,12,12,9,10,8,8,8,39,52,41,50,41,28,29,13,0,14,23,14,6,6
0,0,2,9,11,17,13,21,50,52,56,51,66,63,53,52,30,41,6,17,25,10,13,3
0,0,0,0,1,8,36,49,59,62,67,63,51,59,56,53,52,35,16,22,12,11,0,7
0,0,0,0,0,0,0,6,11,51,50,54,59,57,21,53,36,51,17,17,5,1,7,1
0,0,0,3,6,2,5,17,38,53,60,69,76,63,68,54,56,56,11,4,7,0,0,7
0,0,0,0,1,6,13,52,67,71,74,83,103,75,74,92,64,67,32,12,6,0,1,4
0,0,0,0,1,7,52,68,71,81,103,93,100,74,89,95,97,84,76,60,51,13,4,0
0,0,0,1,14,46,57,65,79,102,96,100,118,73,70,95,115,96,71,60,52,41,3,0
0,0,9,7,12,55,59,61,83,99,105,102,106,117,120,115,134,131,76,62,58,58,9,7
0,6,12,14,48,54,57,79,88,105,123,110,130,138,136,135,124,120,85,57,52,57,51,9
0,0,9,25,56,53,52,63,101,118,136,138,136,153,165,155,140,111,72,54,54,56,55,12
3,2,13,41,64,58,51,50,78,111,131,145,150,152,154,155,134,85,66,38,45,51,50,5
1,2,10,53,64,61,58,53,61,96,121,133,139,155,149,143,123,104,101,14,10,59,74,51
0,8,13,52,53,15,40,38,51,55,78,106,134,136,135,134,118,96,63,13,8,6,30,24
0,0,0,2,58,53,0,8,11,52,71,98,130,129,119,115,101,106,69,30,14,9,27,14
11,12,12,15,50,22,37,11,31,65,84,87,131,87,83,86,81,84,109,53,11,11,38,35
6,10,6,11,31,35,32,27,40,62,120,142,154,175,144,179,140,124,83,60,30,17,24,19
0,0,0,8,13,9,14,29,58,111,142,162,162,131,127,171,154,149,119,114,53,20,12,8
1,0,4,3,10,10,13,55,102,125,153,184,198,160,146,187,210,164,144,120,75,29,5,11
3,5,9,9,8,12,23,59,68,109,164,184,196,183,148,212,185,184,149,114,80,27,14,14
0,4,7,11,20,19,24,35,93,124,155,185,195,185,122,201,179,181,142,114,74,35,19,18
2,3,5,0,3,18,24,38,60,113,148,160,155,133,95,116,140,146,111,102,102,53,23,16
0,0,0,4,0,12,24,14,100,106,122,131,129,106,64,81,115,113,104,104,100,13,11,8
1,0,0,0,4,5,13,64,23,97,101,103,105,102,50,76,89,104,90,74,61,24,20,12
4,2,0,5,3,10,8,11,7,44,85,101,102,102,42,45,100,107,102,100,58,16,13,11
0,0,0,1,8,0,8,1,7,13,43,72,84,82,79,10,85,102,102,68,63,14,8,11
2,0,0,0,0,0,0,0,5,27,40,66,58,76,60,10,86,100,100,54,50,11,11,4
0,0,0,0,0,0,0,0,0,11,12,12,50,54,48,9,13,60,46,47,29,10,14,10
0,0,0,0,0,0,0,0,0,1,8,10,14,22,26,21,18,20,28,12,7,10,11,0
6,7,6,1,0,10,3,3,7,13,23,12,5,3,4,12,16,20,12,12,8,4,10,6
0,0,0,0,1,2,4,3,5,8,6,3,0,0,1,12,13,28,28,29,11,0,0,0
6,0,0,0,0,0,0,0,0,0,0,0,0,0,0,10,12,35,34,45,17,0,0,0
0,0,0,0,0,0,0,0,0,0,0,0,0,4,7,31,19,51,57,59,53,21,12,9
0,0,0,0,0,0,0,0,0,0,0,8,0,0,7,24,37,54,70,59,56,28,13,9
7,0,0,0,0,0,0,0,0,0,0,2,0,5,4,22,31,57,61,58,55,21,12,2
0,0,0,0,0,0,0,0,0,0,0,10,12,2,0,12,14,52,55,55,32,14,12,4
0,0,0,0,0,3,2,0,0,0,7,9,9,9,2,9,13,42,52,33,50,13,8,2
0,0,0,0,0,0,0,0,0,4,0,2,10,12,2,11,30,34,36,58,51,15,5,0
0,0,0,0,0,0,2,0,0,5,11,11,0,3,11,2,21,27,75,83,48,11,7,0
4,5,0,0,0,3,8,5,12,10,3,9,7,1,3,8,13,46,54,64,35,8,4,0
5,5,0,0,0,5,7,10,0,0,6,11,13,12,11,20,42,56,174,120,27,16,6,2
1,0,0,0,2,0,0,0,0,5,12,38,9,5,9,3,15,73,128,95,24,24,11,2
1,0,0,4,2,0,1,7,7,0,3,1,0,5,0,7,11,14,17,19,19,11,12,8

0,0,0,0,0,0,0,0,0,2,0,5,0,9,6,12,0,6,0,0,6,8,13,0
10,0,0,12,12,10,10,8,8,8,40,52,45,50,41,29,29,13,0,14,25,14,6,6
0,0,2,9,11,17,13,21,50,52,56,51,66,63,53,52,30,42,6,17,26,10,13,3
0,0,0,0,2,8,36,50,59,63,68,64,52,59,56,53,52,36,17,22,12,11,0,7
0,0,0,0,0,0,0,7,11,51,51,54,61,58,24,53,36,51,17,18,6,1,7,2
0,0,0,3,6,2,6,18,39,53,61,70,77,64,69,54,58,57,11,4,7,0,0,7
0,0,0,0,1,6,13,52,68,71,75,83,104,76,75,93,65,67,36,12,6,0,1,4
0,0,0,0,1,8,52,68,72,82,103,93,101,74,90,95,97,84,76,60,51,13,4,0
0,0,0,1,14,48,58,66,79,102,96,101,119,74,70,96,115,95,71,60,52,41,3,0
0,0,9,7,12,55,60,62,84,99,105,102,106,116,120,115,133,129,76,62,59,59,9,7
0,6,12,14,50,54,57,79,88,105,122,108,128,137,136,135,122,118,84,57,52,57,52,9
0,0,9,25,56,53,52,63,101,117,135,136,134,150,163,153,138,108,71,54,54,56,55,12
3,2,13,41,64,59,51,50,77,111,130,144,148,149,151,152,133,83,65,37,45,51,50,5
0,2,10,52,63,60,57,50,60,95,120,132,138,151,148,142,123,104,101,14,10,58,73,46
0,7,13,52,53,14,39,35,51,55,78,105,133,135,134,134,118,95,63,13,8,5,28,22
0,0,0,2,57,52,0,8,11,52,71,97,129,128,117,114,99,106,70,31,14,9,27,14
11,12,11,14,49,22,36,11,31,65,83,86,130,86,82,85,81,84,109,54,10,11,37,35
6,10,6,11,30,35,32,27,40,62,119,140,151,172,142,177,138,122,83,60,30,17,24,19
0,0,0,7,12,8,14,27,58,110,141,160,161,131,128,171,154,148,119,114,53,21,12,8
0,0,4,3,10,10,13,56,102,124,152,183,198,162,147,188,210,164,144,120,75,30,5,11
3,5,9,9,8,12,23,59,68,110,164,184,197,187,151,214,187,184,149,115,80,27,14,14
0,4,8,11,19,19,25,35,94,125,156,186,197,188,124,203,180,182,143,114,74,35,19,18
2,3,5,0,3,17,24,38,60,114,149,162,157,135,100,117,141,146,111,103,102,54,23,17
0,0,0,4,0,12,25,14,100,107,123,132,130,106,64,84,115,114,104,104,100,13,11,8
1,0,0,0,4,5,12,63,26,100,101,103,105,102,52,76,91,104,90,75,61,24,20,12
4,2,0,5,3,10,8,11,8,45,88,101,102,102,40,47,100,107,102,100,58,16,13,11
0,0,0,2,8,0,8,1,7,13,48,72,83,83,79,11,86,102,102,68,64,14,8,11
2,0,0,0,0,0,0,0,5,29,41,65,58,75,60,10,88,100,100,54,50,11,11,4
0,0,0,0,0,0,0,0,0,11,12,12,50,55,50,9,13,60,46,48,29,10,14,10
0,0,0,0,0,0,0,0,0,1,8,10,14,23,27,22,19,21,28,12,7,10,11,0
6,7,6,1,0,10,4,4,7,14,24,12,6,6,5,13,18,20,12,12,8,4,10,6
0,0,0,0,1,2,5,3,5,8,7,4,0,0,2,12,13,28,28,29,11,0,0,0
6,0,0,0,0,0,0,0,0,0,0,0,0,0,0,10,13,35,34,45,16,0,0,0
0,0,0,0,0,0,0,0,0,0,0,0,0,5,7,30,19,50,57,59,53,21,12,9
0,0,0,0,0,0,0,0,0,0,0,8,0,0,7,24,36,54,70,59,57,28,13,9
7,0,0,0,0,0,0,0,0,0,0,2,2,6,4,22,31,58,61,58,55,21,12,2
0,0,0,0,0,0,0,0,0,0,0,10,12,3,0,12,14,52,55,55,33,14,12,4
0,0,0,0,0,3,1,0,0,0,7,8,9,9,2,9,13,43,52,33,50,13,8,1
0,0,0,0,0,0,0,0,0,4,0,2,11,12,2,11,31,34,37,58,51,16,5,0
0,0,0,0,0,0,2,0,0,5,12,11,0,3,11,3,23,27,76,84,50,11,7,0
4,5,0,0,0,3,8,5,12,10,3,9,8,1,4,9,14,48,55,64,36,7,5,0
5,5,0,0,0,5,7,10,0,0,5,11,13,12,12,21,44,56,174,120,28,16,6,2
2,0,0,0,2,0,0,0,0,5,12,38,10,6,10,4,18,74,131,98,24,25,11,2
1,0,0,4,2,0,1,7,7,0,3,1,0,5,0,7,11,14,17,19,19,12,12,8

0,0,0,0,0,0,0,0,0,2,0,5,0,9,7,12,0,5,0,0,6,8,12,0
10,0,0,12,12,10,11,9,8,9,48,53,50,51,47,30,31,13,0,14,25,14,6,6
0,0,1,10,11,20,13,25,51,53,58,52,69,66,54,53,31,43,7,22,29,10,13,3
0,0,0,0,2,8,38,53,60,65,73,70,58,62,57,54,54,36,21,25,12,11,0,7
0,0,0,0,0,0,0,8,13,52,53,56,66,62,41,55,41,53,19,20,6,2,7,1
0,0,0,3,7,3,7,24,46,55,64,73,86,71,75,58,62,61,12,7,7,0,0,7
0,0,0,0,1,6,14,53,69,72,77,86,110,79,77,98,67,71,50,13,7,0,1,4
0,0,0,0,1,8,53,69,73,83,105,95,105,76,93,99,99,85,78,61,51,13,5,0
0,0,0,2,16,50,58,66,79,102,97,102,122,75,72,98,116,97,72,61,52,45,4,0
0,0,9,8,12,56,60,61,83,98,105,103,107,117,121,117,134,130,77,63,59,59,10,7
0,6,12,14,50,54,56,78,87,104,122,109,128,137,136,134,121,117,84,57,52,57,52,9
0,0,9,24,56,54,52,62,100,115,133,135,133,148,161,151,136,105,70,53,54,56,55,12
2,2,13,40,64,58,51,50,75,110,129,142,147,147,149,150,131,81,64,36,44,51,50,5
0,2,9,51,62,60,56,44,59,93,120,131,137,148,146,141,122,103,101,14,10,57,70,26
0,7,12,51,52,14,36,32,51,55,78,105,132,133,133,132,117,94,63,13,8,5,27,20
0,0,0,1,54,51,0,8,11,52,70,97,128,127,116,113,98,106,69,31,14,9,27,13
11,12,11,14,47,19,35,11,30,65,83,85,129,84,81,85,80,83,109,54,10,11,37,34
6,10,6,11,28,34,31,26,40,61,118,138,149,169,140,173,136,122,82,60,30,16,23,18
0,0,0,7,12,8,14,27,57,110,140,159,159,131,127,170,154,148,118,114,53,21,12,8
0,0,4,3,9,10,13,55,102,124,152,183,198,162,147,188,210,164,144,120,75,30,5,11
3,5,9,9,8,12,22,58,68,110,164,184,197,187,151,214,187,184,149,115,81,28,14,14
0,4,7,11,19,19,26,34,94,125,156,187,197,189,124,204,180,183,143,115,74,35,20,18
2,3,5,0,3,17,26,39,60,114,150,162,157,136,100,118,141,147,111,103,102,54,23,16
0,0,0,4,0,12,24,14,100,107,124,133,130,106,66,83,115,114,104,104,100,13,11,8
1,0,0,0,4,5,13,62,28,100,101,103,105,102,52,77,91,104,90,75,61,24,20,12
4,2,0,5,3,10,8,11,8,45,88,101,103,102,41,47,100,107,102,100,58,16,13,11
0,0,0,2,8,0,8,1,7,13,50,72,84,82,77,11,85,102,102,68,64,14,8,11
2,0,0,0,0,0,0,0,5,29,40,65,58,75,61,10,88,100,100,54,50,12,11,5
0,0,0,0,0,0,0,0,0,11,13,13,50,54,50,9,13,60,46,49,29,10,14,10
0,0,0,0,0,0,0,0,0,2,9,11,15,24,27,22,18,21,28,12,7,11,11,0
6,7,6,1,0,10,4,4,8,14,24,12,7,7,6,13,17,20,12,12,8,4,10,6
0,0,0,0,1,2,5,3,5,8,7,5,0,0,3,12,13,28,28,29,11,0,0,0
6,0,0,0,0,0,0,0,0,0,0,0,0,0,0,10,12,35,34,45,16,0,0,0
0,0,0,0,0,0,0,0,0,0,0,0,0,5,8,31,19,50,57,59,53,21,12,9
0,0,0,0,0,0,0,0,0,0,0,8,0,0,8,24,37,54,71,59,56,28,13,9
7,0,0,0,0,0,0,0,0,0,0,3,3,6,4,24,31,58,61,58,55,21,12,2
0,0,0,0,0,0,0,0,0,0,0,10,12,3,0,13,14,52,55,55,33,14,12,4
0,0,0,0,0,4,1,0,0,0,7,8,9,10,2,10,13,44,52,33,50,13,8,1
0,0,0,0,0,0,0,0,0,3,0,1,11,13,2,12,34,35,37,58,51,16,5,0
0,0,0,0,0,0,2,0,0,5,12,12,0,2,11,4,24,28,76,84,50,12,8,0
4,5,0,0,0,3,8,5,11,10,3,9,8,2,5,10,14,49,55,64,37,9,5,0
5,5,0,0,0,5,7,10,0,0,5,11,13,12,12,21,45,57,176,120,29,17,7,2
2,0,0,0,2,0,0,0,0,5,12,38,11,7,10,4,19,74,134,100,25,25,11,3
1,0,0,4,2,0,1,7,7,0,2,1,0,5,0,7,11,14,18,19,20,12,12,8

0,0,0,0,0,0,0,0,0,2,2,8,3,13,14,13,0,6,0,0,6,8,12,0
10,0,0,11,12,10,11,9,8,10,51,55,52,52,53,35,36,14,0,14,26,14,6,6
0,0,1,8,10,15,13,28,52,54,61,55,77,73,55,54,32,46,9,22,26,9,12,3
0,0,0,0,0,8,38,53,61,66,78,75,63,64,58,55,54,37,24,26,12,11,0,7
0,0,0,0,0,0,0,9,14,52,54,57,69,65,50,56,44,54,20,21,6,2,7,2
0,0,0,3,7,4,7,25,48,56,66,74,89,74,77,60,64,63,13,8,7,0,0,7
0,0,0,0,1,7,14,53,70,73,77,86,111,80,78,100,68,72,52,13,7,0,1,4
0,0,0,0,1,8,53,69,73,83,105,95,105,76,93,98,98,85,78,61,51,13,5,0
0,0,0,2,17,50,58,66,79,102,97,102,122,75,73,98,114,95,72,61,52,46,4,0
0,0,10,8,12,56,60,61,83,98,104,102,105,116,119,115,132,128,76,63,59,59,10,7
0,6,12,14,50,54,56,77,86,102,118,103,124,133,132,131,117,114,82,57,52,57,52,9
0,0,9,25,56,54,53,61,99,113,129,129,128,144,155,146,132,102,67,53,54,56,54,12
2,1,12,41,64,58,52,50,73,109,126,137,142,142,144,145,128,78,62,35,44,51,50,5
0,2,9,51,62,60,56,40,59,92,118,128,134,141,142,138,120,103,100,14,10,56,68,14
0,6,12,50,52,14,37,32,52,55,77,103,130,128,129,130,116,92,62,13,8,4,26,17
0,0,0,1,52,53,0,9,11,52,70,95,124,122,111,109,95,105,69,31,14,9,26,13
11,11,11,14,44,17,37,10,27,64,82,82,125,80,77,81,77,82,108,53,10,11,36,32
6,9,4,10,27,33,32,25,39,60,114,131,139,158,131,162,131,117,80,58,30,16,23,17
0,0,0,6,12,8,14,26,57,109,138,155,157,128,125,169,153,148,118,114,52,21,12,8
0,0,3,3,9,10,14,55,102,123,151,182,199,164,149,190,211,165,144,120,75,28,4,11
3,5,9,9,9,12,18,57,70,112,166,186,199,193,161,219,189,187,151,116,83,30,16,14
1,4,8,11,16,18,27,35,98,127,161,191,202,195,130,209,184,187,146,116,76,35,21,19
3,3,5,0,2,16,27,39,62,116,155,167,162,141,102,122,143,149,114,104,103,55,22,15
0,0,0,4,0,12,28,14,100,108,126,135,134,108,71,90,117,115,105,105,101,14,11,8
1,0,0,0,5,5,12,56,35,100,102,104,106,103,60,83,92,104,90,75,62,25,20,12
4,2,0,5,4,10,7,11,8,51,94,101,103,102,41,52,100,106,102,100,60,19,13,12
0,0,0,2,8,0,8,1,7,14,57,74,82,83,79,11,86,102,102,68,65,15,9,12
2,0,0,0,0,0,0,0,6,34,43,70,59,74,61,10,90,100,100,54,51,12,12,5
0,0,0,0,0,0,0,0,0,12,14,14,51,56,51,9,14,61,47,50,31,11,14,10
0,0,0,0,0,0,0,0,0,2,10,12,17,27,29,23,19,22,29,12,7,11,11,0
6,7,7,1,0,9,4,4,8,14,25,12,7,9,7,13,18,21,12,12,8,4,10,6
0,0,0,0,1,2,4,3,5,8,7,5,0,0,5,12,13,27,28,30,12,0,0,0
6,0,0,0,0,0,0,0,0,0,0,0,0,0,0,11,12,35,35,46,18,0,0,0
0,0,0,0,0,0,0,0,0,0,0,0,0,5,9,33,19,50,57,59,53,22,12,9
0,0,0,0,0,0,0,0,0,0,0,8,0,0,9,26,36,54,71,59,57,30,13,9
7,0,0,0,0,0,0,0,0,0,0,3,2,6,5,27,32,58,61,58,55,21,12,2
0,0,0,0,0,0,0,0,0,0,0,10,12,4,0,13,14,52,55,55,33,14,12,4
0,0,0,0,0,4,0,0,0,0,7,7,8,9,2,10,13,43,52,33,50,13,8,0
0,0,0,0,0,0,0,0,0,4,0,0,11,12,2,12,34,35,37,58,52,15,6,0
0,0,0,0,0,0,2,0,0,4,13,10,0,1,11,4,25,28,73,82,50,11,8,0
4,5,0,0,0,3,8,5,11,9,2,8,8,3,5,10,14,50,55,63,34,9,6,0
5,5,0,0,0,5,7,10,0,0,4,10,13,12,11,22,44,57,175,120,30,17,7,2
1,0,0,0,2,0,0,0,0,5,12,39,11,7,11,5,22,75,137,104,25,26,11,3
1,0,0,4,2,0,1,7,7,0,2,0,0,6,0,8,11,14,19,20,21,12,13,9

0,0,0,0,0,0,0,0,0,5,9,25,18,33,32,20,3,7,0,1,7,8,12,0
10,0,0,9,12,10,11,11,10,12,54,59,55,54,57,40,43,20,0,14,26,13,4,5
0,0,0,6,9,13,14,35,54,57,66,61,91,80,57,56,34,50,12,26,24,8,12,2
0,0,0,0,0,6,38,57,63,70,87,83,72,69,59,56,56,38,29,28,10,10,0,6
0,0,0,0,0,0,0,11,26,53,56,60,78,70,54,59,50,56,22,22,7,2,7,1
0,0,0,3,7,4,8,30,53,58,70,77,95,79,79,62,68,68,20,10,8,0,0,7
0,0,0,0,1,8,15,54,72,76,79,88,115,82,79,101,69,73,55,14,8,0,1,3
0,0,0,0,1,8,54,71,74,86,106,97,107,76,93,98,97,84,78,62,52,14,5,0
0,0,0,3,17,50,59,67,79,103,98,101,122,75,73,96,112,94,71,61,53,49,5,0
0,0,10,8,13,57,61,61,82,97,103,99,104,115,117,111,128,125,75,64,60,60,10,8
0,5,12,14,50,55,57,74,84,99,114,98,118,128,128,126,112,109,79,57,52,58,52,9
0,0,9,24,56,54,53,59,94,110,124,122,122,135,146,141,128,97,64,53,54,56,54,12
1,0,12,38,63,58,52,49,70,107,123,131,137,133,138,140,124,75,60,31,43,51,49,5
0,1,9,51,62,60,57,33,58,89,116,125,129,130,136,134,118,102,89,14,9,54,66,13
0,5,11,48,52,14,37,28,51,54,76,101,127,119,123,127,114,88,55,13,8,3,24,14
0,0,0,1,51,55,0,10,10,52,68,91,118,114,103,103,90,104,66,29,14,8,25,13
11,11,10,13,42,17,36,10,20,62,80,77,119,73,72,75,73,78,106,52,10,11,36,32
5,9,3,10,26,32,32,23,38,58,109,120,126,141,118,143,120,109,76,54,29,16,23,17
0,0,0,6,11,8,17,24,56,107,136,150,152,126,122,165,150,146,116,112,50,20,12,7
0,0,2,2,9,10,14,54,101,122,150,181,198,166,151,191,211,164,144,119,75,27,3,11
3,5,9,10,9,12,17,56,72,113,167,187,200,198,172,223,190,189,152,116,83,30,18,14
1,4,8,11,16,18,28,36,100,129,163,193,205,200,135,213,188,190,147,117,77,36,21,19
3,3,5,0,2,16,27,39,64,119,159,170,166,145,104,125,145,151,115,104,103,55,22,15
0,0,0,4,1,12,32,14,100,108,127,138,137,110,76,94,118,116,106,105,101,14,11,8
1,0,0,0,5,5,13,54,39,100,102,105,106,104,64,87,96,105,92,77,64,26,20,13
4,2,0,5,4,10,7,11,9,54,100,102,103,103,45,55,100,107,102,100,60,22,13,12
0,0,0,2,9,0,9,2,7,14,60,74,83,81,82,12,87,102,102,68,67,19,9,12
3,0,0,0,0,0,0,0,6,35,44,72,59,74,63,11,94,101,100,55,51,12,12,5
0,0,0,0,0,0,0,0,0,13,14,14,52,58,54,10,17,66,48,51,33,11,14,10
0,0,0,0,0,0,0,0,0,2,10,12,20,30,31,24,20,24,31,13,7,12,12,0
6,7,7,1,0,9,4,4,8,14,25,13,8,11,8,13,19,21,12,13,8,4,10,6
0,0,0,0,1,2,4,3,5,8,7,5,0,0,6,12,13,28,29,30,12,0,0,0
6,0,0,0,0,0,0,0,0,0,0,0,0,0,0,12,12,36,35,47,21,0,0,0
0,0,0,0,0,0,0,0,0,0,0,0,0,5,10,34,20,51,57,60,53,23,13,9
0,0,0,0,0,0,0,0,0,0,0,8,0,0,9,27,37,55,71,59,57,32,13,9
7,0,0,0,0,0,0,0,0,0,0,4,3,6,5,28,33,58,62,58,55,22,12,2
0,0,0,0,0,0,0,0,0,0,0,10,12,4,0,13,14,52,55,55,33,14,12,4
0,0,0,0,0,3,0,0,0,0,8,8,8,9,2,10,13,42,52,33,51,13,8,0
0,0,0,0,0,0,0,0,0,4,0,0,11,12,2,12,30,34,36,58,52,15,6,0
0,0,0,0,0,0,1,0,0,3,13,10,0,2,11,4,25,27,70,80,50,11,7,0
4,5,0,0,0,3,8,4,11,9,1,6,7,2,5,10,14,46,54,62,35,7,4,0
5,5,0,0,0,5,7,10,0,0,4,10,14,11,11,22,46,57,174,120,31,17,7,2
1,0,0,0,2,0,0,0,0,4,12,40,12,8,12,5,22,74,139,106,25,27,11,3
1,0,0,4,2,0,1,7,7,0,2,0,0,6,0,7,13,14,21,20,22,12,13,9

0,0,0,0,0,0,0,0,0,5,9,25,17,30,31,19,3,7,0,1,7,8,12,0
10,0,0,10,12,10,12,11,10,13,54,59,55,54,57,40,43,22,0,14,28,14,5,5
0,0,0,6,9,14,14,36,54,57,66,61,91,80,56,56,34,50,12,25,26,8,12,2
0,0,0,0,0,7,39,57,63,70,88,84,73,69,59,56,56,38,29,31,11,10,0,6
0,0,0,0,0,0,0,12,30,54,57,60,80,71,55,60,50,56,22,22,7,2,7,2
0,0,0,3,7,4,8,32,53,59,71,78,98,81,80,63,68,69,20,10,8,0,0,7
0,0,0,0,1,8,16,54,72,76,80,89,117,83,80,103,70,74,55,15,8,0,1,3
0,0,0,0,1,8,54,71,74,87,107,98,109,77,94,99,99,85,79,62,52,14,5,0
0,0,0,3,15,50,58,66,80,104,99,103,123,76,74,97,113,95,72,62,52,49,5,0
0,0,10,8,13,56,61,61,82,97,104,101,106,118,119,113,130,125,75,64,60,60,10,7
0,5,12,14,50,54,57,74,84,99,115,100,121,131,130,127,113,109,79,57,52,57,52,9
0,0,9,24,56,54,53,58,94,109,125,124,124,137,148,142,129,97,64,53,54,56,54,12
0,0,12,38,63,58,52,49,70,107,123,131,137,133,138,140,125,75,60,31,43,51,49,5
0,0,8,51,62,60,58,31,58,89,116,124,129,130,136,134,118,102,87,14,9,54,65,13
0,5,11,50,52,14,36,25,50,54,75,100,126,118,122,126,113,86,52,13,8,3,24,14
0,0,0,1,52,55,0,10,10,51,67,90,116,113,103,102,89,104,65,29,14,8,25,13
11,11,10,13,43,19,37,10,16,61,79,76,118,72,71,74,72,76,105,51,10,11,36,32
5,8,3,10,27,32,32,21,37,58,107,117,123,138,116,139,117,107,75,54,29,16,23,16
0,0,0,6,12,8,16,23,56,107,135,148,150,125,121,163,149,145,115,111,50,19,12,7
0,0,1,2,9,10,14,53,101,121,149,179,197,165,150,191,210,163,143,119,74,28,3,11
3,5,9,10,9,12,18,55,72,112,166,186,200,197,171,223,190,188,151,116,83,30,18,14
1,4,8,11,15,18,28,35,100,129,162,193,205,199,135,213,187,190,147,117,77,36,21,19
3,3,5,0,2,16,27,39,64,119,159,170,167,145,104,126,145,152,116,104,103,55,22,15
0,0,0,5,1,12,32,14,100,108,128,138,137,111,75,95,118,116,106,105,101,14,11,8
1,0,0,0,5,5,13,59,41,100,102,105,106,104,67,87,100,105,92,77,64,27,21,13
4,2,0,5,4,10,7,11,9,57,100,102,103,103,46,55,100,107,102,100,61,22,13,12
0,0,0,2,9,0,9,2,7,14,61,75,82,81,86,12,87,102,102,68,67,20,9,12
3,0,0,0,0,0,0,0,6,36,45,73,59,75,64,11,96,101,100,55,52,12,12,5
0,0,0,0,0,0,0,0,0,13,16,14,52,58,54,10,21,65,48,51,34,11,15,10
0,0,0,0,0,0,0,0,0,3,10,12,21,32,32,25,20,25,31,13,8,12,12,0
6,7,7,1,0,9,4,4,8,14,26,13,9,12,9,13,19,21,12,13,8,5,11,6
0,0,0,0,1,2,4,3,5,8,7,5,0,0,6,13,13,28,29,30,12,0,0,0
6,0,0,0,0,0,0,0,0,0,0,0,0,0,0,12,12,36,35,47,21,0,0,0
0,0,0,0,0,0,0,0,0,0,0,0,0,5,11,35,20,51,57,60,53,24,13,9
0,0,0,0,0,0,0,0,0,0,0,8,0,0,10,27,38,55,71,59,57,31,13,9
7,0,0,0,0,0,0,0,0,0,0,4,3,7,6,28,32,58,62,58,55,22,12,2
0,0,0,0,0,0,0,0,0,0,0,10,12,4,0,13,14,52,55,55,33,14,12,4
0,0,0,0,0,3,0,0,0,0,8,8,8,10,2,10,14,42,52,33,50,13,8,0
0,0,0,0,0,0,0,0,0,3,0,0,12,13,2,12,33,34,36,58,52,16,6,0
0,0,0,0,0,0,1,0,0,3,13,11,0,2,11,5,25,27,70,80,50,11,7,0
4,5,0,0,0,3,8,4,11,9,1,5,6,2,5,10,14,47,54,62,36,7,4,0
5,5,0,0,0,5,7,10,0,0,4,10,14,13,11,22,46,57,175,120,30,18,7,2
1,0,0,0,2,0,0,0,0,4,12,42,12,8,12,5,22,74,140,107,25,27,11,3
1,0,0,4,2,0,1,7,7,0,2,0,0,6,1,7,13,14,22,20,22,13,13,9

0,0,0,0,0,0,0,0,0,6,10,33,27,36,33,21,4,8,0,1,7,8,12,0
10,0,0,9,12,10,12,12,11,13,55,60,56,55,58,41,45,23,1,16,28,14,4,5
0,0,0,6,9,13,14,38,55,58,66,63,95,81,57,57,34,50,12,27,24,7,12,2
0,0,0,0,0,7,39,57,64,71,89,85,75,70,59,57,56,38,31,30,10,10,0,6
0,0,0,0,0,0,0,12,31,54,57,61,81,71,55,60,50,56,23,23,7,2,7,2
0,0,0,3,7,4,8,32,54,59,71,77,98,81,80,63,69,69,22,10,8,0,0,8
0,0,0,0,1,8,16,54,72,77,80,89,116,83,80,102,70,74,55,16,8,0,2,4
0,0,0,0,1,8,54,71,74,87,107,97,107,76,93,98,98,85,79,62,52,14,5,0
0,0,0,3,16,50,58,67,80,104,98,102,122,75,73,96,113,94,71,62,53,48,5,0
0,0,10,8,13,57,61,61,82,97,103,99,105,116,117,111,128,124,75,64,60,60,10,8
0,4,12,14,50,54,57,74,83,98,113,97,117,128,127,125,112,107,78,57,52,57,52,9
0,0,9,24,56,54,53,58,93,108,123,121,121,134,146,140,128,95,63,53,54,56,54,12
0,0,11,39,63,58,52,49,70,106,122,129,135,131,136,138,124,74,60,31,43,51,49,5
0,0,8,51,62,60,57,30,57,89,116,124,127,128,135,133,117,102,87,14,9,54,65,13
0,5,11,48,52,14,36,26,50,54,75,100,125,117,122,126,113,86,52,13,8,3,24,14
0,0,0,1,51,56,0,10,10,52,68,89,115,111,101,101,88,103,65,29,14,8,25,12
11,11,10,13,43,18,37,10,17,61,78,75,116,71,70,73,71,76,105,51,10,11,36,32
5,8,3,10,27,32,32,21,37,57,107,116,121,136,113,135,115,105,74,53,28,16,23,16
0,0,0,6,11,8,17,23,55,106,134,148,149,124,120,162,148,144,114,111,49,19,12,7
0,0,1,2,9,10,14,53,101,121,149,180,197,166,151,192,210,163,143,119,74,30,3,11
3,5,9,10,9,12,18,55,72,113,166,186,200,198,172,224,190,188,152,116,83,30,18,14
0,4,8,11,15,19,28,36,100,129,163,194,206,200,136,214,188,190,147,117,77,36,21,19
3,3,5,0,2,16,27,39,65,120,160,171,168,147,105,127,146,153,116,104,103,55,22,14
0,0,0,5,1,12,32,14,101,109,128,139,139,111,78,98,119,117,106,105,101,14,11,8
1,0,0,0,5,5,13,56,41,100,102,105,107,104,66,90,99,105,92,77,64,27,21,13
4,2,0,5,4,10,7,11,9,57,100,102,103,103,46,57,100,107,102,100,61,22,13,12
0,0,0,2,9,0,9,2,7,14,62,74,82,81,85,12,88,102,102,68,68,20,9,12
3,0,0,0,0,0,0,0,6,37,46,75,59,74,64,11,95,101,101,55,52,12,12,5
0,0,0,0,0,0,0,0,0,13,18,14,52,59,55,10,25,66,49,51,34,12,15,10
0,0,0,0,0,0,0,0,0,3,11,12,21,33,32,25,21,24,32,13,8,12,12,0
6,7,7,1,0,9,4,4,8,14,26,13,10,12,9,14,20,22,12,13,8,5,11,6
0,0,0,0,1,2,4,3,6,8,7,5,0,0,7,13,14,28,30,30,12,0,0,0
6,0,0,0,0,0,0,0,0,0,0,0,0,0,0,12,13,36,35,48,21,0,0,0
0,0,0,0,0,0,0,0,0,0,0,0,0,5,11,36,20,51,58,60,53,24,13,9
0,0,0,0,0,0,0,0,0,0,0,9,0,0,10,27,39,55,71,59,57,32,13,9
7,0,0,0,0,0,0,0,0,0,0,4,4,7,6,29,33,58,62,58,55,22,12,2
0,0,0,0,0,0,0,0,0,0,0,10,12,5,0,13,14,52,55,55,33,14,12,4
0,0,0,0,0,3,0,0,0,0,8,8,9,10,2,10,13,43,52,33,50,13,8,0
0,0,0,0,0,0,0,0,0,0,0,0,12,13,2,12,33,35,36,58,52,17,6,0
0,0,0,0,0,0,1,0,0,2,12,10,0,3,11,5,26,27,71,81,50,11,7,0
4,5,0,0,0,3,8,4,11,9,1,5,6,3,5,10,14,46,54,62,36,7,4,0
5,5,0,0,0,4,7,10,0,0,3,10,15,13,11,23,46,57,175,120,30,18,8,2
1,0,0,0,2,0,0,0,0,4,12,40,12,8,12,5,22,74,140,107,25,27,12,3
1,0,0,4,2,0,1,7,7,0,2,0,0,6,1,8,13,14,22,20,23,13,13,9

0,0,0,0,0,0,0,0,0,7,11,45,39,45,36,25,5,9,1,2,7,8,12,0
10,0,0,8,12,10,12,12,11,14,55,62,57,56,60,43,46,31,2,16,28,13,4,5
0,0,0,5,8,12,14,38,55,59,67,64,99,83,57,57,35,50,13,27,20,7,12,2
0,0,0,0,0,6,38,57,64,71,89,85,74,70,59,57,56,38,31,29,9,10,0,6
0,0,0,0,0,0,0,12,31,53,57,61,80,71,55,60,50,56,23,22,7,2,7,2
0,0,0,3,7,4,8,32,54,59,70,77,96,80,79,63,68,68,22,10,8,0,0,8
0,0,0,0,1,8,16,54,72,76,80,88,115,82,79,102,69,74,55,16,8,0,2,3
0,0,0,0,1,8,54,71,74,87,107,96,106,76,93,97,98,84,79,62,52,14,5,0
0,0,0,3,16,50,58,67,80,104,98,101,121,75,73,95,111,93,71,62,53,49,5,0
0,0,9,8,12,57,61,61,81,97,102,98,103,116,116,110,126,123,74,64,60,60,10,8
0,4,12,14,50,54,57,73,83,98,112,95,115,126,126,124,110,106,77,57,52,57,52,9
0,0,9,23,56,53,53,58,92,107,121,119,119,132,144,139,127,94,63,52,54,56,54,12
0,0,11,37,63,58,52,49,69,106,122,129,134,130,136,138,123,74,59,30,42,51,49,5
0,0,8,50,62,60,56,27,58,89,116,124,128,127,135,133,118,102,87,14,9,52,64,13
0,4,11,48,52,14,35,25,51,54,75,100,125,116,121,126,113,86,54,13,8,2,23,14
0,0,0,1,51,55,0,10,10,52,68,89,115,111,101,101,88,103,65,28,14,8,25,12
11,11,10,13,42,17,36,10,18,61,78,75,116,71,70,73,71,76,105,51,10,10,36,32
5,8,3,10,26,31,32,21,37,57,107,115,120,135,112,134,114,104,74,52,28,16,23,16
0,0,0,5,11,8,16,23,56,107,134,148,149,124,120,162,148,144,114,111,49,19,12,7
0,0,0,2,9,9,14,54,101,121,149,180,197,166,151,191,210,163,143,119,74,29,3,11
3,5,9,10,9,12,18,55,72,113,167,187,200,199,174,225,191,189,152,116,83,30,19,14
0,4,8,11,16,19,29,36,100,130,164,195,208,201,137,216,188,191,148,117,77,36,21,19
3,3,5,0,2,16,27,39,65,120,161,172,169,148,106,128,146,153,116,105,103,56,22,14
0,0,0,5,1,12,32,14,101,109,129,140,139,112,79,97,119,117,106,105,101,14,11,8
1,0,0,0,5,5,13,56,41,100,102,105,107,104,69,88,98,105,92,77,64,27,21,13
4,2,0,5,4,10,7,11,9,59,100,102,103,103,47,57,100,107,102,100,61,22,13,12
0,0,0,2,9,0,9,2,7,14,62,75,82,81,88,12,88,102,102,68,68,21,9,12
3,0,0,0,0,0,0,0,6,37,46,74,59,74,64,12,96,101,101,55,52,12,12,5
0,0,0,0,0,0,0,0,0,13,19,15,52,59,55,10,26,66,48,52,34,12,15,10
0,0,0,0,0,0,0,0,0,3,11,12,23,34,32,26,21,25,32,13,8,12,12,0
6,7,7,1,0,9,4,4,8,14,26,13,10,13,9,14,20,22,12,13,8,5,11,6
0,0,0,0,1,2,4,3,6,8,7,5,0,0,7,13,13,29,30,31,12,0,0,0
6,0,0,0,0,0,0,0,0,0,0,0,0,0,0,12,12,36,35,48,22,0,0,0
0,0,0,0,0,0,0,0,0,0,0,0,0,6,11,37,20,51,58,60,53,24,13,9
0,0,0,0,0,0,0,0,0,0,0,9,0,0,10,28,38,55,71,60,57,32,13,9
7,0,0,0,0,0,0,0,0,0,0,4,4,7,6,29,33,59,62,58,55,22,12,3
0,0,0,0,0,0,0,0,0,0,0,10,12,5,0,13,14,52,56,55,33,14,12,4
0,0,0,0,0,3,0,0,0,0,8,8,9,10,3,10,14,42,52,33,51,13,8,0
0,0,0,0,0,0,0,0,0,0,0,0,12,13,2,12,34,35,36,58,52,17,6,0
0,0,0,0,0,0,1,0,0,2,12,10,0,3,11,5,26,27,71,81,50,12,7,0
4,5,0,0,0,3,8,4,11,9,1,5,5,3,5,10,14,47,54,62,36,7,4,0
5,5,0,0,0,4,7,10,0,0,3,10,14,13,11,23,45,57,175,121,30,18,8,3
2,0,0,0,2,0,0,0,0,4,11,42,12,9,12,5,24,74,140,108,25,27,12,3
1,0,0,4,2,0,1,7,7,0,2,0,0,6,1,8,14,14,22,20,23,13,13,9

0,0,0,0,0,0,0,0,0,7,11,50,42,46,36,26,6,10,1,2,7,8,12,0
10,0,0,7,12,10,12,12,11,14,56,63,57,56,60,43,46,31,2,16,28,13,4,5
0,0,0,5,8,12,14,38,56,58,67,65,100,84,58,57,35,51,14,25,21,7,12,2
0,0,0,0,0,6,38,57,64,71,90,85,75,70,59,57,56,38,32,29,9,9,0,6
0,0,0,0,0,0,0,12,33,53,57,61,80,71,55,60,50,56,23,23,7,2,7,2
0,0,0,3,7,4,8,32,54,59,70,77,96,80,79,63,68,69,22,10,8,0,0,7
0,0,0,0,1,8,17,54,72,76,80,88,115,83,79,102,69,74,55,17,8,0,2,3
0,0,0,0,1,8,54,71,74,87,107,96,106,76,93,97,98,84,79,62,52,14,5,0
0,0,0,4,16,50,59,67,80,104,97,101,121,75,73,94,110,93,71,62,53,49,5,0
0,0,9,8,13,57,61,61,81,96,101,98,104,116,116,109,125,122,74,64,60,60,10,7
0,4,12,14,50,54,57,73,83,97,112,96,116,127,126,124,110,106,77,57,52,57,52,9
0,0,8,22,55,53,53,58,92,107,121,119,119,131,144,138,126,93,63,52,54,56,54,12
0,0,11,38,63,58,51,49,69,106,121,128,134,129,135,138,123,73,59,29,41,51,50,5
0,0,8,51,62,60,56,26,57,88,116,124,127,127,134,133,117,102,87,14,9,51,64,13
0,4,10,48,52,14,33,25,51,54,76,100,125,116,121,126,113,86,54,13,8,2,23,14
0,0,0,1,50,55,0,9,10,52,68,90,115,111,101,101,88,103,65,28,14,8,24,12
11,11,10,13,42,17,35,9,17,62,78,75,116,71,70,73,71,76,105,51,10,10,35,32
5,8,3,10,26,31,32,20,37,57,107,115,120,135,112,134,113,103,74,52,28,16,23,16
0,0,0,5,11,7,16,23,56,107,134,148,149,124,120,162,148,144,114,111,49,19,12,7
0,0,0,2,9,9,14,53,101,121,150,180,197,167,152,192,210,163,143,119,73,29,3,11
3,5,9,10,9,12,18,55,72,113,167,187,200,199,174,225,191,189,152,116,83,31,19,14
0,4,8,11,15,19,29,36,100,130,164,195,208,203,138,216,189,191,148,117,77,36,21,19
3,3,5,0,2,16,27,39,65,120,161,173,170,149,106,129,146,154,117,105,103,55,22,14
0,0,0,5,1,12,35,14,101,109,129,140,140,112,79,98,119,117,106,105,101,14,11,8
1,0,0,0,5,5,13,55,41,100,102,105,107,105,67,90,100,105,93,77,64,27,21,13
4,3,0,5,4,10,7,11,9,59,100,102,103,103,47,57,100,107,102,100,61,23,13,12
0,0,0,2,9,0,9,2,7,14,61,75,82,82,86,12,87,102,102,69,68,21,9,12
3,0,0,0,0,0,0,0,6,37,47,75,59,75,65,12,97,101,101,55,52,12,12,5
0,0,0,0,0,0,0,0,0,13,18,14,52,59,55,10,25,66,49,52,34,12,15,10
0,0,0,0,0,0,0,0,0,3,10,12,23,33,33,25,21,25,31,13,7,12,12,0
6,8,7,1,0,10,4,5,9,14,27,13,10,13,10,14,20,22,12,13,8,5,11,6
0,0,0,0,1,2,5,3,6,8,7,5,0,0,7,13,13,28,30,30,12,0,0,0
6,0,0,0,0,0,0,0,0,0,0,0,0,0,0,12,12,36,35,48,21,0,0,0
0,0,0,0,0,0,0,0,0,0,0,0,0,6,11,36,20,51,58,60,53,25,12,9
0,0,0,0,0,0,0,0,0,0,0,8,0,0,10,27,39,55,72,60,57,32,13,9
7,0,0,0,0,0,0,0,0,0,0,4,3,7,6,29,33,59,62,59,55,22,12,3
0,0,0,0,0,0,0,0,0,0,0,10,12,5,0,13,14,52,56,55,33,14,12,4
0,0,0,0,0,3,0,0,0,0,8,8,8,10,3,10,14,42,53,33,51,13,8,0
0,0,0,0,0,0,0,0,0,0,0,0,12,13,2,12,34,35,36,58,52,17,6,0
0,0,0,0,0,0,1,0,0,2,11,9,0,2,11,5,25,27,71,81,50,12,7,0
4,5,0,0,0,3,8,4,11,9,1,4,6,3,5,11,14,48,55,62,36,7,4,0
5,5,0,0,0,4,7,10,0,0,3,9,15,13,11,24,45,57,175,121,31,18,8,2
1,0,0,0,2,0,0,0,0,4,12,42,12,9,12,5,25,74,141,108,25,27,12,3
1,0,0,4,2,0,1,7,7,0,2,0,0,6,1,8,14,14,22,20,23,13,13,9

0,0,0,0,0,0,0,0,0,7,11,50,43,47,37,27,7,10,2,2,7,8,12,0
10,0,0,7,12,10,12,12,11,14,56,63,57,56,60,43,47,33,3,16,28,13,4,5
0,0,0,5,8,12,14,38,55,58,67,65,100,84,58,58,35,51,14,26,21,7,12,2
0,0,0,0,0,6,38,58,64,71,88,85,74,70,59,57,56,38,33,30,9,10,0,6
0,0,0,0,0,0,0,12,33,53,57,61,80,71,55,60,50,56,23,22,7,2,7,2
0,0,0,3,7,4,8,32,54,59,70,77,96,81,79,63,69,69,22,10,8,0,0,7
0,0,0,0,1,8,18,54,72,76,80,88,116,83,80,102,70,74,55,16,8,0,2,3
0,0,0,0,1,9,54,71,74,87,107,96,107,76,93,97,98,84,79,62,52,14,5,0
0,0,0,4,16,50,59,67,80,103,97,101,121,75,73,95,110,93,71,62,53,47,5,0
0,0,10,8,13,57,61,61,81,96,101,99,105,117,118,111,126,121,74,64,60,60,10,7
0,4,12,13,50,54,57,73,83,97,113,97,118,129,128,126,110,105,77,57,52,57,52,9
0,0,8,21,56,53,53,57,92,107,122,121,120,133,145,140,127,93,62,52,53,55,53,12
0,0,11,37,63,58,51,48,70,106,122,129,134,130,136,138,123,73,59,29,41,51,50,5
0,0,8,50,62,60,56,27,58,88,115,124,127,127,134,133,117,101,86,14,9,50,64,13
0,4,11,48,52,13,33,22,50,54,75,100,125,116,121,126,113,86,53,12,8,2,23,14
0,0,0,1,51,55,0,9,9,52,67,89,115,111,101,101,87,103,65,28,14,8,24,12
10,11,10,13,42,18,35,9,16,61,78,75,116,71,70,73,71,76,105,51,10,10,36,32
4,8,3,10,26,31,32,20,37,57,106,114,119,135,112,134,113,103,74,52,28,16,23,16
0,0,0,5,11,8,16,23,56,106,134,148,149,123,120,162,148,144,114,111,49,19,12,7
0,0,0,2,9,9,14,53,101,121,149,179,196,166,151,191,209,163,143,119,74,29,3,11
3,4,9,10,9,12,18,55,73,113,166,186,200,198,173,225,190,188,152,116,84,31,19,14
0,4,8,11,16,19,29,36,100,130,164,195,207,202,138,215,189,191,148,117,78,36,21,19
3,3,5,0,2,16,27,39,65,120,162,173,169,148,106,128,146,154,117,105,103,56,22,14
0,0,0,5,1,12,35,14,101,109,129,140,140,112,78,98,119,117,107,105,101,14,11,8
1,0,0,0,5,5,13,55,42,100,103,105,107,105,66,91,100,105,93,76,64,27,21,13
4,3,0,5,4,10,7,11,9,59,100,102,103,103,47,57,100,107,102,100,61,24,13,12
0,0,0,2,9,0,9,2,7,14,63,75,83,82,85,12,87,102,103,68,69,21,9,12
3,0,0,0,0,0,0,0,6,38,48,75,59,75,64,12,98,101,101,55,52,12,12,5
0,0,0,0,0,0,0,0,0,13,19,15,53,59,55,10,26,66,49,52,34,12,15,10
0,0,0,0,0,0,0,0,0,3,11,12,23,34,33,26,22,25,32,13,8,12,12,0
6,8,7,1,0,10,4,5,9,14,27,13,10,13,10,14,21,22,12,13,8,5,11,6
0,0,0,0,1,2,5,4,6,8,7,6,0,0,7,13,14,29,31,31,13,0,0,0
6,0,0,0,0,0,0,0,0,0,0,0,0,0,0,13,13,36,35,48,22,0,0,0
0,0,0,0,0,0,0,0,0,0,0,0,0,6,12,38,21,51,58,60,53,25,12,9
0,0,0,0,0,0,0,0,0,0,0,8,0,0,11,27,39,55,72,60,57,32,13,9
7,0,0,0,0,0,0,0,0,0,0,4,4,7,6,30,33,59,62,58,56,22,12,3
0,0,0,0,0,0,0,0,0,0,0,10,12,5,0,13,14,52,56,55,34,14,12,4
0,0,0,0,0,3,0,0,0,0,8,8,8,10,3,11,14,43,52,33,51,13,8,0
0,0,0,0,0,0,0,0,0,1,0,0,12,13,2,12,34,35,37,58,52,15,6,0
0,0,0,0,0,0,0,0,0,2,11,9,0,2,11,5,26,27,71,81,50,11,7,0
4,5,0,0,0,3,8,4,11,9,1,4,6,3,5,10,14,46,54,62,37,7,4,0
5,5,0,0,0,4,7,10,0,0,2,9,14,13,11,23,45,57,176,121,31,19,8,2
1,0,0,0,2,0,0,0,0,3,11,42,12,9,12,5,24,74,141,108,25,27,12,3
1,0,0,4,2,0,1,7,7,0,2,0,0,6,1,8,14,14,22,20,22,13,13,9

0,0,0,0,0,0,0,0,0,7,11,50,46,47,37,28,7,10,2,2,7,8,12,0
10,0,0,7,12,10,12,12,11,14,56,63,57,56,60,43,48,35,3,17,29,13,4,5
0,0,0,4,7,11,14,38,55,58,67,66,100,85,58,58,35,51,14,25,20,7,12,2
0,0,0,0,0,6,38,57,64,71,88,86,75,70,60,57,57,39,32,30,9,9,0,6
0,0,0,0,0,0,0,12,31,53,57,61,79,71,55,60,50,56,23,22,7,2,7,2
0,0,0,3,7,4,8,32,53,59,70,76,94,79,79,63,68,69,22,9,8,0,0,7
0,0,0,0,1,8,16,54,72,76,79,87,113,82,79,101,69,73,55,15,7,0,2,3
0,0,0,0,1,8,54,71,74,86,106,95,104,75,92,96,97,84,79,62,52,14,5,0
0,0,0,4,16,50,58,67,80,103,97,99,119,75,72,94,110,93,71,62,53,48,5,0
0,0,9,8,13,57,61,61,81,95,100,97,103,115,116,110,125,122,74,64,60,60,10,8
0,4,12,14,50,54,57,73,83,97,111,96,115,127,126,124,110,106,77,57,52,57,52,9
0,0,9,23,55,53,53,58,92,107,121,119,119,132,144,139,127,94,63,52,54,56,54,12
0,0,11,38,63,58,52,49,70,106,121,128,134,129,135,138,123,73,59,30,42,51,50,5
0,0,8,51,62,61,57,30,58,88,116,123,127,126,133,132,117,101,89,14,9,52,65,13
0,4,11,47,52,14,36,26,51,54,75,100,125,115,121,125,113,86,54,13,8,2,23,14
0,0,0,1,51,56,0,10,9,52,67,89,114,110,100,101,87,103,65,29,14,8,25,12
11,11,10,13,43,19,36,10,17,61,78,75,116,70,69,73,71,76,105,51,10,10,36,32
4,8,3,10,26,31,32,21,37,57,106,114,118,134,111,132,113,103,74,52,28,16,23,16
0,0,0,5,11,8,17,23,56,107,134,148,149,124,120,161,148,144,114,111,49,20,12,7
0,0,0,2,9,9,14,54,101,121,149,179,197,167,152,192,210,163,143,119,74,30,3,11
3,4,9,10,9,12,18,54,73,113,167,187,200,199,174,225,191,189,152,116,84,31,19,14
1,4,8,11,16,19,29,36,100,130,165,195,208,202,138,215,189,192,148,117,77,36,21,19
3,3,5,0,2,16,27,39,65,120,162,173,170,149,106,129,146,154,117,105,103,56,22,15
0,0,0,5,1,12,35,14,101,109,129,140,140,113,78,98,119,117,107,105,101,14,11,8
1,0,0,0,5,5,13,54,42,100,102,105,107,105,66,91,99,105,93,77,64,27,21,13
4,3,0,6,4,10,7,11,9,60,100,102,103,103,51,59,100,107,102,100,61,24,13,12
0,0,0,2,9,0,9,2,7,14,63,75,82,81,88,12,87,102,103,69,67,22,9,12
3,0,0,0,0,0,0,0,6,38,47,75,59,75,64,12,97,101,101,55,52,12,12,5
0,0,0,0,0,0,0,0,0,13,19,16,53,59,56,10,27,67,49,52,35,12,15,10
1,0,0,0,0,0,0,0,0,3,11,12,23,34,33,26,22,26,33,13,8,12,12,0
6,8,7,1,0,10,4,5,9,14,27,13,10,13,10,14,21,22,12,13,9,5,11,6
0,0,0,0,1,2,5,3,6,8,7,6,0,0,7,13,14,29,31,31,13,0,0,0
6,0,0,0,0,0,0,0,0,0,0,0,0,1,0,13,13,36,36,49,24,0,0,0
0,0,0,0,0,0,0,0,0,0,0,0,0,6,12,39,22,51,58,60,54,25,13,9
0,0,0,0,0,0,0,0,0,0,0,9,0,0,11,28,40,55,72,60,57,33,13,9
7,0,0,0,0,0,0,0,0,0,0,4,4,8,6,30,34,59,62,58,55,22,12,3
0,0,0,0,0,0,0,0,0,0,0,10,12,5,0,14,14,52,55,55,33,14,12,4
0,0,0,0,0,3,0,0,0,0,8,8,7,10,3,11,14,43,52,33,51,13,8,0
0,0,0,0,0,0,0,0,0,2,0,0,12,13,2,12,34,35,36,58,52,16,6,0
0,0,0,0,0,0,0,0,0,3,11,9,0,2,11,5,26,27,71,81,50,12,7,0
4,5,0,0,0,3,8,4,11,9,2,4,6,3,5,11,14,48,54,62,37,7,4,0
5,5,0,0,0,4,7,10,0,0,2,9,14,13,11,23,46,57,177,121,31,19,8,2
1,0,0,0,2,0,0,0,0,3,11,42,12,9,12,5,23,74,140,108,25,27,12,3
1,0,0,4,2,0,1,7,6,0,2,0,0,6,1,8,14,14,22,20,23,13,13,9

0,0,0,0,0,0,0,0,0,8,12,50,50,50,38,31,8,10,2,3,8,8,12,0
10,0,0,6,12,10,12,12,11,14,56,64,58,57,62,44,48,39,4,17,28,13,4,4
0,0,1,4,7,11,14,40,55,59,68,67,100,86,58,59,35,51,14,23,17,6,11,2
0,0,0,0,0,5,37,57,64,71,89,86,75,71,60,57,57,38,32,28,8,9,0,6
0,0,0,0,0,0,0,12,33,53,57,61,79,71,55,60,50,56,23,22,6,1,7,2
0,0,0,3,7,4,8,32,53,59,69,76,92,78,78,63,68,68,21,9,8,0,0,7
0,0,0,0,1,8,16,54,72,76,79,87,112,81,79,100,69,73,55,14,7,0,2,3
0,0,0,0,1,9,54,71,74,86,105,95,102,75,91,96,97,84,79,62,52,14,5,0
0,0,0,4,16,50,58,67,80,103,96,99,118,74,72,94,110,93,71,62,53,49,5,0
0,0,9,8,13,57,61,61,81,95,100,96,102,115,115,109,126,122,74,64,60,60,10,7
0,4,12,14,50,54,57,73,83,97,111,95,114,126,126,124,110,106,77,57,52,57,52,9
0,0,9,24,56,54,53,58,92,107,121,119,119,131,144,139,127,94,63,52,54,56,54,12
0,0,12,39,63,58,52,49,70,106,121,127,133,129,135,137,123,74,59,30,42,51,51,5
0,0,8,51,63,60,57,30,58,88,115,123,126,126,133,132,117,101,89,14,9,52,65,13
0,4,11,48,52,14,39,26,50,54,75,99,124,115,120,125,112,85,54,13,8,3,24,14
0,0,0,1,51,56,0,10,9,52,67,88,114,110,100,100,86,103,65,28,14,8,25,13
11,11,10,13,43,19,37,10,17,61,78,75,115,70,69,72,70,76,105,51,10,10,37,32
4,7,3,10,26,31,32,21,37,57,106,113,118,133,111,132,112,103,73,52,28,16,23,16
0,0,0,5,12,8,18,23,56,106,134,147,148,123,120,162,148,143,114,111,49,19,12,7
0,0,0,2,9,9,14,53,101,121,149,179,197,167,152,192,210,163,143,119,74,30,3,11
3,4,9,10,9,12,18,55,73,113,167,187,200,199,174,225,191,189,152,116,83,31,20,14
0,4,8,11,16,19,29,36,100,130,165,196,208,203,138,216,189,192,148,117,77,36,21,19
3,3,5,0,2,16,28,39,65,120,162,173,170,149,106,129,147,154,117,105,103,56,22,15
0,0,0,5,1,12,35,14,101,109,129,141,140,113,78,100,119,118,107,105,101,14,11,8
1,0,0,0,5,5,13,55,42,100,102,106,107,105,69,90,100,105,93,77,64,27,21,13
4,3,0,5,4,10,7,11,10,60,100,102,103,103,51,59,100,107,102,100,61,24,13,12
0,0,0,2,9,0,9,2,7,14,64,75,83,80,86,12,86,102,103,69,69,22,9,12
3,0,0,0,0,0,0,0,6,38,48,75,59,75,64,12,97,101,101,55,52,13,12,5
0,0,0,0,0,0,0,0,0,14,21,16,53,59,56,10,28,67,49,52,35,12,16,10
1,0,0,0,0,0,0,0,0,3,11,12,23,34,33,26,22,26,33,13,8,12,12,0
6,8,7,1,0,10,4,5,9,14,27,13,10,13,10,14,21,22,12,13,9,5,11,6
0,0,0,0,1,2,5,4,6,8,7,6,0,0,8,13,14,29,31,31,13,0,0,0
6,0,0,0,0,0,0,0,0,0,0,0,0,1,1,13,13,37,36,49,24,0,0,0
0,0,0,0,0,0,0,0,0,0,0,0,0,6,13,40,21,51,58,60,54,26,13,9
0,0,0,0,0,0,0,0,0,0,0,9,0,0,11,28,40,55,72,60,57,33,13,9
7,0,0,0,0,0,0,0,0,0,0,4,4,8,7,30,34,59,62,59,56,22,12,3
0,0,0,0,0,0,0,0,0,0,0,10,12,5,0,14,14,52,56,55,34,14,12,4
0,0,0,0,0,3,0,0,0,0,8,8,8,10,3,11,14,44,52,33,51,14,8,0
0,0,0,0,0,0,0,0,0,3,0,1,12,13,2,12,35,35,36,58,52,17,6,0
0,0,0,0,0,0,0,0,0,3,11,9,0,2,11,5,25,27,71,81,50,12,7,0
4,5,0,0,0,3,7,4,11,9,2,5,6,3,5,11,14,46,54,62,36,7,4,0
5,5,0,0,0,4,7,9,0,0,2,9,14,13,10,23,45,57,178,121,32,19,8,3
1,0,0,0,2,0,0,0,0,3,11,42,12,9,12,5,23,74,140,108,25,27,12,4
1,0,0,3,2,0,1,7,6,0,2,0,0,6,1,8,14,14,22,20,23,13,13,9

0,0,0,0,0,0,0,0,0,9,12,50,50,51,38,31,8,11,2,3,8,8,12,0
10,0,0,6,12,10,12,12,12,16,56,65,58,57,61,44,48,38,4,20,28,13,3,4
0,0,1,4,7,11,14,38,55,59,68,67,100,87,58,59,35,51,14,22,17,6,11,1
0,0,0,0,0,5,38,57,64,71,89,86,75,71,60,57,57,38,32,28,8,9,0,6
0,0,0,0,0,0,0,12,31,53,57,61,80,70,55,60,50,56,23,22,6,1,7,2
0,0,0,3,7,4,8,32,53,58,69,76,92,78,78,63,68,68,21,9,8,0,0,7
0,0,0,0,1,8,16,54,72,76,79,87,112,81,79,100,69,73,55,14,7,0,2,3
0,0,0,0,1,9,54,71,74,86,106,95,102,75,92,96,97,84,79,62,51,14,5,0
0,0,0,4,16,50,59,67,80,103,97,99,118,75,72,95,111,93,71,62,53,48,5,0
0,0,10,8,13,57,61,61,81,96,100,96,102,115,116,110,126,122,74,64,60,60,10,8
0,4,12,14,50,55,57,73,83,97,111,95,115,126,126,124,110,106,77,57,52,57,52,9
0,0,9,23,56,54,53,58,92,107,121,119,118,131,144,139,127,94,63,52,54,56,54,12
0,0,11,40,64,58,52,49,70,106,121,127,133,129,135,137,123,73,59,30,42,51,51,5
0,0,8,51,63,61,57,29,57,88,115,122,126,125,132,131,117,101,87,14,9,52,65,13
0,4,11,48,52,14,39,26,50,54,75,98,124,114,120,124,112,84,53,13,8,3,24,14
0,0,0,1,51,57,0,10,9,52,67,88,113,109,99,100,86,103,65,28,14,8,25,13
11,11,10,13,44,20,37,10,18,61,78,74,115,70,69,72,70,76,105,51,10,10,37,33
4,7,3,10,27,31,32,21,37,57,106,113,117,132,110,131,111,102,73,52,28,16,23,16
0,0,0,5,12,8,19,24,55,106,134,147,148,123,120,161,148,143,114,111,49,20,12,7
0,0,0,2,9,9,14,53,101,121,149,179,196,167,152,191,209,162,143,119,73,30,3,11
3,4,9,10,9,12,18,54,73,113,167,187,200,199,174,225,190,188,152,116,84,31,20,14
0,4,8,11,16,19,29,36,100,131,165,196,208,203,138,216,189,192,148,117,77,36,21,19
3,3,5,0,2,16,28,39,65,120,163,174,170,149,106,129,147,154,117,105,103,56,22,15
0,0,0,5,1,12,35,14,101,109,129,141,141,113,78,100,119,118,107,105,101,14,11,8
1,0,0,0,5,5,13,54,42,100,103,106,107,105,70,90,100,105,93,77,64,27,21,13
4,3,0,5,4,10,7,11,10,60,100,102,103,103,48,57,100,107,102,100,61,24,13,12
0,0,0,2,9,0,9,2,7,14,63,75,82,82,88,12,87,102,103,69,68,22,9,12
3,0,0,0,0,0,0,0,7,38,48,75,59,75,65,12,97,101,101,55,52,13,12,5
0,0,0,0,0,0,0,0,0,14,21,16,53,60,55,10,30,66,49,52,36,12,15,10
1,0,0,0,0,0,0,0,0,3,11,13,23,35,34,26,22,26,33,13,8,12,12,0
6,8,7,2,0,10,4,5,9,14,27,13,10,13,10,14,22,22,12,13,9,5,11,6
0,0,0,0,1,2,5,3,6,8,7,6,0,0,8,13,14,29,31,31,13,0,0,0
6,0,0,0,0,0,0,0,0,0,0,0,0,1,1,13,13,37,36,49,24,0,0,0
0,0,0,0,0,0,0,0,0,0,0,0,0,6,13,41,21,51,58,60,54,26,13,9
0,0,0,0,0,0,0,0,0,0,0,9,0,0,11,28,40,55,72,60,57,33,13,9
7,0,0,0,0,0,0,0,0,0,0,5,4,8,7,30,34,59,63,59,56,22,12,3
0,0,0,0,0,0,0,0,0,0,0,10,12,5,0,14,14,52,56,55,34,14,12,4
0,0,0,0,0,3,0,0,0,0,8,8,8,10,3,11,14,45,53,33,51,13,8,0
0,0,0,0,0,0,0,0,0,4,0,1,12,13,2,13,36,36,36,58,52,17,6,0
0,0,0,0,0,0,0,0,0,3,11,9,0,3,11,5,26,27,71,81,50,12,7,0
4,5,0,0,0,2,7,3,11,9,3,5,6,3,6,11,14,47,54,62,37,7,4,0
5,5,0,0,0,4,7,9,0,0,2,9,14,13,11,23,46,57,177,122,31,19,8,3
2,0,0,0,2,0,0,0,0,3,11,40,12,9,13,5,24,74,140,108,25,27,12,3
1,0,0,3,2,0,1,7,6,0,2,0,0,6,1,8,14,14,22,20,23,13,13,9

0,0,0,0,0,0,0,0,0,9,12,51,50,50,38,31,8,11,2,3,7,7,11,0
10,0,0,6,11,10,12,12,12,17,57,65,58,57,61,44,48,38,4,19,28,13,3,4
0,0,1,4,7,11,14,40,55,59,68,67,100,87,58,59,35,51,15,25,17,6,11,2
0,0,0,0,0,5,37,57,64,71,90,86,76,71,60,57,57,39,32,28,7,9,0,6
0,0,0,0,0,0,0,12,33,53,57,61,79,71,55,60,50,56,23,22,6,2,7,2
0,0,0,3,7,4,8,32,53,59,69,76,92,78,78,63,68,68,21,9,8,0,0,7
0,0,0,0,1,8,17,54,72,76,79,87,112,81,79,100,69,73,55,14,7,0,2,3
0,0,0,0,1,9,54,71,74,86,105,95,102,75,91,96,97,84,79,62,52,14,5,0
0,0,0,4,16,50,59,67,80,103,97,99,118,75,72,94,111,93,71,62,53,48,5,0
0,0,9,8,13,57,62,61,81,96,100,96,101,115,115,109,126,122,74,64,60,60,10,7
0,4,12,14,50,55,57,73,83,97,110,94,114,125,125,124,109,106,77,57,52,57,52,9
0,0,9,24,56,54,53,58,92,106,120,118,117,131,143,138,126,94,63,52,54,56,54,12
0,0,12,39,64,58,52,49,70,106,121,127,133,128,134,137,123,73,60,30,42,51,51,5
0,0,8,51,63,60,57,30,58,88,115,123,126,126,133,132,117,101,88,14,9,52,65,13
0,4,11,50,52,14,37,28,50,54,75,99,124,114,120,125,112,85,54,13,8,2,24,14
0,0,0,1,51,56,0,10,9,52,67,88,114,109,99,100,86,103,64,28,14,8,25,12
11,11,10,13,43,19,37,10,17,61,77,74,115,70,69,72,70,75,105,51,10,10,37,32
4,8,3,10,27,31,32,21,37,57,106,113,117,132,110,131,111,102,73,52,28,16,23,16
0,0,0,5,12,8,18,23,56,106,133,147,148,123,120,161,148,143,113,111,49,20,12,7
0,0,0,2,9,9,14,53,101,121,149,179,196,166,152,192,209,162,143,119,73,29,3,11
3,4,9,10,9,12,18,55,73,114,167,187,200,199,175,225,191,188,152,116,84,31,20,14
0,4,8,11,16,19,30,36,101,131,165,196,209,203,139,216,189,192,148,118,77,36,21,19
3,3,5,0,2,16,28,39,65,121,163,174,171,150,107,129,147,155,117,105,103,56,22,15
0,0,0,5,1,12,35,14,101,109,130,141,141,113,79,100,120,118,107,105,101,14,11,8
1,0,0,0,5,5,13,55,41,100,103,106,107,105,67,91,99,105,93,77,64,28,21,13
4,3,0,5,4,10,7,11,10,59,100,102,103,103,51,57,100,107,102,100,60,24,13,12
0,0,0,2,9,0,9,2,7,14,64,75,82,82,86,12,88,102,103,68,69,22,9,12
3,0,0,0,0,0,0,0,7,38,48,75,59,75,66,12,98,101,101,55,52,13,12,5
0,0,0,0,0,0,0,0,0,14,22,17,53,60,56,10,32,66,49,52,35,12,15,10
1,0,0,0,0,0,0,0,0,3,11,13,24,35,33,26,22,26,33,13,8,12,12,0
6,8,7,2,0,10,4,5,9,15,27,13,11,13,10,14,22,22,12,13,9,5,11,7
0,0,0,0,1,2,5,3,6,8,7,6,0,0,8,13,14,29,31,31,13,0,0,0
6,0,0,0,0,0,0,0,0,0,0,0,0,2,1,13,13,37,36,49,24,1,0,0
0,0,0,0,0,0,0,0,0,0,0,0,0,6,13,40,22,51,58,61,54,26,13,9
0,0,0,0,0,0,0,0,0,0,0,9,0,0,11,28,40,55,72,60,57,33,13,9
7,0,0,0,0,0,0,0,0,0,0,5,4,8,7,30,34,59,63,59,56,22,12,3
0,0,0,0,0,0,0,0,0,0,0,10,12,5,0,14,14,52,56,55,34,14,12,4
0,0,0,0,0,4,0,0,0,0,8,8,8,10,3,11,14,44,52,33,51,14,8,0
0,0,0,0,0,0,0,0,0,4,0,1,12,13,2,13,35,36,36,58,52,17,6,0
0,0,0,0,0,0,0,0,0,3,11,9,0,3,11,5,27,27,71,81,50,12,7,0
4,5,0,0,0,2,7,4,11,9,3,5,6,3,6,11,14,47,54,62,37,7,4,0
5,5,0,0,0,4,7,9,0,0,1,9,14,13,11,23,46,58,178,122,32,19,8,3
1,0,0,0,2,0,0,0,0,2,11,40,12,9,12,6,24,73,141,108,25,27,12,4
1,0,0,3,2,0,1,7,6,0,2,0,0,6,1,8,14,14,23,20,23,13,13,9

0,0,0,0,0,0,0,0,0,9,13,51,50,51,38,32,9,11,2,3,8,8,11,0
10,0,0,6,11,10,12,12,12,18,57,65,58,57,62,44,49,41,4,19,28,13,3,4
0,0,1,4,7,11,14,38,56,59,69,68,101,88,58,59,35,51,16,25,16,6,11,1
0,0,0,0,0,5,38,57,64,71,89,86,75,71,60,57,57,38,32,27,7,9,0,6
0,0,0,0,0,0,0,12,33,53,57,61,79,70,55,60,50,56,23,22,6,2,7,2
0,0,0,3,7,4,8,32,53,59,69,76,92,78,78,63,68,68,21,9,8,0,0,8
0,0,0,0,1,8,16,54,72,76,79,87,112,81,79,100,69,73,55,14,7,0,2,3
0,0,0,0,1,9,54,71,74,86,105,94,102,75,91,95,97,84,79,62,52,14,5,0
0,0,0,4,17,50,59,67,80,103,97,99,117,74,72,94,111,93,71,62,53,49,5,0
0,0,9,8,13,57,62,61,81,96,100,96,101,114,115,108,125,122,74,64,60,60,10,7
0,4,12,14,50,55,57,73,83,97,110,94,113,125,125,123,109,106,77,57,52,57,52,9
0,0,9,23,56,54,53,58,92,106,119,117,117,130,142,137,126,93,63,52,54,56,54,12
0,0,12,40,63,58,52,49,70,106,121,127,133,128,134,137,123,73,59,29,42,51,51,5
0,0,8,52,63,60,57,29,58,88,115,123,126,126,133,132,117,102,88,14,9,51,65,13
0,5,11,50,52,14,37,26,50,54,75,100,124,115,120,125,113,85,54,13,8,2,24,14
0,0,0,1,51,56,0,10,9,52,67,89,114,109,100,100,86,103,64,28,14,8,25,13
11,11,10,13,44,19,36,10,18,61,78,75,115,70,69,72,70,75,105,51,10,10,36,32
4,7,3,10,26,31,32,20,37,57,106,113,117,132,110,131,111,101,73,52,28,16,23,16
0,0,0,5,12,8,17,23,56,107,134,147,148,123,120,161,148,143,114,111,49,20,12,7
0,0,0,2,9,9,14,54,101,121,149,179,197,167,152,192,209,162,143,119,74,30,3,11
3,5,9,10,9,12,18,55,73,114,168,187,200,199,175,225,191,189,152,116,84,31,20,14
1,4,8,11,16,19,30,36,101,131,166,196,209,203,139,216,189,192,148,118,77,36,21,19
3,3,5,0,2,16,28,39,65,121,163,174,171,150,107,129,147,155,118,105,103,56,22,15
0,0,0,5,1,12,36,14,101,109,130,141,141,113,80,100,120,118,107,106,101,14,11,8
1,0,0,0,5,5,13,54,42,100,103,106,107,105,69,90,100,106,93,77,64,27,21,13
4,3,0,6,4,10,7,11,10,59,100,102,103,103,50,57,100,107,102,100,61,24,13,12
0,0,0,2,9,0,9,2,7,14,64,75,82,81,88,12,87,102,103,68,68,23,9,12
3,0,0,0,0,0,0,0,7,38,48,75,59,75,66,12,97,101,101,55,52,13,12,5
0,0,0,0,0,0,0,0,0,14,22,16,53,60,56,10,31,66,49,52,36,12,16,10
1,0,0,0,0,0,0,0,0,3,11,12,24,35,33,26,22,26,32,13,8,12,12,0
6,8,7,2,0,10,4,5,9,15,27,13,11,13,10,14,21,22,12,13,9,5,11,6
0,0,0,0,1,2,5,4,6,8,7,6,0,0,8,13,14,29,31,31,13,0,0,0
6,0,0,0,0,0,0,0,0,0,0,0,0,2,1,13,13,37,36,49,24,0,0,0
0,0,0,0,0,0,0,0,0,0,0,0,0,6,13,40,21,51,58,61,54,26,13,9
0,0,0,0,0,0,0,0,0,0,0,9,0,0,11,28,40,55,72,60,57,33,13,9
7,0,0,0,0,0,0,0,0,0,0,4,4,7,7,30,34,59,63,59,56,22,12,3
0,0,0,0,0,0,0,0,0,0,0,10,12,5,0,14,14,52,56,55,34,14,12,4
0,0,0,0,0,3,0,0,0,0,8,8,7,10,3,11,14,44,53,33,51,13,8,0
0,0,0,0,0,0,0,0,0,4,0,2,12,13,2,13,34,35,36,58,52,18,6,0
0,0,0,0,0,0,0,0,0,3,10,9,0,3,11,5,26,27,72,81,50,12,7,0
4,5,0,0,0,2,7,4,11,9,3,5,6,3,6,11,15,48,54,62,39,7,4,0
5,5,0,0,0,4,7,9,0,0,2,9,14,13,11,23,46,57,178,122,32,19,8,3
1,0,0,0,2,0,0,0,0,2,11,42,12,9,13,6,25,74,141,108,25,27,12,4
1,0,0,4,2,0,1,7,6,0,2,0,0,6,1,8,14,14,22,20,23,13,13,9
0,12,8,6,0,0,6,0,12,7,9,0,5,0,2,0,0,0,0,0,0,0,0,0
6,6,14,23,14,0,13,29,28,41,50,41,52,39,8,8,8,10,9,12,12,0,0,10
3,13,10,25,17,6,41,30,52,53,63,66,51,56,52,50,21,13,17,11,9,2,0,0
7,0,11,12,22,16,35,52,53,56,59,51,63,67,62,59,49,36,8,1,0,0,0,0
1,7,1,5,17,17,51,36,53,21,57,59,54,50,51,11,6,0,0,0,0,0,0,0
7,0,0,7,4,11,56,56,54,68,63,76,69,60,53,38,17,5,2,6,3,0,0,0
4,1,0,6,12,32,67,64,92,74,75,103,83,74,71,67,52,13,6,1,0,0,0,0
0,4,13,51,60,76,84,97,95,89,74,100,93,103,81,71,68,52,7,1,0,0,0,0
0,3,41,52,60,71,96,115,95,70,73,118,100,96,102,79,65,57,46,14,1,0,0,0
7,9,58,58,62,76,131,134,115,120,117,106,102,105,99,83,61,59,55,12,7,9,0,0
9,51,57,52,57,85,120,124,135,136,138,130,110,123,105,88,79,57,54,48,14,12,6,0
12,55,56,54,54,72,111,140,155,165,153,136,138,136,118,101,63,52,53,56,25,9,0,0
5,50,51,45,38,66,85,134,155,154,152,150,145,131,111,78,50,51,58,64,41,13,2,3
51,74,59,10,14,101,104,123,143,149,155,139,133,121,96,61,53,58,61,64,53,10,2,1
24,30,6,8,13,63,96,118,134,135,136,134,106,78,55,51,38,40,15,53,52,13,8,0
14,27,9,14,30,69,106,101,115,119,129,130,98,71,52,11,8,0,53,58,2,0,0,0
35,38,11,11,53,109,84,81,86,83,87,131,87,84,65,31,11,37,22,50,15,12,12,11
19,24,17,30,60,83,124,140,179,144,175,154,142,120,62,40,27,32,35,31,11,6,10,6
8,12,20,53,114,119,149,154,171,127,131,162,162,142,111,58,29,14,9,13,8,0,0,0
11,5,29,75,120,144,164,210,187,146,160,198,184,153,125,102,55,13,10,10,3,4,0,1
14,14,27,80,114,149,184,185,212,148,183,196,184,164,109,68,59,23,12,8,9,9,5,3
18,19,35,74,114,142,181,179,201,122,185,195,185,155,124,93,35,24,19,20,11,7,4,0
16,23,53,102,102,111,146,140,116,95,133,155,160,148,113,60,38,24,18,3,0,5,3,2
8,11,13,100,104,104,113,115,81,64,106,129,131,122,106,100,14,24,12,0,4,0,0,0
12,20,24,61,74,90,104,89,76,50,102,105,103,101,97,23,64,13,5,4,0,0,0,1
11,13,16,58,100,102,107,100,45,42,102,102,101,85,44,7,11,8,10,3,5,0,2,4
11,8,14,63,68,102,102,85,10,79,82,84,72,43,13,7,1,8,0,8,1,0,0,0
4,11,11,50,54,100,100,86,10,60,76,58,66,40,27,5,0,0,0,0,0,0,0,2
10,14,10,29,47,46,60,13,9,48,54,50,12,12,11,0,0,0,0,0,0,0,0,0
0,11,10,7,12,28,20,18,21,26,22,14,10,8,1,0,0,0,0,0,0,0,0,0
6,10,4,8,12,12,20,16,12,4,3,5,12,23,13,7,3,3,10,0,1,6,7,6
0,0,0,11,29,28,28,13,12,1,0,0,3,6,8,5,3,4,2,1,0,0,0,0
0,0,0,17,45,34,35,12,10,0,0,0,0,0,0,0,0,0,0,0,0,0,0,6
9,12,21,53,59,57,51,19,31,7,4,0,0,0,0,0,0,0,0,0,0,0,0,0
9,13,28,56,59,70,54,37,24,7,0,0,8,0,0,0,0,0,0,0,0,0,0,0
2,12,21,55,58,61,57,31,22,4,5,0,2,0,0,0,0,0,0,0,0,0,0,7
4,12,14,32,55,55,52,14,12,0,2,12,10,0,0,0,0,0,0,0,0,0,0,0
2,8,13,50,33,52,42,13,9,2,9,9,9,7,0,0,0,2,3,0,0,0,0,0
0,5,15,51,58,36,34,30,11,2,12,10,2,0,4,0,0,0,0,0,0,0,0,0
0,7,11,48,83,75,27,21,2,11,3,0,11,11,5,0,0,2,0,0,0,0,0,0
0,4,8,35,64,54,46,13,8,3,1,7,9,3,10,12,5,8,3,0,0,0,5,4
2,6,16,27,120,174,56,42,20,11,12,13,11,6,0,0,10,7,5,0,0,0,5,5
2,11,24,24,95,128,73,15,3,9,5,9,38,12,5,0,0,0,0,2,0,0,0,1
8,12,11,19,19,17,14,11,7,0,5,0,1,3,0,7,7,1,0,2,4,0,0,1

0,13,8,6,0,0,6,0,12,6,9,0,5,0,2,0,0,0,0,0,0,0,0,0
6,6,14,25,14,0,13,29,29,41,50,45,52,40,8,8,8,10,10,12,12,0,0,10
3,13,10,26,17,6,42,30,52,53,63,66,51,56,52,50,21,13,17,11,9,2,0,0
7,0,11,12,22,17,36,52,53,56,59,52,64,68,63,59,50,36,8,2,0,0,0,0
2,7,1,6,18,17,51,36,53,24,58,61,54,51,51,11,7,0,0,0,0,0,0,0
7,0,0,7,4,11,57,58,54,69,64,77,70,61,53,39,18,6,2,6,3,0,0,0
4,1,0,6,12,36,67,65,93,75,76,104,83,75,71,68,52,13,6,1,0,0,0,0
0,4,13,51,60,76,84,97,95,90,74,101,93,103,82,72,68,52,8,1,0,0,0,0
0,3,41,52,60,71,95,115,96,70,74,119,101,96,102,79,66,58,48,14,1,0,0,0
7,9,59,59,62,76,129,133,115,120,116,106,102,105,99,84,62,60,55,12,7,9,0,0
9,52,57,52,57,84,118,122,135,136,137,128,108,122,105,88,79,57,54,50,14,12,6,0
12,55,56,54,54,71,108,138,153,163,150,134,136,135,117,101,63,52,53,56,25,9,0,0
5,50,51,45,37,65,83,133,152,151,149,148,144,130,111,77,50,51,59,64,41,13,2,3
46,73,58,10,14,101,104,123,142,148,151,138,132,120,95,60,50,57,60,63,52,10,2,0
22,28,5,8,13,63,95,118,134,134,135,133,105,78,55,51,35,39,14,53,52,13,7,0
14,27,9,14,31,70,106,99,114,117,128,129,97,71,52,11,8,0,52,57,2,0,0,0
35,37,11,10,54,109,84,81,85,82,86,130,86,83,65,31,11,36,22,49,14,11,12,11
19,24,17,30,60,83,122,138,177,142,172,151,140,119,62,40,27,32,35,30,11,6,10,6
8,12,21,53,114,119,148,154,171,128,131,161,160,141,110,58,27,14,8,12,7,0,0,0
11,5,30,75,120,144,164,210,188,147,162,198,183,152,124,102,56,13,10,10,3,4,0,0
14,14,27,80,115,149,184,187,214,151,187,197,184,164,110,68,59,23,12,8,9,9,5,3
18,19,35,74,114,143,182,180,203,124,188,197,186,156,125,94,35,25,19,19,11,8,4,0
17,23,54,102,103,111,146,141,117,100,135,157,162,149,114,60,38,24,17,3,0,5,3,2
8,11,13,100,104,104,114,115,84,64,106,130,132,123,107,100,14,25,12,0,4,0,0,0
12,20,24,61,75,90,104,91,76,52,102,105,103,101,100,26,63,12,5,4,0,0,0,1
11,13,16,58,100,102,107,100,47,40,102,102,101,88,45,8,11,8,10,3,5,0,2,4
11,8,14,64,68,102,102,86,11,79,83,83,72,48,13,7,1,8,0,8,2,0,0,0
4,11,11,50,54,100,100,88,10,60,75,58,65,41,29,5,0,0,0,0,0,0,0,2
10,14,10,29,48,46,60,13,9,50,55,50,12,12,11,0,0,0,0,0,0,0,0,0
0,11,10,7,12,28,21,19,22,27,23,14,10,8,1,0,0,0,0,0,0,0,0,0
6,10,4,8,12,12,20,18,13,5,6,6,12,24,14,7,4,4,10,0,1,6,7,6
0,0,0,11,29,28,28,13,12,2,0,0,4,7,8,5,3,5,2,1,0,0,0,0
0,0,0,16,45,34,35,13,10,0,0,0,0,0,0,0,0,0,0,0,0,0,0,6
9,12,21,53,59,57,50,19,30,7,5,0,0,0,0,0,0,0,0,0,0,0,0,0
9,13,28,57,59,70,54,36,24,7,0,0,8,0,0,0,0,0,0,0,0,0,0,0
2,12,21,55,58,61,58,31,22,4,6,2,2,0,0,0,0,0,0,0,0,0,0,7
4,12,14,33,55,55,52,14,12,0,3,12,10,0,0,0,0,0,0,0,0,0,0,0
1,8,13,50,33,52,43,13,9,2,9,9,8,7,0,0,0,1,3,0,0,0,0,0
0,5,16,51,58,37,34,31,11,2,12,11,2,0,4,0,0,0,0,0,0,0,0,0
0,7,11,50,84,76,27,23,3,11,3,0,11,12,5,0,0,2,0,0,0,0,0,0
0,5,7,36,64,55,48,14,9,4,1,8,9,3,10,12,5,8,3,0,0,0,5,4
2,6,16,28,120,174,56,44,21,12,12,13,11,5,0,0,10,7,5,0,0,0,5,5
2,11,25,24,98,131,74,18,4,10,6,10,38,12,5,0,0,0,0,2,0,0,0,2
8,12,12,19,19,17,14,11,7,0,5,0,1,3,0,7,7,1,0,2,4,0,0,1

0,12,8,6,0,0,5,0,12,7,9,0,5,0,2,0,0,0,0,0,0,0,0,0
6,6,14,25,14,0,13,31,30,47,51,50,53,48,9,8,9,11,10,12,12,0,0,10
3,13,10,29,22,7,43,31,53,54,66,69,52,58,53,51,25,13,20,11,10,1,0,0
7,0,11,12,25,21,36,54,54,57,62,58,70,73,65,60,53,38,8,2,0,0,0,0
1,7,2,6,20,19,53,41,55,41,62,66,56,53,52,13,8,0,0,0,0,0,0,0
7,0,0,7,7,12,61,62,58,75,71,86,73,64,55,46,24,7,3,7,3,0,0,0
4,1,0,7,13,50,71,67,98,77,79,110,86,77,72,69,53,14,6,1,0,0,0,0
0,5,13,51,61,78,85,99,99,93,76,105,95,105,83,73,69,53,8,1,0,0,0,0
0,4,45,52,61,72,97,116,98,72,75,122,102,97,102,79,66,58,50,16,2,0,0,0
7,10,59,59,63,77,130,134,117,121,117,107,103,105,98,83,61,60,56,12,8,9,0,0
9,52,57,52,57,84,117,121,134,136,137,128,109,122,104,87,78,56,54,50,14,12,6,0
12,55,56,54,53,70,105,136,151,161,148,133,135,133,115,100,62,52,54,56,24,9,0,0
5,50,51,44,36,64,81,131,150,149,147,147,142,129,110,75,50,51,58,64,40,13,2,2
26,70,57,10,14,101,103,122,141,146,148,137,131,120,93,59,44,56,60,62,51,9,2,0
20,27,5,8,13,63,94,117,132,133,133,132,105,78,55,51,32,36,14,52,51,12,7,0
13,27,9,14,31,69,106,98,113,116,127,128,97,70,52,11,8,0,51,54,1,0,0,0
34,37,11,10,54,109,83,80,85,81,84,129,85,83,65,30,11,35,19,47,14,11,12,11
18,23,16,30,60,82,122,136,173,140,169,149,138,118,61,40,26,31,34,28,11,6,10,6
8,12,21,53,114,118,148,154,170,127,131,159,159,140,110,57,27,14,8,12,7,0,0,0
11,5,30,75,120,144,164,210,188,147,162,198,183,152,124,102,55,13,10,9,3,4,0,0
14,14,28,81,115,149,184,187,214,151,187,197,184,164,110,68,58,22,12,8,9,9,5,3
18,20,35,74,115,143,183,180,204,124,189,197,187,156,125,94,34,26,19,19,11,7,4,0
16,23,54,102,103,111,147,141,118,100,136,157,162,150,114,60,39,26,17,3,0,5,3,2
8,11,13,100,104,104,114,115,83,66,106,130,133,124,107,100,14,24,12,0,4,0,0,0
12,20,24,61,75,90,104,91,77,52,102,105,103,101,100,28,62,13,5,4,0,0,0,1
11,13,16,58,100,102,107,100,47,41,102,103,101,88,45,8,11,8,10,3,5,0,2,4
11,8,14,64,68,102,102,85,11,77,82,84,72,50,13,7,1,8,0,8,2,0,0,0
5,11,12,50,54,100,100,88,10,61,75,58,65,40,29,5,0,0,0,0,0,0,0,2
10,14,10,29,49,46,60,13,9,50,54,50,13,13,11,0,0,0,0,0,0,0,0,0
0,11,11,7,12,28,21,18,22,27,24,15,11,9,2,0,0,0,0,0,0,0,0,0
6,10,4,8,12,12,20,17,13,6,7,7,12,24,14,8,4,4,10,0,1,6,7,6
0,0,0,11,29,28,28,13,12,3,0,0,5,7,8,5,3,5,2,1,0,0,0,0
0,0,0,16,45,34,35,12,10,0,0,0,0,0,0,0,0,0,0,0,0,0,0,6
9,12,21,53,59,57,50,19,31,8,5,0,0,0,0,0,0,0,0,0,0,0,0,0
9,13,28,56,59,71,54,37,24,8,0,0,8,0,0,0,0,0,0,0,0,0,0,0
2,12,21,55,58,61,58,31,24,4,6,3,3,0,0,0,0,0,0,0,0,0,0,7
4,12,14,33,55,55,52,14,13,0,3,12,10,0,0,0,0,0,0,0,0,0,0,0
1,8,13,50,33,52,44,13,10,2,10,9,8,7,0,0,0,1,4,0,0,0,0,0
0,5,16,51,58,37,35,34,12,2,13,11,1,0,3,0,0,0,0,0,0,0,0,0
0,8,12,50,84,76,28,24,4,11,2,0,12,12,5,0,0,2,0,0,0,0,0,0
0,5,9,37,64,55,49,14,10,5,2,8,9,3,10,11,5,8,3,0,0,0,5,4
2,7,17,29,120,176,57,45,21,12,12,13,11,5,0,0,10,7,5,0,0,0,5,5
3,11,25,25,100,134,74,19,4,10,7,11,38,12,5,0,0,0,0,2,0,0,0,2
8,12,12,20,19,18,14,11,7,0,5,0,1,2,0,7,7,1,0,2,4,0,0,1

0,12,8,6,0,0,6,0,13,14,13,3,8,2,2,0,0,0,0,0,0,0,0,0
6,6,14,26,14,0,14,36,35,53,52,52,55,51,10,8,9,11,10,12,11,0,0,10
3,12,9,26,22,9,46,32,54,55,73,77,55,61,54,52,28,13,15,10,8,1,0,0
7,0,11,12,26,24,37,54,55,58,64,63,75,78,66,61,53,38,8,0,0,0,0,0
2,7,2,6,21,20,54,44,56,50,65,69,57,54,52,14,9,0,0,0,0,0,0,0
7,0,0,7,8,13,63,64,60,77,74,89,74,66,56,48,25,7,4,7,3,0,0,0
4,1,0,7,13,52,72,68,100,78,80,111,86,77,73,70,53,14,7,1,0,0,0,0
0,5,13,51,61,78,85,98,98,93,76,105,95,105,83,73,69,53,8,1,0,0,0,0
0,4,46,52,61,72,95,114,98,73,75,122,102,97,102,79,66,58,50,17,2,0,0,0
7,10,59,59,63,76,128,132,115,119,116,105,102,104,98,83,61,60,56,12,8,10,0,0
9,52,57,52,57,82,114,117,131,132,133,124,103,118,102,86,77,56,54,50,14,12,6,0
12,54,56,54,53,67,102,132,146,155,144,128,129,129,113,99,61,53,54,56,25,9,0,0
5,50,51,44,35,62,78,128,145,144,142,142,137,126,109,73,50,52,58,64,41,12,1,2
14,68,56,10,14,100,103,120,138,142,141,134,128,118,92,59,40,56,60,62,51,9,2,0
17,26,4,8,13,62,92,116,130,129,128,130,103,77,55,52,32,37,14,52,50,12,6,0
13,26,9,14,31,69,105,95,109,111,122,124,95,70,52,11,9,0,53,52,1,0,0,0
32,36,11,10,53,108,82,77,81,77,80,125,82,82,64,27,10,37,17,44,14,11,11,11
17,23,16,30,58,80,117,131,162,131,158,139,131,114,60,39,25,32,33,27,10,4,9,6
8,12,21,52,114,118,148,153,169,125,128,157,155,138,109,57,26,14,8,12,6,0,0,0
11,4,28,75,120,144,165,211,190,149,164,199,182,151,123,102,55,14,10,9,3,3,0,0
14,16,30,83,116,151,187,189,219,161,193,199,186,166,112,70,57,18,12,9,9,9,5,3
19,21,35,76,116,146,187,184,209,130,195,202,191,161,127,98,35,27,18,16,11,8,4,1
15,22,55,103,104,114,149,143,122,102,141,162,167,155,116,62,39,27,16,2,0,5,3,3
8,11,14,101,105,105,115,117,90,71,108,134,135,126,108,100,14,28,12,0,4,0,0,0
12,20,25,62,75,90,104,92,83,60,103,106,104,102,100,35,56,12,5,5,0,0,0,1
12,13,19,60,100,102,106,100,52,41,102,103,101,94,51,8,11,7,10,4,5,0,2,4
12,9,15,65,68,102,102,86,11,79,83,82,74,57,14,7,1,8,0,8,2,0,0,0
5,12,12,51,54,100,100,90,10,61,74,59,70,43,34,6,0,0,0,0,0,0,0,2
10,14,11,31,50,47,61,14,9,51,56,51,14,14,12,0,0,0,0,0,0,0,0,0
0,11,11,7,12,29,22,19,23,29,27,17,12,10,2,0,0,0,0,0,0,0,0,0
6,10,4,8,12,12,21,18,13,7,9,7,12,25,14,8,4,4,9,0,1,7,7,6
0,0,0,12,30,28,27,13,12,5,0,0,5,7,8,5,3,4,2,1,0,0,0,0
0,0,0,18,46,35,35,12,11,0,0,0,0,0,0,0,0,0,0,0,0,0,0,6
9,12,22,53,59,57,50,19,33,9,5,0,0,0,0,0,0,0,0,0,0,0,0,0
9,13,30,57,59,71,54,36,26,9,0,0,8,0,0,0,0,0,0,0,0,0,0,0
2,12,21,55,58,61,58,32,27,5,6,2,3,0,0,0,0,0,0,0,0,0,0,7
4,12,14,33,55,55,52,14,13,0,4,12,10,0,0,0,0,0,0,0,0,0,0,0
0,8,13,50,33,52,43,13,10,2,9,8,7,7,0,0,0,0,4,0,0,0,0,0
0,6,15,52,58,37,35,34,12,2,12,11,0,0,4,0,0,0,0,0,0,0,0,0
0,8,11,50,82,73,28,25,4,11,1,0,10,13,4,0,0,2,0,0,0,0,0,0
0,6,9,34,63,55,50,14,10,5,3,8,8,2,9,11,5,8,3,0,0,0,5,4
2,7,17,30,120,175,57,44,22,11,12,13,10,4,0,0,10,7,5,0,0,0,5,5
3,11,26,25,104,137,75,22,5,11,7,11,39,12,5,0,0,0,0,2,0,0,0,1
9,13,12,21,20,19,14,11,8,0,6,0,0,2,0,7,7,1,0,2,4,0,0,1

0,12,8,7,1,0,7,3,20,32,33,18,25,9,5,0,0,0,0,0,0,0,0,0
5,4,13,26,14,0,20,43,40,57,54,55,59,54,12,10,11,11,10,12,9,0,0,10
2,12,8,24,26,12,50,34,56,57,80,91,61,66,57,54,35,14,13,9,6,0,0,0
6,0,10,10,28,29,38,56,56,59,69,72,83,87,70,63,57,38,6,0,0,0,0,0
1,7,2,7,22,22,56,50,59,54,70,78,60,56,53,26,11,0,0,0,0,0,0,0
7,0,0,8,10,20,68,68,62,79,79,95,77,70,58,53,30,8,4,7,3,0,0,0
3,1,0,8,14,55,73,69,101,79,82,115,88,79,76,72,54,15,8,1,0,0,0,0
0,5,14,52,62,78,84,97,98,93,76,107,97,106,86,74,71,54,8,1,0,0,0,0
0,5,49,53,61,71,94,112,96,73,75,122,101,98,103,79,67,59,50,17,3,0,0,0
8,10,60,60,64,75,125,128,111,117,115,104,99,103,97,82,61,61,57,13,8,10,0,0
9,52,58,52,57,79,109,112,126,128,128,118,98,114,99,84,74,57,55,50,14,12,5,0
12,54,56,54,53,64,97,128,141,146,135,122,122,124,110,94,59,53,54,56,24,9,0,0
5,49,51,43,31,60,75,124,140,138,133,137,131,123,107,70,49,52,58,63,38,12,0,1
13,66,54,9,14,89,102,118,134,136,130,129,125,116,89,58,33,57,60,62,51,9,1,0
14,24,3,8,13,55,88,114,127,123,119,127,101,76,54,51,28,37,14,52,48,11,5,0
13,25,8,14,29,66,104,90,103,103,114,118,91,68,52,10,10,0,55,51,1,0,0,0
32,36,11,10,52,106,78,73,75,72,73,119,77,80,62,20,10,36,17,42,13,10,11,11
17,23,16,29,54,76,109,120,143,118,141,126,120,109,58,38,23,32,32,26,10,3,9,5
7,12,20,50,112,116,146,150,165,122,126,152,150,136,107,56,24,17,8,11,6,0,0,0
11,3,27,75,119,144,164,211,191,151,166,198,181,150,122,101,54,14,10,9,2,2,0,0
14,18,30,83,116,152,189,190,223,172,198,200,187,167,113,72,56,17,12,9,10,9,5,3
19,21,36,77,117,147,190,188,213,135,200,205,193,163,129,100,36,28,18,16,11,8,4,1
15,22,55,103,104,115,151,145,125,104,145,166,170,159,119,64,39,27,16,2,0,5,3,3
8,11,14,101,105,106,116,118,94,76,110,137,138,127,108,100,14,32,12,1,4,0,0,0
13,20,26,64,77,92,105,96,87,64,104,106,105,102,100,39,54,13,5,5,0,0,0,1
12,13,22,60,100,102,107,100,55,45,103,103,102,100,54,9,11,7,10,4,5,0,2,4
12,9,19,67,68,102,102,87,12,82,81,83,74,60,14,7,2,9,0,9,2,0,0,0
5,12,12,51,55,100,101,94,11,63,74,59,72,44,35,6,0,0,0,0,0,0,0,3
10,14,11,33,51,48,66,17,10,54,58,52,14,14,13,0,0,0,0,0,0,0,0,0
0,12,12,7,13,31,24,20,24,31,30,20,12,10,2,0,0,0,0,0,0,0,0,0
6,10,4,8,13,12,21,19,13,8,11,8,13,25,14,8,4,4,9,0,1,7,7,6
0,0,0,12,30,29,28,13,12,6,0,0,5,7,8,5,3,4,2,1,0,0,0,0
0,0,0,21,47,35,36,12,12,0,0,0,0,0,0,0,0,0,0,0,0,0,0,6
9,13,23,53,60,57,51,20,34,10,5,0,0,0,0,0,0,0,0,0,0,0,0,0
9,13,32,57,59,71,55,37,27,9,0,0,8,0,0,0,0,0,0,0,0,0,0,0
2,12,22,55,58,62,58,33,28,5,6,3,4,0,0,0,0,0,0,0,0,0,0,7
4,12,14,33,55,55,52,14,13,0,4,12,10,0,0,0,0,0,0,0,0,0,0,0
0,8,13,51,33,52,42,13,10,2,9,8,8,8,0,0,0,0,3,0,0,0,0,0
0,6,15,52,58,36,34,30,12,2,12,11,0,0,4,0,0,0,0,0,0,0,0,0
0,7,11,50,80,70,27,25,4,11,2,0,10,13,3,0,0,1,0,0,0,0,0,0
0,4,7,35,62,54,46,14,10,5,2,7,6,1,9,11,4,8,3,0,0,0,5,4
2,7,17,31,120,174,57,46,22,11,11,14,10,4,0,0,10,7,5,0,0,0,5,5
3,11,27,25,106,139,74,22,5,12,8,12,40,12,4,0,0,0,0,2,0,0,0,1
9,13,12,22,20,21,14,13,7,0,6,0,0,2,0,7,7,1,0,2,4,0,0,1

0,12,8,7,1,0,7,3,19,31,30,17,25,9,5,0,0,0,0,0,0,0,0,0
5,5,14,28,14,0,22,43,40,57,54,55,59,54,13,10,11,12,10,12,10,0,0,10
2,12,8,26,25,12,50,34,56,56,80,91,61,66,57,54,36,14,14,9,6,0,0,0
6,0,10,11,31,29,38,56,56,59,69,73,84,88,70,63,57,39,7,0,0,0,0,0
2,7,2,7,22,22,56,50,60,55,71,80,60,57,54,30,12,0,0,0,0,0,0,0
7,0,0,8,10,20,69,68,63,80,81,98,78,71,59,53,32,8,4,7,3,0,0,0
3,1,0,8,15,55,74,70,103,80,83,117,89,80,76,72,54,16,8,1,0,0,0,0
0,5,14,52,62,79,85,99,99,94,77,109,98,107,87,74,71,54,8,1,0,0,0,0
0,5,49,52,62,72,95,113,97,74,76,123,103,99,104,80,66,58,50,15,3,0,0,0
7,10,60,60,64,75,125,130,113,119,118,106,101,104,97,82,61,61,56,13,8,10,0,0
9,52,57,52,57,79,109,113,127,130,131,121,100,115,99,84,74,57,54,50,14,12,5,0
12,54,56,54,53,64,97,129,142,148,137,124,124,125,109,94,58,53,54,56,24,9,0,0
5,49,51,43,31,60,75,125,140,138,133,137,131,123,107,70,49,52,58,63,38,12,0,0
13,65,54,9,14,87,102,118,134,136,130,129,124,116,89,58,31,58,60,62,51,8,0,0
14,24,3,8,13,52,86,113,126,122,118,126,100,75,54,50,25,36,14,52,50,11,5,0
13,25,8,14,29,65,104,89,102,103,113,116,90,67,51,10,10,0,55,52,1,0,0,0
32,36,11,10,51,105,76,72,74,71,72,118,76,79,61,16,10,37,19,43,13,10,11,11
16,23,16,29,54,75,107,117,139,116,138,123,117,107,58,37,21,32,32,27,10,3,8,5
7,12,19,50,111,115,145,149,163,121,125,150,148,135,107,56,23,16,8,12,6,0,0,0
11,3,28,74,119,143,163,210,191,150,165,197,179,149,121,101,53,14,10,9,2,1,0,0
14,18,30,83,116,151,188,190,223,171,197,200,186,166,112,72,55,18,12,9,10,9,5,3
19,21,36,77,117,147,190,187,213,135,199,205,193,162,129,100,35,28,18,15,11,8,4,1
15,22,55,103,104,116,152,145,126,104,145,167,170,159,119,64,39,27,16,2,0,5,3,3
8,11,14,101,105,106,116,118,95,75,111,137,138,128,108,100,14,32,12,1,5,0,0,0
13,21,27,64,77,92,105,100,87,67,104,106,105,102,100,41,59,13,5,5,0,0,0,1
12,13,22,61,100,102,107,100,55,46,103,103,102,100,57,9,11,7,10,4,5,0,2,4
12,9,20,67,68,102,102,87,12,86,81,82,75,61,14,7,2,9,0,9,2,0,0,0
5,12,12,52,55,100,101,96,11,64,75,59,73,45,36,6,0,0,0,0,0,0,0,3
10,15,11,34,51,48,65,21,10,54,58,52,14,16,13,0,0,0,0,0,0,0,0,0
0,12,12,8,13,31,25,20,25,32,32,21,12,10,3,0,0,0,0,0,0,0,0,0
6,11,5,8,13,12,21,19,13,9,12,9,13,26,14,8,4,4,9,0,1,7,7,6
0,0,0,12,30,29,28,13,13,6,0,0,5,7,8,5,3,4,2,1,0,0,0,0
0,0,0,21,47,35,36,12,12,0,0,0,0,0,0,0,0,0,0,0,0,0,0,6
9,13,24,53,60,57,51,20,35,11,5,0,0,0,0,0,0,0,0,0,0,0,0,0
9,13,31,57,59,71,55,38,27,10,0,0,8,0,0,0,0,0,0,0,0,0,0,0
2,12,22,55,58,62,58,32,28,6,7,3,4,0,0,0,0,0,0,0,0,0,0,7
4,12,14,33,55,55,52,14,13,0,4,12,10,0,0,0,0,0,0,0,0,0,0,0
0,8,13,50,33,52,42,14,10,2,10,8,8,8,0,0,0,0,3,0,0,0,0,0
0,6,16,52,58,36,34,33,12,2,13,12,0,0,3,0,0,0,0,0,0,0,0,0
0,7,11,50,80,70,27,25,5,11,2,0,11,13,3,0,0,1,0,0,0,0,0,0
0,4,7,36,62,54,47,14,10,5,2,6,5,1,9,11,4,8,3,0,0,0,5,4
2,7,18,30,120,175,57,46,22,11,13,14,10,4,0,0,10,7,5,0,0,0,5,5
3,11,27,25,107,140,74,22,5,12,8,12,42,12,4,0,0,0,0,2,0,0,0,1
9,13,13,22,20,22,14,13,7,1,6,0,0,2,0,7,7,1,0,2,4,0,0,1

0,12,8,7,1,0,8,4,21,33,36,27,33,10,6,0,0,0,0,0,0,0,0,0
5,4,14,28,16,1,23,45,41,58,55,56,60,55,13,11,12,12,10,12,9,0,0,10
2,12,7,24,27,12,50,34,57,57,81,95,63,66,58,55,38,14,13,9,6,0,0,0
6,0,10,10,30,31,38,56,57,59,70,75,85,89,71,64,57,39,7,0,0,0,0,0
2,7,2,7,23,23,56,50,60,55,71,81,61,57,54,31,12,0,0,0,0,0,0,0
8,0,0,8,10,22,69,69,63,80,81,98,77,71,59,54,32,8,4,7,3,0,0,0
4,2,0,8,16,55,74,70,102,80,83,116,89,80,77,72,54,16,8,1,0,0,0,0
0,5,14,52,62,79,85,98,98,93,76,107,97,107,87,74,71,54,8,1,0,0,0,0
0,5,48,53,62,71,94,113,96,73,75,122,102,98,104,80,67,58,50,16,3,0,0,0
8,10,60,60,64,75,124,128,111,117,116,105,99,103,97,82,61,61,57,13,8,10,0,0
9,52,57,52,57,78,107,112,125,127,128,117,97,113,98,83,74,57,54,50,14,12,4,0
12,54,56,54,53,63,95,128,140,146,134,121,121,123,108,93,58,53,54,56,24,9,0,0
5,49,51,43,31,60,74,124,138,136,131,135,129,122,106,70,49,52,58,63,39,11,0,0
13,65,54,9,14,87,102,117,133,135,128,127,124,116,89,57,30,57,60,62,51,8,0,0
14,24,3,8,13,52,86,113,126,122,117,125,100,75,54,50,26,36,14,52,48,11,5,0
12,25,8,14,29,65,103,88,101,101,111,115,89,68,52,10,10,0,56,51,1,0,0,0
32,36,11,10,51,105,76,71,73,70,71,116,75,78,61,17,10,37,18,43,13,10,11,11
16,23,16,28,53,74,105,115,135,113,136,121,116,107,57,37,21,32,32,27,10,3,8,5
7,12,19,49,111,114,144,148,162,120,124,149,148,134,106,55,23,17,8,11,6,0,0,0
11,3,30,74,119,143,163,210,192,151,166,197,180,149,121,101,53,14,10,9,2,1,0,0
14,18,30,83,116,152,188,190,224,172,198,200,186,166,113,72,55,18,12,9,10,9,5,3
19,21,36,77,117,147,190,188,214,136,200,206,194,163,129,100,36,28,19,15,11,8,4,0
14,22,55,103,104,116,153,146,127,105,147,168,171,160,120,65,39,27,16,2,0,5,3,3
8,11,14,101,105,106,117,119,98,78,111,139,139,128,109,101,14,32,12,1,5,0,0,0
13,21,27,64,77,92,105,99,90,66,104,107,105,102,100,41,56,13,5,5,0,0,0,1
12,13,22,61,100,102,107,100,57,46,103,103,102,100,57,9,11,7,10,4,5,0,2,4
12,9,20,68,68,102,102,88,12,85,81,82,74,62,14,7,2,9,0,9,2,0,0,0
5,12,12,52,55,101,101,95,11,64,74,59,75,46,37,6,0,0,0,0,0,0,0,3
10,15,12,34,51,49,66,25,10,55,59,52,14,18,13,0,0,0,0,0,0,0,0,0
0,12,12,8,13,32,24,21,25,32,33,21,12,11,3,0,0,0,0,0,0,0,0,0
6,11,5,8,13,12,22,20,14,9,12,10,13,26,14,8,4,4,9,0,1,7,7,6
0,0,0,12,30,30,28,14,13,7,0,0,5,7,8,6,3,4,2,1,0,0,0,0
0,0,0,21,48,35,36,13,12,0,0,0,0,0,0,0,0,0,0,0,0,0,0,6
9,13,24,53,60,58,51,20,36,11,5,0,0,0,0,0,0,0,0,0,0,0,0,0
9,13,32,57,59,71,55,39,27,10,0,0,9,0,0,0,0,0,0,0,0,0,0,0
2,12,22,55,58,62,58,33,29,6,7,4,4,0,0,0,0,0,0,0,0,0,0,7
4,12,14,33,55,55,52,14,13,0,5,12,10,0,0,0,0,0,0,0,0,0,0,0
0,8,13,50,33,52,43,13,10,2,10,9,8,8,0,0,0,0,3,0,0,0,0,0
0,6,17,52,58,36,35,33,12,2,13,12,0,0,0,0,0,0,0,0,0,0,0,0
0,7,11,50,81,71,27,26,5,11,3,0,10,12,2,0,0,1,0,0,0,0,0,0
0,4,7,36,62,54,46,14,10,5,3,6,5,1,9,11,4,8,3,0,0,0,5,4
2,8,18,30,120,175,57,46,23,11,13,15,10,3,0,0,10,7,4,0,0,0,5,5
3,12,27,25,107,140,74,22,5,12,8,12,40,12,4,0,0,0,0,2,0,0,0,1
9,13,13,23,20,22,14,13,8,1,6,0,0,2,0,7,7,1,0,2,4,0,0,1

0,12,8,7,2,1,9,5,25,36,45,39,45,11,7,0,0,0,0,0,0,0,0,0
5,4,13,28,16,2,31,46,43,60,56,57,62,55,14,11,12,12,10,12,8,0,0,10
2,12,7,20,27,13,50,35,57,57,83,99,64,67,59,55,38,14,12,8,5,0,0,0
6,0,10,9,29,31,38,56,57,59,70,74,85,89,71,64,57,38,6,0,0,0,0,0
2,7,2,7,22,23,56,50,60,55,71,80,61,57,53,31,12,0,0,0,0,0,0,0
8,0,0,8,10,22,68,68,63,79,80,96,77,70,59,54,32,8,4,7,3,0,0,0
3,2,0,8,16,55,74,69,102,79,82,115,88,80,76,72,54,16,8,1,0,0,0,0
0,5,14,52,62,79,84,98,97,93,76,106,96,107,87,74,71,54,8,1,0,0,0,0
0,5,49,53,62,71,93,111,95,73,75,121,101,98,104,80,67,58,50,16,3,0,0,0
8,10,60,60,64,74,123,126,110,116,116,103,98,102,97,81,61,61,57,12,8,9,0,0
9,52,57,52,57,77,106,110,124,126,126,115,95,112,98,83,73,57,54,50,14,12,4,0
12,54,56,54,52,63,94,127,139,144,132,119,119,121,107,92,58,53,53,56,23,9,0,0
5,49,51,42,30,59,74,123,138,136,130,134,129,122,106,69,49,52,58,63,37,11,0,0
13,64,52,9,14,87,102,118,133,135,127,128,124,116,89,58,27,56,60,62,50,8,0,0
14,23,2,8,13,54,86,113,126,121,116,125,100,75,54,51,25,35,14,52,48,11,4,0
12,25,8,14,28,65,103,88,101,101,111,115,89,68,52,10,10,0,55,51,1,0,0,0
32,36,10,10,51,105,76,71,73,70,71,116,75,78,61,18,10,36,17,42,13,10,11,11
16,23,16,28,52,74,104,114,134,112,135,120,115,107,57,37,21,32,31,26,10,3,8,5
7,12,19,49,111,114,144,148,162,120,124,149,148,134,107,56,23,16,8,11,5,0,0,0
11,3,29,74,119,143,163,210,191,151,166,197,180,149,121,101,54,14,9,9,2,0,0,0
14,19,30,83,116,152,189,191,225,174,199,200,187,167,113,72,55,18,12,9,10,9,5,3
19,21,36,77,117,148,191,188,216,137,201,208,195,164,130,100,36,29,19,16,11,8,4,0
14,22,56,103,105,116,153,146,128,106,148,169,172,161,120,65,39,27,16,2,0,5,3,3
8,11,14,101,105,106,117,119,97,79,112,139,140,129,109,101,14,32,12,1,5,0,0,0
13,21,27,64,77,92,105,98,88,69,104,107,105,102,100,41,56,13,5,5,0,0,0,1
12,13,22,61,100,102,107,100,57,47,103,103,102,100,59,9,11,7,10,4,5,0,2,4
12,9,21,68,68,102,102,88,12,88,81,82,75,62,14,7,2,9,0,9,2,0,0,0
5,12,12,52,55,101,101,96,12,64,74,59,74,46,37,6,0,0,0,0,0,0,0,3
10,15,12,34,52,48,66,26,10,55,59,52,15,19,13,0,0,0,0,0,0,0,0,0
0,12,12,8,13,32,25,21,26,32,34,23,12,11,3,0,0,0,0,0,0,0,0,0
6,11,5,8,13,12,22,20,14,9,13,10,13,26,14,8,4,4,9,0,1,7,7,6
0,0,0,12,31,30,29,13,13,7,0,0,5,7,8,6,3,4,2,1,0,0,0,0
0,0,0,22,48,35,36,12,12,0,0,0,0,0,0,0,0,0,0,0,0,0,0,6
9,13,24,53,60,58,51,20,37,11,6,0,0,0,0,0,0,0,0,0,0,0,0,0
9,13,32,57,60,71,55,38,28,10,0,0,9,0,0,0,0,0,0,0,0,0,0,0
3,12,22,55,58,62,59,33,29,6,7,4,4,0,0,0,0,0,0,0,0,0,0,7
4,12,14,33,55,56,52,14,13,0,5,12,10,0,0,0,0,0,0,0,0,0,0,0
0,8,13,51,33,52,42,14,10,3,10,9,8,8,0,0,0,0,3,0,0,0,0,0
0,6,17,52,58,36,35,34,12,2,13,12,0,0,0,0,0,0,0,0,0,0,0,0
0,7,12,50,81,71,27,26,5,11,3,0,10,12,2,0,0,1,0,0,0,0,0,0
0,4,7,36,62,54,47,14,10,5,3,5,5,1,9,11,4,8,3,0,0,0,5,4
3,8,18,30,121,175,57,45,23,11,13,14,10,3,0,0,10,7,4,0,0,0,5,5
3,12,27,25,108,140,74,24,5,12,9,12,42,11,4,0,0,0,0,2,0,0,0,2
9,13,13,23,20,22,14,14,8,1,6,0,0,2,0,7,7,1,0,2,4,0,0,1

0,12,8,7,2,1,10,6,26,36,46,42,50,11,7,0,0,0,0,0,0,0,0,0
5,4,13,28,16,2,31,46,43,60,56,57,63,56,14,11,12,12,10,12,7,0,0,10
2,12,7,21,25,14,51,35,57,58,84,100,65,67,58,56,38,14,12,8,5,0,0,0
6,0,9,9,29,32,38,56,57,59,70,75,85,90,71,64,57,38,6,0,0,0,0,0
2,7,2,7,23,23,56,50,60,55,71,80,61,57,53,33,12,0,0,0,0,0,0,0
7,0,0,8,10,22,69,68,63,79,80,96,77,70,59,54,32,8,4,7,3,0,0,0
3,2,0,8,17,55,74,69,102,79,83,115,88,80,76,72,54,17,8,1,0,0,0,0
0,5,14,52,62,79,84,98,97,93,76,106,96,107,87,74,71,54,8,1,0,0,0,0
0,5,49,53,62,71,93,110,94,73,75,121,101,97,104,80,67,59,50,16,4,0,0,0
7,10,60,60,64,74,122,125,109,116,116,104,98,101,96,81,61,61,57,13,8,9,0,0
9,52,57,52,57,77,106,110,124,126,127,116,96,112,97,83,73,57,54,50,14,12,4,0
12,54,56,54,52,63,93,126,138,144,131,119,119,121,107,92,58,53,53,55,22,8,0,0
5,50,51,41,29,59,73,123,138,135,129,134,128,121,106,69,49,51,58,63,38,11,0,0
13,64,51,9,14,87,102,117,133,134,127,127,124,116,88,57,26,56,60,62,51,8,0,0
14,23,2,8,13,54,86,113,126,121,116,125,100,76,54,51,25,33,14,52,48,10,4,0
12,24,8,14,28,65,103,88,101,101,111,115,90,68,52,10,9,0,55,50,1,0,0,0
32,35,10,10,51,105,76,71,73,70,71,116,75,78,62,17,9,35,17,42,13,10,11,11
16,23,16,28,52,74,103,113,134,112,135,120,115,107,57,37,20,32,31,26,10,3,8,5
7,12,19,49,111,114,144,148,162,120,124,149,148,134,107,56,23,16,7,11,5,0,0,0
11,3,29,73,119,143,163,210,192,152,167,197,180,150,121,101,53,14,9,9,2,0,0,0
14,19,31,83,116,152,189,191,225,174,199,200,187,167,113,72,55,18,12,9,10,9,5,3
19,21,36,77,117,148,191,189,216,138,203,208,195,164,130,100,36,29,19,15,11,8,4,0
14,22,55,103,105,117,154,146,129,106,149,170,173,161,120,65,39,27,16,2,0,5,3,3
8,11,14,101,105,106,117,119,98,79,112,140,140,129,109,101,14,35,12,1,5,0,0,0
13,21,27,64,77,93,105,100,90,67,105,107,105,102,100,41,55,13,5,5,0,0,0,1
12,13,23,61,100,102,107,100,57,47,103,103,102,100,59,9,11,7,10,4,5,0,3,4
12,9,21,68,69,102,102,87,12,86,82,82,75,61,14,7,2,9,0,9,2,0,0,0
5,12,12,52,55,101,101,97,12,65,75,59,75,47,37,6,0,0,0,0,0,0,0,3
10,15,12,34,52,49,66,25,10,55,59,52,14,18,13,0,0,0,0,0,0,0,0,0
0,12,12,7,13,31,25,21,25,33,33,23,12,10,3,0,0,0,0,0,0,0,0,0
6,11,5,8,13,12,22,20,14,10,13,10,13,27,14,9,5,4,10,0,1,7,8,6
0,0,0,12,30,30,28,13,13,7,0,0,5,7,8,6,3,5,2,1,0,0,0,0
0,0,0,21,48,35,36,12,12,0,0,0,0,0,0,0,0,0,0,0,0,0,0,6
9,12,25,53,60,58,51,20,36,11,6,0,0,0,0,0,0,0,0,0,0,0,0,0
9,13,32,57,60,72,55,39,27,10,0,0,8,0,0,0,0,0,0,0,0,0,0,0
3,12,22,55,59,62,59,33,29,6,7,3,4,0,0,0,0,0,0,0,0,0,0,7
4,12,14,33,55,56,52,14,13,0,5,12,10,0,0,0,0,0,0,0,0,0,0,0
0,8,13,51,33,53,42,14,10,3,10,8,8,8,0,0,0,0,3,0,0,0,0,0
0,6,17,52,58,36,35,34,12,2,13,12,0,0,0,0,0,0,0,0,0,0,0,0
0,7,12,50,81,71,27,25,5,11,2,0,9,11,2,0,0,1,0,0,0,0,0,0
0,4,7,36,62,55,48,14,11,5,3,6,4,1,9,11,4,8,3,0,0,0,5,4
2,8,18,31,121,175,57,45,24,11,13,15,9,3,0,0,10,7,4,0,0,0,5,5
3,12,27,25,108,141,74,25,5,12,9,12,42,12,4,0,0,0,0,2,0,0,0,1
9,13,13,23,20,22,14,14,8,1,6,0,0,2,0,7,7,1,0,2,4,0,0,1

0,12,8,7,2,2,10,7,27,37,47,43,50,11,7,0,0,0,0,0,0,0,0,0
5,4,13,28,16,3,33,47,43,60,56,57,63,56,14,11,12,12,10,12,7,0,0,10
2,12,7,21,26,14,51,35,58,58,84,100,65,67,58,55,38,14,12,8,5,0,0,0
6,0,10,9,30,33,38,56,57,59,70,74,85,88,71,64,58,38,6,0,0,0,0,0
2,7,2,7,22,23,56,50,60,55,71,80,61,57,53,33,12,0,0,0,0,0,0,0
7,0,0,8,10,22,69,69,63,79,81,96,77,70,59,54,32,8,4,7,3,0,0,0
3,2,0,8,16,55,74,70,102,80,83,116,88,80,76,72,54,18,8,1,0,0,0,0
0,5,14,52,62,79,84,98,97,93,76,107,96,107,87,74,71,54,9,1,0,0,0,0
0,5,47,53,62,71,93,110,95,73,75,121,101,97,103,80,67,59,50,16,4,0,0,0
7,10,60,60,64,74,121,126,111,118,117,105,99,101,96,81,61,61,57,13,8,10,0,0
9,52,57,52,57,77,105,110,126,128,129,118,97,113,97,83,73,57,54,50,13,12,4,0
12,53,55,53,52,62,93,127,140,145,133,120,121,122,107,92,57,53,53,56,21,8,0,0
5,50,51,41,29,59,73,123,138,136,130,134,129,122,106,70,48,51,58,63,37,11,0,0
13,64,50,9,14,86,101,117,133,134,127,127,124,115,88,58,27,56,60,62,50,8,0,0
14,23,2,8,12,53,86,113,126,121,116,125,100,75,54,50,22,33,13,52,48,11,4,0
12,24,8,14,28,65,103,87,101,101,111,115,89,67,52,9,9,0,55,51,1,0,0,0
32,36,10,10,51,105,76,71,73,70,71,116,75,78,61,16,9,35,18,42,13,10,11,10
16,23,16,28,52,74,103,113,134,112,135,119,114,106,57,37,20,32,31,26,10,3,8,4
7,12,19,49,111,114,144,148,162,120,123,149,148,134,106,56,23,16,8,11,5,0,0,0
11,3,29,74,119,143,163,209,191,151,166,196,179,149,121,101,53,14,9,9,2,0,0,0
14,19,31,84,116,152,188,190,225,173,198,200,186,166,113,73,55,18,12,9,10,9,4,3
19,21,36,78,117,148,191,189,215,138,202,207,195,164,130,100,36,29,19,16,11,8,4,0
14,22,56,103,105,117,154,146,128,106,148,169,173,162,120,65,39,27,16,2,0,5,3,3
8,11,14,101,105,107,117,119,98,78,112,140,140,129,109,101,14,35,12,1,5,0,0,0
13,21,27,64,76,93,105,100,91,66,105,107,105,103,100,42,55,13,5,5,0,0,0,1
12,13,24,61,100,102,107,100,57,47,103,103,102,100,59,9,11,7,10,4,5,0,3,4
12,9,21,69,68,103,102,87,12,85,82,83,75,63,14,7,2,9,0,9,2,0,0,0
5,12,12,52,55,101,101,98,12,64,75,59,75,48,38,6,0,0,0,0,0,0,0,3
10,15,12,34,52,49,66,26,10,55,59,53,15,19,13,0,0,0,0,0,0,0,0,0
0,12,12,8,13,32,25,22,26,33,34,23,12,11,3,0,0,0,0,0,0,0,0,0
6,11,5,8,13,12,22,21,14,10,13,10,13,27,14,9,5,4,10,0,1,7,8,6
0,0,0,13,31,31,29,14,13,7,0,0,6,7,8,6,4,5,2,1,0,0,0,0
0,0,0,22,48,35,36,13,13,0,0,0,0,0,0,0,0,0,0,0,0,0,0,6
9,12,25,53,60,58,51,21,38,12,6,0,0,0,0,0,0,0,0,0,0,0,0,0
9,13,32,57,60,72,55,39,27,11,0,0,8,0,0,0,0,0,0,0,0,0,0,0
3,12,22,56,58,62,59,33,30,6,7,4,4,0,0,0,0,0,0,0,0,0,0,7
4,12,14,34,55,56,52,14,13,0,5,12,10,0,0,0,0,0,0,0,0,0,0,0
0,8,13,51,33,52,43,14,11,3,10,8,8,8,0,0,0,0,3,0,0,0,0,0
0,6,15,52,58,37,35,34,12,2,13,12,0,0,1,0,0,0,0,0,0,0,0,0
0,7,11,50,81,71,27,26,5,11,2,0,9,11,2,0,0,0,0,0,0,0,0,0
0,4,7,37,62,54,46,14,10,5,3,6,4,1,9,11,4,8,3,0,0,0,5,4
2,8,19,31,121,176,57,45,23,11,13,14,9,2,0,0,10,7,4,0,0,0,5,5
3,12,27,25,108,141,74,24,5,12,9,12,42,11,3,0,0,0,0,2,0,0,0,1
9,13,13,22,20,22,14,14,8,1,6,0,0,2,0,7,7,1,0,2,4,0,0,1

0,12,8,7,2,2,10,7,28,37,47,46,50,11,7,0,0,0,0,0,0,0,0,0
5,4,13,29,17,3,35,48,43,60,56,57,63,56,14,11,12,12,10,12,7,0,0,10
2,12,7,20,25,14,51,35,58,58,85,100,66,67,58,55,38,14,11,7,4,0,0,0
6,0,9,9,30,32,39,57,57,60,70,75,86,88,71,64,57,38,6,0,0,0,0,0
2,7,2,7,22,23,56,50,60,55,71,79,61,57,53,31,12,0,0,0,0,0,0,0
7,0,0,8,9,22,69,68,63,79,79,94,76,70,59,53,32,8,4,7,3,0,0,0
3,2,0,7,15,55,73,69,101,79,82,113,87,79,76,72,54,16,8,1,0,0,0,0
0,5,14,52,62,79,84,97,96,92,75,104,95,106,86,74,71,54,8,1,0,0,0,0
0,5,48,53,62,71,93,110,94,72,75,119,99,97,103,80,67,58,50,16,4,0,0,0
8,10,60,60,64,74,122,125,110,116,115,103,97,100,95,81,61,61,57,13,8,9,0,0
9,52,57,52,57,77,106,110,124,126,127,115,96,111,97,83,73,57,54,50,14,12,4,0
12,54,56,54,52,63,94,127,139,144,132,119,119,121,107,92,58,53,53,55,23,9,0,0
5,50,51,42,30,59,73,123,138,135,129,134,128,121,106,70,49,52,58,63,38,11,0,0
13,65,52,9,14,89,101,117,132,133,126,127,123,116,88,58,30,57,61,62,51,8,0,0
14,23,2,8,13,54,86,113,125,121,115,125,100,75,54,51,26,36,14,52,47,11,4,0
12,25,8,14,29,65,103,87,101,100,110,114,89,67,52,9,10,0,56,51,1,0,0,0
32,36,10,10,51,105,76,71,73,69,70,116,75,78,61,17,10,36,19,43,13,10,11,11
16,23,16,28,52,74,103,113,132,111,134,118,114,106,57,37,21,32,31,26,10,3,8,4
7,12,20,49,111,114,144,148,161,120,124,149,148,134,107,56,23,17,8,11,5,0,0,0
11,3,30,74,119,143,163,210,192,152,167,197,179,149,121,101,54,14,9,9,2,0,0,0
14,19,31,84,116,152,189,191,225,174,199,200,187,167,113,73,54,18,12,9,10,9,4,3
19,21,36,77,117,148,192,189,215,138,202,208,195,165,130,100,36,29,19,16,11,8,4,1
15,22,56,103,105,117,154,146,129,106,149,170,173,162,120,65,39,27,16,2,0,5,3,3
8,11,14,101,105,107,117,119,98,78,113,140,140,129,109,101,14,35,12,1,5,0,0,0
13,21,27,64,77,93,105,99,91,66,105,107,105,102,100,42,54,13,5,5,0,0,0,1
12,13,24,61,100,102,107,100,59,51,103,103,102,100,60,9,11,7,10,4,6,0,3,4
12,9,22,67,69,103,102,87,12,88,81,82,75,63,14,7,2,9,0,9,2,0,0,0
5,12,12,52,55,101,101,97,12,64,75,59,75,47,38,6,0,0,0,0,0,0,0,3
10,15,12,35,52,49,67,27,10,56,59,53,16,19,13,0,0,0,0,0,0,0,0,0
0,12,12,8,13,33,26,22,26,33,34,23,12,11,3,0,0,0,0,0,0,0,0,1
6,11,5,9,13,12,22,21,14,10,13,10,13,27,14,9,5,4,10,0,1,7,8,6
0,0,0,13,31,31,29,14,13,7,0,0,6,7,8,6,3,5,2,1,0,0,0,0
0,0,0,24,49,36,36,13,13,0,1,0,0,0,0,0,0,0,0,0,0,0,0,6
9,13,25,54,60,58,51,22,39,12,6,0,0,0,0,0,0,0,0,0,0,0,0,0
9,13,33,57,60,72,55,40,28,11,0,0,9,0,0,0,0,0,0,0,0,0,0,0
3,12,22,55,58,62,59,34,30,6,8,4,4,0,0,0,0,0,0,0,0,0,0,7
4,12,14,33,55,55,52,14,14,0,5,12,10,0,0,0,0,0,0,0,0,0,0,0
0,8,13,51,33,52,43,14,11,3,10,7,8,8,0,0,0,0,3,0,0,0,0,0
0,6,16,52,58,36,35,34,12,2,13,12,0,0,2,0,0,0,0,0,0,0,0,0
0,7,12,50,81,71,27,26,5,11,2,0,9,11,3,0,0,0,0,0,0,0,0,0
0,4,7,37,62,54,48,14,11,5,3,6,4,2,9,11,4,8,3,0,0,0,5,4
2,8,19,31,121,177,57,46,23,11,13,14,9,2,0,0,10,7,4,0,0,0,5,5
3,12,27,25,108,140,74,23,5,12,9,12,42,11,3,0,0,0,0,2,0,0,0,1
9,13,13,23,20,22,14,14,8,1,6,0,0,2,0,6,7,1,0,2,4,0,0,1

0,12,8,8,3,2,10,8,31,38,50,50,50,12,8,0,0,0,0,0,0,0,0,0
4,4,13,28,17,4,39,48,44,62,57,58,64,56,14,11,12,12,10,12,6,0,0,10
2,11,6,17,23,14,51,35,59,58,86,100,67,68,59,55,40,14,11,7,4,1,0,0
6,0,9,8,28,32,38,57,57,60,71,75,86,89,71,64,57,37,5,0,0,0,0,0
2,7,1,6,22,23,56,50,60,55,71,79,61,57,53,33,12,0,0,0,0,0,0,0
7,0,0,8,9,21,68,68,63,78,78,92,76,69,59,53,32,8,4,7,3,0,0,0
3,2,0,7,14,55,73,69,100,79,81,112,87,79,76,72,54,16,8,1,0,0,0,0
0,5,14,52,62,79,84,97,96,91,75,102,95,105,86,74,71,54,9,1,0,0,0,0
0,5,49,53,62,71,93,110,94,72,74,118,99,96,103,80,67,58,50,16,4,0,0,0
7,10,60,60,64,74,122,126,109,115,115,102,96,100,95,81,61,61,57,13,8,9,0,0
9,52,57,52,57,77,106,110,124,126,126,114,95,111,97,83,73,57,54,50,14,12,4,0
12,54,56,54,52,63,94,127,139,144,131,119,119,121,107,92,58,53,54,56,24,9,0,0
5,51,51,42,30,59,74,123,137,135,129,133,127,121,106,70,49,52,58,63,39,12,0,0
13,65,52,9,14,89,101,117,132,133,126,126,123,115,88,58,30,57,60,63,51,8,0,0
14,24,3,8,13,54,85,112,125,120,115,124,99,75,54,50,26,39,14,52,48,11,4,0
13,25,8,14,28,65,103,86,100,100,110,114,88,67,52,9,10,0,56,51,1,0,0,0
32,37,10,10,51,105,76,70,72,69,70,115,75,78,61,17,10,37,19,43,13,10,11,11
16,23,16,28,52,73,103,112,132,111,133,118,113,106,57,37,21,32,31,26,10,3,7,4
7,12,19,49,111,114,143,148,162,120,123,148,147,134,106,56,23,18,8,12,5,0,0,0
11,3,30,74,119,143,163,210,192,152,167,197,179,149,121,101,53,14,9,9,2,0,0,0
14,20,31,83,116,152,189,191,225,174,199,200,187,167,113,73,55,18,12,9,10,9,4,3
19,21,36,77,117,148,192,189,216,138,203,208,196,165,130,100,36,29,19,16,11,8,4,0
15,22,56,103,105,117,154,147,129,106,149,170,173,162,120,65,39,28,16,2,0,5,3,3
8,11,14,101,105,107,118,119,100,78,113,140,141,129,109,101,14,35,12,1,5,0,0,0
13,21,27,64,77,93,105,100,90,69,105,107,106,102,100,42,55,13,5,5,0,0,0,1
12,13,24,61,100,102,107,100,59,51,103,103,102,100,60,10,11,7,10,4,5,0,3,4
12,9,22,69,69,103,102,86,12,86,80,83,75,64,14,7,2,9,0,9,2,0,0,0
5,12,13,52,55,101,101,97,12,64,75,59,75,48,38,6,0,0,0,0,0,0,0,3
10,16,12,35,52,49,67,28,10,56,59,53,16,21,14,0,0,0,0,0,0,0,0,0
0,12,12,8,13,33,26,22,26,33,34,23,12,11,3,0,0,0,0,0,0,0,0,1
6,11,5,9,13,12,22,21,14,10,13,10,13,27,14,9,5,4,10,0,1,7,8,6
0,0,0,13,31,31,29,14,13,8,0,0,6,7,8,6,4,5,2,1,0,0,0,0
0,0,0,24,49,36,37,13,13,1,1,0,0,0,0,0,0,0,0,0,0,0,0,6
9,13,26,54,60,58,51,21,40,13,6,0,0,0,0,0,0,0,0,0,0,0,0,0
9,13,33,57,60,72,55,40,28,11,0,0,9,0,0,0,0,0,0,0,0,0,0,0
3,12,22,56,59,62,59,34,30,7,8,4,4,0,0,0,0,0,0,0,0,0,0,7
4,12,14,34,55,56,52,14,14,0,5,12,10,0,0,0,0,0,0,0,0,0,0,0
0,8,14,51,33,52,44,14,11,3,10,8,8,8,0,0,0,0,3,0,0,0,0,0
0,6,17,52,58,36,35,35,12,2,13,12,1,0,3,0,0,0,0,0,0,0,0,0
0,7,12,50,81,71,27,25,5,11,2,0,9,11,3,0,0,0,0,0,0,0,0,0
0,4,7,36,62,54,46,14,11,5,3,6,5,2,9,11,4,7,3,0,0,0,5,4
3,8,19,32,121,178,57,45,23,10,13,14,9,2,0,0,9,7,4,0,0,0,5,5
4,12,27,25,108,140,74,23,5,12,9,12,42,11,3,0,0,0,0,2,0,0,0,1
9,13,13,23,20,22,14,14,8,1,6,0,0,2,0,6,7,1,0,2,3,0,0,1

0,12,8,8,3,2,11,8,31,38,51,50,50,12,9,0,0,0,0,0,0,0,0,0
4,3,13,28,20,4,38,48,44,61,57,58,65,56,16,12,12,12,10,12,6,0,0,10
1,11,6,17,22,14,51,35,59,58,87,100,67,68,59,55,38,14,11,7,4,1,0,0
6,0,9,8,28,32,38,57,57,60,71,75,86,89,71,64,57,38,5,0,0,0,0,0
2,7,1,6,22,23,56,50,60,55,70,80,61,57,53,31,12,0,0,0,0,0,0,0
7,0,0,8,9,21,68,68,63,78,78,92,76,69,58,53,32,8,4,7,3,0,0,0
3,2,0,7,14,55,73,69,100,79,81,112,87,79,76,72,54,16,8,1,0,0,0,0
0,5,14,51,62,79,84,97,96,92,75,102,95,106,86,74,71,54,9,1,0,0,0,0
0,5,48,53,62,71,93,111,95,72,75,118,99,97,103,80,67,59,50,16,4,0,0,0
8,10,60,60,64,74,122,126,110,116,115,102,96,100,96,81,61,61,57,13,8,10,0,0
9,52,57,52,57,77,106,110,124,126,126,115,95,111,97,83,73,57,55,50,14,12,4,0
12,54,56,54,52,63,94,127,139,144,131,118,119,121,107,92,58,53,54,56,23,9,0,0
5,51,51,42,30,59,73,123,137,135,129,133,127,121,106,70,49,52,58,64,40,11,0,0
13,65,52,9,14,87,101,117,131,132,125,126,122,115,88,57,29,57,61,63,51,8,0,0
14,24,3,8,13,53,84,112,124,120,114,124,98,75,54,50,26,39,14,52,48,11,4,0
13,25,8,14,28,65,103,86,100,99,109,113,88,67,52,9,10,0,57,51,1,0,0,0
33,37,10,10,51,105,76,70,72,69,70,115,74,78,61,18,10,37,20,44,13,10,11,11
16,23,16,28,52,73,102,111,131,110,132,117,113,106,57,37,21,32,31,27,10,3,7,4
7,12,20,49,111,114,143,148,161,120,123,148,147,134,106,55,24,19,8,12,5,0,0,0
11,3,30,73,119,143,162,209,191,152,167,196,179,149,121,101,53,14,9,9,2,0,0,0
14,20,31,84,116,152,188,190,225,174,199,200,187,167,113,73,54,18,12,9,10,9,4,3
19,21,36,77,117,148,192,189,216,138,203,208,196,165,131,100,36,29,19,16,11,8,4,0
15,22,56,103,105,117,154,147,129,106,149,170,174,163,120,65,39,28,16,2,0,5,3,3
8,11,14,101,105,107,118,119,100,78,113,141,141,129,109,101,14,35,12,1,5,0,0,0
13,21,27,64,77,93,105,100,90,70,105,107,106,103,100,42,54,13,5,5,0,0,0,1
12,13,24,61,100,102,107,100,57,48,103,103,102,100,60,10,11,7,10,4,5,0,3,4
12,9,22,68,69,103,102,87,12,88,82,82,75,63,14,7,2,9,0,9,2,0,0,0
5,12,13,52,55,101,101,97,12,65,75,59,75,48,38,7,0,0,0,0,0,0,0,3
10,15,12,36,52,49,66,30,10,55,60,53,16,21,14,0,0,0,0,0,0,0,0,0
0,12,12,8,13,33,26,22,26,34,35,23,13,11,3,0,0,0,0,0,0,0,0,1
6,11,5,9,13,12,22,22,14,10,13,10,13,27,14,9,5,4,10,0,2,7,8,6
0,0,0,13,31,31,29,14,13,8,0,0,6,7,8,6,3,5,2,1,0,0,0,0
0,0,0,24,49,36,37,13,13,1,1,0,0,0,0,0,0,0,0,0,0,0,0,6
9,13,26,54,60,58,51,21,41,13,6,0,0,0,0,0,0,0,0,0,0,0,0,0
9,13,33,57,60,72,55,40,28,11,0,0,9,0,0,0,0,0,0,0,0,0,0,0
3,12,22,56,59,63,59,34,30,7,8,4,5,0,0,0,0,0,0,0,0,0,0,7
4,12,14,34,55,56,52,14,14,0,5,12,10,0,0,0,0,0,0,0,0,0,0,0
0,8,13,51,33,53,45,14,11,3,10,8,8,8,0,0,0,0,3,0,0,0,0,0
0,6,17,52,58,36,36,36,13,2,13,12,1,0,4,0,0,0,0,0,0,0,0,0
0,7,12,50,81,71,27,26,5,11,3,0,9,11,3,0,0,0,0,0,0,0,0,0
0,4,7,37,62,54,47,14,11,6,3,6,5,3,9,11,3,7,2,0,0,0,5,4
3,8,19,31,122,177,57,46,23,11,13,14,9,2,0,0,9,7,4,0,0,0,5,5
3,12,27,25,108,140,74,24,5,13,9,12,40,11,3,0,0,0,0,2,0,0,0,2
9,13,13,23,20,22,14,14,8,1,6,0,0,2,0,6,7,1,0,2,3,0,0,1

0,11,7,7,3,2,11,8,31,38,50,50,51,12,9,0,0,0,0,0,0,0,0,0
4,3,13,28,19,4,38,48,44,61,57,58,65,57,17,12,12,12,10,11,6,0,0,10
2,11,6,17,25,15,51,35,59,58,87,100,67,68,59,55,40,14,11,7,4,1,0,0
6,0,9,7,28,32,39,57,57,60,71,76,86,90,71,64,57,37,5,0,0,0,0,0
2,7,2,6,22,23,56,50,60,55,71,79,61,57,53,33,12,0,0,0,0,0,0,0
7,0,0,8,9,21,68,68,63,78,78,92,76,69,59,53,32,8,4,7,3,0,0,0
3,2,0,7,14,55,73,69,100,79,81,112,87,79,76,72,54,17,8,1,0,0,0,0
0,5,14,52,62,79,84,97,96,91,75,102,95,105,86,74,71,54,9,1,0,0,0,0
0,5,48,53,62,71,93,111,94,72,75,118,99,97,103,80,67,59,50,16,4,0,0,0
7,10,60,60,64,74,122,126,109,115,115,101,96,100,96,81,61,62,57,13,8,9,0,0
9,52,57,52,57,77,106,109,124,125,125,114,94,110,97,83,73,57,55,50,14,12,4,0
12,54,56,54,52,63,94,126,138,143,131,117,118,120,106,92,58,53,54,56,24,9,0,0
5,51,51,42,30,60,73,123,137,134,128,133,127,121,106,70,49,52,58,64,39,12,0,0
13,65,52,9,14,88,101,117,132,133,126,126,123,115,88,58,30,57,60,63,51,8,0,0
14,24,2,8,13,54,85,112,125,120,114,124,99,75,54,50,28,37,14,52,50,11,4,0
12,25,8,14,28,64,103,86,100,99,109,114,88,67,52,9,10,0,56,51,1,0,0,0
32,37,10,10,51,105,75,70,72,69,70,115,74,77,61,17,10,37,19,43,13,10,11,11
16,23,16,28,52,73,102,111,131,110,132,117,113,106,57,37,21,32,31,27,10,3,8,4
7,12,20,49,111,113,143,148,161,120,123,148,147,133,106,56,23,18,8,12,5,0,0,0
11,3,29,73,119,143,162,209,192,152,166,196,179,149,121,101,53,14,9,9,2,0,0,0
14,20,31,84,116,152,188,191,225,175,199,200,187,167,114,73,55,18,12,9,10,9,4,3
19,21,36,77,118,148,192,189,216,139,203,209,196,165,131,101,36,30,19,16,11,8,4,0
15,22,56,103,105,117,155,147,129,107,150,171,174,163,121,65,39,28,16,2,0,5,3,3
8,11,14,101,105,107,118,120,100,79,113,141,141,130,109,101,14,35,12,1,5,0,0,0
13,21,28,64,77,93,105,99,91,67,105,107,106,103,100,41,55,13,5,5,0,0,0,1
12,13,24,60,100,102,107,100,57,51,103,103,102,100,59,10,11,7,10,4,5,0,3,4
12,9,22,69,68,103,102,88,12,86,82,82,75,64,14,7,2,9,0,9,2,0,0,0
5,12,13,52,55,101,101,98,12,66,75,59,75,48,38,7,0,0,0,0,0,0,0,3
10,15,12,35,52,49,66,32,10,56,60,53,17,22,14,0,0,0,0,0,0,0,0,0
0,12,12,8,13,33,26,22,26,33,35,24,13,11,3,0,0,0,0,0,0,0,0,1
7,11,5,9,13,12,22,22,14,10,13,11,13,27,15,9,5,4,10,0,2,7,8,6
0,0,0,13,31,31,29,14,13,8,0,0,6,7,8,6,3,5,2,1,0,0,0,0
0,0,1,24,49,36,37,13,13,1,2,0,0,0,0,0,0,0,0,0,0,0,0,6
9,13,26,54,61,58,51,22,40,13,6,0,0,0,0,0,0,0,0,0,0,0,0,0
9,13,33,57,60,72,55,40,28,11,0,0,9,0,0,0,0,0,0,0,0,0,0,0
3,12,22,56,59,63,59,34,30,7,8,4,5,0,0,0,0,0,0,0,0,0,0,7
4,12,14,34,55,56,52,14,14,0,5,12,10,0,0,0,0,0,0,0,0,0,0,0
0,8,14,51,33,52,44,14,11,3,10,8,8,8,0,0,0,0,4,0,0,0,0,0
0,6,17,52,58,36,36,35,13,2,13,12,1,0,4,0,0,0,0,0,0,0,0,0
0,7,12,50,81,71,27,27,5,11,3,0,9,11,3,0,0,0,0,0,0,0,0,0
0,4,7,37,62,54,47,14,11,6,3,6,5,3,9,11,4,7,2,0,0,0,5,4
3,8,19,32,122,178,58,46,23,11,13,14,9,1,0,0,9,7,4,0,0,0,5,5
4,12,27,25,108,141,73,24,6,12,9,12,40,11,2,0,0,0,0,2,0,0,0,1
9,13,13,23,20,23,14,14,8,1,6,0,0,2,0,6,7,1,0,2,3,0,0,1

0,11,8,8,3,2,11,9,32,38,51,50,51,13,9,0,0,0,0,0,0,0,0,0
4,3,13,28,19,4,41,49,44,62,57,58,65,57,18,12,12,12,10,11,6,0,0,10
1,11,6,16,25,16,51,35,59,58,88,101,68,69,59,56,38,14,11,7,4,1,0,0
6,0,9,7,27,32,38,57,57,60,71,75,86,89,71,64,57,38,5,0,0,0,0,0
2,7,2,6,22,23,56,50,60,55,70,79,61,57,53,33,12,0,0,0,0,0,0,0
8,0,0,8,9,21,68,68,63,78,78,92,76,69,59,53,32,8,4,7,3,0,0,0
3,2,0,7,14,55,73,69,100,79,81,112,87,79,76,72,54,16,8,1,0,0,0,0
0,5,14,52,62,79,84,97,95,91,75,102,94,105,86,74,71,54,9,1,0,0,0,0
0,5,49,53,62,71,93,111,94,72,74,117,99,97,103,80,67,59,50,17,4,0,0,0
7,10,60,60,64,74,122,125,108,115,114,101,96,100,96,81,61,62,57,13,8,9,0,0
9,52,57,52,57,77,106,109,123,125,125,113,94,110,97,83,73,57,55,50,14,12,4,0
12,54,56,54,52,63,93,126,137,142,130,117,117,119,106,92,58,53,54,56,23,9,0,0
5,51,51,42,29,59,73,123,137,134,128,133,127,121,106,70,49,52,58,63,40,12,0,0
13,65,51,9,14,88,102,117,132,133,126,126,123,115,88,58,29,57,60,63,52,8,0,0
14,24,2,8,13,54,85,113,125,120,115,124,100,75,54,50,26,37,14,52,50,11,5,0
13,25,8,14,28,64,103,86,100,100,109,114,89,67,52,9,10,0,56,51,1,0,0,0
32,36,10,10,51,105,75,70,72,69,70,115,75,78,61,18,10,36,19,44,13,10,11,11
16,23,16,28,52,73,101,111,131,110,132,117,113,106,57,37,20,32,31,26,10,3,7,4
7,12,20,49,111,114,143,148,161,120,123,148,147,134,107,56,23,17,8,12,5,0,0,0
11,3,30,74,119,143,162,209,192,152,167,197,179,149,121,101,54,14,9,9,2,0,0,0
14,20,31,84,116,152,189,191,225,175,199,200,187,168,114,73,55,18,12,9,10,9,5,3
19,21,36,77,118,148,192,189,216,139,203,209,196,166,131,101,36,30,19,16,11,8,4,1
15,22,56,103,105,118,155,147,129,107,150,171,174,163,121,65,39,28,16,2,0,5,3,3
8,11,14,101,106,107,118,120,100,80,113,141,141,130,109,101,14,36,12,1,5,0,0,0
13,21,27,64,77,93,106,100,90,69,105,107,106,103,100,42,54,13,5,5,0,0,0,1
12,13,24,61,100,102,107,100,57,50,103,103,102,100,59,10,11,7,10,4,6,0,3,4
12,9,23,68,68,103,102,87,12,88,81,82,75,64,14,7,2,9,0,9,2,0,0,0
5,12,13,52,55,101,101,97,12,66,75,59,75,48,38,7,0,0,0,0,0,0,0,3
10,16,12,36,52,49,66,31,10,56,60,53,16,22,14,0,0,0,0,0,0,0,0,0
0,12,12,8,13,32,26,22,26,33,35,24,12,11,3,0,0,0,0,0,0,0,0,1
6,11,5,9,13,12,22,21,14,10,13,11,13,27,15,9,5,4,10,0,2,7,8,6
0,0,0,13,31,31,29,14,13,8,0,0,6,7,8,6,4,5,2,1,0,0,0,0
0,0,0,24,49,36,37,13,13,1,2,0,0,0,0,0,0,0,0,0,0,0,0,6
9,13,26,54,61,58,51,21,40,13,6,0,0,0,0,0,0,0,0,0,0,0,0,0
9,13,33,57,60,72,55,40,28,11,0,0,9,0,0,0,0,0,0,0,0,0,0,0
3,12,22,56,59,63,59,34,30,7,7,4,4,0,0,0,0,0,0,0,0,0,0,7
4,12,14,34,55,56,52,14,14,0,5,12,10,0,0,0,0,0,0,0,0,0,0,0
0,8,13,51,33,53,44,14,11,3,10,7,8,8,0,0,0,0,3,0,0,0,0,0
0,6,18,52,58,36,35,34,13,2,13,12,2,0,4,0,0,0,0,0,0,0,0,0
0,7,12,50,81,72,27,26,5,11,3,0,9,10,3,0,0,0,0,0,0,0,0,0
0,4,7,39,62,54,48,15,11,6,3,6,5,3,9,11,4,7,2,0,0,0,5,4
3,8,19,32,122,178,57,46,23,11,13,14,9,2,0,0,9,7,4,0,0,0,5,5
4,12,27,25,108,141,74,25,6,13,9,12,42,11,2,0,0,0,0,2,0,0,0,1
9,13,13,23,20,22,14,14,8,1,6,0,0,2,0,6,7,1,0,2,4,0,0,1
