6,4,8,8,23,63,83,119,103,36,0,0,0,2,0,0,0,0,0,0,0,0,8,0
10,9,14,27,53,84,111,120,117,65,13,0,0,0,0,0,0,0,0,0,0,0,0,0
14,13,14,26,58,104,115,122,122,102,60,9,10,0,0,0,0,0,0,0,0,4,8,0
42,20,16,16,33,100,105,123,121,110,101,14,11,2,0,5,3,0,10,9,0,0,0,0
53,29,33,38,42,91,91,109,139,120,93,66,57,0,0,7,0,0,3,11,4,0,0,0
57,34,14,48,59,74,97,123,130,125,98,74,42,15,14,11,5,0,9,7,12,3,0,0
13,30,45,57,66,84,105,113,111,105,102,75,0,7,7,10,0,0,0,9,13,8,0,0
2,7,14,65,76,104,107,126,122,94,99,68,53,10,33,3,0,0,0,2,5,0,0,0
12,5,17,58,78,110,111,133,136,120,88,89,66,57,3,2,0,0,9,0,0,4,0,0
5,8,56,56,75,110,138,177,179,148,134,114,91,74,51,16,44,1,0,0,2,0,0,0
25,46,58,55,67,104,148,223,280,262,229,165,128,97,63,60,26,7,11,8,10,6,9,0
29,59,68,76,76,100,158,275,370,371,316,242,164,143,96,79,13,13,0,4,0,6,0,0
20,57,101,103,104,104,129,201,280,283,298,248,217,162,123,97,58,5,8,0,0,0,0,0
8,39,82,97,83,98,113,161,190,220,228,193,176,153,131,110,74,13,7,0,0,0,0,0
1,12,21,58,56,58,76,131,119,97,139,141,146,141,130,109,81,31,4,0,0,0,0,0
0,10,10,29,58,78,63,109,108,95,95,119,137,134,119,102,77,78,22,10,0,8,0,0
8,7,7,10,12,71,83,91,77,97,115,112,125,94,84,79,71,64,40,6,4,0,0,1
0,10,20,21,29,41,49,57,102,127,152,142,99,110,106,127,95,61,41,27,14,6,8,8
0,0,1,0,6,13,68,81,96,134,148,146,117,88,103,148,147,114,80,79,19,11,12,10
1,3,10,5,4,18,44,101,101,95,109,120,117,127,167,235,208,158,127,113,63,35,8,8
0,5,2,3,5,7,14,13,53,53,102,114,124,184,272,294,223,172,137,115,82,14,6,11
4,0,5,9,7,12,27,29,45,54,71,106,141,232,296,325,256,225,160,109,36,19,14,14
10,8,12,12,13,19,16,35,43,51,96,136,184,237,245,270,238,202,140,113,102,39,10,8
6,7,4,0,2,11,19,56,60,100,109,151,205,235,244,234,229,197,141,113,103,38,11,0
0,10,6,8,13,8,7,45,100,101,115,158,211,234,227,232,213,189,149,117,55,16,10,13
10,12,11,8,5,14,12,32,101,103,116,163,196,214,218,203,185,172,139,105,43,13,10,10
0,7,3,4,5,16,28,58,81,100,109,137,175,178,233,208,154,131,110,65,9,7,10,4
6,12,9,5,7,13,27,46,67,86,110,149,153,166,184,154,151,132,107,33,1,7,7,9
1,8,11,10,10,15,12,14,56,65,104,136,144,163,189,138,126,115,67,13,4,3,0,10
5,6,4,6,10,12,11,18,53,75,104,133,134,151,145,97,105,80,50,8,0,5,5,0
6,8,9,4,5,11,14,17,41,56,96,103,108,140,133,114,91,64,13,9,8,12,3,0
0,0,0,7,12,8,9,5,11,55,109,93,104,129,146,123,98,39,21,21,3,7,4,0
11,0,0,0,2,5,2,6,28,44,69,91,105,141,168,138,86,34,15,12,8,0,5,0
0,0,0,0,0,7,12,14,48,48,60,146,211,203,229,152,73,38,13,11,0,4,10,2
0,0,0,0,0,0,0,7,14,41,52,72,94,158,185,130,94,58,10,3,10,5,10,8
4,5,0,0,0,0,0,0,1,9,12,49,55,88,161,163,121,83,59,20,9,12,9,0
1,2,0,8,8,9,11,14,16,13,22,35,50,78,168,191,133,88,57,31,16,10,10,0
4,8,3,8,9,9,10,11,9,11,14,14,42,55,118,170,144,82,58,26,14,12,10,0
0,0,0,2,6,6,6,6,4,11,14,30,36,51,77,132,131,78,44,43,22,14,10,5
0,0,0,4,0,0,0,0,0,27,14,34,38,51,57,77,110,68,66,50,14,12,13,4
1,5,7,7,8,6,1,13,7,6,12,13,12,8,14,68,65,65,53,25,6,0,6,12
5,8,4,1,11,9,12,11,10,9,12,11,8,4,8,39,73,68,51,13,12,7,0,5
2,8,0,0,7,0,0,1,6,13,10,6,0,8,10,1,50,51,21,8,8,13,11,0
1,0,2,0,5,4,2,10,13,10,8,7,9,11,0,0,1,13,20,11,10,0,8,6

6,4,8,8,24,63,82,118,103,35,0,0,0,2,0,0,0,0,0,0,0,0,8,0
10,9,14,28,54,84,112,120,116,65,13,0,0,0,0,0,0,0,0,0,0,0,0,0
13,13,14,27,59,104,115,122,122,102,60,10,10,0,0,0,0,0,0,0,0,4,8,0
42,19,17,17,34,100,105,123,121,110,101,14,11,2,0,6,3,0,10,8,0,0,0,0
54,28,33,39,42,92,91,110,139,120,93,66,58,0,0,8,0,0,3,11,4,0,0,0
56,37,14,48,59,75,98,124,131,125,98,74,43,16,15,11,5,0,9,7,12,3,0,0
13,31,45,57,66,85,107,115,112,106,103,75,1,8,7,10,0,0,0,9,13,8,0,0
3,8,15,65,78,105,111,129,124,96,100,68,54,9,30,3,0,0,0,2,5,0,0,0
12,6,27,59,80,113,115,137,139,121,88,89,66,56,3,3,0,0,10,0,0,3,0,0
7,9,56,57,76,113,141,181,181,149,133,113,90,74,51,17,46,1,0,0,2,0,0,0
26,48,59,56,68,105,149,223,276,262,230,165,128,96,63,60,27,7,12,8,10,6,9,0
33,60,69,77,77,100,157,269,364,368,314,242,164,142,95,79,14,13,0,4,0,6,0,0
23,58,102,103,104,104,129,201,281,284,304,248,216,159,123,96,57,5,8,0,0,0,0,0
8,41,86,100,84,100,114,164,191,222,229,194,177,153,130,110,75,13,6,0,0,0,0,0
1,12,30,60,57,58,77,133,121,98,141,143,147,141,130,109,81,32,4,0,0,0,0,0
0,11,10,36,60,79,64,110,110,98,97,122,140,135,121,102,77,78,22,11,0,8,0,0
8,8,7,10,13,74,84,93,79,99,118,116,128,95,85,79,70,64,37,6,3,0,0,0
0,10,21,23,30,43,50,58,107,131,157,146,103,112,106,125,93,60,41,26,14,7,7,8
0,0,2,0,7,14,72,83,100,137,152,149,119,88,100,144,144,111,78,77,17,11,11,10
0,3,10,5,4,20,49,102,102,99,111,121,117,126,160,223,199,151,125,112,61,30,8,8
0,5,2,3,5,8,14,14,54,53,103,115,124,182,263,281,214,167,134,114,78,14,6,11
4,0,5,9,7,12,26,29,44,56,74,107,141,231,291,318,246,215,154,107,33,18,14,15
10,8,11,12,13,19,15,35,43,52,97,137,184,237,244,267,233,196,137,111,101,38,10,8
6,6,4,0,2,11,17,56,60,101,109,152,206,235,244,232,226,194,140,112,103,36,11,0
0,10,6,8,13,8,6,44,100,101,115,158,211,234,227,231,212,187,147,116,54,16,10,13
10,12,11,7,6,14,12,33,101,103,116,164,196,213,218,201,184,171,138,105,42,13,10,10
0,6,3,4,5,15,24,58,79,100,109,137,174,177,233,208,154,130,110,64,9,8,10,4
7,12,9,5,7,13,26,45,67,88,110,149,153,165,184,154,150,132,107,33,1,7,7,9
1,8,11,10,10,14,12,14,57,65,104,136,144,163,188,137,126,116,68,13,4,3,0,10
5,6,4,6,9,12,11,19,53,74,104,132,134,150,145,97,105,81,51,9,0,5,5,0
6,8,9,4,5,10,14,16,40,56,96,103,107,140,132,114,91,64,13,9,8,12,3,0
0,0,0,7,12,8,9,5,11,55,109,92,103,128,146,123,99,40,21,21,3,7,4,0
11,0,0,0,2,5,2,6,29,46,69,90,106,141,168,139,86,34,15,12,8,0,5,0
0,0,0,0,0,6,12,14,47,48,60,145,211,202,228,152,73,38,13,11,0,4,10,2
0,0,0,0,0,0,0,7,14,41,52,71,94,158,184,131,94,58,10,3,10,5,10,8
4,5,0,0,0,0,0,0,1,9,12,50,55,88,163,166,122,83,59,22,9,12,9,0
1,2,0,8,8,9,11,13,17,13,21,35,50,79,169,194,135,89,58,33,16,10,10,0
4,8,3,8,9,9,11,11,10,11,14,15,42,55,120,173,146,84,58,25,14,12,9,0
0,0,0,2,6,6,6,6,4,11,14,30,35,51,78,133,133,79,45,44,23,14,10,4
0,0,0,4,0,0,0,0,0,27,14,35,37,51,57,78,111,69,67,50,14,13,14,4
1,5,7,7,8,6,1,13,7,6,12,13,12,8,14,68,65,66,53,28,6,1,6,12
5,8,4,1,11,9,12,11,10,9,12,11,9,4,8,39,75,69,52,13,12,7,0,5
2,8,0,0,6,0,0,1,6,13,10,6,0,9,10,2,51,51,24,9,8,13,11,0
1,0,2,0,5,4,2,10,13,10,8,7,9,11,0,0,2,13,21,11,10,0,8,6

6,4,8,8,24,63,82,118,103,34,0,0,0,2,0,0,0,0,0,0,0,0,8,0
10,9,14,28,54,84,112,120,116,65,13,0,0,0,0,0,0,0,0,0,0,0,0,0
13,13,14,27,58,104,115,121,122,101,60,9,10,0,0,0,0,0,0,0,0,4,8,0
42,21,17,18,34,100,105,123,121,110,101,14,11,2,0,7,3,0,10,8,0,0,0,0
54,29,35,41,45,92,91,109,139,120,93,66,59,0,0,8,0,0,3,12,4,0,0,0
56,39,14,49,59,75,99,124,131,125,97,74,43,15,17,11,5,0,9,8,12,3,0,0
13,34,46,57,66,86,108,115,113,106,103,75,1,8,8,10,0,0,0,9,13,7,0,0
4,8,19,65,78,106,112,130,126,97,100,68,54,9,31,3,0,0,0,2,5,0,0,0
12,6,31,60,81,114,117,139,141,123,89,89,66,57,3,3,1,0,10,0,0,3,0,0
8,10,57,57,78,115,144,184,185,152,135,114,91,74,50,19,48,1,0,0,2,0,0,0
27,50,59,56,68,107,152,228,281,264,232,165,128,96,63,60,28,7,12,8,10,6,9,0
35,61,70,78,78,101,159,272,365,367,313,241,163,142,94,79,14,13,0,4,0,6,0,0
25,59,102,103,104,104,129,203,282,284,302,248,215,158,122,95,57,4,7,0,0,0,0,0
8,43,87,100,85,100,115,166,193,224,231,194,175,151,130,109,73,12,6,0,0,0,0,0
2,13,34,61,57,59,79,135,123,99,143,143,146,141,130,109,79,30,4,0,0,0,0,0
0,11,10,39,60,79,65,111,111,99,98,122,140,135,120,102,76,78,21,11,0,8,0,0
9,8,7,10,13,75,85,94,80,101,119,116,129,96,85,79,70,64,38,5,3,0,0,0
0,10,23,24,30,43,50,58,108,133,160,148,104,113,107,125,93,60,41,25,14,7,7,8
0,0,2,0,8,14,72,83,100,138,154,150,120,89,100,143,143,111,78,77,17,12,11,10
1,4,10,6,5,20,49,102,102,100,111,121,118,126,158,221,198,150,125,112,61,30,8,8
0,5,3,3,5,8,14,14,54,54,103,116,125,182,259,279,213,167,134,114,78,14,6,11
3,0,5,9,7,12,27,30,44,56,75,107,141,230,290,315,245,215,154,107,34,19,14,15
10,8,11,12,13,19,16,35,43,52,97,137,184,236,243,266,232,196,137,111,101,38,10,8
6,6,4,0,2,11,16,56,60,101,109,152,206,235,243,231,226,193,140,112,103,34,11,0
0,10,6,8,13,8,6,45,100,101,115,158,211,234,226,230,212,187,148,116,54,16,10,13
10,12,11,7,5,14,12,33,101,103,116,163,196,213,218,201,183,171,138,105,42,13,10,10
0,6,3,4,5,16,24,57,79,100,109,137,174,177,232,207,154,130,110,64,9,8,10,3
6,12,9,5,7,13,24,45,67,86,110,149,153,165,183,153,150,131,107,31,1,7,7,9
1,8,11,10,10,14,12,14,56,65,104,136,144,162,188,137,126,116,68,13,4,3,0,10
5,6,4,6,9,12,11,16,53,74,104,132,133,150,144,97,106,81,50,9,0,5,5,0
6,8,9,4,5,11,14,16,41,56,96,103,107,140,132,114,91,64,13,9,8,12,3,0
0,0,0,7,12,8,9,5,11,55,109,93,103,128,146,124,98,40,21,21,3,7,4,0
11,0,0,0,2,5,2,6,29,46,69,91,106,141,168,138,86,34,15,12,8,0,5,0
0,0,0,0,0,6,12,14,47,49,59,145,213,202,228,152,73,38,13,11,0,4,10,2
0,0,0,0,0,0,0,7,14,41,52,71,94,158,184,131,94,58,10,3,10,6,10,8
4,5,0,0,0,0,0,0,1,9,12,49,55,88,163,166,123,83,59,22,9,12,9,0
1,2,0,8,8,9,11,13,15,13,23,35,50,79,169,194,135,89,58,32,16,10,10,0
4,8,3,7,9,9,10,11,10,11,14,15,42,55,120,173,146,84,58,26,14,11,9,0
0,1,0,2,6,6,6,6,4,11,14,30,35,51,78,133,133,79,45,44,23,14,10,4
0,0,0,4,0,0,0,0,0,27,14,35,40,51,57,78,111,69,66,50,14,13,14,4
1,6,6,6,8,6,1,13,7,6,12,13,12,8,15,68,66,66,53,28,6,1,6,12
5,8,4,1,11,9,12,11,10,9,12,11,9,4,8,39,75,69,52,13,12,7,0,5
2,8,0,0,7,0,0,1,6,13,10,6,0,9,10,2,51,51,24,9,8,13,11,0
1,0,2,0,5,4,2,10,13,10,8,7,9,11,0,0,2,13,21,11,10,0,8,6

7,4,8,9,25,63,82,118,103,32,0,0,0,2,0,0,0,0,0,0,0,0,8,0
10,9,14,29,54,85,112,120,116,65,12,0,0,0,0,0,0,0,0,0,0,0,0,0
13,13,14,28,59,104,115,122,122,101,58,9,10,0,0,0,0,0,0,0,0,4,8,0
40,19,18,18,34,100,105,123,121,109,101,14,11,3,0,7,2,0,10,8,0,0,0,0
53,27,36,43,45,92,91,110,139,119,92,65,58,0,0,9,0,0,3,12,4,0,0,0
55,37,15,50,60,76,100,124,132,125,97,73,43,15,17,11,4,0,10,9,12,3,0,0
13,35,50,57,67,86,108,115,113,106,103,75,1,9,8,10,0,0,0,9,13,8,0,0
6,10,24,66,78,106,111,129,124,96,100,68,54,9,31,3,0,0,0,2,5,0,0,0
13,7,35,60,80,113,115,137,139,122,88,89,66,57,3,3,1,0,10,0,0,3,0,0
10,11,57,57,77,114,142,182,183,150,134,113,90,74,51,18,47,1,0,0,2,0,0,0
28,50,59,56,69,108,153,231,284,263,228,163,127,96,63,60,31,7,12,8,10,7,9,0
37,61,70,78,78,103,164,281,373,373,314,239,162,141,94,79,14,13,0,4,0,6,0,0
28,60,102,103,104,105,131,208,289,289,303,248,215,158,122,96,57,4,7,0,0,0,0,0
9,45,89,100,85,100,116,169,198,227,232,195,175,150,129,109,72,12,5,0,0,0,0,0
3,13,39,62,57,59,80,136,126,102,144,144,146,141,129,108,79,30,4,0,0,0,0,0
0,11,10,42,61,80,66,112,112,101,99,123,140,135,120,101,76,78,21,11,0,8,0,0
9,9,7,11,13,76,86,95,81,103,120,117,128,96,85,79,70,64,40,5,3,0,0,0
0,10,23,24,31,43,50,57,108,135,163,150,105,114,108,125,93,60,41,25,14,7,7,8
0,0,2,0,8,13,70,82,100,139,156,152,121,90,100,142,143,111,78,78,17,12,11,10
1,4,10,6,5,20,46,101,102,100,112,122,118,127,157,219,197,150,125,112,61,30,8,8
0,5,3,3,6,8,14,14,54,54,103,116,125,182,258,276,212,167,134,114,79,14,6,11
3,0,5,8,7,12,27,30,44,56,75,107,142,230,289,314,244,214,154,107,34,19,14,15
10,8,11,12,13,19,16,35,43,52,97,137,184,236,243,265,232,195,137,112,101,38,10,9
5,6,4,0,1,11,16,56,60,100,109,151,205,234,243,231,225,193,140,112,103,36,11,0
0,10,6,8,13,8,6,44,100,101,115,158,211,234,226,230,211,187,148,116,55,16,10,13
10,12,11,7,5,14,12,33,101,103,116,163,196,213,217,201,183,171,138,105,42,13,10,10
0,7,3,4,5,14,23,56,80,100,109,137,174,176,233,207,153,130,110,65,9,8,10,4
6,12,9,5,7,13,24,44,67,87,110,149,153,165,183,153,150,131,107,33,1,7,7,9
1,8,11,10,10,14,12,14,57,65,104,135,143,162,188,137,126,116,68,13,4,3,0,10
5,6,4,6,9,12,11,15,53,74,104,131,133,149,144,97,106,81,51,9,0,5,5,0
6,8,9,4,5,10,14,16,40,55,96,103,107,139,132,114,92,65,13,9,8,12,3,0
0,0,0,7,12,8,9,5,10,55,109,92,102,128,146,124,99,41,21,21,3,7,4,0
11,0,0,0,2,4,2,6,29,45,69,90,106,140,168,139,87,34,15,12,8,0,5,0
0,0,0,0,0,6,12,14,46,48,59,143,210,201,227,152,73,38,13,11,0,4,10,2
0,0,0,0,0,0,0,7,14,42,52,71,94,157,183,132,95,58,10,3,10,6,10,8
4,5,0,0,0,0,0,0,1,9,12,48,55,88,162,166,123,84,59,23,9,12,9,0
1,2,0,8,8,9,11,13,16,13,22,35,50,79,169,195,136,89,58,33,16,10,10,0
4,8,3,7,9,10,10,11,10,11,14,15,42,55,120,174,146,84,58,25,14,12,9,0
0,1,0,2,6,6,7,7,4,11,14,30,35,51,78,133,133,80,45,44,24,14,10,5
0,0,0,4,0,0,0,0,0,27,14,35,39,51,57,78,112,69,66,50,14,13,13,4
2,6,7,7,8,6,1,13,7,6,12,14,12,8,14,68,66,66,53,28,6,1,6,12
5,8,4,1,11,9,12,11,10,9,12,11,9,4,8,39,75,69,52,13,12,7,0,5
2,8,0,0,7,0,0,1,6,13,10,6,0,9,10,2,51,51,25,9,8,13,11,0
1,0,2,0,5,4,2,10,13,10,8,7,9,11,0,0,2,13,21,11,10,0,8,6

6,5,8,8,25,63,82,117,102,28,0,0,0,2,0,0,0,0,0,0,0,0,8,0
10,9,14,28,54,86,112,120,116,64,12,0,0,0,0,0,0,0,0,0,0,0,0,0
13,13,14,28,59,105,115,122,122,101,57,9,10,0,0,0,0,0,0,0,0,4,8,0
40,19,18,18,34,100,105,123,121,109,100,13,12,4,0,7,2,0,10,8,0,0,0,0
54,29,36,44,45,93,92,110,139,119,91,65,58,0,0,9,0,0,3,12,4,0,0,0
55,39,19,50,60,76,100,125,132,125,97,73,43,15,17,11,4,0,9,9,12,3,0,0
14,37,50,57,67,86,108,115,113,106,102,75,1,9,8,10,0,0,0,9,13,8,0,0
7,10,25,66,78,105,110,129,124,95,99,68,54,9,31,3,0,0,0,2,5,0,0,0
13,7,36,61,80,112,114,136,138,121,88,89,66,57,3,3,1,0,10,0,0,3,0,0
11,12,57,57,77,114,142,182,182,149,133,113,90,74,50,18,47,1,0,0,2,0,0,0
28,50,59,56,69,107,153,231,285,263,228,162,127,96,62,60,29,7,12,8,10,6,9,0
39,61,70,78,78,103,163,281,374,374,314,239,162,142,94,78,14,13,0,4,0,6,0,0
31,60,102,103,104,105,131,208,288,288,303,248,216,159,122,95,57,4,7,0,0,0,0,0
9,45,88,100,85,100,116,169,197,226,231,194,175,150,129,109,73,12,6,0,0,0,0,0
3,13,39,61,57,59,80,136,125,101,143,143,146,140,129,108,79,30,3,0,0,0,0,0
0,12,11,41,60,79,65,111,111,100,98,122,139,134,120,101,76,78,21,10,0,8,0,0
9,9,8,11,13,75,86,94,80,102,120,116,128,95,85,79,70,64,43,5,3,0,0,0
1,10,23,24,31,43,50,57,107,135,161,148,104,113,108,126,94,61,41,26,14,7,7,8
0,0,3,0,8,13,70,82,99,138,155,151,120,90,101,144,144,111,79,79,18,12,11,10
1,4,10,6,5,20,46,101,102,99,112,122,118,128,160,222,199,151,126,112,62,31,8,8
1,5,3,3,6,8,14,14,54,54,103,116,125,185,264,278,213,168,135,114,80,14,6,11
3,0,5,9,7,12,27,29,44,56,75,107,142,233,294,316,246,217,156,108,35,19,14,15
10,8,12,12,13,19,16,35,43,52,98,137,185,238,245,267,234,198,138,112,101,38,10,8
6,7,4,0,2,11,17,56,61,101,109,152,206,235,244,232,227,195,140,112,103,38,11,0
0,10,6,8,13,8,7,45,100,101,115,159,211,235,226,232,213,188,148,116,55,16,10,13
10,12,11,7,5,14,12,33,101,103,116,164,196,213,218,202,184,172,138,105,43,13,10,10
0,7,3,4,5,15,25,58,79,100,109,137,174,177,233,208,154,130,110,64,9,8,10,3
6,12,9,5,7,13,24,46,67,88,110,149,153,165,184,154,150,132,107,31,1,7,7,9
1,8,11,10,10,14,12,14,56,65,104,135,144,162,188,138,126,116,68,13,4,3,0,10
5,6,4,6,9,12,11,15,53,74,104,131,133,150,144,97,106,81,50,8,0,5,5,0
6,8,9,4,5,10,14,16,40,55,95,102,107,139,132,114,91,64,13,9,8,12,3,0
0,0,0,7,12,8,9,4,10,55,109,92,102,128,146,123,98,41,21,21,3,7,4,0
11,0,0,0,2,4,2,5,27,44,68,89,105,140,167,139,87,34,15,12,8,0,5,0
0,0,0,0,0,6,12,14,46,48,59,141,208,200,227,152,74,38,13,11,0,4,10,2
0,0,0,0,0,0,0,7,14,41,51,71,93,156,182,132,95,59,10,3,10,6,10,8
4,5,0,0,0,0,0,0,0,8,12,48,55,87,162,166,124,85,60,23,9,12,9,0
1,2,0,8,8,9,11,13,16,13,22,35,50,78,168,194,136,90,58,33,16,10,10,0
4,8,3,8,9,9,10,11,9,11,14,15,42,55,119,173,146,85,59,26,14,12,9,0
0,0,0,2,6,6,7,6,4,11,14,30,36,51,77,133,133,80,46,45,25,14,10,5
0,0,0,4,0,0,0,0,0,27,14,35,38,51,56,77,111,69,67,51,14,13,14,4
2,6,7,7,8,6,1,13,7,6,12,14,12,8,15,67,65,66,53,29,6,1,6,12
5,8,4,0,11,8,12,11,10,9,12,11,9,4,8,39,75,69,52,13,12,7,0,5
2,8,0,0,7,0,0,1,6,13,10,6,0,9,10,2,51,51,25,9,8,13,11,0
1,0,2,0,5,4,2,10,13,10,8,7,9,11,0,0,2,13,20,11,10,0,8,6

7,5,8,9,26,63,83,117,102,28,0,0,0,2,0,0,0,0,0,0,0,0,8,0
10,10,14,29,54,86,112,120,115,64,12,0,0,0,0,0,0,0,0,0,0,0,0,0
14,13,14,28,60,105,116,122,122,101,57,10,11,0,0,0,0,0,0,0,0,4,8,0
39,20,19,19,35,100,106,124,121,109,100,14,12,5,0,7,2,0,10,8,0,0,0,0
53,30,37,43,45,93,93,111,140,120,91,65,58,0,0,9,0,0,3,12,4,0,0,0
55,39,22,50,60,76,100,126,133,125,97,73,43,15,16,11,4,0,9,8,12,3,0,0
14,38,50,58,67,86,108,115,113,105,102,75,1,8,7,9,0,0,0,9,13,7,0,0
8,10,24,66,78,105,110,128,123,94,99,68,53,9,31,3,0,0,0,2,5,0,0,0
13,7,37,61,80,112,114,136,138,120,88,89,66,57,3,2,1,0,9,0,0,3,0,0
11,12,57,58,78,114,143,183,183,149,133,113,91,74,50,18,45,1,0,0,2,0,0,0
28,50,59,56,69,108,154,234,288,265,229,163,127,96,62,59,26,7,12,8,10,7,9,0
41,61,70,78,78,103,164,282,375,375,314,240,163,142,94,78,14,13,0,4,0,6,0,0
29,59,102,103,104,105,131,207,286,286,300,248,218,159,122,94,57,4,7,0,0,0,0,0
9,45,88,100,84,100,115,168,196,223,228,193,175,150,129,109,72,12,6,0,0,0,0,0
3,13,38,61,57,58,78,134,123,99,140,141,145,139,128,108,78,30,3,0,0,0,0,0
0,11,10,35,59,78,64,110,110,98,96,119,136,133,119,101,76,77,22,11,0,8,0,0
9,9,7,10,13,71,82,90,78,100,117,113,125,94,84,79,70,64,39,5,3,0,0,0
1,10,23,24,30,42,48,56,104,132,158,145,100,112,107,127,94,61,41,26,14,7,7,8
0,0,3,0,8,13,66,80,95,136,152,149,119,89,103,146,144,112,79,79,18,12,11,10
2,4,10,6,5,20,41,100,101,97,111,121,118,127,164,226,200,152,126,112,62,31,8,8
2,6,3,3,6,8,14,13,53,53,103,116,125,186,270,280,214,169,135,114,79,14,6,11
4,0,5,9,8,13,28,29,45,56,75,107,142,235,297,318,248,218,155,108,34,19,14,15
10,9,12,12,14,19,17,35,43,53,100,138,186,239,246,269,236,199,138,112,101,38,10,9
6,7,4,0,3,11,20,57,62,101,109,153,207,236,245,234,229,196,140,112,102,36,11,0
0,10,6,8,13,8,7,47,100,101,115,160,212,235,227,232,213,189,148,116,53,15,10,13
10,12,11,7,5,14,12,33,101,103,117,164,196,214,219,203,185,172,138,105,42,13,10,10
0,7,3,4,5,15,27,58,80,100,109,137,175,177,234,208,154,131,110,64,9,8,10,3
7,12,9,5,7,13,26,46,67,87,110,149,153,166,185,154,151,131,107,31,1,7,7,9
1,8,11,10,10,14,12,14,57,65,105,136,144,163,189,138,126,116,68,13,4,3,0,10
5,5,4,6,9,12,11,16,53,75,104,132,134,150,145,97,106,80,50,8,0,5,5,0
6,7,9,4,5,10,14,16,41,56,96,103,107,140,133,114,91,64,13,9,8,12,3,0
0,0,0,7,12,8,9,5,10,55,109,92,103,129,146,123,98,40,21,21,3,7,4,0
11,0,0,0,1,4,2,5,28,43,68,90,106,141,168,138,87,34,15,12,8,0,5,0
0,0,0,0,0,6,12,14,47,47,59,141,211,202,228,152,73,38,13,11,0,4,10,2
0,0,0,0,0,0,0,7,14,41,52,71,94,157,182,132,95,58,10,3,10,6,10,8
4,5,0,0,0,0,0,0,0,9,12,48,55,87,162,166,123,84,60,25,9,12,9,0
1,2,0,8,8,9,11,13,16,13,22,35,50,78,168,194,135,90,58,33,16,10,10,0
4,8,3,7,9,9,10,11,9,11,14,15,41,55,120,173,146,84,59,26,14,12,10,0
0,0,0,2,6,6,6,6,4,11,14,30,35,51,78,133,133,80,46,45,24,14,10,4
0,0,0,4,0,0,0,0,0,28,14,35,38,51,57,78,111,69,67,51,14,13,14,4
1,6,7,6,8,6,1,13,7,6,12,14,12,8,14,67,65,66,53,28,6,1,6,12
5,8,4,1,11,9,12,11,10,9,12,11,9,4,8,39,75,69,52,13,12,7,0,5
2,8,0,0,7,0,0,1,6,13,10,6,0,8,10,2,51,51,24,9,8,13,11,0
1,0,2,0,5,4,2,10,13,10,8,7,9,11,0,0,2,13,20,11,10,0,8,6

7,5,8,9,27,63,83,117,102,28,0,0,0,2,0,0,0,0,0,0,0,0,8,0
10,10,14,29,54,86,112,120,115,64,12,0,0,0,0,0,0,0,0,0,0,0,0,0
14,14,14,28,59,105,116,122,122,100,57,10,11,0,0,0,0,0,0,0,0,4,8,0
40,21,20,19,35,101,106,124,121,109,100,14,12,5,0,7,2,0,10,8,0,0,0,0
54,33,37,44,46,94,93,112,140,120,91,64,58,0,0,8,0,0,3,12,4,0,0,0
55,41,23,50,60,76,101,127,134,126,97,73,43,15,16,11,4,0,9,8,12,3,0,0
14,39,50,58,67,86,109,115,113,106,102,75,2,9,7,9,0,0,0,9,13,7,0,0
8,11,25,66,78,106,111,129,124,95,99,68,53,8,27,2,0,0,0,2,5,0,0,0
13,8,40,61,81,114,116,138,139,121,88,89,65,57,2,2,0,0,9,0,0,3,0,0
12,12,57,58,79,116,145,185,184,149,133,113,91,74,50,16,44,0,0,0,2,0,0,0
29,50,59,56,69,108,155,234,287,265,229,163,128,96,62,60,24,7,11,8,10,6,9,0
41,61,70,78,77,102,162,279,372,372,313,239,163,142,94,77,13,13,0,3,0,6,0,0
28,59,102,103,104,105,130,206,284,285,301,246,215,158,122,94,56,3,6,0,0,0,0,0
9,45,86,100,84,99,115,166,194,223,229,194,174,149,129,109,72,12,6,0,0,0,0,0
3,13,34,60,57,58,77,134,122,98,140,141,144,139,128,108,79,29,3,0,0,0,0,0
0,11,10,33,59,78,64,110,110,98,96,118,136,133,119,101,76,76,21,10,0,8,0,0
9,9,7,10,13,71,82,90,78,100,116,112,125,94,84,78,70,64,38,6,3,0,0,0
2,10,23,24,31,41,48,56,103,131,158,145,100,111,107,126,94,61,41,26,14,7,7,8
0,0,3,0,8,12,65,79,95,136,151,148,118,89,102,145,144,112,79,78,18,12,11,10
2,5,10,6,5,20,40,100,101,96,110,121,117,127,163,225,200,152,126,112,62,32,8,8
2,6,3,3,6,8,14,13,53,53,103,115,125,186,268,280,214,168,135,114,79,14,6,11
4,0,6,9,8,13,28,29,45,56,74,107,142,236,296,317,247,219,156,108,35,19,14,15
10,8,12,12,14,19,17,35,43,53,98,138,186,240,246,269,236,199,139,112,101,38,10,9
6,7,4,1,3,11,20,58,61,101,109,153,207,236,245,234,229,196,141,112,103,37,11,0
0,10,6,8,13,8,7,47,100,101,115,159,213,236,227,233,214,189,148,116,55,16,10,13
11,12,11,8,6,14,12,32,101,103,117,164,196,214,219,203,185,173,139,105,42,13,10,10
0,7,3,4,5,15,27,58,80,100,109,137,175,178,234,208,154,131,110,64,9,8,10,3
7,12,9,5,7,13,26,46,67,87,110,149,153,166,184,154,151,131,107,31,1,7,7,9
1,8,11,10,10,14,12,14,56,65,104,136,144,163,189,138,126,116,67,13,4,3,0,10
5,6,4,6,9,12,11,16,53,74,104,132,133,150,145,97,105,80,50,8,0,5,5,0
6,7,9,4,5,10,14,16,40,55,95,103,107,140,133,114,91,64,13,9,8,12,3,0
0,0,0,7,12,8,9,4,10,55,109,92,103,129,146,123,99,41,21,21,3,7,4,0
11,0,0,0,2,4,2,5,27,44,68,90,105,141,168,139,87,34,15,12,8,0,5,0
0,0,0,0,0,6,12,14,47,48,59,141,210,202,226,152,74,38,13,11,0,4,10,2
0,0,0,0,0,0,0,7,14,41,52,71,94,156,183,132,95,58,10,3,10,6,10,8
4,5,0,0,0,0,0,0,1,9,12,49,55,88,162,166,123,84,60,24,9,12,9,0
1,2,0,8,8,9,11,13,15,13,22,35,50,78,169,195,136,90,58,33,16,10,10,0
4,8,3,8,9,9,10,12,9,11,14,15,42,55,120,174,146,85,59,26,14,12,9,0
0,0,0,2,6,6,6,6,4,11,14,30,35,51,78,133,134,80,46,45,24,14,10,4
0,0,0,4,0,0,0,0,0,27,14,35,39,51,57,78,112,69,67,50,14,13,14,4
1,6,7,7,8,6,1,13,7,6,12,13,12,8,15,67,65,66,53,29,6,1,6,12
5,8,4,1,11,8,12,11,10,9,12,11,9,4,8,39,75,70,52,13,12,7,0,5
2,8,0,0,7,0,0,1,6,13,10,6,0,9,10,2,51,51,25,9,8,13,11,0
1,0,2,0,5,4,2,10,13,10,8,7,9,11,0,0,2,13,21,11,10,0,8,6

7,5,8,9,27,63,83,117,102,29,0,0,0,2,0,0,0,0,0,0,0,0,8,0
10,10,14,28,54,86,112,120,116,64,12,0,0,0,0,0,0,0,0,0,0,0,0,0
14,14,14,28,59,105,116,122,122,101,57,10,11,0,0,0,0,0,0,0,0,4,8,0
43,22,19,19,35,101,106,124,121,109,100,14,12,5,0,7,2,0,10,8,0,0,0,0
54,34,37,44,46,93,93,111,140,120,91,64,58,0,0,8,0,0,3,12,4,0,0,0
55,43,23,50,60,76,101,126,133,125,96,73,43,14,17,11,4,0,9,9,12,3,0,0
14,38,50,58,67,87,109,115,113,106,102,74,2,9,7,9,0,0,0,9,13,8,0,0
8,11,26,66,79,107,113,131,125,96,99,68,53,8,30,2,0,0,0,2,5,0,0,0
13,8,40,61,82,115,118,140,141,122,88,88,65,56,2,2,1,0,9,0,0,3,0,0
12,12,57,58,79,117,146,186,185,150,132,112,90,74,50,15,46,1,0,0,2,0,0,0
29,50,59,56,69,108,154,231,284,263,229,162,126,95,62,59,26,7,12,8,10,6,9,0
41,61,70,78,77,102,160,274,367,369,311,238,161,141,93,77,14,13,0,3,0,6,0,0
29,59,102,103,104,105,130,204,284,285,301,246,214,157,121,94,56,3,6,0,0,0,0,0
9,45,87,100,84,100,116,166,194,224,231,194,175,150,129,109,71,12,5,0,0,0,0,0
3,13,38,62,57,59,79,135,124,99,143,143,146,140,128,108,78,28,3,0,0,0,0,0
0,11,10,41,61,79,65,111,111,100,98,122,139,134,119,101,76,76,20,11,0,8,0,0
9,9,8,11,13,76,85,93,80,102,119,115,127,95,85,78,70,64,37,5,3,0,0,0
1,10,23,25,31,43,50,57,107,134,161,148,102,112,107,125,93,60,41,26,14,7,7,8
0,0,3,0,9,13,70,82,99,138,154,150,119,89,100,143,143,111,78,77,18,12,11,10
2,4,10,6,5,20,47,101,102,99,111,121,118,127,160,220,197,150,125,112,61,30,8,8
2,6,4,3,6,9,15,14,54,54,103,116,125,185,264,276,211,167,134,114,79,14,6,11
4,0,6,9,8,12,27,30,45,57,75,107,142,234,294,314,244,215,155,108,34,19,14,15
10,8,12,12,14,19,17,35,43,53,97,137,185,238,246,266,233,197,138,112,101,38,10,9
6,7,5,1,3,11,19,58,62,101,109,153,207,236,244,233,227,195,140,112,103,37,11,0
0,10,6,8,13,8,7,47,100,101,115,159,212,235,227,232,213,188,148,116,55,16,10,13
11,12,11,8,5,14,12,33,101,103,116,164,196,214,219,202,185,172,138,105,42,13,10,10
0,7,3,4,5,15,25,58,79,100,109,137,175,178,233,208,154,130,110,64,9,8,10,3
7,12,9,5,7,13,26,45,67,88,110,149,153,166,184,154,151,132,107,32,1,7,7,9
1,8,11,10,10,14,12,14,56,65,104,135,144,163,189,138,126,115,67,13,4,3,0,10
5,6,4,6,9,12,11,16,53,75,104,132,133,150,145,97,105,80,50,8,0,5,5,0
6,8,9,4,5,10,14,16,40,55,95,103,107,139,133,114,91,65,13,9,8,12,3,0
0,0,0,7,12,8,9,4,10,55,109,92,103,128,146,124,100,42,22,21,3,7,4,0
11,0,0,0,2,4,2,6,28,44,68,90,105,141,168,139,88,35,15,12,8,0,5,0
0,0,0,0,0,6,12,14,47,48,59,141,211,202,228,152,74,39,13,11,0,4,10,2
0,0,0,0,0,0,0,7,14,41,52,71,94,158,183,132,95,59,10,3,10,6,10,8
4,5,0,0,0,0,0,0,1,9,12,49,55,88,163,167,124,84,60,24,9,12,9,0
1,2,0,7,8,9,11,13,16,13,23,35,50,78,170,196,136,90,58,33,16,10,10,0
4,8,3,7,9,9,10,12,9,11,14,16,41,55,120,174,147,85,59,26,14,12,9,0
0,0,0,2,6,6,6,6,4,11,14,30,36,51,78,134,134,80,46,45,25,14,10,4
0,0,0,4,0,0,0,0,0,27,14,35,39,51,57,78,112,70,67,51,14,13,14,4
2,5,7,7,8,6,1,13,7,6,12,14,12,8,16,68,66,66,53,30,6,1,6,12
5,8,4,1,11,8,12,11,10,9,12,11,9,4,8,39,75,70,52,13,12,7,0,5
2,8,0,0,7,0,0,1,6,13,10,6,0,9,10,2,51,51,24,9,8,13,11,0
1,0,2,0,5,4,2,10,13,10,8,7,9,11,0,0,2,13,21,11,10,0,8,6

7,5,8,9,27,63,83,117,102,28,0,0,0,2,0,0,0,0,0,0,0,0,8,0
10,10,14,31,55,86,112,120,116,64,12,0,0,0,0,0,0,0,0,0,0,0,0,0
14,14,14,30,60,105,116,122,122,100,57,10,11,0,0,0,0,0,0,0,0,4,8,0
42,22,19,20,35,101,106,124,121,109,100,14,11,5,0,7,2,0,10,8,0,0,0,0
54,34,39,45,47,94,93,111,140,120,91,65,58,0,0,8,0,0,3,12,4,0,0,0
55,40,23,50,60,76,101,126,133,125,97,73,44,14,16,11,4,0,9,9,12,3,0,0
14,38,50,58,67,87,109,115,113,106,102,75,2,9,8,9,0,0,0,9,13,8,0,0
9,11,26,66,79,107,112,130,125,95,99,68,53,8,28,2,0,0,0,2,5,0,0,0
13,8,40,62,81,115,118,140,141,122,88,89,65,57,2,2,1,0,9,0,0,3,0,0
12,12,57,58,79,117,146,187,187,151,134,113,91,74,50,18,45,1,0,0,2,0,0,0
30,50,59,56,70,109,157,235,289,266,230,163,127,96,62,59,26,7,11,8,10,6,9,0
41,62,70,78,78,103,163,279,371,372,312,238,162,141,94,77,13,13,0,3,0,6,0,0
31,60,102,103,104,105,131,205,284,285,300,245,214,157,122,93,56,3,6,0,0,0,0,0
10,46,89,100,85,100,115,166,194,223,229,194,175,149,128,109,70,12,5,0,0,0,0,0
3,14,42,62,57,58,79,135,123,99,142,142,145,139,128,108,78,28,2,0,0,0,0,0
0,12,10,39,61,79,65,111,111,99,97,120,137,133,119,100,76,75,21,10,0,8,0,0
9,9,8,11,13,74,85,92,79,101,118,114,125,94,84,78,70,64,34,5,3,0,0,0
2,10,23,25,31,43,49,57,105,133,160,146,101,111,107,125,93,60,41,25,14,7,7,8
0,0,3,0,9,13,68,81,96,137,153,149,118,88,101,144,143,111,78,77,18,12,11,10
2,5,10,6,5,20,43,101,101,97,111,121,118,127,162,223,198,151,125,112,61,30,8,8
2,6,4,4,6,9,14,14,53,54,103,116,125,186,268,278,212,167,134,114,79,14,6,11
4,0,6,9,8,13,28,30,45,56,75,107,143,235,295,317,245,216,155,107,34,19,14,15
10,8,12,12,14,20,18,35,43,54,99,138,186,240,246,269,235,198,138,112,101,38,10,9
6,7,5,1,3,11,20,58,63,101,109,153,208,237,245,234,228,195,140,112,103,36,11,0
0,10,6,8,13,8,7,47,100,101,115,160,213,235,227,233,213,188,148,116,54,15,10,13
10,12,11,8,5,14,12,35,101,103,117,165,197,214,219,203,185,172,138,105,42,13,10,10
0,7,3,4,5,16,27,57,80,100,109,137,175,178,234,208,155,130,110,63,9,8,10,3
7,12,9,5,7,13,25,46,67,88,110,150,153,166,185,154,151,131,107,28,1,7,7,9
1,8,11,10,10,14,12,14,56,65,104,136,144,163,190,138,126,115,67,12,3,3,0,10
5,6,4,6,9,12,11,15,53,75,104,132,134,151,146,97,105,79,50,8,0,5,5,0
6,7,9,4,5,10,14,16,40,56,96,103,107,140,133,114,91,64,13,9,8,12,3,0
0,0,0,7,12,8,9,4,10,55,109,93,103,129,146,123,100,42,22,21,3,7,4,0
11,0,0,0,1,4,2,6,28,44,68,90,106,142,168,139,88,35,15,12,8,0,5,0
0,0,0,0,0,6,12,14,48,48,59,142,215,204,228,152,74,38,13,11,0,4,10,2
0,0,0,0,0,0,0,7,14,42,52,71,95,158,183,131,95,58,10,3,10,6,10,8
4,5,0,0,0,0,0,0,1,9,13,49,55,88,163,165,123,84,60,24,9,12,9,0
1,2,0,8,8,9,11,14,16,13,22,35,50,78,170,195,135,90,58,33,16,10,10,0
4,8,3,7,9,9,10,12,10,11,14,16,42,55,120,174,146,85,59,26,14,12,9,0
0,0,0,2,6,6,6,6,4,11,14,30,36,51,78,134,133,80,46,45,25,14,10,4
0,0,0,4,0,0,0,0,0,27,14,35,40,51,57,78,112,69,67,50,14,13,14,4
1,5,7,7,8,6,1,13,7,6,12,13,12,8,15,67,65,66,53,28,6,1,6,12
5,8,4,1,11,9,12,11,10,9,12,11,9,4,8,39,75,69,52,13,12,7,0,5
2,8,0,0,7,0,0,1,6,13,10,6,0,9,10,2,51,51,25,9,8,13,11,0
1,0,2,0,5,4,2,10,13,10,8,7,9,11,0,0,2,13,20,11,10,0,8,6

7,5,8,9,27,63,83,117,102,28,0,0,0,2,0,0,0,0,0,0,0,0,8,0
10,10,14,29,54,86,113,120,115,64,12,0,0,0,0,0,0,0,0,0,0,0,0,0
14,14,14,30,60,105,116,122,122,101,57,10,11,0,0,0,0,0,0,0,0,4,8,0
41,22,20,19,35,101,106,124,122,109,100,14,12,5,0,7,2,0,10,8,0,0,0,0
54,36,37,45,47,94,93,112,141,120,92,65,58,0,0,8,0,0,3,12,4,0,0,0
55,42,24,50,61,77,102,128,134,126,97,74,44,14,16,11,4,0,9,9,12,3,0,0
14,40,50,58,67,87,109,116,114,106,103,75,2,9,8,9,0,0,0,9,13,8,0,0
9,11,29,66,79,107,112,130,125,96,100,69,54,8,26,2,0,0,0,2,5,0,0,0
13,8,43,62,81,115,118,140,141,122,89,90,66,57,2,2,1,0,9,0,0,3,0,0
13,13,58,59,79,117,147,188,188,152,135,114,92,75,50,17,46,1,0,0,2,0,0,0
30,50,59,57,70,110,159,239,293,268,231,164,128,96,62,59,25,7,11,8,10,6,9,0
42,62,71,79,78,104,166,284,375,374,313,238,162,141,93,77,13,13,0,4,0,6,0,0
32,60,102,104,105,105,131,207,285,285,298,245,213,156,121,93,55,3,6,0,0,0,0,0
10,47,90,100,85,100,115,166,194,222,228,193,174,149,128,108,69,12,5,0,0,0,0,0
3,14,44,62,57,58,78,134,122,98,140,140,144,139,127,107,77,27,2,0,0,0,0,0
0,12,10,39,61,78,64,110,110,98,96,118,135,132,118,100,76,75,20,10,0,8,0,0
9,9,7,11,13,72,83,90,78,100,116,111,124,93,83,78,70,63,30,5,3,0,0,0
2,10,23,24,31,42,48,55,102,131,158,144,99,110,106,125,93,60,40,25,14,7,7,8
0,0,3,1,9,13,64,78,94,136,151,148,117,88,101,145,144,111,78,77,18,12,11,10
2,5,10,6,5,20,40,100,100,95,110,121,117,127,164,225,199,151,125,112,61,30,8,8
2,6,4,4,6,8,14,14,53,54,103,116,125,187,270,280,212,167,134,114,78,14,6,11
4,0,6,10,8,13,28,30,46,56,75,107,142,237,297,318,246,216,154,107,33,18,14,15
10,8,12,12,14,20,18,35,43,54,99,138,187,240,246,269,235,197,137,111,101,38,10,9
6,7,4,1,3,11,21,58,64,101,109,154,208,237,246,234,229,195,140,112,102,34,11,0
0,10,6,8,13,8,7,48,100,101,116,161,213,235,228,233,213,188,148,116,53,15,10,13
10,12,11,8,6,14,12,35,101,103,117,165,197,214,220,203,185,172,138,105,41,13,10,10
0,7,3,4,5,16,27,58,80,100,109,137,175,178,234,209,154,130,109,63,9,8,10,3
7,12,9,5,7,13,25,46,67,88,110,150,154,167,185,155,151,131,107,27,1,7,7,9
1,8,11,10,10,14,12,14,57,65,105,136,144,163,190,138,126,115,66,12,3,3,0,10
5,5,4,6,9,12,11,16,53,75,104,132,134,151,145,97,105,79,50,8,0,5,5,0
6,7,9,4,5,10,14,16,40,56,96,103,108,141,133,114,91,64,13,9,8,12,3,0
0,0,0,7,12,8,9,4,10,56,109,93,103,129,146,123,99,42,22,21,3,7,4,0
11,0,0,0,2,4,2,6,29,45,68,90,106,142,168,139,88,35,15,13,8,0,5,0
0,0,0,0,0,6,12,14,47,48,59,141,217,206,228,153,74,38,13,11,0,4,10,2
0,0,0,0,0,0,0,7,14,42,52,71,95,159,184,132,95,58,10,3,10,6,10,8
4,5,0,0,0,0,0,0,1,9,12,49,55,88,163,165,123,84,60,24,9,12,9,0
1,2,0,8,8,9,11,14,16,13,22,35,50,78,170,195,135,90,58,33,16,10,10,0
4,8,3,7,9,10,10,12,10,11,14,17,44,55,120,175,146,85,59,26,14,12,9,0
0,0,0,2,6,6,7,6,4,11,14,30,36,51,78,134,133,80,46,45,25,14,10,4
0,0,0,4,0,0,0,0,0,27,14,35,40,51,56,78,112,69,67,50,14,13,14,4
1,5,7,6,8,6,1,13,7,6,12,13,12,8,15,67,65,66,53,29,6,1,6,12
5,8,4,0,11,8,12,11,10,9,12,11,9,4,8,39,75,69,52,13,12,7,0,5
2,8,0,0,7,0,0,1,6,13,10,6,0,9,10,2,51,51,24,9,8,13,11,0
1,0,2,0,5,4,2,10,13,10,8,7,9,11,0,0,2,13,20,11,10,0,8,6

7,5,8,9,28,63,83,117,102,28,0,0,0,2,0,0,0,0,0,0,0,0,8,0
10,10,14,31,54,86,113,120,115,64,12,0,0,0,0,0,0,0,0,0,0,0,0,0
14,14,15,31,60,105,116,122,122,100,56,10,11,0,0,0,0,0,0,0,0,4,8,0
40,22,21,20,35,101,106,125,122,109,100,14,12,5,0,8,2,0,10,8,0,0,0,0
54,33,39,47,47,95,94,112,141,120,91,64,59,0,0,8,0,0,3,12,4,0,0,0
55,43,23,50,61,77,103,129,135,126,97,73,44,14,17,11,3,0,10,9,12,3,0,0
16,42,51,58,68,88,110,117,114,106,102,75,3,9,8,9,0,0,0,9,13,8,0,0
9,11,34,67,80,108,113,131,126,96,100,68,53,8,26,2,0,0,0,2,5,0,0,0
13,8,49,62,83,116,119,141,141,122,89,90,66,57,2,2,1,0,10,0,0,3,0,0
13,14,58,60,81,118,148,189,190,154,135,114,91,74,50,19,47,1,0,0,2,0,0,0
31,51,60,58,71,111,160,242,297,271,232,165,128,96,62,58,25,7,12,8,10,7,9,0
48,63,72,81,80,104,169,288,379,376,315,240,161,140,93,75,13,13,0,4,0,6,0,0
37,61,102,104,105,106,133,211,288,286,299,246,213,155,121,91,55,3,5,0,0,0,0,0
10,50,93,101,88,100,115,168,195,223,230,193,173,148,127,108,68,11,4,0,0,0,0,0
4,14,51,65,57,59,77,134,122,97,138,139,143,138,127,107,76,25,2,0,0,0,0,0
0,12,10,42,61,79,63,109,110,97,94,116,134,132,117,100,75,72,19,10,0,8,0,0
9,9,7,10,13,71,80,88,78,99,115,110,123,93,83,78,70,63,21,4,3,0,0,0
2,10,23,25,32,42,47,54,101,131,157,143,98,109,106,124,92,60,40,25,14,7,7,8
0,0,3,1,10,12,62,78,93,136,151,147,117,88,101,145,143,110,77,76,17,11,11,10
2,5,10,7,6,19,37,100,100,95,110,121,117,126,163,225,198,149,124,111,60,29,8,8
2,6,4,4,6,9,14,14,53,54,103,115,124,185,269,280,211,166,133,113,76,13,6,11
4,0,6,10,8,13,28,30,46,56,74,107,142,235,297,316,244,213,152,107,32,18,14,15
10,8,12,12,14,20,18,35,43,54,99,138,186,239,247,268,233,195,136,111,101,37,10,9
6,7,4,1,3,11,21,59,64,101,109,154,208,237,246,233,227,194,139,112,102,32,11,0
0,10,6,8,13,8,7,50,100,101,116,160,213,236,228,232,213,187,147,116,53,15,10,13
11,12,11,8,6,14,13,38,101,103,117,165,197,215,219,202,184,171,138,105,40,13,10,10
0,7,3,4,5,15,27,57,81,100,109,137,176,178,234,208,154,130,109,63,9,8,10,3
7,12,9,5,7,13,25,46,67,87,110,150,154,167,185,155,151,131,107,28,1,7,7,9
1,8,11,10,10,14,12,14,57,65,104,136,144,163,190,138,126,115,67,12,3,3,0,10
5,6,4,6,9,12,11,16,53,75,104,133,134,151,146,97,105,80,50,8,0,5,5,0
6,7,9,3,5,10,14,16,40,56,96,103,108,141,133,114,91,64,13,9,8,12,3,0
0,0,0,7,12,8,9,5,11,55,109,93,104,130,147,123,99,41,21,21,3,7,4,0
11,0,0,0,2,4,2,6,30,45,68,90,107,143,169,140,88,34,15,13,8,0,5,0
0,0,0,0,0,6,12,14,48,48,59,142,220,208,229,153,74,38,13,11,0,4,10,2
0,0,0,0,0,0,0,7,14,42,52,72,96,161,184,132,94,58,10,3,10,6,10,8
4,5,0,0,0,0,0,0,1,9,12,50,55,89,164,166,122,84,59,24,9,12,9,0
1,2,0,8,8,9,11,14,17,13,23,36,50,79,172,196,135,90,58,33,16,10,10,0
4,8,3,7,9,9,10,12,10,11,14,16,42,56,122,175,146,84,59,26,14,12,10,0
0,0,0,2,6,6,6,6,4,11,14,30,35,51,78,135,134,80,46,44,24,14,10,5
0,0,0,4,0,0,0,0,0,28,14,35,41,51,57,78,112,69,66,51,14,13,14,4
1,5,7,6,8,6,1,13,7,6,12,14,12,8,15,68,66,66,53,28,6,1,6,12
5,8,4,0,11,8,12,11,10,9,12,11,8,4,8,39,75,69,52,13,12,7,0,5
2,8,0,0,6,0,0,1,6,13,10,6,0,8,10,2,51,52,24,9,8,13,11,0
1,0,2,0,5,4,2,10,13,10,8,7,9,11,0,0,2,13,20,11,10,0,8,6

7,5,8,9,28,63,83,117,102,24,0,0,0,1,0,0,0,0,0,0,0,0,8,0
10,10,14,31,55,86,113,120,115,64,12,0,0,0,0,0,0,0,0,0,0,0,0,0
13,13,16,31,61,105,117,123,122,100,56,10,10,0,0,0,0,0,0,0,0,3,7,0
38,21,22,21,38,101,106,125,122,109,100,13,11,9,0,11,0,0,10,7,0,0,0,0
53,28,39,47,50,95,94,113,141,120,90,64,59,8,0,0,0,0,3,12,3,0,0,0
54,39,25,50,61,77,103,129,135,126,97,73,45,15,15,6,1,0,10,10,12,3,0,0
14,38,50,58,68,88,111,117,115,107,102,74,3,8,8,9,0,0,0,9,13,8,0,0
9,11,32,67,81,109,115,133,127,97,100,68,53,6,23,2,0,0,0,2,5,0,0,0
13,8,49,63,84,119,122,145,145,124,89,89,65,57,2,2,2,0,10,0,0,3,0,0
13,14,59,61,82,121,151,194,193,156,136,113,91,75,50,20,50,1,0,0,1,0,0,0
32,52,61,58,72,112,162,243,299,274,233,165,127,95,61,58,26,7,12,8,10,6,9,0
50,64,74,83,81,105,170,288,377,377,315,240,161,139,92,75,14,13,0,4,0,6,0,0
41,63,103,105,106,107,133,213,291,289,306,247,213,155,120,91,55,2,4,0,0,0,0,0
11,51,98,102,91,101,117,170,197,226,232,195,174,148,127,108,68,11,3,0,0,0,0,0
4,16,56,70,58,59,78,134,122,98,139,140,144,139,127,107,77,25,2,0,0,0,0,0
0,12,10,50,65,79,63,110,110,97,95,117,136,133,118,100,75,72,19,11,0,7,0,0
9,9,7,12,13,73,81,89,79,99,115,112,125,94,83,77,69,63,17,3,3,0,0,0
1,10,23,25,33,43,48,56,104,131,157,145,100,110,105,122,91,59,40,24,14,7,6,8
0,0,4,2,10,14,68,81,97,137,152,148,117,88,99,143,142,109,77,75,15,11,11,10
2,4,10,7,6,22,43,101,101,98,110,121,117,125,158,220,196,148,124,111,60,27,8,8
2,6,4,4,7,9,14,14,54,55,103,115,124,182,262,277,209,164,133,113,76,13,6,11
4,0,6,10,7,13,27,31,46,58,74,106,141,233,294,315,242,211,151,106,32,18,14,15
10,8,11,12,14,20,18,35,43,54,97,138,185,239,245,267,232,194,136,111,101,37,9,9
6,7,4,1,2,10,19,59,64,101,109,154,208,237,245,233,226,193,139,112,102,32,11,0
0,10,6,8,13,8,7,47,100,101,115,160,213,236,227,232,212,187,147,116,53,15,10,13
10,12,11,8,6,14,13,38,101,103,117,165,197,214,220,202,184,171,137,105,40,13,10,10
0,7,3,4,5,14,24,57,80,100,109,137,176,178,234,209,154,130,109,63,9,8,10,3
7,12,9,5,7,13,25,45,67,87,110,150,155,167,185,155,151,131,107,27,1,7,7,9
1,8,11,10,10,15,12,14,58,65,104,136,145,164,190,138,126,115,67,12,4,3,0,10
5,5,4,6,9,12,11,16,53,74,104,133,134,152,146,97,105,79,50,8,0,5,5,0
6,7,9,3,5,10,14,16,40,56,96,104,108,140,133,114,91,64,13,9,8,12,3,0
0,0,0,7,12,9,10,5,11,55,109,93,104,130,147,124,100,43,22,20,3,7,4,0
11,0,0,0,2,4,3,6,30,47,69,90,107,143,168,140,89,35,16,13,8,0,5,0
0,0,0,0,0,6,12,14,47,49,59,144,223,210,230,152,74,38,13,12,0,4,10,2
0,0,0,0,0,0,0,7,14,43,52,72,97,163,185,131,94,58,10,3,10,6,10,8
4,5,0,0,0,0,0,0,1,9,13,50,55,90,165,165,122,84,59,24,9,12,9,0
1,2,0,8,8,9,11,14,18,13,23,36,50,79,174,196,135,90,58,33,16,10,10,0
4,8,3,7,9,9,10,12,10,11,14,17,42,56,123,176,146,84,59,26,14,12,10,0
0,0,0,2,6,6,6,6,4,11,14,30,36,51,79,135,134,80,46,45,25,14,10,4
0,0,0,4,0,0,0,0,0,27,14,36,42,51,57,79,112,69,67,51,14,13,14,4
1,5,7,6,8,6,1,13,7,6,12,14,12,8,14,68,66,66,53,29,6,2,6,12
5,8,4,1,11,9,12,11,10,9,12,11,8,4,8,40,76,70,52,13,13,7,0,5
2,7,0,0,6,0,0,1,6,13,10,6,0,8,10,2,51,52,26,9,8,13,11,0
1,0,2,0,5,4,2,10,13,10,8,7,9,11,0,0,2,13,21,11,10,0,8,6

7,5,8,9,27,63,83,118,102,29,0,0,0,2,0,0,0,0,0,0,0,0,8,0
10,10,14,31,55,86,113,120,116,64,12,0,0,0,0,0,0,0,0,0,0,0,0,0
14,14,16,31,61,105,116,122,122,100,57,10,10,0,0,0,0,0,0,0,0,3,7,0
41,23,21,20,37,101,106,124,122,109,100,13,11,10,0,11,0,0,10,8,0,0,0,0
54,34,39,47,48,95,94,112,141,120,90,64,59,8,0,0,0,0,3,12,4,0,0,0
55,42,27,51,61,77,102,128,135,126,96,72,45,15,15,6,1,0,10,9,12,3,0,0
14,38,50,58,68,87,110,116,115,107,102,74,2,8,8,9,0,0,0,9,13,8,0,0
10,11,31,67,80,108,115,132,126,96,99,67,52,5,21,1,0,0,0,2,5,0,0,0
13,8,47,63,84,118,122,145,144,124,89,88,65,57,2,2,2,0,9,0,0,3,0,0
13,14,58,60,82,120,151,193,193,155,135,113,90,74,46,19,47,1,0,0,1,0,0,0
31,51,60,57,72,112,162,242,297,272,232,163,126,94,60,58,24,7,11,8,10,6,9,0
50,63,72,81,80,105,168,287,376,375,311,236,159,138,90,74,13,13,0,4,0,6,0,0
37,62,103,105,105,106,133,212,292,289,304,245,211,152,119,88,53,2,4,0,0,0,0,0
11,50,96,101,90,101,117,170,197,226,232,194,173,147,125,107,66,10,2,0,0,0,0,0
4,14,54,68,58,59,79,135,124,99,141,141,143,138,126,106,75,23,1,0,0,0,0,0
0,12,10,50,63,79,64,110,111,98,95,117,135,132,117,99,74,71,17,10,0,7,0,0
9,9,7,12,13,74,82,90,79,100,116,112,125,94,83,77,69,63,16,3,3,0,0,0
2,10,23,26,33,43,48,56,104,132,159,145,100,111,106,122,91,59,40,24,14,7,7,8
0,0,4,2,10,13,67,81,96,137,153,149,118,88,100,143,142,109,77,76,16,11,11,10
2,5,10,7,6,21,42,101,101,98,111,121,117,126,160,220,196,148,124,111,60,27,8,8
2,6,4,4,7,9,14,14,54,54,103,116,125,184,265,277,209,165,133,113,76,13,6,11
4,0,6,10,7,13,28,30,46,58,75,107,142,235,295,315,243,212,152,106,32,18,14,15
10,8,11,12,14,19,17,35,43,54,99,138,186,239,246,267,232,195,136,111,101,37,9,9
6,7,4,1,3,11,19,59,64,101,109,154,208,237,245,233,227,194,139,112,102,32,11,0
0,10,6,8,13,8,7,48,100,101,116,160,213,236,228,232,213,187,147,116,53,15,10,13
11,12,11,8,6,14,13,38,101,103,117,165,197,215,219,202,184,171,138,105,41,13,10,10
0,7,3,4,5,14,24,56,80,100,109,137,175,178,234,208,154,130,109,63,9,8,10,3
7,12,9,5,7,13,25,46,67,88,110,150,154,167,185,155,151,131,107,28,1,7,7,9
1,8,11,10,10,14,12,14,57,65,104,136,144,163,190,138,126,115,66,12,3,3,0,10
5,6,4,6,9,12,11,17,53,75,104,133,134,151,146,97,105,79,50,8,0,5,5,0
6,7,9,3,5,10,14,16,40,56,96,103,108,140,133,114,91,64,13,9,8,12,3,0
0,0,0,7,12,8,9,5,11,55,109,93,104,130,146,124,100,43,22,21,3,7,4,0
11,0,0,0,2,4,2,6,30,45,68,90,107,143,168,139,89,35,16,12,8,0,5,0
0,0,0,0,0,6,12,14,48,48,59,142,218,208,229,152,74,38,13,11,0,4,10,2
0,0,0,0,0,0,0,7,14,42,52,71,96,160,185,132,95,58,10,3,10,6,10,8
4,5,0,0,0,0,0,0,1,9,13,49,55,88,164,166,122,84,60,24,9,12,9,0
1,2,0,8,8,9,11,14,17,13,23,36,50,79,172,196,136,90,58,33,16,10,10,0
4,8,3,7,9,10,10,12,10,11,14,16,42,55,122,176,146,85,59,26,14,12,9,0
0,0,0,2,6,6,6,6,4,11,14,30,35,51,79,135,134,80,46,45,25,14,10,4
0,0,0,4,0,0,0,0,0,28,14,35,40,51,57,78,112,69,66,51,14,13,14,4
1,6,6,6,8,6,1,13,7,6,12,13,12,8,16,67,66,66,53,29,6,1,6,12
5,8,4,1,11,8,12,11,10,9,12,11,9,4,8,39,75,69,52,13,12,7,0,5
2,8,0,0,7,0,0,1,6,13,10,6,0,9,10,2,51,52,25,9,8,13,11,0
1,0,2,0,5,4,2,10,13,10,8,7,9,11,0,0,2,13,21,11,10,0,8,6

7,5,8,9,27,63,82,117,102,25,0,0,0,2,0,0,0,0,0,0,0,0,8,0
10,10,14,31,55,86,112,120,115,64,12,0,0,0,0,0,0,0,0,0,0,0,0,0
14,14,16,31,60,105,116,122,121,100,56,10,10,0,0,0,0,0,0,0,0,3,7,0
43,25,21,20,36,101,106,124,121,109,100,13,11,10,0,11,0,0,10,8,0,0,0,0
54,40,40,46,48,95,94,112,141,120,90,64,59,8,0,0,0,0,4,12,4,0,0,0
56,46,31,51,61,77,103,128,135,126,96,73,45,15,15,6,1,0,9,9,12,3,0,0
24,46,51,58,68,88,111,117,115,106,102,74,2,8,7,9,0,0,0,9,13,8,0,0
11,12,36,67,80,108,113,131,125,95,99,68,52,6,23,2,0,0,0,2,5,0,0,0
13,9,47,62,82,116,119,140,141,122,88,89,65,56,2,2,1,0,9,0,0,3,0,0
13,14,58,60,80,118,147,187,187,150,133,112,90,74,44,15,45,0,0,0,1,0,0,0
32,51,60,58,71,110,159,238,292,265,228,161,125,95,60,58,23,7,11,8,10,6,9,0
49,63,72,81,80,104,169,289,378,374,312,236,158,138,91,75,13,13,0,3,0,6,0,0
37,62,102,104,105,106,133,214,292,289,299,245,210,153,120,89,54,2,4,0,0,0,0,0
10,50,94,101,89,101,117,170,197,227,232,194,172,147,126,108,67,11,4,0,0,0,0,0
4,14,53,66,58,59,79,135,124,99,140,140,143,138,126,107,76,25,2,0,0,0,0,0
0,12,10,47,63,79,64,110,111,98,95,117,135,132,118,100,75,72,17,10,0,7,0,0
9,9,7,12,13,75,83,91,79,100,116,112,125,94,83,78,69,63,20,4,3,0,0,0
2,10,23,26,32,43,49,56,105,132,158,145,101,112,107,124,92,59,40,25,14,6,7,8
0,0,4,2,10,14,69,81,97,137,153,149,118,89,101,144,143,110,77,76,16,11,11,10
2,5,11,7,6,21,45,101,101,98,111,121,118,127,162,223,197,149,124,111,60,28,8,8
2,6,4,4,7,9,15,14,54,55,103,116,125,186,269,279,210,165,133,113,76,13,6,11
4,0,6,10,8,13,27,30,46,58,76,107,143,236,297,317,244,212,152,106,32,18,14,15
10,8,11,12,14,20,17,35,44,55,100,139,187,240,247,268,233,195,136,111,100,37,9,9
6,7,4,1,3,11,19,60,65,101,109,155,209,237,246,234,227,193,139,112,102,31,11,0
0,10,6,8,13,8,7,50,100,101,116,161,213,236,228,232,213,187,147,115,52,15,10,13
10,12,11,8,6,14,13,39,101,103,117,165,197,214,220,202,184,172,137,105,40,13,10,10
0,7,3,4,5,15,24,58,80,100,109,138,175,178,234,209,154,130,109,63,9,8,10,3
6,12,9,5,7,13,24,46,67,87,110,150,154,167,185,155,151,131,107,26,1,7,7,9
1,8,11,10,10,14,12,14,57,65,104,136,144,164,190,138,126,115,66,12,3,3,0,10
5,5,4,6,9,12,11,16,53,75,104,133,134,152,146,97,105,79,50,8,0,5,5,0
6,7,9,3,5,10,14,16,40,56,96,103,108,141,133,114,91,64,13,9,8,12,3,0
0,0,0,7,12,8,9,4,11,55,109,93,104,130,147,123,99,42,22,20,3,7,4,0
11,0,0,0,2,4,3,6,29,47,68,90,106,143,169,139,89,35,16,13,8,0,5,0
0,0,0,0,0,6,12,14,48,48,59,142,218,208,229,152,74,38,13,11,0,4,10,2
0,0,0,0,0,0,0,7,14,41,52,72,95,160,185,132,95,58,10,3,10,6,10,8
4,5,0,0,0,0,0,0,1,9,12,50,55,88,164,166,122,84,60,25,9,12,9,0
1,2,0,8,8,9,11,14,17,13,22,36,50,78,172,196,135,90,58,33,16,10,10,0
4,8,3,7,9,9,11,12,10,11,14,16,42,55,122,175,146,85,59,26,14,12,10,0
0,0,0,2,6,6,6,6,4,11,14,30,36,51,78,135,133,80,46,45,25,14,10,4
0,0,0,4,0,0,0,0,0,27,14,35,39,51,57,78,112,69,67,51,14,13,14,4
2,5,6,6,8,6,1,13,7,6,12,13,12,8,16,67,65,66,53,29,6,1,6,12
5,8,4,1,11,8,12,11,10,9,12,11,9,4,8,39,75,69,52,13,12,7,0,5
2,8,0,0,6,0,0,1,6,13,10,6,0,8,10,2,51,51,24,9,8,13,11,0
1,0,2,0,5,4,2,10,13,10,8,7,9,11,0,0,2,13,20,11,10,0,8,6

7,5,8,9,28,63,83,117,102,24,0,0,0,2,0,0,0,0,0,0,0,0,8,0
10,10,14,31,55,87,113,120,115,64,12,0,0,0,0,0,0,0,0,0,0,0,0,0
14,14,17,31,60,105,117,122,121,100,56,10,11,0,0,0,0,0,0,0,0,4,7,0
43,25,22,21,36,101,106,125,122,109,100,13,11,10,0,11,0,0,10,8,0,0,0,0
55,40,40,47,48,95,94,113,141,120,91,64,59,8,0,0,0,0,4,12,4,0,0,0
56,49,30,51,61,78,103,130,136,127,97,73,45,15,15,6,1,0,9,9,12,3,0,0
27,46,51,59,68,89,111,117,115,107,102,74,2,8,7,9,0,0,0,9,13,8,0,0
11,12,36,67,80,108,113,131,125,95,99,68,53,6,22,2,0,0,0,2,5,0,0,0
14,9,49,63,82,115,118,140,140,121,88,89,65,56,2,2,1,0,9,0,0,3,0,0
14,14,58,60,80,117,146,185,185,149,133,112,90,74,45,15,45,0,0,0,1,0,0,0
31,51,60,58,70,110,158,238,292,263,227,160,125,95,60,58,22,7,11,8,10,6,9,0
50,63,72,81,80,104,171,291,380,375,312,236,157,139,91,75,13,13,0,3,0,6,0,0
37,61,102,104,105,106,134,216,293,290,298,245,209,153,120,89,54,2,5,0,0,0,0,0
10,50,93,101,89,101,117,171,198,227,232,193,172,147,126,108,68,11,5,0,0,0,0,0
4,14,52,66,57,59,79,135,124,99,140,140,143,138,126,107,76,26,2,0,0,0,0,0
0,12,10,45,63,79,64,110,111,98,95,117,135,132,118,100,75,72,17,10,0,8,0,0
10,9,8,12,13,75,82,90,79,100,116,111,125,94,84,78,70,63,20,4,3,0,0,0
2,10,23,25,32,43,48,56,105,132,157,144,100,111,107,124,92,59,40,25,14,7,7,8
0,0,4,2,10,14,69,81,97,137,152,148,118,89,102,145,143,110,77,75,16,11,11,10
2,5,11,7,6,22,46,101,101,99,111,121,117,127,164,224,197,149,124,111,60,28,8,8
2,6,4,4,7,9,15,14,54,55,103,116,125,187,271,280,211,166,133,113,75,13,6,11
4,0,6,10,8,13,28,30,46,58,76,108,143,237,298,317,243,213,151,106,32,18,14,15
10,8,12,12,14,20,17,35,44,55,100,139,188,241,247,268,233,195,135,110,100,37,9,9
6,7,5,1,3,11,20,59,66,101,109,156,209,238,246,233,227,193,139,112,102,30,11,0
0,10,6,8,13,8,7,48,100,101,116,161,214,236,228,232,212,187,147,115,52,15,10,13
10,12,11,8,6,14,13,36,101,103,117,166,197,215,219,202,184,171,137,105,40,13,10,10
0,7,3,4,5,15,25,57,80,100,109,138,176,178,234,208,154,130,109,62,9,8,10,3
6,12,9,5,7,13,25,45,67,87,110,150,154,167,185,155,151,131,107,25,1,7,7,9
1,8,11,10,10,14,12,14,57,65,105,136,145,164,190,138,126,115,66,12,3,3,0,10
5,5,4,6,9,12,11,17,53,75,104,133,134,151,146,97,105,79,50,8,0,5,5,0
6,7,9,3,5,10,14,16,40,56,96,103,108,141,133,114,91,64,13,9,8,12,3,0
0,0,0,7,12,8,9,4,11,56,109,93,104,130,146,123,99,41,22,21,3,7,4,0
11,0,0,0,2,4,2,6,29,45,68,90,107,143,168,139,89,34,16,12,8,0,5,0
0,0,0,0,0,6,12,14,47,49,59,142,219,208,229,153,74,38,13,12,0,4,10,2
0,0,0,0,0,0,0,7,14,43,52,71,95,160,185,132,95,58,10,3,10,6,10,8
4,5,0,0,0,0,0,0,1,9,12,50,55,88,163,166,123,84,59,25,9,12,9,0
1,2,0,8,8,9,11,14,17,13,23,36,50,78,171,195,135,90,58,33,16,10,10,0
4,8,3,7,9,9,10,12,10,11,14,16,42,55,122,175,146,85,59,26,14,12,10,0
0,1,0,2,6,6,7,6,4,11,14,30,35,51,78,134,133,80,46,45,25,14,10,5
0,0,0,4,0,0,0,0,0,27,14,35,40,51,57,78,112,69,66,51,14,13,14,4
2,6,7,7,8,6,1,13,7,6,12,13,12,8,16,67,65,66,53,29,6,1,6,12
5,8,4,0,11,8,12,11,10,9,12,11,8,4,8,39,75,69,52,13,12,7,0,5
2,8,0,0,7,0,0,1,6,13,10,5,0,8,10,2,51,52,22,9,8,13,11,0
1,0,2,0,5,4,2,10,13,10,8,7,9,11,0,0,2,13,20,11,10,0,8,6
61,50,9,0,0,4,13,24,24,0,0,0,7,6,71,104,78,59,17,0,2,0,0,7
66,14,8,0,0,8,69,55,44,10,4,8,4,13,63,108,80,79,53,8,0,0,7,11
56,13,1,0,2,72,118,55,55,6,3,57,73,96,90,109,105,100,61,11,8,1,3,9
13,7,1,0,3,35,33,43,11,12,4,14,106,124,125,123,122,98,66,12,10,13,6,11
7,3,0,0,9,23,13,14,12,6,50,74,115,131,143,126,109,84,68,32,14,21,0,0
13,2,0,1,1,11,11,15,33,40,64,102,178,202,175,139,96,72,64,50,38,29,17,4
15,15,7,3,0,0,3,6,35,71,96,162,270,274,237,176,106,76,57,37,50,18,15,13
14,15,12,7,0,11,57,57,68,71,83,123,243,268,330,241,134,99,70,51,55,50,5,1
4,3,10,0,0,6,56,69,81,82,84,116,185,218,262,238,146,98,82,55,55,51,14,11
8,5,2,4,0,12,8,68,86,108,112,156,250,277,303,285,178,125,89,57,50,51,51,16
0,0,3,7,0,2,0,59,84,114,121,131,228,283,329,348,241,145,97,65,53,48,26,12
4,2,0,0,0,0,4,50,90,109,127,123,172,239,282,286,210,146,107,83,67,56,36,10
2,0,0,0,0,0,0,28,76,110,127,141,171,195,208,201,163,131,120,107,100,74,50,4
8,6,0,0,6,3,0,12,67,103,113,125,143,157,152,150,148,131,116,97,105,86,50,12
0,0,9,11,1,11,0,0,13,44,103,107,107,110,94,124,141,121,86,75,109,100,75,12
0,0,10,6,15,5,8,0,6,10,61,81,79,82,94,124,128,101,119,107,115,62,52,11
0,0,0,0,0,8,12,13,10,13,52,67,81,97,98,101,127,119,125,111,110,59,55,12
1,8,6,10,3,5,8,12,20,18,46,57,77,112,95,89,105,103,134,137,125,62,43,20
3,4,11,8,2,6,4,1,2,0,5,14,100,106,75,84,153,220,218,185,142,120,104,25
11,8,8,7,7,10,5,3,12,14,6,9,12,80,92,125,178,199,272,187,148,115,68,33
4,9,8,5,5,9,12,18,13,9,55,27,100,104,98,125,195,234,215,153,139,118,76,45
2,0,0,7,13,11,14,23,15,19,12,35,50,69,135,193,225,230,215,181,144,122,102,48
11,4,0,0,14,13,12,9,5,13,43,47,30,107,161,217,220,203,209,188,149,121,62,15
0,4,8,11,11,11,9,14,14,15,11,10,89,129,168,204,206,198,187,147,136,118,85,12
6,0,0,0,7,9,8,18,12,14,51,80,86,115,146,179,178,179,191,140,123,101,68,10
0,0,0,6,13,8,6,9,12,18,20,63,102,118,139,176,164,146,149,114,111,70,14,3
10,7,0,7,10,12,12,10,17,31,12,23,72,109,133,142,133,125,119,105,108,55,12,0
8,4,10,9,8,6,13,11,16,41,14,51,85,109,135,147,131,136,116,108,102,51,8,0
10,14,9,12,10,13,12,14,14,11,13,11,56,86,107,128,142,141,120,109,100,16,1,0
5,0,11,11,11,18,19,17,31,11,7,27,51,75,113,118,129,115,105,105,50,10,7,0
2,0,9,13,11,11,14,22,25,11,10,14,35,57,76,97,108,112,83,61,14,14,12,5
0,0,4,17,21,14,13,12,14,7,6,36,53,100,132,116,111,123,112,56,46,14,8,0
0,1,4,8,11,12,11,13,8,8,26,33,36,56,104,103,118,119,112,65,50,14,8,0
5,10,1,0,4,7,6,11,13,12,1,6,8,12,44,59,95,117,110,90,61,14,0,0
6,12,9,5,2,4,11,12,17,13,13,11,10,9,11,51,69,114,122,93,73,9,0,0
0,10,4,9,6,11,9,13,14,16,12,11,11,4,7,33,52,107,115,89,79,10,0,0
2,0,10,13,11,0,8,12,14,16,11,12,14,8,14,44,51,69,82,80,69,12,0,0
0,6,1,11,9,0,8,9,11,16,14,13,12,12,15,14,34,62,89,80,55,0,0,0
7,0,6,8,9,6,9,13,14,23,14,17,21,11,14,10,11,33,57,65,68,4,0,0
0,0,2,6,0,10,13,14,35,16,12,14,22,13,11,34,12,40,51,63,64,30,0,0
0,0,0,6,10,10,10,14,7,12,8,12,13,14,10,13,13,18,42,51,60,41,1,0
12,8,9,9,9,11,7,11,13,9,8,8,5,6,4,6,13,17,25,50,55,50,8,0
2,7,14,13,2,3,3,7,8,12,0,3,14,10,4,0,0,9,12,42,58,53,13,0
6,10,4,6,9,9,8,0,4,9,13,11,0,4,8,9,12,10,12,14,50,49,19,1

52,26,4,0,0,4,21,46,35,0,0,0,8,6,69,103,76,58,14,0,1,0,0,7
58,13,5,0,0,13,100,59,47,12,6,8,4,13,62,108,78,74,51,7,0,0,6,10
34,13,10,0,6,107,138,55,57,12,7,60,72,93,88,109,104,92,52,10,7,0,3,9
11,8,6,0,10,48,38,51,25,55,11,31,106,124,124,121,119,89,62,10,9,13,6,11
0,9,0,0,12,29,49,29,26,41,53,80,117,132,142,124,106,80,65,20,13,16,0,0
7,0,0,0,6,10,18,31,45,53,76,121,191,213,174,136,93,70,61,47,38,28,15,4
29,31,5,2,0,0,7,10,61,89,112,186,299,290,235,174,104,73,56,33,48,19,18,13
23,14,11,6,0,51,66,65,81,87,93,136,255,271,321,236,131,94,68,46,53,50,6,2
7,2,10,0,0,12,66,80,93,97,95,123,196,219,255,230,143,93,79,55,54,51,14,11
8,5,0,4,0,7,54,77,100,128,135,168,277,284,299,267,176,121,85,56,50,52,52,22
0,0,4,4,0,14,10,68,99,138,156,145,250,298,323,337,232,140,91,62,53,48,31,14
0,0,0,0,0,0,12,68,103,126,149,131,177,242,286,283,206,140,101,77,65,56,42,11
0,0,0,0,0,0,0,49,97,118,138,147,173,194,207,198,160,128,116,105,88,75,51,7
6,0,0,0,1,0,0,14,81,109,118,129,144,158,151,147,145,128,112,90,102,76,47,13
0,0,6,0,0,4,0,1,15,79,106,109,109,112,94,121,138,117,82,70,105,87,65,12
0,0,8,3,7,0,5,0,9,32,75,88,82,85,96,123,126,98,115,104,111,59,51,12
0,0,0,0,0,5,10,12,11,41,58,74,84,103,102,102,126,117,122,108,107,53,41,14
1,7,5,10,3,4,6,12,22,28,53,64,84,118,102,91,105,97,124,125,117,50,39,18
3,4,11,7,0,5,3,1,2,1,9,36,105,110,85,90,155,214,201,168,133,113,99,13
10,8,7,7,7,10,5,2,12,20,8,14,89,101,101,128,182,197,254,169,138,108,60,21
4,9,8,5,3,7,12,16,12,9,67,81,103,108,105,129,198,235,209,143,129,109,63,35
1,0,0,7,13,11,13,23,14,19,13,45,65,98,149,199,228,231,214,174,138,115,90,28
11,4,0,0,13,13,12,9,5,12,45,54,34,120,181,225,224,204,209,185,145,116,56,12
0,3,8,11,11,11,8,13,14,20,11,11,101,143,180,211,210,200,186,146,134,115,74,10
6,0,0,0,6,8,8,14,12,14,55,90,101,124,154,184,181,181,191,139,120,100,41,9
0,0,0,4,13,7,5,8,12,26,14,76,104,124,145,182,168,148,150,113,110,61,13,1
10,7,0,6,9,11,11,10,14,32,13,47,93,115,139,146,135,127,120,104,105,52,11,0
8,4,9,8,7,5,12,11,16,41,16,53,100,116,142,152,135,139,117,107,100,42,7,0
9,13,9,12,9,13,12,14,17,13,14,13,60,101,113,132,146,143,121,108,88,13,1,0
4,0,11,11,11,18,17,14,30,12,7,32,52,90,119,124,134,117,105,105,36,9,7,0
1,0,8,13,11,11,11,19,24,11,11,17,39,64,87,109,118,114,84,61,15,14,11,6
0,0,4,16,20,14,13,12,14,5,5,45,54,104,149,123,119,124,110,55,27,13,7,0
0,1,4,9,11,12,11,13,8,9,33,41,50,59,124,112,124,120,110,63,37,13,9,1
5,10,0,0,3,6,5,11,13,8,0,8,13,15,52,65,102,119,108,87,58,13,0,0
7,12,8,3,1,4,11,13,14,13,13,12,11,7,13,51,76,117,121,90,70,6,0,0
0,10,4,8,6,11,9,13,14,17,12,11,10,3,8,40,53,112,115,87,75,5,0,0
1,0,10,13,11,0,8,12,14,16,11,12,14,8,14,47,52,72,83,78,66,10,0,0
0,6,1,11,8,0,7,9,10,16,14,13,12,11,15,14,38,65,91,80,51,0,0,0
7,0,6,8,9,6,9,13,14,23,14,16,21,11,14,10,11,37,58,64,66,0,0,0
0,0,2,6,0,10,13,14,35,16,11,14,21,13,11,35,13,44,51,63,62,14,0,0
0,0,0,6,10,10,10,14,7,12,8,12,12,14,10,13,13,20,42,51,58,35,1,0
12,7,9,9,9,11,6,11,13,8,8,8,5,6,3,7,13,16,26,50,54,47,6,0
2,7,14,13,1,3,2,7,7,11,0,3,14,9,5,0,0,8,12,46,58,52,12,0
6,10,4,6,9,9,8,0,4,9,13,11,0,4,8,9,12,10,12,15,50,41,14,0

52,25,6,0,0,6,25,50,36,0,0,2,8,6,69,103,76,58,14,0,1,0,0,6
57,13,5,0,0,13,101,59,49,13,8,9,5,14,62,108,78,75,51,7,0,0,6,10
33,13,11,0,7,110,134,54,58,14,10,66,73,94,89,109,104,96,54,10,7,0,3,9
11,10,8,2,11,49,38,52,36,58,12,45,107,125,125,122,120,90,63,10,9,13,6,11
0,11,0,0,14,31,52,33,31,46,54,84,119,134,144,125,107,80,65,18,12,14,0,0
8,0,0,0,11,12,28,35,46,53,78,126,198,223,178,138,93,71,62,47,37,26,14,3
36,38,8,4,0,0,9,12,63,90,115,195,314,303,242,176,106,74,56,34,43,19,15,13
27,17,12,7,0,54,67,66,83,87,94,140,267,281,329,241,132,95,68,46,53,50,5,1
8,4,11,0,0,14,68,83,96,98,95,126,200,226,261,235,144,94,79,55,54,50,14,11
9,6,1,5,0,9,57,78,103,130,135,173,283,289,303,274,177,122,86,56,50,51,51,19
1,0,3,4,0,14,11,70,101,140,155,147,253,296,323,340,233,140,92,63,53,47,29,13
1,1,0,0,0,0,12,68,104,128,149,131,171,239,281,275,204,140,102,78,65,56,36,10
0,0,0,0,0,0,0,49,98,119,137,144,164,185,198,190,157,128,117,105,91,74,50,6
6,0,0,0,1,0,0,14,79,109,116,126,140,150,146,142,142,126,112,91,102,76,44,13
0,0,7,0,0,5,0,0,14,69,105,108,106,108,90,117,136,115,82,70,105,89,63,12
0,0,8,3,9,0,4,0,7,16,71,84,80,83,93,121,125,97,116,104,112,59,51,12
0,0,0,0,0,6,10,12,11,32,57,73,82,100,98,99,124,117,123,108,107,54,41,13
1,7,5,10,3,3,6,12,21,26,51,62,81,115,99,89,105,100,128,128,118,51,39,16
3,4,11,7,0,5,3,1,1,0,7,15,104,109,84,90,158,222,208,172,134,113,99,13
10,8,7,7,7,10,5,3,12,18,7,13,80,101,101,128,185,205,261,171,139,108,60,21
4,9,8,5,3,8,12,18,12,9,68,84,103,108,106,130,201,239,213,144,130,109,63,35
1,0,0,7,13,11,13,23,14,19,14,48,65,100,152,200,229,232,216,175,138,115,89,27
11,4,0,0,13,13,12,8,5,13,46,56,36,122,184,226,224,204,209,186,145,116,55,12
0,3,8,11,11,11,8,13,14,22,11,11,101,145,182,212,211,200,187,146,134,114,73,9
5,0,0,0,6,8,8,15,12,20,57,90,101,125,156,185,181,181,191,139,120,98,39,9
0,0,0,3,12,7,5,8,12,26,16,81,105,125,146,182,168,148,151,113,110,61,12,1
10,6,0,6,9,11,11,10,14,33,14,50,95,116,140,146,135,127,120,104,105,51,11,0
8,4,9,8,8,5,12,11,18,45,19,54,101,117,142,153,135,139,117,107,100,41,7,0
9,13,8,11,9,13,12,14,17,14,14,13,60,102,114,133,146,144,121,108,87,13,2,0
4,0,10,11,11,18,17,14,30,13,7,32,52,92,120,125,134,117,106,104,37,9,8,0
1,0,8,13,11,11,11,20,24,11,12,18,39,64,88,110,118,115,84,60,18,14,11,6
0,0,3,15,19,14,12,12,14,5,6,46,54,104,151,123,119,124,110,55,29,14,8,0
0,1,4,9,11,12,11,13,8,9,32,41,50,59,126,113,124,120,110,62,37,13,9,1
5,10,0,0,3,6,5,11,13,8,0,8,13,16,53,66,103,119,108,87,58,13,0,0
7,12,8,2,0,4,11,13,14,13,13,12,11,7,13,52,77,118,122,90,70,6,0,0
0,10,4,8,6,10,9,13,14,17,12,11,10,4,8,41,54,114,116,87,75,5,0,0
1,0,10,13,11,0,7,12,14,16,11,12,14,8,14,50,52,73,84,77,66,10,0,0
0,6,1,11,7,0,6,8,10,16,14,13,12,11,15,14,39,65,92,80,51,0,0,0
7,0,6,8,9,6,9,13,14,23,14,16,20,11,14,10,11,37,58,64,65,0,0,0
0,0,2,6,0,10,13,14,35,16,11,14,22,13,11,35,13,45,51,64,62,15,0,0
0,0,0,6,10,10,10,14,6,12,8,11,12,14,10,13,13,20,44,51,58,36,1,0
12,8,9,9,9,11,6,11,13,8,8,8,4,6,3,7,13,17,28,50,54,47,6,0
2,7,14,12,1,3,2,7,7,11,0,2,14,9,5,0,0,8,13,50,58,52,12,0
6,10,4,6,9,9,8,0,4,9,13,11,0,4,8,8,12,11,12,17,50,41,14,0

53,26,7,0,0,11,39,50,41,3,1,4,8,6,69,103,76,58,14,0,2,0,0,6
57,13,5,0,0,14,100,62,50,14,9,10,5,14,62,109,79,75,51,7,0,0,6,10
36,13,7,0,7,70,65,50,56,13,8,62,74,94,90,110,105,100,56,9,7,0,3,8
11,8,3,0,9,24,19,40,36,59,12,51,107,125,126,123,121,96,66,10,9,13,6,11
0,10,1,0,12,17,4,11,30,50,53,84,120,136,145,126,108,82,67,18,12,14,0,0
9,0,0,0,11,13,12,26,43,48,78,126,202,228,180,139,95,72,62,47,35,25,14,3
39,43,11,8,0,0,9,12,63,88,113,192,315,303,244,177,106,74,56,33,43,15,14,13
32,20,14,9,0,55,67,66,82,85,92,137,260,276,325,239,132,95,68,47,52,49,5,1
8,6,11,0,0,21,68,83,94,96,94,124,195,220,254,230,143,94,80,54,54,50,13,10
9,7,2,6,0,12,57,78,101,126,132,169,274,281,294,268,177,122,87,56,50,51,51,15
1,0,2,4,0,14,11,69,100,135,149,146,249,293,319,334,232,141,92,63,52,47,27,12
2,2,0,0,0,0,12,67,103,125,148,133,173,237,282,280,205,141,102,78,65,56,34,10
0,0,0,0,0,0,0,45,97,118,137,145,167,187,199,193,159,129,117,105,91,74,50,5
6,1,0,0,2,0,0,14,78,108,116,127,142,153,148,144,143,127,112,91,102,76,43,12
0,0,7,2,0,6,0,0,14,73,106,109,108,110,92,119,136,115,82,70,105,89,63,11
0,0,8,2,10,0,5,0,7,28,74,87,81,85,94,121,125,97,115,104,112,59,51,11
0,0,0,0,0,5,10,12,11,39,58,74,83,101,99,99,124,116,122,108,107,54,40,12
1,7,5,10,3,3,6,12,21,26,52,63,82,116,100,89,104,97,126,127,118,51,39,16
3,4,11,7,0,5,3,1,2,0,8,19,104,110,84,90,155,216,203,170,133,113,99,13
10,8,7,7,7,10,5,2,12,16,7,14,84,101,101,128,183,199,258,170,139,107,60,20
4,8,8,5,3,7,12,17,12,9,67,81,103,108,106,130,200,236,211,143,130,109,63,35
0,0,0,7,13,10,13,23,14,19,14,48,65,101,153,200,228,232,215,174,138,115,88,26
11,4,0,0,13,13,12,8,5,12,45,56,36,122,184,226,224,204,209,185,144,115,55,12
0,2,8,11,10,11,8,13,14,22,11,11,101,145,182,212,211,200,186,146,134,114,73,9
5,0,0,0,6,8,8,14,12,19,57,91,101,125,156,185,181,181,191,138,120,97,38,9
0,0,0,3,12,7,5,8,12,26,17,84,105,125,146,183,168,148,151,113,110,62,12,1
10,6,0,6,9,11,11,10,14,33,14,51,97,116,140,147,136,127,120,104,105,51,11,0
8,4,9,8,7,5,12,11,16,45,19,54,101,118,143,154,135,139,117,107,100,41,7,0
9,13,8,11,9,13,12,14,18,14,14,13,60,103,115,133,146,144,121,108,86,13,2,0
4,0,10,11,11,18,17,14,30,13,7,33,53,94,121,126,134,117,106,104,36,10,8,0
1,0,8,13,11,11,10,19,24,11,12,19,39,65,90,111,119,115,84,60,18,14,11,6
0,0,3,15,19,14,12,12,14,5,6,48,54,105,158,125,121,124,110,55,29,14,8,0
0,0,3,9,11,12,11,13,8,9,34,41,50,59,128,114,126,121,109,62,37,13,9,1
5,10,0,0,3,5,5,11,13,7,0,9,14,18,53,67,104,120,107,86,58,13,0,0
7,12,7,1,0,4,11,13,14,13,13,12,11,7,13,52,79,119,122,90,69,6,0,0
0,10,4,8,6,10,9,13,14,16,12,11,10,3,10,41,55,115,116,86,74,5,0,0
1,0,10,13,10,0,7,12,14,16,11,12,14,8,14,50,53,74,84,77,64,10,0,0
0,6,1,11,7,0,6,8,10,16,14,13,12,11,14,14,41,66,92,80,50,0,0,0
7,0,6,8,9,6,9,13,14,23,14,15,20,11,14,10,11,40,58,64,65,0,0,0
0,0,2,6,0,10,13,14,35,16,11,14,21,13,11,35,14,46,52,64,61,14,0,0
0,0,0,6,10,10,10,14,6,12,8,11,12,14,10,13,13,21,44,51,58,35,0,0
12,7,9,10,9,11,6,11,13,8,8,8,4,6,3,7,13,17,29,50,54,44,6,0
2,7,14,13,1,3,2,7,7,11,0,3,14,9,5,0,0,8,13,50,58,52,12,0
6,10,4,6,9,9,8,0,4,9,13,11,0,4,8,9,12,11,12,21,50,41,14,0

53,25,9,0,0,11,37,47,39,1,1,4,8,7,69,103,76,58,14,0,1,0,0,6
57,14,6,0,0,23,100,62,50,14,9,10,5,14,62,108,79,75,51,7,0,0,5,10
34,13,8,0,10,84,72,50,57,13,10,65,74,95,90,110,105,98,55,9,6,0,3,8
11,9,7,1,10,32,24,48,45,59,12,52,107,126,126,123,121,94,65,10,9,13,6,11
0,11,2,0,13,21,7,13,36,50,53,86,121,137,145,126,107,82,67,18,12,14,0,0
8,0,1,0,12,14,14,30,45,48,80,131,209,234,181,139,94,72,62,46,35,25,14,3
43,44,11,8,0,0,10,13,66,90,115,197,324,309,245,177,106,74,56,33,41,14,14,13
35,22,14,9,0,56,68,67,84,87,93,139,262,276,324,238,131,94,68,46,52,46,5,1
9,6,11,0,0,30,69,85,95,97,95,124,194,217,250,227,143,94,79,54,54,50,13,10
9,7,2,6,0,13,60,80,103,127,132,169,270,275,287,264,177,122,87,56,50,51,51,15
1,0,1,4,0,15,12,70,100,135,148,147,250,292,317,331,232,141,92,63,52,46,26,12
2,1,0,0,0,0,12,69,103,125,148,138,180,239,286,286,209,142,102,78,65,56,32,10
0,0,0,0,0,0,0,49,97,118,138,149,175,191,203,197,163,130,117,105,92,73,50,4
6,1,0,0,2,0,0,14,78,108,117,131,147,158,152,147,145,128,112,90,102,77,41,12
0,0,6,2,0,6,0,0,14,80,107,111,112,114,95,121,137,116,81,70,105,88,62,11
0,0,7,1,10,0,5,0,8,36,77,91,83,87,96,123,125,96,115,103,112,59,51,11
0,0,0,0,0,5,10,12,11,44,58,75,85,103,101,100,123,115,121,107,107,54,39,12
1,7,5,10,3,3,6,12,21,27,52,64,83,117,101,89,103,94,124,125,117,51,39,15
3,4,11,8,1,5,3,1,1,0,9,24,104,110,84,90,153,210,200,169,133,113,100,13
10,8,7,7,7,10,5,2,12,14,7,13,80,101,101,128,181,195,256,170,139,107,60,19
4,8,8,5,3,7,12,16,12,9,64,76,102,108,106,130,198,234,210,143,130,109,63,36
0,0,0,6,13,10,13,22,14,19,14,45,64,100,152,199,227,230,214,174,138,115,90,27
11,4,0,0,13,13,12,8,5,12,46,54,35,121,182,225,222,203,207,184,145,115,56,12
0,2,7,11,10,11,8,13,14,22,11,11,101,144,181,211,210,199,185,146,134,114,74,9
5,0,0,0,6,8,8,14,12,23,59,90,101,125,155,184,181,181,190,138,120,99,39,9
0,0,0,3,12,7,5,8,12,26,17,82,105,125,145,182,168,148,151,113,110,62,13,1
10,6,0,6,9,11,11,10,14,32,14,50,96,116,140,147,135,127,120,104,105,52,11,0
8,4,9,8,7,5,12,11,17,44,17,54,101,118,143,154,135,139,117,107,100,42,7,0
9,13,8,11,9,13,12,14,17,13,14,13,60,103,115,133,146,144,121,108,86,13,1,0
4,0,10,11,11,17,17,14,30,12,7,34,53,94,121,126,135,117,105,104,37,10,8,0
1,0,8,13,11,11,10,19,24,11,12,20,40,66,91,112,120,115,83,60,19,14,11,6
0,0,3,15,18,13,12,12,14,5,6,50,54,106,163,125,121,124,110,55,29,14,8,0
0,0,3,9,11,12,11,13,8,9,36,42,50,60,130,115,127,121,109,62,38,13,9,1
5,10,0,0,2,5,5,11,13,7,0,9,15,18,53,68,106,120,107,86,57,13,0,0
7,12,7,1,0,4,11,13,14,13,12,12,11,7,13,52,80,120,122,89,69,6,0,0
0,10,4,8,6,10,9,13,14,17,12,11,10,3,10,43,55,116,116,86,74,5,0,0
1,0,10,13,10,0,7,12,14,16,11,12,14,8,15,50,53,75,84,76,64,10,0,0
0,6,1,11,7,0,6,8,10,16,14,13,12,11,15,14,41,66,93,80,51,0,0,0
7,0,6,8,9,6,9,13,14,23,13,16,20,11,14,10,12,40,58,64,65,0,0,0
0,0,2,6,0,10,13,14,36,16,11,14,21,13,11,35,14,48,52,64,61,14,0,0
0,0,0,6,10,10,10,14,6,12,8,11,12,14,9,13,13,22,45,51,58,33,0,0
12,7,9,9,8,11,6,11,13,8,8,8,4,6,3,7,13,16,30,50,54,44,6,0
2,7,14,12,1,3,2,7,6,11,0,3,14,9,5,0,0,8,13,50,58,52,12,0
6,10,4,6,9,9,8,0,3,9,13,11,0,4,8,9,12,11,12,24,50,41,14,0

52,25,9,0,0,11,39,50,40,3,1,5,8,7,69,103,76,58,14,0,1,0,0,6
56,14,6,0,0,26,100,64,51,14,10,10,6,14,62,109,79,75,51,7,0,0,5,10
33,13,9,0,10,85,74,51,57,14,10,65,74,95,90,110,105,99,56,9,6,0,3,8
11,9,8,1,10,32,24,50,50,61,13,52,108,126,127,123,121,96,66,10,9,13,6,11
0,11,3,0,13,22,8,14,43,52,54,86,121,137,145,126,108,82,67,18,12,14,0,0
8,0,1,0,12,14,17,32,45,50,80,130,208,232,181,139,94,72,62,46,35,24,13,3
44,45,12,8,0,0,11,14,67,90,115,197,324,307,244,176,106,74,56,33,42,15,14,13
35,22,15,9,0,57,69,68,84,87,94,139,261,275,323,237,132,94,69,45,52,47,5,0
9,6,11,0,0,32,69,85,96,98,95,124,195,218,250,227,142,94,79,54,54,50,13,10
9,7,2,6,0,13,60,80,103,128,133,169,272,278,289,263,176,122,87,56,50,51,51,15
1,0,1,4,0,18,12,70,101,136,150,148,250,293,317,330,230,140,92,63,53,46,26,12
2,1,0,0,0,0,13,69,103,126,149,138,179,238,286,285,208,141,102,78,65,56,31,10
0,0,0,0,0,0,0,51,98,118,138,150,174,190,202,196,162,130,117,105,92,74,50,4
6,2,0,0,2,0,0,16,81,109,118,132,147,158,151,146,144,127,112,90,102,77,40,12
0,0,6,3,0,6,0,0,16,86,108,112,112,114,94,120,137,115,81,69,105,89,60,11
0,0,7,1,10,0,5,0,9,46,79,92,84,87,96,122,125,96,115,103,111,59,51,11
0,0,0,0,0,5,10,12,11,49,59,77,85,104,101,100,123,115,121,107,107,54,37,12
1,7,5,10,3,3,6,12,21,28,53,65,83,118,101,89,103,94,124,125,117,50,39,14
3,4,11,8,1,5,3,1,1,0,9,30,105,110,84,90,152,211,202,171,133,112,98,13
10,8,7,7,7,10,5,2,12,14,8,14,87,101,101,128,181,196,259,171,138,107,60,19
4,8,8,5,3,7,12,16,12,9,67,81,102,108,106,130,198,234,211,143,129,108,63,35
0,0,0,6,13,10,13,22,14,19,14,47,64,100,153,199,228,230,214,174,137,115,88,26
11,4,0,0,13,13,12,8,5,12,46,55,36,122,183,225,223,203,207,184,144,115,55,12
0,2,7,11,10,11,8,13,14,22,11,11,101,145,182,212,210,199,185,146,134,114,73,9
5,0,0,0,6,8,8,14,12,22,60,90,101,125,155,184,181,181,190,138,120,98,36,9
0,0,0,3,12,7,5,8,12,27,18,84,105,125,146,183,168,148,151,113,110,62,12,1
10,6,0,6,9,11,11,10,14,33,14,51,97,116,141,147,136,127,120,104,105,51,11,0
8,4,9,8,7,4,12,11,17,44,16,54,101,118,144,155,136,140,117,107,100,40,7,0
9,13,8,11,9,13,12,14,18,14,14,14,61,103,116,134,146,144,121,108,86,13,1,0
3,0,10,10,11,17,17,14,30,13,7,34,53,95,122,126,135,118,105,104,36,10,7,0
0,0,8,13,10,11,9,19,24,11,12,21,40,67,92,114,120,115,83,60,20,14,11,6
0,0,3,15,18,14,12,12,14,5,7,50,54,106,166,126,122,124,110,55,28,14,8,0
0,0,3,9,11,12,11,13,8,10,38,42,50,60,131,116,128,122,109,62,39,13,9,1
5,10,0,0,2,5,5,11,13,7,0,10,19,18,53,69,106,120,107,86,57,13,0,0
7,12,7,0,0,3,11,13,14,13,12,12,11,7,13,52,82,121,122,89,69,5,0,0
0,10,4,8,6,10,9,13,14,17,12,11,10,3,10,45,55,117,116,86,73,5,0,0
1,0,10,13,10,0,7,12,14,16,11,12,14,8,15,50,53,75,84,76,63,10,0,0
0,6,1,11,7,0,5,7,9,16,13,13,12,11,14,14,41,66,93,80,50,0,0,0
7,0,6,8,9,6,9,12,14,23,13,15,20,11,14,10,12,42,58,64,64,0,0,0
0,0,2,6,0,10,13,14,35,16,11,14,22,13,11,35,14,47,52,64,61,14,0,0
0,0,0,6,10,10,10,14,6,12,8,11,12,14,10,13,14,21,46,51,58,31,0,0
12,7,9,9,9,11,6,11,13,8,8,8,4,6,3,7,13,16,29,50,54,40,5,0
2,7,14,12,1,3,2,7,6,11,0,2,14,9,5,0,0,8,13,50,58,52,12,0
6,10,4,6,9,9,7,0,4,9,13,11,0,4,8,9,12,11,12,22,50,39,13,0

52,25,10,0,0,12,40,50,38,2,1,5,9,7,69,103,76,58,14,0,1,0,0,6
56,14,6,0,0,25,100,65,51,14,10,10,6,14,62,109,79,75,51,7,0,0,5,10
34,13,10,0,11,92,80,52,57,14,11,66,74,95,90,110,105,98,56,9,6,0,3,8
11,9,8,2,11,37,26,45,47,61,14,53,108,126,127,123,121,95,65,10,9,13,6,11
0,11,3,1,13,22,9,15,44,53,54,86,121,136,145,126,107,82,67,17,12,14,0,0
8,0,2,0,13,14,20,33,46,51,80,130,205,228,179,138,94,72,62,46,35,23,13,2
46,47,12,9,0,0,11,14,67,91,115,195,319,302,241,175,105,74,56,33,42,14,14,13
36,22,15,9,0,57,69,68,84,87,94,139,262,275,321,236,131,94,68,46,52,44,5,0
9,7,11,0,0,32,69,85,95,98,95,125,197,220,253,227,142,94,79,54,54,50,13,10
9,7,2,6,0,13,60,80,103,128,134,171,278,284,295,266,175,121,86,56,50,51,51,14
1,0,1,4,0,19,12,70,101,137,151,149,253,295,319,332,229,140,92,63,52,46,26,11
2,2,0,0,0,0,13,69,104,127,149,136,176,238,283,279,204,140,101,78,65,56,30,9
0,0,0,0,0,0,0,51,100,119,138,148,170,187,199,193,159,128,116,105,94,73,50,4
6,2,0,0,3,0,0,18,82,109,118,130,145,155,148,144,143,127,112,90,102,76,39,12
0,0,7,4,0,6,0,0,17,88,107,111,111,113,93,119,136,115,81,69,105,89,61,11
0,0,7,1,10,0,5,0,9,46,79,92,83,87,96,122,125,96,115,104,111,59,51,11
0,0,0,0,0,6,10,12,11,48,59,77,85,104,101,100,124,116,122,108,107,54,39,12
1,7,5,10,3,3,6,12,21,27,53,65,83,118,101,89,103,96,126,127,117,50,39,14
3,4,11,8,1,5,3,1,1,0,9,29,105,110,84,90,154,216,207,172,133,112,98,13
10,8,7,7,7,10,5,3,12,15,8,14,89,101,102,128,183,199,264,173,139,107,60,19
4,8,8,5,3,7,12,17,12,9,69,88,103,108,106,130,200,236,214,144,130,108,62,34
0,0,0,6,13,10,13,22,14,19,14,49,65,101,154,200,229,231,215,175,138,114,88,24
11,4,0,0,13,13,12,8,5,13,46,58,37,123,184,226,224,204,209,185,144,115,55,12
0,2,7,11,10,11,8,13,14,21,11,11,102,145,183,213,211,200,186,146,133,114,72,9
5,0,0,0,6,8,8,14,12,26,58,93,102,126,156,185,182,181,191,138,119,98,36,8
0,0,0,2,12,7,5,8,12,30,17,84,105,126,146,183,169,148,151,113,109,61,12,1
10,6,0,5,9,11,10,10,14,32,14,51,98,117,141,148,136,127,121,104,105,51,11,0
8,4,9,8,7,5,12,11,19,45,19,55,101,119,144,155,136,140,117,107,100,41,7,0
9,13,8,11,9,13,12,14,18,14,14,14,61,104,116,134,147,145,121,108,85,13,2,0
3,0,10,10,10,17,16,14,29,13,7,34,53,95,122,127,135,118,105,104,36,10,7,0
0,0,8,13,10,11,9,19,24,11,13,21,40,67,93,114,121,115,84,60,21,14,11,6
0,0,3,15,18,14,12,12,14,5,7,50,54,106,167,126,123,124,110,55,29,14,8,0
0,0,3,9,11,12,11,13,8,10,37,42,50,60,132,116,128,122,109,62,39,13,9,2
5,9,0,0,2,5,5,11,13,7,0,10,19,18,54,69,106,120,107,86,57,12,0,0
7,12,7,0,0,3,11,14,14,13,12,12,10,7,13,52,82,121,122,89,69,6,0,0
0,10,4,8,6,10,9,13,14,17,12,11,10,3,10,44,55,117,116,86,73,5,0,0
1,0,10,13,10,0,7,12,14,16,11,12,14,8,15,50,53,75,84,76,63,10,0,0
0,6,1,11,7,0,5,7,9,16,13,13,12,11,14,14,41,66,93,80,50,0,0,0
7,0,6,8,9,6,9,12,14,23,13,15,20,10,14,10,11,42,59,64,64,0,0,0
0,0,2,6,0,10,13,14,35,15,11,14,21,13,11,34,14,48,52,64,61,14,0,0
0,0,0,6,10,10,10,14,6,12,8,11,12,14,10,13,14,21,45,51,58,32,0,0
12,7,9,9,8,11,6,11,13,8,8,8,4,6,3,7,13,16,30,50,54,40,5,0
2,7,14,12,1,3,2,7,6,11,0,2,14,9,5,0,0,8,13,50,57,52,12,0
6,10,4,6,9,9,8,0,3,9,13,11,0,4,8,9,12,11,12,22,50,38,13,0

52,24,10,0,1,12,47,50,38,4,2,6,9,7,69,103,76,58,14,0,1,0,0,6
56,14,7,0,2,31,101,67,51,14,10,11,6,14,62,109,79,75,51,7,0,0,5,10
34,14,10,0,11,100,86,53,57,14,11,65,74,95,90,110,105,97,55,9,6,0,3,8
11,9,8,3,11,40,29,46,50,61,14,53,107,126,127,123,121,94,65,10,9,13,6,11
0,11,3,1,13,23,10,19,46,53,54,86,120,136,145,126,107,81,67,17,12,14,0,0
8,0,2,0,13,14,22,35,46,51,80,130,203,226,179,138,93,72,62,46,34,23,13,2
46,47,12,9,0,0,11,14,68,91,115,196,319,304,244,176,106,74,57,33,40,14,14,13
36,22,16,9,0,58,69,68,84,88,94,141,268,283,331,241,132,95,68,46,52,45,5,0
9,7,11,0,0,35,70,86,97,99,95,126,200,227,263,235,144,94,79,54,54,50,13,10
9,7,3,7,0,13,61,80,105,131,135,173,282,289,302,273,177,122,86,56,48,50,51,14
1,0,1,4,0,15,13,71,103,141,156,150,255,295,321,334,231,140,92,63,52,45,25,11
2,2,0,0,0,0,12,71,105,130,152,135,172,236,280,276,203,140,101,77,65,56,28,9
0,0,0,0,0,0,0,52,100,120,138,146,165,184,197,190,158,128,116,105,92,72,47,3
6,2,0,0,3,0,0,22,82,109,117,128,141,151,146,142,141,126,111,90,101,76,37,11
0,0,7,4,0,6,0,0,14,78,106,109,108,110,91,117,134,114,81,69,105,87,61,11
0,0,8,2,11,0,5,0,7,24,74,87,81,85,94,120,124,96,115,104,111,59,51,11
0,0,0,0,0,5,10,11,11,34,58,75,83,101,98,98,123,116,122,108,107,54,39,12
1,7,5,10,3,3,6,12,20,26,51,63,81,115,98,88,103,97,127,128,117,51,39,14
3,4,11,8,1,5,3,1,1,0,7,14,104,109,83,89,153,218,210,174,133,113,99,13
10,8,7,7,7,10,5,3,12,15,8,14,81,100,101,127,182,201,268,175,139,107,59,19
4,8,8,5,3,7,13,16,12,10,68,86,102,108,106,130,199,237,215,145,130,108,62,34
0,0,0,6,13,10,13,22,14,19,14,48,64,101,153,201,228,231,215,176,138,114,87,25
11,4,0,0,13,13,12,8,5,13,46,57,37,123,184,227,224,204,209,186,144,115,55,12
0,2,7,11,10,10,8,13,14,24,11,11,102,145,183,213,211,200,186,146,134,114,73,9
5,0,0,0,6,8,8,14,12,26,59,93,102,126,156,185,182,182,191,138,119,98,36,8
0,0,0,2,12,7,5,8,12,30,18,84,105,126,146,183,169,148,151,113,110,61,12,1
10,6,0,5,9,11,10,10,14,33,14,51,98,117,141,148,136,128,121,104,105,51,11,0
8,4,9,8,7,4,12,11,16,45,20,54,101,119,144,156,136,140,117,107,100,39,7,0
9,13,8,11,9,13,12,14,19,14,14,14,61,104,117,134,147,145,121,108,84,13,2,0
3,0,10,10,10,16,16,14,29,13,8,34,53,96,123,127,136,118,105,104,37,10,7,0
0,0,8,13,10,11,8,19,25,11,13,21,41,68,93,115,121,115,83,60,21,14,11,6
0,0,3,15,18,13,12,12,14,5,7,50,54,107,170,127,123,124,110,55,29,14,8,0
0,0,3,9,11,12,11,13,8,10,38,43,50,60,133,116,128,122,108,62,38,13,9,1
5,9,0,0,2,5,5,11,13,7,0,10,21,18,54,69,107,120,106,85,57,13,0,0
7,12,7,0,0,3,11,13,14,13,12,12,10,7,14,52,82,121,122,89,69,5,0,0
0,10,4,7,5,10,9,13,14,17,12,11,10,3,10,45,56,118,116,86,73,5,0,0
1,0,10,13,10,0,7,12,14,16,11,12,14,8,16,50,53,76,85,75,63,9,0,0
0,6,1,11,7,0,5,7,9,16,13,13,12,11,14,14,41,67,93,80,50,0,0,0
7,0,6,8,9,6,9,12,14,23,13,15,21,10,14,10,12,42,59,63,64,0,0,0
0,0,2,6,0,10,13,14,35,15,11,14,21,13,11,34,14,48,52,64,61,13,0,0
0,0,0,6,10,10,10,14,6,12,8,11,12,14,10,13,14,21,46,51,58,33,0,0
12,7,9,9,8,11,6,11,13,8,8,8,4,6,3,7,13,16,30,50,54,40,5,0
2,7,14,12,1,3,2,7,6,11,0,2,14,9,5,0,0,8,13,50,58,52,12,0
6,10,4,6,9,9,8,0,3,9,13,11,0,4,8,9,12,11,12,23,50,38,13,0

52,23,10,0,0,12,43,50,37,2,1,6,9,7,69,103,76,57,14,0,1,0,0,6
56,14,7,0,2,32,101,66,50,14,10,11,6,14,62,109,78,74,51,7,0,0,5,10
36,14,11,0,12,102,87,52,57,14,11,68,74,95,90,110,105,95,55,9,5,0,2,8
11,10,9,3,12,41,30,50,50,60,13,54,107,126,127,123,120,91,64,9,8,12,6,11
0,12,4,2,14,24,10,21,46,52,54,86,121,136,144,126,107,80,66,14,12,14,0,0
8,0,2,0,14,16,24,36,46,51,81,131,207,230,180,138,93,71,62,47,35,24,13,3
47,47,12,9,1,0,12,14,68,91,115,200,327,312,249,177,106,74,56,33,40,15,14,13
36,22,16,9,0,58,69,69,85,88,94,142,274,289,337,243,132,94,68,46,52,46,5,1
9,7,11,0,0,38,70,87,98,99,96,126,200,228,265,237,144,94,79,55,54,50,13,10
9,7,3,7,0,14,63,82,106,133,136,175,283,288,302,275,179,122,86,56,50,51,51,15
1,0,1,4,0,14,14,72,105,143,158,153,261,300,323,337,234,140,92,63,52,46,25,11
2,2,0,0,0,1,12,72,106,132,154,137,176,240,286,284,208,141,102,77,65,56,28,10
0,0,0,0,0,0,0,53,101,121,139,147,168,187,198,193,160,129,117,105,92,73,47,3
7,3,0,0,3,0,0,27,84,110,117,128,142,153,147,143,142,126,112,90,101,76,36,11
0,0,7,5,0,7,0,0,13,77,106,109,108,110,92,118,135,114,81,69,105,87,59,10
0,0,8,2,11,0,4,0,7,20,73,86,81,85,94,120,124,95,115,103,111,59,51,10
0,0,0,0,0,6,10,11,11,30,57,74,83,101,98,97,122,115,121,108,107,54,37,11
1,7,5,10,3,3,6,12,20,25,51,62,81,115,98,87,102,95,126,127,117,51,40,14
3,4,11,8,1,5,3,1,1,0,7,14,103,109,83,89,151,213,206,172,133,113,100,13
10,8,8,7,7,10,5,3,12,14,7,13,77,100,101,127,180,197,264,174,139,107,60,20
4,8,8,5,3,8,12,17,12,9,66,76,102,108,105,130,198,234,213,145,131,109,63,35
0,0,0,6,13,10,13,22,14,18,14,46,63,100,152,199,228,230,214,175,139,115,89,27
11,4,0,0,13,13,12,8,5,13,45,55,36,122,182,225,223,203,208,185,145,115,56,12
0,2,7,11,10,10,8,13,14,22,12,11,101,144,181,211,210,200,186,146,134,114,74,9
5,0,0,0,6,8,8,14,12,24,60,93,101,125,155,184,181,181,191,138,120,99,36,8
0,0,0,2,12,7,5,8,12,28,18,84,105,125,146,183,168,148,151,113,110,62,13,1
10,6,0,5,9,11,10,10,14,32,14,51,97,116,141,147,136,128,121,104,105,51,12,0
8,4,9,8,7,5,12,11,16,44,19,54,101,119,144,155,136,140,117,107,100,41,7,0
9,13,8,11,9,13,12,14,18,14,14,14,61,103,116,134,147,145,121,108,85,13,2,0
3,0,10,10,10,16,16,14,29,13,7,34,53,96,122,127,135,118,105,104,40,10,7,0
0,0,8,13,10,11,9,19,25,11,13,21,41,67,93,114,121,115,84,60,22,14,11,6
0,0,3,14,18,13,12,12,14,5,7,50,55,107,171,126,123,124,110,55,30,14,8,0
0,0,3,9,11,12,11,13,8,10,38,42,50,60,133,116,128,122,108,62,39,13,9,1
5,9,0,0,2,5,5,11,13,7,0,10,21,18,54,69,107,121,107,85,57,13,0,0
7,12,6,0,0,3,11,14,14,13,12,12,10,7,13,52,83,122,122,89,69,5,0,0
0,10,4,7,5,10,9,13,14,17,12,11,10,3,10,46,56,118,117,86,73,5,0,0
1,0,10,13,10,0,6,12,14,16,11,12,14,8,15,50,53,76,85,75,63,10,0,0
0,6,1,11,7,0,5,7,9,16,13,13,12,11,14,14,41,67,94,80,50,0,0,0
7,0,6,8,9,6,9,12,14,23,13,15,20,10,14,10,12,43,59,64,64,0,0,0
0,0,2,6,0,10,13,14,35,17,11,14,21,13,11,34,14,50,52,64,61,14,0,0
0,0,0,6,10,10,10,14,6,12,8,11,12,14,9,13,14,22,46,51,58,32,0,0
12,7,9,9,8,11,6,11,13,8,8,8,4,6,3,7,13,16,30,50,54,41,5,0
2,7,14,12,1,3,2,7,6,11,0,2,14,9,5,0,0,8,13,51,58,51,12,0
6,10,4,6,9,9,7,0,3,9,13,11,0,4,8,9,12,11,12,23,50,40,13,0

52,22,10,0,1,12,43,50,37,2,1,6,9,7,69,103,75,57,14,0,1,0,0,6
56,14,7,0,2,35,101,66,50,14,10,11,6,14,62,108,78,74,51,7,0,0,5,10
36,14,11,0,12,105,90,53,57,14,11,66,74,95,90,110,104,96,55,9,5,0,2,8
11,10,9,4,12,43,31,50,50,60,13,54,108,126,127,122,120,91,64,9,8,12,6,11
0,12,4,2,14,25,11,22,43,51,54,87,121,136,144,125,106,80,65,14,12,14,0,0
8,0,2,0,15,17,25,36,46,51,81,131,210,232,180,138,93,71,62,47,34,24,13,3
46,48,12,9,1,0,12,15,69,91,116,202,329,312,246,176,105,73,56,32,41,15,14,13
36,22,15,9,0,58,70,69,86,88,94,142,272,285,332,238,131,93,68,46,52,46,5,1
9,7,11,0,0,36,70,87,98,99,96,126,198,224,258,231,142,93,79,54,54,49,13,10
9,7,3,7,0,14,62,82,106,131,135,174,277,282,294,271,177,122,86,56,49,51,51,16
1,0,1,4,0,16,14,72,104,141,154,152,261,300,323,336,234,140,91,63,52,46,26,11
2,2,0,0,0,1,13,72,105,131,153,140,183,245,292,290,210,142,102,78,65,56,30,10
0,0,0,0,0,0,0,53,100,120,139,149,176,193,204,197,164,131,117,105,93,74,47,3
7,3,0,0,3,0,0,26,83,110,118,131,146,159,152,146,145,128,112,90,102,77,35,11
0,0,7,5,0,7,0,0,14,84,107,110,111,114,95,121,137,115,81,69,105,87,58,10
0,0,8,2,11,0,5,0,8,36,76,90,83,87,96,122,125,96,114,103,111,58,51,10
0,0,0,0,0,6,10,12,11,42,59,76,85,104,100,99,123,115,121,107,106,54,36,11
1,7,5,10,3,3,6,12,20,27,53,64,83,117,100,88,102,92,123,125,116,50,39,14
3,4,11,8,1,5,3,1,1,0,9,25,104,110,84,89,151,208,200,169,133,113,99,13
10,8,7,7,7,10,5,3,12,14,7,13,84,101,101,128,180,194,257,170,139,107,60,19
4,8,8,5,3,7,12,18,12,9,66,80,102,108,106,130,198,232,210,143,130,109,63,34
0,0,0,6,13,10,13,22,14,18,14,46,64,100,153,199,227,229,213,174,138,115,89,27
11,4,0,0,13,13,12,8,5,12,46,55,36,122,182,225,222,203,207,185,144,115,56,12
0,2,7,11,10,10,8,13,14,21,12,11,102,144,181,211,210,199,185,146,134,114,74,9
5,0,0,0,6,8,8,14,12,27,59,93,101,125,155,184,181,181,190,138,119,98,36,9
0,0,0,2,12,7,5,8,12,30,18,81,105,125,146,182,168,148,151,113,110,62,13,1
10,6,0,5,9,11,10,10,14,33,14,50,97,116,141,147,136,127,120,104,105,51,11,0
8,4,9,8,7,4,12,11,17,44,19,54,101,119,144,155,136,140,117,107,100,41,7,0
9,13,8,11,9,13,12,14,17,14,14,13,60,103,116,134,146,145,121,108,85,13,2,0
3,0,10,10,10,17,16,14,29,13,7,34,53,95,122,127,135,118,105,104,39,10,7,0
0,0,7,13,10,11,8,19,25,11,13,21,40,67,93,114,121,115,83,60,22,14,11,6
0,0,3,14,18,13,12,13,14,5,7,50,55,107,172,126,123,124,110,55,30,14,8,0
0,0,3,9,11,12,11,13,8,10,38,41,50,60,132,116,128,122,109,62,39,13,9,2
5,9,0,0,2,5,5,11,13,6,0,10,20,18,54,69,107,121,107,86,57,13,0,0
6,12,6,0,0,3,11,13,14,13,12,12,10,7,13,52,83,122,122,90,69,6,0,0
0,10,4,7,5,10,9,13,14,18,12,11,10,3,10,48,56,119,117,86,73,5,0,0
1,0,10,13,10,0,6,12,14,16,11,12,14,8,17,50,53,77,85,75,63,10,0,0
0,6,1,11,7,0,5,7,10,16,14,13,12,11,14,14,42,67,94,80,50,0,0,0
7,0,6,8,9,6,9,12,14,23,13,15,20,10,14,10,12,44,59,64,64,0,0,0
0,0,2,6,0,10,13,14,36,16,11,14,21,13,11,35,14,48,52,64,61,14,0,0
0,0,0,6,10,10,10,14,6,12,8,11,12,14,10,13,14,23,46,51,58,33,0,0
12,7,9,9,8,11,6,11,13,8,8,8,4,6,3,7,13,17,30,51,54,43,6,0
2,7,14,12,1,3,2,7,6,11,0,3,14,9,5,0,0,8,13,51,58,52,12,0
6,10,4,6,9,9,8,0,3,9,13,11,0,4,8,9,12,11,12,24,50,41,13,0

51,21,10,0,1,13,44,50,38,3,1,6,9,7,69,103,75,57,14,0,1,0,0,6
56,14,7,0,3,39,101,68,52,14,11,11,6,14,62,109,78,74,51,7,0,0,5,10
36,14,11,0,13,109,97,54,57,15,11,66,74,95,90,110,105,96,55,9,5,0,2,8
11,10,9,5,12,45,33,51,51,61,14,54,108,126,127,123,120,92,64,9,8,12,6,11
0,12,3,2,14,26,12,25,48,53,54,87,121,137,144,126,107,80,66,14,11,14,0,0
8,0,2,0,14,17,27,35,47,52,81,131,209,231,180,138,93,71,62,46,34,23,13,2
49,48,12,9,1,0,12,19,69,92,116,199,326,309,244,176,105,73,56,33,40,14,14,13
37,23,15,9,0,58,70,69,86,89,95,140,265,279,325,237,131,93,68,46,52,46,5,0
9,7,11,0,0,37,70,86,97,99,95,125,196,220,253,228,142,93,78,54,54,48,13,10
9,7,3,7,0,14,62,81,104,130,135,170,274,280,292,265,176,121,86,55,49,51,51,15
1,0,1,4,0,16,13,71,102,138,152,148,256,299,321,334,231,139,90,62,52,45,26,12
2,2,0,0,0,0,13,71,104,127,149,138,184,244,286,283,204,139,100,76,64,55,27,10
1,0,0,0,0,0,0,51,100,119,138,151,178,195,206,197,160,128,115,104,90,72,46,3
7,3,0,0,4,0,0,24,82,109,118,132,148,161,153,147,145,127,111,88,101,76,34,11
0,0,8,6,0,7,0,0,14,88,107,111,113,115,96,121,137,115,80,69,105,86,59,10
0,0,8,2,11,0,5,0,8,42,78,92,84,88,98,123,125,96,114,103,111,58,51,10
0,0,0,0,0,6,11,12,11,48,59,77,86,105,102,101,124,115,121,107,106,54,38,11
1,7,5,10,3,3,7,12,20,27,53,66,85,119,103,90,103,94,123,125,116,51,39,14
3,5,11,8,1,5,3,1,1,0,9,33,105,110,85,91,155,213,201,169,133,113,100,13
10,8,7,7,7,10,5,3,12,14,8,14,85,101,102,129,183,197,259,170,139,107,60,19
4,8,8,5,3,7,13,19,12,9,67,80,102,108,107,131,200,235,211,144,130,109,63,35
0,0,0,6,13,10,13,22,14,18,14,46,63,100,154,201,229,230,214,175,139,115,89,27
11,4,0,0,13,13,12,8,5,13,46,55,37,121,182,226,223,203,208,185,145,116,56,12
0,1,7,11,10,10,8,13,14,24,11,11,102,144,182,212,210,200,186,146,134,114,73,9
5,0,0,0,6,8,8,14,12,31,60,93,102,125,155,184,181,181,191,138,120,100,38,8
0,0,0,2,12,7,5,8,12,30,18,81,105,125,146,182,168,148,151,113,110,62,13,1
10,6,0,5,9,11,10,10,14,33,14,50,96,116,141,147,136,127,120,104,105,52,12,0
8,4,9,8,7,5,12,11,16,45,17,53,101,118,143,155,136,140,117,107,100,41,8,0
9,13,8,11,9,13,12,14,19,14,14,13,60,103,116,134,146,145,121,108,85,13,2,0
3,0,10,10,10,16,16,14,28,13,7,33,53,95,122,126,135,118,105,104,39,10,7,0
0,0,7,13,10,11,9,19,24,11,13,21,40,67,93,114,121,115,83,60,23,14,11,6
0,0,2,14,17,13,12,12,14,5,7,50,54,107,171,126,123,124,110,55,33,14,8,0
0,0,3,9,11,12,11,13,8,10,37,41,50,60,131,115,127,122,109,62,41,14,9,2
5,9,0,0,2,5,5,11,13,6,0,9,19,17,53,69,107,121,108,86,57,13,0,0
6,12,6,0,0,3,11,13,14,13,12,12,10,7,13,52,83,122,123,90,69,6,0,0
0,10,4,7,5,10,9,13,14,18,12,11,10,3,10,46,56,119,117,86,74,5,0,0
1,0,10,13,10,0,6,12,14,16,11,12,14,8,16,50,53,76,85,76,63,10,0,0
0,6,1,11,7,0,5,7,10,16,14,13,12,11,15,14,42,67,94,80,50,0,0,0
7,0,6,8,9,5,9,12,14,23,13,16,20,11,14,10,12,44,59,64,64,0,0,0
0,0,2,6,0,10,13,14,34,16,11,14,21,13,11,34,14,48,52,64,61,14,0,0
0,0,0,6,10,10,10,14,6,12,8,11,12,14,9,13,14,21,45,51,58,33,0,0
12,7,9,9,8,11,6,11,13,8,8,8,4,6,3,7,13,16,30,50,54,43,6,0
2,7,14,12,1,3,2,7,6,11,0,2,14,9,5,0,0,8,13,51,58,52,12,0
6,10,4,6,9,9,7,0,4,9,13,11,0,4,8,9,12,11,12,23,50,41,14,0

51,22,10,0,2,13,47,50,39,4,2,6,9,7,69,103,75,57,14,0,1,0,0,6
56,14,7,0,3,41,101,69,52,16,11,11,6,14,62,109,78,75,51,7,0,0,5,10
37,14,12,0,13,110,97,54,57,18,11,68,74,95,90,110,105,96,56,9,5,0,2,8
11,10,10,5,12,46,33,51,51,62,14,54,108,126,127,123,120,92,65,9,8,12,6,11
0,12,3,2,14,27,12,28,50,54,54,87,121,136,144,126,107,80,66,14,12,14,0,0
8,0,2,0,14,17,28,36,47,52,81,131,206,228,179,137,92,71,62,46,34,22,13,2
49,49,12,9,1,0,12,21,70,92,116,198,321,303,241,174,105,73,56,32,38,14,14,13
37,23,16,9,0,58,70,69,86,89,95,140,265,278,323,236,131,93,68,46,52,43,5,0
9,7,12,0,0,40,70,86,97,99,95,125,198,222,255,228,141,92,78,54,53,48,12,10
9,7,3,7,0,14,62,81,105,131,136,171,279,285,297,268,175,120,86,55,48,50,50,14
1,0,1,4,0,18,13,72,103,141,155,150,258,299,322,336,232,139,91,63,52,45,24,11
2,2,0,0,0,1,13,72,105,129,151,137,179,241,284,281,204,139,100,77,65,56,24,9
1,0,0,0,0,0,0,53,100,120,139,149,173,191,202,194,159,127,115,105,92,72,45,3
7,3,0,0,4,0,0,26,85,110,118,131,146,157,150,145,143,126,111,89,101,76,34,11
0,0,8,6,0,7,0,0,15,92,107,111,112,114,94,120,136,115,80,69,105,87,59,10
0,0,8,2,11,0,5,0,9,50,80,92,84,88,97,122,125,96,115,103,111,59,51,10
0,0,0,0,0,6,11,12,11,50,60,78,86,105,102,100,124,116,121,107,107,54,38,11
1,7,5,10,3,3,7,12,21,28,54,66,84,119,102,90,103,95,125,126,117,51,39,14
3,4,11,8,1,5,3,1,1,0,9,36,105,110,85,91,155,215,203,170,133,113,99,13
10,8,7,7,7,10,5,3,12,15,8,15,92,101,102,129,183,198,259,170,139,107,59,20
4,9,8,5,3,7,13,19,12,10,69,90,103,108,107,131,200,236,210,143,130,108,63,34
0,0,0,6,13,10,13,22,14,19,14,49,65,101,155,202,229,230,214,175,138,115,88,26
11,4,0,0,13,13,12,8,5,12,46,57,37,123,184,227,224,204,208,185,145,115,55,12
0,1,7,11,10,10,8,13,14,25,11,12,102,145,183,213,211,200,186,146,134,114,73,9
5,0,0,0,6,8,8,14,12,31,59,91,102,126,156,185,182,181,192,138,120,98,38,9
0,0,0,1,12,6,4,8,12,30,19,85,105,126,146,183,169,148,151,113,110,61,13,1
10,6,0,5,9,11,10,10,14,31,14,51,99,117,141,148,136,128,121,104,105,52,11,0
8,4,9,8,7,4,12,11,18,44,20,54,101,119,145,156,137,140,117,107,100,41,8,0
9,13,8,11,9,13,12,14,19,14,14,14,61,104,117,134,147,145,121,108,85,13,2,0
3,0,10,10,10,16,15,14,28,13,8,34,53,96,123,127,136,118,105,104,37,10,7,0
0,0,7,13,10,10,8,19,25,11,13,22,41,68,94,116,122,116,84,60,23,14,11,6
0,0,2,14,17,13,12,13,14,5,7,50,54,107,174,128,124,124,110,55,30,14,8,0
0,0,3,9,11,12,11,13,8,10,40,42,50,60,133,117,129,122,109,62,40,13,9,2
5,9,0,0,1,5,5,11,13,6,0,10,21,18,54,69,108,121,107,86,57,13,0,0
7,12,6,0,0,3,11,14,14,13,12,12,10,7,14,52,83,122,122,89,69,6,0,0
0,10,4,7,5,10,9,13,14,17,12,11,10,2,10,47,56,119,117,86,73,5,0,0
1,0,10,13,10,0,6,12,14,16,11,12,14,8,16,50,53,76,85,75,63,10,0,0
0,6,1,11,6,0,5,7,9,16,14,13,12,11,14,14,41,67,94,80,50,0,0,0
7,0,6,8,9,5,9,12,14,24,13,15,20,11,14,10,12,43,59,63,64,0,0,0
0,0,2,6,0,10,13,14,36,16,11,14,22,13,11,36,14,48,52,64,60,14,0,0
0,0,0,6,10,10,10,14,6,12,8,11,12,14,10,13,14,21,47,51,58,31,0,0
12,7,9,9,9,11,6,11,13,8,8,8,4,6,3,7,13,16,30,50,54,40,5,0
2,7,14,13,1,3,2,7,6,11,0,3,14,9,5,0,0,8,13,51,58,51,12,0
6,10,4,6,9,9,8,0,3,9,13,11,0,4,8,9,12,11,12,23,50,38,13,0

52,22,10,0,2,13,47,51,39,4,2,6,9,7,69,103,76,57,14,0,1,0,0,6
55,14,7,0,3,41,101,69,52,17,11,11,6,15,62,109,79,75,51,7,0,0,5,10
37,14,12,0,13,108,95,53,57,22,12,68,74,95,90,111,105,97,57,9,5,0,3,8
11,10,9,5,11,44,32,51,51,62,17,55,108,126,127,123,121,92,65,9,8,13,6,11
0,12,3,2,14,27,12,29,50,55,55,88,121,137,145,126,107,80,66,15,11,14,0,0
8,0,3,0,15,18,29,36,47,53,82,132,205,226,179,137,92,71,62,46,33,22,13,2
50,49,13,9,1,0,13,22,70,93,117,198,320,302,241,175,105,73,56,32,39,14,14,13
37,23,17,10,0,58,70,69,86,89,95,142,269,281,326,237,131,93,68,44,52,43,4,0
9,7,12,1,0,40,70,86,97,99,96,127,201,226,259,230,142,93,79,54,54,48,12,10
9,7,4,8,0,14,62,81,105,132,136,174,285,290,301,268,175,120,86,56,48,51,50,14
1,0,2,4,0,18,13,72,103,142,157,151,258,300,322,335,230,139,91,63,52,46,24,11
2,3,0,0,0,1,13,72,105,130,152,135,175,239,283,277,203,139,100,77,65,55,24,9
1,0,0,0,0,0,0,54,100,120,139,147,168,187,199,191,157,127,116,105,93,73,45,2
7,3,0,0,4,0,0,29,85,110,118,130,144,154,147,143,141,125,111,89,101,75,34,11
0,0,8,7,0,7,0,1,16,94,108,111,111,112,93,118,135,114,80,69,105,87,58,10
0,0,8,2,11,0,5,0,9,50,80,92,84,87,96,121,124,95,114,103,111,58,51,10
0,0,0,0,0,6,11,12,11,50,60,78,85,105,101,99,123,116,121,107,106,54,37,11
1,7,5,10,3,3,6,12,21,28,54,66,84,118,101,89,103,96,126,126,117,50,39,14
3,5,11,8,1,5,3,1,1,1,9,35,105,110,85,91,155,218,207,171,133,112,98,13
10,8,7,7,7,10,5,3,12,20,9,17,92,101,102,129,184,200,262,171,139,106,59,19
4,9,8,5,3,8,13,19,12,10,71,93,103,108,107,131,201,236,212,144,130,108,62,33
0,0,0,6,13,10,13,22,14,19,15,50,65,101,156,202,230,231,214,175,138,114,87,25
11,4,0,0,13,13,12,8,5,13,47,58,38,123,185,227,224,205,209,185,145,115,55,12
0,1,7,11,10,10,8,13,14,25,12,12,102,146,183,213,211,201,186,146,134,114,72,9
5,0,0,0,6,8,8,14,12,31,60,93,102,126,157,186,182,182,192,138,119,97,36,8
0,0,0,1,12,6,4,8,12,28,22,86,105,126,147,184,169,149,152,113,109,62,12,1
10,6,0,5,9,11,10,10,14,32,14,52,100,117,142,148,137,128,121,104,105,51,12,0
8,4,9,8,7,4,12,11,16,45,19,54,101,119,145,157,137,140,117,107,100,38,7,0
9,13,8,11,9,13,12,14,18,14,14,14,61,104,118,135,148,146,121,108,84,13,2,0
3,0,10,10,10,16,16,14,28,13,8,35,53,97,123,128,137,118,105,103,37,10,7,0
0,0,7,13,10,10,8,19,25,11,13,23,41,68,96,117,123,116,83,60,25,14,11,6
0,0,2,14,17,13,12,13,13,5,7,50,55,108,177,128,125,124,110,55,29,14,8,0
0,0,3,9,11,12,11,13,8,10,39,43,50,61,135,118,129,122,108,62,39,13,9,2
5,9,0,0,1,5,5,11,13,6,0,10,24,18,54,70,108,121,106,85,57,13,0,0
7,12,6,0,0,3,11,14,14,13,11,12,10,7,14,52,84,123,122,89,69,5,0,0
0,10,4,7,5,10,9,13,14,18,12,12,10,2,11,49,56,119,117,86,73,5,0,0
1,0,10,13,10,0,6,12,14,16,11,12,14,8,16,50,53,77,85,75,63,10,0,0
0,6,1,11,6,0,5,7,9,17,14,13,12,11,14,14,43,67,94,80,48,0,0,0
7,0,6,8,9,5,9,12,14,25,13,15,20,11,14,10,12,43,59,63,64,0,0,0
0,0,2,6,0,10,13,14,35,17,11,14,21,13,11,34,14,48,52,64,60,13,0,0
0,0,0,6,10,10,10,14,6,12,8,11,12,14,10,13,14,22,46,51,57,31,0,0
12,7,9,9,8,11,6,11,13,8,8,8,4,6,3,7,13,16,30,50,54,40,5,0
2,7,14,13,1,3,2,7,6,11,0,2,14,9,5,0,0,8,13,51,57,51,11,0
6,10,4,6,9,9,8,0,3,9,13,11,0,4,8,9,12,11,12,23,50,36,13,0

52,23,10,0,2,13,45,50,38,4,2,6,9,7,69,103,76,57,14,0,1,0,0,6
56,14,7,0,3,39,101,68,51,17,11,11,6,15,62,109,79,75,51,7,0,0,5,10
38,14,12,0,13,107,94,53,57,20,12,69,74,95,90,111,105,97,57,9,5,0,3,8
11,10,9,4,12,44,32,51,51,62,16,55,108,126,128,123,121,93,65,9,8,12,6,11
0,12,4,2,14,27,12,29,50,54,54,88,122,137,145,126,107,80,66,14,11,14,0,0
8,0,3,0,15,19,28,37,48,53,83,133,208,229,179,138,92,71,62,46,34,22,13,2
50,50,13,10,1,0,13,22,70,93,118,202,326,307,243,175,105,73,56,32,38,14,14,13
38,23,18,10,0,59,70,69,86,89,95,144,273,284,328,237,131,93,68,44,51,43,4,0
9,8,12,1,0,41,70,87,97,99,95,127,203,227,260,230,141,92,78,54,53,47,12,10
9,7,4,8,0,14,63,81,105,132,136,176,286,291,301,269,174,120,86,55,48,50,50,14
1,0,2,4,0,18,13,72,103,142,156,151,259,299,322,335,229,138,90,62,52,45,24,11
3,3,0,0,0,1,13,72,105,130,152,134,173,239,281,274,202,138,100,77,65,56,23,9
1,0,0,0,0,0,0,53,100,120,138,145,166,184,197,188,156,127,115,105,92,73,45,2
7,4,0,0,4,0,0,29,85,110,118,129,142,152,146,141,140,125,111,89,101,74,33,11
0,0,9,8,0,7,0,1,14,92,107,110,109,111,92,117,134,113,80,69,105,86,59,10
0,0,8,2,12,1,5,0,9,45,79,90,83,86,95,120,124,95,115,103,111,58,51,10
0,0,0,0,0,6,11,12,11,48,59,77,84,104,99,98,123,116,121,107,106,54,38,11
1,7,5,10,3,3,7,12,21,27,53,65,83,117,100,88,103,96,126,127,117,50,39,14
3,5,11,8,1,5,3,1,1,1,8,27,105,110,85,90,156,219,208,172,133,113,97,13
10,8,7,7,7,10,5,3,12,20,8,14,90,101,102,128,184,202,264,172,139,107,59,19
4,9,8,5,3,8,13,19,13,10,70,94,103,108,107,131,202,238,213,144,130,108,61,33
0,0,0,6,13,10,13,22,14,19,15,51,65,101,156,203,230,232,215,176,138,115,87,24
11,4,0,0,13,13,12,8,5,13,46,58,38,124,185,228,224,205,209,186,145,115,55,12
0,2,7,11,10,11,8,13,14,26,12,12,102,146,184,214,212,201,187,146,134,114,72,9
5,0,0,0,6,8,8,14,12,30,61,95,102,126,157,186,182,182,192,138,119,98,35,9
0,0,0,1,12,6,4,8,12,33,23,86,105,126,147,184,170,149,152,113,109,61,12,1
10,6,0,5,9,11,10,10,14,31,14,52,99,117,142,148,137,128,121,104,104,51,11,0
8,4,9,8,7,4,12,11,17,46,20,54,101,120,145,157,137,141,117,107,100,39,7,0
9,13,8,11,9,13,12,14,20,14,14,14,61,104,118,135,148,146,121,108,84,13,2,0
3,0,10,10,10,16,16,14,28,13,8,35,53,97,123,128,137,118,105,103,37,10,7,0
0,0,7,13,10,10,8,19,24,12,13,22,41,68,96,117,123,116,83,60,25,14,11,6
0,0,2,14,17,13,12,13,13,5,7,50,55,108,177,128,125,124,110,55,30,14,8,0
0,0,3,10,11,12,11,13,8,10,40,42,50,61,135,118,130,122,108,62,39,13,9,2
5,9,0,0,1,5,5,11,13,6,0,11,25,19,54,70,109,121,106,85,57,13,0,0
6,12,6,0,0,3,11,14,14,13,11,12,10,7,14,52,84,123,122,89,69,5,0,0
0,10,4,7,5,10,9,13,14,18,12,11,10,2,10,47,56,119,117,85,73,5,0,0
1,0,10,13,10,0,6,12,14,16,11,12,14,8,16,50,53,77,85,75,62,9,0,0
0,6,1,11,6,0,5,7,9,16,14,13,12,11,14,14,42,67,95,80,47,0,0,0
7,0,6,8,9,5,9,12,14,23,13,15,20,10,14,10,12,46,59,63,64,0,0,0
0,0,2,6,0,10,13,14,35,17,11,14,21,13,11,34,14,50,52,64,60,13,0,0
0,0,0,6,10,10,10,14,6,12,8,11,12,14,9,13,14,20,46,51,57,31,0,0
12,8,9,9,9,11,6,11,13,8,8,8,4,6,3,7,13,16,31,50,54,40,5,0
2,7,14,12,1,3,2,7,6,11,0,2,14,9,5,0,0,8,13,51,57,51,12,0
6,10,4,6,9,9,8,0,3,9,13,11,0,4,8,9,12,11,12,23,50,38,13,0

52,23,10,0,2,13,45,50,39,4,2,7,9,7,69,103,75,57,14,0,1,0,0,6
56,14,7,0,4,41,101,69,51,15,11,11,6,16,62,109,79,75,51,7,0,0,5,10
38,14,12,0,13,109,95,53,57,18,12,68,74,95,90,110,105,97,56,9,5,0,3,8
11,11,10,5,12,45,33,51,50,61,14,55,108,126,127,123,120,92,65,9,8,12,6,11
0,12,4,2,14,27,12,28,48,52,54,88,122,137,145,126,106,80,65,14,11,14,0,0
8,0,3,1,15,18,28,37,46,52,82,133,211,232,180,137,92,71,62,45,34,22,13,3
50,50,13,10,1,0,12,21,70,92,117,204,328,309,244,174,104,73,56,32,38,14,14,13
39,23,17,10,0,58,70,69,86,88,95,142,270,282,326,234,129,93,68,46,51,44,4,0
9,8,12,1,0,40,70,86,97,98,95,126,198,223,257,227,140,92,78,54,53,44,12,10
9,7,4,8,0,14,62,81,105,130,134,175,280,285,296,269,173,120,86,56,47,50,50,14
1,0,2,4,0,18,13,72,103,140,153,150,259,298,322,336,231,139,91,62,52,45,23,11
3,3,0,0,0,1,13,72,105,130,152,136,177,242,285,280,205,140,101,78,65,56,23,9
1,0,0,0,0,0,0,54,101,121,139,147,169,188,199,192,159,128,116,105,94,72,45,2
7,4,0,0,4,1,0,31,88,110,118,130,144,155,148,144,142,126,111,90,101,77,34,11
0,0,9,8,0,7,0,1,16,96,108,111,111,113,94,119,136,114,80,69,105,87,59,10
0,0,8,2,12,1,5,0,9,50,80,92,84,87,96,121,124,96,115,103,111,59,51,10
0,0,0,0,0,6,11,12,11,50,60,78,85,105,100,99,123,115,121,108,107,54,38,11
1,7,5,10,3,3,7,12,21,28,54,65,84,118,100,88,103,95,125,127,117,51,39,14
3,5,11,8,1,5,3,1,1,0,9,31,105,110,85,90,153,214,204,171,133,113,100,13
10,8,8,7,7,10,5,3,12,16,8,17,91,101,102,128,183,198,260,172,139,107,60,20
4,9,8,5,3,8,13,20,12,10,69,88,102,108,106,131,200,235,211,144,131,109,63,35
0,0,0,6,13,11,13,22,14,19,14,49,65,101,155,201,229,231,214,176,139,115,89,26
11,4,0,0,13,13,12,8,5,13,46,57,38,123,184,227,224,204,209,185,145,115,55,12
0,2,7,11,10,10,8,13,14,24,12,12,102,145,183,213,211,200,187,146,134,114,74,9
5,0,0,0,6,8,8,14,12,33,60,91,102,126,156,185,182,182,192,138,120,98,35,9
0,0,0,1,12,6,4,8,12,32,22,86,105,126,146,183,169,149,152,113,110,62,13,1
10,6,0,5,9,11,10,10,14,31,14,52,98,117,142,148,137,128,121,104,105,52,12,0
8,4,9,8,7,4,12,11,16,46,19,54,101,119,145,157,137,141,117,107,100,40,8,0
9,13,8,11,9,13,12,14,19,14,14,14,61,104,117,135,147,146,121,108,84,13,2,0
3,0,10,10,10,16,16,14,28,13,8,34,53,97,123,128,136,118,105,103,40,10,7,0
0,0,7,13,10,10,8,19,24,12,13,22,41,69,95,116,123,116,84,60,24,14,11,6
0,0,2,14,17,13,12,13,13,5,7,50,55,108,177,128,124,124,110,55,30,14,8,0
0,0,3,10,11,12,11,13,8,10,39,43,50,61,135,117,129,122,108,62,39,13,9,2
5,9,0,0,1,5,5,11,13,6,0,11,24,19,54,70,108,121,106,85,57,13,0,0
6,12,6,0,0,3,11,14,14,13,11,12,10,7,14,52,84,123,122,89,69,5,0,0
0,10,4,7,5,10,9,13,14,18,12,11,10,2,10,48,56,119,117,86,73,4,0,0
1,0,10,13,10,0,6,12,14,16,11,12,14,8,16,50,53,77,85,75,62,10,0,0
0,6,1,11,6,0,5,7,9,16,14,13,12,11,14,14,43,67,95,80,48,0,0,0
7,0,6,8,9,6,9,12,14,23,13,15,21,10,14,10,12,43,59,63,64,0,0,0
0,0,2,6,0,10,13,14,35,16,11,14,21,13,11,34,14,48,52,64,60,13,0,0
0,0,0,6,10,10,10,14,6,12,8,11,12,14,10,13,14,22,46,51,57,32,0,0
12,7,9,9,9,11,6,11,13,8,8,8,4,6,3,7,13,17,31,50,54,41,5,0
2,7,14,12,1,3,2,7,6,11,0,2,14,9,5,0,0,8,13,51,58,51,12,0
6,10,4,6,9,9,8,0,3,9,13,11,0,4,8,9,12,11,12,25,50,37,13,0
