0,0,0,0,0,0,0,0,0,0,1,0,0,0,0,0,0,0,0,0,0,0,0,0
0,0,0,0,0,0,0,0,0,0,0,0,0,0,0,0,0,0,0,0,0,0,0,0
0,0,0,0,0,6,0,0,0,0,5,10,0,0,0,0,0,0,0,0,0,0,0,0
0,0,0,0,0,0,5,0,52,87,100,106,82,22,23,21,21,3,9,0,0,0,0,0
0,0,0,0,0,53,18,58,107,106,113,106,118,98,93,74,71,53,13,12,0,1,0,0
0,9,33,26,55,72,89,103,119,132,134,156,173,161,156,144,120,104,69,51,21,0,0,0
1,10,52,60,79,84,105,130,137,148,176,183,196,185,189,185,121,122,87,70,47,9,0,0
0,10,61,71,97,102,117,146,155,167,176,183,173,197,223,193,144,118,101,72,56,35,0,3
12,53,65,67,88,101,114,154,177,180,175,172,191,213,206,198,163,124,102,60,52,12,1,0
6,46,58,57,71,104,117,150,169,178,204,216,241,268,232,204,177,130,73,54,56,38,9,4
7,42,54,45,54,69,102,147,180,180,189,178,177,195,181,163,137,111,65,43,26,48,10,1
12,54,57,14,50,56,70,128,148,159,190,179,170,212,196,171,127,84,40,10,9,5,5,6
8,41,14,22,8,54,71,108,133,158,172,188,184,188,181,159,125,60,54,38,13,0,15,13
5,10,14,11,10,10,44,109,120,137,154,148,145,163,168,145,117,96,7,0,0,0,6,9
3,10,13,4,1,8,21,101,84,82,109,122,125,134,144,127,103,78,12,0,0,0,7,3
9,10,12,0,0,13,17,86,78,78,87,93,105,124,123,107,86,97,38,0,0,0,0,0
10,9,4,0,0,10,66,86,69,78,99,83,97,80,83,88,72,68,66,24,5,0,0,2
6,1,4,9,12,31,45,67,85,100,133,112,86,103,111,116,96,61,45,26,22,8,11,3
0,0,0,4,5,29,81,110,113,146,153,156,149,115,128,148,128,104,69,50,23,11,6,9
4,11,9,3,11,66,80,142,164,176,200,215,214,190,202,208,180,135,117,107,49,13,10,12
7,12,18,15,18,52,117,160,165,194,242,239,241,233,245,222,195,161,127,100,21,11,12,1
10,7,11,32,50,100,133,180,229,258,274,286,242,270,275,258,217,185,134,98,44,16,8,0
11,16,13,26,34,104,131,180,216,248,275,260,196,230,243,234,208,177,128,113,85,23,16,12
5,10,6,8,54,102,130,154,190,214,224,212,154,200,221,204,188,158,126,108,73,14,10,1
9,12,9,0,52,100,111,139,160,164,172,141,115,138,164,177,160,141,124,92,49,15,13,7
10,11,9,13,46,100,108,123,128,128,121,106,101,106,122,128,127,117,117,107,58,12,0,7
0,2,8,9,21,72,100,104,115,109,110,75,67,75,106,109,106,107,102,83,33,13,9,0
0,9,10,8,14,85,100,73,102,105,108,100,34,57,91,103,106,106,101,57,50,14,12,4
0,0,0,5,20,68,91,100,96,74,89,60,43,27,75,100,105,103,67,53,30,33,14,0
0,0,0,10,2,47,62,77,97,93,68,48,23,20,39,55,60,59,55,50,34,16,13,11
0,6,7,10,6,32,54,58,60,61,56,30,11,10,9,44,58,52,58,47,14,7,4,5
0,0,0,3,8,12,53,54,59,60,14,9,0,1,12,50,52,55,47,33,14,8,0,0
1,0,0,0,0,6,38,52,54,28,3,0,0,0,2,12,38,40,33,26,12,0,0,0
0,0,0,0,0,0,13,25,12,5,0,0,0,0,4,11,13,29,23,4,0,6,4,0
0,0,0,0,0,0,6,6,6,9,8,2,3,0,11,22,31,27,17,13,7,7,0,2
0,0,0,0,0,2,13,26,49,22,10,10,0,10,14,39,47,53,58,17,5,12,9,0
0,0,0,0,2,13,29,53,56,50,27,13,11,9,18,30,56,58,57,40,12,11,2,0
0,0,0,10,10,14,51,52,53,53,45,13,14,17,38,56,71,63,58,27,13,6,2,0
0,0,0,0,0,11,50,54,57,57,54,34,28,12,53,65,91,73,68,52,14,11,4,0
0,0,0,0,9,11,51,58,71,68,47,51,47,27,55,64,101,79,94,56,21,13,1,3
0,0,0,9,11,13,50,58,63,64,55,52,50,51,63,66,73,88,58,50,13,7,8,0
3,7,0,0,11,14,33,55,64,62,56,52,50,18,53,55,83,73,62,21,12,11,4,1
0,7,0,0,6,13,11,50,57,68,58,52,43,26,27,55,64,74,51,16,10,7,7,0
0,0,0,0,9,10,11,14,60,60,50,27,15,14,13,46,55,53,23,9,6,0,0,6

0,0,0,0,0,0,0,0,0,0,0,0,0,0,0,0,0,0,0,0,0,0,0,0
0,0,0,0,0,0,0,0,0,0,0,0,0,0,0,0,0,0,0,0,0,0,0,0
0,0,0,0,0,7,0,0,0,1,5,10,0,0,0,0,0,0,0,0,0,0,0,0
0,0,0,1,0,0,6,0,55,90,101,107,83,24,29,24,22,4,9,0,0,0,0,0
0,0,0,1,0,53,27,58,108,107,116,108,120,100,94,74,71,53,14,13,0,2,0,0
0,9,35,30,55,72,90,104,122,137,140,165,181,168,161,146,121,104,70,52,21,1,0,0
1,10,52,60,80,85,106,132,140,153,182,189,203,190,194,188,122,123,87,71,48,9,0,0
0,10,62,71,98,102,118,147,157,171,180,187,177,202,227,194,145,118,102,72,57,37,0,3
12,53,65,67,88,100,114,154,178,181,178,175,193,216,209,199,163,124,102,60,52,13,2,0
6,48,58,57,71,104,116,149,169,179,207,219,242,271,232,204,178,130,73,55,56,42,9,4
7,43,54,46,54,69,102,146,177,180,191,179,178,195,180,161,137,111,66,46,32,50,10,1
12,55,57,15,50,56,69,127,148,158,191,181,171,212,194,169,126,84,41,10,10,6,5,6
9,45,19,24,8,54,71,108,132,158,173,188,184,187,179,157,125,60,54,39,13,0,16,13
6,11,17,12,9,10,43,109,119,136,153,147,144,160,165,143,116,96,6,0,0,0,6,9
3,9,13,3,0,8,19,100,83,81,106,119,123,131,140,126,102,77,13,0,0,0,7,3
9,10,12,0,0,13,17,85,77,77,85,90,103,121,120,106,86,97,38,0,0,0,0,0
9,9,4,0,0,10,67,86,68,77,97,81,94,79,82,87,72,68,65,24,4,0,0,3
6,1,4,9,12,31,45,66,84,98,130,109,83,100,109,114,94,61,45,26,22,8,11,3
0,0,0,4,4,26,80,109,113,146,151,153,147,113,127,147,127,104,69,49,23,11,6,9
4,11,9,3,10,66,79,142,163,176,198,213,212,189,201,207,180,134,117,107,48,13,10,12
7,12,17,15,18,52,117,159,165,194,242,239,240,232,245,222,194,161,127,100,21,11,12,1
10,7,11,31,50,100,134,181,230,259,275,287,244,271,276,258,218,185,134,98,44,16,8,0
11,16,13,26,34,104,132,181,217,249,276,261,197,231,244,235,208,178,128,113,86,23,17,12
5,10,6,8,54,102,130,155,191,215,225,215,156,202,222,205,189,158,126,108,73,14,10,1
9,12,9,0,53,100,111,139,161,165,173,142,115,139,165,178,161,141,124,92,49,16,13,7
10,11,9,13,44,100,108,123,128,128,121,106,101,106,123,129,127,117,117,107,58,12,0,7
0,2,8,9,23,73,100,104,115,109,111,75,67,76,106,110,106,107,102,83,34,13,9,0
0,9,10,8,14,86,100,73,102,105,108,100,37,56,90,103,106,106,101,57,51,14,12,4
0,0,0,5,20,68,91,100,96,74,89,60,44,27,75,100,105,103,67,54,30,33,14,0
0,0,0,10,2,48,62,77,97,94,68,48,23,20,39,55,59,59,56,50,35,17,13,11
0,6,7,10,6,32,54,58,60,61,56,30,11,10,9,44,58,52,58,48,14,7,5,5
0,0,0,3,8,12,53,54,59,60,14,9,0,1,12,50,52,55,47,33,14,8,0,0
1,0,0,0,0,6,38,53,54,29,3,0,0,0,2,12,38,40,33,27,12,0,0,0
0,0,0,0,0,0,13,26,12,5,0,0,0,0,4,11,13,29,23,4,0,6,4,0
0,0,0,0,0,0,6,7,7,9,8,2,3,0,11,22,33,28,17,13,7,7,0,2
0,0,0,0,0,2,13,28,50,24,11,10,0,10,14,41,48,53,59,18,5,12,9,0
0,0,0,1,2,13,31,53,56,50,28,13,11,9,19,30,56,58,57,40,12,11,2,0
0,0,0,10,10,14,51,53,53,53,46,13,14,17,39,56,71,63,58,27,13,6,2,0
0,0,0,0,0,11,50,54,57,57,54,34,29,12,53,65,91,72,68,52,14,11,4,0
0,0,0,0,9,11,51,58,71,68,47,51,47,27,55,64,100,79,94,56,20,13,1,3
0,0,0,9,11,13,50,58,63,64,55,52,50,51,63,66,73,88,58,46,13,7,8,0
3,7,0,0,10,14,33,55,64,62,56,52,50,20,52,55,83,73,62,20,12,11,4,1
0,7,0,0,6,13,11,50,57,68,58,52,43,27,27,55,64,74,51,17,10,7,7,0
0,0,0,0,9,10,10,14,60,60,50,28,15,14,13,45,54,53,22,9,6,0,0,6

0,0,0,0,0,0,0,0,9,9,50,58,5,0,0,0,0,0,0,0,0,0,0,0
0,0,0,0,0,0,0,0,0,1,50,11,0,0,0,0,0,0,0,0,0,0,0,0
0,0,0,0,0,4,0,0,0,11,31,58,0,0,0,0,0,0,0,0,0,0,0,0
0,0,0,1,0,0,4,0,61,103,105,114,104,52,51,28,32,2,10,0,0,0,0,0
0,0,0,1,0,53,36,59,110,111,120,114,125,105,100,76,74,58,16,13,0,1,0,0
0,9,33,30,55,72,91,107,125,139,140,166,183,169,165,149,124,106,70,52,21,0,0,0
1,10,53,61,80,85,107,133,141,150,179,185,198,185,192,190,125,125,88,71,50,9,0,0
0,11,62,72,98,102,118,147,154,165,174,181,170,190,216,195,148,120,103,73,58,39,0,2
11,54,65,68,89,100,113,151,173,175,171,168,186,204,198,198,166,126,104,61,54,14,2,0
5,50,59,58,72,104,115,146,162,174,199,211,234,256,223,199,176,130,74,55,62,51,10,3
9,48,56,51,54,69,100,142,171,174,185,174,173,190,174,155,133,110,65,51,55,54,11,1
14,60,65,51,51,55,68,125,146,154,186,175,165,203,189,165,124,82,34,12,51,15,8,7
11,60,93,55,7,54,69,107,131,155,168,183,178,181,175,154,124,59,53,36,34,11,22,11
12,68,101,43,7,9,39,109,118,135,150,144,142,155,162,142,115,94,6,0,0,13,9,8
9,86,98,3,0,8,14,100,82,80,106,118,122,130,140,125,102,76,12,0,0,2,10,2
10,46,51,0,0,12,13,84,76,77,84,90,102,120,120,105,86,98,34,0,0,1,0,0
8,8,5,0,0,11,63,84,68,77,97,81,94,78,81,87,72,68,66,14,3,0,0,0
4,0,2,7,10,32,44,65,83,98,131,110,84,100,108,114,94,61,45,26,19,6,8,1
0,0,0,2,5,20,79,109,112,146,151,154,148,113,127,147,128,105,69,49,24,11,5,8
3,10,8,2,10,66,80,142,164,177,199,215,214,190,202,208,180,135,117,107,48,13,10,12
6,12,17,16,18,52,117,160,166,194,243,240,243,234,245,223,195,161,127,100,21,12,12,1
9,7,10,31,51,100,133,181,231,260,275,288,245,272,277,259,218,185,135,99,44,16,8,0
11,17,13,26,34,104,132,181,218,250,277,262,197,231,245,235,209,179,128,113,86,23,17,12
5,9,6,8,53,102,130,155,191,216,226,214,155,201,222,205,189,159,126,108,73,14,10,1
9,12,9,0,52,100,111,139,161,165,173,142,115,138,165,178,161,141,124,92,50,16,13,7
10,11,9,13,44,100,108,123,128,128,121,106,101,106,123,129,127,117,117,107,58,12,0,7
0,2,8,9,23,73,100,104,115,109,111,76,67,76,106,109,106,107,102,84,35,13,9,0
0,9,10,8,14,86,100,73,102,105,108,100,39,56,90,103,106,106,101,57,50,14,12,3
0,0,0,5,20,68,91,100,96,74,90,61,46,25,75,100,105,103,67,54,31,34,15,0
0,0,0,10,2,47,62,77,97,94,68,49,23,20,39,55,60,59,56,50,35,17,13,11
0,6,7,10,6,32,54,58,60,61,56,30,11,10,9,44,58,52,58,48,14,7,5,5
0,0,0,3,8,12,53,54,59,60,14,9,1,1,13,50,52,55,47,33,14,8,0,0
1,0,0,0,0,7,40,52,54,30,4,0,0,0,2,12,39,40,33,27,12,0,0,0
0,0,0,0,0,0,14,27,12,6,0,0,0,0,4,11,13,30,24,4,0,6,4,0
0,0,0,0,0,0,7,7,7,9,8,2,3,0,11,22,33,29,18,13,7,7,0,2
0,0,0,0,0,2,13,28,50,25,11,10,0,10,14,40,48,53,58,18,5,12,9,0
0,0,0,1,2,13,34,53,56,50,28,13,12,9,19,30,56,58,57,40,12,11,3,0
0,0,0,10,10,14,51,53,53,53,47,13,14,17,39,56,71,63,58,27,13,7,2,0
0,0,0,0,0,11,50,54,57,57,54,35,29,12,53,65,91,73,68,52,14,11,5,0
0,0,0,0,9,11,51,58,71,68,47,51,47,27,55,64,101,79,94,56,21,13,1,3
0,0,0,9,11,13,50,58,63,64,55,52,51,51,63,66,73,88,58,47,13,7,8,0
3,7,0,0,10,14,32,56,64,62,56,52,51,18,53,55,83,73,62,21,12,11,4,1
0,7,0,0,6,13,11,50,57,68,58,52,44,25,27,55,64,73,51,17,10,7,7,0
0,0,0,0,9,9,11,14,60,60,50,27,15,14,13,44,55,53,22,9,6,0,0,6

0,0,0,0,0,0,0,0,12,50,62,78,56,0,0,0,0,0,0,0,0,0,0,0
0,0,0,0,0,0,0,0,0,12,57,48,0,0,0,0,0,0,0,0,0,0,0,0
0,0,0,0,0,0,0,0,0,13,23,53,0,0,0,0,0,0,0,0,0,0,0,0
0,0,0,0,0,0,0,0,13,101,103,111,101,25,14,12,13,0,9,0,0,0,0,0
0,0,0,0,0,24,8,51,106,108,115,109,121,101,95,73,69,42,10,11,0,2,0,0
0,5,14,13,41,66,80,97,117,128,129,147,167,153,150,135,113,101,68,50,20,0,0,0
0,8,47,54,71,78,98,123,131,139,165,166,180,169,177,176,119,123,89,73,51,8,0,0
0,10,62,71,94,100,112,140,144,154,162,166,152,171,199,186,144,121,106,75,61,48,0,3
11,54,66,68,87,99,112,148,166,166,161,157,173,190,190,194,164,129,107,62,59,46,6,0
6,51,61,58,71,104,113,144,157,164,190,198,218,240,215,195,175,132,75,57,70,55,13,5
11,50,58,53,55,69,97,139,165,167,177,165,165,183,170,153,133,110,65,53,61,57,12,3
23,59,68,63,50,54,68,123,144,150,179,168,158,195,185,163,124,82,27,14,65,23,11,11
13,55,92,79,8,52,69,107,131,153,163,177,171,176,172,152,123,58,51,34,43,20,20,9
21,51,96,64,8,8,29,109,118,135,149,143,140,151,160,141,115,92,5,0,2,13,9,7
7,52,82,25,4,3,14,100,83,81,107,119,121,129,140,125,102,76,9,0,5,5,12,1
13,39,51,39,0,2,12,84,77,77,85,91,103,120,120,105,86,97,25,0,0,12,10,0
7,12,50,13,1,14,63,86,68,77,98,82,95,79,81,87,72,68,65,14,7,6,47,14
0,14,38,11,10,32,43,66,84,99,132,111,85,101,109,114,94,60,44,12,13,10,28,26
0,11,58,6,2,13,79,109,113,146,152,156,149,114,127,147,127,104,68,44,11,12,15,25
0,13,14,3,8,66,80,143,165,177,201,217,215,190,202,208,180,134,117,106,31,7,11,12
0,10,19,14,18,52,117,161,167,195,244,241,243,233,245,222,194,161,127,99,18,10,12,1
8,6,10,30,51,100,134,182,232,261,276,289,246,272,277,258,217,185,134,97,43,16,7,0
10,14,11,23,34,104,132,182,219,251,278,262,198,231,244,235,208,177,128,113,83,22,14,11
8,39,12,6,52,102,131,156,192,217,226,215,156,201,222,204,188,158,126,108,65,14,12,7
14,76,12,0,50,100,111,139,162,165,173,142,115,138,164,177,160,141,124,91,48,13,13,10
9,12,10,12,42,100,108,123,129,128,121,106,101,106,122,128,126,117,117,107,57,11,0,7
0,1,6,9,25,73,101,104,115,110,111,76,68,77,106,109,106,107,102,83,33,13,9,0
0,9,9,8,14,88,100,73,102,105,108,100,36,56,91,103,106,106,101,57,50,14,12,3
0,0,0,5,21,69,91,100,96,74,90,61,46,26,75,100,105,103,67,53,30,33,14,0
0,0,0,11,3,50,62,77,97,94,68,48,24,20,39,55,59,59,55,50,34,16,13,11
0,5,7,10,6,33,54,58,60,61,56,30,11,10,9,45,58,52,58,47,14,7,4,4
0,0,0,3,8,12,53,54,59,61,14,9,0,1,12,50,52,55,47,33,14,8,0,0
1,0,0,0,0,7,42,53,54,30,4,0,0,0,2,12,38,41,33,26,12,1,0,0
0,0,0,0,0,0,14,27,12,6,0,0,0,0,4,11,13,30,23,4,0,6,4,0
0,0,0,0,0,0,7,8,7,9,8,2,3,0,11,22,33,28,18,13,7,7,0,2
0,0,0,0,0,2,14,30,50,25,11,10,0,10,14,40,48,53,58,17,5,12,9,0
0,0,0,1,2,13,34,53,56,50,28,13,12,9,19,30,56,58,57,40,12,11,2,0
0,0,0,10,10,14,51,53,53,53,46,13,14,18,38,56,71,63,58,27,13,6,2,0
0,0,0,0,0,12,50,54,57,57,54,35,29,12,53,65,91,73,68,52,14,11,5,0
0,0,0,0,9,11,51,58,71,68,47,51,48,27,55,64,100,78,94,56,20,13,1,3
0,0,0,9,11,13,50,58,63,63,55,52,50,51,63,66,72,88,58,47,13,7,8,0
3,7,0,0,10,14,33,56,63,62,56,52,50,18,53,55,82,73,62,21,12,11,4,1
0,7,0,0,6,13,11,50,56,67,58,52,40,26,27,55,64,73,51,17,10,8,7,0
0,0,0,0,9,10,11,14,60,60,50,27,14,14,13,44,54,53,23,9,6,0,0,6

0,0,0,0,0,0,0,4,13,54,64,83,61,2,0,0,0,0,0,0,0,0,0,0
0,0,0,0,0,0,0,0,0,25,61,53,2,0,0,0,0,0,0,0,0,0,0,0
0,0,0,0,0,0,0,0,0,14,36,55,0,0,0,0,0,0,0,0,0,0,0,0
0,0,0,0,0,0,0,0,13,102,103,112,100,26,13,10,13,0,8,0,0,0,0,0
0,0,0,0,0,29,9,52,107,107,115,109,120,100,94,72,68,39,9,11,0,0,0,0
0,6,16,13,47,66,81,97,117,126,127,145,165,152,150,133,110,99,67,50,19,0,0,0
0,8,50,57,73,79,98,123,131,139,163,165,180,171,176,172,116,120,86,72,52,9,0,0
0,11,63,73,96,100,113,140,143,152,162,166,154,172,197,183,141,118,104,74,60,50,0,3
11,54,66,69,88,99,111,147,163,161,158,156,172,187,186,190,159,125,105,61,59,50,6,0
6,51,61,58,71,103,111,141,153,158,184,195,214,233,208,190,168,128,73,57,69,56,13,5
10,49,59,55,54,68,96,138,161,162,173,162,163,179,166,150,129,108,65,53,61,57,13,2
14,57,68,68,50,52,67,122,143,149,176,165,155,192,182,161,122,81,27,17,65,31,11,10
10,53,90,85,8,50,68,107,130,151,162,175,169,175,171,151,123,58,51,37,46,29,19,9
11,54,98,66,7,8,29,109,118,135,150,143,140,152,162,142,115,94,8,0,3,46,12,5
1,47,89,14,4,5,14,100,83,81,108,119,122,130,141,126,102,75,10,0,7,13,37,10
13,50,54,42,0,4,13,85,77,78,86,92,103,122,121,106,87,99,34,0,0,14,30,9
10,14,52,12,1,14,64,86,69,78,99,83,96,79,82,88,72,69,66,22,9,7,52,48
2,24,39,9,12,33,43,66,85,100,133,112,86,103,110,115,95,61,45,14,17,11,26,30
0,38,52,5,4,14,80,109,113,147,153,156,150,115,128,148,128,104,68,45,13,13,14,29
1,13,11,3,8,65,80,143,165,177,201,217,216,191,203,208,180,134,116,106,36,9,12,14
0,11,18,14,17,52,117,161,166,195,244,240,243,234,245,222,195,161,127,99,19,10,13,2
9,6,10,27,50,100,134,181,231,261,275,288,244,272,276,258,218,185,134,97,43,16,7,0
10,14,10,22,33,104,132,181,218,250,277,261,197,231,244,235,208,178,128,113,84,22,14,11
9,50,12,6,51,102,130,155,191,216,226,214,156,201,222,204,188,158,126,108,68,14,13,12
14,90,13,0,50,100,111,139,161,165,173,142,115,138,164,178,160,141,124,92,48,13,14,12
10,13,11,12,42,100,108,123,129,128,121,106,101,106,122,128,127,117,117,107,57,11,0,6
0,1,5,8,23,73,100,104,115,109,111,75,68,76,106,109,106,107,102,82,33,13,9,0
0,9,9,8,15,87,100,73,102,105,108,100,35,56,90,103,106,106,101,57,50,14,12,3
0,0,0,5,24,69,92,100,97,74,90,61,47,27,75,101,105,103,67,53,30,33,14,0
0,0,0,10,3,50,62,77,97,95,68,49,23,20,39,55,59,59,55,50,34,16,13,11
0,5,7,10,6,33,54,58,60,61,56,30,11,10,9,44,58,52,58,47,14,7,4,4
0,0,0,4,8,12,53,54,59,61,14,9,0,1,13,50,52,55,47,33,14,8,0,0
1,0,0,0,0,7,42,53,54,31,3,0,0,0,2,12,38,40,33,27,12,1,0,0
0,0,0,0,0,0,15,27,13,6,0,0,0,0,4,11,14,30,23,4,0,6,4,0
0,0,0,0,0,0,8,8,8,9,8,2,3,0,11,22,33,30,18,13,7,7,0,2
0,0,0,0,0,3,14,32,50,26,11,10,0,10,14,40,48,53,59,19,5,12,9,0
0,0,0,1,3,13,34,53,56,50,30,13,12,9,19,30,56,58,57,41,12,11,3,0
0,0,0,10,11,14,51,53,53,53,47,13,16,18,39,56,71,63,58,27,13,7,3,0
0,0,0,0,0,12,50,54,57,57,54,35,29,12,53,65,91,72,68,52,14,11,5,0
0,0,0,0,9,11,51,58,71,68,47,51,46,28,55,63,100,78,94,56,21,13,2,3
0,0,0,9,11,13,50,58,63,63,55,52,50,51,63,65,72,87,58,46,13,7,8,0
3,7,0,0,10,14,33,55,63,62,56,52,50,18,52,55,82,72,61,21,12,11,4,1
0,7,0,0,6,13,11,50,56,67,58,52,40,25,27,55,64,73,51,17,10,7,7,0
0,0,0,0,9,9,10,14,60,60,50,27,14,14,13,43,54,53,22,9,6,0,0,6

0,0,0,0,0,0,0,4,13,55,65,83,61,3,0,0,0,0,0,0,0,0,0,0
0,0,0,0,0,0,0,0,0,28,61,53,2,0,0,0,0,0,0,0,0,0,0,0
0,0,0,0,0,0,0,0,0,14,30,54,0,0,0,0,0,0,0,0,0,0,0,0
0,0,0,0,0,0,0,0,12,101,103,111,100,20,12,9,12,0,8,0,0,0,0,0
0,0,0,0,0,23,8,52,106,107,113,107,119,99,93,72,68,36,8,11,0,0,0,0
0,5,14,13,40,65,80,96,116,124,123,141,161,149,147,131,110,99,68,50,20,0,0,0
0,7,44,54,72,78,97,122,130,137,160,160,175,166,173,170,115,120,87,73,52,9,0,0
0,9,62,72,95,100,111,138,141,150,159,163,150,167,194,181,140,118,104,74,61,50,0,3
11,54,66,69,88,98,109,144,161,159,155,153,169,183,185,188,157,124,105,62,59,51,7,0
6,52,61,58,70,102,109,139,152,157,181,192,209,229,206,189,168,128,73,57,69,57,14,5
11,51,59,55,54,67,94,136,161,162,171,159,160,177,166,150,130,108,65,53,61,58,13,3
17,59,69,68,50,52,66,122,144,149,176,164,153,192,182,161,123,81,29,18,66,43,12,11
11,57,97,92,11,46,66,107,130,151,162,175,170,175,171,152,123,58,52,40,49,35,25,10
14,61,101,75,11,9,24,109,118,135,150,144,141,154,162,142,115,94,9,0,6,60,40,7
6,69,103,66,8,8,14,100,83,82,109,120,123,132,142,126,102,76,11,0,9,27,53,13
14,54,58,66,0,0,13,85,77,78,87,93,104,123,122,106,87,99,40,0,0,21,38,11
11,30,55,25,2,21,65,87,69,78,100,84,98,80,83,88,73,69,67,27,9,8,53,49
4,27,40,11,13,35,43,66,85,100,134,114,87,105,112,117,97,61,45,14,19,12,28,28
0,18,58,6,4,14,81,110,114,147,154,158,152,116,129,149,129,104,69,45,13,14,16,26
1,12,12,3,8,65,80,143,165,178,202,218,217,192,204,210,181,135,117,106,36,9,12,13
0,8,17,14,17,52,117,161,166,194,244,240,243,234,245,223,195,162,127,100,19,10,12,2
8,5,9,30,50,100,134,181,231,260,275,288,244,271,276,259,218,185,135,98,44,16,7,0
10,13,11,23,34,104,132,181,218,250,277,261,197,231,244,235,208,178,128,113,85,22,14,11
3,12,11,6,51,102,131,155,191,215,226,214,156,201,221,205,189,158,126,108,70,17,14,11
11,50,11,0,50,100,112,139,161,165,172,142,115,138,164,178,160,141,124,92,48,14,17,14
8,12,12,13,42,100,108,123,129,128,121,106,101,106,122,128,127,117,117,107,57,12,0,7
0,0,6,9,24,73,100,104,115,109,110,76,68,75,106,109,106,107,102,83,34,13,9,0
0,9,10,8,16,86,100,73,102,105,108,100,39,57,90,103,106,106,101,57,50,14,12,4
0,0,0,5,24,69,92,100,97,74,90,61,46,27,76,100,105,103,67,53,30,33,14,0
0,0,0,11,3,50,62,77,97,95,69,50,23,20,39,55,59,59,56,50,34,16,13,11
0,5,7,10,6,34,55,58,60,61,56,30,11,10,9,44,58,52,58,48,14,7,4,5
0,0,0,4,8,12,53,54,59,61,14,10,0,1,13,50,52,55,47,33,14,8,0,0
1,0,0,0,0,7,43,53,54,30,3,0,0,0,2,12,38,40,33,27,12,1,0,0
0,0,0,0,0,0,16,28,13,6,0,0,0,0,4,11,14,30,24,4,0,6,4,0
0,0,0,0,0,0,8,8,8,9,8,2,3,0,11,22,33,30,19,13,7,7,0,2
0,0,0,0,0,3,14,32,50,26,11,10,0,10,14,40,48,53,59,19,5,13,9,0
0,0,0,1,3,13,36,53,56,50,28,13,12,9,18,30,57,58,57,41,12,11,2,0
0,0,0,10,11,14,52,53,53,53,47,13,15,19,38,56,72,63,58,27,13,7,3,0
0,0,0,0,0,12,50,54,57,57,54,35,30,12,53,65,90,72,68,52,14,11,5,0
0,0,0,0,9,12,51,58,71,68,47,51,47,27,55,64,100,78,94,56,22,13,2,3
0,0,0,9,11,13,50,58,63,63,55,52,51,51,63,66,72,87,58,47,13,7,8,0
3,7,0,0,11,14,33,56,63,62,56,52,51,19,53,55,82,72,61,21,12,11,4,1
0,7,0,0,6,13,11,50,57,67,58,52,43,25,27,55,64,73,51,16,10,7,7,0
0,0,0,0,9,10,11,14,60,60,50,27,14,14,13,44,54,53,23,9,6,0,0,6

0,0,0,0,0,0,0,4,13,55,65,84,61,4,0,0,0,0,0,0,0,0,0,0
0,0,0,0,0,0,0,0,0,35,61,53,3,0,0,0,0,0,0,0,0,0,0,0
0,0,0,0,0,0,0,0,0,16,34,54,0,0,0,0,0,0,0,0,0,0,0,0
0,0,0,0,0,0,0,0,12,102,103,112,100,31,13,8,12,0,8,0,0,0,0,0
0,0,0,0,0,24,9,51,107,108,114,109,120,100,93,71,67,36,8,10,0,0,0,0
0,6,16,13,46,66,80,96,117,126,126,143,163,151,147,130,109,98,67,51,20,0,0,0
0,8,50,57,74,78,96,121,130,139,162,160,177,168,172,169,114,120,86,72,53,9,0,0
0,11,63,73,96,100,111,138,141,150,159,162,149,167,195,180,139,118,104,74,61,52,0,3
11,54,66,69,88,98,109,144,161,158,153,151,167,183,185,188,157,124,105,62,60,53,8,0
7,53,62,58,70,102,109,138,150,154,179,189,206,229,206,190,169,129,74,58,69,58,16,6
11,51,59,56,55,68,94,135,156,157,168,156,159,177,164,149,130,108,65,54,61,58,14,3
22,60,70,70,52,53,67,121,142,147,173,161,151,190,180,159,122,80,31,23,67,50,14,12
13,58,99,98,12,50,66,106,129,149,161,174,168,173,169,149,122,58,52,43,53,43,33,11
18,62,101,77,12,9,26,108,117,134,148,141,138,149,157,140,114,92,10,1,10,67,53,8
7,73,103,70,10,10,14,100,82,80,105,117,119,126,137,124,102,75,12,0,12,39,60,15
16,54,59,69,0,0,13,84,76,77,84,89,102,118,118,105,86,98,41,0,0,31,41,12
12,34,55,32,2,22,65,86,68,77,98,82,95,77,81,88,72,69,66,26,9,11,54,43
5,28,41,12,13,36,43,66,84,99,132,111,85,101,109,115,95,61,45,15,21,12,29,26
0,20,60,6,4,14,80,109,113,147,153,156,149,114,128,148,128,104,68,44,13,14,19,21
2,12,13,4,9,66,80,143,166,179,203,218,217,192,205,210,181,135,117,106,37,9,13,13
0,9,17,14,18,52,117,162,168,197,246,243,246,237,248,225,196,162,127,100,19,10,13,2
9,5,10,31,50,100,134,183,234,264,279,294,251,278,280,262,220,187,135,99,44,17,7,0
10,14,11,23,34,104,133,183,221,254,281,265,200,234,247,238,211,180,129,113,84,23,15,11
2,12,11,7,52,102,131,157,193,219,229,218,158,204,225,208,191,160,127,108,69,17,14,10
10,44,11,0,51,100,112,140,163,167,175,143,116,139,166,180,162,142,124,92,49,14,18,14
8,12,12,13,44,100,108,123,129,129,122,106,101,106,123,129,127,117,118,107,58,12,0,7
0,0,6,9,27,74,100,104,115,110,111,76,68,77,106,110,106,107,102,83,34,13,10,0
0,9,10,8,18,87,100,73,102,105,108,100,36,56,90,103,106,106,101,57,50,14,12,4
0,0,0,6,24,69,92,100,97,75,90,61,45,25,75,101,105,103,67,53,30,33,15,0
0,0,0,11,3,50,62,78,98,95,69,50,23,20,38,55,60,59,56,50,35,17,13,11
0,5,7,10,6,33,55,58,60,61,56,30,11,10,9,44,58,52,58,48,14,7,5,5
0,0,0,4,9,12,54,54,59,61,14,9,0,1,12,50,53,55,47,33,14,8,0,0
1,0,0,0,0,7,44,53,54,30,3,0,0,0,2,13,39,41,33,27,12,1,0,0
0,0,0,0,0,1,18,30,13,6,0,0,0,0,5,11,14,31,25,4,0,6,4,0
0,0,0,0,0,0,8,9,8,10,9,2,3,0,12,23,34,31,20,14,7,7,0,2
0,0,0,0,0,3,14,35,50,27,12,11,0,10,14,41,48,53,59,19,5,13,9,0
0,0,0,2,3,13,38,54,56,50,30,13,12,9,19,30,57,58,57,41,12,11,2,0
0,0,0,11,11,14,51,53,53,53,50,13,17,19,40,57,72,63,58,27,13,7,3,0
0,0,0,0,0,12,50,55,57,57,54,35,30,12,53,65,91,72,68,52,14,11,5,0
0,0,0,0,9,12,51,58,71,68,47,51,47,27,55,64,100,78,94,56,21,13,2,3
0,0,0,9,11,13,50,58,63,64,55,52,51,51,63,66,72,87,58,47,13,7,7,0
3,7,0,0,10,14,32,56,64,62,56,52,51,18,52,55,82,72,61,21,12,11,4,1
0,7,0,0,6,13,11,50,56,67,58,52,40,26,27,55,64,73,51,16,10,8,7,0
0,0,0,0,9,9,11,14,60,60,50,27,14,14,13,44,55,53,22,9,6,0,0,6

0,0,0,0,0,0,0,3,14,60,69,88,66,8,0,0,0,0,0,0,0,0,0,0
0,0,0,0,0,0,0,0,0,50,66,61,8,0,0,0,0,0,0,0,0,0,0,0
0,0,0,0,0,0,0,0,1,33,54,64,0,0,0,0,0,0,0,0,0,0,0,0
0,0,0,0,0,0,0,0,12,104,103,115,102,44,8,0,2,0,6,0,0,0,0,0
0,0,0,0,0,13,7,51,106,107,115,110,121,101,93,69,66,29,7,10,0,0,0,0
0,7,17,13,48,65,79,95,116,125,125,142,163,150,145,128,108,97,67,50,20,0,0,0
0,9,51,58,74,78,95,120,128,137,162,161,177,168,172,168,114,120,86,72,53,9,0,0
0,11,63,73,96,100,111,137,140,148,158,162,148,167,196,180,139,118,104,74,61,52,0,3
11,54,66,69,88,98,109,143,161,158,152,150,166,183,187,189,157,124,104,62,60,53,8,0
7,53,62,59,71,103,109,137,149,154,179,189,208,231,208,192,170,129,74,58,69,58,16,6
12,51,60,56,55,68,95,134,153,155,168,157,159,178,165,150,130,108,65,54,61,59,14,3
22,60,70,70,52,53,66,120,141,145,172,161,152,190,180,160,122,80,30,24,67,50,14,12
13,58,99,98,12,50,66,106,128,149,160,173,167,173,169,148,122,57,52,44,54,44,34,11
19,63,101,77,12,9,22,108,116,133,147,140,137,148,156,138,113,91,9,2,10,67,53,8
7,73,103,70,10,10,14,100,81,79,103,116,118,125,136,123,101,74,12,0,11,38,59,15
17,54,59,69,0,0,13,83,76,77,83,88,101,116,116,104,86,96,39,0,0,32,42,12
12,37,55,34,2,21,63,84,68,77,96,81,93,76,79,87,72,68,65,20,10,11,54,44
6,29,41,13,13,36,43,65,83,98,130,109,82,98,106,112,94,60,44,15,21,12,29,27
0,23,61,7,4,14,78,109,112,146,151,154,147,113,126,147,127,103,68,44,13,14,19,22
2,12,14,4,8,65,80,143,165,177,200,216,214,190,202,208,180,134,116,106,36,9,13,13
0,10,18,14,18,52,117,161,167,195,244,241,244,235,246,223,195,162,127,100,19,11,13,2
9,5,10,30,51,100,134,182,233,262,277,291,249,276,279,260,219,186,135,98,44,17,7,0
10,14,11,23,34,104,132,183,220,253,279,264,200,233,246,237,211,179,129,113,85,23,15,11
3,12,11,7,51,102,131,157,193,218,228,217,157,204,224,206,190,160,127,108,70,17,14,10
10,44,11,0,51,100,112,140,163,167,175,143,115,139,166,179,162,142,124,92,49,14,18,14
8,12,12,13,44,100,108,123,129,129,122,106,101,106,123,129,127,117,118,107,58,12,0,7
0,0,6,9,27,74,100,104,116,110,111,76,69,77,106,110,106,107,102,85,35,13,10,0
0,9,10,8,18,87,100,73,102,105,108,100,37,57,90,103,106,106,101,57,50,14,12,4
0,0,0,6,25,69,92,100,98,75,90,61,45,27,76,101,105,103,67,53,30,33,15,0
0,0,0,11,3,50,62,78,98,95,68,50,24,20,39,55,60,59,56,50,35,17,13,11
0,5,7,10,6,34,55,58,60,62,57,31,11,10,10,44,58,52,58,49,14,7,5,5
0,0,0,4,9,12,54,54,59,61,14,9,1,1,13,50,53,55,47,33,14,8,0,0
1,0,0,0,0,7,44,53,54,32,3,0,0,0,2,13,40,40,33,28,12,1,0,0
0,0,0,0,0,1,19,30,13,6,0,0,0,0,5,11,14,31,25,4,0,6,4,0
0,0,0,0,0,0,8,8,8,10,9,2,3,0,12,23,34,30,20,14,7,7,0,2
0,0,0,0,0,3,14,34,50,27,11,11,0,10,14,41,48,53,59,19,5,13,9,0
0,0,0,2,3,13,38,54,56,50,29,13,12,9,19,30,57,58,57,41,12,11,3,0
0,0,0,10,11,14,51,53,53,53,48,13,16,19,39,56,72,63,58,27,13,7,3,0
0,0,0,0,0,12,50,54,57,57,54,35,30,12,53,65,91,72,68,52,14,11,5,0
0,0,0,0,9,12,51,58,71,68,47,51,50,28,55,64,100,78,94,56,24,13,2,3
0,0,0,9,11,13,50,58,63,63,55,52,51,51,63,66,72,87,58,48,13,8,8,0
3,7,0,0,10,14,34,55,63,62,56,52,50,20,53,55,82,72,62,21,12,11,4,1
0,7,0,0,6,13,11,50,56,67,58,52,43,26,27,55,64,73,51,16,10,8,7,0
0,0,0,0,9,9,10,14,60,60,50,27,14,14,13,43,54,53,22,9,6,0,0,6

0,0,0,0,0,0,0,2,14,59,68,87,64,8,0,0,0,0,0,0,0,0,0,0
0,0,0,0,0,0,0,0,0,50,64,58,7,0,0,0,0,0,0,0,0,0,0,0
0,0,0,0,0,0,0,0,0,27,51,60,0,0,0,0,0,0,0,0,0,0,0,0
0,0,0,0,0,0,0,0,12,104,103,113,100,35,9,0,3,0,7,0,0,0,0,0
0,0,0,0,0,14,8,51,106,107,114,109,120,100,93,69,66,33,8,10,0,0,0,0
0,8,21,14,50,65,79,95,115,124,125,142,162,149,145,129,108,97,68,51,21,0,0,0
0,9,51,58,74,78,96,120,128,138,162,162,178,169,172,169,114,120,87,73,53,9,0,0
0,12,63,73,97,100,111,137,140,149,160,164,151,169,197,181,139,118,104,74,61,52,0,3
11,54,66,69,88,98,109,144,161,159,154,153,169,185,188,189,158,125,105,62,60,53,8,0
7,53,62,58,71,103,109,137,149,154,181,191,209,232,209,192,170,129,74,58,69,58,18,6
12,51,59,56,55,68,95,134,154,156,169,159,160,178,166,150,131,108,65,54,61,58,14,4
23,60,70,70,52,53,67,120,141,145,173,162,153,191,180,160,123,80,32,24,67,51,14,12
13,59,99,99,12,50,67,106,128,149,160,173,168,174,170,149,122,58,52,44,54,44,35,11
21,63,101,78,12,9,27,108,116,133,148,141,138,150,159,140,114,92,10,2,10,68,54,9
8,76,103,71,10,10,15,100,82,80,105,117,120,128,138,124,101,75,12,0,12,38,58,15
18,54,58,69,0,0,14,84,76,77,84,90,102,118,118,104,86,97,41,0,0,33,41,11
12,37,55,35,2,22,65,85,68,77,98,82,95,78,80,87,72,68,66,24,10,11,54,43
6,29,41,13,13,37,43,65,84,98,131,111,84,100,108,114,94,60,45,16,21,12,30,27
0,27,61,7,4,16,79,109,113,146,152,155,149,114,127,147,128,104,68,45,13,14,20,22
3,13,14,4,9,65,80,143,165,177,201,216,215,191,203,208,180,134,117,106,38,9,13,13
0,10,19,14,18,52,117,161,167,195,244,241,243,234,245,223,195,161,127,100,20,11,13,2
9,5,10,30,51,100,134,182,232,261,276,289,247,273,277,260,218,185,135,98,44,17,7,0
10,14,11,23,34,104,133,182,220,252,278,262,198,232,246,236,210,179,128,113,85,23,15,11
3,12,11,7,52,102,131,156,192,217,227,216,156,202,223,205,189,159,127,108,70,18,14,11
10,45,11,0,51,100,112,140,162,166,174,142,115,139,165,178,161,141,124,92,49,14,18,14
8,12,12,13,44,100,108,123,129,129,122,106,101,106,123,129,127,117,118,107,58,12,0,7
0,1,6,9,27,74,101,104,115,110,111,76,68,77,106,109,106,107,102,84,35,13,10,0
0,9,10,8,18,86,100,73,102,105,108,100,40,57,90,103,106,106,101,57,50,14,12,4
0,0,0,6,26,69,92,100,97,75,91,61,45,28,76,101,105,103,67,53,31,34,15,0
0,0,0,11,3,50,62,78,98,95,68,50,24,21,39,55,60,59,56,50,35,17,13,11
0,6,7,10,6,34,55,58,60,61,57,31,11,10,10,45,58,52,58,49,14,7,5,5
0,0,0,4,9,13,54,54,59,61,14,10,1,1,13,50,52,55,47,33,14,8,0,0
1,0,0,0,0,7,45,53,54,32,4,0,0,0,2,13,40,41,33,27,12,1,0,0
0,0,0,0,0,1,19,30,13,6,0,0,0,0,5,11,14,31,25,4,0,6,5,0
0,0,0,0,0,0,8,8,8,9,8,2,3,0,12,22,34,30,20,14,7,7,0,2
0,0,0,0,0,3,14,33,50,26,11,10,0,10,14,40,48,53,59,20,5,13,9,0
0,0,0,2,3,13,37,54,56,50,29,13,12,9,19,30,57,58,57,42,12,11,3,0
0,0,0,10,11,14,51,53,53,53,47,13,15,19,39,56,71,63,58,27,13,7,3,0
0,0,0,0,0,12,50,54,57,57,54,35,30,12,53,65,91,72,68,52,14,11,5,0
0,0,0,0,9,12,51,58,71,68,47,51,48,27,55,64,100,78,94,56,24,13,2,3
0,0,0,9,11,13,50,58,63,63,55,52,51,51,63,66,72,87,58,48,13,8,8,0
3,7,0,0,11,14,33,56,63,61,56,52,51,19,53,55,82,72,62,22,12,11,4,1
0,7,0,0,7,13,11,51,56,67,58,52,43,26,27,55,64,73,51,16,10,8,7,0
0,0,0,0,9,10,11,14,60,60,50,27,14,14,13,43,54,53,23,9,6,0,0,6

0,0,0,0,0,0,0,3,14,59,68,87,64,8,0,0,0,0,0,0,0,0,0,0
0,0,0,0,0,0,0,0,0,50,64,57,7,0,0,0,0,0,0,0,0,0,0,0
0,0,0,0,0,0,0,0,0,31,51,60,0,0,0,0,0,0,0,0,0,0,0,0
0,0,0,0,0,0,0,0,12,104,102,113,100,37,9,0,3,0,8,0,0,0,0,0
0,0,0,0,0,22,10,51,106,107,114,109,120,100,93,70,67,36,8,10,0,0,0,0
0,8,24,14,50,66,80,96,116,124,124,141,161,148,145,130,109,98,68,51,21,0,0,0
0,9,52,59,75,79,97,121,128,137,161,160,176,167,172,169,115,121,87,73,54,10,0,0
0,12,63,73,97,100,112,138,140,148,158,163,149,167,195,181,140,119,105,75,62,53,0,3
11,55,66,70,89,98,109,144,161,158,154,152,169,185,187,189,158,125,105,62,60,53,8,0
7,53,62,59,71,103,109,137,149,154,181,191,210,231,207,191,170,129,74,57,69,58,19,6
12,51,60,56,55,68,95,134,154,155,169,159,160,178,165,151,131,108,65,54,61,59,14,4
24,61,70,69,52,53,67,120,141,144,172,162,152,191,180,161,123,81,32,24,67,50,14,12
13,59,99,97,12,50,67,106,128,148,158,172,167,173,170,150,122,58,53,44,54,44,35,11
22,63,101,77,12,10,25,108,116,133,148,141,138,150,159,140,114,92,10,2,10,68,54,9
8,76,104,71,10,10,14,100,82,80,106,117,120,128,139,124,102,75,12,0,11,37,58,15
18,54,58,68,0,0,14,83,76,77,85,90,102,119,119,105,86,97,40,0,0,32,40,11
12,37,55,34,2,22,64,85,68,77,98,82,95,78,81,87,72,68,66,24,10,11,54,43
6,29,41,13,13,37,43,65,84,99,132,111,84,101,109,115,95,60,45,16,22,12,29,27
0,26,61,7,4,16,80,109,113,146,153,156,149,114,128,148,128,104,68,45,13,14,20,22
3,13,14,4,9,65,80,143,165,178,201,217,216,191,203,208,180,134,117,106,39,9,13,13
0,10,19,14,18,52,117,161,167,195,244,241,244,235,246,223,195,162,127,100,20,11,13,2
9,6,10,31,51,100,134,182,232,262,276,290,248,275,277,260,219,186,135,98,44,17,7,0
10,14,11,24,34,104,133,183,220,252,279,263,199,233,246,236,210,179,129,113,86,23,15,11
3,12,11,7,51,102,131,157,192,218,228,216,157,203,223,206,190,159,127,108,71,19,14,11
10,44,11,0,51,100,112,140,162,166,174,143,115,139,165,179,161,141,124,92,49,14,19,14
8,12,12,13,44,100,108,123,129,129,122,106,101,106,123,129,127,117,118,107,58,12,0,7
0,1,6,9,28,74,100,104,116,109,111,75,69,77,106,110,106,107,102,84,36,13,10,0
0,9,10,8,18,87,100,73,102,105,108,100,39,57,91,103,106,106,101,57,51,14,12,4
0,0,0,6,26,69,93,100,97,75,90,61,47,30,76,101,105,103,68,53,31,34,15,0
0,0,0,11,4,50,62,78,98,95,69,50,24,21,39,55,60,59,56,50,36,17,13,11
0,6,7,10,6,36,55,58,60,61,56,31,11,11,10,45,58,52,59,50,14,7,5,5
0,0,0,4,9,13,54,54,59,61,14,10,1,1,13,51,53,55,48,33,15,9,0,0
1,0,0,0,0,8,45,53,54,31,4,0,0,0,2,13,40,41,33,28,12,1,0,0
0,0,0,0,0,1,21,30,13,6,0,0,0,0,5,11,14,31,25,4,0,6,5,0
0,0,0,0,0,0,8,8,8,9,8,2,3,0,12,23,33,31,21,14,7,7,0,2
0,0,0,0,0,3,14,33,50,26,11,11,0,10,14,40,48,53,59,21,5,13,9,0
0,0,0,2,3,13,37,54,56,50,29,13,12,9,19,30,57,58,57,42,12,11,3,0
0,0,0,10,11,14,52,53,53,53,48,13,16,19,39,56,72,63,58,27,13,7,3,0
0,0,0,0,0,12,50,54,57,57,54,36,30,12,53,65,91,72,68,52,14,12,5,0
0,0,0,0,9,12,51,58,71,68,47,51,48,28,55,64,100,78,94,56,24,13,2,3
0,0,0,9,11,13,50,58,63,63,55,52,51,51,63,66,72,87,58,47,13,8,8,0
3,7,0,0,11,14,34,56,63,61,56,52,51,18,53,55,82,72,62,22,12,11,4,1
0,7,0,0,7,13,11,50,56,67,58,52,41,26,27,55,64,73,51,17,10,8,7,0
0,0,0,0,9,10,11,15,60,60,50,28,14,14,13,44,54,53,23,9,6,0,0,6

0,0,0,0,0,0,0,3,14,59,68,87,64,8,0,0,0,0,0,0,0,0,0,0
0,0,0,0,0,0,0,0,0,50,64,57,7,0,0,0,0,0,0,0,0,0,0,0
0,0,0,0,0,0,0,0,1,31,51,60,0,0,0,0,0,0,0,0,0,0,0,0
0,0,0,0,0,0,0,0,12,104,102,113,100,37,9,0,3,0,8,0,0,0,0,0
0,0,0,0,0,25,10,52,106,107,114,108,120,100,93,70,67,37,9,11,0,0,0,0
0,8,26,14,51,66,80,96,116,124,124,141,161,148,144,130,109,98,68,51,22,0,0,0
0,9,52,59,76,79,97,121,128,137,162,160,176,166,171,169,115,121,88,73,54,10,0,0
0,13,63,74,98,101,112,138,140,148,159,163,149,168,196,181,140,119,105,75,62,53,0,3
11,55,67,70,89,99,110,144,162,159,154,153,170,186,187,189,158,125,105,62,60,54,8,0
7,54,62,59,71,103,110,137,150,155,182,193,212,234,209,191,170,129,73,57,69,58,19,6
12,52,60,56,54,68,95,134,154,156,171,160,162,179,166,151,131,107,65,54,61,59,14,4
26,61,70,69,51,53,67,120,140,145,173,163,154,192,181,160,123,80,31,24,67,50,14,12
13,59,99,96,12,50,66,105,127,148,159,174,169,175,170,149,122,58,52,43,54,43,36,11
23,63,101,77,12,9,21,108,116,133,148,141,139,151,159,140,114,91,10,2,10,67,54,9
8,78,104,70,10,10,14,99,82,80,105,117,120,128,138,124,101,74,12,0,11,35,57,15
19,54,58,68,0,0,14,83,76,77,84,90,102,118,118,104,86,97,40,0,0,32,40,11
13,37,55,33,2,22,63,84,68,77,97,82,95,78,80,87,72,68,65,22,10,11,54,43
7,30,41,13,13,37,43,65,84,99,131,110,83,100,108,114,95,60,45,16,21,12,29,27
0,27,61,7,4,16,80,109,113,146,152,155,148,114,128,147,128,104,68,44,13,14,20,23
3,13,14,4,9,65,80,143,165,178,201,216,215,191,203,208,180,134,117,106,38,9,13,13
0,10,19,14,18,52,117,161,167,195,244,241,244,235,246,223,195,162,127,100,20,11,13,2
9,6,10,31,51,100,134,182,232,262,277,291,248,275,278,260,219,186,135,98,44,17,7,0
10,14,11,24,34,104,133,183,220,252,279,263,199,233,246,237,210,179,129,113,85,23,15,11
3,13,11,7,51,102,131,157,193,218,228,217,158,204,223,206,190,159,127,108,71,19,14,11
10,44,11,0,51,100,112,140,162,166,174,143,115,139,166,179,161,141,124,92,50,14,18,14
8,12,12,13,44,100,108,123,129,129,122,106,101,106,123,129,127,117,118,107,58,12,0,7
0,1,7,9,27,74,101,104,116,110,111,76,70,77,106,110,106,107,102,84,36,13,10,0
0,9,10,8,20,87,100,73,102,105,108,100,40,57,90,103,106,106,101,57,51,14,12,4
0,0,0,6,25,70,92,100,97,75,91,61,45,28,76,101,105,103,68,54,31,34,15,0
0,0,0,11,4,50,62,79,98,95,68,50,25,21,39,55,60,59,56,50,36,17,13,11
0,6,7,10,6,35,55,58,60,61,57,31,11,11,10,45,58,52,58,50,14,7,5,5
0,0,0,4,9,13,54,54,59,61,14,10,1,1,13,50,53,55,47,33,15,9,0,0
1,0,0,0,0,8,44,53,54,32,3,0,0,0,3,13,40,40,33,28,12,1,0,0
0,0,0,0,0,1,21,29,13,7,0,0,0,0,5,11,14,31,25,4,0,6,5,0
0,0,0,0,0,0,8,9,8,9,8,3,3,0,12,22,33,30,21,14,7,7,1,2
0,0,0,0,0,3,14,34,50,27,11,10,0,10,14,41,48,53,59,20,5,13,9,0
0,0,0,2,3,13,37,53,56,50,30,13,12,9,19,30,57,58,57,41,12,11,3,0
0,0,0,10,11,14,52,53,53,53,48,13,16,19,39,56,71,63,58,27,13,7,3,0
0,0,0,0,0,12,50,55,57,57,54,35,30,12,53,65,91,72,68,52,14,12,5,0
0,0,0,0,9,12,51,58,71,68,46,51,50,31,55,64,100,78,94,57,25,13,2,3
0,0,0,9,11,13,50,58,63,63,55,52,51,51,63,66,72,87,58,48,13,8,8,0
3,7,0,0,11,14,33,56,63,61,56,52,51,20,53,55,82,72,62,22,12,11,4,1
0,7,0,0,7,13,11,50,56,67,58,52,43,26,27,55,64,73,51,17,10,8,7,0
0,0,0,0,9,10,11,15,60,60,50,28,14,14,13,44,54,53,23,9,6,0,0,6

0,0,0,0,0,0,0,3,14,59,68,87,64,8,0,0,0,0,0,0,0,0,0,0
0,0,0,0,0,0,0,0,0,51,63,57,7,0,0,0,0,0,0,0,0,0,0,0
0,0,0,0,0,0,0,0,1,31,51,60,0,0,0,0,0,0,0,0,0,0,0,0
0,0,0,0,0,0,0,0,12,104,102,113,100,35,9,0,3,0,8,0,0,0,0,0
0,0,0,0,0,25,10,51,106,107,114,108,120,99,93,70,67,36,9,11,0,0,0,0
0,8,25,14,50,66,80,96,116,124,124,140,161,147,144,129,109,98,68,51,22,0,0,0
0,9,52,59,75,79,97,121,128,137,161,160,176,167,171,168,114,121,88,73,54,10,0,0
0,13,63,73,97,101,112,138,140,148,159,163,150,168,195,181,139,119,105,75,62,53,0,3
12,55,67,70,89,99,110,144,161,159,154,153,169,185,187,189,158,125,105,62,60,54,8,0
7,54,62,59,71,103,110,138,149,155,182,193,211,232,208,191,170,129,73,57,69,58,20,6
12,52,60,56,54,68,95,134,153,156,171,160,161,179,166,151,131,107,65,54,61,59,14,4
26,61,70,69,52,53,67,120,140,145,173,163,154,192,180,161,123,80,32,24,67,50,14,12
13,59,100,97,12,50,66,106,128,148,159,174,169,174,170,150,122,58,53,44,54,43,36,11
23,64,101,77,12,9,25,108,116,133,148,142,139,151,159,140,114,92,10,2,10,68,55,9
8,78,104,71,10,10,14,100,82,80,106,117,120,128,138,124,101,75,12,0,11,36,57,15
20,55,58,69,0,0,14,84,76,77,85,90,102,119,118,105,86,97,40,0,0,32,41,11
13,39,55,34,2,22,64,85,68,77,98,82,95,78,81,87,72,68,66,24,10,11,54,43
7,30,41,13,13,37,43,65,84,99,132,111,84,100,108,114,95,60,45,16,22,13,30,27
0,30,62,7,4,17,79,109,113,146,152,155,149,114,127,148,128,104,68,44,13,14,20,23
3,13,14,4,9,65,80,143,165,178,201,217,215,191,203,209,180,134,117,106,38,9,13,13
0,11,19,14,18,52,117,161,167,195,244,241,244,235,246,223,195,162,127,100,20,11,13,2
9,6,10,32,51,100,134,182,233,262,277,290,248,275,278,260,219,186,135,98,44,17,7,0
10,14,11,24,34,104,133,183,220,252,279,263,199,233,246,237,210,179,129,113,85,23,15,11
3,13,12,7,52,102,131,157,193,218,228,217,158,204,223,206,190,159,127,108,71,20,14,11
10,45,11,1,51,100,112,140,163,166,174,143,115,139,166,179,161,141,124,93,49,14,19,14
8,12,12,13,46,100,108,123,129,129,122,106,102,106,123,129,127,117,118,107,58,12,0,7
0,1,7,9,28,74,100,104,116,110,111,76,69,77,106,110,106,107,102,84,35,13,10,0
0,9,10,8,21,87,100,74,102,105,108,100,40,58,91,103,106,106,101,57,51,14,12,4
0,0,0,6,27,69,92,100,98,75,90,61,48,30,75,101,105,103,67,54,31,33,15,0
0,0,0,11,4,50,62,79,98,95,68,50,25,22,39,55,60,59,56,50,36,17,13,11
0,6,7,10,6,35,55,58,60,61,56,31,11,11,10,45,58,52,58,49,14,7,6,5
0,0,0,4,9,13,54,54,59,61,14,10,1,1,13,50,53,55,47,33,15,9,0,0
1,0,0,0,0,8,45,53,54,31,4,0,0,0,3,13,40,40,33,28,12,1,0,0
0,0,0,0,0,2,22,30,13,7,0,0,0,0,5,11,14,31,26,4,0,6,5,0
0,0,0,0,0,0,8,9,8,10,9,3,3,0,12,22,34,31,21,14,7,7,1,2
0,0,0,0,0,3,14,35,50,27,11,11,0,10,14,40,48,53,59,21,5,13,9,0
0,0,0,2,3,13,38,54,56,50,30,13,12,9,19,30,57,58,57,41,12,11,3,0
0,0,0,11,11,14,52,53,53,53,47,13,17,19,39,56,71,63,58,27,13,7,3,0
0,0,0,0,0,12,50,55,57,57,54,35,30,12,53,65,91,72,68,52,14,12,5,0
0,0,0,0,9,12,51,58,71,68,47,51,47,27,55,63,100,78,94,56,22,13,2,3
0,0,0,9,11,13,50,58,63,63,55,52,50,51,63,66,72,87,58,48,13,8,8,0
3,7,0,0,11,14,34,56,63,61,56,52,50,21,53,55,82,72,62,23,12,11,4,1
0,7,0,0,7,13,11,50,56,67,58,52,43,26,27,55,64,73,51,17,10,8,7,0
0,0,0,0,9,10,11,14,60,60,50,27,14,14,13,44,54,53,23,9,6,0,0,6

0,0,0,0,0,0,0,3,13,58,67,86,64,8,0,0,0,0,0,0,0,0,0,0
0,0,0,0,0,0,0,0,0,50,63,57,7,0,0,0,0,0,0,0,0,0,0,0
0,0,0,0,0,0,0,0,0,27,50,59,0,0,0,0,0,0,0,0,0,0,0,0
0,0,0,0,0,0,0,0,12,103,102,112,100,37,9,0,3,0,8,0,0,0,0,0
0,0,0,0,0,23,10,51,106,107,114,108,120,100,93,69,67,36,8,10,0,0,0,0
0,8,25,14,50,66,80,95,115,124,125,141,161,148,144,129,108,98,68,51,22,0,0,0
0,9,52,59,75,78,96,120,128,137,162,161,177,167,171,168,114,120,87,73,54,10,0,0
0,13,63,73,97,101,112,138,140,149,159,164,151,168,195,181,139,118,105,75,62,53,0,3
12,55,66,70,89,98,110,144,162,159,154,153,169,185,186,188,158,125,105,62,60,54,8,0
7,54,62,59,71,103,110,138,150,155,182,192,210,232,208,191,170,129,74,57,69,58,20,6
12,52,60,56,55,68,95,134,154,156,170,160,161,178,165,150,131,108,65,54,61,59,14,4
26,61,70,69,52,53,67,120,141,145,173,163,154,191,180,160,123,81,32,25,68,51,14,12
14,59,99,99,13,51,67,106,128,148,160,174,169,175,170,150,122,58,53,44,54,44,37,11
23,63,101,78,12,10,29,109,116,133,148,142,139,151,159,140,114,92,10,2,10,68,55,9
8,78,104,72,10,10,17,100,82,80,106,118,121,128,138,124,102,75,12,0,12,36,57,15
19,55,58,70,0,0,14,84,77,77,85,91,102,119,119,105,86,97,42,0,0,33,41,11
13,39,55,36,2,22,65,85,68,77,98,82,95,78,81,87,72,69,66,26,10,11,54,43
7,30,41,13,13,37,43,66,84,99,132,111,85,101,109,115,95,60,45,17,22,13,30,27
0,30,63,7,4,19,80,109,113,146,153,156,149,114,128,148,128,104,68,45,13,14,20,23
4,13,14,4,9,65,80,143,165,178,201,217,215,191,203,208,180,134,117,106,38,10,13,13
0,11,19,14,18,52,117,161,167,195,244,241,244,234,245,223,195,161,127,100,20,11,13,2
9,6,10,31,51,100,135,183,233,262,276,290,247,274,277,259,219,186,135,99,44,17,7,0
11,14,11,24,34,104,133,183,220,252,279,263,198,232,246,236,210,179,129,113,85,23,15,11
3,13,12,7,52,102,131,157,193,218,228,216,157,203,223,206,190,159,127,108,72,20,14,11
10,45,12,1,51,100,112,140,162,166,174,143,115,139,166,179,161,141,124,92,49,14,19,14
8,12,12,13,44,100,108,123,129,129,122,106,101,106,123,129,127,117,118,107,58,12,0,7
0,1,7,9,28,74,100,104,115,109,111,76,69,77,106,110,106,107,102,84,35,13,10,0
0,9,10,9,20,87,100,73,102,105,108,100,41,58,90,103,106,106,101,57,51,14,12,4
0,0,0,6,26,69,93,100,98,75,90,61,47,31,76,101,105,103,68,54,31,33,15,0
0,0,0,11,4,51,62,78,98,95,69,50,25,22,39,55,60,59,56,50,36,18,13,11
0,6,7,10,6,36,55,58,60,61,57,31,11,11,10,45,58,52,58,49,14,7,6,5
0,0,0,5,9,13,54,54,59,61,14,10,1,1,13,50,53,55,47,33,15,9,0,0
1,0,0,0,0,8,44,53,54,32,4,0,0,0,3,13,40,40,33,28,12,1,0,0
0,0,0,0,0,2,23,30,13,7,0,0,0,0,5,11,14,31,25,4,0,6,5,0
0,0,0,0,0,0,9,9,8,10,9,3,3,0,12,23,36,31,21,14,7,7,1,2
0,0,0,0,0,3,15,34,50,27,11,11,0,10,15,41,48,53,59,22,5,13,9,0
0,0,0,2,3,13,39,54,56,51,30,13,12,9,19,30,57,58,57,42,12,11,3,0
0,0,0,10,11,14,52,53,53,53,48,13,17,19,39,56,71,63,58,27,13,7,3,0
0,0,0,0,0,12,50,54,57,57,54,35,30,12,53,65,91,72,68,52,14,12,5,0
0,0,0,0,9,12,51,58,71,68,46,51,48,27,55,64,100,78,94,56,22,13,2,3
0,0,0,10,11,13,50,58,63,63,55,53,51,51,63,66,72,87,58,47,13,8,8,0
3,7,0,0,11,15,34,55,63,61,56,52,51,20,53,55,82,72,62,22,12,11,4,1
0,8,0,0,7,13,11,50,56,67,58,52,40,26,27,55,64,73,51,17,10,8,7,0
0,0,0,0,9,10,11,14,60,60,50,28,14,14,13,45,54,53,23,9,6,0,0,6

0,0,0,0,0,0,0,3,13,58,67,86,63,9,0,0,0,0,0,0,0,0,0,0
0,0,0,0,0,0,0,0,0,50,63,57,7,0,0,0,0,0,0,0,0,0,0,0
0,0,0,0,0,0,0,0,0,26,50,59,0,0,0,0,0,0,0,0,0,0,0,0
0,0,0,0,0,0,0,0,12,103,102,113,100,38,9,0,4,0,8,0,0,0,0,0
0,0,0,0,0,24,10,51,106,107,114,108,120,100,93,70,67,36,8,10,0,0,0,0
0,8,24,14,50,66,79,95,115,124,124,141,161,148,144,128,108,97,68,51,22,0,0,0
0,9,52,59,75,78,96,120,128,137,162,161,177,168,171,168,114,120,87,73,54,10,0,0
0,13,63,73,97,100,112,138,140,149,160,164,151,169,196,181,140,119,105,75,62,53,0,3
12,55,66,70,89,99,110,144,162,159,155,154,169,185,187,189,158,125,105,62,60,54,9,0
7,54,62,59,71,103,110,138,150,155,182,193,211,232,208,191,170,129,74,57,69,58,21,6
12,52,60,56,55,68,95,135,154,157,171,160,161,178,165,150,131,108,65,54,61,59,14,4
27,61,70,70,52,53,67,120,141,145,174,164,153,191,180,160,123,81,33,25,68,51,14,13
14,59,100,100,13,51,67,106,128,148,160,175,169,174,170,149,122,58,53,45,54,45,38,11
24,64,101,79,12,10,31,109,116,133,148,142,139,150,159,140,114,92,10,2,10,68,55,9
9,78,104,73,10,10,19,100,82,80,106,118,120,128,138,124,102,75,13,0,12,37,57,15
20,55,58,70,0,0,14,84,76,78,85,90,102,119,119,105,86,97,42,0,0,34,41,11
13,40,55,37,2,23,65,85,68,77,98,82,95,78,81,87,72,68,66,27,10,11,54,43
8,30,41,13,13,38,43,65,84,99,132,111,84,101,109,114,95,60,45,17,22,13,30,27
1,32,63,8,5,20,81,109,113,146,153,156,149,114,128,148,128,104,68,45,13,14,20,23
4,13,14,5,9,65,80,143,165,177,201,217,215,191,203,208,180,134,117,106,39,10,13,13
0,11,19,14,18,52,117,161,167,195,244,241,243,234,246,223,195,162,127,100,20,11,13,2
9,6,10,31,51,100,135,183,233,262,276,290,247,273,277,259,218,186,135,98,44,17,7,0
11,14,11,24,34,104,133,183,220,252,278,262,199,233,245,236,210,179,128,113,85,23,15,11
3,13,12,7,52,102,131,157,193,218,228,216,157,203,223,205,189,159,127,108,71,20,14,11
11,47,12,1,52,100,112,140,163,166,174,143,116,139,165,178,161,141,124,92,49,14,19,14
8,12,12,13,44,100,108,123,129,129,122,106,101,106,123,129,127,117,118,107,58,12,0,7
0,1,7,9,28,74,101,104,116,110,111,76,69,77,106,110,106,107,102,84,35,13,10,0
0,9,10,9,20,87,100,73,102,105,108,100,39,58,91,103,106,106,101,57,51,14,12,4
0,0,0,6,26,70,93,100,98,75,91,61,48,30,76,101,105,103,68,53,31,34,15,0
0,0,0,11,4,50,62,78,98,95,68,50,25,22,39,55,60,59,56,50,36,18,13,11
0,6,7,10,6,36,55,59,60,61,56,31,11,11,10,45,58,52,58,50,14,7,6,5
0,0,0,5,9,13,54,54,59,61,14,10,1,2,13,50,53,55,47,34,15,9,0,0
1,0,0,0,0,8,44,53,54,32,4,0,0,0,3,13,40,40,33,29,12,1,0,0
0,0,0,0,0,2,22,30,13,7,0,0,0,0,5,11,14,31,26,4,0,6,5,0
0,0,0,0,0,0,8,9,8,10,9,3,3,0,12,23,34,30,21,14,7,7,1,2
0,0,0,0,0,3,14,34,50,27,11,11,0,10,14,42,48,53,59,21,5,13,9,0
0,0,0,2,3,13,39,54,56,51,30,14,12,9,19,30,57,58,57,42,12,11,3,0
0,0,0,11,11,14,52,53,53,53,48,13,16,20,39,56,71,63,58,27,13,7,3,0
0,0,0,0,0,12,50,55,57,57,54,35,30,13,53,65,91,72,68,52,14,12,5,0
0,0,0,0,9,12,51,58,71,68,46,51,50,27,55,64,100,78,93,56,24,13,2,3
0,0,0,10,11,13,50,58,63,63,55,52,51,51,63,66,72,87,58,47,13,8,8,0
3,7,0,0,11,14,33,56,63,61,56,52,50,19,53,55,82,72,62,22,12,11,4,1
0,7,0,0,7,13,11,51,56,67,58,52,44,26,27,55,63,73,51,17,10,8,7,0
0,0,0,0,9,10,11,14,60,60,50,27,14,14,13,43,54,53,23,9,6,0,0,6

0,0,0,0,0,0,0,3,14,58,67,86,64,9,0,0,0,0,0,0,0,0,0,0
0,0,0,0,0,0,0,0,0,50,63,57,7,0,0,0,0,0,0,0,0,0,0,0
0,0,0,0,0,0,0,0,0,26,47,59,0,0,0,0,0,0,0,0,0,0,0,0
0,0,0,0,0,0,0,0,12,103,102,112,100,40,9,0,4,0,8,0,0,0,0,0
0,0,0,0,0,23,10,51,106,107,114,108,119,99,93,70,67,35,8,10,0,0,0,0
0,8,23,14,50,65,79,95,115,124,124,141,161,148,143,128,108,97,68,51,22,0,0,0
0,9,52,59,75,78,96,120,128,137,162,161,177,167,171,167,114,120,87,73,54,10,0,0
0,12,63,73,97,100,112,138,140,149,160,165,151,169,196,181,139,119,105,74,62,53,0,3
11,55,66,70,89,98,110,144,162,159,155,154,170,185,187,189,158,125,105,62,60,54,9,0
7,54,62,59,71,103,110,138,150,156,182,193,212,233,209,192,170,129,74,57,69,58,22,6
12,52,60,56,55,68,96,135,154,157,171,161,161,179,166,150,131,108,65,54,61,59,15,4
28,61,70,69,52,53,67,120,141,145,174,164,154,191,180,161,123,81,34,25,68,51,14,13
14,59,100,100,13,51,67,106,128,149,161,175,169,174,170,149,122,58,53,45,55,45,38,11
25,64,101,78,12,10,34,109,116,133,148,142,139,150,158,140,114,92,10,2,10,68,55,9
9,78,104,73,10,10,20,100,82,80,105,118,120,128,138,123,102,75,13,0,12,37,58,15
20,55,58,70,0,0,14,84,76,77,84,90,102,119,118,104,86,97,42,0,0,34,41,12
13,41,55,38,2,23,65,85,68,77,98,82,96,78,81,87,72,69,66,27,10,11,54,43
8,30,41,13,13,38,43,66,84,99,132,111,85,101,108,114,95,60,45,17,22,13,30,27
1,35,64,8,5,20,80,109,113,146,152,156,149,114,128,147,128,104,68,45,13,14,20,23
4,13,15,5,9,65,80,143,165,177,201,217,215,191,202,208,180,134,117,106,40,10,13,13
0,11,19,14,18,52,117,161,167,195,244,241,243,234,245,223,195,161,127,100,20,11,13,2
9,6,10,32,51,100,135,182,233,262,276,290,247,274,277,259,219,185,135,98,44,17,7,0
11,14,11,24,34,104,133,183,220,252,279,263,198,232,246,236,210,179,129,113,85,23,15,11
3,13,12,7,52,102,131,157,193,217,227,216,157,203,223,205,189,159,127,108,71,20,14,12
11,47,12,1,52,100,112,140,163,166,174,143,115,139,166,178,161,141,124,93,49,14,19,15
8,12,12,13,46,100,108,123,129,129,122,106,101,106,123,129,127,117,118,107,58,12,0,7
0,1,7,9,28,75,100,104,116,110,111,76,69,77,106,110,106,107,102,84,35,13,10,0
0,9,10,9,18,87,100,73,102,105,108,100,39,58,90,103,106,106,101,57,51,14,12,4
0,0,0,6,28,70,93,100,98,75,91,61,48,29,76,101,105,103,68,54,32,34,15,0
0,0,0,11,4,50,62,78,98,95,69,50,25,22,40,55,60,59,55,50,36,18,13,11
1,6,7,10,6,36,55,58,60,61,56,31,12,11,10,45,58,52,58,49,14,7,6,5
0,0,0,5,9,13,54,54,59,61,14,10,1,1,13,50,53,55,47,33,15,9,0,0
1,0,0,0,0,8,46,53,54,32,4,0,0,0,3,13,42,40,33,28,12,1,0,0
0,0,0,0,0,2,23,29,13,7,0,0,0,0,5,11,14,31,26,4,0,6,5,0
0,0,0,0,0,0,9,9,8,10,9,3,3,0,12,23,34,31,21,14,7,7,1,2
0,0,0,0,0,3,15,34,50,27,11,11,0,10,14,41,48,53,59,21,5,13,9,0
0,0,0,2,3,13,39,54,56,50,30,14,12,9,19,30,57,58,57,42,12,11,3,0
0,0,0,11,11,14,51,53,53,53,50,13,17,20,40,56,71,63,58,27,13,7,3,0
0,0,0,0,0,12,50,55,57,57,54,35,30,13,53,65,91,72,68,52,14,12,5,0
0,0,0,0,9,12,51,58,71,68,46,51,48,29,55,64,100,78,94,56,22,13,2,3
0,0,0,10,11,13,50,58,63,63,55,52,51,51,62,66,72,87,58,47,13,8,8,0
3,7,0,0,11,14,34,56,63,61,56,52,50,21,53,55,82,72,62,22,12,11,4,1
0,8,0,0,7,13,11,50,57,67,58,52,40,26,27,55,64,72,51,17,10,8,7,0
0,0,0,0,9,10,11,14,60,60,50,29,15,14,13,46,54,53,23,9,6,0,0,6
0,0,0,0,0,0,0,0,0,0,0,0,0,1,0,0,0,0,0,0,0,0,0,0
0,0,0,0,0,0,0,0,0,0,0,0,0,0,0,0,0,0,0,0,0,0,0,0
0,0,0,0,0,0,0,0,0,0,0,0,10,5,0,0,0,0,6,0,0,0,0,0
0,0,0,0,0,9,3,21,21,23,22,82,106,100,87,52,0,5,0,0,0,0,0,0
0,0,1,0,12,13,53,71,74,93,98,118,106,113,106,107,58,18,53,0,0,0,0,0
0,0,0,21,51,69,104,120,144,156,161,173,156,134,132,119,103,89,72,55,26,33,9,0
0,0,9,47,70,87,122,121,185,189,185,196,183,176,148,137,130,105,84,79,60,52,10,1
3,0,35,56,72,101,118,144,193,223,197,173,183,176,167,155,146,117,102,97,71,61,10,0
0,1,12,52,60,102,124,163,198,206,213,191,172,175,180,177,154,114,101,88,67,65,53,12
4,9,38,56,54,73,130,177,204,232,268,241,216,204,178,169,150,117,104,71,57,58,46,6
1,10,48,26,43,65,111,137,163,181,195,177,178,189,180,180,147,102,69,54,45,54,42,7
6,5,5,9,10,40,84,127,171,196,212,170,179,190,159,148,128,70,56,50,14,57,54,12
13,15,0,13,38,54,60,125,159,181,188,184,188,172,158,133,108,71,54,8,22,14,41,8
9,6,0,0,0,7,96,117,145,168,163,145,148,154,137,120,109,44,10,10,11,14,10,5
3,7,0,0,0,12,78,103,127,144,134,125,122,109,82,84,101,21,8,1,4,13,10,3
0,0,0,0,0,38,97,86,107,123,124,105,93,87,78,78,86,17,13,0,0,12,10,9
2,0,0,5,24,66,68,72,88,83,80,97,83,99,78,69,86,66,10,0,0,4,9,10
3,11,8,22,26,45,61,96,116,111,103,86,112,133,100,85,67,45,31,12,9,4,1,6
9,6,11,23,50,69,104,128,148,128,115,149,156,153,146,113,110,81,29,5,4,0,0,0
12,10,13,49,107,117,135,180,208,202,190,214,215,200,176,164,142,80,66,11,3,9,11,4
1,12,11,21,100,127,161,195,222,245,233,241,239,242,194,165,160,117,52,18,15,18,12,7
0,8,16,44,98,134,185,217,258,275,270,242,286,274,258,229,180,133,100,50,32,11,7,10
12,16,23,85,113,128,177,208,234,243,230,196,260,275,248,216,180,131,104,34,26,13,16,11
1,10,14,73,108,126,158,188,204,221,200,154,212,224,214,190,154,130,102,54,8,6,10,5
7,13,15,49,92,124,141,160,177,164,138,115,141,172,164,160,139,111,100,52,0,9,12,9
7,0,12,58,107,117,117,127,128,122,106,101,106,121,128,128,123,108,100,46,13,9,11,10
0,9,13,33,83,102,107,106,109,106,75,67,75,110,109,115,104,100,72,21,9,8,2,0
4,12,14,50,57,101,106,106,103,91,57,34,100,108,105,102,73,100,85,14,8,10,9,0
0,14,33,30,53,67,103,105,100,75,27,43,60,89,74,96,100,91,68,20,5,0,0,0
11,13,16,34,50,55,59,60,55,39,20,23,48,68,93,97,77,62,47,2,10,0,0,0
5,4,7,14,47,58,52,58,44,9,10,11,30,56,61,60,58,54,32,6,10,7,6,0
0,0,8,14,33,47,55,52,50,12,1,0,9,14,60,59,54,53,12,8,3,0,0,0
0,0,0,12,26,33,40,38,12,2,0,0,0,3,28,54,52,38,6,0,0,0,0,1
0,4,6,0,4,23,29,13,11,4,0,0,0,0,5,12,25,13,0,0,0,0,0,0
2,0,7,7,13,17,27,31,22,11,0,3,2,8,9,6,6,6,0,0,0,0,0,0
0,9,12,5,17,58,53,47,39,14,10,0,10,10,22,49,26,13,2,0,0,0,0,0
0,2,11,12,40,57,58,56,30,18,9,11,13,27,50,56,53,29,13,2,0,0,0,0
0,2,6,13,27,58,63,71,56,38,17,14,13,45,53,53,52,51,14,10,10,0,0,0
0,4,11,14,52,68,73,91,65,53,12,28,34,54,57,57,54,50,11,0,0,0,0,0
3,1,13,21,56,94,79,101,64,55,27,47,51,47,68,71,58,51,11,9,0,0,0,0
0,8,7,13,50,58,88,73,66,63,51,50,52,55,64,63,58,50,13,11,9,0,0,0
1,4,11,12,21,62,73,83,55,53,18,50,52,56,62,64,55,33,14,11,0,0,7,3
0,7,7,10,16,51,74,64,55,27,26,43,52,58,68,57,50,11,13,6,0,0,7,0
6,0,0,6,9,23,53,55,46,13,14,15,27,50,60,60,14,11,10,9,0,0,0,0

0,0,0,0,0,0,0,0,0,0,0,0,0,0,0,0,0,0,0,0,0,0,0,0
0,0,0,0,0,0,0,0,0,0,0,0,0,0,0,0,0,0,0,0,0,0,0,0
0,0,0,0,0,0,0,0,0,0,0,0,10,5,1,0,0,0,7,0,0,0,0,0
0,0,0,0,0,9,4,22,24,29,24,83,107,101,90,55,0,6,0,0,1,0,0,0
0,0,2,0,13,14,53,71,74,94,100,120,108,116,107,108,58,27,53,0,1,0,0,0
0,0,1,21,52,70,104,121,146,161,168,181,165,140,137,122,104,90,72,55,30,35,9,0
0,0,9,48,71,87,123,122,188,194,190,203,189,182,153,140,132,106,85,80,60,52,10,1
3,0,37,57,72,102,118,145,194,227,202,177,187,180,171,157,147,118,102,98,71,62,10,0
0,2,13,52,60,102,124,163,199,209,216,193,175,178,181,178,154,114,100,88,67,65,53,12
4,9,42,56,55,73,130,178,204,232,271,242,219,207,179,169,149,116,104,71,57,58,48,6
1,10,50,32,46,66,111,137,161,180,195,178,179,191,180,177,146,102,69,54,46,54,43,7
6,5,6,10,10,41,84,126,169,194,212,171,181,191,158,148,127,69,56,50,15,57,55,12
13,16,0,13,39,54,60,125,157,179,187,184,188,173,158,132,108,71,54,8,24,19,45,9
9,6,0,0,0,6,96,116,143,165,160,144,147,153,136,119,109,43,10,9,12,17,11,6
3,7,0,0,0,13,77,102,126,140,131,123,119,106,81,83,100,19,8,0,3,13,9,3
0,0,0,0,0,38,97,86,106,120,121,103,90,85,77,77,85,17,13,0,0,12,10,9
3,0,0,4,24,65,68,72,87,82,79,94,81,97,77,68,86,67,10,0,0,4,9,9
3,11,8,22,26,45,61,94,114,109,100,83,109,130,98,84,66,45,31,12,9,4,1,6
9,6,11,23,49,69,104,127,147,127,113,147,153,151,146,113,109,80,26,4,4,0,0,0
12,10,13,48,107,117,134,180,207,201,189,212,213,198,176,163,142,79,66,10,3,9,11,4
1,12,11,21,100,127,161,194,222,245,232,240,239,242,194,165,159,117,52,18,15,17,12,7
0,8,16,44,98,134,185,218,258,276,271,244,287,275,259,230,181,134,100,50,31,11,7,10
12,17,23,86,113,128,178,208,235,244,231,197,261,276,249,217,181,132,104,34,26,13,16,11
1,10,14,73,108,126,158,189,205,222,202,156,215,225,215,191,155,130,102,54,8,6,10,5
7,13,16,49,92,124,141,161,178,165,139,115,142,173,165,161,139,111,100,53,0,9,12,9
7,0,12,58,107,117,117,127,129,123,106,101,106,121,128,128,123,108,100,44,13,9,11,10
0,9,13,34,83,102,107,106,110,106,76,67,75,111,109,115,104,100,73,23,9,8,2,0
4,12,14,51,57,101,106,106,103,90,56,37,100,108,105,102,73,100,86,14,8,10,9,0
0,14,33,30,54,67,103,105,100,75,27,44,60,89,74,96,100,91,68,20,5,0,0,0
11,13,17,35,50,56,59,59,55,39,20,23,48,68,94,97,77,62,48,2,10,0,0,0
5,5,7,14,48,58,52,58,44,9,10,11,30,56,61,60,58,54,32,6,10,7,6,0
0,0,8,14,33,47,55,52,50,12,1,0,9,14,60,59,54,53,12,8,3,0,0,0
0,0,0,12,27,33,40,38,12,2,0,0,0,3,29,54,53,38,6,0,0,0,0,1
0,4,6,0,4,23,29,13,11,4,0,0,0,0,5,12,26,13,0,0,0,0,0,0
2,0,7,7,13,17,28,33,22,11,0,3,2,8,9,7,7,6,0,0,0,0,0,0
0,9,12,5,18,59,53,48,41,14,10,0,10,11,24,50,28,13,2,0,0,0,0,0
0,2,11,12,40,57,58,56,30,19,9,11,13,28,50,56,53,31,13,2,1,0,0,0
0,2,6,13,27,58,63,71,56,39,17,14,13,46,53,53,53,51,14,10,10,0,0,0
0,4,11,14,52,68,72,91,65,53,12,29,34,54,57,57,54,50,11,0,0,0,0,0
3,1,13,20,56,94,79,100,64,55,27,47,51,47,68,71,58,51,11,9,0,0,0,0
0,8,7,13,46,58,88,73,66,63,51,50,52,55,64,63,58,50,13,11,9,0,0,0
1,4,11,12,20,62,73,83,55,52,20,50,52,56,62,64,55,33,14,10,0,0,7,3
0,7,7,10,17,51,74,64,55,27,27,43,52,58,68,57,50,11,13,6,0,0,7,0
6,0,0,6,9,22,53,54,45,13,14,15,28,50,60,60,14,10,10,9,0,0,0,0

0,0,0,0,0,0,0,0,0,0,0,5,58,50,9,9,0,0,0,0,0,0,0,0
0,0,0,0,0,0,0,0,0,0,0,0,11,50,1,0,0,0,0,0,0,0,0,0
0,0,0,0,0,0,0,0,0,0,0,0,58,31,11,0,0,0,4,0,0,0,0,0
0,0,0,0,0,10,2,32,28,51,52,104,114,105,103,61,0,4,0,0,1,0,0,0
0,0,1,0,13,16,58,74,76,100,105,125,114,120,111,110,59,36,53,0,1,0,0,0
0,0,0,21,52,70,106,124,149,165,169,183,166,140,139,125,107,91,72,55,30,33,9,0
0,0,9,50,71,88,125,125,190,192,185,198,185,179,150,141,133,107,85,80,61,53,10,1
2,0,39,58,73,103,120,148,195,216,190,170,181,174,165,154,147,118,102,98,72,62,11,0
0,2,14,54,61,104,126,166,198,198,204,186,168,171,175,173,151,113,100,89,68,65,54,11
3,10,51,62,55,74,130,176,199,223,256,234,211,199,174,162,146,115,104,72,58,59,50,5
1,11,54,55,51,65,110,133,155,174,190,173,174,185,174,171,142,100,69,54,51,56,48,9
7,8,15,51,12,34,82,124,165,189,203,165,175,186,154,146,125,68,55,51,51,65,60,14
11,22,11,34,36,53,59,124,154,175,181,178,183,168,155,131,107,69,54,7,55,93,60,11
8,9,13,0,0,6,94,115,142,162,155,142,144,150,135,118,109,39,9,7,43,101,68,12
2,10,2,0,0,12,76,102,125,140,130,122,118,106,80,82,100,14,8,0,3,98,86,9
0,0,1,0,0,34,98,86,105,120,120,102,90,84,77,76,84,13,12,0,0,51,46,10
0,0,0,3,14,66,68,72,87,81,78,94,81,97,77,68,84,63,11,0,0,5,8,8
1,8,6,19,26,45,61,94,114,108,100,84,110,131,98,83,65,44,32,10,7,2,0,4
8,5,11,24,49,69,105,128,147,127,113,148,154,151,146,112,109,79,20,5,2,0,0,0
12,10,13,48,107,117,135,180,208,202,190,214,215,199,177,164,142,80,66,10,2,8,10,3
1,12,12,21,100,127,161,195,223,245,234,243,240,243,194,166,160,117,52,18,16,17,12,6
0,8,16,44,99,135,185,218,259,277,272,245,288,275,260,231,181,133,100,51,31,10,7,9
12,17,23,86,113,128,179,209,235,245,231,197,262,277,250,218,181,132,104,34,26,13,17,11
1,10,14,73,108,126,159,189,205,222,201,155,214,226,216,191,155,130,102,53,8,6,9,5
7,13,16,50,92,124,141,161,178,165,138,115,142,173,165,161,139,111,100,52,0,9,12,9
7,0,12,58,107,117,117,127,129,123,106,101,106,121,128,128,123,108,100,44,13,9,11,10
0,9,13,35,84,102,107,106,109,106,76,67,76,111,109,115,104,100,73,23,9,8,2,0
3,12,14,50,57,101,106,106,103,90,56,39,100,108,105,102,73,100,86,14,8,10,9,0
0,15,34,31,54,67,103,105,100,75,25,46,61,90,74,96,100,91,68,20,5,0,0,0
11,13,17,35,50,56,59,60,55,39,20,23,49,68,94,97,77,62,47,2,10,0,0,0
5,5,7,14,48,58,52,58,44,9,10,11,30,56,61,60,58,54,32,6,10,7,6,0
0,0,8,14,33,47,55,52,50,13,1,1,9,14,60,59,54,53,12,8,3,0,0,0
0,0,0,12,27,33,40,39,12,2,0,0,0,4,30,54,52,40,7,0,0,0,0,1
0,4,6,0,4,24,30,13,11,4,0,0,0,0,6,12,27,14,0,0,0,0,0,0
2,0,7,7,13,18,29,33,22,11,0,3,2,8,9,7,7,7,0,0,0,0,0,0
0,9,12,5,18,58,53,48,40,14,10,0,10,11,25,50,28,13,2,0,0,0,0,0
0,3,11,12,40,57,58,56,30,19,9,12,13,28,50,56,53,34,13,2,1,0,0,0
0,2,7,13,27,58,63,71,56,39,17,14,13,47,53,53,53,51,14,10,10,0,0,0
0,5,11,14,52,68,73,91,65,53,12,29,35,54,57,57,54,50,11,0,0,0,0,0
3,1,13,21,56,94,79,101,64,55,27,47,51,47,68,71,58,51,11,9,0,0,0,0
0,8,7,13,47,58,88,73,66,63,51,51,52,55,64,63,58,50,13,11,9,0,0,0
1,4,11,12,21,62,73,83,55,53,18,51,52,56,62,64,56,32,14,10,0,0,7,3
0,7,7,10,17,51,73,64,55,27,25,44,52,58,68,57,50,11,13,6,0,0,7,0
6,0,0,6,9,22,53,55,44,13,14,15,27,50,60,60,14,11,9,9,0,0,0,0

0,0,0,0,0,0,0,0,0,0,0,56,78,62,50,12,0,0,0,0,0,0,0,0
0,0,0,0,0,0,0,0,0,0,0,0,48,57,12,0,0,0,0,0,0,0,0,0
0,0,0,0,0,0,0,0,0,0,0,0,53,23,13,0,0,0,0,0,0,0,0,0
0,0,0,0,0,9,0,13,12,14,25,101,111,103,101,13,0,0,0,0,0,0,0,0
0,0,2,0,11,10,42,69,73,95,101,121,109,115,108,106,51,8,24,0,0,0,0,0
0,0,0,20,50,68,101,113,135,150,153,167,147,129,128,117,97,80,66,41,13,14,5,0
0,0,8,51,73,89,123,119,176,177,169,180,166,165,139,131,123,98,78,71,54,47,8,0
3,0,48,61,75,106,121,144,186,199,171,152,166,162,154,144,140,112,100,94,71,62,10,0
0,6,46,59,62,107,129,164,194,190,190,173,157,161,166,166,148,112,99,87,68,66,54,11
5,13,55,70,57,75,132,175,195,215,240,218,198,190,164,157,144,113,104,71,58,61,51,6
3,12,57,61,53,65,110,133,153,170,183,165,165,177,167,165,139,97,69,55,53,58,50,11
11,11,23,65,14,27,82,124,163,185,195,158,168,179,150,144,123,68,54,50,63,68,59,23
9,20,20,43,34,51,58,123,152,172,176,171,177,163,153,131,107,69,52,8,79,92,55,13
7,9,13,2,0,5,92,115,141,160,151,140,143,149,135,118,109,29,8,8,64,96,51,21
1,12,5,5,0,9,76,102,125,140,129,121,119,107,81,83,100,14,3,4,25,82,52,7
0,10,12,0,0,25,97,86,105,120,120,103,91,85,77,77,84,12,2,0,39,51,39,13
14,47,6,7,14,65,68,72,87,81,79,95,82,98,77,68,86,63,14,1,13,50,12,7
26,28,10,13,12,44,60,94,114,109,101,85,111,132,99,84,66,43,32,10,11,38,14,0
25,15,12,11,44,68,104,127,147,127,114,149,156,152,146,113,109,79,13,2,6,58,11,0
12,11,7,31,106,117,134,180,208,202,190,215,217,201,177,165,143,80,66,8,3,14,13,0
1,12,10,18,99,127,161,194,222,245,233,243,241,244,195,167,161,117,52,18,14,19,10,0
0,7,16,43,97,134,185,217,258,277,272,246,289,276,261,232,182,134,100,51,30,10,6,8
11,14,22,83,113,128,177,208,235,244,231,198,262,278,251,219,182,132,104,34,23,11,14,10
7,12,14,65,108,126,158,188,204,222,201,156,215,226,217,192,156,131,102,52,6,12,39,8
10,13,13,48,91,124,141,160,177,164,138,115,142,173,165,162,139,111,100,50,0,12,76,14
7,0,11,57,107,117,117,126,128,122,106,101,106,121,128,129,123,108,100,42,12,10,12,9
0,9,13,33,83,102,107,106,109,106,77,68,76,111,110,115,104,101,73,25,9,6,1,0
3,12,14,50,57,101,106,106,103,91,56,36,100,108,105,102,73,100,88,14,8,9,9,0
0,14,33,30,53,67,103,105,100,75,26,46,61,90,74,96,100,91,69,21,5,0,0,0
11,13,16,34,50,55,59,59,55,39,20,24,48,68,94,97,77,62,50,3,11,0,0,0
4,4,7,14,47,58,52,58,45,9,10,11,30,56,61,60,58,54,33,6,10,7,5,0
0,0,8,14,33,47,55,52,50,12,1,0,9,14,61,59,54,53,12,8,3,0,0,0
0,0,1,12,26,33,41,38,12,2,0,0,0,4,30,54,53,42,7,0,0,0,0,1
0,4,6,0,4,23,30,13,11,4,0,0,0,0,6,12,27,14,0,0,0,0,0,0
2,0,7,7,13,18,28,33,22,11,0,3,2,8,9,7,8,7,0,0,0,0,0,0
0,9,12,5,17,58,53,48,40,14,10,0,10,11,25,50,30,14,2,0,0,0,0,0
0,2,11,12,40,57,58,56,30,19,9,12,13,28,50,56,53,34,13,2,1,0,0,0
0,2,6,13,27,58,63,71,56,38,18,14,13,46,53,53,53,51,14,10,10,0,0,0
0,5,11,14,52,68,73,91,65,53,12,29,35,54,57,57,54,50,12,0,0,0,0,0
3,1,13,20,56,94,78,100,64,55,27,48,51,47,68,71,58,51,11,9,0,0,0,0
0,8,7,13,47,58,88,72,66,63,51,50,52,55,63,63,58,50,13,11,9,0,0,0
1,4,11,12,21,62,73,82,55,53,18,50,52,56,62,63,56,33,14,10,0,0,7,3
0,7,8,10,17,51,73,64,55,27,26,40,52,58,67,56,50,11,13,6,0,0,7,0
6,0,0,6,9,23,53,54,44,13,14,14,27,50,60,60,14,11,10,9,0,0,0,0

0,0,0,0,0,0,0,0,0,0,2,61,83,64,54,13,4,0,0,0,0,0,0,0
0,0,0,0,0,0,0,0,0,0,0,2,53,61,25,0,0,0,0,0,0,0,0,0
0,0,0,0,0,0,0,0,0,0,0,0,55,36,14,0,0,0,0,0,0,0,0,0
0,0,0,0,0,8,0,13,10,13,26,100,112,103,102,13,0,0,0,0,0,0,0,0
0,0,0,0,11,9,39,68,72,94,100,120,109,115,107,107,52,9,29,0,0,0,0,0
0,0,0,19,50,67,99,110,133,150,152,165,145,127,126,117,97,81,66,47,13,16,6,0
0,0,9,52,72,86,120,116,172,176,171,180,165,163,139,131,123,98,79,73,57,50,8,0
3,0,50,60,74,104,118,141,183,197,172,154,166,162,152,143,140,113,100,96,73,63,11,0
0,6,50,59,61,105,125,159,190,186,187,172,156,158,161,163,147,111,99,88,69,66,54,11
5,13,56,69,57,73,128,168,190,208,233,214,195,184,158,153,141,111,103,71,58,61,51,6
2,13,57,61,53,65,108,129,150,166,179,163,162,173,162,161,138,96,68,54,55,59,49,10
10,11,31,65,17,27,81,122,161,182,192,155,165,176,149,143,122,67,52,50,68,68,57,14
9,19,29,46,37,51,58,123,151,171,175,169,175,162,151,130,107,68,50,8,85,90,53,10
5,12,46,3,0,8,94,115,142,162,152,140,143,150,135,118,109,29,8,7,66,98,54,11
10,37,13,7,0,10,75,102,126,141,130,122,119,108,81,83,100,14,5,4,14,89,47,1
9,30,14,0,0,34,99,87,106,121,122,103,92,86,78,77,85,13,4,0,42,54,50,13
48,52,7,9,22,66,69,72,88,82,79,96,83,99,78,69,86,64,14,1,12,52,14,10
30,26,11,17,14,45,61,95,115,110,103,86,112,133,100,85,66,43,33,12,9,39,24,2
29,14,13,13,45,68,104,128,148,128,115,150,156,153,147,113,109,80,14,4,5,52,38,0
14,12,9,36,106,116,134,180,208,203,191,216,217,201,177,165,143,80,65,8,3,11,13,1
2,13,10,19,99,127,161,195,222,245,234,243,240,244,195,166,161,117,52,17,14,18,11,0
0,7,16,43,97,134,185,218,258,276,272,244,288,275,261,231,181,134,100,50,27,10,6,9
11,14,22,84,113,128,178,208,235,244,231,197,261,277,250,218,181,132,104,33,22,10,14,10
12,13,14,68,108,126,158,188,204,222,201,156,214,226,216,191,155,130,102,51,6,12,50,9
12,14,13,48,92,124,141,160,178,164,138,115,142,173,165,161,139,111,100,50,0,13,90,14
6,0,11,57,107,117,117,127,128,122,106,101,106,121,128,129,123,108,100,42,12,11,13,10
0,9,13,33,82,102,107,106,109,106,76,68,75,111,109,115,104,100,73,23,8,5,1,0
3,12,14,50,57,101,106,106,103,90,56,35,100,108,105,102,73,100,87,15,8,9,9,0
0,14,33,30,53,67,103,105,101,75,27,47,61,90,74,97,100,92,69,24,5,0,0,0
11,13,16,34,50,55,59,59,55,39,20,23,49,68,95,97,77,62,50,3,10,0,0,0
4,4,7,14,47,58,52,58,44,9,10,11,30,56,61,60,58,54,33,6,10,7,5,0
0,0,8,14,33,47,55,52,50,13,1,0,9,14,61,59,54,53,12,8,4,0,0,0
0,0,1,12,27,33,40,38,12,2,0,0,0,3,31,54,53,42,7,0,0,0,0,1
0,4,6,0,4,23,30,14,11,4,0,0,0,0,6,13,27,15,0,0,0,0,0,0
2,0,7,7,13,18,30,33,22,11,0,3,2,8,9,8,8,8,0,0,0,0,0,0
0,9,12,5,19,59,53,48,40,14,10,0,10,11,26,50,32,14,3,0,0,0,0,0
0,3,11,12,41,57,58,56,30,19,9,12,13,30,50,56,53,34,13,3,1,0,0,0
0,3,7,13,27,58,63,71,56,39,18,16,13,47,53,53,53,51,14,11,10,0,0,0
0,5,11,14,52,68,72,91,65,53,12,29,35,54,57,57,54,50,12,0,0,0,0,0
3,2,13,21,56,94,78,100,63,55,28,46,51,47,68,71,58,51,11,9,0,0,0,0
0,8,7,13,46,58,87,72,65,63,51,50,52,55,63,63,58,50,13,11,9,0,0,0
1,4,11,12,21,61,72,82,55,52,18,50,52,56,62,63,55,33,14,10,0,0,7,3
0,7,7,10,17,51,73,64,55,27,25,40,52,58,67,56,50,11,13,6,0,0,7,0
6,0,0,6,9,22,53,54,43,13,14,14,27,50,60,60,14,10,9,9,0,0,0,0

0,0,0,0,0,0,0,0,0,0,3,61,83,65,55,13,4,0,0,0,0,0,0,0
0,0,0,0,0,0,0,0,0,0,0,2,53,61,28,0,0,0,0,0,0,0,0,0
0,0,0,0,0,0,0,0,0,0,0,0,54,30,14,0,0,0,0,0,0,0,0,0
0,0,0,0,0,8,0,12,9,12,20,100,111,103,101,12,0,0,0,0,0,0,0,0
0,0,0,0,11,8,36,68,72,93,99,119,107,113,107,106,52,8,23,0,0,0,0,0
0,0,0,20,50,68,99,110,131,147,149,161,141,123,124,116,96,80,65,40,13,14,5,0
0,0,9,52,73,87,120,115,170,173,166,175,160,160,137,130,122,97,78,72,54,44,7,0
3,0,50,61,74,104,118,140,181,194,167,150,163,159,150,141,138,111,100,95,72,62,9,0
0,7,51,59,62,105,124,157,188,185,183,169,153,155,159,161,144,109,98,88,69,66,54,11
5,14,57,69,57,73,128,168,189,206,229,209,192,181,157,152,139,109,102,70,58,61,52,6
3,13,58,61,53,65,108,130,150,166,177,160,159,171,162,161,136,94,67,54,55,59,51,11
11,12,43,66,18,29,81,123,161,182,192,153,164,176,149,144,122,66,52,50,68,69,59,17
10,25,35,49,40,52,58,123,152,171,175,170,175,162,151,130,107,66,46,11,92,97,57,11
7,40,60,6,0,9,94,115,142,162,154,141,144,150,135,118,109,24,9,11,75,101,61,14
13,53,27,9,0,11,76,102,126,142,132,123,120,109,82,83,100,14,8,8,66,103,69,6
11,38,21,0,0,40,99,87,106,122,123,104,93,87,78,77,85,13,0,0,66,58,54,14
49,53,8,9,27,67,69,73,88,83,80,98,84,100,78,69,87,65,21,2,25,55,30,11
28,28,12,19,14,45,61,97,117,112,105,87,114,134,100,85,66,43,35,13,11,40,27,4
26,16,14,13,45,69,104,129,149,129,116,152,158,154,147,114,110,81,14,4,6,58,18,0
13,12,9,36,106,117,135,181,210,204,192,217,218,202,178,165,143,80,65,8,3,12,12,1
2,12,10,19,100,127,162,195,223,245,234,243,240,244,194,166,161,117,52,17,14,17,8,0
0,7,16,44,98,135,185,218,259,276,271,244,288,275,260,231,181,134,100,50,30,9,5,8
11,14,22,85,113,128,178,208,235,244,231,197,261,277,250,218,181,132,104,34,23,11,13,10
11,14,17,70,108,126,158,189,205,221,201,156,214,226,215,191,155,131,102,51,6,11,12,3
14,17,14,48,92,124,141,160,178,164,138,115,142,172,165,161,139,112,100,50,0,11,50,11
7,0,12,57,107,117,117,127,128,122,106,101,106,121,128,129,123,108,100,42,13,12,12,8
0,9,13,34,83,102,107,106,109,106,75,68,76,110,109,115,104,100,73,24,9,6,0,0
4,12,14,50,57,101,106,106,103,90,57,39,100,108,105,102,73,100,86,16,8,10,9,0
0,14,33,30,53,67,103,105,100,76,27,46,61,90,74,97,100,92,69,24,5,0,0,0
11,13,16,34,50,56,59,59,55,39,20,23,50,69,95,97,77,62,50,3,11,0,0,0
5,4,7,14,48,58,52,58,44,9,10,11,30,56,61,60,58,55,34,6,10,7,5,0
0,0,8,14,33,47,55,52,50,13,1,0,10,14,61,59,54,53,12,8,4,0,0,0
0,0,1,12,27,33,40,38,12,2,0,0,0,3,30,54,53,43,7,0,0,0,0,1
0,4,6,0,4,24,30,14,11,4,0,0,0,0,6,13,28,16,0,0,0,0,0,0
2,0,7,7,13,19,30,33,22,11,0,3,2,8,9,8,8,8,0,0,0,0,0,0
0,9,13,5,19,59,53,48,40,14,10,0,10,11,26,50,32,14,3,0,0,0,0,0
0,2,11,12,41,57,58,57,30,18,9,12,13,28,50,56,53,36,13,3,1,0,0,0
0,3,7,13,27,58,63,72,56,38,19,15,13,47,53,53,53,52,14,11,10,0,0,0
0,5,11,14,52,68,72,90,65,53,12,30,35,54,57,57,54,50,12,0,0,0,0,0
3,2,13,22,56,94,78,100,64,55,27,47,51,47,68,71,58,51,12,9,0,0,0,0
0,8,7,13,47,58,87,72,66,63,51,51,52,55,63,63,58,50,13,11,9,0,0,0
1,4,11,12,21,61,72,82,55,53,19,51,52,56,62,63,56,33,14,11,0,0,7,3
0,7,7,10,16,51,73,64,55,27,25,43,52,58,67,57,50,11,13,6,0,0,7,0
6,0,0,6,9,23,53,54,44,13,14,14,27,50,60,60,14,11,10,9,0,0,0,0

0,0,0,0,0,0,0,0,0,0,4,61,84,65,55,13,4,0,0,0,0,0,0,0
0,0,0,0,0,0,0,0,0,0,0,3,53,61,35,0,0,0,0,0,0,0,0,0
0,0,0,0,0,0,0,0,0,0,0,0,54,34,16,0,0,0,0,0,0,0,0,0
0,0,0,0,0,8,0,12,8,13,31,100,112,103,102,12,0,0,0,0,0,0,0,0
0,0,0,0,10,8,36,67,71,93,100,120,109,114,108,107,51,9,24,0,0,0,0,0
0,0,0,20,51,67,98,109,130,147,151,163,143,126,126,117,96,80,66,46,13,16,6,0
0,0,9,53,72,86,120,114,169,172,168,177,160,162,139,130,121,96,78,74,57,50,8,0
3,0,52,61,74,104,118,139,180,195,167,149,162,159,150,141,138,111,100,96,73,63,11,0
0,8,53,60,62,105,124,157,188,185,183,167,151,153,158,161,144,109,98,88,69,66,54,11
6,16,58,69,58,74,129,169,190,206,229,206,189,179,154,150,138,109,102,70,58,62,53,7
3,14,58,61,54,65,108,130,149,164,177,159,156,168,157,156,135,94,68,55,56,59,51,11
12,14,50,67,23,31,80,122,159,180,190,151,161,173,147,142,121,67,53,52,70,70,60,22
11,33,43,53,43,52,58,122,149,169,173,168,174,161,149,129,106,66,50,12,98,99,58,13
8,53,67,10,1,10,92,114,140,157,149,138,141,148,134,117,108,26,9,12,77,101,62,18
15,60,39,12,0,12,75,102,124,137,126,119,117,105,80,82,100,14,10,10,70,103,73,7
12,41,31,0,0,41,98,86,105,118,118,102,89,84,77,76,84,13,0,0,69,59,54,16
43,54,11,9,26,66,69,72,88,81,77,95,82,98,77,68,86,65,22,2,32,55,34,12
26,29,12,21,15,45,61,95,115,109,101,85,111,132,99,84,66,43,36,13,12,41,28,5
21,19,14,13,44,68,104,128,148,128,114,149,156,153,147,113,109,80,14,4,6,60,20,0
13,13,9,37,106,117,135,181,210,205,192,217,218,203,179,166,143,80,66,9,4,13,12,2
2,13,10,19,100,127,162,196,225,248,237,246,243,246,197,168,162,117,52,18,14,17,9,0
0,7,17,44,99,135,187,220,262,280,278,251,294,279,264,234,183,134,100,50,31,10,5,9
11,15,23,84,113,129,180,211,238,247,234,200,265,281,254,221,183,133,104,34,23,11,14,10
10,14,17,69,108,127,160,191,208,225,204,158,218,229,219,193,157,131,102,52,7,11,12,2
14,18,14,49,92,124,142,162,180,166,139,116,143,175,167,163,140,112,100,51,0,11,44,10
7,0,12,58,107,118,117,127,129,123,106,101,106,122,129,129,123,108,100,44,13,12,12,8
0,10,13,34,83,102,107,106,110,106,77,68,76,111,110,115,104,100,74,27,9,6,0,0
4,12,14,50,57,101,106,106,103,90,56,36,100,108,105,102,73,100,87,18,8,10,9,0
0,15,33,30,53,67,103,105,101,75,25,45,61,90,75,97,100,92,69,24,6,0,0,0
11,13,17,35,50,56,59,60,55,38,20,23,50,69,95,98,78,62,50,3,11,0,0,0
5,5,7,14,48,58,52,58,44,9,10,11,30,56,61,60,58,55,33,6,10,7,5,0
0,0,8,14,33,47,55,53,50,12,1,0,9,14,61,59,54,54,12,9,4,0,0,0
0,0,1,12,27,33,41,39,13,2,0,0,0,3,30,54,53,44,7,0,0,0,0,1
0,4,6,0,4,25,31,14,11,5,0,0,0,0,6,13,30,18,1,0,0,0,0,0
2,0,7,7,14,20,31,34,23,12,0,3,2,9,10,8,9,8,0,0,0,0,0,0
0,9,13,5,19,59,53,48,41,14,10,0,11,12,27,50,35,14,3,0,0,0,0,0
0,2,11,12,41,57,58,57,30,19,9,12,13,30,50,56,54,38,13,3,2,0,0,0
0,3,7,13,27,58,63,72,57,40,19,17,13,50,53,53,53,51,14,11,11,0,0,0
0,5,11,14,52,68,72,91,65,53,12,30,35,54,57,57,55,50,12,0,0,0,0,0
3,2,13,21,56,94,78,100,64,55,27,47,51,47,68,71,58,51,12,9,0,0,0,0
0,7,7,13,47,58,87,72,66,63,51,51,52,55,64,63,58,50,13,11,9,0,0,0
1,4,11,12,21,61,72,82,55,52,18,51,52,56,62,64,56,32,14,10,0,0,7,3
0,7,8,10,16,51,73,64,55,27,26,40,52,58,67,56,50,11,13,6,0,0,7,0
6,0,0,6,9,22,53,55,44,13,14,14,27,50,60,60,14,11,9,9,0,0,0,0

0,0,0,0,0,0,0,0,0,0,8,66,88,69,60,14,3,0,0,0,0,0,0,0
0,0,0,0,0,0,0,0,0,0,0,8,61,66,50,0,0,0,0,0,0,0,0,0
0,0,0,0,0,0,0,0,0,0,0,0,64,54,33,1,0,0,0,0,0,0,0,0
0,0,0,0,0,6,0,2,0,8,44,102,115,103,104,12,0,0,0,0,0,0,0,0
0,0,0,0,10,7,29,66,69,93,101,121,110,115,107,106,51,7,13,0,0,0,0,0
0,0,0,20,50,67,97,108,128,145,150,163,142,125,125,116,95,79,65,48,13,17,7,0
0,0,9,53,72,86,120,114,168,172,168,177,161,162,137,128,120,95,78,74,58,51,9,0
3,0,52,61,74,104,118,139,180,196,167,148,162,158,148,140,137,111,100,96,73,63,11,0
0,8,53,60,62,104,124,157,189,187,183,166,150,152,158,161,143,109,98,88,69,66,54,11
6,16,58,69,58,74,129,170,192,208,231,208,189,179,154,149,137,109,103,71,59,62,53,7
3,14,59,61,54,65,108,130,150,165,178,159,157,168,155,153,134,95,68,55,56,60,51,12
12,14,50,67,24,30,80,122,160,180,190,152,161,172,145,141,120,66,53,52,70,70,60,22
11,34,44,54,44,52,57,122,148,169,173,167,173,160,149,128,106,66,50,12,98,99,58,13
8,53,67,10,2,9,91,113,138,156,148,137,140,147,133,116,108,22,9,12,77,101,63,19
15,59,38,11,0,12,74,101,123,136,125,118,116,103,79,81,100,14,10,10,70,103,73,7
12,42,32,0,0,39,96,86,104,116,116,101,88,83,77,76,83,13,0,0,69,59,54,17
44,54,11,10,20,65,68,72,87,79,76,93,81,96,77,68,84,63,21,2,34,55,37,12
27,29,12,21,15,44,60,94,112,106,98,82,109,130,98,83,65,43,36,13,13,41,29,6
22,19,14,13,44,68,103,127,147,126,113,147,154,151,146,112,109,78,14,4,7,61,23,0
13,13,9,36,106,116,134,180,208,202,190,214,216,200,177,165,143,80,65,8,4,14,12,2
2,13,11,19,100,127,162,195,223,246,235,244,241,244,195,167,161,117,52,18,14,18,10,0
0,7,17,44,98,135,186,219,260,279,276,249,291,277,262,233,182,134,100,51,30,10,5,9
11,15,23,85,113,129,179,211,237,246,233,200,264,279,253,220,183,132,104,34,23,11,14,10
10,14,17,70,108,127,160,190,206,224,204,157,217,228,218,193,157,131,102,51,7,11,12,3
14,18,14,49,92,124,142,162,179,166,139,115,143,175,167,163,140,112,100,51,0,11,44,10
7,0,12,58,107,118,117,127,129,123,106,101,106,122,129,129,123,108,100,44,13,12,12,8
0,10,13,35,85,102,107,106,110,106,77,69,76,111,110,116,104,100,74,27,9,6,0,0
4,12,14,50,57,101,106,106,103,90,57,37,100,108,105,102,73,100,87,18,8,10,9,0
0,15,33,30,53,67,103,105,101,76,27,45,61,90,75,98,100,92,69,25,6,0,0,0
11,13,17,35,50,56,59,60,55,39,20,24,50,68,95,98,78,62,50,3,11,0,0,0
5,5,7,14,49,58,52,58,44,10,10,11,31,57,62,60,58,55,34,6,10,7,5,0
0,0,8,14,33,47,55,53,50,13,1,1,9,14,61,59,54,54,12,9,4,0,0,0
0,0,1,12,28,33,40,40,13,2,0,0,0,3,32,54,53,44,7,0,0,0,0,1
0,4,6,0,4,25,31,14,11,5,0,0,0,0,6,13,30,19,1,0,0,0,0,0
2,0,7,7,14,20,30,34,23,12,0,3,2,9,10,8,8,8,0,0,0,0,0,0
0,9,13,5,19,59,53,48,41,14,10,0,11,11,27,50,34,14,3,0,0,0,0,0
0,3,11,12,41,57,58,57,30,19,9,12,13,29,50,56,54,38,13,3,2,0,0,0
0,3,7,13,27,58,63,72,56,39,19,16,13,48,53,53,53,51,14,11,10,0,0,0
0,5,11,14,52,68,72,91,65,53,12,30,35,54,57,57,54,50,12,0,0,0,0,0
3,2,13,24,56,94,78,100,64,55,28,50,51,47,68,71,58,51,12,9,0,0,0,0
0,8,8,13,48,58,87,72,66,63,51,51,52,55,63,63,58,50,13,11,9,0,0,0
1,4,11,12,21,62,72,82,55,53,20,50,52,56,62,63,55,34,14,10,0,0,7,3
0,7,8,10,16,51,73,64,55,27,26,43,52,58,67,56,50,11,13,6,0,0,7,0
6,0,0,6,9,22,53,54,43,13,14,14,27,50,60,60,14,10,9,9,0,0,0,0

0,0,0,0,0,0,0,0,0,0,8,64,87,68,59,14,2,0,0,0,0,0,0,0
0,0,0,0,0,0,0,0,0,0,0,7,58,64,50,0,0,0,0,0,0,0,0,0
0,0,0,0,0,0,0,0,0,0,0,0,60,51,27,0,0,0,0,0,0,0,0,0
0,0,0,0,0,7,0,3,0,9,35,100,113,103,104,12,0,0,0,0,0,0,0,0
0,0,0,0,10,8,33,66,69,93,100,120,109,114,107,106,51,8,14,0,0,0,0,0
0,0,0,21,51,68,97,108,129,145,149,162,142,125,124,115,95,79,65,50,14,21,8,0
0,0,9,53,73,87,120,114,169,172,169,178,162,162,138,128,120,96,78,74,58,51,9,0
3,0,52,61,74,104,118,139,181,197,169,151,164,160,149,140,137,111,100,97,73,63,12,0
0,8,53,60,62,105,125,158,189,188,185,169,153,154,159,161,144,109,98,88,69,66,54,11
6,18,58,69,58,74,129,170,192,209,232,209,191,181,154,149,137,109,103,71,58,62,53,7
4,14,58,61,54,65,108,131,150,166,178,160,159,169,156,154,134,95,68,55,56,59,51,12
12,14,51,67,24,32,80,123,160,180,191,153,162,173,145,141,120,67,53,52,70,70,60,23
11,35,44,54,44,52,58,122,149,170,174,168,173,160,149,128,106,67,50,12,99,99,59,13
9,54,68,10,2,10,92,114,140,159,150,138,141,148,133,116,108,27,9,12,78,101,63,21
15,58,38,12,0,12,75,101,124,138,128,120,117,105,80,82,100,15,10,10,71,103,76,8
11,41,33,0,0,41,97,86,104,118,118,102,90,84,77,76,84,14,0,0,69,58,54,18
43,54,11,10,24,66,68,72,87,80,78,95,82,98,77,68,85,65,22,2,35,55,37,12
27,30,12,21,16,45,60,94,114,108,100,84,111,131,98,84,65,43,37,13,13,41,29,6
22,20,14,13,45,68,104,128,147,127,114,149,155,152,146,113,109,79,16,4,7,61,27,0
13,13,9,38,106,117,134,180,208,203,191,215,216,201,177,165,143,80,65,9,4,14,13,3
2,13,11,20,100,127,161,195,223,245,234,243,241,244,195,167,161,117,52,18,14,19,10,0
0,7,17,44,98,135,185,218,260,277,273,247,289,276,261,232,182,134,100,51,30,10,5,9
11,15,23,85,113,128,179,210,236,246,232,198,262,278,252,220,182,133,104,34,23,11,14,10
11,14,18,70,108,127,159,189,205,223,202,156,216,227,217,192,156,131,102,52,7,11,12,3
14,18,14,49,92,124,141,161,178,165,139,115,142,174,166,162,140,112,100,51,0,11,45,10
7,0,12,58,107,118,117,127,129,123,106,101,106,122,129,129,123,108,100,44,13,12,12,8
0,10,13,35,84,102,107,106,109,106,77,68,76,111,110,115,104,101,74,27,9,6,1,0
4,12,14,50,57,101,106,106,103,90,57,40,100,108,105,102,73,100,86,18,8,10,9,0
0,15,34,31,53,67,103,105,101,76,28,45,61,91,75,97,100,92,69,26,6,0,0,0
11,13,17,35,50,56,59,60,55,39,21,24,50,68,95,98,78,62,50,3,11,0,0,0
5,5,7,14,49,58,52,58,45,10,10,11,31,57,61,60,58,55,34,6,10,7,6,0
0,0,8,14,33,47,55,52,50,13,1,1,10,14,61,59,54,54,13,9,4,0,0,0
0,0,1,12,27,33,41,40,13,2,0,0,0,4,32,54,53,45,7,0,0,0,0,1
0,5,6,0,4,25,31,14,11,5,0,0,0,0,6,13,30,19,1,0,0,0,0,0
2,0,7,7,14,20,30,34,22,12,0,3,2,8,9,8,8,8,0,0,0,0,0,0
0,9,13,5,20,59,53,48,40,14,10,0,10,11,26,50,33,14,3,0,0,0,0,0
0,3,11,12,42,57,58,57,30,19,9,12,13,29,50,56,54,37,13,3,2,0,0,0
0,3,7,13,27,58,63,71,56,39,19,15,13,47,53,53,53,51,14,11,10,0,0,0
0,5,11,14,52,68,72,91,65,53,12,30,35,54,57,57,54,50,12,0,0,0,0,0
3,2,13,24,56,94,78,100,64,55,27,48,51,47,68,71,58,51,12,9,0,0,0,0
0,8,8,13,48,58,87,72,66,63,51,51,52,55,63,63,58,50,13,11,9,0,0,0
1,4,11,12,22,62,72,82,55,53,19,51,52,56,61,63,56,33,14,11,0,0,7,3
0,7,8,10,16,51,73,64,55,27,26,43,52,58,67,56,51,11,13,7,0,0,7,0
6,0,0,6,9,23,53,54,43,13,14,14,27,50,60,60,14,11,10,9,0,0,0,0

0,0,0,0,0,0,0,0,0,0,8,64,87,68,59,14,3,0,0,0,0,0,0,0
0,0,0,0,0,0,0,0,0,0,0,7,57,64,50,0,0,0,0,0,0,0,0,0
0,0,0,0,0,0,0,0,0,0,0,0,60,51,31,0,0,0,0,0,0,0,0,0
0,0,0,0,0,8,0,3,0,9,37,100,113,102,104,12,0,0,0,0,0,0,0,0
0,0,0,0,10,8,36,67,70,93,100,120,109,114,107,106,51,10,22,0,0,0,0,0
0,0,0,21,51,68,98,109,130,145,148,161,141,124,124,116,96,80,66,50,14,24,8,0
0,0,10,54,73,87,121,115,169,172,167,176,160,161,137,128,121,97,79,75,59,52,9,0
3,0,53,62,75,105,119,140,181,195,167,149,163,158,148,140,138,112,100,97,73,63,12,0
0,8,53,60,62,105,125,158,189,187,185,169,152,154,158,161,144,109,98,89,70,66,55,11
6,19,58,69,57,74,129,170,191,207,231,210,191,181,154,149,137,109,103,71,59,62,53,7
4,14,59,61,54,65,108,131,151,165,178,160,159,169,155,154,134,95,68,55,56,60,51,12
12,14,50,67,24,32,81,123,161,180,191,152,162,172,144,141,120,67,53,52,69,70,61,24
11,35,44,54,44,53,58,122,150,170,173,167,172,158,148,128,106,67,50,12,97,99,59,13
9,54,68,10,2,10,92,114,140,159,150,138,141,148,133,116,108,25,10,12,77,101,63,22
15,58,37,11,0,12,75,102,124,139,128,120,117,106,80,82,100,14,10,10,71,104,76,8
11,40,32,0,0,40,97,86,105,119,119,102,90,85,77,76,83,14,0,0,68,58,54,18
43,54,11,10,24,66,68,72,87,81,78,95,82,98,77,68,85,64,22,2,34,55,37,12
27,29,12,22,16,45,60,95,115,109,101,84,111,132,99,84,65,43,37,13,13,41,29,6
22,20,14,13,45,68,104,128,148,128,114,149,156,153,146,113,109,80,16,4,7,61,26,0
13,13,9,39,106,117,134,180,208,203,191,216,217,201,178,165,143,80,65,9,4,14,13,3
2,13,11,20,100,127,162,195,223,246,235,244,241,244,195,167,161,117,52,18,14,19,10,0
0,7,17,44,98,135,186,219,260,277,275,248,290,276,262,232,182,134,100,51,31,10,6,9
11,15,23,86,113,129,179,210,236,246,233,199,263,279,252,220,183,133,104,34,24,11,14,10
11,14,19,71,108,127,159,190,206,223,203,157,216,228,218,192,157,131,102,51,7,11,12,3
14,19,14,49,92,124,141,161,179,165,139,115,143,174,166,162,140,112,100,51,0,11,44,10
7,0,12,58,107,118,117,127,129,123,106,101,106,122,129,129,123,108,100,44,13,12,12,8
0,10,13,36,84,102,107,106,110,106,77,69,75,111,109,116,104,100,74,28,9,6,1,0
4,12,14,51,57,101,106,106,103,91,57,39,100,108,105,102,73,100,87,18,8,10,9,0
0,15,34,31,53,68,103,105,101,76,30,47,61,90,75,97,100,93,69,26,6,0,0,0
11,13,17,36,50,56,59,60,55,39,21,24,50,69,95,98,78,62,50,4,11,0,0,0
5,5,7,14,50,59,52,58,45,10,11,11,31,56,61,60,58,55,36,6,10,7,6,0
0,0,9,15,33,48,55,53,51,13,1,1,10,14,61,59,54,54,13,9,4,0,0,0
0,0,1,12,28,33,41,40,13,2,0,0,0,4,31,54,53,45,8,0,0,0,0,1
0,5,6,0,4,25,31,14,11,5,0,0,0,0,6,13,30,21,1,0,0,0,0,0
2,0,7,7,14,21,31,33,23,12,0,3,2,8,9,8,8,8,0,0,0,0,0,0
0,9,13,5,21,59,53,48,40,14,10,0,11,11,26,50,33,14,3,0,0,0,0,0
0,3,11,12,42,57,58,57,30,19,9,12,13,29,50,56,54,37,13,3,2,0,0,0
0,3,7,13,27,58,63,72,56,39,19,16,13,48,53,53,53,52,14,11,10,0,0,0
0,5,12,14,52,68,72,91,65,53,12,30,36,54,57,57,54,50,12,0,0,0,0,0
3,2,13,24,56,94,78,100,64,55,28,48,51,47,68,71,58,51,12,9,0,0,0,0
0,8,8,13,47,58,87,72,66,63,51,51,52,55,63,63,58,50,13,11,9,0,0,0
1,4,11,12,22,62,72,82,55,53,18,51,52,56,61,63,56,34,14,11,0,0,7,3
0,7,8,10,17,51,73,64,55,27,26,41,52,58,67,56,50,11,13,7,0,0,7,0
6,0,0,6,9,23,53,54,44,13,14,14,28,50,60,60,15,11,10,9,0,0,0,0

0,0,0,0,0,0,0,0,0,0,8,64,87,68,59,14,3,0,0,0,0,0,0,0
0,0,0,0,0,0,0,0,0,0,0,7,57,64,50,0,0,0,0,0,0,0,0,0
0,0,0,0,0,0,0,0,0,0,0,0,60,51,31,1,0,0,0,0,0,0,0,0
0,0,0,0,0,8,0,3,0,9,37,100,113,102,104,12,0,0,0,0,0,0,0,0
0,0,0,0,11,9,37,67,70,93,100,120,108,114,107,106,52,10,25,0,0,0,0,0
0,0,0,22,51,68,98,109,130,144,148,161,141,124,124,116,96,80,66,51,14,26,8,0
0,0,10,54,73,88,121,115,169,171,166,176,160,162,137,128,121,97,79,76,59,52,9,0
3,0,53,62,75,105,119,140,181,196,168,149,163,159,148,140,138,112,101,98,74,63,13,0
0,8,54,60,62,105,125,158,189,187,186,170,153,154,159,162,144,110,99,89,70,67,55,11
6,19,58,69,57,73,129,170,191,209,234,212,193,182,155,150,137,110,103,71,59,62,54,7
4,14,59,61,54,65,107,131,151,166,179,162,160,171,156,154,134,95,68,54,56,60,52,12
12,14,50,67,24,31,80,123,160,181,192,154,163,173,145,140,120,67,53,51,69,70,61,26
11,36,43,54,43,52,58,122,149,170,175,169,174,159,148,127,105,66,50,12,96,99,59,13
9,54,67,10,2,10,91,114,140,159,151,139,141,148,133,116,108,21,9,12,77,101,63,23
15,57,35,11,0,12,74,101,124,138,128,120,117,105,80,82,99,14,10,10,70,104,78,8
11,40,32,0,0,40,97,86,104,118,118,102,90,84,77,76,83,14,0,0,68,58,54,19
43,54,11,10,22,65,68,72,87,80,78,95,82,97,77,68,84,63,22,2,33,55,37,13
27,29,12,21,16,45,60,95,114,108,100,83,110,131,99,84,65,43,37,13,13,41,30,7
23,20,14,13,44,68,104,128,147,128,114,148,155,152,146,113,109,80,16,4,7,61,27,0
13,13,9,38,106,117,134,180,208,203,191,215,216,201,178,165,143,80,65,9,4,14,13,3
2,13,11,20,100,127,162,195,223,246,235,244,241,244,195,167,161,117,52,18,14,19,10,0
0,7,17,44,98,135,186,219,260,278,275,248,291,277,262,232,182,134,100,51,31,10,6,9
11,15,23,85,113,129,179,210,237,246,233,199,263,279,252,220,183,133,104,34,24,11,14,10
11,14,19,71,108,127,159,190,206,223,204,158,217,228,218,193,157,131,102,51,7,11,13,3
14,18,14,50,92,124,141,161,179,166,139,115,143,174,166,162,140,112,100,51,0,11,44,10
7,0,12,58,107,118,117,127,129,123,106,101,106,122,129,129,123,108,100,44,13,12,12,8
0,10,13,36,84,102,107,106,110,106,77,70,76,111,110,116,104,101,74,27,9,7,1,0
4,12,14,51,57,101,106,106,103,90,57,40,100,108,105,102,73,100,87,20,8,10,9,0
0,15,34,31,54,68,103,105,101,76,28,45,61,91,75,97,100,92,70,25,6,0,0,0
11,13,17,36,50,56,59,60,55,39,21,25,50,68,95,98,79,62,50,4,11,0,0,0
5,5,7,14,50,58,52,58,45,10,11,11,31,57,61,60,58,55,35,6,10,7,6,0
0,0,9,15,33,47,55,53,50,13,1,1,10,14,61,59,54,54,13,9,4,0,0,0
0,0,1,12,28,33,40,40,13,3,0,0,0,3,32,54,53,44,8,0,0,0,0,1
0,5,6,0,4,25,31,14,11,5,0,0,0,0,7,13,29,21,1,0,0,0,0,0
2,1,7,7,14,21,30,33,22,12,0,3,3,8,9,8,9,8,0,0,0,0,0,0
0,9,13,5,20,59,53,48,41,14,10,0,10,11,27,50,34,14,3,0,0,0,0,0
0,3,11,12,41,57,58,57,30,19,9,12,13,30,50,56,53,37,13,3,2,0,0,0
0,3,7,13,27,58,63,71,56,39,19,16,13,48,53,53,53,52,14,11,10,0,0,0
0,5,12,14,52,68,72,91,65,53,12,30,35,54,57,57,55,50,12,0,0,0,0,0
3,2,13,25,57,94,78,100,64,55,31,50,51,46,68,71,58,51,12,9,0,0,0,0
0,8,8,13,48,58,87,72,66,63,51,51,52,55,63,63,58,50,13,11,9,0,0,0
1,4,11,12,22,62,72,82,55,53,20,51,52,56,61,63,56,33,14,11,0,0,7,3
0,7,8,10,17,51,73,64,55,27,26,43,52,58,67,56,50,11,13,7,0,0,7,0
6,0,0,6,9,23,53,54,44,13,14,14,28,50,60,60,15,11,10,9,0,0,0,0

0,0,0,0,0,0,0,0,0,0,8,64,87,68,59,14,3,0,0,0,0,0,0,0
0,0,0,0,0,0,0,0,0,0,0,7,57,63,51,0,0,0,0,0,0,0,0,0
0,0,0,0,0,0,0,0,0,0,0,0,60,51,31,1,0,0,0,0,0,0,0,0
0,0,0,0,0,8,0,3,0,9,35,100,113,102,104,12,0,0,0,0,0,0,0,0
0,0,0,0,11,9,36,67,70,93,99,120,108,114,107,106,51,10,25,0,0,0,0,0
0,0,0,22,51,68,98,109,129,144,147,161,140,124,124,116,96,80,66,50,14,25,8,0
0,0,10,54,73,88,121,114,168,171,167,176,160,161,137,128,121,97,79,75,59,52,9,0
3,0,53,62,75,105,119,139,181,195,168,150,163,159,148,140,138,112,101,97,73,63,13,0
0,8,54,60,62,105,125,158,189,187,185,169,153,154,159,161,144,110,99,89,70,67,55,12
6,20,58,69,57,73,129,170,191,208,232,211,193,182,155,149,138,110,103,71,59,62,54,7
4,14,59,61,54,65,107,131,151,166,179,161,160,171,156,153,134,95,68,54,56,60,52,12
12,14,50,67,24,32,80,123,161,180,192,154,163,173,145,140,120,67,53,52,69,70,61,26
11,36,43,54,44,53,58,122,150,170,174,169,174,159,148,128,106,66,50,12,97,100,59,13
9,55,68,10,2,10,92,114,140,159,151,139,142,148,133,116,108,25,9,12,77,101,64,23
15,57,36,11,0,12,75,101,124,138,128,120,117,106,80,82,100,14,10,10,71,104,78,8
11,41,32,0,0,40,97,86,105,118,119,102,90,85,77,76,84,14,0,0,69,58,55,20
43,54,11,10,24,66,68,72,87,81,78,95,82,98,77,68,85,64,22,2,34,55,39,13
27,30,13,22,16,45,60,95,114,108,100,84,111,132,99,84,65,43,37,13,13,41,30,7
23,20,14,13,44,68,104,128,148,127,114,149,155,152,146,113,109,79,17,4,7,62,30,0
13,13,9,38,106,117,134,180,209,203,191,215,217,201,178,165,143,80,65,9,4,14,13,3
2,13,11,20,100,127,162,195,223,246,235,244,241,244,195,167,161,117,52,18,14,19,11,0
0,7,17,44,98,135,186,219,260,278,275,248,290,277,262,233,182,134,100,51,32,10,6,9
11,15,23,85,113,129,179,210,237,246,233,199,263,279,252,220,183,133,104,34,24,11,14,10
11,14,20,71,108,127,159,190,206,223,204,158,217,228,218,193,157,131,102,52,7,12,13,3
14,19,14,49,93,124,141,161,179,166,139,115,143,174,166,163,140,112,100,51,1,11,45,10
7,0,12,58,107,118,117,127,129,123,106,102,106,122,129,129,123,108,100,46,13,12,12,8
0,10,13,35,84,102,107,106,110,106,77,69,76,111,110,116,104,100,74,28,9,7,1,0
4,12,14,51,57,101,106,106,103,91,58,40,100,108,105,102,74,100,87,21,8,10,9,0
0,15,33,31,54,67,103,105,101,75,30,48,61,90,75,98,100,92,69,27,6,0,0,0
11,13,17,36,50,56,59,60,55,39,22,25,50,68,95,98,79,62,50,4,11,0,0,0
5,6,7,14,49,58,52,58,45,10,11,11,31,56,61,60,58,55,35,6,10,7,6,0
0,0,9,15,33,47,55,53,50,13,1,1,10,14,61,59,54,54,13,9,4,0,0,0
0,0,1,12,28,33,40,40,13,3,0,0,0,4,31,54,53,45,8,0,0,0,0,1
0,5,6,0,4,26,31,14,11,5,0,0,0,0,7,13,30,22,2,0,0,0,0,0
2,1,7,7,14,21,31,34,22,12,0,3,3,9,10,8,9,8,0,0,0,0,0,0
0,9,13,5,21,59,53,48,40,14,10,0,11,11,27,50,35,14,3,0,0,0,0,0
0,3,11,12,41,57,58,57,30,19,9,12,13,30,50,56,54,38,13,3,2,0,0,0
0,3,7,13,27,58,63,71,56,39,19,17,13,47,53,53,53,52,14,11,11,0,0,0
0,5,12,14,52,68,72,91,65,53,12,30,35,54,57,57,55,50,12,0,0,0,0,0
3,2,13,22,56,94,78,100,63,55,27,47,51,47,68,71,58,51,12,9,0,0,0,0
0,8,8,13,48,58,87,72,66,63,51,50,52,55,63,63,58,50,13,11,9,0,0,0
1,4,11,12,23,62,72,82,55,53,21,50,52,56,61,63,56,34,14,11,0,0,7,3
0,7,8,10,17,51,73,64,55,27,26,43,52,58,67,56,50,11,13,7,0,0,7,0
6,0,0,6,9,23,53,54,44,13,14,14,27,50,60,60,14,11,10,9,0,0,0,0

0,0,0,0,0,0,0,0,0,0,8,64,86,67,58,13,3,0,0,0,0,0,0,0
0,0,0,0,0,0,0,0,0,0,0,7,57,63,50,0,0,0,0,0,0,0,0,0
0,0,0,0,0,0,0,0,0,0,0,0,59,50,27,0,0,0,0,0,0,0,0,0
0,0,0,0,0,8,0,3,0,9,37,100,112,102,103,12,0,0,0,0,0,0,0,0
0,0,0,0,10,8,36,67,69,93,100,120,108,114,107,106,51,10,23,0,0,0,0,0
0,0,0,22,51,68,98,108,129,144,148,161,141,125,124,115,95,80,66,50,14,25,8,0
0,0,10,54,73,87,120,114,168,171,167,177,161,162,137,128,120,96,78,75,59,52,9,0
3,0,53,62,75,105,118,139,181,195,168,151,164,159,149,140,138,112,101,97,73,63,13,0
0,8,54,60,62,105,125,158,188,186,185,169,153,154,159,162,144,110,98,89,70,66,55,12
6,20,58,69,57,74,129,170,191,208,232,210,192,182,155,150,138,110,103,71,59,62,54,7
4,14,59,61,54,65,108,131,150,165,178,161,160,170,156,154,134,95,68,55,56,60,52,12
12,14,51,68,25,32,81,123,160,180,191,154,163,173,145,141,120,67,53,52,69,70,61,26
11,37,44,54,44,53,58,122,150,170,175,169,174,160,148,128,106,67,51,13,99,99,59,14
9,55,68,10,2,10,92,114,140,159,151,139,142,148,133,116,109,29,10,12,78,101,63,23
15,57,36,12,0,12,75,102,124,138,128,121,118,106,80,82,100,17,10,10,72,104,78,8
11,41,33,0,0,42,97,86,105,119,119,102,91,85,77,77,84,14,0,0,70,58,55,19
43,54,11,10,26,66,69,72,87,81,78,95,82,98,77,68,85,65,22,2,36,55,39,13
27,30,13,22,17,45,60,95,115,109,101,85,111,132,99,84,66,43,37,13,13,41,30,7
23,20,14,13,45,68,104,128,148,128,114,149,156,153,146,113,109,80,19,4,7,63,30,0
13,13,10,38,106,117,134,180,208,203,191,215,217,201,178,165,143,80,65,9,4,14,13,4
2,13,11,20,100,127,161,195,223,245,234,244,241,244,195,167,161,117,52,18,14,19,11,0
0,7,17,44,99,135,186,219,259,277,274,247,290,276,262,233,183,135,100,51,31,10,6,9
11,15,23,85,113,129,179,210,236,246,232,198,263,279,252,220,183,133,104,34,24,11,14,11
11,14,20,72,108,127,159,190,206,223,203,157,216,228,218,193,157,131,102,52,7,12,13,3
14,19,14,49,92,124,141,161,179,166,139,115,143,174,166,162,140,112,100,51,1,12,45,10
7,0,12,58,107,118,117,127,129,123,106,101,106,122,129,129,123,108,100,44,13,12,12,8
0,10,13,35,84,102,107,106,110,106,77,69,76,111,109,115,104,100,74,28,9,7,1,0
4,12,14,51,57,101,106,106,103,90,58,41,100,108,105,102,73,100,87,20,9,10,9,0
0,15,33,31,54,68,103,105,101,76,31,47,61,90,75,98,100,93,69,26,6,0,0,0
11,13,18,36,50,56,59,60,55,39,22,25,50,69,95,98,78,62,51,4,11,0,0,0
5,6,7,14,49,58,52,58,45,10,11,11,31,57,61,60,58,55,36,6,10,7,6,0
0,0,9,15,33,47,55,53,50,13,1,1,10,14,61,59,54,54,13,9,5,0,0,0
0,0,1,12,28,33,40,40,13,3,0,0,0,4,32,54,53,44,8,0,0,0,0,1
0,5,6,0,4,25,31,14,11,5,0,0,0,0,7,13,30,23,2,0,0,0,0,0
2,1,7,7,14,21,31,36,23,12,0,3,3,9,10,8,9,9,0,0,0,0,0,0
0,9,13,5,22,59,53,48,41,15,10,0,11,11,27,50,34,15,3,0,0,0,0,0
0,3,11,12,42,57,58,57,30,19,9,12,13,30,51,56,54,39,13,3,2,0,0,0
0,3,7,13,27,58,63,71,56,39,19,17,13,48,53,53,53,52,14,11,10,0,0,0
0,5,12,14,52,68,72,91,65,53,12,30,35,54,57,57,54,50,12,0,0,0,0,0
3,2,13,22,56,94,78,100,64,55,27,48,51,46,68,71,58,51,12,9,0,0,0,0
0,8,8,13,47,58,87,72,66,63,51,51,53,55,63,63,58,50,13,11,10,0,0,0
1,4,11,12,22,62,72,82,55,53,20,51,52,56,61,63,55,34,15,11,0,0,7,3
0,7,8,10,17,51,73,64,55,27,26,40,52,58,67,56,50,11,13,7,0,0,8,0
6,0,0,6,9,23,53,54,45,13,14,14,28,50,60,60,14,11,10,9,0,0,0,0

0,0,0,0,0,0,0,0,0,0,9,63,86,67,58,13,3,0,0,0,0,0,0,0
0,0,0,0,0,0,0,0,0,0,0,7,57,63,50,0,0,0,0,0,0,0,0,0
0,0,0,0,0,0,0,0,0,0,0,0,59,50,26,0,0,0,0,0,0,0,0,0
0,0,0,0,0,8,0,4,0,9,38,100,113,102,103,12,0,0,0,0,0,0,0,0
0,0,0,0,10,8,36,67,70,93,100,120,108,114,107,106,51,10,24,0,0,0,0,0
0,0,0,22,51,68,97,108,128,144,148,161,141,124,124,115,95,79,66,50,14,24,8,0
0,0,10,54,73,87,120,114,168,171,168,177,161,162,137,128,120,96,78,75,59,52,9,0
3,0,53,62,75,105,119,140,181,196,169,151,164,160,149,140,138,112,100,97,73,63,13,0
0,9,54,60,62,105,125,158,189,187,185,169,154,155,159,162,144,110,99,89,70,66,55,12
6,21,58,69,57,74,129,170,191,208,232,211,193,182,155,150,138,110,103,71,59,62,54,7
4,14,59,61,54,65,108,131,150,165,178,161,160,171,157,154,135,95,68,55,56,60,52,12
13,14,51,68,25,33,81,123,160,180,191,153,164,174,145,141,120,67,53,52,70,70,61,27
11,38,45,54,45,53,58,122,149,170,174,169,175,160,148,128,106,67,51,13,100,100,59,14
9,55,68,10,2,10,92,114,140,159,150,139,142,148,133,116,109,31,10,12,79,101,64,24
15,57,37,12,0,13,75,102,124,138,128,120,118,106,80,82,100,19,10,10,73,104,78,9
11,41,34,0,0,42,97,86,105,119,119,102,90,85,78,76,84,14,0,0,70,58,55,20
43,54,11,10,27,66,68,72,87,81,78,95,82,98,77,68,85,65,23,2,37,55,40,13
27,30,13,22,17,45,60,95,114,109,101,84,111,132,99,84,65,43,38,13,13,41,30,8
23,20,14,13,45,68,104,128,148,128,114,149,156,153,146,113,109,81,20,5,8,63,32,1
13,13,10,39,106,117,134,180,208,203,191,215,217,201,177,165,143,80,65,9,5,14,13,4
2,13,11,20,100,127,162,195,223,246,234,243,241,244,195,167,161,117,52,18,14,19,11,0
0,7,17,44,98,135,186,218,259,277,273,247,290,276,262,233,183,135,100,51,31,10,6,9
11,15,23,85,113,128,179,210,236,245,233,199,262,278,252,220,183,133,104,34,24,11,14,11
11,14,20,71,108,127,159,189,205,223,203,157,216,228,218,193,157,131,102,52,7,12,13,3
14,19,14,49,92,124,141,161,178,165,139,116,143,174,166,163,140,112,100,52,1,12,47,11
7,0,12,58,107,118,117,127,129,123,106,101,106,122,129,129,123,108,100,44,13,12,12,8
0,10,13,35,84,102,107,106,110,106,77,69,76,111,110,116,104,101,74,28,9,7,1,0
4,12,14,51,57,101,106,106,103,91,58,39,100,108,105,102,73,100,87,20,9,10,9,0
0,15,34,31,53,68,103,105,101,76,30,48,61,91,75,98,100,93,70,26,6,0,0,0
11,13,18,36,50,56,59,60,55,39,22,25,50,68,95,98,78,62,50,4,11,0,0,0
5,6,7,14,50,58,52,58,45,10,11,11,31,56,61,60,59,55,36,6,10,7,6,0
0,0,9,15,34,47,55,53,50,13,2,1,10,14,61,59,54,54,13,9,5,0,0,0
0,0,1,12,29,33,40,40,13,3,0,0,0,4,32,54,53,44,8,0,0,0,0,1
0,5,6,0,4,26,31,14,11,5,0,0,0,0,7,13,30,22,2,0,0,0,0,0
2,1,7,7,14,21,30,34,23,12,0,3,3,9,10,8,9,8,0,0,0,0,0,0
0,9,13,5,21,59,53,48,42,14,10,0,11,11,27,50,34,14,3,0,0,0,0,0
0,3,11,12,42,57,58,57,30,19,9,12,14,30,51,56,54,39,13,3,2,0,0,0
0,3,7,13,27,58,63,71,56,39,20,16,13,48,53,53,53,52,14,11,11,0,0,0
0,5,12,14,52,68,72,91,65,53,13,30,35,54,57,57,55,50,12,0,0,0,0,0
3,2,13,24,56,93,78,100,64,55,27,50,51,46,68,71,58,51,12,9,0,0,0,0
0,8,8,13,47,58,87,72,66,63,51,51,52,55,63,63,58,50,13,11,10,0,0,0
1,4,11,12,22,62,72,82,55,53,19,50,52,56,61,63,56,33,14,11,0,0,7,3
0,7,8,10,17,51,73,63,55,27,26,44,52,58,67,56,51,11,13,7,0,0,7,0
6,0,0,6,9,23,53,54,43,13,14,14,27,50,60,60,14,11,10,9,0,0,0,0

0,0,0,0,0,0,0,0,0,0,9,64,86,67,58,14,3,0,0,0,0,0,0,0
0,0,0,0,0,0,0,0,0,0,0,7,57,63,50,0,0,0,0,0,0,0,0,0
0,0,0,0,0,0,0,0,0,0,0,0,59,47,26,0,0,0,0,0,0,0,0,0
0,0,0,0,0,8,0,4,0,9,40,100,112,102,103,12,0,0,0,0,0,0,0,0
0,0,0,0,10,8,35,67,70,93,99,119,108,114,107,106,51,10,23,0,0,0,0,0
0,0,0,22,51,68,97,108,128,143,148,161,141,124,124,115,95,79,65,50,14,23,8,0
0,0,10,54,73,87,120,114,167,171,167,177,161,162,137,128,120,96,78,75,59,52,9,0
3,0,53,62,74,105,119,139,181,196,169,151,165,160,149,140,138,112,100,97,73,63,12,0
0,9,54,60,62,105,125,158,189,187,185,170,154,155,159,162,144,110,98,89,70,66,55,11
6,22,58,69,57,74,129,170,192,209,233,212,193,182,156,150,138,110,103,71,59,62,54,7
4,15,59,61,54,65,108,131,150,166,179,161,161,171,157,154,135,96,68,55,56,60,52,12
13,14,51,68,25,34,81,123,161,180,191,154,164,174,145,141,120,67,53,52,69,70,61,28
11,38,45,55,45,53,58,122,149,170,174,169,175,161,149,128,106,67,51,13,100,100,59,14
9,55,68,10,2,10,92,114,140,158,150,139,142,148,133,116,109,34,10,12,78,101,64,25
15,58,37,12,0,13,75,102,123,138,128,120,118,105,80,82,100,20,10,10,73,104,78,9
12,41,34,0,0,42,97,86,104,118,119,102,90,84,77,76,84,14,0,0,70,58,55,20
43,54,11,10,27,66,69,72,87,81,78,96,82,98,77,68,85,65,23,2,38,55,41,13
27,30,13,22,17,45,60,95,114,108,101,85,111,132,99,84,66,43,38,13,13,41,30,8
23,20,14,13,45,68,104,128,147,128,114,149,156,152,146,113,109,80,20,5,8,64,35,1
13,13,10,40,106,117,134,180,208,202,191,215,217,201,177,165,143,80,65,9,5,15,13,4
2,13,11,20,100,127,161,195,223,245,234,243,241,244,195,167,161,117,52,18,14,19,11,0
0,7,17,44,98,135,185,219,259,277,274,247,290,276,262,233,182,135,100,51,32,10,6,9
11,15,23,85,113,129,179,210,236,246,232,198,263,279,252,220,183,133,104,34,24,11,14,11
12,14,20,71,108,127,159,189,205,223,203,157,216,227,217,193,157,131,102,52,7,12,13,3
15,19,14,49,93,124,141,161,178,166,139,115,143,174,166,163,140,112,100,52,1,12,47,11
7,0,12,58,107,118,117,127,129,123,106,101,106,122,129,129,123,108,100,46,13,12,12,8
0,10,13,35,84,102,107,106,110,106,77,69,76,111,110,116,104,100,75,28,9,7,1,0
4,12,14,51,57,101,106,106,103,90,58,39,100,108,105,102,73,100,87,18,9,10,9,0
0,15,34,32,54,68,103,105,101,76,29,48,61,91,75,98,100,93,70,28,6,0,0,0
11,13,18,36,50,55,59,60,55,40,22,25,50,69,95,98,78,62,50,4,11,0,0,0
5,6,7,14,49,58,52,58,45,10,11,12,31,56,61,60,58,55,36,6,10,7,6,1
0,0,9,15,33,47,55,53,50,13,1,1,10,14,61,59,54,54,13,9,5,0,0,0
0,0,1,12,28,33,40,42,13,3,0,0,0,4,32,54,53,46,8,0,0,0,0,1
0,5,6,0,4,26,31,14,11,5,0,0,0,0,7,13,29,23,2,0,0,0,0,0
2,1,7,7,14,21,31,34,23,12,0,3,3,9,10,8,9,9,0,0,0,0,0,0
0,9,13,5,21,59,53,48,41,14,10,0,11,11,27,50,34,15,3,0,0,0,0,0
0,3,11,12,42,57,58,57,30,19,9,12,14,30,50,56,54,39,13,3,2,0,0,0
0,3,7,13,27,58,63,71,56,40,20,17,13,50,53,53,53,51,14,11,11,0,0,0
0,5,12,14,52,68,72,91,65,53,13,30,35,54,57,57,55,50,12,0,0,0,0,0
3,2,13,22,56,94,78,100,64,55,29,48,51,46,68,71,58,51,12,9,0,0,0,0
0,8,8,13,47,58,87,72,66,62,51,51,52,55,63,63,58,50,13,11,10,0,0,0
1,4,11,12,22,62,72,82,55,53,21,50,52,56,61,63,56,34,14,11,0,0,7,3
0,7,8,10,17,51,72,64,55,27,26,40,52,58,67,57,50,11,13,7,0,0,8,0
6,0,0,6,9,23,53,54,46,13,14,15,29,50,60,60,14,11,10,9,0,0,0,0
