0,0,0,0,8,9,10,13,13,13,11,11,9,11,7,6,3,5,1,0,5,3,9,0
0,0,0,9,13,29,50,48,54,50,51,51,33,22,14,14,15,12,1,12,12,7,7,0
0,0,7,8,14,40,56,60,58,55,57,58,59,45,22,14,22,17,10,10,10,1,9,7
0,0,0,10,14,29,51,65,56,61,62,61,53,43,19,13,14,13,12,11,13,7,0,0
0,0,0,0,2,1,4,8,31,45,38,14,8,6,5,9,12,6,14,13,9,6,0,3
4,0,3,5,5,12,14,28,34,36,43,44,47,39,37,30,33,13,14,24,18,5,0,0
3,0,0,4,10,19,40,52,54,53,55,61,63,57,55,54,50,31,14,13,14,0,1,0
0,0,0,3,23,45,57,66,68,71,82,90,82,84,86,65,54,53,52,30,15,8,1,0
0,0,4,27,51,61,65,87,111,106,108,125,119,122,120,95,66,58,56,56,12,10,10,0
0,0,14,56,53,66,88,121,129,121,128,146,138,143,138,103,78,60,50,52,37,12,10,8
0,12,41,47,50,56,77,114,120,127,131,128,137,139,115,86,57,52,51,50,15,10,7,6
0,7,52,51,51,50,56,85,119,126,136,124,122,143,114,71,56,37,20,46,30,11,7,11
0,14,51,44,21,44,52,75,105,116,124,119,126,124,114,101,71,13,14,50,37,12,0,0
0,11,42,32,12,8,54,74,80,100,103,104,110,109,107,101,57,10,10,27,67,8,2,0
1,12,30,12,8,0,24,56,53,56,67,76,104,108,104,57,27,11,17,58,107,17,14,7
10,43,56,11,10,0,38,55,55,54,57,56,83,90,63,53,42,11,12,37,95,15,7,8
10,88,87,13,9,10,52,59,53,55,60,56,78,64,61,58,51,36,9,13,11,12,6,3
11,22,32,28,28,20,39,43,46,53,55,47,47,52,60,58,39,23,10,9,12,18,12,8
2,3,8,6,6,13,38,44,52,57,67,90,70,58,56,65,34,13,11,6,6,11,3,6
2,5,5,4,10,13,53,101,83,96,123,139,151,133,127,126,121,104,33,12,12,10,1,0
5,0,4,12,15,37,99,119,121,133,175,151,154,154,146,137,131,120,99,32,29,15,13,7
0,0,7,15,45,58,103,128,144,151,149,144,157,175,166,172,147,106,60,41,14,3,4,0
5,2,11,21,37,48,59,98,128,139,153,140,157,161,153,146,131,107,58,70,56,31,7,10
2,0,0,10,41,58,82,107,126,136,146,125,133,142,140,136,133,122,105,82,70,52,10,9
1,4,11,25,60,93,104,102,106,114,117,101,101,109,115,105,106,102,101,84,73,58,21,13
0,12,29,54,70,100,101,103,101,104,103,42,14,33,100,93,101,100,89,101,67,100,54,16
1,12,14,46,41,44,48,47,51,33,33,13,10,13,17,28,41,48,52,48,73,40,40,17
0,14,21,35,48,13,34,26,29,26,14,14,10,14,13,14,28,25,14,15,29,50,28,10
0,13,10,12,10,9,7,5,13,23,14,11,5,9,12,14,14,23,25,8,11,7,2,0
0,4,3,0,0,6,5,7,8,18,31,28,14,13,25,29,30,25,26,10,13,6,12,9
5,7,6,8,9,11,13,13,13,15,35,27,13,8,12,15,19,23,13,10,10,7,34,8
0,0,0,8,12,9,10,10,6,10,13,13,13,8,8,14,13,14,10,10,20,13,31,51
0,0,0,37,21,28,12,6,11,12,11,12,10,8,6,12,14,14,9,8,12,16,30,21
0,0,0,9,21,34,34,13,10,14,12,8,6,7,3,13,14,11,6,3,2,33,14,2
0,0,0,0,6,16,33,44,41,27,24,14,13,18,7,17,21,9,9,14,51,32,18,0
0,0,0,0,0,0,4,31,52,51,55,29,29,33,8,14,10,12,12,57,54,18,10,0
0,0,0,0,0,0,7,10,35,50,139,62,55,59,6,20,35,58,62,44,18,13,10,0
0,0,0,0,0,1,4,2,10,15,21,51,56,59,21,83,66,86,72,21,14,5,6,0
0,0,0,0,0,0,0,3,7,12,11,21,54,70,10,58,75,55,23,11,5,3,2,2
0,0,2,0,0,0,7,4,4,11,11,13,51,81,14,12,86,48,37,8,6,7,0,0
0,0,0,0,0,3,2,10,9,10,10,7,14,57,12,3,50,54,21,11,9,0,0,0
0,3,0,0,1,0,9,5,7,0,6,10,8,11,10,3,54,52,13,0,0,0,1,9
0,0,0,0,0,0,0,0,4,10,4,0,0,0,1,0,0,9,6,1,0,8,3,4
0,0,1,0,5,0,0,7,8,0,0,0,0,3,0,0,0,1,0,0,5,2,6,5

0,0,0,0,7,9,10,13,13,13,11,11,9,11,7,6,4,5,1,0,5,2,8,0
0,0,0,8,13,29,50,50,54,50,51,51,33,23,14,14,16,12,1,12,12,7,7,0
0,0,6,8,14,40,56,58,57,55,56,58,59,42,22,14,22,17,10,10,10,1,9,7
0,0,0,10,13,28,52,65,56,61,62,61,53,43,21,13,14,13,12,11,13,6,0,0
0,0,0,0,1,0,3,7,30,44,36,14,8,6,5,9,12,6,14,13,9,6,0,2
4,0,3,5,5,12,14,28,34,36,43,44,47,39,37,31,33,13,14,23,19,5,0,0
3,0,0,4,10,18,39,52,54,53,55,61,63,57,55,54,50,31,14,13,14,0,1,0
0,0,0,3,24,45,57,66,68,71,81,90,81,84,85,65,54,53,52,31,15,8,1,0
0,0,4,27,50,61,65,87,111,105,108,124,119,121,120,95,66,57,56,56,12,10,10,0
0,0,15,56,54,66,88,121,129,120,128,146,137,142,139,103,78,60,50,52,38,12,10,8
0,12,40,47,50,56,77,114,119,126,131,127,136,138,115,86,58,52,51,50,15,10,7,6
0,7,52,51,52,50,56,84,118,125,135,123,121,142,114,71,56,38,21,46,31,11,7,11
0,14,51,44,20,44,52,74,104,115,123,118,126,124,114,101,72,14,14,50,37,12,0,0
0,12,42,36,13,8,54,75,80,100,103,104,110,109,107,101,57,11,10,28,67,8,2,0
1,12,30,12,8,0,25,56,53,56,67,76,104,108,104,57,28,12,17,58,108,18,14,7
10,46,56,11,10,0,38,55,55,54,57,57,85,90,63,54,42,12,12,37,95,15,7,8
10,88,87,13,9,10,52,59,53,55,60,57,81,64,61,58,51,38,9,13,11,12,6,3
11,23,33,29,28,21,39,43,47,54,55,48,48,53,60,58,40,24,11,9,12,18,12,8
2,3,9,6,6,13,38,44,53,59,70,96,72,59,57,66,34,13,11,6,6,11,3,6
3,5,5,4,10,14,53,102,83,98,124,140,153,133,127,127,122,104,34,12,12,10,1,0
5,0,4,12,15,37,100,119,121,134,176,152,155,154,146,137,131,120,99,32,29,15,13,7
0,0,7,15,45,58,103,128,144,151,150,145,157,175,166,172,146,106,60,41,14,3,4,0
5,2,11,21,36,48,59,99,128,139,153,140,156,160,153,146,131,107,58,70,56,31,7,10
3,0,0,10,43,58,81,107,126,136,146,125,133,142,140,136,132,122,105,81,70,52,10,9
2,3,11,22,60,90,104,102,106,114,117,101,101,108,114,105,106,102,101,83,72,58,21,13
0,12,27,54,70,100,101,103,101,104,103,41,14,33,100,92,101,100,89,101,67,100,54,16
1,12,14,46,41,43,48,44,48,33,34,13,10,13,16,28,40,46,51,48,72,40,39,16
0,13,21,34,47,13,33,26,30,26,14,16,10,14,13,14,29,24,14,14,29,50,30,10
0,12,9,12,9,9,7,5,13,23,14,11,5,9,12,14,14,23,25,8,11,7,2,0
0,4,3,0,0,6,6,7,9,20,32,28,14,13,25,29,30,26,26,10,13,6,12,9
5,6,6,8,9,11,13,13,13,17,35,27,13,8,12,15,19,23,13,10,10,7,33,8
0,0,0,8,12,10,10,10,6,10,13,13,13,8,8,15,13,14,10,10,20,13,31,51
0,0,0,30,18,26,12,6,11,12,11,13,10,8,6,12,14,14,9,8,12,16,30,21
0,0,0,5,18,32,34,13,10,14,12,8,7,7,4,13,14,11,6,3,2,33,14,1
0,0,0,0,5,14,31,43,40,28,25,14,14,20,7,18,21,9,8,14,51,32,18,1
0,0,0,0,0,0,4,29,52,51,55,30,32,37,8,14,11,12,12,57,54,18,10,0
0,1,0,0,0,0,7,9,35,50,143,62,56,60,6,19,34,58,62,44,18,13,10,0
0,0,0,0,0,2,4,2,11,16,23,51,57,60,21,82,66,86,72,22,14,5,6,0
1,0,0,0,0,0,0,3,8,12,11,23,54,72,10,58,76,55,23,11,5,3,2,2
0,0,2,0,0,0,7,5,5,11,11,13,51,82,14,12,87,49,38,8,6,7,0,0
0,0,0,0,0,3,2,10,9,10,10,7,14,58,12,4,50,55,20,11,9,0,0,0
0,3,0,0,1,0,9,5,7,0,7,10,8,11,11,3,54,53,13,0,0,0,1,9
0,0,0,0,0,0,0,0,4,10,4,0,0,0,1,0,0,9,6,1,0,8,3,4
0,0,1,0,5,0,0,7,8,0,0,0,0,3,0,0,0,1,0,0,5,3,6,5

0,0,0,0,7,9,10,13,13,13,11,11,9,11,7,6,4,5,1,0,5,2,8,0
0,0,0,8,12,31,50,48,54,50,51,51,33,23,14,14,15,12,1,12,12,7,7,0
0,0,6,8,14,40,55,58,57,55,57,58,59,45,23,14,22,17,10,10,10,1,9,7
0,0,0,10,13,27,51,65,56,60,61,61,53,43,19,13,14,13,12,11,12,7,0,0
0,0,0,0,0,0,3,7,29,44,36,14,9,6,5,9,12,6,13,13,9,5,0,2
3,0,3,5,5,11,14,28,34,36,43,44,48,39,37,31,33,13,14,23,19,5,0,0
3,0,0,4,10,17,41,52,54,53,56,61,63,57,55,54,50,34,14,13,14,0,1,0
0,0,0,3,24,45,57,66,68,71,81,90,81,84,86,65,54,53,52,31,15,8,1,0
0,0,3,27,50,61,65,87,111,105,107,124,118,121,120,95,66,57,56,56,12,10,10,0
0,0,15,56,53,66,87,120,129,120,127,145,136,142,138,103,78,60,51,52,38,12,10,8
0,12,40,47,50,56,76,113,119,125,129,125,134,137,115,86,57,52,51,50,15,10,7,6
0,7,52,51,51,50,56,84,118,125,134,122,120,141,113,71,56,38,21,46,31,12,7,11
0,14,51,45,21,44,52,74,104,115,123,117,125,123,113,100,71,14,14,50,38,12,0,0
0,12,42,36,13,9,54,75,80,99,103,104,110,109,107,101,57,11,10,27,68,8,2,1
1,12,30,12,9,0,28,56,53,56,67,76,103,108,104,57,28,12,16,58,108,18,14,7
10,50,57,11,10,0,38,55,55,54,57,57,86,90,63,54,41,12,13,36,94,15,7,8
11,88,86,14,9,11,52,59,53,56,61,58,84,65,61,58,51,38,9,13,11,12,6,3
11,23,32,28,28,22,39,43,47,55,56,50,49,54,61,59,40,24,11,9,12,18,12,8
2,3,9,6,6,14,41,45,53,62,74,100,73,60,57,66,35,13,11,6,6,11,3,6
3,6,6,5,10,14,53,102,85,100,126,141,154,134,128,127,122,104,35,12,12,10,1,0
6,0,5,12,15,37,100,120,122,135,178,154,156,155,147,137,131,120,99,33,30,15,13,7
0,0,7,16,45,58,103,128,144,151,151,146,158,176,166,172,146,106,60,40,14,3,4,0
5,2,11,22,36,48,59,99,128,139,153,140,156,160,152,146,131,107,58,70,55,31,7,10
3,0,0,10,41,57,81,107,126,136,146,125,133,142,140,135,132,122,105,81,68,52,10,9
2,3,11,23,59,90,104,102,106,114,117,101,101,108,114,105,106,102,101,83,72,58,21,13
0,12,27,53,69,100,101,103,101,104,103,41,14,32,100,93,100,100,87,101,67,100,54,16
1,12,14,46,41,43,48,45,51,33,33,13,10,13,17,28,40,48,51,48,72,40,40,17
0,13,20,32,48,13,31,25,29,25,14,16,10,14,13,14,29,25,14,14,27,50,28,11
0,12,9,12,9,9,7,6,13,23,14,11,5,9,12,14,14,24,25,8,11,7,2,0
0,4,3,0,0,6,6,7,9,17,32,28,14,13,25,29,30,26,26,10,13,6,12,9
5,7,6,8,9,10,13,13,14,17,35,27,13,8,12,15,19,23,13,9,10,7,33,8
0,0,0,8,12,10,10,10,7,10,13,13,13,8,8,15,13,14,10,10,20,13,31,51
0,0,0,36,21,27,12,6,11,13,11,13,10,8,6,12,14,14,9,8,12,16,30,21
0,0,0,7,20,33,34,13,10,14,13,8,7,7,4,13,14,11,6,2,2,33,14,1
0,0,0,0,6,15,32,44,40,29,25,14,14,20,7,18,21,9,9,14,51,32,18,1
0,0,0,0,0,0,4,29,52,51,55,29,30,35,8,14,10,12,12,57,54,18,10,0
0,1,0,0,1,0,7,10,35,50,142,62,55,60,6,19,35,58,62,44,19,13,10,0
0,0,0,0,0,2,4,2,11,15,23,51,56,60,20,82,65,86,72,21,14,5,6,0
1,0,0,0,0,0,0,3,8,12,12,22,54,71,10,58,75,55,23,11,5,3,2,2
0,0,2,0,0,0,7,5,5,11,11,13,51,82,14,12,86,48,36,8,6,7,0,0
0,0,0,0,0,4,2,10,9,10,10,7,14,57,12,4,50,55,19,11,9,0,0,0
0,3,0,0,1,0,9,5,7,0,6,10,8,11,11,3,54,52,13,0,0,0,1,9
0,0,0,0,0,0,0,0,5,10,4,0,0,0,1,0,0,9,6,1,0,7,3,4
0,0,1,0,5,0,0,7,8,0,0,0,0,3,0,0,0,1,0,0,5,2,6,5

0,0,0,0,7,9,10,13,13,13,12,11,9,11,7,6,4,5,1,0,5,2,8,0
0,0,0,8,12,31,50,48,54,50,51,51,35,23,14,14,16,12,1,12,12,7,7,0
0,0,6,8,14,40,56,59,57,55,57,58,59,45,22,14,22,17,10,10,10,1,9,7
0,0,0,10,13,27,51,65,56,60,61,61,53,42,19,13,14,13,12,11,12,6,0,0
0,0,0,0,0,0,3,7,30,44,37,14,9,6,5,9,12,6,13,13,9,5,0,2
3,0,3,5,5,11,14,28,34,35,43,44,47,39,37,30,33,13,14,23,18,5,0,0
3,0,0,4,10,18,41,52,54,53,55,61,63,57,55,54,50,33,14,13,14,0,1,0
0,0,0,2,22,45,57,66,68,71,81,90,81,84,86,65,54,53,52,30,16,8,1,0
0,0,3,28,50,61,65,87,111,106,107,124,118,121,120,95,66,57,56,56,12,10,10,0
0,0,14,56,53,66,87,120,129,120,127,145,136,142,138,103,78,60,50,52,38,12,10,8
0,12,40,48,50,56,76,113,118,125,129,125,134,137,114,86,58,51,51,50,16,11,7,6
0,7,52,51,51,50,56,83,117,124,134,121,120,140,113,71,56,37,20,46,31,11,7,11
0,14,51,46,21,44,52,74,104,114,122,117,125,123,113,100,71,14,14,50,37,12,0,0
0,12,41,33,13,8,54,72,79,98,103,104,109,109,107,101,56,11,10,28,68,8,2,0
2,12,31,12,9,0,27,56,53,56,67,76,103,108,104,57,28,12,16,58,108,18,14,7
10,48,57,11,10,0,37,55,55,54,57,57,87,90,64,54,41,12,13,36,92,14,7,8
11,88,85,14,9,11,52,59,53,56,62,58,85,66,62,58,52,39,9,13,11,12,6,3
11,23,32,28,28,22,39,43,47,55,56,50,50,55,62,59,40,24,11,9,12,18,12,8
3,3,9,6,6,14,41,47,53,63,75,100,75,61,58,67,35,13,11,7,6,11,3,6
3,6,6,5,10,14,53,102,85,100,126,141,155,134,128,127,122,104,35,12,12,10,1,0
6,0,5,12,15,37,100,120,122,135,178,155,156,156,147,137,131,120,99,33,30,15,13,7
0,0,8,16,45,58,103,128,144,151,151,146,159,176,166,172,146,106,60,41,14,3,4,0
5,2,11,22,37,49,60,99,128,139,153,140,156,161,153,146,131,107,58,70,55,31,7,10
3,0,0,10,40,57,81,107,126,136,146,125,133,142,140,135,132,122,105,81,68,52,10,9
2,4,11,25,60,92,104,102,106,114,117,101,101,108,115,105,106,102,101,84,72,58,21,13
0,12,26,53,69,100,101,103,101,104,103,39,14,32,100,92,100,100,87,101,67,100,54,16
1,12,14,47,44,44,50,45,48,35,34,13,10,14,18,27,42,48,52,48,72,41,40,17
0,14,21,32,47,13,33,25,29,26,14,15,10,14,13,14,27,24,14,15,28,50,28,11
0,13,10,12,10,9,7,6,13,24,14,11,5,9,12,17,14,24,25,8,11,7,2,0
0,4,3,0,0,6,6,7,9,17,31,28,14,13,25,29,30,25,26,10,13,6,12,9
5,7,6,8,9,11,13,14,14,17,35,27,13,8,12,15,19,23,13,10,10,7,34,9
0,0,0,8,12,10,10,10,7,10,13,13,13,8,8,15,13,14,10,10,20,13,31,51
0,0,0,39,22,29,12,6,11,13,11,13,10,8,6,12,14,14,9,8,12,16,30,21
0,0,0,8,20,32,34,13,10,14,12,8,6,7,4,13,14,11,6,3,2,33,14,2
0,0,0,0,6,15,33,45,40,28,25,14,14,20,7,18,21,9,9,14,51,32,19,1
0,0,0,0,0,0,4,30,52,51,55,29,30,35,8,14,11,13,12,57,54,18,10,0
0,1,0,0,1,0,7,10,35,50,140,62,55,59,6,19,34,58,62,44,19,13,10,0
0,0,0,0,0,2,4,2,10,15,22,51,56,59,21,82,65,86,72,21,14,4,6,0
1,0,0,0,0,0,0,3,8,12,11,22,54,71,10,57,75,55,23,11,5,3,2,2
0,0,2,0,0,0,7,5,5,11,11,13,51,81,14,12,86,48,36,8,6,7,0,0
0,0,0,0,0,4,2,10,9,10,10,7,14,57,12,4,49,54,19,11,9,0,0,0
0,3,0,0,1,0,9,5,7,0,6,10,8,11,11,3,53,52,13,0,0,0,1,9
0,0,0,0,0,0,0,0,5,10,4,0,0,0,1,0,0,9,6,1,0,8,3,4
0,0,1,0,5,0,0,7,7,0,0,0,0,3,0,0,0,1,0,0,5,2,6,5

0,0,0,0,7,9,10,13,13,13,12,11,9,11,7,6,4,5,1,0,5,2,9,0
0,0,0,8,12,28,50,48,54,50,51,51,32,23,14,14,15,11,1,12,12,7,7,0
0,0,6,8,14,41,55,59,57,55,57,58,60,42,23,14,22,18,10,10,10,1,9,7
0,0,0,10,13,27,51,64,56,60,61,60,53,42,20,13,14,13,12,11,12,6,0,0
0,0,0,0,0,0,3,7,31,44,38,16,9,6,5,10,12,6,13,13,9,5,0,2
3,0,3,5,4,11,14,28,34,36,43,44,47,39,37,30,33,13,14,23,18,5,0,0
3,0,0,4,10,17,41,53,54,53,55,61,63,57,55,54,50,33,14,13,14,0,1,0
0,0,0,2,21,43,57,66,68,71,81,90,81,84,85,65,54,53,52,30,15,8,1,0
0,0,3,26,50,61,65,86,111,106,107,124,119,121,120,95,65,58,56,56,12,10,10,0
0,0,14,56,53,66,86,120,129,120,128,145,136,142,137,103,78,60,50,52,38,12,10,8
0,12,40,47,50,56,75,113,118,125,129,125,134,137,114,85,57,52,51,50,15,11,7,7
0,7,52,51,51,50,56,83,117,124,133,121,119,140,113,71,56,38,19,46,31,11,7,11
0,14,52,45,19,42,52,73,104,114,122,117,125,123,113,100,70,13,14,50,38,12,0,0
0,12,41,34,12,8,53,72,78,98,103,103,109,109,107,101,56,11,10,27,68,8,2,0
2,12,34,12,9,0,25,56,52,56,66,77,104,108,104,58,29,12,17,57,108,18,14,7
10,48,56,10,10,0,36,54,55,54,57,57,86,91,64,54,41,12,12,36,90,14,7,8
11,87,84,14,9,11,53,59,53,56,62,59,86,66,62,59,52,40,9,13,11,11,6,2
11,23,32,29,28,22,39,44,47,55,57,50,50,55,63,59,40,25,11,9,12,18,12,8
2,3,9,6,6,14,41,47,54,63,76,100,75,61,58,67,36,13,11,7,6,11,3,6
3,6,6,5,10,14,53,102,85,100,126,141,155,134,128,127,122,104,34,12,12,10,1,0
6,0,5,12,16,37,100,120,122,136,179,155,157,156,147,137,131,120,99,32,30,15,13,7
0,0,7,16,45,58,103,128,144,152,151,146,158,176,166,172,146,106,59,41,14,3,4,0
5,2,11,22,37,49,60,99,128,139,153,140,156,161,153,146,131,107,58,70,55,31,7,10
3,0,0,10,41,57,82,107,126,136,146,125,133,142,140,135,132,122,105,80,68,51,10,9
2,4,12,26,60,93,104,102,106,114,117,101,101,108,114,105,106,102,101,84,72,58,21,13
0,12,27,54,68,98,101,103,101,104,103,41,14,34,100,90,100,100,87,101,67,100,54,16
1,12,14,46,44,44,50,45,50,33,33,13,11,13,17,30,41,48,52,48,72,40,39,17
0,14,19,33,46,13,34,25,29,26,14,14,10,14,13,14,28,23,14,15,28,50,30,11
0,13,10,12,10,9,7,6,13,24,14,12,5,9,12,15,14,23,25,8,11,7,2,0
0,4,3,0,0,6,6,7,9,18,31,28,14,13,25,29,30,25,26,10,13,6,12,9
5,7,6,8,9,11,13,14,14,17,35,27,13,8,12,15,19,23,13,10,10,7,34,9
0,0,0,8,12,10,10,10,7,10,13,13,13,8,8,15,13,14,10,10,20,13,31,51
0,0,0,39,22,29,12,6,11,13,11,13,10,8,6,12,14,14,9,8,12,17,30,22
0,0,0,8,20,33,34,13,10,14,12,8,7,7,4,13,14,11,6,3,2,34,14,2
0,0,0,0,7,16,33,44,40,27,24,14,14,20,7,17,21,9,9,14,51,33,18,1
0,0,0,0,0,0,4,29,52,51,55,30,29,34,8,14,11,13,12,57,54,18,10,0
0,1,0,0,1,0,7,10,36,50,139,62,55,59,6,19,35,58,62,44,19,13,10,0
0,0,0,0,0,2,5,2,10,15,23,51,56,59,22,82,65,86,72,21,14,4,6,0
1,0,0,0,0,0,0,3,8,12,11,22,54,71,10,57,75,55,23,11,5,3,2,2
0,0,2,0,0,0,7,5,5,11,11,13,51,81,14,12,85,48,36,8,6,7,0,0
0,0,0,0,0,4,2,10,9,10,10,7,14,57,12,4,49,54,19,10,9,0,0,0
0,3,0,0,1,0,9,5,7,0,6,10,8,11,11,3,53,52,13,0,0,0,1,9
0,0,0,0,0,0,0,0,5,10,4,0,0,0,1,0,0,9,6,1,0,8,3,4
0,0,1,0,5,0,0,7,8,0,0,0,0,3,0,0,0,1,0,0,5,2,6,5

0,0,0,0,7,9,10,13,13,13,12,11,10,11,8,6,4,5,1,0,5,2,8,0
0,0,0,8,13,28,50,50,54,50,51,51,32,24,14,14,16,12,1,12,12,7,7,0
0,0,6,7,14,43,55,59,57,55,57,58,59,43,23,14,22,17,10,10,10,0,9,7
0,0,0,10,13,27,51,64,56,60,62,61,53,44,20,13,14,13,11,11,12,6,0,0
0,0,0,0,0,0,3,7,30,44,37,14,9,6,5,9,12,6,13,13,9,5,0,2
3,0,3,5,4,11,14,28,34,36,43,44,47,39,37,31,33,13,14,23,18,5,0,0
3,0,0,4,10,17,41,52,54,53,55,61,63,57,55,54,50,33,14,13,14,0,1,0
0,0,0,2,22,44,57,65,67,71,81,89,81,84,86,65,54,53,52,32,16,8,1,0
0,0,3,26,50,61,64,86,110,105,107,123,118,121,120,95,66,58,56,56,12,10,10,0
0,0,14,56,53,65,86,120,129,120,128,145,136,142,138,103,78,60,50,52,38,12,10,8
0,12,40,47,50,56,75,112,118,125,129,125,134,137,115,86,58,52,51,50,16,11,7,6
0,7,52,51,51,50,56,82,117,123,133,121,119,140,113,71,56,37,20,46,31,11,7,11
0,14,51,44,17,42,51,73,103,114,122,116,125,123,113,100,71,13,14,50,38,12,0,0
0,12,42,34,13,8,53,71,78,97,103,103,109,109,107,101,57,11,10,27,68,8,2,0
1,12,31,12,9,0,20,55,52,55,66,76,103,108,104,59,29,12,16,56,108,17,14,7
10,50,56,10,10,0,35,53,54,54,57,57,86,92,64,54,44,13,12,36,87,14,7,8
11,87,84,14,9,11,52,58,53,56,62,59,87,67,62,59,52,40,10,13,10,11,6,2
11,23,32,29,28,23,39,43,47,55,57,50,50,56,63,60,40,25,11,9,12,18,12,8
2,3,9,6,6,14,40,47,54,63,77,100,76,62,58,68,35,13,11,7,6,11,3,6
4,6,7,5,10,14,53,102,86,100,127,141,156,135,128,127,122,104,33,12,12,10,1,0
6,0,5,12,16,38,100,120,123,137,180,155,157,156,147,137,130,120,99,32,29,15,13,7
0,0,8,18,45,59,104,129,145,152,152,147,159,176,166,172,146,106,59,41,14,3,4,0
5,2,11,22,37,49,60,100,128,140,154,140,156,161,153,146,131,107,58,70,55,31,7,10
3,0,0,11,43,57,82,107,126,136,146,125,133,142,140,135,132,122,105,81,69,51,10,9
2,4,11,26,60,92,104,102,106,114,117,101,101,108,114,105,106,102,101,83,72,58,21,13
0,12,29,55,71,100,101,103,101,104,103,41,14,34,100,90,101,100,87,101,67,100,54,16
1,12,14,44,43,43,48,44,50,33,31,13,10,13,17,28,40,47,52,48,71,40,39,16
0,14,21,34,48,13,35,25,29,26,14,15,10,14,13,14,29,24,14,14,28,50,30,11
0,13,10,12,10,9,7,6,13,24,14,12,5,9,12,14,14,24,25,8,11,7,2,0
0,5,3,0,0,6,6,8,9,18,32,28,14,13,25,30,30,25,26,10,13,6,13,9
5,7,6,9,10,11,13,14,14,17,35,27,13,8,12,15,19,23,13,10,10,7,34,9
0,0,0,8,12,10,10,10,7,10,13,13,13,8,8,16,13,14,10,10,20,13,31,51
0,0,1,40,23,29,12,6,11,13,11,13,10,8,6,12,14,14,9,8,12,17,30,22
0,0,0,9,21,33,35,13,10,14,12,8,7,7,4,13,14,12,5,3,2,34,14,2
0,0,0,0,7,15,32,43,40,27,24,14,14,20,7,18,21,9,9,14,51,32,19,1
0,0,0,0,0,0,4,29,52,51,54,29,29,35,8,14,11,13,12,57,54,18,10,0
0,1,0,0,1,0,7,10,35,50,138,62,55,59,6,19,34,58,62,44,19,13,10,0
0,0,0,0,0,2,5,2,10,15,20,51,56,60,21,82,65,86,72,21,14,4,6,0
1,0,0,0,0,0,0,3,8,12,11,21,53,71,10,57,75,55,23,11,5,3,1,2
0,0,3,0,0,0,7,5,5,11,11,13,51,82,14,12,85,48,37,8,6,7,0,0
0,0,0,0,0,4,2,10,9,10,10,7,15,57,12,4,48,54,18,10,9,0,0,0
0,3,0,0,1,0,9,5,7,0,7,11,9,11,11,3,53,52,13,0,0,0,1,9
0,0,0,0,0,0,0,0,5,10,4,0,0,0,1,0,0,9,6,1,0,7,3,4
0,0,1,0,5,0,0,7,7,0,0,0,0,3,0,0,0,1,0,0,5,2,6,5

0,0,0,0,7,9,10,13,13,13,12,11,9,11,7,6,4,5,1,0,5,2,8,0
0,0,0,8,13,31,50,50,55,50,51,51,33,24,14,14,16,12,1,12,12,7,7,0
0,0,6,7,14,41,55,58,57,55,57,58,60,43,23,14,22,17,10,10,10,0,8,7
0,0,0,10,13,27,52,65,56,61,62,61,53,44,19,13,14,13,11,11,12,6,0,0
0,0,0,0,0,0,3,7,30,44,35,14,8,6,5,9,12,6,13,13,8,5,0,2
4,0,3,5,4,11,14,28,34,36,43,44,47,39,37,31,33,13,14,23,18,5,0,0
3,0,0,4,10,17,40,52,54,53,55,61,63,57,55,54,50,34,14,13,14,0,1,0
0,0,0,2,22,44,57,66,68,70,81,89,81,84,86,65,54,53,52,31,16,8,1,0
0,0,3,26,50,61,65,86,110,105,107,123,118,120,120,95,66,58,56,56,12,10,10,0
0,0,14,56,53,65,86,119,128,120,127,144,136,142,138,103,78,60,50,52,38,12,10,8
0,12,39,47,50,56,75,112,118,124,128,124,133,137,115,86,58,51,51,50,16,11,7,6
0,7,52,51,51,50,56,82,116,123,133,120,119,140,114,71,56,37,20,46,31,12,7,11
0,14,50,45,18,40,51,72,103,113,122,116,125,123,113,100,72,14,14,50,37,12,0,0
0,12,42,34,13,8,53,71,78,97,103,103,109,109,107,101,57,11,10,27,68,8,2,0
2,12,31,12,9,0,21,55,52,55,66,76,103,108,104,59,29,12,16,57,108,17,14,7
10,50,57,10,10,0,35,54,55,54,57,57,86,92,64,54,44,13,13,36,88,14,7,8
11,87,83,14,9,11,52,58,53,56,62,58,86,67,62,59,52,40,10,13,10,11,6,2
11,23,32,29,28,22,39,43,47,55,57,50,50,56,63,60,40,25,11,9,12,18,12,8
3,3,9,6,6,14,41,46,54,63,77,100,76,62,58,68,36,13,11,7,6,11,3,6
4,7,7,5,10,14,53,102,86,100,127,141,156,135,129,127,122,104,34,12,12,10,1,0
6,0,5,12,16,37,100,120,122,136,179,155,157,156,147,137,130,120,99,32,29,15,13,7
0,0,8,18,47,59,104,129,144,152,152,147,159,176,167,172,146,106,60,41,14,3,4,0
5,2,11,22,37,48,60,99,128,139,153,140,156,161,153,146,131,107,58,70,55,31,7,10
3,0,0,11,43,59,82,107,126,136,146,125,133,142,140,135,132,122,105,81,69,52,10,9
3,4,12,26,60,93,104,102,106,114,117,101,101,108,114,105,106,102,101,83,72,58,21,13
0,12,30,55,71,100,101,103,101,104,103,41,14,34,100,92,101,100,89,101,67,100,54,17
1,13,14,46,44,43,48,44,48,33,31,13,10,14,17,27,41,47,52,47,71,40,39,17
0,14,23,34,48,13,34,26,30,27,14,16,10,14,13,14,28,25,14,15,30,50,30,11
0,13,10,12,10,10,7,6,13,23,14,11,5,9,13,14,14,23,25,8,11,7,2,0
0,5,4,0,0,6,6,8,9,18,32,28,14,13,25,29,31,26,26,10,13,6,13,10
6,8,6,9,10,11,13,14,14,18,35,27,13,8,12,15,19,23,13,10,10,7,34,9
0,0,0,9,12,10,10,10,7,10,13,13,13,8,8,16,13,14,10,10,20,13,31,51
0,0,1,43,23,28,12,7,11,13,11,13,10,8,6,12,14,14,9,8,12,17,31,22
0,0,0,9,22,33,35,13,10,14,12,8,7,7,4,13,14,12,6,3,2,34,14,2
0,0,0,0,7,15,33,43,39,27,24,14,14,20,7,17,21,9,9,14,51,32,19,1
0,0,0,0,0,0,4,30,52,51,54,29,30,33,8,14,11,13,12,57,54,18,10,0
0,1,0,0,2,0,7,10,33,50,137,62,55,59,6,19,35,58,62,44,19,13,10,0
0,0,0,0,0,2,5,2,10,15,21,51,56,59,21,82,65,86,72,21,14,4,6,0
2,0,0,0,0,0,0,3,8,12,11,21,53,71,10,57,74,55,23,11,5,3,2,2
0,0,3,0,0,0,7,5,5,11,11,13,51,81,14,12,85,48,37,8,6,7,0,0
0,0,0,0,0,4,2,10,9,10,10,7,14,57,12,3,49,54,18,10,9,0,0,0
0,3,0,0,1,0,9,5,8,0,7,11,9,11,11,3,53,52,13,0,0,0,1,9
0,0,0,0,0,0,0,0,5,10,4,0,0,0,1,0,0,9,6,1,0,7,3,4
0,0,1,0,5,0,0,7,8,0,0,0,0,3,0,0,0,1,0,0,5,2,6,5

0,0,0,0,7,9,10,13,13,13,12,11,9,11,7,6,4,5,1,0,5,2,8,0
0,0,0,8,13,31,50,48,55,50,51,51,36,23,14,14,16,12,1,11,12,7,7,0
0,0,6,7,14,44,56,59,58,55,57,58,59,45,22,14,22,17,10,10,10,0,8,7
0,0,0,9,13,28,51,65,56,60,62,61,53,42,19,13,14,13,11,11,12,6,0,0
0,0,0,0,0,0,3,7,30,43,36,14,9,6,5,9,12,6,13,13,9,5,0,2
3,0,3,5,4,11,14,28,34,35,43,44,47,39,37,31,33,13,14,23,18,5,0,0
3,0,0,4,10,17,40,52,54,53,55,61,63,57,55,54,50,34,14,13,14,0,1,0
0,0,0,2,22,44,57,65,67,71,81,89,81,84,86,65,54,53,52,32,16,8,1,0
0,0,3,25,50,61,64,86,110,105,107,123,118,120,120,95,66,58,56,56,12,10,10,0
0,0,14,56,53,65,86,119,128,119,127,144,135,142,138,104,79,60,50,52,39,12,10,8
0,12,40,47,50,56,75,112,118,124,128,124,134,137,115,86,58,52,51,50,16,11,7,6
0,7,52,51,51,50,56,82,116,123,133,121,120,140,114,72,56,38,21,46,31,12,7,11
0,14,51,46,18,41,51,73,103,114,122,116,125,123,114,101,73,14,14,50,37,12,0,0
0,12,42,36,13,8,52,71,78,97,103,103,109,109,107,101,58,11,10,28,68,8,2,0
2,12,33,12,9,0,23,55,52,55,66,76,103,108,104,59,29,12,16,57,108,18,14,7
10,50,57,10,10,0,36,54,55,54,57,57,86,92,64,54,44,13,13,35,90,14,7,8
11,87,84,14,9,11,52,58,53,56,61,58,87,67,62,59,52,41,10,13,11,11,6,2
11,24,32,29,28,22,39,43,47,55,57,50,51,56,63,60,40,25,11,9,12,18,12,8
3,4,9,7,6,14,41,47,54,64,77,100,76,62,58,68,36,13,12,7,6,11,3,6
4,7,7,5,10,14,53,102,86,100,126,141,156,135,128,127,122,104,36,12,12,10,1,0
6,0,5,13,16,37,100,120,122,136,179,154,157,156,147,137,131,120,99,32,30,15,13,7
0,0,8,18,45,59,103,128,144,151,152,147,159,176,166,172,146,106,60,41,14,3,4,0
6,2,11,22,37,49,60,99,128,140,153,140,156,161,152,146,131,106,58,70,55,31,7,10
3,0,0,11,43,58,81,107,126,136,146,125,133,142,140,135,132,122,105,80,69,52,10,9
3,5,12,28,60,93,104,102,106,114,117,101,101,108,115,105,106,102,101,84,72,58,21,13
0,12,30,54,70,100,101,103,101,104,103,41,14,34,100,92,100,100,89,101,67,100,54,17
2,13,14,47,44,44,50,45,50,33,33,13,10,14,17,28,40,47,50,48,72,40,40,17
0,14,23,35,48,13,34,26,29,26,14,15,10,14,13,14,28,24,14,14,28,50,30,11
0,13,10,12,10,10,7,6,13,24,14,11,5,9,13,15,14,23,25,8,11,7,2,0
0,5,4,0,0,6,6,8,9,19,32,28,14,13,25,30,30,26,26,10,13,6,13,9
6,8,6,9,10,11,13,14,14,18,35,27,13,8,12,15,19,23,13,10,10,7,34,9
0,0,0,9,12,10,10,10,7,10,13,13,13,8,8,16,13,14,10,10,20,13,31,51
0,0,1,44,24,30,12,7,11,13,11,12,10,8,6,12,14,14,9,8,12,17,31,22
0,0,0,10,22,33,34,13,10,14,13,8,7,7,4,13,14,12,5,3,2,34,14,2
0,0,0,0,7,16,33,44,40,28,25,14,14,18,7,18,21,9,9,14,51,32,19,1
0,0,0,0,0,0,4,31,52,51,55,30,30,33,8,14,11,13,12,57,54,18,10,0
0,1,0,0,2,0,7,10,35,50,137,62,55,59,6,19,35,58,62,44,19,13,10,0
0,0,0,0,0,2,5,2,10,14,20,51,56,59,21,82,65,86,71,21,14,4,6,0
2,0,0,0,0,0,0,3,8,12,11,22,53,71,10,57,74,55,23,11,5,3,2,2
0,0,3,0,0,0,7,5,5,11,11,13,51,81,14,12,84,48,37,8,6,6,0,0
0,0,0,0,0,4,2,10,9,10,10,7,14,57,12,3,48,54,18,10,9,0,0,0
0,3,0,0,1,0,9,5,8,0,6,11,9,11,11,3,53,52,13,0,0,0,1,9
0,0,0,0,0,0,0,0,5,10,4,0,0,0,1,0,0,9,6,1,0,7,4,4
0,0,1,0,5,0,0,7,8,0,0,0,0,3,0,0,0,1,0,0,5,2,6,5

0,0,0,0,7,9,10,13,13,13,12,11,9,11,8,6,4,5,1,0,5,2,9,0
0,0,0,8,13,29,50,48,55,50,51,51,35,23,14,14,16,12,1,11,12,7,7,0
0,0,6,8,14,43,56,60,57,55,57,58,60,45,25,14,22,18,10,10,10,0,8,7
0,0,0,9,13,27,51,65,56,60,62,60,53,43,21,13,14,13,11,11,12,6,0,0
0,0,0,0,0,0,3,7,30,43,37,14,9,6,5,9,12,6,13,13,9,5,0,2
3,0,3,5,4,11,14,28,34,35,42,43,47,39,37,31,33,13,14,23,18,5,0,0
3,0,0,4,9,17,40,52,54,53,55,61,63,57,55,54,50,33,14,13,14,0,1,0
0,0,0,1,21,43,57,65,67,70,81,89,81,84,86,65,54,53,53,32,17,8,1,0
0,0,3,26,50,61,64,85,110,105,107,123,118,120,120,95,66,58,57,56,12,10,10,0
0,0,14,56,53,65,86,119,128,119,126,144,136,141,138,104,79,61,50,52,38,12,10,8
0,12,40,48,50,56,75,112,118,124,128,124,134,137,115,86,58,52,51,50,17,11,7,7
0,7,52,51,51,50,56,82,116,123,133,121,120,140,114,72,56,38,21,46,31,12,7,11
0,14,52,47,21,42,51,73,103,114,122,116,125,123,114,101,73,14,14,50,38,12,0,0
0,12,41,34,13,8,52,71,78,97,103,103,109,109,107,101,57,11,10,28,68,8,2,0
2,12,33,13,9,0,24,56,52,55,66,76,104,108,104,59,30,12,16,57,108,18,14,7
10,50,57,10,10,0,35,54,54,54,57,57,86,91,64,54,43,13,13,36,90,14,7,8
11,88,84,14,9,11,53,59,53,56,61,58,86,67,62,59,52,42,10,13,11,12,6,2
12,24,32,29,27,22,39,43,47,55,56,50,50,56,63,60,40,25,11,9,12,18,12,8
3,4,9,7,6,14,44,47,54,63,77,101,76,63,58,68,37,13,12,7,6,11,3,6
4,7,7,5,10,14,53,102,85,100,126,141,156,135,128,127,122,104,35,12,12,10,1,0
7,0,6,13,16,38,100,120,122,136,179,154,157,156,147,137,131,120,100,32,30,15,13,7
0,0,8,18,45,59,103,128,144,151,151,147,159,176,166,172,146,106,59,40,14,3,4,0
6,2,11,22,37,49,60,99,128,139,152,140,156,161,152,146,131,107,58,70,56,31,7,10
3,0,0,11,43,59,81,107,126,136,146,125,133,142,140,135,132,122,105,80,68,52,10,9
3,5,12,29,61,93,104,102,106,114,117,101,101,108,114,105,106,102,101,83,72,58,21,13
0,12,29,54,69,100,101,103,101,104,102,40,14,33,100,90,100,100,87,101,67,100,54,17
2,13,16,46,44,45,50,47,50,35,34,13,10,14,20,28,41,47,52,50,72,40,39,17
0,14,23,35,48,13,35,26,29,26,14,15,10,14,13,14,28,25,14,15,29,50,28,11
0,13,10,12,10,10,7,6,13,24,14,11,5,9,13,15,14,24,25,8,11,7,2,0
0,5,4,0,0,7,6,8,9,18,31,27,14,13,25,29,30,26,26,10,13,6,13,9
6,8,6,9,10,11,13,14,14,18,35,27,13,8,13,15,20,23,13,10,10,7,34,9
0,0,0,9,12,10,10,10,7,10,13,13,13,8,8,16,13,14,10,10,20,13,31,51
0,0,2,46,26,31,12,7,11,13,11,13,10,8,6,12,14,14,9,8,12,17,31,22
0,0,0,10,22,32,34,13,10,14,12,8,7,7,4,13,14,12,5,3,2,34,14,2
0,0,0,0,8,17,34,45,40,28,24,14,14,19,7,18,21,9,9,14,51,32,19,1
0,0,0,0,0,0,4,30,52,51,54,30,30,33,8,14,11,13,12,57,54,18,10,0
0,1,0,0,2,1,7,10,36,50,137,62,55,59,6,19,35,58,62,44,19,13,10,0
0,0,0,0,0,2,5,2,10,14,20,50,56,59,20,81,65,86,72,21,14,4,6,0
2,0,0,0,0,0,0,3,8,12,11,22,53,70,10,57,74,55,24,11,5,3,2,2
0,0,3,0,0,0,7,5,5,11,11,13,50,81,14,12,84,47,36,8,6,7,0,0
0,0,0,0,0,4,2,10,9,10,10,7,15,57,12,3,48,54,19,10,9,0,0,0
0,3,0,0,1,0,9,5,7,0,6,10,8,11,11,3,53,52,13,0,0,0,1,9
0,0,0,0,0,0,0,0,5,10,4,0,0,0,1,0,0,9,6,1,0,7,4,4
0,0,1,0,5,0,0,7,8,0,0,0,0,3,0,0,0,1,0,0,5,2,6,5

0,0,0,0,7,9,10,13,13,13,12,11,9,11,7,6,4,5,1,0,5,2,8,0
0,0,0,8,12,29,50,48,55,50,51,51,33,23,14,14,16,12,1,11,12,7,7,0
0,0,6,8,14,43,56,60,57,55,57,58,58,45,23,14,22,17,10,10,10,0,9,7
0,0,0,9,13,27,51,65,56,60,61,60,53,44,19,13,14,13,11,11,12,6,0,0
0,0,0,0,0,0,2,7,30,43,37,14,8,6,5,9,12,6,13,13,9,5,0,2
3,0,3,5,4,11,14,28,34,35,43,44,47,39,37,31,33,13,14,23,19,5,0,0
3,0,0,4,9,17,41,52,54,53,55,61,63,57,55,54,50,34,14,13,14,0,1,0
0,0,0,1,21,43,57,65,67,70,81,90,81,84,86,65,54,53,53,31,17,8,1,0
0,0,3,26,50,61,64,86,110,105,107,123,118,121,120,95,66,58,56,56,12,11,10,0
0,0,14,56,53,65,86,119,128,119,127,144,136,142,138,104,78,60,50,52,38,12,10,8
0,12,40,47,50,56,75,112,117,124,128,124,134,137,115,86,58,52,51,50,17,11,7,6
0,7,52,51,51,50,56,82,116,123,132,120,119,140,113,72,56,37,20,46,31,12,7,11
0,14,52,45,19,42,51,73,103,113,122,116,125,123,113,101,72,14,14,50,38,12,0,0
0,12,40,34,13,8,53,70,77,96,103,103,109,109,107,101,57,11,10,28,68,8,2,0
2,13,34,12,9,0,23,55,52,55,66,76,103,108,104,59,29,12,16,57,108,18,14,7
10,50,57,10,10,0,35,53,54,54,57,57,86,92,64,54,44,13,13,35,89,14,7,8
11,87,84,14,9,11,52,58,53,56,61,58,87,67,62,59,52,42,10,13,11,11,6,2
12,23,32,28,27,22,39,43,47,55,57,50,50,56,63,60,40,25,11,9,12,18,12,8
3,4,9,7,6,14,43,47,54,63,78,101,77,62,59,68,36,13,12,7,7,11,3,6
4,7,7,6,10,14,53,102,85,100,127,141,156,135,128,127,122,104,34,12,12,10,2,0
6,0,6,13,16,38,100,120,123,137,180,155,157,156,147,137,131,120,100,32,30,15,13,7
0,0,8,18,45,59,104,129,145,152,152,147,159,176,167,172,146,106,60,41,14,3,4,0
6,3,11,22,37,49,60,100,129,140,153,140,156,161,153,146,131,107,58,70,56,31,7,10
3,0,0,11,43,58,82,107,126,136,146,125,133,142,140,135,132,122,105,81,68,52,10,9
3,5,12,28,61,95,104,102,106,114,117,101,101,108,114,105,106,102,101,84,72,58,21,13
0,12,29,54,70,100,101,103,101,104,103,41,15,34,100,92,100,100,87,101,67,100,54,18
2,13,15,46,44,45,50,48,51,35,33,13,11,14,17,30,41,47,51,47,72,40,39,17
0,14,23,36,50,13,35,26,29,27,14,15,10,14,13,14,28,25,14,15,29,50,30,11
0,13,10,12,10,10,7,6,13,24,14,11,5,9,13,15,14,24,25,8,11,7,2,0
0,5,4,0,0,7,6,8,9,18,31,28,14,13,25,29,30,25,26,10,13,6,13,10
6,8,6,9,10,11,13,14,14,18,35,27,13,8,12,15,19,23,13,10,10,7,34,9
0,0,0,9,12,10,10,10,7,10,13,13,13,8,8,16,13,14,10,10,20,13,31,51
0,0,1,45,25,29,12,7,11,13,11,13,10,8,6,12,14,14,9,8,12,17,30,22
0,0,0,10,21,32,34,13,10,14,12,8,7,7,4,13,14,12,5,3,2,34,14,2
0,0,0,0,8,16,33,44,40,28,24,14,14,18,7,18,21,9,9,14,51,32,19,1
0,0,0,0,0,0,4,30,52,51,54,29,30,34,8,14,11,13,12,57,54,18,10,0
0,2,0,0,2,1,7,10,35,50,138,62,55,58,6,19,35,58,62,45,19,13,10,0
0,0,0,0,0,3,5,2,10,15,22,51,56,59,20,81,65,86,72,21,14,4,6,0
2,0,0,0,0,0,0,3,8,12,11,22,53,70,10,56,74,55,24,11,5,3,2,2
0,0,3,0,0,0,7,5,5,11,11,13,50,80,14,11,84,48,37,8,6,6,0,0
0,0,0,0,0,4,2,10,9,10,10,7,14,57,12,3,48,54,19,10,9,0,0,0
0,3,0,0,1,0,9,5,7,0,6,10,8,11,11,3,53,52,13,0,0,0,1,9
0,0,0,0,0,0,0,0,5,10,4,0,0,0,1,0,0,9,6,1,0,7,3,4
0,0,1,0,5,0,0,7,8,0,0,0,0,3,0,0,0,1,0,0,5,2,6,5

0,0,0,0,7,9,10,13,13,13,12,11,10,11,8,6,4,5,1,0,5,2,9,0
0,0,0,8,13,31,50,48,54,50,51,51,35,26,14,14,16,12,1,11,12,7,7,0
0,0,6,7,14,41,55,59,58,55,57,58,59,43,23,14,22,17,10,10,10,0,9,7
0,0,0,9,13,28,52,66,56,60,62,60,53,42,21,13,14,13,11,11,12,6,0,0
0,0,0,0,0,0,2,7,30,44,37,14,9,6,5,9,12,6,13,13,9,5,0,2
3,0,3,5,4,11,14,28,34,35,43,44,47,39,37,30,33,13,14,23,19,5,0,0
2,0,0,4,9,17,40,52,54,53,55,61,63,57,55,54,50,33,14,13,14,0,1,0
0,0,0,1,21,43,57,65,67,70,80,90,81,84,86,65,54,53,52,31,16,8,1,0
0,0,3,25,50,61,64,85,110,105,107,123,118,121,120,95,65,58,56,56,12,10,10,0
0,0,14,56,53,65,86,119,128,119,127,144,136,142,138,104,78,60,50,52,39,12,10,8
0,12,40,47,50,56,75,112,118,124,128,124,133,137,115,86,58,52,51,50,17,11,7,6
0,8,52,51,51,50,56,82,116,123,132,120,119,140,114,71,56,37,20,46,31,12,7,11
0,14,51,46,19,41,51,73,103,113,122,116,125,123,113,101,72,14,14,50,37,12,0,0
0,12,42,38,13,8,54,71,77,97,103,103,109,109,107,101,58,11,10,30,68,8,2,0
2,12,31,12,9,0,23,55,52,55,66,76,103,108,104,59,30,12,16,57,108,18,14,7
10,50,57,10,10,0,36,54,54,54,57,57,86,91,64,54,44,13,13,36,90,14,7,8
11,87,84,14,9,11,52,58,53,56,61,58,87,67,62,59,52,42,10,13,11,11,6,2
12,24,33,29,27,21,39,43,47,55,57,50,51,56,63,60,40,25,11,9,12,18,12,8
3,4,9,7,6,14,41,46,54,63,77,101,77,62,58,68,36,13,12,7,6,11,3,6
4,7,7,6,10,14,53,102,85,100,127,141,156,135,129,127,122,104,36,12,12,10,2,0
7,0,6,13,16,38,100,120,122,136,179,154,157,156,147,137,131,120,100,32,30,15,13,7
0,0,8,18,45,59,104,128,144,152,152,147,159,176,167,172,146,106,60,41,14,3,4,0
5,3,11,22,37,49,60,100,128,139,153,140,156,161,153,146,131,107,58,70,56,31,7,10
4,0,0,11,43,59,84,107,126,136,146,125,133,142,140,136,132,122,105,81,70,52,10,9
3,5,12,26,60,93,104,102,106,114,117,101,101,108,114,105,106,102,101,83,72,58,21,13
0,12,30,55,70,100,101,103,101,104,103,40,14,33,100,92,101,100,87,101,67,100,54,18
2,13,15,46,43,45,48,47,50,35,31,13,10,14,16,28,41,47,51,48,71,40,39,17
0,14,23,37,50,13,37,26,29,26,14,16,10,14,13,14,28,24,14,16,28,50,30,11
0,13,10,12,10,10,7,6,13,22,14,11,5,9,13,15,14,23,25,8,11,7,2,0
0,5,4,0,0,7,6,8,9,18,31,28,14,14,25,30,30,26,25,10,13,6,13,10
6,8,6,9,10,11,13,14,14,18,35,27,13,8,13,15,19,23,13,10,10,7,34,9
0,0,1,9,12,10,10,10,7,10,13,13,13,8,8,16,13,14,10,10,20,13,31,51
0,0,2,46,25,30,12,7,11,13,11,12,10,8,6,12,14,14,9,8,12,17,31,22
0,0,0,10,23,33,36,13,10,14,13,7,7,7,4,13,14,12,5,3,2,34,14,2
0,0,0,0,8,17,33,44,40,28,23,14,14,18,7,18,21,9,9,14,51,32,19,1
0,0,0,0,0,0,4,31,52,51,54,29,29,33,8,14,11,13,13,58,54,18,10,0
0,1,0,0,2,1,8,10,35,50,137,62,54,58,6,19,34,58,62,44,19,13,10,0
0,0,0,0,0,3,5,2,10,15,21,50,55,59,21,81,65,86,72,21,14,4,6,0
2,0,0,0,0,0,0,3,8,12,11,21,53,70,10,56,74,55,23,11,4,3,1,2
0,0,3,0,0,0,8,5,5,11,11,13,50,80,14,12,84,48,38,8,6,7,0,0
0,0,0,0,0,4,2,10,9,10,10,7,15,57,12,3,47,54,18,10,9,0,0,0
0,3,0,0,1,0,9,5,8,0,6,11,8,11,11,3,53,52,13,0,0,0,1,9
0,0,0,0,0,0,0,0,5,10,4,0,0,0,1,0,0,9,6,0,0,7,3,4
0,0,2,0,5,0,0,7,8,0,0,0,0,3,0,0,0,1,0,0,5,2,6,5

0,0,0,0,7,9,10,13,13,13,12,11,9,11,8,6,4,5,1,0,5,2,8,0
0,0,0,8,13,32,50,50,55,50,52,51,37,23,14,14,16,12,1,11,12,7,7,0
0,0,6,7,14,41,56,59,58,55,56,57,59,43,23,14,22,18,10,10,10,0,8,7
0,0,0,9,13,28,52,66,56,61,62,61,54,43,19,13,14,13,12,11,12,6,0,0
0,0,0,0,0,0,2,7,29,43,36,14,8,6,5,9,12,6,13,13,8,5,0,2
3,0,3,5,4,11,14,28,34,35,43,44,47,39,37,30,33,13,14,23,19,5,0,0
2,0,0,4,9,17,40,52,54,53,55,61,63,57,54,54,50,33,14,13,14,0,1,0
0,0,0,1,23,44,57,65,67,70,81,89,81,84,85,65,54,53,52,32,18,8,1,0
0,0,3,25,50,61,64,85,109,104,106,122,117,119,119,95,65,58,56,56,12,10,10,0
0,0,14,56,53,65,85,119,127,118,126,143,135,141,137,103,78,60,50,52,40,12,10,8
0,12,39,47,50,56,75,112,117,123,127,124,134,137,115,86,58,51,51,50,17,11,7,7
0,7,52,51,51,50,56,83,116,123,133,121,120,141,114,72,57,38,21,46,31,12,7,11
0,14,51,46,20,41,51,73,103,114,122,117,125,123,114,101,73,14,14,50,38,12,0,0
0,12,42,38,13,9,53,73,78,97,103,103,109,109,107,101,58,11,10,28,68,8,2,0
2,12,33,12,9,0,27,55,52,55,66,76,103,108,104,59,30,12,16,58,108,18,14,7
10,50,57,10,10,0,38,54,55,54,57,57,86,91,64,54,44,13,13,36,92,14,7,8
11,87,84,14,8,10,52,58,53,56,61,58,86,66,62,58,52,42,10,13,11,11,6,2
12,24,32,29,27,21,39,43,47,55,57,50,50,56,63,60,40,25,11,9,13,18,12,8
3,4,9,7,6,14,41,45,54,63,77,101,76,62,58,68,36,13,12,7,6,11,3,6
4,7,8,6,10,14,53,102,85,100,126,141,156,135,129,127,122,104,36,12,12,10,2,0
6,0,6,13,16,37,100,120,122,136,179,155,157,156,147,137,131,120,100,32,30,15,13,7
0,0,8,18,45,59,104,128,144,151,151,147,160,176,166,172,146,106,60,41,14,4,4,0
6,3,11,22,37,49,60,99,128,139,152,140,156,161,153,146,131,107,58,70,55,31,7,10
4,0,0,11,43,58,82,107,126,136,146,125,133,142,140,135,132,122,105,81,69,52,10,9
3,5,12,28,60,93,104,102,106,114,117,101,101,108,114,105,106,102,101,84,72,58,21,13
0,12,33,54,70,100,101,103,101,104,102,41,14,33,100,93,100,100,89,101,67,100,54,18
2,13,15,46,43,43,50,47,48,35,31,13,11,13,17,28,40,48,51,48,71,40,39,17
0,14,23,37,50,14,35,26,30,26,14,16,10,14,13,15,28,24,14,16,29,50,31,11
0,13,10,13,10,10,7,6,13,23,14,11,5,9,13,14,14,23,25,8,11,7,2,0
0,5,4,0,0,7,7,8,9,18,31,28,14,13,25,30,30,26,26,10,13,6,13,10
6,8,6,9,10,11,14,14,14,18,35,27,13,8,12,15,20,23,13,10,10,7,34,9
0,0,1,9,12,10,10,10,7,10,13,13,13,8,8,17,13,14,10,10,20,13,31,51
0,0,2,46,25,29,12,7,11,13,11,12,10,8,6,12,14,14,9,8,12,17,30,22
0,0,0,10,22,34,35,13,10,14,13,8,7,7,4,13,14,12,6,3,2,35,14,2
0,0,0,0,8,16,32,43,39,26,24,13,14,18,7,18,22,9,9,14,51,31,19,1
0,0,0,0,0,0,4,29,52,51,54,30,30,33,8,14,11,13,13,57,54,18,10,0
0,2,0,0,2,1,7,10,34,50,137,62,55,58,6,19,35,58,62,44,19,13,10,0
0,0,0,0,0,3,5,2,10,14,20,50,56,59,21,81,65,86,72,21,14,4,6,0
2,0,0,0,0,0,0,3,7,12,11,21,53,70,10,56,74,55,24,11,5,3,2,2
0,0,3,0,0,0,7,5,5,11,11,13,50,80,14,12,84,48,38,8,6,7,0,0
0,0,0,0,0,4,2,10,9,10,10,7,14,57,12,3,48,54,18,10,9,0,0,0
0,3,0,0,1,0,9,5,8,0,7,10,8,11,11,3,53,52,13,0,0,0,1,9
0,0,0,0,0,0,0,0,5,10,4,0,0,0,1,0,0,9,6,1,0,7,3,4
0,0,1,0,5,0,0,7,8,0,0,0,0,3,0,0,0,1,0,0,5,2,6,5

0,0,0,0,7,9,10,13,13,13,12,11,9,11,7,6,4,5,1,0,5,2,8,0
0,0,0,8,13,31,50,50,55,50,51,51,35,23,14,14,15,12,1,11,12,7,7,0
0,0,6,7,14,41,56,59,57,56,57,57,58,45,25,14,22,17,10,10,10,0,8,7
0,0,0,9,13,27,51,65,56,60,62,61,53,41,20,13,14,13,11,11,12,6,0,0
0,0,0,0,0,0,2,7,29,44,36,14,9,6,5,9,12,6,12,13,8,5,0,2
3,0,4,5,4,11,14,28,34,35,42,44,47,39,37,31,33,12,14,23,19,5,0,0
2,0,0,4,9,17,40,52,54,53,55,61,63,57,55,54,50,34,14,13,14,0,1,0
0,0,0,1,21,43,57,65,67,70,80,89,81,84,85,65,54,53,53,31,16,8,1,0
0,0,3,25,50,61,64,85,109,104,106,122,118,120,120,95,66,58,56,56,12,10,10,0
0,0,14,56,53,65,86,119,128,119,126,143,136,141,138,103,78,60,51,52,40,12,10,8
0,12,40,47,50,56,75,112,117,123,127,124,134,137,115,86,58,52,51,50,17,11,7,7
0,8,52,51,51,50,56,83,116,122,132,120,120,140,114,72,56,38,21,46,31,12,7,11
0,14,51,47,21,42,52,73,103,113,121,116,125,123,114,101,74,14,14,51,38,12,0,0
0,12,42,37,13,9,53,72,78,96,103,103,109,109,107,101,58,11,10,30,69,8,2,0
2,13,33,13,9,0,27,56,52,55,66,75,103,108,104,58,30,12,16,58,109,18,14,7
10,50,57,10,10,0,38,54,55,54,57,57,85,90,64,54,44,13,13,36,94,15,7,8
11,88,84,14,8,11,52,58,53,56,61,58,85,66,62,58,52,42,10,13,11,12,6,2
12,24,33,29,27,21,39,43,47,55,56,50,51,56,63,59,40,25,11,9,13,18,12,8
3,4,9,7,6,14,43,47,54,63,78,101,77,63,58,68,36,13,12,7,7,11,3,6
4,7,8,6,10,14,53,102,86,101,127,142,157,135,129,127,122,104,37,12,12,10,2,0
7,0,6,13,16,38,100,120,123,137,180,155,158,157,147,137,131,120,100,32,30,15,13,7
0,0,8,18,45,59,104,129,145,152,152,148,160,176,166,172,146,106,59,41,14,4,4,0
6,3,11,22,37,49,60,100,128,140,153,140,156,160,152,146,131,107,59,70,56,31,7,10
4,0,0,11,41,58,82,107,126,136,146,125,133,142,140,135,132,122,105,80,68,52,10,9
3,5,12,29,61,94,104,102,106,114,117,101,101,108,114,105,106,102,101,83,72,58,21,13
0,12,30,53,70,100,101,103,101,104,103,41,14,34,100,90,100,100,87,101,67,100,54,18
2,13,15,47,44,44,50,47,50,33,33,13,11,14,17,28,41,48,51,48,72,40,40,17
0,14,23,37,50,13,34,26,29,26,14,16,10,14,13,14,28,25,14,16,28,50,30,11
0,13,10,13,10,10,8,6,13,24,14,11,5,9,13,15,14,23,24,8,11,7,2,0
0,5,4,0,0,7,6,8,9,18,31,28,14,13,25,30,30,26,26,10,13,6,13,9
6,8,6,9,10,11,13,14,14,18,35,27,13,8,12,15,20,23,13,10,10,7,35,9
0,0,1,9,12,10,10,10,7,10,13,13,13,8,8,17,13,14,10,10,20,13,31,51
0,0,2,48,26,30,12,7,11,13,11,12,10,8,6,12,14,14,9,8,12,17,31,22
0,0,0,10,23,33,35,13,10,14,12,8,7,7,4,13,14,12,5,3,2,34,14,2
0,0,0,0,8,17,34,44,40,27,24,14,14,19,7,17,22,10,9,14,51,32,19,1
0,0,0,0,0,0,4,30,52,51,54,30,30,33,8,14,11,13,13,57,54,18,10,0
0,2,0,0,2,1,8,10,35,50,137,62,54,58,6,19,35,58,62,44,19,13,10,0
0,0,0,0,0,3,5,2,10,15,20,50,55,59,21,81,65,86,71,21,14,4,6,0
2,0,0,0,0,0,0,3,7,12,11,22,53,70,10,56,74,55,24,11,5,3,2,2
0,0,3,0,0,0,7,5,5,11,11,13,51,80,14,12,84,47,37,8,6,7,0,0
0,0,0,0,0,5,2,10,9,10,10,7,15,57,12,3,47,54,19,10,9,0,0,0
0,3,0,0,1,0,9,5,8,0,6,10,8,11,11,3,53,52,13,0,0,0,1,9
0,0,0,0,0,0,0,0,5,10,4,0,0,0,1,0,0,9,6,1,0,7,4,4
0,0,1,0,5,0,0,7,8,0,0,0,0,3,0,0,0,1,0,0,5,2,6,5

0,0,0,0,8,9,10,13,13,13,12,11,10,11,8,6,4,5,1,0,5,2,8,0
0,0,0,8,12,29,50,50,54,50,51,51,32,23,14,14,16,12,1,11,12,6,6,0
0,0,6,7,14,44,56,60,57,56,56,58,60,45,24,14,22,18,10,10,10,0,8,7
0,0,0,9,13,27,51,64,56,60,62,61,53,43,20,13,14,13,11,11,12,6,0,0
0,0,0,0,0,0,2,7,30,44,37,14,9,6,5,9,12,6,12,13,8,5,0,2
3,0,3,5,4,11,14,28,34,35,43,44,47,39,37,31,33,13,14,23,19,5,0,0
2,0,0,4,9,17,41,52,54,53,55,61,63,57,55,54,50,35,14,13,14,0,1,0
0,0,0,1,21,43,57,65,67,70,80,89,81,84,86,65,54,53,53,32,16,8,1,0
0,0,3,26,51,61,64,85,110,105,106,123,118,120,120,95,66,58,56,56,12,10,10,0
0,0,14,56,53,65,85,119,127,118,126,143,135,141,138,103,78,60,50,52,39,12,10,8
0,12,40,48,50,56,75,112,117,123,127,123,133,137,115,86,58,52,51,50,17,11,7,7
0,7,52,51,51,50,56,83,116,122,132,119,119,140,113,72,56,39,21,46,32,12,7,11
0,14,52,47,22,42,52,73,103,113,121,116,125,123,114,101,73,14,14,51,38,12,0,0
0,12,42,36,13,8,52,71,78,96,102,103,109,108,107,101,57,11,10,28,68,8,2,0
2,13,35,13,9,0,27,56,52,55,66,75,103,108,104,58,29,12,17,58,108,18,14,7
10,50,57,10,10,0,36,54,54,54,57,57,85,90,63,54,44,13,13,36,93,14,7,8
11,88,84,14,8,11,52,59,53,56,61,58,86,66,62,58,52,43,10,13,11,12,6,2
12,24,33,29,27,21,39,43,47,55,56,50,51,56,63,60,40,25,11,9,13,18,12,8
3,4,10,7,6,14,44,48,54,64,79,101,77,63,59,68,37,13,12,7,7,11,3,6
5,7,8,6,10,14,53,102,86,101,127,142,157,135,129,127,122,104,37,12,12,10,2,0
7,0,6,13,16,39,100,120,123,137,181,156,158,157,147,137,131,120,100,33,30,15,13,7
0,0,8,18,45,58,104,129,145,152,152,148,160,177,166,172,146,106,60,41,14,4,4,0
6,3,11,22,37,49,60,100,128,139,153,140,156,161,152,146,131,107,58,70,56,31,7,10
4,0,0,11,41,58,82,107,126,136,146,125,133,142,140,135,132,122,105,81,68,52,10,9
4,5,12,28,60,95,104,102,106,114,117,101,101,108,114,105,106,102,101,84,72,58,21,13
0,12,30,53,70,100,101,103,101,104,102,41,14,33,100,92,100,100,89,101,67,100,54,19
2,13,16,46,44,45,50,47,50,33,34,13,10,14,17,28,41,46,52,48,72,40,40,18
0,14,22,36,50,13,35,25,29,26,14,15,10,14,13,14,29,24,14,15,28,50,30,11
0,14,10,13,10,10,7,6,13,23,14,11,6,9,13,16,14,24,25,8,11,8,2,0
0,5,4,0,0,7,6,8,9,18,31,28,14,13,25,30,30,25,25,10,13,6,13,10
6,8,6,9,10,11,14,14,14,18,35,27,13,8,12,15,20,23,13,10,10,7,35,9
0,0,1,9,12,10,10,10,7,10,13,13,13,8,8,16,13,14,10,10,20,13,32,51
0,0,2,48,28,33,12,7,11,13,11,13,10,8,6,12,14,14,9,8,12,18,31,22
0,0,0,10,21,32,34,13,10,14,13,8,7,7,4,13,14,12,5,3,2,34,14,2
0,0,0,0,8,17,33,45,41,28,24,14,14,19,7,17,22,10,9,14,51,32,19,1
0,0,0,0,0,0,4,30,52,51,54,29,29,33,8,14,11,13,12,57,54,18,10,0
0,2,0,0,2,1,8,10,37,50,138,62,55,58,6,19,35,58,62,44,19,13,10,0
0,0,0,0,0,3,5,2,10,15,21,50,56,58,20,81,64,86,71,21,14,4,6,0
2,0,0,0,0,0,0,3,8,12,12,23,53,70,10,56,74,55,24,11,5,3,1,2
0,0,3,0,0,0,7,5,5,11,11,13,51,80,14,12,84,48,37,8,6,6,0,0
0,0,0,0,0,5,2,10,9,10,10,7,16,57,12,4,47,54,20,10,9,0,0,0
0,3,0,0,1,0,9,5,8,0,6,10,8,11,11,3,53,52,13,0,0,0,1,9
0,0,0,0,0,0,0,0,5,10,4,0,0,0,1,0,0,9,6,1,0,7,4,4
0,0,1,0,5,0,0,7,8,0,0,0,0,3,0,0,0,1,0,0,5,2,6,5

0,0,0,0,7,9,10,13,13,13,12,11,10,11,8,6,4,5,1,0,5,2,8,0
0,0,0,8,12,29,50,50,54,50,51,51,32,24,14,14,15,12,1,11,12,7,7,0
0,0,6,7,14,43,56,60,58,56,57,58,60,45,25,14,22,18,10,10,10,0,8,7
0,0,0,9,13,27,51,66,56,60,62,60,54,42,21,13,14,13,11,11,12,6,0,0
0,0,0,0,0,0,2,7,33,44,38,14,9,6,5,9,12,6,13,13,9,5,0,2
3,0,3,5,4,11,14,28,34,35,43,44,47,39,38,31,33,13,14,23,19,5,0,0
2,0,0,4,9,17,40,52,54,53,55,61,63,57,55,54,50,34,14,13,14,0,1,0
0,0,0,1,21,43,57,65,67,70,80,89,81,84,85,65,54,53,52,31,16,8,1,0
0,0,3,26,51,61,64,85,110,104,106,123,118,121,120,95,66,58,56,56,12,10,10,0
0,0,14,56,53,65,85,119,127,118,126,143,135,141,137,103,78,60,50,52,39,12,10,8
0,12,41,47,50,56,75,112,117,123,127,123,132,136,114,86,57,51,51,50,17,11,7,7
0,8,52,51,51,50,56,83,116,122,132,119,118,139,113,71,56,36,20,46,31,12,7,11
0,14,51,47,21,43,52,74,103,114,122,116,124,123,113,100,71,14,14,51,39,12,0,0
0,12,41,36,13,9,53,72,78,97,103,103,109,109,107,101,57,11,10,28,68,8,2,0
2,13,34,12,9,0,27,56,52,55,66,76,103,108,104,58,29,12,16,57,108,18,14,7
10,50,56,10,10,0,37,54,55,54,57,57,85,92,64,54,44,13,13,36,94,15,7,8
11,89,84,14,8,10,52,59,53,56,62,58,86,66,62,58,52,42,10,13,11,12,6,2
12,24,33,29,27,21,39,43,47,55,57,50,50,55,62,59,40,25,11,9,12,18,12,8
3,4,9,7,6,14,44,47,54,64,79,101,76,62,58,68,36,13,12,7,7,11,3,6
5,8,8,6,10,14,53,102,86,101,127,141,155,135,128,127,122,104,34,12,12,10,2,0
7,0,7,13,16,39,101,122,124,138,181,155,157,157,147,138,131,120,100,33,30,16,13,7
0,0,8,18,47,60,104,130,147,155,154,149,161,178,168,174,147,107,60,41,14,3,4,0
7,3,12,22,36,49,60,101,130,141,157,142,159,163,154,147,132,107,59,70,56,32,7,10
4,0,0,10,39,57,82,108,128,138,148,126,134,143,141,136,133,122,105,81,69,52,10,9
4,3,9,14,58,89,104,102,107,115,118,102,102,109,115,105,106,102,101,82,72,57,21,13
0,12,15,50,67,98,101,103,101,105,103,47,14,38,100,92,101,100,89,101,66,100,54,17
3,10,11,40,40,45,48,48,52,38,37,14,11,14,18,31,42,48,52,47,71,40,39,17
0,11,14,29,43,13,34,26,30,28,14,17,10,14,13,14,29,24,14,15,29,50,30,11
0,10,9,12,9,9,8,6,13,24,15,12,6,9,13,15,14,24,25,8,11,7,2,0
0,3,3,0,0,5,7,8,9,22,32,28,14,14,26,29,31,26,25,10,13,6,12,9
4,5,5,8,10,11,14,14,14,18,35,27,13,8,13,16,20,23,13,10,10,7,33,8
0,0,0,6,11,10,10,11,8,10,13,13,13,8,8,17,13,14,10,10,20,13,31,51
0,0,0,13,14,22,11,7,11,13,12,13,9,8,6,12,14,14,9,8,12,16,30,21
0,0,0,0,13,27,32,13,9,14,12,8,7,7,4,13,14,12,6,3,2,33,14,1
0,0,0,0,7,13,22,39,38,28,25,14,14,17,7,18,22,10,9,14,51,32,19,0
0,0,0,0,0,0,4,25,50,52,58,30,35,35,8,15,11,13,13,57,54,19,10,0
0,4,0,0,3,1,8,10,35,50,145,59,56,58,6,20,38,59,64,46,19,13,10,0
0,2,0,0,0,3,5,3,11,16,22,51,56,57,14,82,67,88,77,22,14,5,6,0
2,0,0,0,0,0,0,4,8,12,12,23,54,67,9,56,76,56,25,12,5,3,2,2
0,0,3,0,0,0,8,6,5,11,12,13,51,76,13,11,87,50,40,9,7,7,0,0
0,0,0,0,0,4,2,10,9,10,10,7,14,54,12,4,49,55,22,11,10,0,0,0
0,3,0,0,1,0,10,6,8,0,6,10,8,10,11,4,54,53,13,0,0,0,2,9
0,0,0,0,0,0,0,0,5,10,4,0,0,0,1,0,0,9,6,3,0,7,4,4
0,0,1,0,5,0,0,7,8,0,0,0,0,3,0,0,0,1,0,0,6,3,6,5
0,9,3,5,0,1,5,3,6,7,11,9,11,11,13,13,13,10,9,8,0,0,0,0
0,7,7,12,12,1,12,15,14,14,22,33,51,51,50,54,48,50,29,13,9,0,0,0
7,9,1,10,10,10,17,22,14,22,45,59,58,57,55,58,60,56,40,14,8,7,0,0
0,0,7,13,11,12,13,14,13,19,43,53,61,62,61,56,65,51,29,14,10,0,0,0
3,0,6,9,13,14,6,12,9,5,6,8,14,38,45,31,8,4,1,2,0,0,0,0
0,0,5,18,24,14,13,33,30,37,39,47,44,43,36,34,28,14,12,5,5,3,0,4
0,1,0,14,13,14,31,50,54,55,57,63,61,55,53,54,52,40,19,10,4,0,0,3
0,1,8,15,30,52,53,54,65,86,84,82,90,82,71,68,66,57,45,23,3,0,0,0
0,10,10,12,56,56,58,66,95,120,122,119,125,108,106,111,87,65,61,51,27,4,0,0
8,10,12,37,52,50,60,78,103,138,143,138,146,128,121,129,121,88,66,53,56,14,0,0
6,7,10,15,50,51,52,57,86,115,139,137,128,131,127,120,114,77,56,50,47,41,12,0
11,7,11,30,46,20,37,56,71,114,143,122,124,136,126,119,85,56,50,51,51,52,7,0
0,0,12,37,50,14,13,71,101,114,124,126,119,124,116,105,75,52,44,21,44,51,14,0
0,2,8,67,27,10,10,57,101,107,109,110,104,103,100,80,74,54,8,12,32,42,11,0
7,14,17,107,58,17,11,27,57,104,108,104,76,67,56,53,56,24,0,8,12,30,12,1
8,7,15,95,37,12,11,42,53,63,90,83,56,57,54,55,55,38,0,10,11,56,43,10
3,6,12,11,13,9,36,51,58,61,64,78,56,60,55,53,59,52,10,9,13,87,88,10
8,12,18,12,9,10,23,39,58,60,52,47,47,55,53,46,43,39,20,28,28,32,22,11
6,3,11,6,6,11,13,34,65,56,58,70,90,67,57,52,44,38,13,6,6,8,3,2
0,1,10,12,12,33,104,121,126,127,133,151,139,123,96,83,101,53,13,10,4,5,5,2
7,13,15,29,32,99,120,131,137,146,154,154,151,175,133,121,119,99,37,15,12,4,0,5
0,4,3,14,41,60,106,147,172,166,175,157,144,149,151,144,128,103,58,45,15,7,0,0
10,7,31,56,70,58,107,131,146,153,161,157,140,153,139,128,98,59,48,37,21,11,2,5
9,10,52,70,82,105,122,133,136,140,142,133,125,146,136,126,107,82,58,41,10,0,0,2
13,21,58,73,84,101,102,106,105,115,109,101,101,117,114,106,102,104,93,60,25,11,4,1
16,54,100,67,101,89,100,101,93,100,33,14,42,103,104,101,103,101,100,70,54,29,12,0
17,40,40,73,48,52,48,41,28,17,13,10,13,33,33,51,47,48,44,41,46,14,12,1
10,28,50,29,15,14,25,28,14,13,14,10,14,14,26,29,26,34,13,48,35,21,14,0
0,2,7,11,8,25,23,14,14,12,9,5,11,14,23,13,5,7,9,10,12,10,13,0
9,12,6,13,10,26,25,30,29,25,13,14,28,31,18,8,7,5,6,0,0,3,4,0
8,34,7,10,10,13,23,19,15,12,8,13,27,35,15,13,13,13,11,9,8,6,7,5
51,31,13,20,10,10,14,13,14,8,8,13,13,13,10,6,10,10,9,12,8,0,0,0
21,30,16,12,8,9,14,14,12,6,8,10,12,11,12,11,6,12,28,21,37,0,0,0
2,14,33,2,3,6,11,14,13,3,7,6,8,12,14,10,13,34,34,21,9,0,0,0
0,18,32,51,14,9,9,21,17,7,18,13,14,24,27,41,44,33,16,6,0,0,0,0
0,10,18,54,57,12,12,10,14,8,33,29,29,55,51,52,31,4,0,0,0,0,0,0
0,10,13,18,44,62,58,35,20,6,59,55,62,139,50,35,10,7,0,0,0,0,0,0
0,6,5,14,21,72,86,66,83,21,59,56,51,21,15,10,2,4,1,0,0,0,0,0
2,2,3,5,11,23,55,75,58,10,70,54,21,11,12,7,3,0,0,0,0,0,0,0
0,0,7,6,8,37,48,86,12,14,81,51,13,11,11,4,4,7,0,0,0,2,0,0
0,0,0,9,11,21,54,50,3,12,57,14,7,10,10,9,10,2,3,0,0,0,0,0
9,1,0,0,0,13,52,54,3,10,11,8,10,6,0,7,5,9,0,1,0,0,3,0
4,3,8,0,1,6,9,0,0,1,0,0,0,4,10,4,0,0,0,0,0,0,0,0
5,6,2,5,0,0,1,0,0,0,3,0,0,0,0,8,7,0,0,5,0,1,0,0

0,8,2,5,0,1,5,4,6,7,11,9,11,11,13,13,13,10,9,7,0,0,0,0
0,7,7,12,12,1,12,16,14,14,23,33,51,51,50,54,50,50,29,13,8,0,0,0
7,9,1,10,10,10,17,22,14,22,42,59,58,56,55,57,58,56,40,14,8,6,0,0
0,0,6,13,11,12,13,14,13,21,43,53,61,62,61,56,65,52,28,13,10,0,0,0
2,0,6,9,13,14,6,12,9,5,6,8,14,36,44,30,7,3,0,1,0,0,0,0
0,0,5,19,23,14,13,33,31,37,39,47,44,43,36,34,28,14,12,5,5,3,0,4
0,1,0,14,13,14,31,50,54,55,57,63,61,55,53,54,52,39,18,10,4,0,0,3
0,1,8,15,31,52,53,54,65,85,84,81,90,81,71,68,66,57,45,24,3,0,0,0
0,10,10,12,56,56,57,66,95,120,121,119,124,108,105,111,87,65,61,50,27,4,0,0
8,10,12,38,52,50,60,78,103,139,142,137,146,128,120,129,121,88,66,54,56,15,0,0
6,7,10,15,50,51,52,58,86,115,138,136,127,131,126,119,114,77,56,50,47,40,12,0
11,7,11,31,46,21,38,56,71,114,142,121,123,135,125,118,84,56,50,52,51,52,7,0
0,0,12,37,50,14,14,72,101,114,124,126,118,123,115,104,74,52,44,20,44,51,14,0
0,2,8,67,28,10,11,57,101,107,109,110,104,103,100,80,75,54,8,13,36,42,12,0
7,14,18,108,58,17,12,28,57,104,108,104,76,67,56,53,56,25,0,8,12,30,12,1
8,7,15,95,37,12,12,42,54,63,90,85,57,57,54,55,55,38,0,10,11,56,46,10
3,6,12,11,13,9,38,51,58,61,64,81,57,60,55,53,59,52,10,9,13,87,88,10
8,12,18,12,9,11,24,40,58,60,53,48,48,55,54,47,43,39,21,28,29,33,23,11
6,3,11,6,6,11,13,34,66,57,59,72,96,70,59,53,44,38,13,6,6,9,3,2
0,1,10,12,12,34,104,122,127,127,133,153,140,124,98,83,102,53,14,10,4,5,5,3
7,13,15,29,32,99,120,131,137,146,154,155,152,176,134,121,119,100,37,15,12,4,0,5
0,4,3,14,41,60,106,146,172,166,175,157,145,150,151,144,128,103,58,45,15,7,0,0
10,7,31,56,70,58,107,131,146,153,160,156,140,153,139,128,99,59,48,36,21,11,2,5
9,10,52,70,81,105,122,132,136,140,142,133,125,146,136,126,107,81,58,43,10,0,0,3
13,21,58,72,83,101,102,106,105,114,108,101,101,117,114,106,102,104,90,60,22,11,3,2
16,54,100,67,101,89,100,101,92,100,33,14,41,103,104,101,103,101,100,70,54,27,12,0
16,39,40,72,48,51,46,40,28,16,13,10,13,34,33,48,44,48,43,41,46,14,12,1
10,30,50,29,14,14,24,29,14,13,14,10,16,14,26,30,26,33,13,47,34,21,13,0
0,2,7,11,8,25,23,14,14,12,9,5,11,14,23,13,5,7,9,9,12,9,12,0
9,12,6,13,10,26,26,30,29,25,13,14,28,32,20,9,7,6,6,0,0,3,4,0
8,33,7,10,10,13,23,19,15,12,8,13,27,35,17,13,13,13,11,9,8,6,6,5
51,31,13,20,10,10,14,13,15,8,8,13,13,13,10,6,10,10,10,12,8,0,0,0
21,30,16,12,8,9,14,14,12,6,8,10,13,11,12,11,6,12,26,18,30,0,0,0
1,14,33,2,3,6,11,14,13,4,7,7,8,12,14,10,13,34,32,18,5,0,0,0
1,18,32,51,14,8,9,21,18,7,20,14,14,25,28,40,43,31,14,5,0,0,0,0
0,10,18,54,57,12,12,11,14,8,37,32,30,55,51,52,29,4,0,0,0,0,0,0
0,10,13,18,44,62,58,34,19,6,60,56,62,143,50,35,9,7,0,0,0,0,1,0
0,6,5,14,22,72,86,66,82,21,60,57,51,23,16,11,2,4,2,0,0,0,0,0
2,2,3,5,11,23,55,76,58,10,72,54,23,11,12,8,3,0,0,0,0,0,0,1
0,0,7,6,8,38,49,87,12,14,82,51,13,11,11,5,5,7,0,0,0,2,0,0
0,0,0,9,11,20,55,50,4,12,58,14,7,10,10,9,10,2,3,0,0,0,0,0
9,1,0,0,0,13,53,54,3,11,11,8,10,7,0,7,5,9,0,1,0,0,3,0
4,3,8,0,1,6,9,0,0,1,0,0,0,4,10,4,0,0,0,0,0,0,0,0
5,6,3,5,0,0,1,0,0,0,3,0,0,0,0,8,7,0,0,5,0,1,0,0

0,8,2,5,0,1,5,4,6,7,11,9,11,11,13,13,13,10,9,7,0,0,0,0
0,7,7,12,12,1,12,15,14,14,23,33,51,51,50,54,48,50,31,12,8,0,0,0
7,9,1,10,10,10,17,22,14,23,45,59,58,57,55,57,58,55,40,14,8,6,0,0
0,0,7,12,11,12,13,14,13,19,43,53,61,61,60,56,65,51,27,13,10,0,0,0
2,0,5,9,13,13,6,12,9,5,6,9,14,36,44,29,7,3,0,0,0,0,0,0
0,0,5,19,23,14,13,33,31,37,39,48,44,43,36,34,28,14,11,5,5,3,0,3
0,1,0,14,13,14,34,50,54,55,57,63,61,56,53,54,52,41,17,10,4,0,0,3
0,1,8,15,31,52,53,54,65,86,84,81,90,81,71,68,66,57,45,24,3,0,0,0
0,10,10,12,56,56,57,66,95,120,121,118,124,107,105,111,87,65,61,50,27,3,0,0
8,10,12,38,52,51,60,78,103,138,142,136,145,127,120,129,120,87,66,53,56,15,0,0
6,7,10,15,50,51,52,57,86,115,137,134,125,129,125,119,113,76,56,50,47,40,12,0
11,7,12,31,46,21,38,56,71,113,141,120,122,134,125,118,84,56,50,51,51,52,7,0
0,0,12,38,50,14,14,71,100,113,123,125,117,123,115,104,74,52,44,21,45,51,14,0
1,2,8,68,27,10,11,57,101,107,109,110,104,103,99,80,75,54,9,13,36,42,12,0
7,14,18,108,58,16,12,28,57,104,108,103,76,67,56,53,56,28,0,9,12,30,12,1
8,7,15,94,36,13,12,41,54,63,90,86,57,57,54,55,55,38,0,10,11,57,50,10
3,6,12,11,13,9,38,51,58,61,65,84,58,61,56,53,59,52,11,9,14,86,88,11
8,12,18,12,9,11,24,40,59,61,54,49,50,56,55,47,43,39,22,28,28,32,23,11
6,3,11,6,6,11,13,35,66,57,60,73,100,74,62,53,45,41,14,6,6,9,3,2
0,1,10,12,12,35,104,122,127,128,134,154,141,126,100,85,102,53,14,10,5,6,6,3
7,13,15,30,33,99,120,131,137,147,155,156,154,178,135,122,120,100,37,15,12,5,0,6
0,4,3,14,40,60,106,146,172,166,176,158,146,151,151,144,128,103,58,45,16,7,0,0
10,7,31,55,70,58,107,131,146,152,160,156,140,153,139,128,99,59,48,36,22,11,2,5
9,10,52,68,81,105,122,132,135,140,142,133,125,146,136,126,107,81,57,41,10,0,0,3
13,21,58,72,83,101,102,106,105,114,108,101,101,117,114,106,102,104,90,59,23,11,3,2
16,54,100,67,101,87,100,100,93,100,32,14,41,103,104,101,103,101,100,69,53,27,12,0
17,40,40,72,48,51,48,40,28,17,13,10,13,33,33,51,45,48,43,41,46,14,12,1
11,28,50,27,14,14,25,29,14,13,14,10,16,14,25,29,25,31,13,48,32,20,13,0
0,2,7,11,8,25,24,14,14,12,9,5,11,14,23,13,6,7,9,9,12,9,12,0
9,12,6,13,10,26,26,30,29,25,13,14,28,32,17,9,7,6,6,0,0,3,4,0
8,33,7,10,9,13,23,19,15,12,8,13,27,35,17,14,13,13,10,9,8,6,7,5
51,31,13,20,10,10,14,13,15,8,8,13,13,13,10,7,10,10,10,12,8,0,0,0
21,30,16,12,8,9,14,14,12,6,8,10,13,11,13,11,6,12,27,21,36,0,0,0
1,14,33,2,2,6,11,14,13,4,7,7,8,13,14,10,13,34,33,20,7,0,0,0
1,18,32,51,14,9,9,21,18,7,20,14,14,25,29,40,44,32,15,6,0,0,0,0
0,10,18,54,57,12,12,10,14,8,35,30,29,55,51,52,29,4,0,0,0,0,0,0
0,10,13,19,44,62,58,35,19,6,60,55,62,142,50,35,10,7,0,1,0,0,1,0
0,6,5,14,21,72,86,65,82,20,60,56,51,23,15,11,2,4,2,0,0,0,0,0
2,2,3,5,11,23,55,75,58,10,71,54,22,12,12,8,3,0,0,0,0,0,0,1
0,0,7,6,8,36,48,86,12,14,82,51,13,11,11,5,5,7,0,0,0,2,0,0
0,0,0,9,11,19,55,50,4,12,57,14,7,10,10,9,10,2,4,0,0,0,0,0
9,1,0,0,0,13,52,54,3,11,11,8,10,6,0,7,5,9,0,1,0,0,3,0
4,3,7,0,1,6,9,0,0,1,0,0,0,4,10,5,0,0,0,0,0,0,0,0
5,6,2,5,0,0,1,0,0,0,3,0,0,0,0,8,7,0,0,5,0,1,0,0

0,8,2,5,0,1,5,4,6,7,11,9,11,12,13,13,13,10,9,7,0,0,0,0
0,7,7,12,12,1,12,16,14,14,23,35,51,51,50,54,48,50,31,12,8,0,0,0
7,9,1,10,10,10,17,22,14,22,45,59,58,57,55,57,59,56,40,14,8,6,0,0
0,0,6,12,11,12,13,14,13,19,42,53,61,61,60,56,65,51,27,13,10,0,0,0
2,0,5,9,13,13,6,12,9,5,6,9,14,37,44,30,7,3,0,0,0,0,0,0
0,0,5,18,23,14,13,33,30,37,39,47,44,43,35,34,28,14,11,5,5,3,0,3
0,1,0,14,13,14,33,50,54,55,57,63,61,55,53,54,52,41,18,10,4,0,0,3
0,1,8,16,30,52,53,54,65,86,84,81,90,81,71,68,66,57,45,22,2,0,0,0
0,10,10,12,56,56,57,66,95,120,121,118,124,107,106,111,87,65,61,50,28,3,0,0
8,10,12,38,52,50,60,78,103,138,142,136,145,127,120,129,120,87,66,53,56,14,0,0
6,7,11,16,50,51,51,58,86,114,137,134,125,129,125,118,113,76,56,50,48,40,12,0
11,7,11,31,46,20,37,56,71,113,140,120,121,134,124,117,83,56,50,51,51,52,7,0
0,0,12,37,50,14,14,71,100,113,123,125,117,122,114,104,74,52,44,21,46,51,14,0
0,2,8,68,28,10,11,56,101,107,109,109,104,103,98,79,72,54,8,13,33,41,12,0
7,14,18,108,58,16,12,28,57,104,108,103,76,67,56,53,56,27,0,9,12,31,12,2
8,7,14,92,36,13,12,41,54,64,90,87,57,57,54,55,55,37,0,10,11,57,48,10
3,6,12,11,13,9,39,52,58,62,66,85,58,62,56,53,59,52,11,9,14,85,88,11
8,12,18,12,9,11,24,40,59,62,55,50,50,56,55,47,43,39,22,28,28,32,23,11
6,3,11,6,7,11,13,35,67,58,61,75,100,75,63,53,47,41,14,6,6,9,3,3
0,1,10,12,12,35,104,122,127,128,134,155,141,126,100,85,102,53,14,10,5,6,6,3
7,13,15,30,33,99,120,131,137,147,156,156,155,178,135,122,120,100,37,15,12,5,0,6
0,4,3,14,41,60,106,146,172,166,176,159,146,151,151,144,128,103,58,45,16,8,0,0
10,7,31,55,70,58,107,131,146,153,161,156,140,153,139,128,99,60,49,37,22,11,2,5
9,10,52,68,81,105,122,132,135,140,142,133,125,146,136,126,107,81,57,40,10,0,0,3
13,21,58,72,84,101,102,106,105,115,108,101,101,117,114,106,102,104,92,60,25,11,4,2
16,54,100,67,101,87,100,100,92,100,32,14,39,103,104,101,103,101,100,69,53,26,12,0
17,40,41,72,48,52,48,42,27,18,14,10,13,34,35,48,45,50,44,44,47,14,12,1
11,28,50,28,15,14,24,27,14,13,14,10,15,14,26,29,25,33,13,47,32,21,14,0
0,2,7,11,8,25,24,14,17,12,9,5,11,14,24,13,6,7,9,10,12,10,13,0
9,12,6,13,10,26,25,30,29,25,13,14,28,31,17,9,7,6,6,0,0,3,4,0
9,34,7,10,10,13,23,19,15,12,8,13,27,35,17,14,14,13,11,9,8,6,7,5
51,31,13,20,10,10,14,13,15,8,8,13,13,13,10,7,10,10,10,12,8,0,0,0
21,30,16,12,8,9,14,14,12,6,8,10,13,11,13,11,6,12,29,22,39,0,0,0
2,14,33,2,3,6,11,14,13,4,7,6,8,12,14,10,13,34,32,20,8,0,0,0
1,19,32,51,14,9,9,21,18,7,20,14,14,25,28,40,45,33,15,6,0,0,0,0
0,10,18,54,57,12,13,11,14,8,35,30,29,55,51,52,30,4,0,0,0,0,0,0
0,10,13,19,44,62,58,34,19,6,59,55,62,140,50,35,10,7,0,1,0,0,1,0
0,6,4,14,21,72,86,65,82,21,59,56,51,22,15,10,2,4,2,0,0,0,0,0
2,2,3,5,11,23,55,75,57,10,71,54,22,11,12,8,3,0,0,0,0,0,0,1
0,0,7,6,8,36,48,86,12,14,81,51,13,11,11,5,5,7,0,0,0,2,0,0
0,0,0,9,11,19,54,49,4,12,57,14,7,10,10,9,10,2,4,0,0,0,0,0
9,1,0,0,0,13,52,53,3,11,11,8,10,6,0,7,5,9,0,1,0,0,3,0
4,3,8,0,1,6,9,0,0,1,0,0,0,4,10,5,0,0,0,0,0,0,0,0
5,6,2,5,0,0,1,0,0,0,3,0,0,0,0,7,7,0,0,5,0,1,0,0

0,9,2,5,0,1,5,4,6,7,11,9,11,12,13,13,13,10,9,7,0,0,0,0
0,7,7,12,12,1,11,15,14,14,23,32,51,51,50,54,48,50,28,12,8,0,0,0
7,9,1,10,10,10,18,22,14,23,42,60,58,57,55,57,59,55,41,14,8,6,0,0
0,0,6,12,11,12,13,14,13,20,42,53,60,61,60,56,64,51,27,13,10,0,0,0
2,0,5,9,13,13,6,12,10,5,6,9,16,38,44,31,7,3,0,0,0,0,0,0
0,0,5,18,23,14,13,33,30,37,39,47,44,43,36,34,28,14,11,4,5,3,0,3
0,1,0,14,13,14,33,50,54,55,57,63,61,55,53,54,53,41,17,10,4,0,0,3
0,1,8,15,30,52,53,54,65,85,84,81,90,81,71,68,66,57,43,21,2,0,0,0
0,10,10,12,56,56,58,65,95,120,121,119,124,107,106,111,86,65,61,50,26,3,0,0
8,10,12,38,52,50,60,78,103,137,142,136,145,128,120,129,120,86,66,53,56,14,0,0
7,7,11,15,50,51,52,57,85,114,137,134,125,129,125,118,113,75,56,50,47,40,12,0
11,7,11,31,46,19,38,56,71,113,140,119,121,133,124,117,83,56,50,51,51,52,7,0
0,0,12,38,50,14,13,70,100,113,123,125,117,122,114,104,73,52,42,19,45,52,14,0
0,2,8,68,27,10,11,56,101,107,109,109,103,103,98,78,72,53,8,12,34,41,12,0
7,14,18,108,57,17,12,29,58,104,108,104,77,66,56,52,56,25,0,9,12,34,12,2
8,7,14,90,36,12,12,41,54,64,91,86,57,57,54,55,54,36,0,10,10,56,48,10
2,6,11,11,13,9,40,52,59,62,66,86,59,62,56,53,59,53,11,9,14,84,87,11
8,12,18,12,9,11,25,40,59,63,55,50,50,57,55,47,44,39,22,28,29,32,23,11
6,3,11,6,7,11,13,36,67,58,61,75,100,76,63,54,47,41,14,6,6,9,3,2
0,1,10,12,12,34,104,122,127,128,134,155,141,126,100,85,102,53,14,10,5,6,6,3
7,13,15,30,32,99,120,131,137,147,156,157,155,179,136,122,120,100,37,16,12,5,0,6
0,4,3,14,41,59,106,146,172,166,176,158,146,151,152,144,128,103,58,45,16,7,0,0
10,7,31,55,70,58,107,131,146,153,161,156,140,153,139,128,99,60,49,37,22,11,2,5
9,10,51,68,80,105,122,132,135,140,142,133,125,146,136,126,107,82,57,41,10,0,0,3
13,21,58,72,84,101,102,106,105,114,108,101,101,117,114,106,102,104,93,60,26,12,4,2
16,54,100,67,101,87,100,100,90,100,34,14,41,103,104,101,103,101,98,68,54,27,12,0
17,39,40,72,48,52,48,41,30,17,13,11,13,33,33,50,45,50,44,44,46,14,12,1
11,30,50,28,15,14,23,28,14,13,14,10,14,14,26,29,25,34,13,46,33,19,14,0
0,2,7,11,8,25,23,14,15,12,9,5,12,14,24,13,6,7,9,10,12,10,13,0
9,12,6,13,10,26,25,30,29,25,13,14,28,31,18,9,7,6,6,0,0,3,4,0
9,34,7,10,10,13,23,19,15,12,8,13,27,35,17,14,14,13,11,9,8,6,7,5
51,31,13,20,10,10,14,13,15,8,8,13,13,13,10,7,10,10,10,12,8,0,0,0
22,30,17,12,8,9,14,14,12,6,8,10,13,11,13,11,6,12,29,22,39,0,0,0
2,14,34,2,3,6,11,14,13,4,7,7,8,12,14,10,13,34,33,20,8,0,0,0
1,18,33,51,14,9,9,21,17,7,20,14,14,24,27,40,44,33,16,7,0,0,0,0
0,10,18,54,57,12,13,11,14,8,34,29,30,55,51,52,29,4,0,0,0,0,0,0
0,10,13,19,44,62,58,35,19,6,59,55,62,139,50,36,10,7,0,1,0,0,1,0
0,6,4,14,21,72,86,65,82,22,59,56,51,23,15,10,2,5,2,0,0,0,0,0
2,2,3,5,11,23,55,75,57,10,71,54,22,11,12,8,3,0,0,0,0,0,0,1
0,0,7,6,8,36,48,85,12,14,81,51,13,11,11,5,5,7,0,0,0,2,0,0
0,0,0,9,10,19,54,49,4,12,57,14,7,10,10,9,10,2,4,0,0,0,0,0
9,1,0,0,0,13,52,53,3,11,11,8,10,6,0,7,5,9,0,1,0,0,3,0
4,3,8,0,1,6,9,0,0,1,0,0,0,4,10,5,0,0,0,0,0,0,0,0
5,6,2,5,0,0,1,0,0,0,3,0,0,0,0,8,7,0,0,5,0,1,0,0

0,8,2,5,0,1,5,4,6,8,11,10,11,12,13,13,13,10,9,7,0,0,0,0
0,7,7,12,12,1,12,16,14,14,24,32,51,51,50,54,50,50,28,13,8,0,0,0
7,9,0,10,10,10,17,22,14,23,43,59,58,57,55,57,59,55,43,14,7,6,0,0
0,0,6,12,11,11,13,14,13,20,44,53,61,62,60,56,64,51,27,13,10,0,0,0
2,0,5,9,13,13,6,12,9,5,6,9,14,37,44,30,7,3,0,0,0,0,0,0
0,0,5,18,23,14,13,33,31,37,39,47,44,43,36,34,28,14,11,4,5,3,0,3
0,1,0,14,13,14,33,50,54,55,57,63,61,55,53,54,52,41,17,10,4,0,0,3
0,1,8,16,32,52,53,54,65,86,84,81,89,81,71,67,65,57,44,22,2,0,0,0
0,10,10,12,56,56,58,66,95,120,121,118,123,107,105,110,86,64,61,50,26,3,0,0
8,10,12,38,52,50,60,78,103,138,142,136,145,128,120,129,120,86,65,53,56,14,0,0
6,7,11,16,50,51,52,58,86,115,137,134,125,129,125,118,112,75,56,50,47,40,12,0
11,7,11,31,46,20,37,56,71,113,140,119,121,133,123,117,82,56,50,51,51,52,7,0
0,0,12,38,50,14,13,71,100,113,123,125,116,122,114,103,73,51,42,17,44,51,14,0
0,2,8,68,27,10,11,57,101,107,109,109,103,103,97,78,71,53,8,13,34,42,12,0
7,14,17,108,56,16,12,29,59,104,108,103,76,66,55,52,55,20,0,9,12,31,12,1
8,7,14,87,36,12,13,44,54,64,92,86,57,57,54,54,53,35,0,10,10,56,50,10
2,6,11,10,13,10,40,52,59,62,67,87,59,62,56,53,58,52,11,9,14,84,87,11
8,12,18,12,9,11,25,40,60,63,56,50,50,57,55,47,43,39,23,28,29,32,23,11
6,3,11,6,7,11,13,35,68,58,62,76,100,77,63,54,47,40,14,6,6,9,3,2
0,1,10,12,12,33,104,122,127,128,135,156,141,127,100,86,102,53,14,10,5,7,6,4
7,13,15,29,32,99,120,130,137,147,156,157,155,180,137,123,120,100,38,16,12,5,0,6
0,4,3,14,41,59,106,146,172,166,176,159,147,152,152,145,129,104,59,45,18,8,0,0
10,7,31,55,70,58,107,131,146,153,161,156,140,154,140,128,100,60,49,37,22,11,2,5
9,10,51,69,81,105,122,132,135,140,142,133,125,146,136,126,107,82,57,43,11,0,0,3
13,21,58,72,83,101,102,106,105,114,108,101,101,117,114,106,102,104,92,60,26,11,4,2
16,54,100,67,101,87,100,101,90,100,34,14,41,103,104,101,103,101,100,71,55,29,12,0
16,39,40,71,48,52,47,40,28,17,13,10,13,31,33,50,44,48,43,43,44,14,12,1
11,30,50,28,14,14,24,29,14,13,14,10,15,14,26,29,25,35,13,48,34,21,14,0
0,2,7,11,8,25,24,14,14,12,9,5,12,14,24,13,6,7,9,10,12,10,13,0
9,13,6,13,10,26,25,30,30,25,13,14,28,32,18,9,8,6,6,0,0,3,5,0
9,34,7,10,10,13,23,19,15,12,8,13,27,35,17,14,14,13,11,10,9,6,7,5
51,31,13,20,10,10,14,13,16,8,8,13,13,13,10,7,10,10,10,12,8,0,0,0
22,30,17,12,8,9,14,14,12,6,8,10,13,11,13,11,6,12,29,23,40,1,0,0
2,14,34,2,3,5,12,14,13,4,7,7,8,12,14,10,13,35,33,21,9,0,0,0
1,19,32,51,14,9,9,21,18,7,20,14,14,24,27,40,43,32,15,7,0,0,0,0
0,10,18,54,57,12,13,11,14,8,35,29,29,54,51,52,29,4,0,0,0,0,0,0
0,10,13,19,44,62,58,34,19,6,59,55,62,138,50,35,10,7,0,1,0,0,1,0
0,6,4,14,21,72,86,65,82,21,60,56,51,20,15,10,2,5,2,0,0,0,0,0
2,1,3,5,11,23,55,75,57,10,71,53,21,11,12,8,3,0,0,0,0,0,0,1
0,0,7,6,8,37,48,85,12,14,82,51,13,11,11,5,5,7,0,0,0,3,0,0
0,0,0,9,10,18,54,48,4,12,57,15,7,10,10,9,10,2,4,0,0,0,0,0
9,1,0,0,0,13,52,53,3,11,11,9,11,7,0,7,5,9,0,1,0,0,3,0
4,3,7,0,1,6,9,0,0,1,0,0,0,4,10,5,0,0,0,0,0,0,0,0
5,6,2,5,0,0,1,0,0,0,3,0,0,0,0,7,7,0,0,5,0,1,0,0

0,8,2,5,0,1,5,4,6,7,11,9,11,12,13,13,13,10,9,7,0,0,0,0
0,7,7,12,12,1,12,16,14,14,24,33,51,51,50,55,50,50,31,13,8,0,0,0
7,8,0,10,10,10,17,22,14,23,43,60,58,57,55,57,58,55,41,14,7,6,0,0
0,0,6,12,11,11,13,14,13,19,44,53,61,62,61,56,65,52,27,13,10,0,0,0
2,0,5,8,13,13,6,12,9,5,6,8,14,35,44,30,7,3,0,0,0,0,0,0
0,0,5,18,23,14,13,33,31,37,39,47,44,43,36,34,28,14,11,4,5,3,0,4
0,1,0,14,13,14,34,50,54,55,57,63,61,55,53,54,52,40,17,10,4,0,0,3
0,1,8,16,31,52,53,54,65,86,84,81,89,81,70,68,66,57,44,22,2,0,0,0
0,10,10,12,56,56,58,66,95,120,120,118,123,107,105,110,86,65,61,50,26,3,0,0
8,10,12,38,52,50,60,78,103,138,142,136,144,127,120,128,119,86,65,53,56,14,0,0
6,7,11,16,50,51,51,58,86,115,137,133,124,128,124,118,112,75,56,50,47,39,12,0
11,7,12,31,46,20,37,56,71,114,140,119,120,133,123,116,82,56,50,51,51,52,7,0
0,0,12,37,50,14,14,72,100,113,123,125,116,122,113,103,72,51,40,18,45,50,14,0
0,2,8,68,27,10,11,57,101,107,109,109,103,103,97,78,71,53,8,13,34,42,12,0
7,14,17,108,57,16,12,29,59,104,108,103,76,66,55,52,55,21,0,9,12,31,12,2
8,7,14,88,36,13,13,44,54,64,92,86,57,57,54,55,54,35,0,10,10,57,50,10
2,6,11,10,13,10,40,52,59,62,67,86,58,62,56,53,58,52,11,9,14,83,87,11
8,12,18,12,9,11,25,40,60,63,56,50,50,57,55,47,43,39,22,28,29,32,23,11
6,3,11,6,7,11,13,36,68,58,62,76,100,77,63,54,46,41,14,6,6,9,3,3
0,1,10,12,12,34,104,122,127,129,135,156,141,127,100,86,102,53,14,10,5,7,7,4
7,13,15,29,32,99,120,130,137,147,156,157,155,179,136,122,120,100,37,16,12,5,0,6
0,4,3,14,41,60,106,146,172,167,176,159,147,152,152,144,129,104,59,47,18,8,0,0
10,7,31,55,70,58,107,131,146,153,161,156,140,153,139,128,99,60,48,37,22,11,2,5
9,10,52,69,81,105,122,132,135,140,142,133,125,146,136,126,107,82,59,43,11,0,0,3
13,21,58,72,83,101,102,106,105,114,108,101,101,117,114,106,102,104,93,60,26,12,4,3
17,54,100,67,101,89,100,101,92,100,34,14,41,103,104,101,103,101,100,71,55,30,12,0
17,39,40,71,47,52,47,41,27,17,14,10,13,31,33,48,44,48,43,44,46,14,13,1
11,30,50,30,15,14,25,28,14,13,14,10,16,14,27,30,26,34,13,48,34,23,14,0
0,2,7,11,8,25,23,14,14,13,9,5,11,14,23,13,6,7,10,10,12,10,13,0
10,13,6,13,10,26,26,31,29,25,13,14,28,32,18,9,8,6,6,0,0,4,5,0
9,34,7,10,10,13,23,19,15,12,8,13,27,35,18,14,14,13,11,10,9,6,8,6
51,31,13,20,10,10,14,13,16,8,8,13,13,13,10,7,10,10,10,12,9,0,0,0
22,31,17,12,8,9,14,14,12,6,8,10,13,11,13,11,7,12,28,23,43,1,0,0
2,14,34,2,3,6,12,14,13,4,7,7,8,12,14,10,13,35,33,22,9,0,0,0
1,19,32,51,14,9,9,21,17,7,20,14,14,24,27,39,43,33,15,7,0,0,0,0
0,10,18,54,57,12,13,11,14,8,33,30,29,54,51,52,30,4,0,0,0,0,0,0
0,10,13,19,44,62,58,35,19,6,59,55,62,137,50,33,10,7,0,2,0,0,1,0
0,6,4,14,21,72,86,65,82,21,59,56,51,21,15,10,2,5,2,0,0,0,0,0
2,2,3,5,11,23,55,74,57,10,71,53,21,11,12,8,3,0,0,0,0,0,0,2
0,0,7,6,8,37,48,85,12,14,81,51,13,11,11,5,5,7,0,0,0,3,0,0
0,0,0,9,10,18,54,49,3,12,57,14,7,10,10,9,10,2,4,0,0,0,0,0
9,1,0,0,0,13,52,53,3,11,11,9,11,7,0,8,5,9,0,1,0,0,3,0
4,3,7,0,1,6,9,0,0,1,0,0,0,4,10,5,0,0,0,0,0,0,0,0
5,6,2,5,0,0,1,0,0,0,3,0,0,0,0,8,7,0,0,5,0,1,0,0

0,8,2,5,0,1,5,4,6,7,11,9,11,12,13,13,13,10,9,7,0,0,0,0
0,7,7,12,11,1,12,16,14,14,23,36,51,51,50,55,48,50,31,13,8,0,0,0
7,8,0,10,10,10,17,22,14,22,45,59,58,57,55,58,59,56,44,14,7,6,0,0
0,0,6,12,11,11,13,14,13,19,42,53,61,62,60,56,65,51,28,13,9,0,0,0
2,0,5,9,13,13,6,12,9,5,6,9,14,36,43,30,7,3,0,0,0,0,0,0
0,0,5,18,23,14,13,33,31,37,39,47,44,43,35,34,28,14,11,4,5,3,0,3
0,1,0,14,13,14,34,50,54,55,57,63,61,55,53,54,52,40,17,10,4,0,0,3
0,1,8,16,32,52,53,54,65,86,84,81,89,81,71,67,65,57,44,22,2,0,0,0
0,10,10,12,56,56,58,66,95,120,120,118,123,107,105,110,86,64,61,50,25,3,0,0
8,10,12,39,52,50,60,79,104,138,142,135,144,127,119,128,119,86,65,53,56,14,0,0
6,7,11,16,50,51,52,58,86,115,137,134,124,128,124,118,112,75,56,50,47,40,12,0
11,7,12,31,46,21,38,56,72,114,140,120,121,133,123,116,82,56,50,51,51,52,7,0
0,0,12,37,50,14,14,73,101,114,123,125,116,122,114,103,73,51,41,18,46,51,14,0
0,2,8,68,28,10,11,58,101,107,109,109,103,103,97,78,71,52,8,13,36,42,12,0
7,14,18,108,57,16,12,29,59,104,108,103,76,66,55,52,55,23,0,9,12,33,12,2
8,7,14,90,35,13,13,44,54,64,92,86,57,57,54,55,54,36,0,10,10,57,50,10
2,6,11,11,13,10,41,52,59,62,67,87,58,61,56,53,58,52,11,9,14,84,87,11
8,12,18,12,9,11,25,40,60,63,56,51,50,57,55,47,43,39,22,28,29,32,24,11
6,3,11,6,7,12,13,36,68,58,62,76,100,77,64,54,47,41,14,6,7,9,4,3
0,1,10,12,12,36,104,122,127,128,135,156,141,126,100,86,102,53,14,10,5,7,7,4
7,13,15,30,32,99,120,131,137,147,156,157,154,179,136,122,120,100,37,16,13,5,0,6
0,4,3,14,41,60,106,146,172,166,176,159,147,152,151,144,128,103,59,45,18,8,0,0
10,7,31,55,70,58,106,131,146,152,161,156,140,153,140,128,99,60,49,37,22,11,2,6
9,10,52,69,80,105,122,132,135,140,142,133,125,146,136,126,107,81,58,43,11,0,0,3
13,21,58,72,84,101,102,106,105,115,108,101,101,117,114,106,102,104,93,60,28,12,5,3
17,54,100,67,101,89,100,100,92,100,34,14,41,103,104,101,103,101,100,70,54,30,12,0
17,40,40,72,48,50,47,40,28,17,14,10,13,33,33,50,45,50,44,44,47,14,13,2
11,30,50,28,14,14,24,28,14,13,14,10,15,14,26,29,26,34,13,48,35,23,14,0
0,2,7,11,8,25,23,14,15,13,9,5,11,14,24,13,6,7,10,10,12,10,13,0
9,13,6,13,10,26,26,30,30,25,13,14,28,32,19,9,8,6,6,0,0,4,5,0
9,34,7,10,10,13,23,19,15,12,8,13,27,35,18,14,14,13,11,10,9,6,8,6
51,31,13,20,10,10,14,13,16,8,8,13,13,13,10,7,10,10,10,12,9,0,0,0
22,31,17,12,8,9,14,14,12,6,8,10,12,11,13,11,7,12,30,24,44,1,0,0
2,14,34,2,3,5,12,14,13,4,7,7,8,13,14,10,13,34,33,22,10,0,0,0
1,19,32,51,14,9,9,21,18,7,18,14,14,25,28,40,44,33,16,7,0,0,0,0
0,10,18,54,57,12,13,11,14,8,33,30,30,55,51,52,31,4,0,0,0,0,0,0
0,10,13,19,44,62,58,35,19,6,59,55,62,137,50,35,10,7,0,2,0,0,1,0
0,6,4,14,21,71,86,65,82,21,59,56,51,20,14,10,2,5,2,0,0,0,0,0
2,2,3,5,11,23,55,74,57,10,71,53,22,11,12,8,3,0,0,0,0,0,0,2
0,0,6,6,8,37,48,84,12,14,81,51,13,11,11,5,5,7,0,0,0,3,0,0
0,0,0,9,10,18,54,48,3,12,57,14,7,10,10,9,10,2,4,0,0,0,0,0
9,1,0,0,0,13,52,53,3,11,11,9,11,6,0,8,5,9,0,1,0,0,3,0
4,4,7,0,1,6,9,0,0,1,0,0,0,4,10,5,0,0,0,0,0,0,0,0
5,6,2,5,0,0,1,0,0,0,3,0,0,0,0,8,7,0,0,5,0,1,0,0

0,9,2,5,0,1,5,4,6,8,11,9,11,12,13,13,13,10,9,7,0,0,0,0
0,7,7,12,11,1,12,16,14,14,23,35,51,51,50,55,48,50,29,13,8,0,0,0
7,8,0,10,10,10,18,22,14,25,45,60,58,57,55,57,60,56,43,14,8,6,0,0
0,0,6,12,11,11,13,14,13,21,43,53,60,62,60,56,65,51,27,13,9,0,0,0
2,0,5,9,13,13,6,12,9,5,6,9,14,37,43,30,7,3,0,0,0,0,0,0
0,0,5,18,23,14,13,33,31,37,39,47,43,42,35,34,28,14,11,4,5,3,0,3
0,1,0,14,13,14,33,50,54,55,57,63,61,55,53,54,52,40,17,9,4,0,0,3
0,1,8,17,32,53,53,54,65,86,84,81,89,81,70,67,65,57,43,21,1,0,0,0
0,10,10,12,56,57,58,66,95,120,120,118,123,107,105,110,85,64,61,50,26,3,0,0
8,10,12,38,52,50,61,79,104,138,141,136,144,126,119,128,119,86,65,53,56,14,0,0
7,7,11,17,50,51,52,58,86,115,137,134,124,128,124,118,112,75,56,50,48,40,12,0
11,7,12,31,46,21,38,56,72,114,140,120,121,133,123,116,82,56,50,51,51,52,7,0
0,0,12,38,50,14,14,73,101,114,123,125,116,122,114,103,73,51,42,21,47,52,14,0
0,2,8,68,28,10,11,57,101,107,109,109,103,103,97,78,71,52,8,13,34,41,12,0
7,14,18,108,57,16,12,30,59,104,108,104,76,66,55,52,56,24,0,9,13,33,12,2
8,7,14,90,36,13,13,43,54,64,91,86,57,57,54,54,54,35,0,10,10,57,50,10
2,6,12,11,13,10,42,52,59,62,67,86,58,61,56,53,59,53,11,9,14,84,88,11
8,12,18,12,9,11,25,40,60,63,56,50,50,56,55,47,43,39,22,27,29,32,24,12
6,3,11,6,7,12,13,37,68,58,63,76,101,77,63,54,47,44,14,6,7,9,4,3
0,1,10,12,12,35,104,122,127,128,135,156,141,126,100,85,102,53,14,10,5,7,7,4
7,13,15,30,32,100,120,131,137,147,156,157,154,179,136,122,120,100,38,16,13,6,0,7
0,4,3,14,40,59,106,146,172,166,176,159,147,151,151,144,128,103,59,45,18,8,0,0
10,7,31,56,70,58,107,131,146,152,161,156,140,152,139,128,99,60,49,37,22,11,2,6
9,10,52,68,80,105,122,132,135,140,142,133,125,146,136,126,107,81,59,43,11,0,0,3
13,21,58,72,83,101,102,106,105,114,108,101,101,117,114,106,102,104,93,61,29,12,5,3
17,54,100,67,101,87,100,100,90,100,33,14,40,102,104,101,103,101,100,69,54,29,12,0
17,39,40,72,50,52,47,41,28,20,14,10,13,34,35,50,47,50,45,44,46,16,13,2
11,28,50,29,15,14,25,28,14,13,14,10,15,14,26,29,26,35,13,48,35,23,14,0
0,2,7,11,8,25,24,14,15,13,9,5,11,14,24,13,6,7,10,10,12,10,13,0
9,13,6,13,10,26,26,30,29,25,13,14,27,31,18,9,8,6,7,0,0,4,5,0
9,34,7,10,10,13,23,20,15,13,8,13,27,35,18,14,14,13,11,10,9,6,8,6
51,31,13,20,10,10,14,13,16,8,8,13,13,13,10,7,10,10,10,12,9,0,0,0
22,31,17,12,8,9,14,14,12,6,8,10,13,11,13,11,7,12,31,26,46,2,0,0
2,14,34,2,3,5,12,14,13,4,7,7,8,12,14,10,13,34,32,22,10,0,0,0
1,19,32,51,14,9,9,21,18,7,19,14,14,24,28,40,45,34,17,8,0,0,0,0
0,10,18,54,57,12,13,11,14,8,33,30,30,54,51,52,30,4,0,0,0,0,0,0
0,10,13,19,44,62,58,35,19,6,59,55,62,137,50,36,10,7,1,2,0,0,1,0
0,6,4,14,21,72,86,65,81,20,59,56,50,20,14,10,2,5,2,0,0,0,0,0
2,2,3,5,11,24,55,74,57,10,70,53,22,11,12,8,3,0,0,0,0,0,0,2
0,0,7,6,8,36,47,84,12,14,81,50,13,11,11,5,5,7,0,0,0,3,0,0
0,0,0,9,10,19,54,48,3,12,57,15,7,10,10,9,10,2,4,0,0,0,0,0
9,1,0,0,0,13,52,53,3,11,11,8,10,6,0,7,5,9,0,1,0,0,3,0
4,4,7,0,1,6,9,0,0,1,0,0,0,4,10,5,0,0,0,0,0,0,0,0
5,6,2,5,0,0,1,0,0,0,3,0,0,0,0,8,7,0,0,5,0,1,0,0

0,8,2,5,0,1,5,4,6,7,11,9,11,12,13,13,13,10,9,7,0,0,0,0
0,7,7,12,11,1,12,16,14,14,23,33,51,51,50,55,48,50,29,12,8,0,0,0
7,9,0,10,10,10,17,22,14,23,45,58,58,57,55,57,60,56,43,14,8,6,0,0
0,0,6,12,11,11,13,14,13,19,44,53,60,61,60,56,65,51,27,13,9,0,0,0
2,0,5,9,13,13,6,12,9,5,6,8,14,37,43,30,7,2,0,0,0,0,0,0
0,0,5,19,23,14,13,33,31,37,39,47,44,43,35,34,28,14,11,4,5,3,0,3
0,1,0,14,13,14,34,50,54,55,57,63,61,55,53,54,52,41,17,9,4,0,0,3
0,1,8,17,31,53,53,54,65,86,84,81,90,81,70,67,65,57,43,21,1,0,0,0
0,10,11,12,56,56,58,66,95,120,121,118,123,107,105,110,86,64,61,50,26,3,0,0
8,10,12,38,52,50,60,78,104,138,142,136,144,127,119,128,119,86,65,53,56,14,0,0
6,7,11,17,50,51,52,58,86,115,137,134,124,128,124,117,112,75,56,50,47,40,12,0
11,7,12,31,46,20,37,56,72,113,140,119,120,132,123,116,82,56,50,51,51,52,7,0
0,0,12,38,50,14,14,72,101,113,123,125,116,122,113,103,73,51,42,19,45,52,14,0
0,2,8,68,28,10,11,57,101,107,109,109,103,103,96,77,70,53,8,13,34,40,12,0
7,14,18,108,57,16,12,29,59,104,108,103,76,66,55,52,55,23,0,9,12,34,13,2
8,7,14,89,35,13,13,44,54,64,92,86,57,57,54,54,53,35,0,10,10,57,50,10
2,6,11,11,13,10,42,52,59,62,67,87,58,61,56,53,58,52,11,9,14,84,87,11
8,12,18,12,9,11,25,40,60,63,56,50,50,57,55,47,43,39,22,27,28,32,23,12
6,3,11,7,7,12,13,36,68,59,62,77,101,78,63,54,47,43,14,6,7,9,4,3
0,2,10,12,12,34,104,122,127,128,135,156,141,127,100,85,102,53,14,10,6,7,7,4
7,13,15,30,32,100,120,131,137,147,156,157,155,180,137,123,120,100,38,16,13,6,0,6
0,4,3,14,41,60,106,146,172,167,176,159,147,152,152,145,129,104,59,45,18,8,0,0
10,7,31,56,70,58,107,131,146,153,161,156,140,153,140,129,100,60,49,37,22,11,3,6
9,10,52,68,81,105,122,132,135,140,142,133,125,146,136,126,107,82,58,43,11,0,0,3
13,21,58,72,84,101,102,106,105,114,108,101,101,117,114,106,102,104,95,61,28,12,5,3
18,54,100,67,101,87,100,100,92,100,34,15,41,103,104,101,103,101,100,70,54,29,12,0
17,39,40,72,47,51,47,41,30,17,14,11,13,33,35,51,48,50,45,44,46,15,13,2
11,30,50,29,15,14,25,28,14,13,14,10,15,14,27,29,26,35,13,50,36,23,14,0
0,2,7,11,8,25,24,14,15,13,9,5,11,14,24,13,6,7,10,10,12,10,13,0
10,13,6,13,10,26,25,30,29,25,13,14,28,31,18,9,8,6,7,0,0,4,5,0
9,34,7,10,10,13,23,19,15,12,8,13,27,35,18,14,14,13,11,10,9,6,8,6
51,31,13,20,10,10,14,13,16,8,8,13,13,13,10,7,10,10,10,12,9,0,0,0
22,30,17,12,8,9,14,14,12,6,8,10,13,11,13,11,7,12,29,25,45,1,0,0
2,14,34,2,3,5,12,14,13,4,7,7,8,12,14,10,13,34,32,21,10,0,0,0
1,19,32,51,14,9,9,21,18,7,18,14,14,24,28,40,44,33,16,8,0,0,0,0
0,10,18,54,57,12,13,11,14,8,34,30,29,54,51,52,30,4,0,0,0,0,0,0
0,10,13,19,45,62,58,35,19,6,58,55,62,138,50,35,10,7,1,2,0,0,2,0
0,6,4,14,21,72,86,65,81,20,59,56,51,22,15,10,2,5,3,0,0,0,0,0
2,2,3,5,11,24,55,74,56,10,70,53,22,11,12,8,3,0,0,0,0,0,0,2
0,0,6,6,8,37,48,84,11,14,80,50,13,11,11,5,5,7,0,0,0,3,0,0
0,0,0,9,10,19,54,48,3,12,57,14,7,10,10,9,10,2,4,0,0,0,0,0
9,1,0,0,0,13,52,53,3,11,11,8,10,6,0,7,5,9,0,1,0,0,3,0
4,3,7,0,1,6,9,0,0,1,0,0,0,4,10,5,0,0,0,0,0,0,0,0
5,6,2,5,0,0,1,0,0,0,3,0,0,0,0,8,7,0,0,5,0,1,0,0

0,9,2,5,0,1,5,4,6,8,11,10,11,12,13,13,13,10,9,7,0,0,0,0
0,7,7,12,11,1,12,16,14,14,26,35,51,51,50,54,48,50,31,13,8,0,0,0
7,9,0,10,10,10,17,22,14,23,43,59,58,57,55,58,59,55,41,14,7,6,0,0
0,0,6,12,11,11,13,14,13,21,42,53,60,62,60,56,66,52,28,13,9,0,0,0
2,0,5,9,13,13,6,12,9,5,6,9,14,37,44,30,7,2,0,0,0,0,0,0
0,0,5,19,23,14,13,33,30,37,39,47,44,43,35,34,28,14,11,4,5,3,0,3
0,1,0,14,13,14,33,50,54,55,57,63,61,55,53,54,52,40,17,9,4,0,0,2
0,1,8,16,31,52,53,54,65,86,84,81,90,80,70,67,65,57,43,21,1,0,0,0
0,10,10,12,56,56,58,65,95,120,121,118,123,107,105,110,85,64,61,50,25,3,0,0
8,10,12,39,52,50,60,78,104,138,142,136,144,127,119,128,119,86,65,53,56,14,0,0
6,7,11,17,50,51,52,58,86,115,137,133,124,128,124,118,112,75,56,50,47,40,12,0
11,7,12,31,46,20,37,56,71,114,140,119,120,132,123,116,82,56,50,51,51,52,8,0
0,0,12,37,50,14,14,72,101,113,123,125,116,122,113,103,73,51,41,19,46,51,14,0
0,2,8,68,30,10,11,58,101,107,109,109,103,103,97,77,71,54,8,13,38,42,12,0
7,14,18,108,57,16,12,30,59,104,108,103,76,66,55,52,55,23,0,9,12,31,12,2
8,7,14,90,36,13,13,44,54,64,91,86,57,57,54,54,54,36,0,10,10,57,50,10
2,6,11,11,13,10,42,52,59,62,67,87,58,61,56,53,58,52,11,9,14,84,87,11
8,12,18,12,9,11,25,40,60,63,56,51,50,57,55,47,43,39,21,27,29,33,24,12
6,3,11,6,7,12,13,36,68,58,62,77,101,77,63,54,46,41,14,6,7,9,4,3
0,2,10,12,12,36,104,122,127,129,135,156,141,127,100,85,102,53,14,10,6,7,7,4
7,13,15,30,32,100,120,131,137,147,156,157,154,179,136,122,120,100,38,16,13,6,0,7
0,4,3,14,41,60,106,146,172,167,176,159,147,152,152,144,128,104,59,45,18,8,0,0
10,7,31,56,70,58,107,131,146,153,161,156,140,153,139,128,100,60,49,37,22,11,3,5
9,10,52,70,81,105,122,132,136,140,142,133,125,146,136,126,107,84,59,43,11,0,0,4
13,21,58,72,83,101,102,106,105,114,108,101,101,117,114,106,102,104,93,60,26,12,5,3
18,54,100,67,101,87,100,101,92,100,33,14,40,103,104,101,103,101,100,70,55,30,12,0
17,39,40,71,48,51,47,41,28,16,14,10,13,31,35,50,47,48,45,43,46,15,13,2
11,30,50,28,16,14,24,28,14,13,14,10,16,14,26,29,26,37,13,50,37,23,14,0
0,2,7,11,8,25,23,14,15,13,9,5,11,14,22,13,6,7,10,10,12,10,13,0
10,13,6,13,10,25,26,30,30,25,14,14,28,31,18,9,8,6,7,0,0,4,5,0
9,34,7,10,10,13,23,19,15,13,8,13,27,35,18,14,14,13,11,10,9,6,8,6
51,31,13,20,10,10,14,13,16,8,8,13,13,13,10,7,10,10,10,12,9,1,0,0
22,31,17,12,8,9,14,14,12,6,8,10,12,11,13,11,7,12,30,25,46,2,0,0
2,14,34,2,3,5,12,14,13,4,7,7,7,13,14,10,13,36,33,23,10,0,0,0
1,19,32,51,14,9,9,21,18,7,18,14,14,23,28,40,44,33,17,8,0,0,0,0
0,10,18,54,58,13,13,11,14,8,33,29,29,54,51,52,31,4,0,0,0,0,0,0
0,10,13,19,44,62,58,34,19,6,58,54,62,137,50,35,10,8,1,2,0,0,1,0
0,6,4,14,21,72,86,65,81,21,59,55,50,21,15,10,2,5,3,0,0,0,0,0
2,1,3,4,11,23,55,74,56,10,70,53,21,11,12,8,3,0,0,0,0,0,0,2
0,0,7,6,8,38,48,84,12,14,80,50,13,11,11,5,5,8,0,0,0,3,0,0
0,0,0,9,10,18,54,47,3,12,57,15,7,10,10,9,10,2,4,0,0,0,0,0
9,1,0,0,0,13,52,53,3,11,11,8,11,6,0,8,5,9,0,1,0,0,3,0
4,3,7,0,0,6,9,0,0,1,0,0,0,4,10,5,0,0,0,0,0,0,0,0
5,6,2,5,0,0,1,0,0,0,3,0,0,0,0,8,7,0,0,5,0,2,0,0

0,8,2,5,0,1,5,4,6,8,11,9,11,12,13,13,13,10,9,7,0,0,0,0
0,7,7,12,11,1,12,16,14,14,23,37,51,52,50,55,50,50,32,13,8,0,0,0
7,8,0,10,10,10,18,22,14,23,43,59,57,56,55,58,59,56,41,14,7,6,0,0
0,0,6,12,11,12,13,14,13,19,43,54,61,62,61,56,66,52,28,13,9,0,0,0
2,0,5,8,13,13,6,12,9,5,6,8,14,36,43,29,7,2,0,0,0,0,0,0
0,0,5,19,23,14,13,33,30,37,39,47,44,43,35,34,28,14,11,4,5,3,0,3
0,1,0,14,13,14,33,50,54,54,57,63,61,55,53,54,52,40,17,9,4,0,0,2
0,1,8,18,32,52,53,54,65,85,84,81,89,81,70,67,65,57,44,23,1,0,0,0
0,10,10,12,56,56,58,65,95,119,119,117,122,106,104,109,85,64,61,50,25,3,0,0
8,10,12,40,52,50,60,78,103,137,141,135,143,126,118,127,119,85,65,53,56,14,0,0
7,7,11,17,50,51,51,58,86,115,137,134,124,127,123,117,112,75,56,50,47,39,12,0
11,7,12,31,46,21,38,57,72,114,141,120,121,133,123,116,83,56,50,51,51,52,7,0
0,0,12,38,50,14,14,73,101,114,123,125,117,122,114,103,73,51,41,20,46,51,14,0
0,2,8,68,28,10,11,58,101,107,109,109,103,103,97,78,73,53,9,13,38,42,12,0
7,14,18,108,58,16,12,30,59,104,108,103,76,66,55,52,55,27,0,9,12,33,12,2
8,7,14,92,36,13,13,44,54,64,91,86,57,57,54,55,54,38,0,10,10,57,50,10
2,6,11,11,13,10,42,52,58,62,66,86,58,61,56,53,58,52,10,8,14,84,87,11
8,12,18,13,9,11,25,40,60,63,56,50,50,57,55,47,43,39,21,27,29,32,24,12
6,3,11,6,7,12,13,36,68,58,62,76,101,77,63,54,45,41,14,6,7,9,4,3
0,2,10,12,12,36,104,122,127,129,135,156,141,126,100,85,102,53,14,10,6,8,7,4
7,13,15,30,32,100,120,131,137,147,156,157,155,179,136,122,120,100,37,16,13,6,0,6
0,4,4,14,41,60,106,146,172,166,176,160,147,151,151,144,128,104,59,45,18,8,0,0
10,7,31,55,70,58,107,131,146,153,161,156,140,152,139,128,99,60,49,37,22,11,3,6
9,10,52,69,81,105,122,132,135,140,142,133,125,146,136,126,107,82,58,43,11,0,0,4
13,21,58,72,84,101,102,106,105,114,108,101,101,117,114,106,102,104,93,60,28,12,5,3
18,54,100,67,101,89,100,100,93,100,33,14,41,102,104,101,103,101,100,70,54,33,12,0
17,39,40,71,48,51,48,40,28,17,13,11,13,31,35,48,47,50,43,43,46,15,13,2
11,31,50,29,16,14,24,28,15,13,14,10,16,14,26,30,26,35,14,50,37,23,14,0
0,2,7,11,8,25,23,14,14,13,9,5,11,14,23,13,6,7,10,10,13,10,13,0
10,13,6,13,10,26,26,30,30,25,13,14,28,31,18,9,8,7,7,0,0,4,5,0
9,34,7,10,10,13,23,20,15,12,8,13,27,35,18,14,14,14,11,10,9,6,8,6
51,31,13,20,10,10,14,13,17,8,8,13,13,13,10,7,10,10,10,12,9,1,0,0
22,30,17,12,8,9,14,14,12,6,8,10,12,11,13,11,7,12,29,25,46,2,0,0
2,14,35,2,3,6,12,14,13,4,7,7,8,13,14,10,13,35,34,22,10,0,0,0
1,19,31,51,14,9,9,22,18,7,18,14,13,24,26,39,43,32,16,8,0,0,0,0
0,10,18,54,57,13,13,11,14,8,33,30,30,54,51,52,29,4,0,0,0,0,0,0
0,10,13,19,44,62,58,35,19,6,58,55,62,137,50,34,10,7,1,2,0,0,2,0
0,6,4,14,21,72,86,65,81,21,59,56,50,20,14,10,2,5,3,0,0,0,0,0
2,2,3,5,11,24,55,74,56,10,70,53,21,11,12,7,3,0,0,0,0,0,0,2
0,0,7,6,8,38,48,84,12,14,80,50,13,11,11,5,5,7,0,0,0,3,0,0
0,0,0,9,10,18,54,48,3,12,57,14,7,10,10,9,10,2,4,0,0,0,0,0
9,1,0,0,0,13,52,53,3,11,11,8,10,7,0,8,5,9,0,1,0,0,3,0
4,3,7,0,1,6,9,0,0,1,0,0,0,4,10,5,0,0,0,0,0,0,0,0
5,6,2,5,0,0,1,0,0,0,3,0,0,0,0,8,7,0,0,5,0,1,0,0

0,8,2,5,0,1,5,4,6,7,11,9,11,12,13,13,13,10,9,7,0,0,0,0
0,7,7,12,11,1,12,15,14,14,23,35,51,51,50,55,50,50,31,13,8,0,0,0
7,8,0,10,10,10,17,22,14,25,45,58,57,57,56,57,59,56,41,14,7,6,0,0
0,0,6,12,11,11,13,14,13,20,41,53,61,62,60,56,65,51,27,13,9,0,0,0
2,0,5,8,13,12,6,12,9,5,6,9,14,36,44,29,7,2,0,0,0,0,0,0
0,0,5,19,23,14,12,33,31,37,39,47,44,42,35,34,28,14,11,4,5,4,0,3
0,1,0,14,13,14,34,50,54,55,57,63,61,55,53,54,52,40,17,9,4,0,0,2
0,1,8,16,31,53,53,54,65,85,84,81,89,80,70,67,65,57,43,21,1,0,0,0
0,10,10,12,56,56,58,66,95,120,120,118,122,106,104,109,85,64,61,50,25,3,0,0
8,10,12,40,52,51,60,78,103,138,141,136,143,126,119,128,119,86,65,53,56,14,0,0
7,7,11,17,50,51,52,58,86,115,137,134,124,127,123,117,112,75,56,50,47,40,12,0
11,7,12,31,46,21,38,56,72,114,140,120,120,132,122,116,83,56,50,51,51,52,8,0
0,0,12,38,51,14,14,74,101,114,123,125,116,121,113,103,73,52,42,21,47,51,14,0
0,2,8,69,30,10,11,58,101,107,109,109,103,103,96,78,72,53,9,13,37,42,12,0
7,14,18,109,58,16,12,30,58,104,108,103,75,66,55,52,56,27,0,9,13,33,13,2
8,7,15,94,36,13,13,44,54,64,90,85,57,57,54,55,54,38,0,10,10,57,50,10
2,6,12,11,13,10,42,52,58,62,66,85,58,61,56,53,58,52,11,8,14,84,88,11
8,12,18,13,9,11,25,40,59,63,56,51,50,56,55,47,43,39,21,27,29,33,24,12
6,3,11,7,7,12,13,36,68,58,63,77,101,78,63,54,47,43,14,6,7,9,4,3
0,2,10,12,12,37,104,122,127,129,135,157,142,127,101,86,102,53,14,10,6,8,7,4
7,13,15,30,32,100,120,131,137,147,157,158,155,180,137,123,120,100,38,16,13,6,0,7
0,4,4,14,41,59,106,146,172,166,176,160,148,152,152,145,129,104,59,45,18,8,0,0
10,7,31,56,70,59,107,131,146,152,160,156,140,153,140,128,100,60,49,37,22,11,3,6
9,10,52,68,80,105,122,132,135,140,142,133,125,146,136,126,107,82,58,41,11,0,0,4
13,21,58,72,83,101,102,106,105,114,108,101,101,117,114,106,102,104,94,61,29,12,5,3
18,54,100,67,101,87,100,100,90,100,34,14,41,103,104,101,103,101,100,70,53,30,12,0
17,40,40,72,48,51,48,41,28,17,14,11,13,33,33,50,47,50,44,44,47,15,13,2
11,30,50,28,16,14,25,28,14,13,14,10,16,14,26,29,26,34,13,50,37,23,14,0
0,2,7,11,8,24,23,14,15,13,9,5,11,14,24,13,6,8,10,10,13,10,13,0
9,13,6,13,10,26,26,30,30,25,13,14,28,31,18,9,8,6,7,0,0,4,5,0
9,35,7,10,10,13,23,20,15,12,8,13,27,35,18,14,14,13,11,10,9,6,8,6
51,31,13,20,10,10,14,13,17,8,8,13,13,13,10,7,10,10,10,12,9,1,0,0
22,31,17,12,8,9,14,14,12,6,8,10,12,11,13,11,7,12,30,26,48,2,0,0
2,14,34,2,3,5,12,14,13,4,7,7,8,12,14,10,13,35,33,23,10,0,0,0
1,19,32,51,14,9,10,22,17,7,19,14,14,24,27,40,44,34,17,8,0,0,0,0
0,10,18,54,57,13,13,11,14,8,33,30,30,54,51,52,30,4,0,0,0,0,0,0
0,10,13,19,44,62,58,35,19,6,58,54,62,137,50,35,10,8,1,2,0,0,2,0
0,6,4,14,21,71,86,65,81,21,59,55,50,20,15,10,2,5,3,0,0,0,0,0
2,2,3,5,11,24,55,74,56,10,70,53,22,11,12,7,3,0,0,0,0,0,0,2
0,0,7,6,8,37,47,84,12,14,80,51,13,11,11,5,5,7,0,0,0,3,0,0
0,0,0,9,10,19,54,47,3,12,57,15,7,10,10,9,10,2,5,0,0,0,0,0
9,1,0,0,0,13,52,53,3,11,11,8,10,6,0,8,5,9,0,1,0,0,3,0
4,4,7,0,1,6,9,0,0,1,0,0,0,4,10,5,0,0,0,0,0,0,0,0
5,6,2,5,0,0,1,0,0,0,3,0,0,0,0,8,7,0,0,5,0,1,0,0

0,8,2,5,0,1,5,4,6,8,11,10,11,12,13,13,13,10,9,8,0,0,0,0
0,6,6,12,11,1,12,16,14,14,23,32,51,51,50,54,50,50,29,12,8,0,0,0
7,8,0,10,10,10,18,22,14,24,45,60,58,56,56,57,60,56,44,14,7,6,0,0
0,0,6,12,11,11,13,14,13,20,43,53,61,62,60,56,64,51,27,13,9,0,0,0
2,0,5,8,13,12,6,12,9,5,6,9,14,37,44,30,7,2,0,0,0,0,0,0
0,0,5,19,23,14,13,33,31,37,39,47,44,43,35,34,28,14,11,4,5,3,0,3
0,1,0,14,13,14,35,50,54,55,57,63,61,55,53,54,52,41,17,9,4,0,0,2
0,1,8,16,32,53,53,54,65,86,84,81,89,80,70,67,65,57,43,21,1,0,0,0
0,10,10,12,56,56,58,66,95,120,120,118,123,106,105,110,85,64,61,51,26,3,0,0
8,10,12,39,52,50,60,78,103,138,141,135,143,126,118,127,119,85,65,53,56,14,0,0
7,7,11,17,50,51,52,58,86,115,137,133,123,127,123,117,112,75,56,50,48,40,12,0
11,7,12,32,46,21,39,56,72,113,140,119,119,132,122,116,83,56,50,51,51,52,7,0
0,0,12,38,51,14,14,73,101,114,123,125,116,121,113,103,73,52,42,22,47,52,14,0
0,2,8,68,28,10,11,57,101,107,108,109,103,102,96,78,71,52,8,13,36,42,12,0
7,14,18,108,58,17,12,29,58,104,108,103,75,66,55,52,56,27,0,9,13,35,13,2
8,7,14,93,36,13,13,44,54,63,90,85,57,57,54,54,54,36,0,10,10,57,50,10
2,6,12,11,13,10,43,52,58,62,66,86,58,61,56,53,59,52,11,8,14,84,88,11
8,12,18,13,9,11,25,40,60,63,56,51,50,56,55,47,43,39,21,27,29,33,24,12
6,3,11,7,7,12,13,37,68,59,63,77,101,79,64,54,48,44,14,6,7,10,4,3
0,2,10,12,12,37,104,122,127,129,135,157,142,127,101,86,102,53,14,10,6,8,7,5
7,13,15,30,33,100,120,131,137,147,157,158,156,181,137,123,120,100,39,16,13,6,0,7
0,4,4,14,41,60,106,146,172,166,177,160,148,152,152,145,129,104,58,45,18,8,0,0
10,7,31,56,70,58,107,131,146,152,161,156,140,153,139,128,100,60,49,37,22,11,3,6
9,10,52,68,81,105,122,132,135,140,142,133,125,146,136,126,107,82,58,41,11,0,0,4
13,21,58,72,84,101,102,106,105,114,108,101,101,117,114,106,102,104,95,60,28,12,5,4
19,54,100,67,101,89,100,100,92,100,33,14,41,102,104,101,103,101,100,70,53,30,12,0
18,40,40,72,48,52,46,41,28,17,14,10,13,34,33,50,47,50,45,44,46,16,13,2
11,30,50,28,15,14,24,29,14,13,14,10,15,14,26,29,25,35,13,50,36,22,14,0
0,2,8,11,8,25,24,14,16,13,9,6,11,14,23,13,6,7,10,10,13,10,14,0
10,13,6,13,10,25,25,30,30,25,13,14,28,31,18,9,8,6,7,0,0,4,5,0
9,35,7,10,10,13,23,20,15,12,8,13,27,35,18,14,14,14,11,10,9,6,8,6
51,32,13,20,10,10,14,13,16,8,8,13,13,13,10,7,10,10,10,12,9,1,0,0
22,31,18,12,8,9,14,14,12,6,8,10,13,11,13,11,7,12,33,28,48,2,0,0
2,14,34,2,3,5,12,14,13,4,7,7,8,13,14,10,13,34,32,21,10,0,0,0
1,19,32,51,14,9,10,22,17,7,19,14,14,24,28,41,45,33,17,8,0,0,0,0
0,10,18,54,57,12,13,11,14,8,33,29,29,54,51,52,30,4,0,0,0,0,0,0
0,10,13,19,44,62,58,35,19,6,58,55,62,138,50,37,10,8,1,2,0,0,2,0
0,6,4,14,21,71,86,64,81,20,58,56,50,21,15,10,2,5,3,0,0,0,0,0
2,1,3,5,11,24,55,74,56,10,70,53,23,12,12,8,3,0,0,0,0,0,0,2
0,0,6,6,8,37,48,84,12,14,80,51,13,11,11,5,5,7,0,0,0,3,0,0
0,0,0,9,10,20,54,47,4,12,57,16,7,10,10,9,10,2,5,0,0,0,0,0
9,1,0,0,0,13,52,53,3,11,11,8,10,6,0,8,5,9,0,1,0,0,3,0
4,4,7,0,1,6,9,0,0,1,0,0,0,4,10,5,0,0,0,0,0,0,0,0
5,6,2,5,0,0,1,0,0,0,3,0,0,0,0,8,7,0,0,5,0,1,0,0

0,8,2,5,0,1,5,4,6,8,11,10,11,12,13,13,13,10,9,7,0,0,0,0
0,7,7,12,11,1,12,15,14,14,24,32,51,51,50,54,50,50,29,12,8,0,0,0
7,8,0,10,10,10,18,22,14,25,45,60,58,57,56,58,60,56,43,14,7,6,0,0
0,0,6,12,11,11,13,14,13,21,42,54,60,62,60,56,66,51,27,13,9,0,0,0
2,0,5,9,13,13,6,12,9,5,6,9,14,38,44,33,7,2,0,0,0,0,0,0
0,0,5,19,23,14,13,33,31,38,39,47,44,43,35,34,28,14,11,4,5,3,0,3
0,1,0,14,13,14,34,50,54,55,57,63,61,55,53,54,52,40,17,9,4,0,0,2
0,1,8,16,31,52,53,54,65,85,84,81,89,80,70,67,65,57,43,21,1,0,0,0
0,10,10,12,56,56,58,66,95,120,121,118,123,106,104,110,85,64,61,51,26,3,0,0
8,10,12,39,52,50,60,78,103,137,141,135,143,126,118,127,119,85,65,53,56,14,0,0
7,7,11,17,50,51,51,57,86,114,136,132,123,127,123,117,112,75,56,50,47,41,12,0
11,7,12,31,46,20,36,56,71,113,139,118,119,132,122,116,83,56,50,51,51,52,8,0
0,0,12,39,51,14,14,71,100,113,123,124,116,122,114,103,74,52,43,21,47,51,14,0
0,2,8,68,28,10,11,57,101,107,109,109,103,103,97,78,72,53,9,13,36,41,12,0
7,14,18,108,57,16,12,29,58,104,108,103,76,66,55,52,56,27,0,9,12,34,13,2
8,7,15,94,36,13,13,44,54,64,92,85,57,57,54,55,54,37,0,10,10,56,50,10
2,6,12,11,13,10,42,52,58,62,66,86,58,62,56,53,59,52,10,8,14,84,89,11
8,12,18,12,9,11,25,40,59,62,55,50,50,57,55,47,43,39,21,27,29,33,24,12
6,3,11,7,7,12,13,36,68,58,62,76,101,79,64,54,47,44,14,6,7,9,4,3
0,2,10,12,12,34,104,122,127,128,135,155,141,127,101,86,102,53,14,10,6,8,8,5
7,13,16,30,33,100,120,131,138,147,157,157,155,181,138,124,122,101,39,16,13,7,0,7
0,4,3,14,41,60,107,147,174,168,178,161,149,154,155,147,130,104,60,47,18,8,0,0
10,7,32,56,70,59,107,132,147,154,163,159,142,157,141,130,101,60,49,36,22,12,3,7
9,10,52,69,81,105,122,133,136,141,143,134,126,148,138,128,108,82,57,39,10,0,0,4
13,21,57,72,82,101,102,106,105,115,109,102,102,118,115,107,102,104,89,58,14,9,3,4
17,54,100,66,101,89,100,101,92,100,38,14,47,103,105,101,103,101,98,67,50,15,12,0
17,39,40,71,47,52,48,42,31,18,14,11,14,37,38,52,48,48,45,40,40,11,10,3
11,30,50,29,15,14,24,29,14,13,14,10,17,14,28,30,26,34,13,43,29,14,11,0
0,2,7,11,8,25,24,14,15,13,9,6,12,15,24,13,6,8,9,9,12,9,10,0
9,12,6,13,10,25,26,31,29,26,14,14,28,32,22,9,8,7,5,0,0,3,3,0
8,33,7,10,10,13,23,20,16,13,8,13,27,35,18,14,14,14,11,10,8,5,5,4
51,31,13,20,10,10,14,13,17,8,8,13,13,13,10,8,11,10,10,11,6,0,0,0
21,30,16,12,8,9,14,14,12,6,8,9,13,12,13,11,7,11,22,14,13,0,0,0
1,14,33,2,3,6,12,14,13,4,7,7,8,12,14,9,13,32,27,13,0,0,0,0
0,19,32,51,14,9,10,22,18,7,17,14,14,25,28,38,39,22,13,7,0,0,0,0
0,10,19,54,57,13,13,11,15,8,35,35,30,58,52,50,25,4,0,0,0,0,0,0
0,10,13,19,46,64,59,38,20,6,58,56,59,145,50,35,10,8,1,3,0,0,4,0
0,6,5,14,22,77,88,67,82,14,57,56,51,22,16,11,3,5,3,0,0,0,2,0
2,2,3,5,12,25,56,76,56,9,67,54,23,12,12,8,4,0,0,0,0,0,0,2
0,0,7,7,9,40,50,87,11,13,76,51,13,12,11,5,6,8,0,0,0,3,0,0
0,0,0,10,11,22,55,49,4,12,54,14,7,10,10,9,10,2,4,0,0,0,0,0
9,2,0,0,0,13,53,54,4,11,10,8,10,6,0,8,6,10,0,1,0,0,3,0
4,4,7,0,3,6,9,0,0,1,0,0,0,4,10,5,0,0,0,0,0,0,0,0
5,6,3,6,0,0,1,0,0,0,3,0,0,0,0,8,7,0,0,5,0,1,0,0
