3,0,0,0,0,3,0,1,8,10,1,5,0,1,14,9,9,13,14,12,4,6,8,0
8,0,0,0,0,5,5,0,4,2,7,4,0,7,11,11,39,93,102,70,48,13,13,0
4,0,8,0,8,6,6,9,0,8,12,8,14,18,11,45,36,59,76,68,42,11,10,6
7,6,8,7,4,5,9,12,13,11,18,14,52,50,51,53,54,41,52,14,9,0,0,0
11,11,13,7,11,17,7,11,62,52,53,53,76,58,61,64,65,84,42,40,9,0,3,2
12,14,46,54,58,58,64,67,64,62,72,82,98,91,118,146,197,232,165,77,35,33,10,8
6,7,10,13,23,48,57,65,83,100,104,122,135,145,199,241,285,390,294,181,79,38,10,11
1,1,6,0,0,0,5,13,14,67,75,83,89,111,157,188,208,215,177,150,90,64,8,8
0,0,0,2,0,0,4,7,32,62,65,52,54,50,60,91,140,162,154,134,85,64,18,7
1,2,6,0,6,6,8,15,46,60,68,64,50,13,57,91,137,173,172,165,96,60,16,6
2,0,0,0,1,0,0,8,41,61,67,55,15,43,77,116,146,189,203,175,91,60,9,9
2,0,1,0,0,0,0,8,14,56,56,27,15,59,102,139,174,188,196,168,101,59,12,11
7,0,3,0,4,0,0,4,8,11,46,8,7,104,111,134,163,155,163,133,75,46,16,0
0,0,0,0,2,0,0,0,7,11,14,5,23,106,117,138,151,153,160,132,74,57,8,0
0,0,0,3,0,0,0,0,0,0,9,1,62,101,113,129,146,154,140,105,81,27,12,4
0,0,0,1,0,0,0,3,0,8,9,5,53,88,93,104,117,133,112,86,59,13,20,7
3,0,2,6,6,7,4,5,11,10,7,18,51,60,65,73,88,105,108,67,59,14,14,9
5,3,20,14,13,13,18,21,25,32,15,35,48,63,65,95,130,130,106,69,36,21,14,10
0,0,9,4,6,7,11,11,11,11,24,10,39,65,67,119,145,147,122,120,51,14,11,10
0,2,7,0,0,5,9,8,6,10,7,12,54,88,126,176,216,208,175,137,101,50,17,11
0,2,5,4,0,8,7,8,10,13,35,16,100,117,147,222,261,263,229,168,120,59,23,10
0,0,9,5,7,10,19,12,13,26,32,48,67,134,184,238,291,288,230,183,125,47,35,26
0,3,11,0,0,10,11,18,17,23,28,45,108,144,185,254,364,308,188,148,116,60,20,13
0,0,0,0,2,3,2,6,9,14,64,101,114,145,180,245,333,241,148,134,117,82,36,8
0,0,0,0,4,1,0,14,11,10,45,55,129,159,177,202,215,180,143,113,67,23,15,12
10,3,0,1,0,0,1,3,3,31,73,106,133,154,167,173,156,134,112,92,44,18,16,13
3,0,0,0,0,0,4,2,6,16,59,88,118,123,141,141,129,108,80,50,9,12,8,7
0,8,2,0,0,0,0,8,4,15,57,107,102,110,117,122,121,104,60,11,35,12,11,12
7,7,0,0,0,5,6,4,1,10,58,66,67,107,109,113,110,80,42,32,11,14,24,11
1,10,0,0,8,2,4,5,8,7,44,56,61,73,67,71,57,43,38,19,13,12,14,9
10,9,5,12,9,8,13,13,23,14,43,52,52,73,77,60,32,7,13,14,9,10,12,5
1,0,9,0,0,10,10,3,7,11,37,53,57,70,84,60,33,14,11,15,16,7,6,5
7,0,0,0,0,0,0,0,0,0,9,30,60,70,83,73,54,13,11,8,10,0,2,0
0,1,0,0,0,11,8,7,0,0,5,6,50,64,90,100,57,24,13,9,0,0,1,0
0,3,0,0,1,10,11,12,8,13,22,14,50,67,101,98,74,51,10,8,9,1,5,9
8,0,0,0,0,4,3,4,1,5,11,15,43,63,106,112,85,52,9,0,0,1,3,0
0,0,0,3,2,5,8,10,0,6,13,14,39,62,84,96,66,56,12,6,8,3,0,2
0,1,0,4,6,7,10,10,8,10,13,14,27,50,65,84,75,54,12,9,7,0,0,6
0,0,0,1,0,0,5,10,10,10,13,24,28,51,62,77,76,51,11,8,0,3,3,8
0,0,0,0,0,0,3,3,5,9,13,14,14,51,55,67,65,50,12,3,10,9,0,4
0,2,4,4,8,9,7,12,12,11,11,11,12,25,52,69,56,58,11,3,8,4,9,0
6,6,1,1,8,10,14,10,0,5,11,11,10,13,13,46,81,70,9,11,8,8,9,9
8,7,0,8,7,4,6,0,0,1,11,8,0,13,18,62,64,54,12,5,8,13,8,1
5,0,5,7,9,1,5,7,4,2,4,8,7,12,10,50,54,31,19,13,9,0,8,4

3,0,0,0,0,2,0,1,8,10,1,6,0,1,14,9,9,13,14,13,4,6,8,0
8,0,0,0,0,5,5,0,4,2,6,4,0,6,11,8,33,85,101,71,51,13,13,0
3,0,8,0,8,6,6,9,0,7,12,8,14,22,12,50,35,58,73,66,50,12,10,6
7,6,8,6,3,5,9,12,13,11,17,14,52,51,51,54,54,41,52,14,10,0,0,0
11,11,13,7,10,17,7,11,62,52,53,53,77,58,62,63,65,83,42,42,10,1,3,3
12,14,46,54,59,58,65,68,65,62,72,82,99,93,120,149,205,235,172,82,36,35,11,8
6,7,10,14,25,49,58,66,84,100,105,123,138,149,207,256,306,403,326,197,84,40,11,11
0,1,6,0,0,0,5,12,13,68,75,84,90,114,163,194,215,221,182,155,94,69,9,8
0,0,0,3,0,0,4,7,28,62,65,51,54,50,59,89,138,163,157,136,88,69,20,7
2,3,7,0,7,7,8,14,42,60,68,64,50,10,55,88,133,172,175,171,102,62,25,6
3,0,0,0,1,0,0,8,37,60,66,55,14,36,77,115,145,191,207,181,94,61,10,9
2,0,1,0,0,0,0,7,13,56,54,29,14,60,102,140,176,191,202,172,103,60,13,12
7,0,3,0,3,0,0,4,9,8,37,9,7,104,111,134,166,161,168,135,76,47,18,0
0,0,0,1,1,0,0,0,4,12,22,6,14,106,117,138,152,158,161,130,72,52,7,0
0,0,0,2,0,0,0,1,0,0,5,1,55,100,113,130,147,156,137,103,74,15,12,3
0,0,0,2,0,0,0,4,0,4,10,9,51,88,95,105,119,133,109,79,48,12,17,7
2,0,3,6,5,7,5,5,11,9,7,37,54,60,66,74,91,105,106,62,22,13,13,9
5,3,20,14,13,13,18,20,23,28,15,40,50,64,69,103,135,130,95,54,29,24,14,9
0,0,9,4,6,7,11,11,9,10,12,10,55,68,74,123,147,146,113,108,40,13,12,11
0,2,7,0,0,5,10,8,6,10,1,13,78,111,137,183,219,208,163,127,75,45,14,11
0,3,5,5,2,8,7,8,10,13,30,14,105,130,153,220,256,254,196,134,99,40,15,10
0,0,9,4,8,10,18,12,13,26,31,48,83,151,198,246,273,226,145,127,94,38,31,24
0,3,11,1,0,10,11,18,17,24,25,48,114,159,210,290,351,184,107,113,103,46,17,12
0,0,0,0,1,3,2,5,9,13,58,101,116,149,190,248,285,175,124,122,110,70,14,8
0,0,0,0,3,1,0,13,11,8,33,39,126,157,177,199,197,149,134,100,46,16,14,11
10,3,0,1,0,0,1,3,2,21,55,103,128,149,163,171,149,129,107,70,40,14,16,13
4,0,0,0,0,0,5,2,6,14,14,66,111,118,133,137,129,108,83,46,8,12,8,7
0,8,2,0,0,0,1,6,5,14,14,85,84,106,112,120,124,107,67,10,36,11,11,12
8,8,0,0,0,7,4,6,0,1,23,46,56,101,105,114,115,101,46,33,11,14,24,11
2,10,0,0,8,0,6,7,9,12,26,41,50,59,62,80,72,54,44,19,13,13,14,9
10,9,6,12,9,7,14,14,17,20,26,31,19,57,76,82,57,20,13,14,9,9,12,5
2,0,9,0,0,11,11,5,8,11,12,9,17,55,84,98,73,35,11,21,15,4,5,4
7,0,0,0,0,1,1,0,0,0,1,3,41,32,73,97,89,44,14,8,11,0,1,0
0,4,0,0,0,12,8,8,5,6,9,4,10,43,81,130,108,56,14,8,0,0,1,0
0,4,0,0,4,11,10,13,9,12,15,13,23,56,98,128,104,65,13,11,6,1,3,8
7,0,0,0,0,5,4,5,1,4,10,13,25,55,104,135,109,63,50,8,0,2,4,0
0,0,0,2,4,7,9,11,1,7,13,14,33,56,84,123,82,64,34,8,3,6,0,0
0,1,0,4,6,8,11,11,9,12,14,14,28,48,65,95,94,59,20,8,4,0,0,3
0,0,0,0,0,2,7,8,10,11,13,26,30,51,65,81,87,54,9,7,1,0,2,7
0,0,0,0,0,0,4,3,5,10,14,19,16,52,58,70,67,45,9,3,13,9,0,4
0,2,4,4,8,9,7,12,11,11,11,10,12,32,61,76,57,52,7,6,7,1,8,0
6,6,1,0,8,10,14,10,0,3,11,12,11,14,34,68,91,54,9,10,7,7,10,8
8,7,0,8,6,4,5,0,0,0,11,9,3,17,28,70,63,45,11,4,8,13,7,0
5,0,5,6,8,1,5,7,3,2,4,9,8,14,22,52,53,26,18,13,9,0,8,4

4,0,0,0,0,2,0,1,8,10,1,6,0,0,13,9,9,13,14,13,4,6,8,0
8,0,0,0,0,5,5,0,4,3,6,5,1,7,10,6,30,81,100,70,51,13,13,0
3,0,8,0,8,6,6,8,0,6,12,8,14,30,12,46,34,57,70,66,50,12,10,5
6,6,8,6,3,5,9,12,13,11,17,14,51,51,52,54,54,41,52,14,10,0,0,0
11,11,12,6,10,14,7,11,61,52,54,53,77,58,62,63,65,82,43,43,10,3,4,3
12,14,46,53,58,58,65,67,65,61,72,82,99,94,119,149,206,239,177,86,37,37,12,9
6,7,10,14,27,50,57,65,83,99,104,123,139,151,209,257,311,411,338,218,89,44,11,11
0,1,6,1,0,0,5,12,12,68,76,85,91,116,166,198,222,229,189,164,101,75,10,8
0,0,0,4,0,0,4,7,22,62,65,51,55,51,59,90,141,166,161,142,93,73,23,8
2,3,7,0,7,7,9,14,41,60,68,64,50,9,55,89,135,177,182,181,107,65,32,6
3,0,0,0,1,0,0,8,27,59,66,55,13,37,77,116,149,197,216,189,98,62,11,9
2,0,2,0,0,0,0,6,13,55,54,31,14,62,102,141,181,198,210,177,104,61,14,13
6,0,3,1,2,0,0,5,11,9,38,10,7,104,111,135,170,166,172,136,76,47,18,1
0,0,0,1,2,0,0,0,2,12,24,6,14,106,117,138,153,159,160,129,71,50,7,0
0,0,0,2,0,0,0,1,0,0,2,2,44,100,114,132,147,154,134,101,71,13,11,3
0,0,0,2,0,0,0,4,0,1,12,10,37,89,97,107,119,131,105,75,43,11,15,6
2,0,3,6,5,7,5,6,12,8,8,18,53,60,67,75,91,103,103,58,14,13,13,8
5,3,20,14,13,13,17,20,23,28,18,39,50,64,70,107,136,127,84,44,24,18,13,8
0,0,8,4,6,7,11,11,8,9,12,11,60,69,77,125,148,144,106,102,34,11,12,10
0,2,7,0,0,5,10,6,4,8,0,12,83,113,137,181,220,204,158,121,69,40,14,11
0,4,6,5,2,8,7,8,9,13,26,14,106,128,150,216,247,245,178,122,87,37,14,10
0,1,9,4,8,10,18,12,12,27,30,48,86,149,194,245,265,205,125,118,91,37,29,23
0,4,11,0,0,10,11,17,17,23,25,48,114,159,215,300,348,170,100,112,103,43,15,12
0,0,0,0,1,3,2,5,8,13,58,101,115,148,193,247,275,170,124,123,110,67,13,7
0,0,0,0,3,1,0,13,11,9,31,27,123,155,178,199,196,148,134,101,43,15,14,11
10,3,0,1,0,0,0,3,3,21,48,101,125,147,162,172,150,130,108,70,40,14,15,13
3,0,0,0,0,0,4,1,6,13,11,61,108,116,131,136,130,109,91,46,8,12,8,7
0,9,2,0,1,0,1,1,3,12,12,75,76,104,111,119,124,108,75,10,40,11,11,12
7,8,0,0,0,8,4,7,0,0,18,38,54,97,104,114,116,103,48,32,12,14,24,11
2,10,0,0,9,0,8,7,8,10,20,37,46,57,61,81,76,56,46,19,13,13,14,9
11,9,5,12,9,7,14,16,16,11,12,31,20,54,75,82,59,30,14,14,9,9,12,5
2,0,9,0,0,11,11,6,9,10,4,8,22,55,81,96,74,36,12,22,16,4,5,5
7,0,0,0,0,2,2,0,0,0,0,0,50,36,72,96,88,46,14,8,11,0,1,0
0,5,0,0,0,12,8,8,4,5,10,5,11,50,80,128,106,57,18,10,0,0,1,0
0,5,0,0,4,11,10,12,9,11,14,12,23,55,97,127,103,65,19,12,8,0,3,8
7,0,0,0,0,5,4,5,1,4,10,13,29,55,104,137,107,64,51,9,0,1,4,0
0,0,0,3,5,7,9,11,2,7,12,14,32,56,84,126,84,64,30,8,4,6,0,0
0,1,0,5,6,8,11,11,8,12,14,14,27,48,66,96,95,59,27,6,4,0,0,3
0,0,0,0,0,2,7,8,10,11,13,26,30,51,66,82,87,54,11,7,1,0,1,7
0,0,0,0,0,0,4,3,5,10,15,19,16,52,58,70,67,45,9,4,13,10,0,4
0,2,4,4,8,9,7,12,11,11,11,11,13,33,62,75,57,53,8,7,7,0,8,0
6,6,1,0,8,10,14,11,0,3,11,12,11,14,40,68,93,54,10,10,8,7,10,8
8,7,0,8,7,4,6,0,0,0,12,10,4,18,29,69,63,52,12,5,8,13,7,0
5,0,5,6,8,1,5,7,4,3,5,9,8,14,25,52,53,30,19,13,9,0,8,4

3,0,0,0,0,2,0,1,8,10,1,6,0,0,13,9,9,13,14,13,4,6,8,0
8,0,0,0,0,5,5,0,4,2,6,4,0,7,10,9,35,87,101,71,50,13,13,0
3,0,8,0,8,6,6,8,0,6,12,8,14,30,12,47,35,57,72,66,50,12,10,5
7,6,8,7,3,5,9,12,13,11,16,14,51,50,51,54,54,41,52,15,10,0,0,0
11,10,12,6,10,17,7,11,61,52,53,53,77,58,62,65,66,86,44,44,10,3,4,3
12,14,46,53,58,58,64,67,65,62,72,82,99,93,119,150,208,248,184,92,38,37,12,9
6,7,10,13,24,47,57,64,82,98,103,122,136,147,199,242,289,399,321,224,94,45,12,11
1,1,7,1,0,0,5,12,12,68,75,82,88,111,159,192,214,224,187,167,105,77,10,8
0,0,0,3,0,0,4,7,24,63,65,51,54,51,58,90,140,164,159,143,95,73,22,8
2,3,7,0,7,7,9,14,42,60,68,64,50,9,56,89,136,177,182,181,107,63,28,6
3,0,0,0,1,0,0,8,29,60,67,55,14,39,77,117,150,199,218,190,99,62,11,9
2,0,1,0,0,0,0,7,14,56,54,33,14,62,102,142,183,201,211,178,105,61,14,13
6,0,4,1,2,0,0,5,11,10,42,10,7,104,111,136,171,167,173,135,75,47,18,1
0,0,0,1,2,0,0,0,3,12,25,7,14,106,117,139,154,159,161,130,71,50,8,0
0,0,0,3,0,0,0,1,0,0,2,2,48,100,114,132,147,154,135,102,73,14,11,3
0,0,0,2,0,0,0,4,0,2,12,9,36,90,97,107,119,131,106,76,45,11,15,6
3,0,3,6,5,7,5,6,12,9,8,14,52,60,67,75,91,103,104,59,18,12,13,7
5,4,21,14,13,13,18,21,24,30,17,37,49,63,70,106,137,128,86,45,26,17,12,8
0,0,8,4,6,7,11,11,9,10,14,9,57,68,76,124,147,145,108,103,36,11,11,10
0,2,7,0,0,5,9,6,4,9,0,11,73,111,136,180,220,205,162,125,73,42,14,11
0,4,5,5,1,8,7,8,10,13,31,14,105,127,150,217,248,249,190,127,97,42,14,10
0,1,9,4,8,10,18,12,12,27,31,48,83,147,192,246,275,224,139,125,96,39,30,23
0,3,11,0,0,10,11,18,17,23,26,47,113,156,211,300,358,181,107,115,104,46,15,12
0,0,0,0,1,3,2,6,8,13,56,100,115,147,193,249,282,177,127,125,111,68,13,7
0,0,0,0,3,1,0,13,11,9,32,21,122,155,179,200,198,150,135,102,45,16,14,11
10,3,0,1,0,0,0,4,3,24,48,101,125,147,163,172,152,131,108,73,40,14,15,13
3,0,0,0,0,0,3,0,5,13,11,61,108,116,132,137,130,109,96,47,8,12,8,7
0,8,2,0,1,0,0,0,1,11,11,75,75,104,111,119,124,108,77,10,40,12,11,12
7,8,0,0,0,8,3,8,0,0,22,39,54,96,104,114,116,103,49,32,12,14,24,11
2,10,0,0,9,0,8,7,7,10,14,37,47,57,61,81,76,57,46,20,13,13,14,9
11,9,5,12,9,7,14,16,14,10,11,32,23,55,75,79,58,30,14,14,9,9,12,5
2,0,9,0,0,11,11,6,8,10,3,9,35,56,82,93,73,36,12,22,16,4,5,5
7,0,0,0,0,2,2,0,0,0,1,0,50,45,73,93,85,44,14,8,11,0,1,0
0,5,0,0,0,12,7,7,4,4,9,5,11,51,80,126,103,56,18,11,0,0,1,0
0,6,0,0,4,11,9,12,8,11,14,12,24,55,98,126,101,64,21,12,8,0,3,8
7,0,0,0,0,5,3,4,1,4,10,13,28,55,105,136,107,64,51,9,0,1,4,0
0,0,0,3,5,7,9,11,2,7,12,13,32,57,84,127,83,64,29,7,4,6,0,0
0,1,0,5,6,8,11,11,8,12,13,14,28,48,67,96,95,59,27,6,4,0,0,3
0,0,0,0,0,1,7,8,10,11,13,26,30,51,66,81,86,54,13,7,1,0,1,7
0,0,0,0,0,0,5,4,5,10,14,19,17,52,58,70,67,45,9,4,13,10,0,4
0,2,4,4,8,9,7,13,12,11,12,11,13,34,62,74,57,53,8,7,7,0,8,0
6,6,1,0,8,10,14,11,0,4,11,12,11,14,43,67,95,54,10,10,8,7,10,8
8,7,0,8,7,4,6,0,0,1,12,10,5,20,29,69,63,52,12,5,8,13,7,0
5,0,5,6,9,1,5,7,5,3,5,9,8,14,26,52,53,33,19,13,9,0,8,4

3,0,0,0,0,2,0,1,8,10,1,5,0,0,13,9,9,13,14,13,5,6,8,0
8,0,0,0,0,5,5,0,4,2,6,4,0,7,11,10,36,90,102,72,51,13,13,0
4,0,8,0,8,5,6,8,0,6,12,7,13,30,12,46,36,58,72,66,50,12,10,5
7,6,8,7,3,5,8,11,13,11,16,14,51,50,51,53,54,42,52,15,10,0,0,0
10,10,12,7,10,15,7,11,61,51,53,53,77,58,62,65,67,88,44,44,10,3,4,3
12,14,45,53,58,58,64,67,65,62,72,82,99,93,120,151,210,252,187,95,38,37,12,9
6,7,10,13,23,45,57,64,82,98,103,121,136,146,197,238,281,394,315,223,95,45,11,11
1,1,7,1,0,0,5,12,13,68,74,81,87,110,157,190,212,221,186,167,105,77,10,8
0,0,0,3,0,0,4,7,25,63,65,51,54,50,58,90,141,164,159,144,95,73,22,8
2,3,6,0,7,7,8,14,42,60,68,64,50,10,56,90,138,178,182,180,105,63,26,6
3,0,0,0,1,0,0,8,29,60,67,55,13,43,78,117,151,199,219,190,98,61,11,9
2,0,1,0,0,0,0,7,14,56,54,32,14,62,103,143,182,200,210,178,105,61,14,13
6,0,4,1,2,0,0,5,11,10,42,10,8,104,112,136,170,166,172,136,76,48,19,1
0,0,0,1,2,0,0,0,3,12,28,6,17,106,118,139,154,160,163,131,72,52,8,0
0,0,0,3,0,0,0,1,0,0,2,2,53,100,114,132,147,154,136,103,75,14,11,3
0,0,0,2,0,0,0,4,0,3,12,9,47,90,98,107,119,132,107,78,48,11,15,6
2,0,3,6,5,7,5,6,12,9,8,14,53,61,67,75,91,103,104,60,26,13,13,7
5,3,20,14,13,13,18,21,24,31,18,36,50,63,69,105,136,128,88,47,26,16,12,7
0,0,8,4,6,7,11,11,10,11,14,9,56,67,75,124,147,144,109,104,37,11,11,10
0,2,7,0,0,5,9,7,5,9,1,11,69,110,134,179,218,204,163,126,76,43,14,11
0,3,5,4,1,8,7,8,10,13,31,14,104,126,150,216,248,250,196,131,100,44,14,10
0,1,9,4,8,10,18,12,13,27,31,48,81,145,190,245,277,233,148,129,99,39,30,23
0,3,11,0,0,10,11,18,17,22,26,46,112,154,209,298,363,188,111,116,105,47,16,12
0,0,0,0,1,3,2,6,8,14,54,100,114,147,192,249,285,180,129,126,111,69,13,7
0,0,0,0,3,1,0,13,11,9,33,18,122,155,180,200,200,152,136,103,46,16,14,11
10,3,0,1,0,0,0,4,4,25,52,101,125,147,163,173,153,132,109,76,42,14,15,13
3,0,0,0,0,0,2,0,4,13,11,61,108,116,132,138,131,110,98,48,9,13,8,7
0,9,1,0,1,0,0,0,0,11,11,77,75,104,111,120,124,108,77,10,40,12,11,12
7,8,0,0,0,8,3,8,0,0,25,39,55,97,104,115,117,103,49,32,12,14,23,11
2,10,0,0,9,0,8,8,6,10,13,37,48,57,61,81,76,56,45,21,13,13,14,9
11,9,5,12,9,7,15,15,14,10,11,34,25,56,76,78,58,30,14,14,9,9,12,5
2,0,9,0,0,11,11,6,8,10,3,10,43,56,82,92,71,35,12,22,16,4,5,5
7,0,0,0,0,2,2,0,0,0,2,0,50,50,74,92,83,43,14,9,11,0,1,0
0,5,0,0,0,12,7,7,3,4,10,6,11,51,81,125,101,56,18,11,0,0,1,0
0,6,0,0,4,11,9,12,8,11,14,12,24,56,99,125,101,64,21,12,8,1,3,8
7,0,0,0,0,5,3,4,0,4,10,13,29,55,106,137,106,63,51,9,0,1,4,0
0,0,0,3,5,7,9,11,1,7,12,13,31,57,85,127,83,64,28,7,4,6,0,0
0,1,0,5,6,8,11,11,8,12,13,14,27,49,67,98,94,59,28,6,4,0,0,3
0,0,0,0,0,2,7,9,10,11,13,26,30,51,66,82,86,54,13,7,1,0,2,7
0,0,0,0,0,0,5,4,5,11,15,20,18,52,58,70,68,45,9,5,13,10,0,5
0,2,4,4,9,10,8,13,12,12,12,11,13,36,63,75,57,53,9,8,7,1,8,0
6,6,1,0,8,10,14,12,0,3,11,12,11,14,46,68,97,55,10,10,9,7,10,8
8,7,0,8,7,4,6,1,0,1,12,10,5,20,29,69,64,54,12,6,8,13,7,0
5,0,5,6,9,1,5,7,5,4,5,9,8,14,27,52,54,35,20,13,9,0,8,4

3,0,0,0,0,2,0,1,8,10,1,5,0,0,13,9,9,13,14,14,5,7,8,0
8,0,0,0,0,4,5,0,4,2,6,4,0,7,11,9,35,87,102,74,52,14,13,0
4,0,8,0,8,5,6,8,0,6,12,7,13,28,12,45,35,58,73,68,51,13,10,5
6,6,8,7,3,5,8,11,13,11,16,14,50,50,51,54,54,41,52,16,11,0,0,0
10,10,12,6,10,14,7,11,61,51,53,53,76,58,62,65,68,89,44,45,10,3,4,3
12,14,45,53,58,58,64,67,65,62,72,82,99,93,121,151,210,253,188,96,39,37,12,9
6,7,10,13,23,45,57,64,82,98,103,121,136,146,196,237,278,391,312,221,96,45,12,11
1,1,7,1,0,0,5,12,13,69,74,81,87,109,156,190,210,220,186,168,106,78,10,8
0,0,0,3,0,0,4,7,25,63,65,52,54,50,58,91,143,166,160,144,95,73,22,8
2,3,7,0,7,7,8,14,41,60,68,64,50,10,57,91,139,181,182,180,105,63,28,6
3,0,0,0,1,0,0,8,26,60,66,54,13,46,78,118,151,199,218,190,98,62,11,9
2,0,1,0,0,0,0,7,13,55,54,30,14,63,103,143,182,198,208,177,105,61,14,13
6,0,4,1,2,0,0,4,10,10,40,10,8,104,112,136,170,165,171,136,77,48,19,1
0,0,0,1,2,0,0,0,3,12,25,6,18,106,118,140,155,160,162,131,73,54,9,0
0,0,0,3,0,0,0,1,0,0,2,2,55,101,114,133,148,155,136,103,75,16,12,3
0,0,0,2,0,0,0,4,0,3,13,9,50,90,98,107,119,132,107,79,50,12,15,6
3,0,3,6,5,7,5,6,12,9,9,14,54,61,67,75,91,103,104,61,36,13,13,7
5,3,20,14,13,13,17,21,24,31,20,37,50,63,69,104,136,128,89,49,27,16,12,7
0,0,8,4,6,7,11,11,10,11,15,9,56,66,74,123,146,145,110,105,38,11,11,10
0,2,7,0,0,5,9,7,5,9,1,11,66,108,133,177,218,204,164,127,78,43,14,11
0,3,5,5,1,8,7,8,10,13,33,14,104,125,149,215,248,250,198,132,101,46,14,10
0,1,9,4,8,10,18,12,13,27,31,48,80,144,189,243,277,236,153,131,100,40,31,23
0,3,11,0,0,10,11,17,17,22,26,46,111,152,207,295,363,193,113,118,105,49,17,12
0,0,0,0,1,3,2,6,8,14,56,100,113,146,192,248,287,183,130,127,112,69,13,7
0,0,0,0,3,1,0,13,11,10,35,15,121,154,179,201,200,153,136,104,46,16,14,11
10,2,0,1,0,0,0,4,4,27,54,101,125,147,163,173,154,132,109,77,41,14,15,13
3,0,0,0,0,0,2,0,4,13,11,61,108,115,133,138,131,110,99,50,9,13,8,7
0,8,1,0,1,0,0,0,0,10,11,79,75,104,111,120,124,108,80,10,41,12,11,12
7,8,0,0,0,7,3,9,0,0,26,41,55,97,104,115,117,103,49,32,13,14,24,11
2,10,0,0,9,0,8,7,6,9,13,37,49,58,61,81,76,56,45,21,13,13,14,9
11,9,5,12,9,7,15,14,14,10,11,34,26,56,76,78,58,30,14,14,9,9,12,5
2,0,9,0,0,11,11,6,8,10,3,11,50,57,82,92,70,34,12,22,16,4,5,5
7,0,0,0,0,2,3,0,0,0,3,0,51,51,74,91,82,43,14,9,12,0,1,0
0,5,0,0,0,11,7,7,3,4,10,6,12,51,82,125,100,55,17,11,0,0,1,0
0,6,0,0,4,11,9,12,8,11,14,12,25,56,100,125,100,64,19,12,8,1,4,8
7,0,0,0,0,5,3,4,0,4,10,13,30,55,106,137,105,63,50,9,0,1,5,0
0,0,0,3,6,7,9,11,1,6,12,13,34,57,86,128,83,64,25,7,4,6,0,0
0,1,0,5,6,8,11,11,8,12,13,14,29,48,68,98,94,58,28,6,4,0,0,3
0,0,0,0,0,2,7,9,10,11,13,26,30,51,67,82,86,54,13,7,1,0,2,7
0,0,0,0,0,0,5,4,5,11,15,21,18,52,58,70,68,45,9,5,13,10,0,5
0,2,4,4,9,10,8,13,12,12,12,11,13,38,63,75,58,53,9,8,8,1,8,0
6,6,1,1,8,10,14,12,0,3,10,12,11,14,48,68,97,55,10,10,9,7,10,8
8,7,0,8,7,4,6,2,0,1,12,10,5,20,29,69,64,54,12,6,8,13,7,0
5,0,5,6,9,1,5,7,5,4,5,9,8,14,28,52,54,36,20,13,9,0,8,4

3,0,0,0,0,2,0,1,8,10,1,5,0,0,13,9,9,13,14,14,6,7,8,0
8,0,0,0,0,4,5,0,4,2,6,4,0,6,11,9,36,87,102,77,54,14,14,0
4,0,8,0,8,5,6,8,0,6,12,7,13,28,11,46,35,58,74,68,52,14,10,5
6,6,8,6,3,5,8,11,13,11,16,14,51,50,51,54,54,41,52,17,11,0,0,0
10,10,12,7,10,15,7,11,61,51,53,53,77,58,62,66,68,90,44,45,10,3,4,3
12,14,45,53,58,58,64,67,65,62,72,82,99,93,121,153,211,255,189,95,39,37,12,9
6,7,10,13,23,45,57,64,82,98,103,121,136,146,197,237,278,390,309,217,96,46,12,11
1,1,7,1,0,0,5,12,13,69,75,81,87,109,156,190,211,219,186,168,106,78,11,8
0,0,0,3,0,0,4,7,26,63,65,52,54,50,58,92,144,167,160,144,95,73,22,8
2,3,6,0,7,7,8,14,41,60,68,64,50,10,58,92,141,182,181,179,105,63,27,6
3,0,0,0,1,0,0,8,26,59,66,54,13,49,79,119,151,198,216,190,99,62,11,8
2,0,1,0,0,0,0,7,13,55,53,28,14,63,103,142,180,196,206,178,106,61,14,13
7,0,4,1,3,0,0,4,10,9,35,9,8,104,112,136,169,164,171,137,78,50,20,1
0,0,0,1,2,0,0,0,3,12,25,6,18,106,118,140,156,161,163,132,74,57,9,0
0,0,0,3,0,0,0,1,0,0,2,2,54,100,114,132,148,155,137,103,77,19,12,3
0,0,0,2,0,0,0,4,0,3,12,9,48,90,97,107,119,132,107,80,52,12,14,6
3,0,3,6,5,8,5,6,12,9,9,14,53,61,67,75,91,104,105,62,47,13,13,7
5,3,20,14,13,13,18,21,25,31,19,36,50,62,69,103,135,128,90,51,27,15,12,7
0,0,8,4,6,7,11,11,10,11,16,9,55,66,73,122,146,145,111,106,38,12,10,10
0,2,7,0,0,5,9,7,5,10,1,11,60,106,132,175,217,205,166,128,80,45,14,11
0,3,5,5,1,8,7,8,10,13,33,14,103,123,148,214,248,252,202,136,103,49,14,10
0,0,9,4,8,10,18,12,13,27,31,48,78,142,186,241,277,241,160,135,102,41,31,23
0,3,11,0,0,10,11,17,17,22,26,46,110,150,204,291,365,198,117,120,106,51,17,12
0,0,0,0,1,3,2,6,8,14,53,100,113,145,190,248,289,186,131,128,112,70,14,7
0,0,0,0,3,1,0,13,11,10,33,14,121,153,179,201,202,155,137,105,48,17,14,11
9,2,0,1,0,0,0,4,4,25,52,100,124,146,163,174,155,133,110,79,41,14,15,13
3,0,0,0,0,0,2,0,4,13,11,60,108,115,132,139,131,110,100,51,9,13,8,7
0,8,1,0,0,0,0,0,0,8,11,77,75,104,111,120,125,108,80,10,42,12,11,12
7,8,0,0,0,7,3,9,1,0,27,41,55,97,104,115,117,104,49,32,13,14,23,11
2,10,0,0,9,0,8,8,6,10,10,37,49,58,61,81,76,56,45,20,13,13,14,9
11,9,5,12,9,7,15,15,14,10,11,34,27,56,76,78,58,30,14,14,9,9,12,5
2,0,8,0,0,11,11,6,8,10,2,11,50,57,82,91,70,34,12,22,16,3,5,5
7,0,0,0,0,2,3,0,0,0,4,1,51,52,75,91,81,43,14,9,12,0,1,0
0,5,0,0,0,12,7,7,2,4,10,6,12,52,82,124,99,55,17,11,0,0,1,0
0,6,0,0,4,11,9,12,8,11,14,12,26,56,100,125,100,64,21,12,8,1,4,8
7,0,0,0,0,5,3,4,0,4,10,13,30,56,107,137,105,63,50,9,0,1,5,0
0,0,0,3,6,7,9,11,1,7,12,13,33,57,86,128,83,64,26,7,4,6,0,0
0,1,0,5,6,8,11,11,8,12,13,14,28,49,68,99,94,58,28,6,4,0,0,3
0,0,0,0,0,2,8,9,10,11,13,26,31,51,67,83,85,54,13,7,1,0,2,7
0,0,0,0,0,0,5,4,5,11,15,22,19,52,58,70,67,45,9,5,13,10,0,5
0,3,4,4,9,10,8,13,12,12,12,11,13,37,65,75,58,54,9,9,8,1,8,0
6,6,1,1,8,10,14,12,0,3,10,12,11,15,50,68,98,55,11,10,9,7,10,8
8,7,0,8,7,4,6,2,0,1,12,10,5,20,30,69,64,55,13,6,8,13,7,0
5,0,5,6,9,1,5,7,6,4,6,9,8,14,30,52,54,36,20,14,9,0,8,4

3,0,0,0,0,2,0,1,8,10,1,5,0,0,13,9,9,13,14,14,7,7,9,0
8,0,0,0,0,4,5,0,4,2,6,3,0,6,11,10,36,87,103,79,55,14,14,0
4,0,8,0,8,5,5,8,0,6,12,7,13,28,11,46,35,58,75,70,53,14,10,5
6,6,8,6,3,4,8,10,13,11,15,14,50,50,51,54,54,41,52,18,11,0,0,0
10,10,12,6,10,14,7,10,60,51,53,53,76,58,62,66,69,92,44,45,10,3,4,3
12,14,45,53,58,58,64,66,65,62,72,82,99,93,121,152,210,257,190,94,39,37,12,9
6,7,10,13,23,46,57,64,82,98,103,121,136,146,196,234,275,389,309,217,96,46,12,11
1,1,6,1,0,0,5,12,13,69,75,81,87,109,155,189,211,218,185,169,106,79,11,8
0,0,0,3,0,0,4,7,27,63,65,52,54,50,58,92,144,166,160,144,95,73,22,8
2,3,6,0,7,7,8,14,41,60,68,64,50,10,58,92,142,182,182,180,105,63,27,6
3,0,0,0,1,0,0,8,25,59,66,54,13,50,80,119,152,198,217,190,100,62,12,9
2,0,1,0,0,0,0,7,13,55,53,28,14,64,103,143,181,197,207,179,107,61,16,13
6,0,4,1,3,0,0,4,10,9,33,9,8,105,112,136,169,165,172,137,79,50,21,1
0,0,0,1,2,0,0,0,3,12,22,6,18,106,118,140,156,161,165,133,74,59,10,0
0,0,0,3,0,0,0,1,0,0,2,2,53,100,114,132,148,156,138,104,77,21,12,3
0,0,0,2,0,0,0,4,0,3,13,9,48,90,97,106,119,133,108,81,53,12,14,6
3,0,3,6,5,8,5,6,12,9,8,14,53,61,67,75,90,103,105,62,49,13,13,7
5,4,20,14,13,13,18,21,24,31,18,36,49,62,69,103,135,128,90,51,27,16,12,7
0,0,8,4,6,7,11,11,10,11,16,8,54,66,72,122,146,145,111,106,39,12,10,10
0,2,7,0,0,5,9,7,5,10,1,11,59,105,132,175,217,205,165,128,80,45,14,11
0,3,5,5,1,8,7,8,10,13,31,14,103,123,148,214,248,251,200,135,103,50,14,10
0,0,9,4,8,10,18,12,13,27,30,48,77,142,185,241,275,238,159,135,102,41,31,23
0,3,11,0,0,10,11,17,17,22,26,45,110,150,204,289,363,198,117,120,106,51,18,12
0,0,0,0,1,3,2,6,7,14,52,100,113,145,191,247,288,186,131,128,113,70,14,7
0,0,0,0,3,1,0,13,11,9,33,14,120,153,179,202,202,156,137,105,48,17,14,11
10,2,0,1,0,0,0,4,4,27,55,100,124,146,163,174,155,133,110,79,42,14,15,13
3,0,0,0,0,0,3,0,4,13,11,60,108,115,133,139,132,110,100,51,9,13,8,7
0,8,1,0,0,0,0,0,0,7,11,78,74,104,111,120,125,108,81,11,42,12,11,12
7,8,0,0,0,7,3,9,0,0,26,41,55,96,104,115,117,104,50,32,13,14,23,11
2,10,0,0,9,0,8,8,5,9,9,37,50,58,62,81,77,57,45,21,13,13,14,9
11,9,5,12,9,7,15,15,14,10,11,34,27,56,76,78,58,30,14,14,9,9,12,5
2,0,8,0,0,11,11,6,8,10,2,12,50,57,82,91,70,34,12,22,16,3,5,5
7,0,0,0,0,2,3,0,0,0,5,1,51,52,75,91,82,43,14,9,12,0,1,0
0,5,0,0,0,11,7,7,2,4,10,6,12,52,82,125,100,55,19,11,0,0,1,1
0,6,0,0,4,12,9,12,8,11,15,12,26,56,101,126,101,64,23,12,8,1,4,8
7,0,0,0,0,5,3,4,0,4,11,13,33,56,107,138,106,63,50,9,0,1,5,0
0,0,0,3,6,7,9,11,1,7,12,14,34,57,87,129,83,64,25,7,4,6,0,0
0,2,0,5,6,8,11,11,8,12,14,14,28,48,69,99,94,58,28,6,4,0,0,3
0,0,0,0,0,2,8,9,10,11,13,27,31,51,67,83,86,54,13,7,1,0,2,7
0,0,0,0,0,1,5,4,5,11,15,22,19,52,59,70,68,45,9,5,13,10,0,5
0,3,5,4,9,10,8,13,12,12,12,11,13,39,65,75,58,53,9,9,7,1,8,0
6,6,1,1,8,10,14,12,0,2,10,12,11,15,50,68,98,55,11,10,9,7,10,8
8,7,0,8,7,4,6,2,0,2,12,10,6,22,30,70,64,55,13,6,8,13,7,0
5,0,5,6,9,1,5,7,6,4,6,9,8,15,32,52,54,37,20,14,9,0,8,4

3,0,0,0,0,2,0,1,8,10,1,5,0,0,13,9,9,13,14,14,8,7,9,0
8,0,0,0,0,4,5,0,3,2,6,3,0,6,11,10,37,91,103,82,56,14,14,0
4,0,8,0,7,5,5,8,0,6,12,7,13,30,11,45,35,58,75,70,53,14,10,5
6,6,8,6,3,4,7,10,12,11,15,14,50,50,51,53,54,41,52,19,12,0,0,0
10,10,12,6,9,14,6,10,60,51,53,53,76,58,62,66,69,92,45,45,10,3,4,3
12,13,45,53,58,57,63,66,64,62,72,82,99,93,121,151,209,259,191,94,39,37,12,9
6,7,10,13,23,47,57,64,82,98,103,121,136,146,195,233,273,388,309,217,96,47,12,11
1,1,7,1,0,0,5,12,13,68,75,81,86,108,155,188,209,217,185,169,107,79,11,8
0,0,0,3,0,0,4,7,26,63,65,52,54,50,58,93,144,167,160,144,95,74,23,8
2,3,7,0,7,7,8,14,41,60,68,64,50,10,58,92,142,182,183,180,105,63,29,6
3,0,0,0,1,0,0,8,25,59,66,54,13,50,80,119,152,200,220,193,101,62,12,9
2,0,1,0,0,0,0,7,13,55,54,28,14,64,104,143,182,199,210,181,107,61,17,13
6,0,4,1,3,0,0,4,10,9,35,9,8,104,112,136,169,166,174,138,79,50,21,1
0,0,0,1,2,0,0,0,3,12,21,6,17,106,117,140,156,162,166,134,74,59,10,0
0,0,0,3,0,0,0,1,0,0,2,2,52,100,114,131,148,156,138,104,78,22,12,3
0,0,0,2,0,0,0,4,0,3,13,9,43,90,97,106,118,132,108,81,53,12,14,6
3,0,3,6,5,8,5,6,12,9,8,14,52,60,67,75,90,103,105,62,50,13,13,7
5,3,20,14,13,13,18,21,24,31,17,35,49,61,68,103,135,128,90,51,27,16,12,7
0,0,8,4,6,7,11,11,10,11,16,7,53,66,73,122,146,145,111,106,39,12,10,10
0,2,7,0,0,5,9,7,5,9,1,11,57,106,132,175,217,205,165,128,80,44,14,11
0,3,5,5,1,8,7,8,10,13,31,14,103,124,148,214,248,250,199,135,102,50,14,10
0,1,9,4,8,10,18,12,13,27,31,48,78,142,186,241,275,237,157,134,102,41,31,23
0,3,11,0,0,10,11,17,17,22,26,45,110,150,204,290,362,196,117,120,106,51,17,12
0,0,0,0,1,3,2,6,7,14,53,100,113,145,191,247,287,185,131,128,113,70,14,7
0,0,0,0,3,1,0,13,11,10,36,14,120,153,180,201,202,156,137,105,48,17,14,11
10,2,0,1,0,0,0,4,4,28,55,100,123,146,163,174,155,133,110,80,41,14,14,13
3,0,0,0,0,0,3,0,4,13,11,60,108,115,133,139,132,110,100,50,9,13,8,7
0,8,1,0,0,0,0,0,0,6,11,79,75,104,111,120,124,108,81,11,42,12,11,12
7,7,0,0,0,7,3,9,0,0,27,41,55,96,104,115,117,104,49,32,13,14,23,11
2,10,0,0,9,0,8,8,5,9,9,37,50,58,62,81,77,57,45,21,13,13,14,9
11,9,5,12,9,7,16,15,13,10,10,35,27,56,76,78,58,30,14,14,9,9,12,5
2,0,8,0,0,11,11,6,8,10,2,12,50,57,83,91,70,36,12,22,16,3,5,5
7,0,0,0,0,2,3,0,0,0,5,2,51,52,75,91,82,43,14,9,12,0,1,0
0,5,0,0,0,12,7,7,3,4,10,7,12,52,83,125,100,55,19,11,0,0,1,1
0,6,0,0,4,12,9,12,8,11,16,13,27,56,101,126,101,64,24,12,8,1,4,8
7,0,0,0,0,5,3,4,0,4,11,13,34,55,108,139,106,63,51,10,0,1,5,0
0,0,0,3,6,7,9,11,2,7,12,13,35,57,87,129,83,64,24,8,4,6,1,0
0,2,0,5,6,8,11,11,8,12,14,14,29,49,69,100,94,58,30,6,4,0,0,3
0,0,0,0,0,2,8,9,10,11,13,26,31,51,68,83,86,54,13,7,1,0,2,7
0,0,0,0,0,1,5,4,5,11,15,22,20,52,59,70,68,45,9,5,13,10,0,5
0,3,5,4,9,10,8,13,12,12,12,11,13,40,65,75,58,54,9,9,8,1,8,0
6,6,2,1,8,10,14,12,0,2,10,12,12,15,50,69,99,55,11,10,9,7,10,8
8,7,0,8,7,4,6,2,0,2,12,11,6,21,30,70,64,56,13,6,8,13,7,0
5,0,5,7,9,1,5,7,6,4,6,9,8,15,32,52,54,38,20,14,9,0,8,4

3,0,0,0,0,2,0,1,8,10,1,5,0,0,14,9,9,13,14,15,8,7,9,0
8,0,0,0,0,4,5,0,3,1,6,3,0,6,11,10,37,89,103,84,56,14,14,0
4,0,8,0,7,4,5,8,0,6,12,7,13,28,11,46,35,58,75,71,54,18,10,5
6,6,8,6,3,4,7,10,12,11,17,14,50,50,51,53,54,42,53,22,12,1,0,0
10,10,11,6,9,14,6,10,60,51,53,53,76,58,62,66,70,93,45,46,10,3,4,3
12,13,44,53,58,57,63,66,64,61,72,82,99,93,122,152,210,261,192,94,39,37,12,9
6,7,10,13,23,47,57,64,82,98,103,121,136,146,196,231,272,388,308,217,96,47,12,11
1,1,6,1,0,0,5,12,13,68,75,81,86,108,154,187,208,217,184,169,107,80,11,8
0,0,0,3,0,0,4,7,25,62,65,52,54,50,58,93,144,166,160,144,95,74,23,8
2,3,6,0,7,7,8,14,41,60,68,64,50,10,58,93,142,183,184,181,106,63,30,6
3,0,0,0,1,0,0,8,24,59,66,54,13,50,80,119,154,202,223,195,102,62,12,8
2,0,1,0,0,0,0,7,13,55,54,29,14,64,103,143,183,201,213,183,108,62,19,13
6,0,4,1,3,0,0,5,10,9,35,9,8,104,112,136,170,168,175,139,80,50,21,1
0,0,0,1,2,0,0,0,4,12,21,6,17,106,117,140,156,162,167,134,75,60,10,0
0,0,0,3,0,0,0,1,0,0,2,2,51,100,114,132,148,156,138,104,78,22,12,4
0,0,0,2,0,0,0,4,0,3,13,9,38,89,97,106,118,132,108,81,54,12,14,6
3,0,3,6,6,8,6,6,12,9,8,14,51,60,67,75,90,103,105,62,50,13,13,7
5,3,21,14,13,13,18,21,25,31,16,34,48,61,68,103,135,128,90,51,27,15,12,7
0,0,8,4,6,7,11,11,10,11,14,7,52,65,73,122,146,145,111,106,38,12,10,10
0,2,7,0,0,5,9,6,5,10,1,10,55,106,132,175,217,205,165,128,80,45,14,11
0,3,5,5,1,8,7,8,10,13,30,14,103,123,148,213,248,250,199,135,103,50,14,10
0,1,9,4,8,10,18,12,13,27,31,48,77,142,185,241,275,237,158,135,102,42,31,23
0,3,11,0,0,10,11,17,17,21,25,45,110,149,204,290,360,197,117,121,107,52,18,12
0,0,0,0,1,3,2,6,7,14,54,100,113,145,191,246,286,186,131,128,113,70,14,7
0,0,0,0,3,1,0,13,11,10,35,14,120,153,180,202,202,156,137,105,48,17,14,11
10,2,0,1,0,0,0,4,4,27,55,100,123,146,163,174,156,134,110,79,41,14,15,13
3,0,0,0,0,0,3,0,4,13,11,60,108,115,133,139,132,110,100,51,9,13,8,7
0,8,1,0,1,0,0,0,0,6,11,79,75,104,111,120,125,108,81,10,42,12,11,12
7,8,0,0,0,7,3,9,0,0,27,42,55,96,104,115,117,104,49,32,13,14,23,11
2,10,0,0,9,0,8,8,5,9,8,37,50,58,62,81,77,57,45,21,13,13,14,9
11,9,5,12,9,7,15,15,13,10,10,35,27,56,76,77,58,30,14,14,9,9,12,5
2,0,8,0,0,12,11,6,8,10,2,12,50,57,82,91,70,34,12,22,16,3,5,5
7,0,0,0,0,2,3,0,0,0,5,3,52,52,75,91,81,43,14,9,12,0,1,0
0,5,0,0,0,12,7,7,2,4,10,7,12,52,83,125,100,55,19,11,0,0,1,1
0,6,0,0,4,12,9,12,8,11,15,12,27,56,102,126,101,64,25,12,8,1,4,8
7,0,0,0,0,5,3,4,0,4,11,13,34,56,108,139,106,63,51,10,0,1,5,0
0,0,0,3,6,7,9,11,2,7,12,13,35,57,87,130,83,64,24,7,4,6,1,0
0,2,0,5,6,8,11,11,8,12,14,14,28,50,69,100,94,58,30,6,4,0,0,3
0,0,0,0,0,2,8,9,10,11,13,27,31,51,68,83,86,54,13,7,1,0,2,7
0,0,0,0,0,1,5,4,5,11,15,22,21,52,58,70,68,45,9,5,13,10,0,5
0,3,5,4,9,10,8,13,12,12,12,11,13,40,66,75,58,54,9,9,8,1,8,0
6,6,1,1,8,10,14,12,1,2,10,12,12,16,50,68,99,55,11,10,9,7,10,8
8,7,0,8,7,4,6,3,0,2,12,11,6,22,31,70,64,56,13,6,8,13,7,0
5,0,5,7,9,1,5,7,6,5,6,9,8,15,34,52,54,39,20,14,9,0,8,4

3,0,0,0,0,2,0,1,8,10,1,5,0,0,14,9,9,13,14,15,8,7,9,0
8,0,0,0,0,4,5,0,3,1,6,3,0,6,11,10,36,88,104,85,56,15,14,0
4,0,8,0,7,4,5,8,0,6,12,7,13,28,11,46,35,58,75,71,54,21,11,6
6,6,8,6,3,4,7,10,12,11,16,14,51,50,51,54,54,42,52,21,12,1,0,0
10,10,12,6,9,14,6,10,60,51,53,53,77,58,62,67,70,95,45,46,10,4,4,3
12,13,44,53,58,57,63,66,64,62,72,82,99,93,122,153,211,264,193,95,39,37,12,9
6,7,10,13,22,45,57,64,82,98,103,121,135,145,195,230,270,387,307,215,96,47,12,11
1,1,7,1,0,0,5,12,13,68,75,81,86,107,153,186,206,216,184,169,107,80,11,8
0,0,0,3,0,0,4,7,25,62,65,52,54,50,58,93,144,166,160,144,94,74,23,8
2,3,7,0,7,7,8,14,39,60,68,64,50,10,58,93,143,183,185,182,105,63,30,6
3,0,0,0,1,0,0,8,24,59,66,54,13,50,80,120,155,204,224,197,103,62,12,8
2,0,1,0,0,0,0,7,13,55,54,29,14,64,104,143,183,202,215,186,109,62,20,14
6,0,4,1,3,0,0,4,10,9,35,9,8,104,112,136,169,166,176,140,81,50,21,1
0,0,0,1,2,0,0,0,4,12,19,6,16,106,118,140,156,161,167,135,75,60,10,0
0,0,0,3,0,0,0,1,0,0,2,2,51,100,114,132,148,155,139,104,79,23,12,4
0,0,0,2,0,0,0,4,0,3,13,9,38,89,97,106,118,132,108,82,55,12,14,6
3,0,3,6,6,8,6,6,12,9,8,13,51,60,66,75,90,103,105,62,51,13,13,7
5,3,20,14,13,13,18,21,25,31,16,34,48,61,68,102,135,128,90,51,27,15,12,7
0,0,8,4,6,7,11,11,10,11,15,6,52,65,72,122,146,145,111,106,39,12,10,10
0,2,7,0,0,5,9,6,5,10,1,11,55,106,132,175,217,205,165,128,80,46,14,11
0,3,5,5,1,8,7,7,10,13,30,14,103,123,148,213,247,250,199,135,103,50,14,10
0,0,9,4,8,10,18,12,13,27,30,48,77,142,184,241,275,238,159,135,102,42,32,23
0,3,11,0,0,10,11,18,17,22,25,45,110,149,203,290,362,198,118,121,107,52,18,12
0,0,0,0,1,3,2,6,7,14,53,100,112,145,190,247,287,187,132,128,113,71,14,7
0,0,0,0,3,1,0,13,11,10,35,15,120,152,179,202,202,156,137,106,48,17,14,11
10,2,0,1,0,0,0,4,4,28,55,100,123,146,163,175,156,134,110,79,41,14,14,13
3,0,0,0,0,0,3,0,4,13,11,60,108,115,133,139,132,110,100,51,9,13,8,7
0,8,2,0,1,0,0,0,0,5,11,80,75,104,111,120,125,108,81,11,42,12,11,12
7,8,0,0,0,7,3,9,0,0,28,41,55,96,104,115,117,104,50,32,13,14,23,11
2,10,0,0,10,0,8,8,5,9,8,37,50,58,62,81,77,57,45,22,13,13,14,9
11,9,5,12,9,7,16,15,13,10,10,35,27,56,76,77,58,30,14,14,9,8,12,5
2,0,8,0,0,12,11,6,8,10,2,12,50,57,83,91,70,36,12,22,16,3,5,5
7,0,0,0,0,2,3,0,0,0,5,4,52,52,74,91,81,43,14,9,12,0,1,0
0,5,0,0,0,12,7,7,2,4,11,7,12,52,83,125,100,55,21,11,0,0,1,1
0,6,0,0,4,12,9,12,8,11,17,13,27,56,102,126,101,64,27,12,8,1,4,8
7,0,0,0,0,5,3,4,0,4,11,13,35,56,108,139,106,63,51,10,0,1,5,0
0,0,0,3,6,7,9,11,2,7,12,13,35,57,87,130,83,64,23,8,4,6,1,0
0,2,0,5,6,8,11,11,8,12,14,14,29,50,69,100,95,58,30,6,4,0,0,3
0,0,0,0,0,2,8,9,10,11,13,26,31,52,67,83,86,54,13,7,1,0,2,7
0,0,0,0,0,1,6,4,5,11,16,23,20,53,59,70,68,45,10,5,13,10,0,5
0,3,5,5,9,10,8,13,12,12,12,11,13,41,65,75,58,54,10,9,8,1,8,0
6,6,2,1,8,10,14,12,1,2,10,12,12,18,50,68,99,55,11,10,9,7,10,8
8,8,0,8,7,4,6,3,0,2,12,11,6,22,31,70,64,56,13,6,9,13,7,0
5,0,5,7,9,1,5,7,6,5,6,9,8,15,33,52,54,38,21,14,9,0,8,4

3,0,0,0,0,2,0,1,8,10,0,5,0,0,14,9,9,14,14,17,9,7,9,0
8,0,0,0,0,4,5,0,3,1,6,3,0,6,11,11,37,90,104,87,56,16,14,0
4,0,8,0,7,4,5,8,0,6,12,7,13,28,11,46,35,58,76,71,54,24,11,6
6,6,8,6,2,4,7,10,12,11,16,14,50,50,50,53,54,41,53,22,12,1,0,0
10,10,11,6,9,14,6,10,60,50,53,53,76,58,62,67,70,95,46,46,10,3,4,2
12,13,45,53,58,57,63,65,64,61,72,82,99,93,123,153,212,266,194,95,39,37,12,9
6,7,10,13,23,47,57,64,82,98,103,121,135,145,194,230,269,385,304,213,96,47,12,11
1,1,6,1,0,0,5,12,13,68,74,80,86,107,152,186,205,215,184,169,107,80,11,8
0,0,0,3,0,0,4,7,27,62,65,52,54,50,58,94,145,167,161,144,94,74,23,8
2,3,6,0,7,7,8,14,40,60,68,64,50,10,58,94,144,184,185,181,105,63,30,6
3,0,0,0,1,0,0,8,24,59,66,54,13,50,80,120,155,204,224,197,103,62,12,8
2,0,2,0,0,0,0,7,13,55,53,29,14,63,103,143,183,201,214,185,109,62,20,14
6,0,4,1,3,0,0,4,10,9,32,9,8,104,112,137,169,165,175,140,82,51,22,1
0,0,0,1,2,0,0,0,3,12,18,6,18,106,118,141,156,161,166,135,75,61,11,0
0,0,0,3,0,0,0,1,0,0,2,2,53,100,114,132,148,155,139,105,79,24,13,4
0,0,0,2,0,0,0,4,0,3,12,9,40,89,97,106,118,132,108,82,55,12,14,6
3,0,3,6,6,8,6,6,12,9,8,13,51,60,66,75,90,103,105,63,52,13,13,7
5,3,20,14,13,13,18,21,25,31,16,34,48,61,68,102,135,128,91,51,28,15,12,7
0,0,8,4,6,7,11,11,10,11,15,6,52,65,72,122,145,145,111,106,39,12,10,10
0,2,7,0,0,5,9,6,5,9,1,10,54,105,131,174,216,205,166,128,81,45,14,11
0,3,5,5,1,8,7,8,10,13,30,14,103,122,147,212,247,252,201,136,103,50,14,10
0,0,9,4,8,10,18,12,13,27,30,48,76,141,183,240,275,239,161,136,103,42,32,23
0,3,11,0,0,10,11,17,17,22,25,45,109,149,202,288,362,200,119,122,107,53,18,12
0,0,0,0,1,3,2,6,7,14,53,100,112,144,190,246,288,188,133,129,113,71,14,7
0,0,0,0,3,1,0,13,11,9,36,14,120,152,179,202,203,157,138,106,50,17,14,11
10,2,0,1,0,0,0,4,4,28,55,100,123,146,163,175,156,134,110,80,41,14,15,13
3,0,0,0,0,0,3,0,4,13,11,60,108,115,132,139,132,110,100,51,9,13,8,7
0,8,2,0,1,0,0,0,0,5,11,80,75,103,111,121,125,108,83,11,42,12,11,12
7,8,0,0,0,7,3,9,0,0,28,42,55,96,104,115,117,104,49,32,13,14,23,11
2,10,0,0,9,0,8,8,5,9,8,37,50,58,62,81,77,57,46,22,13,13,14,9
11,9,5,12,10,7,16,15,13,10,10,35,28,56,77,77,58,31,14,14,9,8,12,5
2,0,8,0,0,12,11,6,7,10,1,12,50,57,82,91,70,35,12,22,16,3,5,5
7,0,0,0,0,2,3,0,0,0,5,4,52,53,75,91,81,43,14,9,12,0,1,0
0,5,0,0,0,12,7,7,2,4,11,7,12,52,83,125,99,55,20,11,0,0,1,1
0,6,0,0,4,12,9,12,8,11,17,13,28,56,102,127,101,64,27,12,8,1,4,8
7,0,0,0,0,5,3,4,0,4,11,13,35,56,108,139,106,63,51,10,0,1,5,0
0,0,0,3,6,7,9,11,2,7,12,14,36,57,88,130,83,64,23,8,4,6,1,0
0,2,0,5,6,8,11,11,8,12,14,14,29,49,69,101,94,58,31,6,4,0,0,2
0,0,0,0,0,2,8,9,10,11,13,27,32,52,68,83,86,54,13,7,1,0,2,7
0,0,0,0,0,1,5,4,5,11,15,23,21,52,59,70,68,45,10,4,13,10,0,5
0,3,5,5,9,10,8,13,12,12,12,11,13,43,66,75,58,54,10,10,8,1,8,0
6,6,1,1,8,11,14,12,1,2,10,12,12,18,51,69,99,56,11,10,9,7,10,8
8,8,0,8,7,4,6,3,0,2,12,11,7,22,31,70,64,56,13,6,9,13,7,0
5,0,5,7,9,1,5,7,6,5,6,9,8,15,34,52,54,40,21,14,9,0,8,4

3,0,0,0,0,2,0,1,8,10,1,5,0,0,14,9,9,13,14,18,9,7,9,0
8,0,0,0,0,4,5,0,3,1,6,3,0,6,11,10,37,87,104,88,57,18,14,0
4,0,8,0,7,4,5,8,0,6,12,7,13,27,11,45,35,58,76,72,54,25,11,6
6,6,8,6,2,4,7,10,12,11,15,14,50,50,50,54,54,41,53,22,12,1,0,0
10,10,11,6,9,14,6,10,60,51,52,53,76,58,62,67,71,96,46,47,10,3,4,2
12,13,45,53,58,57,63,66,64,62,72,82,99,94,123,154,213,267,194,95,40,37,12,9
6,7,10,13,23,47,57,64,82,98,103,121,136,145,195,231,270,387,304,212,97,47,12,11
1,1,6,1,0,0,5,12,13,68,75,80,86,107,153,186,206,215,184,169,107,80,11,8
0,0,0,3,0,0,4,7,28,63,65,52,54,50,58,94,146,168,161,144,94,74,23,8
2,3,6,0,7,7,8,14,39,60,68,64,50,10,58,95,145,185,185,181,105,63,30,6
3,0,0,0,1,0,0,8,24,59,65,54,13,50,80,120,156,202,223,196,103,62,12,8
2,0,1,0,0,0,0,7,13,54,53,28,14,63,103,143,182,199,212,184,109,62,20,14
6,0,4,1,3,0,0,4,10,9,30,9,8,104,112,137,168,164,174,140,82,51,22,1
0,0,0,1,2,0,0,0,3,12,19,5,17,106,118,141,157,160,166,135,75,62,11,0
0,0,0,3,0,0,0,1,0,0,2,2,52,100,114,132,149,155,139,105,79,25,13,4
0,0,0,2,0,0,0,4,0,3,12,9,41,90,97,106,118,132,109,83,56,13,15,6
3,0,3,6,6,8,5,6,12,9,8,14,52,60,66,75,90,103,105,63,53,13,13,7
5,3,20,14,13,13,18,21,25,30,17,34,48,61,68,102,134,128,91,52,28,15,12,7
0,0,8,4,6,7,11,11,10,11,15,7,52,65,71,121,145,145,112,107,40,12,10,10
0,2,7,0,0,5,9,6,5,10,1,10,52,104,130,172,215,205,166,128,81,45,14,11
0,3,5,5,1,8,7,7,9,13,29,14,103,121,146,211,247,251,202,137,104,51,14,10
0,0,9,4,8,10,17,12,12,27,30,47,76,140,182,238,274,241,163,137,103,42,32,23
0,3,11,0,0,10,11,17,17,21,25,44,109,148,201,285,363,203,120,122,108,54,18,12
0,0,0,0,1,3,2,6,7,13,53,100,112,144,190,245,289,189,133,129,113,71,14,7
0,0,0,0,3,1,0,13,11,9,35,14,119,151,179,202,203,158,138,106,50,17,14,11
9,2,0,1,0,0,0,4,4,27,55,100,123,145,163,174,156,134,111,82,41,14,14,13
3,0,0,0,0,0,3,0,4,13,11,60,108,115,132,139,133,110,100,51,9,13,8,7
0,8,1,0,1,0,0,0,0,5,11,80,75,103,111,120,125,108,82,11,43,12,11,12
7,8,0,0,0,7,3,9,0,0,27,42,56,96,104,116,117,104,50,32,13,14,23,11
2,10,0,0,10,0,8,8,5,9,7,37,50,58,62,81,77,57,46,21,13,13,14,9
11,9,5,12,10,7,16,15,13,10,10,35,28,56,76,77,58,31,14,14,9,8,12,6
2,0,8,0,0,11,11,6,7,10,2,12,50,57,83,91,69,35,12,22,16,3,5,5
7,0,0,0,0,2,3,0,0,0,5,4,52,53,75,91,81,42,14,9,12,0,1,0
0,5,0,0,0,12,7,7,2,4,11,7,12,52,83,124,99,55,20,11,0,0,1,1
0,6,0,0,4,12,9,12,8,11,17,13,28,56,103,126,101,64,27,12,8,1,4,8
7,0,0,0,0,5,3,4,0,4,11,13,34,56,109,140,106,63,51,10,0,1,5,0
0,0,0,3,6,7,9,11,2,7,12,14,36,58,88,130,83,64,23,8,4,6,1,0
0,1,0,5,6,8,11,11,8,12,14,14,30,50,70,101,94,58,30,6,4,0,0,2
0,0,0,0,0,2,8,9,10,11,13,27,31,52,68,84,86,54,13,7,1,0,2,7
0,0,0,0,0,1,5,4,5,11,16,23,20,52,59,70,68,45,10,4,13,10,0,5
0,3,5,5,9,10,8,13,12,12,12,11,13,43,66,75,58,54,10,10,8,1,9,0
6,6,1,1,8,10,14,12,1,2,10,12,12,18,51,69,99,56,11,10,9,7,10,8
8,8,0,8,7,4,6,3,0,2,12,11,7,22,32,70,65,57,13,7,9,13,7,0
5,0,5,7,9,1,5,7,6,5,6,9,8,15,34,52,54,38,21,14,9,0,8,4

3,0,0,0,0,2,0,1,8,10,1,5,0,0,14,9,9,13,14,18,9,7,9,0
8,0,0,0,0,3,5,0,3,1,6,3,0,6,11,10,37,88,104,90,57,19,14,0
4,0,8,0,7,4,5,8,0,7,12,7,13,26,11,45,35,58,76,73,55,29,11,6
6,6,8,6,2,4,7,10,12,11,15,14,50,50,50,54,54,41,53,22,12,1,0,0
9,10,12,6,9,14,6,10,60,50,52,53,76,58,62,68,71,97,46,46,10,3,4,2
12,13,44,53,58,57,63,66,64,62,72,82,99,94,123,155,213,268,195,96,40,37,12,9
6,7,10,13,23,47,57,64,82,98,103,121,135,145,195,231,270,386,303,212,97,48,12,11
1,1,7,1,0,0,5,12,13,69,75,80,85,107,152,186,206,215,184,169,107,80,11,8
0,0,0,3,0,0,4,8,29,63,65,52,54,50,59,95,147,168,161,144,94,74,23,8
2,3,6,0,7,7,8,14,40,60,68,64,50,10,59,95,146,185,185,181,105,63,29,6
3,0,0,0,1,0,0,8,24,59,65,54,13,51,80,120,155,202,222,195,103,62,12,8
2,0,1,0,0,0,0,7,13,55,53,27,14,63,103,143,182,199,212,185,109,62,21,14
6,0,4,1,3,0,0,4,10,9,30,9,8,104,112,137,168,163,174,140,83,51,22,1
0,0,0,1,2,0,0,0,3,12,16,5,18,106,118,141,156,160,166,135,76,62,11,0
0,0,0,3,0,0,0,1,0,0,2,2,53,100,114,132,149,155,140,105,80,26,13,4
0,0,0,2,0,0,0,4,0,3,12,9,43,89,97,106,118,132,109,83,57,13,15,6
3,0,3,6,6,8,5,6,12,9,8,13,52,61,66,75,90,104,105,63,53,13,13,7
5,3,20,14,13,13,18,21,24,30,17,35,49,61,68,102,135,128,91,53,28,15,12,7
0,0,8,4,6,7,11,11,10,11,15,7,52,65,72,121,145,145,112,107,39,12,10,10
0,2,7,0,0,5,9,6,4,9,1,10,51,104,129,172,215,204,166,128,81,45,14,11
0,3,5,4,1,8,7,7,9,13,29,13,102,121,146,211,247,251,201,137,104,51,14,10
0,0,9,4,8,10,18,12,12,27,30,47,75,140,182,238,274,240,163,137,103,42,32,23
0,3,11,0,0,10,11,17,17,21,25,45,109,148,200,286,363,204,121,122,108,54,18,12
0,0,0,0,1,3,2,6,7,14,52,100,112,144,190,245,289,189,133,129,114,71,14,7
0,0,0,0,3,1,0,13,11,9,35,14,119,151,179,202,203,158,138,106,50,18,14,11
10,2,0,1,0,0,0,4,4,28,55,100,123,146,163,174,156,134,111,83,42,14,15,13
3,0,0,0,0,0,3,0,4,13,11,60,108,115,132,139,132,110,100,51,9,13,8,7
0,8,1,0,1,0,0,0,0,5,10,80,75,104,111,120,125,108,82,11,41,12,11,12
7,8,0,0,0,7,3,9,0,0,27,43,56,96,104,116,117,104,49,32,13,14,23,11
2,10,0,0,10,0,8,8,5,9,7,37,50,58,62,81,77,57,45,22,13,13,14,9
11,9,5,12,10,7,16,15,13,10,10,35,28,57,77,77,58,30,14,14,9,8,12,6
2,0,8,0,0,12,11,6,7,10,2,13,50,58,83,90,70,35,12,22,16,3,5,5
7,1,0,0,0,2,3,0,0,0,5,5,52,53,75,90,80,42,14,9,12,0,1,0
0,5,0,0,0,12,7,7,2,4,11,7,12,52,84,124,98,55,20,11,0,0,1,1
0,6,0,0,4,12,9,12,8,11,17,13,29,56,103,126,100,63,25,12,8,1,4,8
7,0,0,0,0,5,3,4,0,4,11,13,34,56,109,140,106,63,51,10,0,1,5,0
0,0,0,3,6,7,9,11,2,6,12,14,37,58,88,131,83,64,22,8,4,6,1,0
0,2,0,5,6,8,11,11,8,12,14,14,30,50,70,101,94,59,30,6,4,0,0,2
0,0,0,0,0,2,8,9,10,11,13,27,31,52,68,84,85,54,13,7,1,0,2,7
0,0,0,0,0,1,5,4,5,11,16,22,20,52,59,69,68,45,9,4,13,10,0,5
0,3,5,5,9,10,8,13,12,12,12,11,13,40,66,75,58,54,10,10,8,1,9,0
6,6,2,1,8,11,14,12,1,2,10,12,12,18,51,69,99,56,11,10,9,7,10,8
8,7,0,8,7,4,6,3,0,2,12,11,7,22,31,70,64,56,13,6,9,13,7,0
5,0,5,7,9,1,5,7,6,5,6,9,8,16,35,52,54,40,21,14,9,0,8,4

3,0,0,0,0,2,0,1,8,10,0,5,0,0,14,9,9,13,14,19,10,7,9,0
8,0,0,0,0,3,5,0,3,1,6,3,0,6,11,10,36,88,105,92,58,22,13,0
4,0,8,0,7,4,5,8,0,7,12,7,13,28,11,46,35,58,77,73,55,31,11,6
6,6,8,6,2,4,7,10,12,11,15,14,50,50,50,54,54,41,52,23,12,1,0,0
9,9,11,6,9,14,6,10,60,51,52,53,77,58,62,68,71,97,46,46,10,3,4,2
12,13,44,53,58,57,63,66,64,62,72,82,99,94,123,154,213,267,194,95,40,38,12,9
6,7,10,13,23,47,57,64,82,98,103,121,135,145,194,230,269,385,303,212,97,48,12,11
1,1,7,1,0,0,5,12,13,68,75,80,85,107,151,185,205,214,184,169,108,81,12,8
0,0,0,3,0,0,4,7,27,62,65,52,54,50,58,94,145,167,160,144,95,74,24,8
2,3,6,0,7,7,8,14,39,60,68,64,50,10,58,94,145,184,185,182,106,63,30,6
3,0,0,0,1,0,0,8,21,58,66,54,13,50,80,120,155,205,226,198,104,62,13,8
2,0,1,0,0,0,0,7,13,54,53,28,14,63,104,143,183,203,217,187,110,62,22,14
6,0,4,1,3,0,0,4,10,9,31,9,8,104,112,136,169,166,177,141,83,51,22,1
0,0,0,1,2,0,0,0,3,12,18,6,15,106,117,140,156,161,168,136,76,61,11,0
0,0,0,3,0,0,0,1,0,0,2,2,50,100,113,131,148,156,140,105,80,25,13,4
0,0,0,2,0,0,0,4,0,3,12,9,38,89,96,105,118,132,109,83,56,13,15,7
3,0,3,6,6,8,5,6,12,9,8,13,52,60,66,75,90,103,105,63,53,13,13,7
5,3,21,14,13,13,18,21,24,31,16,34,48,61,68,102,135,128,91,52,28,15,12,7
0,0,8,4,6,7,11,11,10,11,16,6,52,65,72,122,145,145,112,107,39,12,10,10
0,2,7,0,0,5,9,6,4,9,1,10,53,104,130,173,216,205,166,128,81,45,14,11
0,3,5,4,1,8,7,7,9,13,29,14,103,122,147,212,247,250,202,137,104,51,14,10
0,0,9,4,8,10,18,12,12,26,30,47,76,140,183,239,275,241,163,137,103,42,32,23
0,3,11,0,0,10,10,17,16,21,25,45,109,148,201,286,363,203,121,123,108,54,18,12
0,0,0,0,1,3,2,6,7,13,53,100,112,144,190,245,287,189,133,129,114,71,14,7
0,0,0,0,3,1,0,13,11,9,37,14,120,151,179,201,203,157,138,106,50,18,14,11
10,2,0,1,0,0,0,4,4,28,57,100,123,146,163,174,156,134,110,82,42,14,14,13
3,0,0,0,0,0,3,0,4,13,11,61,108,115,133,139,132,110,100,51,9,13,8,7
0,8,1,0,1,0,0,0,0,4,11,81,76,104,111,120,125,108,82,11,42,12,11,12
7,7,0,0,0,7,3,9,0,0,26,43,56,96,104,115,117,104,49,32,13,14,23,11
2,10,0,0,10,0,8,8,5,9,7,37,50,58,62,81,77,57,45,22,13,13,14,9
11,9,5,12,10,7,15,15,13,10,10,35,28,57,77,77,58,30,14,14,9,8,12,6
2,0,8,0,0,12,11,5,7,10,2,13,50,58,83,91,69,35,12,22,16,3,5,5
7,0,0,0,0,2,3,0,0,0,5,5,52,53,75,90,80,42,14,9,12,0,1,0
0,5,0,0,0,12,7,7,2,4,11,7,13,53,84,125,99,55,21,11,0,0,1,1
0,6,0,0,4,12,9,12,8,11,18,13,28,57,103,127,101,63,27,12,8,1,4,8
7,0,0,0,0,5,3,4,0,4,11,13,35,56,109,140,106,63,51,10,0,1,5,0
0,0,0,3,6,7,9,11,2,7,12,14,37,58,88,130,83,64,24,8,4,6,1,0
0,2,0,5,6,8,11,11,8,12,14,14,30,50,70,101,94,58,31,6,4,0,0,2
0,0,0,0,0,2,8,9,10,11,13,27,31,52,68,84,85,53,13,7,1,1,2,7
0,0,0,0,0,1,5,4,5,11,16,23,21,52,59,70,68,45,10,4,13,10,0,5
0,3,5,5,9,10,8,13,12,12,12,11,13,43,66,75,58,54,10,10,8,1,9,0
6,6,1,1,8,10,14,12,1,2,10,12,12,19,51,69,99,56,11,10,9,7,10,8
8,8,0,8,7,4,6,3,0,2,12,11,7,22,31,70,64,57,13,7,9,13,7,0
5,0,5,7,9,1,5,7,6,5,6,9,8,15,35,52,54,40,21,14,9,0,8,4
0,12,2,1,0,3,4,0,10,0,1,5,2,0,9,12,12,3,1,0,0,0,0,0
3,0,4,7,7,3,2,12,13,13,14,0,8,30,14,72,72,65,47,7,8,3,5,2
5,12,8,9,9,2,5,6,51,51,18,14,8,50,13,65,118,81,91,105,36,13,1,1
1,0,0,0,8,9,15,13,29,61,86,103,52,58,56,59,98,50,51,37,20,14,6,4
0,0,0,2,13,17,2,8,52,69,89,131,112,117,75,50,56,51,55,10,0,0,0,0
9,6,9,14,34,14,19,41,51,50,102,146,164,161,99,73,63,60,50,24,13,1,0,0
9,8,19,30,23,31,38,14,57,64,87,135,184,256,236,185,103,64,57,29,12,8,0,0
7,3,7,7,0,5,12,26,9,14,59,85,155,215,334,318,183,118,63,54,14,9,0,1
8,9,11,0,0,0,2,11,50,52,57,80,121,170,220,265,179,102,68,60,16,0,0,0
7,9,11,17,11,12,13,7,12,50,12,67,134,172,198,178,132,105,72,52,10,7,2,2
5,5,1,10,1,0,6,10,0,8,14,73,103,145,180,172,145,108,67,58,24,4,0,0
4,8,3,0,13,14,11,19,17,0,62,81,117,163,189,196,149,93,67,58,7,0,0,0
0,5,25,14,25,29,23,12,7,13,100,109,123,151,187,192,146,106,81,74,11,9,4,4
0,6,12,5,14,17,44,12,15,14,102,107,132,160,182,159,126,102,78,52,11,0,0,0
11,5,8,12,9,36,24,11,7,13,92,110,125,134,113,113,111,65,50,0,0,0,5,0
11,6,12,29,6,23,24,7,9,10,82,104,102,92,95,109,103,55,33,0,3,2,0,0
11,13,14,12,7,12,12,13,5,13,57,99,95,104,86,83,97,63,12,0,3,0,1,4
7,11,12,11,14,27,12,30,12,25,48,71,103,129,129,97,70,44,32,14,12,10,17,8
6,9,12,2,7,23,10,11,13,12,58,111,131,169,157,125,104,60,24,13,10,7,3,2
7,0,4,5,9,13,10,13,14,56,69,128,160,196,186,179,136,65,41,9,8,10,8,8
13,5,11,0,0,8,11,34,47,55,114,156,203,237,201,182,150,112,45,17,14,13,13,0
14,11,11,9,9,1,14,22,19,35,117,195,307,338,284,230,179,126,80,53,24,11,4,0
12,12,19,33,14,7,8,72,64,93,137,283,433,484,334,235,182,133,81,37,21,14,8,7
3,4,12,9,7,5,8,7,13,106,144,239,368,353,247,195,159,122,101,35,12,0,0,1
12,14,7,14,25,19,63,82,101,113,138,196,241,215,174,152,130,101,32,10,0,0,0,0
16,15,11,13,32,14,43,81,104,112,126,150,158,136,125,107,102,54,13,13,1,7,3,5
5,0,7,11,13,15,40,63,105,107,105,115,112,109,103,69,44,45,12,9,9,0,0,5
10,12,12,10,11,11,41,80,100,96,100,87,106,106,61,55,44,15,14,9,0,0,0,0
10,16,14,7,14,17,19,43,89,86,101,66,73,72,54,51,12,6,14,11,5,0,5,0
11,13,0,0,11,9,14,31,52,56,58,55,49,62,52,41,14,4,10,7,5,0,5,7
6,0,4,9,12,10,2,14,43,54,54,42,36,51,37,35,21,12,14,12,14,7,6,12
6,3,13,17,13,9,10,11,50,64,53,50,13,65,46,13,17,11,10,10,4,0,0,0
0,1,0,3,1,8,11,12,44,59,59,50,31,47,5,13,10,7,1,5,3,5,0,3
0,2,3,0,0,7,9,7,34,57,70,56,53,16,11,6,5,9,0,9,4,0,3,0
11,9,11,7,6,12,12,28,24,57,63,62,63,41,9,4,0,9,0,5,0,0,0,0
0,9,5,0,9,12,14,33,51,63,71,75,64,46,2,8,0,6,0,0,0,0,0,0
0,9,5,8,10,12,24,38,27,52,73,66,59,51,0,1,4,9,0,0,0,0,0,0
5,7,0,14,8,10,13,46,39,47,54,55,54,51,9,1,10,10,0,4,0,0,0,0
3,11,11,7,8,6,14,42,43,51,52,50,51,50,13,6,11,0,0,0,0,0,0,0
7,5,12,12,0,7,21,29,34,50,50,55,56,31,23,7,9,1,0,0,0,0,0,0
0,10,4,9,8,6,13,16,13,22,41,55,63,54,45,34,20,9,0,0,0,1,1,0
11,10,8,5,7,13,9,8,13,14,14,55,69,57,58,57,43,11,2,5,0,0,1,4
0,9,14,6,1,8,14,1,1,20,21,59,66,65,77,55,31,0,2,10,4,0,7,7
7,7,2,10,0,2,11,2,0,13,22,45,60,51,21,13,8,1,4,9,5,8,1,5

0,11,2,0,0,3,4,0,10,0,1,5,2,0,8,12,12,4,1,0,0,0,0,0
3,0,4,7,7,3,2,12,13,13,14,0,9,33,16,74,75,67,50,8,10,4,6,3
5,12,7,9,9,1,5,6,51,51,16,14,8,51,13,67,119,83,92,106,43,14,3,2
1,0,0,0,8,9,15,13,28,61,85,103,50,56,56,59,100,51,51,39,22,14,7,5
0,0,0,2,13,16,2,8,52,69,88,131,111,117,74,51,56,52,55,10,0,0,0,0
9,5,9,14,34,14,17,40,50,50,101,145,162,159,97,73,63,60,51,25,13,1,0,0
9,8,19,29,22,29,35,15,56,64,87,134,182,253,233,185,103,64,58,32,12,8,0,0
7,3,6,6,0,5,12,25,8,14,59,85,155,216,335,318,184,118,64,55,16,9,0,1
7,8,11,0,0,0,1,11,49,52,57,79,120,170,221,270,181,103,68,61,20,0,0,0
7,9,10,17,11,12,13,7,12,50,12,67,134,171,198,179,133,106,73,53,10,7,2,2
4,5,0,9,1,0,5,10,0,8,13,72,103,144,180,173,146,109,68,59,27,5,0,0
4,8,2,0,13,13,10,17,16,0,61,80,115,161,189,197,150,94,67,59,8,0,0,0
0,5,24,14,24,29,22,12,6,13,100,109,122,150,187,193,146,107,82,76,12,9,4,4
0,6,12,4,14,15,42,12,14,13,101,106,131,159,182,160,126,102,78,52,11,0,0,0
11,5,7,12,9,35,23,10,7,13,89,109,124,133,113,113,111,65,51,0,0,0,5,0
11,6,12,29,6,22,23,7,8,9,80,104,101,92,95,109,103,56,42,0,4,2,0,0
11,13,14,12,7,12,12,12,5,13,56,99,95,103,86,83,98,64,12,0,3,0,1,4
7,11,12,11,14,27,12,30,12,24,47,70,103,129,129,98,70,44,32,14,12,10,17,8
7,9,12,2,6,23,11,11,13,12,58,111,131,169,157,126,105,61,24,13,10,7,3,2
7,0,4,5,9,13,10,13,14,56,68,127,160,196,186,180,137,66,43,9,9,10,8,8
13,5,11,0,0,8,11,35,47,54,113,155,203,237,202,183,151,113,46,18,14,13,13,0
14,10,11,9,9,1,14,22,20,35,116,195,307,338,285,232,181,127,83,53,25,11,5,0
12,12,19,32,14,7,8,73,63,92,136,280,432,485,335,237,183,134,84,37,21,14,8,7
3,4,12,9,7,5,8,7,13,105,144,237,367,353,248,197,160,123,101,37,12,0,0,1
12,14,6,14,25,19,63,82,101,112,137,196,240,215,175,154,131,101,33,10,0,0,0,0
15,15,11,13,32,14,44,80,103,112,126,149,158,136,126,108,102,55,13,13,1,7,3,5
5,0,7,11,13,15,40,62,105,106,104,115,112,109,103,70,44,45,12,9,9,0,0,5
10,12,12,9,11,11,43,80,100,96,100,88,107,106,60,57,44,14,14,9,0,0,0,0
10,16,14,7,14,17,19,40,88,85,101,66,73,72,54,51,12,6,14,11,5,0,5,0
11,13,0,0,11,9,14,31,51,56,58,55,50,63,52,43,14,4,10,7,5,0,5,7
6,0,4,9,12,10,1,14,42,54,54,41,36,51,37,36,21,12,14,12,14,7,6,12
6,3,13,17,13,9,10,11,50,63,52,50,14,65,44,13,19,11,10,10,4,0,0,0
0,1,0,2,1,8,11,12,40,58,58,50,29,46,5,13,10,6,1,5,3,5,0,3
0,2,2,0,0,6,9,6,32,57,69,56,53,18,11,6,4,9,0,9,4,0,3,0
11,9,11,6,5,12,12,27,24,57,62,62,63,42,9,4,0,9,0,5,0,0,0,0
0,9,5,0,9,12,14,32,51,63,70,75,64,47,2,8,0,6,0,0,0,0,0,0
0,9,5,7,10,12,23,38,27,52,73,65,59,51,0,0,4,9,0,0,0,0,0,0
6,7,0,14,8,10,13,46,38,47,54,55,54,51,9,1,11,10,0,4,0,0,0,0
3,11,11,7,8,6,14,42,43,50,52,50,51,50,13,6,11,0,0,0,0,0,0,0
7,5,12,12,0,7,21,29,34,50,50,55,56,31,24,8,9,0,0,0,0,0,0,0
0,10,4,9,8,6,13,16,13,21,40,55,63,54,45,34,20,9,0,0,0,1,1,0
11,10,8,5,7,13,9,8,13,14,14,54,69,57,58,57,44,11,3,5,0,0,1,4
0,9,14,5,1,8,14,2,1,20,21,59,65,65,79,55,34,0,3,10,4,0,7,7
7,7,2,10,0,2,11,2,0,13,22,43,60,51,22,13,8,2,4,9,6,8,1,5

0,11,2,0,0,3,4,0,11,0,1,6,1,0,8,12,13,4,1,0,0,0,0,0
3,0,3,7,7,3,2,12,13,14,14,0,11,40,27,75,78,69,51,9,10,5,7,4
4,12,7,8,8,1,5,6,52,51,20,13,8,50,14,67,120,85,93,106,43,14,4,3
1,0,0,0,8,9,15,13,37,62,85,102,47,54,56,60,100,51,52,41,22,14,7,6
0,0,0,1,13,16,1,7,53,69,88,130,110,116,73,51,56,52,56,10,0,0,0,0
9,5,8,14,33,14,14,39,50,50,101,144,161,156,96,72,63,61,51,26,13,1,0,0
9,8,19,29,21,27,31,15,56,64,86,133,181,248,229,184,103,64,58,33,13,8,0,0
7,2,6,6,0,5,12,25,8,14,60,85,154,215,333,316,184,119,65,56,20,9,0,1
7,8,10,0,0,0,1,11,48,52,57,79,120,169,220,270,183,103,68,61,22,0,0,0
7,9,10,16,10,12,13,7,12,50,12,67,133,170,198,179,133,106,73,53,11,7,2,2
4,5,0,9,1,0,5,10,0,8,13,72,101,144,180,173,146,109,68,60,29,5,0,0
4,8,2,0,13,13,10,15,15,0,60,79,111,158,188,197,150,94,68,60,8,0,0,0
0,5,23,14,23,28,22,12,6,13,100,108,120,149,187,193,147,107,82,77,12,10,5,4
0,6,12,4,14,14,42,12,14,13,101,106,129,158,182,161,127,102,80,53,11,0,0,0
11,5,7,12,8,35,23,10,7,12,86,109,122,132,112,114,111,65,51,0,0,0,5,0
11,6,11,29,6,22,23,6,8,8,79,103,100,91,94,109,103,56,45,0,4,2,0,0
11,13,14,12,7,12,12,12,5,12,56,98,94,103,86,83,98,64,13,1,3,0,1,4
7,11,12,11,14,27,12,30,11,23,47,70,103,129,130,99,70,44,33,14,12,10,17,8
7,9,12,1,6,23,10,11,13,12,58,111,130,169,158,126,105,61,27,13,10,7,3,2
7,0,4,5,9,13,10,13,14,56,67,127,159,197,187,181,138,66,43,10,9,10,8,8
13,6,11,0,0,8,11,36,47,53,113,154,203,238,203,184,153,114,48,18,14,13,13,0
13,10,11,9,9,1,14,22,20,35,115,193,307,340,287,234,183,129,84,53,27,11,5,0
12,12,19,32,15,7,8,73,63,90,135,279,431,485,337,239,185,136,88,38,22,14,8,8
3,4,12,9,7,5,8,7,13,105,143,236,365,353,249,198,162,124,102,37,12,0,0,1
12,14,6,14,26,19,63,81,101,112,136,195,240,216,176,155,131,101,37,10,0,0,0,0
16,15,10,13,32,14,44,79,103,111,125,149,158,137,126,108,103,56,14,13,1,7,4,5
5,0,7,11,13,15,40,61,105,106,104,115,112,109,103,71,45,45,12,9,9,0,0,5
10,12,12,10,11,11,41,76,99,95,100,87,107,106,61,56,45,14,14,9,0,0,0,0
10,16,14,7,14,17,19,38,87,84,100,66,74,72,54,51,13,6,14,11,5,0,5,0
11,13,0,0,11,9,14,31,51,56,57,56,50,63,52,45,14,4,11,7,5,0,6,7
6,0,4,9,12,10,1,14,41,54,53,41,35,51,37,36,22,12,14,12,14,7,6,12
6,3,13,17,13,9,10,11,48,63,52,50,14,65,46,13,19,11,11,10,4,0,0,0
0,1,0,2,1,8,10,12,37,58,58,50,30,46,5,13,10,7,1,5,3,5,0,3
0,2,2,0,0,6,9,6,31,57,69,56,53,18,10,6,4,9,0,9,4,0,3,0
11,9,11,6,5,12,12,27,23,57,62,62,63,41,9,3,0,9,0,4,0,0,0,0
0,9,5,0,8,12,14,32,51,63,70,75,64,49,2,8,0,6,0,0,0,0,0,0
0,9,5,7,10,12,22,36,26,51,72,65,59,51,0,0,3,9,0,0,0,0,0,0
5,7,0,14,8,10,13,45,38,46,54,55,54,51,9,1,11,10,0,4,0,0,0,0
3,11,11,7,8,6,14,42,42,50,52,50,51,50,13,7,11,0,0,0,0,0,0,0
7,5,12,12,0,7,20,28,33,50,50,55,56,32,25,8,9,0,0,0,0,0,0,0
0,10,4,9,8,6,13,16,13,21,40,55,63,54,46,35,22,9,0,0,0,1,1,0
11,10,8,5,7,13,9,8,13,14,14,55,70,57,59,58,45,11,3,5,0,0,1,4
0,9,14,5,1,8,14,2,2,21,22,60,66,66,82,55,37,0,3,10,4,0,7,7
7,7,2,10,0,2,12,2,0,13,23,45,61,51,23,13,8,2,4,9,6,8,1,5

0,11,2,0,0,3,3,0,10,0,1,6,1,0,7,13,12,5,2,0,0,0,0,0
3,0,3,6,7,2,2,12,12,13,14,0,12,39,36,76,80,71,52,11,11,5,7,4
4,12,7,8,8,1,5,5,51,51,20,13,8,50,16,67,121,87,94,107,48,14,5,3
0,0,0,0,7,9,14,13,31,61,85,102,41,52,56,60,100,52,53,42,23,14,7,6
0,0,0,1,13,16,1,7,52,69,88,129,109,115,72,52,57,53,57,11,0,0,0,0
10,5,8,14,33,14,14,38,50,50,100,143,159,154,95,72,64,61,51,27,13,2,0,0
9,8,19,29,20,25,29,15,55,64,86,132,179,246,226,183,103,64,59,36,13,8,0,0
6,2,6,6,0,5,12,23,8,14,59,84,154,215,334,316,185,119,66,58,24,10,0,1
7,8,10,0,0,0,1,11,48,52,56,79,119,169,222,275,185,104,69,62,26,0,0,0
7,8,10,16,10,12,13,7,12,50,12,66,132,170,198,180,135,107,74,54,11,8,3,2
4,5,0,9,1,0,5,9,0,8,13,72,101,144,180,175,147,110,68,60,30,5,0,0
4,7,2,0,13,13,10,14,14,0,59,78,110,157,188,198,151,95,68,61,9,0,0,0
0,4,22,14,23,28,21,12,6,13,100,108,119,148,187,193,148,107,83,79,13,10,5,5
0,6,12,4,14,14,40,11,13,12,101,105,128,157,182,161,127,103,81,54,11,0,0,0
11,4,7,12,8,35,22,9,7,11,82,108,121,131,112,114,111,65,51,0,0,0,5,0
11,5,11,28,6,21,22,6,8,7,77,102,99,91,94,109,103,56,48,0,4,2,0,0
11,13,14,12,7,12,12,12,4,12,55,97,93,102,86,83,98,64,13,1,3,0,1,4
7,11,12,11,14,27,12,30,11,22,46,69,102,129,129,98,70,45,34,15,12,10,18,8
7,8,12,1,6,22,11,11,13,12,57,110,130,169,159,126,105,62,27,13,10,7,3,3
7,0,3,5,9,13,10,13,14,56,67,126,159,197,188,182,139,67,44,10,9,10,8,8
13,6,11,0,0,9,11,36,48,53,113,154,204,240,206,186,154,115,48,18,14,13,13,0
13,10,11,9,9,1,14,22,21,35,114,192,309,345,292,237,185,129,86,54,27,11,5,0
12,12,18,32,15,7,8,74,63,89,135,278,435,493,344,243,188,137,91,38,22,14,8,8
3,4,12,9,7,6,8,7,13,105,143,236,370,359,254,201,164,125,102,40,12,0,0,1
12,14,6,14,26,20,63,80,101,112,136,195,242,218,177,157,132,101,39,10,0,0,0,0
15,15,11,13,32,14,44,79,103,111,125,150,158,137,127,109,103,58,14,14,1,7,4,5
5,0,7,11,13,15,40,61,104,106,104,115,112,110,103,72,47,48,12,9,10,0,0,5
10,12,12,10,11,11,41,75,97,95,100,87,107,106,61,56,45,14,14,9,0,0,0,0
10,16,14,7,14,18,20,36,85,83,100,65,74,73,54,51,13,6,14,11,6,0,5,0
11,13,0,0,11,9,14,30,50,55,57,55,50,63,52,45,14,4,11,7,5,0,5,7
6,0,4,9,12,10,0,14,40,53,53,41,36,51,37,36,22,12,14,12,14,7,6,12
6,3,13,17,12,9,10,11,45,62,52,50,14,66,47,14,20,11,10,10,4,0,0,0
0,1,0,2,1,8,10,12,32,57,58,50,30,46,5,12,10,7,1,5,3,5,0,3
0,2,2,0,0,6,8,6,30,56,68,56,53,18,10,7,5,9,0,9,4,0,3,0
11,9,10,5,5,12,12,25,23,56,62,61,63,41,9,4,0,9,0,5,0,0,0,0
0,9,5,0,8,11,14,31,51,62,69,74,64,47,2,8,0,5,0,0,0,0,0,0
0,9,5,7,10,12,22,36,26,51,72,65,59,51,0,0,2,9,0,0,0,0,0,0
5,7,0,14,8,10,13,44,37,46,53,55,54,50,9,1,11,10,0,3,0,0,0,0
3,11,11,7,8,6,14,41,40,50,52,50,51,50,13,7,11,0,0,0,0,0,0,0
7,5,12,12,0,7,20,28,32,48,50,55,56,32,25,8,9,0,0,0,0,0,0,0
0,10,4,9,8,6,13,16,13,21,38,55,63,54,48,35,22,9,0,0,0,1,1,0
11,10,8,5,7,13,9,7,12,14,14,54,69,57,59,58,46,11,4,5,0,0,1,4
0,9,14,5,1,8,14,2,2,21,22,60,66,66,82,55,38,0,3,10,4,0,7,7
7,7,2,10,0,2,12,2,0,13,23,43,61,51,22,13,8,2,4,9,6,8,1,5

0,11,2,0,0,3,3,0,10,0,1,6,1,0,7,13,13,5,3,0,0,0,0,0
3,0,3,6,7,2,1,12,10,13,14,0,12,39,40,76,81,72,52,13,11,6,7,5
4,12,6,8,8,0,5,5,51,50,20,13,8,50,17,67,121,88,94,108,50,14,6,4
0,0,0,0,7,9,14,13,30,61,84,101,38,51,55,60,100,52,53,43,24,14,7,6
0,0,0,1,13,16,1,7,52,69,87,129,108,114,72,52,57,53,57,11,0,0,0,0
9,5,7,13,33,14,14,38,50,49,99,141,157,152,94,71,64,61,51,28,13,2,0,0
9,8,19,29,20,27,29,15,55,64,85,132,178,244,224,183,104,65,59,39,13,9,0,0
6,2,6,6,0,5,11,23,8,14,59,84,153,216,337,317,186,120,66,59,28,10,0,1
7,8,10,0,0,0,1,10,50,52,56,79,119,170,222,279,187,105,69,62,29,0,0,0
7,8,10,15,10,12,13,7,12,50,12,66,132,170,198,181,136,107,74,54,11,8,3,2
4,5,0,9,1,0,5,9,0,8,13,71,100,143,181,176,148,110,69,61,32,6,0,0
4,7,2,0,12,13,10,14,14,0,58,77,109,157,188,198,152,95,68,62,9,0,0,0
0,4,22,14,22,27,20,11,6,12,100,108,118,148,187,194,148,107,84,80,13,10,5,5
0,6,12,4,14,14,38,11,13,12,101,105,128,156,182,162,127,103,81,54,12,0,0,0
10,4,7,12,8,34,21,8,7,11,80,107,120,130,111,114,112,65,51,0,0,0,6,0
11,5,11,28,6,21,20,5,7,7,76,102,98,90,94,110,103,56,50,0,4,2,0,0
11,13,14,12,7,12,12,12,4,11,55,96,93,102,86,83,98,65,13,1,4,0,1,5
7,11,12,11,14,27,12,30,11,22,45,69,101,129,130,99,70,45,34,15,12,10,18,8
7,8,11,1,5,22,10,10,13,12,57,109,130,170,159,127,105,62,27,13,10,7,3,3
7,0,3,5,8,13,10,13,14,56,66,126,159,197,189,183,140,67,45,10,9,11,8,8
13,6,11,0,0,9,11,38,49,53,113,153,202,239,205,187,155,116,50,19,15,13,13,0
13,10,10,9,9,1,14,22,21,35,114,191,307,342,290,237,186,130,87,54,27,11,5,0
12,12,19,32,17,7,8,75,62,88,134,277,433,489,341,242,188,137,94,39,22,14,9,8
3,4,12,9,7,6,9,7,13,104,142,234,367,357,252,201,165,125,102,39,13,0,0,1
12,14,6,14,26,20,64,80,101,111,136,194,241,218,178,158,133,101,39,10,0,0,0,0
15,15,10,13,32,14,43,80,103,111,125,149,158,137,127,109,103,58,14,13,1,7,4,5
5,0,7,11,13,15,40,61,104,106,104,115,112,110,103,71,48,47,12,9,10,0,0,5
10,12,12,10,11,11,43,75,97,95,100,87,107,106,62,55,47,14,14,9,0,0,0,0
10,16,14,7,14,17,20,36,86,83,100,66,74,73,54,51,13,6,14,11,6,0,5,0
11,13,0,0,11,9,14,30,50,55,57,56,50,63,52,45,14,4,11,7,5,0,6,7
6,0,4,9,12,10,0,13,41,53,53,41,36,51,37,36,22,12,14,12,14,7,6,12
6,3,13,16,12,9,10,11,46,62,52,50,14,65,46,14,19,11,10,10,4,0,0,0
0,1,0,2,1,8,10,12,33,58,58,51,31,47,5,12,10,7,1,5,3,5,0,3
0,2,2,0,0,6,8,6,29,56,68,56,53,18,10,6,4,9,0,9,4,0,3,0
11,9,10,5,5,12,12,25,23,56,62,61,63,42,9,3,0,9,0,5,0,0,0,0
0,9,5,0,8,12,14,32,51,62,70,74,64,49,2,8,0,6,0,0,0,0,0,0
0,9,5,7,10,12,22,36,26,51,71,65,59,51,0,0,2,9,0,0,0,0,0,0
5,7,0,14,8,10,13,45,36,46,54,55,54,51,9,1,11,10,0,3,0,0,0,0
3,11,11,7,8,6,14,41,41,50,51,50,51,50,13,7,11,0,0,0,0,0,0,0
7,5,12,12,0,7,21,28,32,50,50,55,56,32,26,9,9,0,0,0,0,0,0,0
0,10,4,9,8,6,13,16,13,21,39,55,63,54,48,35,23,9,0,0,0,1,0,0
11,10,8,5,7,13,9,7,12,14,14,54,69,57,59,58,46,12,4,5,0,0,1,4
0,9,14,5,1,8,14,2,2,21,23,59,66,66,83,55,40,0,3,10,4,0,7,7
7,7,2,10,0,2,11,3,0,13,23,43,61,51,23,13,7,3,4,9,6,8,1,5

0,11,2,0,0,3,3,0,10,0,0,6,1,0,7,13,13,6,3,0,1,0,0,0
3,0,3,6,7,1,1,12,9,13,14,0,11,40,41,77,82,73,52,14,12,6,8,5
4,12,6,8,7,0,5,5,51,50,17,13,8,50,20,68,121,89,92,109,50,14,6,4
0,0,0,0,7,9,14,13,28,60,83,101,33,50,55,61,100,53,54,43,24,15,8,6
0,0,0,0,13,16,1,7,52,68,87,128,107,114,71,52,57,53,57,11,1,0,0,0
9,4,7,13,33,13,14,37,50,49,98,140,156,151,93,70,64,61,52,29,13,2,0,0
9,8,19,28,18,24,24,14,55,63,85,130,177,243,222,183,104,65,59,39,13,9,0,0
6,2,6,6,0,6,11,23,8,14,59,84,153,216,338,318,186,120,66,60,30,10,0,1
7,8,10,0,0,0,0,10,50,52,56,78,119,170,223,282,189,106,69,63,32,0,0,0
7,8,10,15,10,12,13,7,12,50,12,65,131,169,198,181,137,108,75,55,12,8,3,3
4,4,0,8,1,0,5,9,0,8,13,70,100,143,181,176,148,111,69,61,33,6,0,0
3,7,2,0,12,13,10,14,14,0,58,76,108,156,188,198,152,96,68,62,10,0,0,0
0,4,21,13,22,26,20,11,5,12,98,107,117,147,186,194,148,107,84,82,13,10,5,5
0,5,12,4,14,14,37,11,13,12,100,104,127,155,181,161,128,103,81,55,12,0,0,0
10,4,6,12,8,35,20,7,7,11,78,107,119,129,111,114,112,65,51,0,0,0,6,0
11,5,11,27,6,20,19,5,7,6,74,101,97,90,94,110,103,56,50,0,4,3,0,0
10,13,14,12,7,12,12,11,4,11,54,96,93,102,86,84,98,65,14,2,4,0,1,5
7,10,12,10,14,27,12,29,11,21,45,69,101,129,130,99,70,45,34,16,12,10,18,9
7,8,11,0,4,20,10,10,13,11,57,109,130,170,160,127,105,62,31,14,11,7,3,3
8,3,0,4,8,12,9,13,14,55,65,126,159,198,190,184,140,68,45,11,9,10,8,8
13,8,13,0,0,9,10,36,48,52,112,153,202,240,207,188,157,116,50,19,15,13,13,0
13,10,10,8,9,1,13,22,21,34,114,191,306,342,292,239,188,131,89,55,27,11,5,0
12,12,18,31,18,7,8,75,63,87,134,275,433,491,343,244,190,138,98,39,22,14,9,8
3,4,12,10,7,6,9,8,13,104,142,233,367,358,254,202,166,126,103,40,13,0,0,2
12,14,6,14,26,20,63,79,101,111,135,194,241,218,179,159,133,102,41,10,0,0,0,0
15,15,10,13,31,14,44,80,103,110,124,149,158,137,128,109,103,59,14,14,2,7,4,5
5,0,7,11,13,15,40,62,104,106,104,115,112,110,103,72,48,48,12,9,10,0,0,5
10,12,12,10,11,11,40,75,97,94,100,87,107,107,62,56,46,14,14,9,0,0,0,0
10,16,14,7,14,17,20,36,85,83,100,66,74,73,54,51,13,6,14,11,6,0,5,0
11,13,0,0,11,8,14,30,50,55,57,56,50,63,52,46,14,4,11,7,5,1,6,7
6,0,4,9,12,10,0,13,40,53,53,41,36,51,37,36,22,12,14,12,14,7,6,12
6,3,13,16,12,9,10,11,43,61,52,50,14,65,46,14,19,11,10,10,4,0,0,0
0,1,0,2,1,8,10,12,30,57,57,51,32,46,4,12,10,6,1,5,3,5,0,3
0,2,2,0,0,6,8,6,28,56,68,56,53,18,10,7,4,9,0,9,5,0,3,0
11,9,10,5,5,12,12,24,23,56,62,61,63,41,9,3,0,9,0,4,0,0,0,0
0,9,5,0,8,11,14,32,51,62,69,74,64,50,2,8,0,5,0,0,0,0,0,0
0,9,5,7,10,12,21,35,26,51,71,65,59,51,0,0,2,9,0,0,0,0,0,0
5,7,0,14,8,10,13,44,35,46,53,55,54,51,9,1,11,10,0,3,0,0,0,0
3,11,11,7,8,6,14,39,40,50,51,50,51,50,13,7,11,0,0,0,0,0,0,0
7,5,12,12,0,7,20,28,32,50,50,55,56,32,26,9,10,0,0,0,0,0,0,0
0,9,4,9,8,6,13,16,13,17,38,55,63,54,49,35,23,9,0,0,0,1,0,0
11,10,8,5,7,13,9,7,12,14,14,55,69,57,59,58,47,12,4,5,0,0,1,4
0,9,14,5,1,8,14,2,2,21,23,59,65,66,85,55,39,1,3,10,5,0,7,7
7,7,2,10,0,2,12,2,0,13,22,43,61,51,23,13,7,3,4,9,6,8,1,5

0,11,1,0,0,3,3,0,10,0,0,6,1,0,7,13,13,6,3,0,1,0,0,0
3,0,3,6,6,1,1,12,8,13,14,0,12,40,42,77,83,74,53,14,12,7,8,5
4,12,6,7,7,0,5,5,50,50,15,13,8,50,22,68,121,90,92,109,50,14,7,4
0,0,0,0,7,9,14,12,27,60,83,101,32,51,56,61,100,53,54,44,25,17,8,6
0,0,0,0,13,16,0,7,52,68,86,128,107,113,71,52,58,53,58,11,3,0,0,0
10,4,7,13,33,13,13,37,49,48,97,139,155,150,92,70,64,62,52,30,13,3,0,0
9,8,19,28,17,23,23,14,54,63,85,130,176,242,222,183,104,65,59,40,13,9,0,0
6,2,6,6,0,6,11,22,8,14,59,84,153,217,339,319,187,120,67,61,34,10,0,1
7,8,10,0,0,0,0,10,50,52,56,78,118,169,223,283,190,107,70,63,35,0,0,0
7,8,10,15,10,12,13,6,11,50,12,65,131,169,198,182,138,109,75,55,12,9,4,3
4,4,0,8,1,0,5,9,0,8,12,70,99,143,181,177,149,111,69,62,35,6,0,0
3,7,1,0,12,12,10,14,14,0,57,75,107,155,187,198,153,96,68,63,11,0,0,0
0,4,20,13,21,26,19,11,5,12,96,107,116,147,185,193,148,108,84,82,14,10,6,5
0,5,12,4,14,14,34,11,12,12,100,104,126,154,181,161,128,103,82,55,12,0,0,0
10,3,6,12,8,32,20,7,6,10,78,107,119,129,110,114,112,66,51,0,0,0,6,0
10,5,11,27,6,19,18,4,7,6,75,101,97,89,94,110,103,56,51,0,5,3,0,0
10,13,14,12,7,12,12,11,4,11,54,96,92,102,86,84,98,66,14,2,4,0,1,5
7,10,11,10,14,27,12,29,11,20,45,68,101,129,131,100,71,45,34,16,12,10,18,9
7,7,11,0,4,20,10,10,12,12,57,109,130,171,161,128,106,62,31,14,11,7,3,3
9,4,0,4,8,12,9,13,14,55,65,126,159,198,191,185,141,68,45,11,9,10,8,8
13,9,13,0,0,9,11,36,49,53,113,153,202,240,207,189,157,117,51,20,15,13,13,0
13,10,10,8,9,1,13,23,22,34,114,191,306,343,292,240,189,132,91,55,29,11,5,0
12,12,18,31,20,8,8,75,63,87,134,277,433,490,344,245,191,139,99,39,23,14,9,8
3,4,12,10,7,6,9,8,13,104,142,233,366,358,256,204,167,126,103,40,13,0,0,2
12,14,6,13,26,20,63,80,101,111,135,194,241,219,179,160,133,102,41,10,0,0,0,0
15,14,10,13,32,14,44,80,103,110,124,149,158,138,128,109,103,59,14,14,2,7,4,5
5,0,7,11,13,14,40,61,104,106,104,115,112,110,104,73,50,47,12,9,10,0,0,6
10,12,12,10,11,11,40,73,95,93,100,87,107,107,63,55,47,14,14,9,0,0,0,0
10,16,14,7,14,17,20,33,85,83,100,66,75,73,54,51,14,6,14,11,6,0,5,0
11,13,0,0,11,8,14,29,49,55,57,56,50,64,52,48,15,4,11,7,5,1,6,7
6,0,4,9,12,10,0,13,39,52,53,41,36,51,38,36,22,12,14,12,14,7,6,12
6,3,13,16,12,9,10,11,39,61,52,50,14,66,46,14,20,11,11,10,4,0,0,0
0,0,0,2,1,8,10,12,25,57,58,51,32,44,4,12,10,7,1,5,3,5,0,3
0,2,2,0,0,6,8,6,27,56,68,56,53,19,10,7,4,9,0,9,5,0,3,0
11,9,10,5,5,12,12,24,23,56,61,61,63,43,9,3,0,9,0,4,0,0,0,0
0,9,5,0,8,11,14,32,50,62,69,74,64,50,2,8,0,5,0,0,0,0,0,0
0,9,5,7,10,12,21,36,26,51,71,65,59,51,0,0,1,9,0,0,0,0,0,0
5,7,0,14,8,10,13,43,35,45,53,55,54,51,9,2,12,10,0,3,0,0,0,0
3,11,11,7,8,6,14,40,39,50,51,50,51,50,13,7,11,0,0,0,0,0,0,0
7,5,12,12,0,7,20,28,32,50,50,55,56,32,27,10,10,0,0,0,0,0,0,0
0,10,4,9,8,5,13,16,13,20,37,55,63,54,49,36,24,9,0,0,0,1,0,0
11,10,8,5,7,13,9,7,13,14,14,55,69,57,60,58,47,12,4,5,0,0,0,4
0,9,14,5,1,8,14,2,2,21,23,60,66,67,86,56,40,2,3,11,4,0,7,7
7,7,2,10,0,2,12,3,0,13,23,43,61,51,24,13,7,3,4,9,6,8,1,5

0,11,1,0,0,3,3,0,10,0,0,6,1,0,7,13,13,6,4,0,2,0,0,0
2,0,3,5,6,1,1,11,7,13,13,0,12,39,45,78,85,75,53,18,12,7,9,5
3,12,5,7,7,0,5,5,50,47,16,13,8,50,27,68,122,91,92,110,50,14,7,5
0,0,0,0,7,9,14,12,26,60,83,101,30,48,56,61,100,53,55,44,26,18,8,6
0,0,0,0,13,16,0,6,52,68,86,127,106,113,70,53,58,53,58,11,3,0,0,0
10,4,6,13,33,13,13,36,49,48,97,138,155,149,92,70,64,62,52,31,14,3,0,0
9,7,18,28,16,23,20,14,54,63,85,130,176,241,222,183,104,65,60,41,13,9,0,0
6,2,6,5,0,6,11,22,8,14,59,83,153,217,340,320,187,121,67,61,36,10,0,1
7,8,10,0,0,0,0,10,50,52,56,78,118,170,224,285,191,107,70,64,36,0,0,0
7,8,9,15,10,12,13,7,11,50,12,65,131,170,198,182,138,109,75,55,12,9,4,3
4,4,0,8,0,0,5,8,0,8,12,70,99,143,180,176,149,111,69,62,35,7,0,0
3,7,1,0,12,12,10,13,14,0,57,75,106,153,185,197,152,96,69,63,11,0,0,0
0,4,20,13,20,26,18,11,5,12,94,107,115,146,184,192,148,108,84,84,14,11,6,5
0,5,12,4,14,13,33,11,12,12,100,104,127,154,180,161,128,103,82,55,12,0,0,0
10,3,5,12,8,32,19,7,6,10,79,107,120,130,111,114,112,66,51,0,0,0,6,0
10,5,11,27,6,18,16,4,6,6,75,101,97,90,94,110,104,56,52,0,5,3,0,1
10,13,14,12,7,12,12,11,4,11,55,95,93,102,86,84,100,66,14,3,4,0,2,5
7,10,11,10,14,27,12,29,11,21,45,69,101,129,131,100,72,45,34,17,12,10,19,9
7,8,11,0,4,19,10,10,12,11,57,109,129,170,161,128,106,62,33,14,11,7,4,3
10,4,0,4,8,12,9,13,14,55,65,125,158,197,190,185,142,69,46,11,9,10,8,8
13,10,14,0,0,9,11,36,48,51,112,151,200,239,207,189,159,118,51,20,15,14,13,0
13,10,10,8,9,1,13,23,22,34,113,189,304,342,292,240,190,133,92,56,28,12,6,0
12,12,17,31,22,8,8,75,62,85,133,272,431,489,344,245,192,140,100,39,23,14,9,8
3,4,12,10,7,6,9,8,13,104,141,231,364,357,256,204,168,127,103,40,13,0,0,2
12,14,6,13,26,20,64,79,101,111,134,194,240,219,180,160,134,102,45,10,0,0,0,0
16,14,10,13,32,14,44,80,103,110,124,149,158,138,128,110,104,58,14,14,2,7,4,5
5,0,7,11,13,14,38,61,104,106,104,115,112,110,104,73,50,48,12,9,10,0,0,6
10,12,12,10,11,10,40,73,95,93,99,87,107,107,62,54,48,14,14,9,0,0,0,0
10,16,14,7,14,16,19,33,84,82,100,66,75,74,54,51,14,7,14,11,6,0,5,0
11,13,0,0,11,8,14,29,49,55,57,56,50,64,52,48,15,4,11,7,5,1,6,7
6,0,4,9,12,10,0,13,38,52,53,41,36,51,38,36,22,12,14,12,14,7,6,12
6,3,13,16,12,9,10,11,37,61,52,50,14,67,46,14,22,11,11,10,4,0,0,0
0,0,0,2,1,8,10,12,22,57,58,51,32,44,4,12,10,7,1,5,3,4,0,3
0,1,2,0,0,6,8,6,25,56,68,56,53,20,10,7,4,9,0,8,5,0,3,0
11,9,10,5,5,12,12,24,22,56,61,61,63,43,9,3,0,9,0,4,0,0,0,0
0,9,5,0,8,11,14,31,50,61,69,74,64,50,2,7,0,5,0,0,0,0,0,0
0,9,5,7,10,12,21,36,26,50,71,65,59,51,0,0,1,9,0,0,0,0,0,0
5,7,0,14,8,10,13,43,35,45,53,55,54,51,9,2,12,10,0,3,0,0,0,0
3,11,11,7,8,6,14,40,40,50,52,50,51,50,14,7,11,0,0,0,0,0,0,0
7,5,12,12,0,7,20,28,32,50,50,55,56,33,28,10,10,0,0,0,0,0,0,0
0,10,4,9,8,5,13,16,13,21,39,55,63,54,50,36,26,9,0,0,0,1,0,0
11,10,8,5,7,13,9,7,13,14,14,55,70,57,60,59,48,12,5,5,0,0,0,3
0,9,14,5,1,8,14,2,2,21,24,60,66,67,88,56,44,3,3,11,5,0,7,8
7,8,2,10,0,2,12,2,0,13,21,45,61,51,25,13,8,3,4,9,6,8,1,5

0,11,1,0,0,3,3,0,10,0,0,6,2,0,8,13,13,6,4,0,2,0,0,0
2,0,2,5,6,0,0,11,8,13,13,0,12,40,45,78,86,76,53,22,13,8,9,6
3,11,5,7,7,0,5,5,50,48,15,13,8,50,30,68,122,91,92,110,50,14,8,5
0,0,0,0,7,9,13,12,25,60,82,101,29,48,56,61,100,53,55,45,26,19,9,6
0,0,0,0,13,16,0,6,52,68,86,127,106,113,70,53,58,53,59,12,4,0,0,0
10,4,6,13,33,13,13,36,49,48,97,138,154,148,92,70,64,62,52,31,14,3,0,0
8,7,18,27,16,23,19,14,54,63,85,129,175,240,222,184,104,65,60,42,13,10,0,0
6,2,6,5,0,6,11,21,8,13,59,83,153,217,340,320,188,121,68,62,37,10,0,1
7,7,10,0,0,0,0,10,50,52,56,78,118,170,225,285,192,108,70,64,38,0,0,0
7,8,9,14,10,12,12,6,11,50,12,65,131,170,198,183,138,110,76,55,12,9,4,3
4,4,0,8,0,0,4,8,0,8,12,70,99,143,180,175,148,112,70,62,35,7,0,0
3,7,1,0,12,12,10,13,14,0,56,74,105,151,184,196,152,96,69,64,11,0,0,0
0,4,19,13,20,25,18,11,5,11,93,106,114,145,183,192,148,108,85,84,14,10,6,5
0,5,12,3,14,13,30,11,12,12,100,104,126,154,180,161,128,103,82,56,12,0,0,0
10,3,5,12,8,32,19,7,6,10,78,107,120,130,112,114,112,66,51,0,0,0,6,0
10,5,11,27,6,18,15,4,6,6,75,102,97,90,94,110,104,56,52,0,5,3,0,1
10,13,14,11,7,12,12,10,3,11,55,96,92,103,86,84,100,67,14,3,4,0,2,5
7,9,11,10,14,27,12,29,10,21,45,68,101,130,131,100,72,46,34,17,13,10,19,9
7,8,11,0,4,19,10,10,12,11,57,109,129,170,160,128,106,62,33,14,11,7,4,3
10,3,0,4,8,11,9,13,14,54,64,125,157,197,190,186,142,69,48,11,9,11,8,8
13,10,14,0,0,9,11,36,49,51,112,151,200,239,207,190,160,118,51,21,15,14,13,0
13,10,10,8,9,1,13,23,23,34,112,189,304,341,292,240,191,134,94,56,28,12,5,0
11,12,17,31,22,8,8,75,62,83,133,271,430,488,343,246,193,141,101,40,23,14,9,8
3,3,12,10,7,6,9,8,13,104,140,229,361,355,256,205,169,127,104,41,13,0,0,2
12,13,6,13,26,20,63,79,101,110,134,193,239,219,180,161,135,102,45,11,0,0,0,0
15,14,10,13,31,14,42,79,102,110,123,148,158,138,129,110,103,56,14,14,2,7,4,5
5,0,7,11,13,14,38,60,104,106,104,115,112,110,104,74,50,47,13,9,10,0,0,6
10,12,12,9,11,10,40,75,93,94,100,87,107,107,64,54,49,14,14,9,0,0,0,0
10,16,14,7,13,16,21,32,82,82,100,66,76,74,54,52,14,7,14,11,6,0,5,0
11,13,0,0,11,8,14,29,48,55,57,56,50,64,52,48,14,4,11,7,5,1,6,7
6,0,4,9,12,10,0,13,37,52,53,41,36,51,38,36,22,12,14,12,14,7,6,12
6,3,13,16,12,9,10,11,33,60,52,50,14,66,46,14,20,11,11,10,4,0,0,0
0,0,0,2,1,8,10,12,19,56,58,51,35,45,3,11,10,7,1,5,3,5,0,3
0,1,2,0,0,6,8,5,23,55,68,56,54,21,10,7,4,9,0,8,4,0,3,0
11,9,10,5,5,12,12,24,22,55,61,61,64,44,9,2,0,9,0,4,0,0,0,0
0,9,5,0,8,11,14,31,50,61,68,73,64,50,2,7,0,5,0,0,0,0,0,0
0,9,4,7,10,12,21,35,26,50,70,65,59,51,0,0,1,9,0,0,0,0,0,0
5,7,0,14,8,10,13,43,34,45,53,55,54,51,9,2,12,10,0,3,0,0,0,0
3,11,11,7,8,6,14,40,40,50,51,50,51,50,13,7,11,0,0,0,0,0,0,0
7,5,12,12,0,7,20,27,33,49,50,56,57,32,28,10,10,0,0,0,0,0,0,0
0,10,4,9,8,5,13,16,13,22,40,56,63,54,50,36,26,9,0,0,0,1,0,0
11,10,8,5,7,13,9,7,12,14,15,55,70,57,60,59,48,12,5,5,0,0,0,3
0,9,14,5,1,8,14,2,2,21,24,60,66,68,90,56,45,4,3,11,5,0,7,7
7,8,2,10,0,2,12,3,0,12,22,43,61,51,27,13,8,3,4,9,6,8,1,5

0,11,1,0,0,3,3,0,10,0,0,6,2,0,8,13,13,6,4,0,2,0,0,0
2,0,2,5,6,0,0,11,7,13,13,0,13,42,47,79,88,77,53,25,13,8,9,6
3,11,5,6,6,0,5,5,50,47,16,13,8,50,33,68,122,92,92,111,50,15,8,6
0,0,0,0,7,9,13,12,25,60,82,101,25,47,56,61,100,53,55,46,27,19,9,6
0,0,0,0,13,15,0,6,52,68,86,127,106,112,70,54,58,54,59,12,4,0,0,0
9,4,6,13,33,13,13,36,48,48,96,137,153,147,91,70,65,62,52,31,14,3,0,0
8,7,18,27,16,22,17,14,54,63,84,129,175,239,220,184,105,66,60,44,13,10,0,0
5,2,6,5,0,6,11,22,8,13,59,83,153,217,341,320,188,121,69,63,42,10,0,1
7,7,10,0,0,0,0,10,50,52,56,78,118,170,225,288,192,108,70,65,41,0,0,0
7,8,9,14,10,12,12,6,11,50,12,65,131,170,198,183,139,110,76,56,13,9,4,4
4,4,0,8,0,0,4,8,0,8,12,70,99,143,180,177,149,112,70,63,36,7,0,0
3,6,1,0,12,12,9,13,14,0,56,74,104,151,184,198,154,97,69,65,12,0,0,0
0,3,19,13,20,25,18,11,5,12,94,106,114,145,184,194,149,108,85,86,15,11,6,6
0,5,12,4,14,13,31,11,12,11,100,104,125,153,181,162,129,103,83,56,13,0,0,0
10,3,5,11,8,31,18,6,6,10,75,106,118,129,111,115,112,66,52,0,0,0,6,0
10,5,11,26,6,17,15,4,6,5,72,101,95,89,94,110,104,56,53,0,5,3,0,1
10,13,14,12,7,12,12,10,3,11,54,95,92,102,86,84,100,67,15,3,5,0,2,5
7,9,11,10,14,27,12,29,10,20,44,68,100,129,131,101,72,46,35,18,13,10,19,9
7,8,11,0,3,19,10,10,12,11,57,108,129,170,161,129,106,62,36,14,11,7,4,3
10,3,0,4,8,11,9,13,14,54,64,125,157,198,191,187,143,70,47,12,9,11,8,8
13,10,13,0,0,10,11,35,49,51,112,150,200,239,208,191,161,119,52,21,16,14,13,1
13,10,10,8,9,1,13,23,23,34,112,189,304,341,292,241,192,135,96,56,29,12,6,0
11,12,17,31,23,8,8,75,62,83,133,272,430,487,343,247,194,141,101,40,23,14,9,8
2,3,12,10,7,6,10,8,13,104,140,228,360,354,256,205,170,128,104,43,13,0,0,2
12,14,6,13,26,21,64,80,101,110,134,193,239,218,180,162,135,102,47,11,0,0,0,0
15,14,10,13,31,14,42,79,102,110,123,148,158,138,129,110,104,58,15,14,2,7,4,5
5,0,7,11,13,14,37,60,104,106,104,115,112,110,104,75,50,48,13,9,10,0,0,6
10,12,12,10,11,10,39,72,93,93,100,87,107,107,63,54,49,14,14,9,0,0,0,0
10,16,14,7,13,16,20,32,81,82,100,66,76,74,54,52,14,8,14,11,6,0,5,0
11,13,0,0,11,8,14,29,47,55,57,56,50,64,52,48,15,4,12,7,5,1,6,7
6,0,4,9,12,10,0,13,37,52,53,42,37,51,38,36,23,12,14,12,14,7,6,12
6,3,13,16,12,9,10,11,31,59,52,50,14,67,47,14,22,11,11,10,4,0,0,0
0,0,0,2,1,8,10,12,16,56,58,51,35,45,3,11,10,7,1,5,3,5,0,3
0,1,2,0,0,6,8,5,21,55,68,56,54,20,10,7,4,9,0,8,5,0,3,0
11,9,10,5,5,12,12,24,22,55,61,61,64,46,9,2,0,9,0,4,0,0,0,0
0,9,4,0,8,11,14,31,50,61,68,73,64,50,2,6,0,5,0,0,0,0,0,0
0,9,4,7,10,12,21,35,25,50,70,64,59,52,0,1,1,9,0,0,0,0,0,0
5,7,0,14,8,10,13,43,33,45,53,55,54,51,9,2,12,10,0,2,0,0,0,0
3,11,11,7,8,6,14,39,40,50,51,50,51,50,13,8,11,0,0,0,0,0,0,0
7,5,12,12,0,7,20,28,32,49,50,55,57,33,28,10,10,0,0,0,0,0,0,0
0,10,4,9,8,5,13,16,13,20,41,56,64,54,50,37,27,10,0,0,0,1,0,0
11,10,8,5,7,13,9,7,12,14,18,55,70,58,61,59,50,12,5,5,0,0,0,3
0,9,14,5,2,8,14,2,3,21,24,60,66,68,91,56,47,5,3,11,4,0,7,7
7,8,2,10,0,2,11,3,0,12,22,43,61,51,27,13,8,3,4,9,6,8,1,5

0,11,1,0,0,3,3,0,10,0,0,6,2,0,8,14,13,6,4,0,3,0,0,0
2,0,2,5,6,0,0,11,6,13,13,0,12,44,47,79,88,78,53,29,13,8,9,6
3,11,5,6,6,0,5,5,50,44,15,13,8,50,34,68,123,92,92,112,50,17,8,6
0,0,0,0,7,9,13,12,22,59,82,100,24,47,56,61,100,53,55,46,27,19,9,6
0,0,0,0,13,15,0,6,51,68,85,127,105,112,69,54,58,54,59,12,5,0,0,0
10,4,6,13,33,13,13,36,48,48,96,137,152,147,91,70,65,63,53,32,14,4,0,0
8,7,18,27,15,21,14,14,53,63,84,129,174,238,219,184,105,66,61,45,14,10,0,0
5,2,6,5,0,6,11,21,8,13,59,83,152,217,342,320,188,121,70,64,44,11,0,1
7,7,10,0,0,0,0,10,50,52,56,78,118,170,226,291,194,109,71,65,44,0,0,0
7,8,9,14,10,12,12,6,11,50,13,64,131,170,198,184,140,111,76,56,13,9,5,4
4,4,0,8,0,0,4,8,0,8,12,69,99,143,181,178,151,113,70,63,38,8,0,0
3,6,1,0,12,12,9,13,14,0,55,73,104,151,185,199,155,98,70,66,13,0,0,0
0,3,19,13,19,25,17,11,5,11,91,106,114,146,185,195,150,109,85,86,19,11,7,6
0,5,12,3,14,13,30,11,12,11,100,104,125,153,181,163,129,103,84,57,13,0,0,1
10,3,4,11,8,31,18,6,6,9,71,106,117,128,110,115,112,66,52,0,1,0,7,0
10,5,11,26,6,17,14,3,6,5,71,100,95,88,93,110,104,56,53,0,5,3,0,2
9,13,14,11,7,12,11,10,3,10,53,94,91,101,86,84,100,67,15,4,5,0,2,5
7,9,11,10,14,27,12,29,10,19,43,68,100,129,131,101,72,46,35,18,13,10,19,9
7,8,11,0,3,18,10,10,12,11,56,108,129,171,162,129,106,62,36,14,11,7,4,3
10,3,0,4,9,11,9,13,14,54,64,125,158,198,192,188,143,71,49,12,10,11,8,8
13,10,13,0,1,10,11,36,49,51,112,150,200,239,208,192,162,119,52,22,16,14,13,0
13,10,11,8,9,1,12,24,23,33,112,189,303,341,293,242,193,136,98,57,29,12,6,0
11,12,16,31,24,8,8,75,62,83,132,270,429,486,342,247,195,142,102,41,24,15,9,8
3,3,12,10,7,6,10,8,13,103,140,227,357,352,255,206,171,128,104,44,13,0,0,2
11,14,6,13,26,21,64,78,100,110,133,192,238,218,180,162,135,102,48,11,0,0,0,0
15,14,10,13,31,14,42,79,102,109,123,148,158,138,129,110,104,58,16,14,2,7,4,5
5,0,7,11,13,14,37,59,104,106,104,115,112,110,104,75,50,45,13,9,10,0,0,6
10,12,12,9,11,10,39,71,93,93,100,87,107,107,64,54,49,14,14,9,0,0,0,0
10,15,14,7,13,15,20,30,81,82,100,66,76,74,54,51,14,8,14,11,6,0,5,0
11,13,0,0,11,8,14,29,46,55,57,56,51,64,52,48,14,4,12,7,5,1,6,8
6,0,4,9,12,10,0,13,36,52,53,41,37,52,38,36,23,12,14,12,14,7,6,12
6,3,13,16,12,9,10,11,30,59,52,50,14,67,50,14,22,11,11,10,4,0,0,0
0,0,0,2,1,8,9,12,14,56,58,51,35,44,3,11,9,7,1,5,3,4,0,3
0,1,2,0,0,6,8,5,20,55,67,57,54,21,10,7,4,9,0,8,5,0,3,0
11,9,10,5,5,12,11,23,21,55,61,60,64,45,9,2,0,9,0,4,0,0,0,0
0,9,4,0,8,11,14,31,50,61,67,73,64,50,2,6,0,5,0,0,0,0,0,0
0,9,4,7,10,12,19,35,25,50,70,64,59,51,0,1,1,9,0,0,0,0,0,0
5,7,0,14,8,10,13,43,34,45,53,55,54,51,9,2,12,10,0,2,0,0,0,0
3,11,11,7,8,6,14,38,39,50,51,50,51,51,13,8,11,0,0,0,0,0,0,0
7,5,12,12,0,7,20,28,31,50,50,56,56,33,28,11,10,0,0,0,0,0,0,0
0,10,4,9,8,5,13,16,13,21,41,56,64,55,50,37,26,9,0,0,0,1,0,0
11,10,8,5,7,13,9,7,12,14,18,56,71,58,61,59,50,12,6,5,0,0,0,3
0,9,14,5,1,8,14,2,3,21,24,60,67,68,93,57,47,6,3,11,5,0,7,7
7,8,2,10,0,2,12,3,0,12,21,45,62,51,27,13,8,4,5,9,6,8,1,5

0,11,1,0,0,3,3,0,10,0,0,6,2,0,8,14,13,7,4,0,3,0,0,0
2,0,2,5,6,0,0,11,5,12,13,0,12,43,47,79,89,79,53,31,13,9,9,6
3,11,5,6,6,0,5,5,50,43,14,13,8,50,34,68,123,93,92,112,50,17,9,6
0,0,0,0,7,9,13,12,22,59,81,100,22,46,56,61,100,54,55,46,28,20,9,6
0,0,0,0,13,15,0,6,51,67,85,126,104,111,69,54,59,54,59,12,5,0,0,0
10,3,5,13,33,13,13,35,48,47,95,136,151,146,90,70,65,63,53,33,14,4,0,0
8,7,18,27,15,20,14,14,53,63,84,129,174,237,218,183,105,66,61,46,14,10,0,0
5,1,6,5,0,6,11,21,8,13,59,83,153,218,345,319,188,121,71,64,47,11,0,1
7,7,10,0,0,0,0,10,50,52,56,77,119,171,227,294,194,109,71,65,48,0,0,0
7,8,9,14,10,12,12,6,11,50,13,65,132,171,198,185,141,111,76,56,13,10,5,4
4,4,0,7,0,0,4,8,0,8,12,69,99,143,183,180,152,113,71,63,39,8,0,0
3,6,1,0,12,12,9,13,13,0,55,73,104,152,186,201,156,98,70,66,14,0,0,0
0,3,18,13,19,24,18,11,5,11,92,105,113,146,186,195,150,109,86,86,22,11,7,6
0,5,12,3,14,13,30,11,12,11,99,103,124,152,181,163,129,104,84,57,13,0,0,1
10,3,4,11,8,31,18,5,6,9,67,106,116,127,110,115,113,66,52,0,1,1,6,0
10,5,11,26,6,17,14,3,6,4,69,100,94,88,93,111,104,56,54,0,5,3,0,2
9,13,14,11,7,12,12,10,3,10,53,93,91,101,86,84,100,68,19,4,5,0,2,5
7,9,11,10,14,27,12,28,10,18,42,67,100,129,132,101,72,46,36,20,13,11,19,9
7,8,12,0,3,18,10,10,12,11,56,107,128,170,162,130,107,63,41,14,11,7,4,3
10,3,0,5,8,11,9,13,14,53,63,124,157,198,193,189,145,72,50,12,10,11,8,8
13,10,13,0,1,10,11,35,48,50,111,149,198,239,209,194,164,121,54,23,16,14,13,1
13,10,11,8,9,1,12,24,23,33,111,187,301,340,293,244,196,138,100,58,30,12,6,0
11,12,17,31,25,8,9,74,61,80,131,262,424,483,343,250,198,144,103,41,24,15,9,8
2,3,12,10,7,6,10,8,13,103,138,222,352,350,256,207,173,130,105,44,13,0,0,2
11,13,6,13,26,20,64,77,100,109,132,190,235,218,181,164,137,103,51,11,0,0,0,0
15,14,10,13,31,14,42,79,102,109,122,148,157,138,130,111,104,59,17,14,2,7,4,5
5,0,7,11,13,14,37,59,103,105,104,115,112,110,104,77,52,45,13,9,11,0,0,6
10,12,12,10,11,10,39,71,89,92,99,87,107,107,64,54,50,14,14,9,0,0,0,0
10,15,13,7,13,16,21,30,79,81,100,66,76,74,54,50,14,8,14,11,6,0,5,0
11,13,0,0,11,8,14,28,45,55,56,56,51,64,52,50,15,4,12,7,5,1,5,8
6,0,4,9,12,10,0,13,34,50,53,41,37,51,37,36,22,12,14,12,14,7,6,12
6,3,13,16,12,9,10,11,24,57,52,50,14,66,50,14,24,10,11,10,4,0,0,0
0,0,0,1,1,8,9,12,14,55,58,52,38,44,3,11,9,6,1,5,3,4,0,3
0,1,2,0,0,6,8,5,18,54,66,57,54,22,9,7,3,8,0,8,5,0,3,0
11,9,10,5,4,12,11,22,20,55,60,60,64,47,9,7,0,8,0,3,0,0,0,0
0,9,4,0,8,11,14,30,50,60,66,72,64,50,2,7,0,5,0,0,0,0,0,0
0,9,4,7,10,12,19,34,25,50,69,64,59,52,0,1,1,9,0,0,0,0,0,0
5,7,0,14,8,10,13,41,33,44,53,55,54,51,9,3,12,10,0,2,0,0,0,0
3,11,11,7,8,6,14,38,38,50,51,50,51,50,13,8,11,0,0,0,0,0,0,0
7,5,12,12,0,7,20,28,29,50,50,56,57,33,29,11,11,0,0,0,0,0,0,0
0,9,4,9,8,5,13,16,13,21,43,56,64,55,50,37,28,10,0,0,0,1,0,0
11,10,8,5,7,13,9,7,12,14,20,56,73,58,61,60,50,12,7,6,0,0,0,3
0,9,14,5,1,8,14,2,3,20,26,60,67,69,97,57,50,7,4,11,5,0,7,7
7,8,2,10,0,3,12,3,0,12,21,45,62,51,29,14,8,4,5,9,6,8,1,5

0,11,1,0,0,3,4,0,9,0,0,6,2,0,8,14,13,7,4,0,3,0,0,0
2,0,2,5,6,0,0,11,2,11,12,0,11,40,47,81,91,80,53,33,13,9,9,6
3,11,4,6,6,0,5,4,45,29,14,13,8,47,33,68,123,93,91,112,50,19,9,6
0,0,0,0,7,9,13,12,17,58,80,100,18,44,56,62,100,54,55,47,28,20,9,6
0,0,0,0,13,15,0,6,51,67,84,125,103,111,68,55,59,54,60,12,6,0,0,0
10,3,6,13,32,13,13,35,47,47,93,134,150,144,90,70,66,63,53,34,14,4,0,0
8,7,18,27,15,21,14,14,52,62,83,127,173,237,219,184,106,66,61,48,14,10,0,0
5,1,6,5,0,6,11,21,8,13,59,83,153,220,350,324,191,122,72,65,50,11,0,1
7,7,10,0,0,0,0,10,50,52,56,77,119,172,230,301,198,111,71,66,50,0,0,0
7,8,9,14,11,12,12,6,11,50,13,65,131,171,199,187,143,112,77,57,14,10,6,4
4,4,0,7,0,0,4,8,0,8,12,68,99,143,183,181,153,114,71,64,41,9,0,0
3,6,1,0,12,12,10,13,14,0,54,72,103,150,185,199,156,99,71,66,16,0,0,0
0,3,18,13,19,24,17,11,5,11,90,105,112,144,184,194,150,109,86,88,25,11,7,6
0,5,12,3,14,13,29,11,12,11,97,103,124,152,180,163,129,104,84,58,13,0,0,1
10,2,4,11,8,31,18,5,6,9,67,106,116,127,110,115,113,67,52,2,2,1,7,0
10,5,11,26,6,16,14,3,5,4,69,100,94,88,93,111,104,56,54,1,5,2,0,2
9,13,14,11,7,12,11,9,3,10,52,93,91,101,86,85,100,68,22,5,5,0,2,5
7,9,11,10,14,26,11,28,10,18,42,67,99,129,132,102,73,46,36,20,13,10,19,9
7,8,12,0,3,17,10,10,12,11,56,107,128,170,162,130,107,64,43,14,11,7,4,3
10,3,0,5,8,11,9,13,14,53,61,123,156,198,193,190,145,73,51,13,10,11,8,8
13,10,13,0,1,10,11,34,47,48,111,148,197,239,210,194,165,122,55,24,17,14,13,1
13,9,10,8,9,2,12,24,24,32,110,185,299,340,294,245,197,139,101,58,31,12,6,0
11,12,17,31,25,8,9,74,61,79,130,259,423,483,344,252,200,145,104,42,25,15,9,8
2,3,12,10,7,6,10,8,13,102,138,221,351,351,257,209,174,131,106,45,13,0,0,2
11,13,6,13,26,20,63,77,100,109,132,190,235,218,182,165,137,103,53,11,0,0,0,0
14,14,10,13,31,14,41,78,102,109,122,147,157,139,130,111,104,59,20,14,2,7,4,5
5,0,7,11,13,14,34,57,103,105,103,115,112,111,104,78,50,45,13,9,11,0,0,6
10,12,12,10,11,10,37,68,90,91,99,87,107,107,65,56,50,14,14,9,0,0,0,0
10,15,13,7,13,16,20,26,78,80,100,66,76,75,54,50,16,8,14,11,6,0,5,0
11,13,0,0,11,9,13,28,44,54,56,56,51,64,52,50,15,4,12,7,5,1,5,7
6,0,4,9,12,10,0,13,33,50,52,41,37,51,37,36,23,12,14,12,14,7,6,12
6,3,13,16,11,9,9,11,20,57,51,50,14,66,47,14,23,10,11,10,4,0,0,0
0,0,0,1,1,8,9,11,14,54,58,52,37,44,3,11,9,6,1,5,3,4,0,3
0,1,2,0,0,6,8,5,17,54,66,57,54,22,9,8,4,8,0,8,5,0,3,0
11,9,10,4,4,12,11,21,20,55,60,59,64,47,9,8,0,8,0,3,0,0,0,0
0,9,4,0,7,11,14,30,50,60,66,71,64,50,1,7,0,5,0,0,0,0,0,0
0,9,4,7,10,12,19,35,25,50,69,64,59,52,0,1,1,9,0,0,0,0,0,0
5,7,0,14,8,9,13,42,31,44,53,54,54,51,9,3,12,10,0,1,0,0,0,0
3,11,11,7,8,6,14,38,38,50,51,50,51,50,13,8,11,0,0,0,0,0,0,0
7,5,12,12,0,7,20,27,29,49,50,55,57,33,29,11,11,0,0,0,0,0,0,0
0,10,4,9,8,5,13,16,13,21,41,56,64,55,50,38,28,10,0,0,0,1,0,0
11,10,8,5,7,13,9,7,12,14,24,55,72,58,62,60,50,12,7,6,0,0,0,3
0,9,14,5,2,8,14,2,3,21,26,60,67,69,98,57,50,8,4,11,5,0,7,7
7,8,2,10,0,3,12,3,0,12,20,46,62,51,29,14,9,4,5,9,6,8,1,5

0,11,1,0,0,3,3,0,9,0,0,6,2,0,8,14,13,7,5,0,3,0,0,0
2,0,2,5,5,0,0,11,3,12,12,0,12,43,48,81,92,81,53,31,13,8,9,6
3,11,4,6,6,0,5,4,47,32,14,13,8,48,37,69,123,94,91,111,50,17,9,6
0,0,0,0,7,9,13,12,19,58,80,100,17,45,56,62,100,55,55,45,27,20,9,6
0,0,0,0,13,15,0,6,51,67,84,125,103,110,68,55,59,54,60,12,5,0,0,0
10,3,5,13,32,13,12,35,47,47,94,134,150,144,89,69,66,63,53,33,14,4,0,0
8,7,18,27,14,18,14,14,52,62,84,127,173,238,219,182,105,66,61,48,14,10,0,0
5,1,6,5,0,6,11,20,8,13,59,83,154,221,350,324,190,122,72,65,46,11,0,2
6,7,10,0,0,0,0,10,50,52,56,77,119,173,230,300,197,110,71,66,48,0,0,0
7,8,9,14,10,12,12,6,11,50,13,65,131,172,201,186,141,111,77,56,13,10,6,4
4,4,0,7,0,0,4,8,0,8,12,69,99,145,182,177,150,113,71,64,40,8,0,0
3,6,1,0,12,12,9,13,13,0,53,72,103,148,182,196,153,98,70,66,14,0,0,0
0,3,18,13,19,23,17,10,5,11,90,105,112,144,182,192,149,109,86,87,23,11,7,6
0,5,12,3,14,13,26,10,12,11,100,104,125,152,179,162,129,104,85,57,13,0,0,1
10,2,4,11,7,29,17,5,6,9,73,106,118,129,111,115,113,67,52,2,2,1,7,0
10,5,10,26,6,16,14,2,5,5,71,100,95,89,94,111,104,57,55,2,5,2,0,3
9,13,14,11,7,12,11,9,3,10,53,94,91,102,87,85,101,69,25,5,5,0,3,5
7,9,11,9,13,27,11,28,10,19,43,67,100,130,132,103,74,47,36,20,13,11,19,9
8,8,12,0,3,17,10,10,12,11,56,107,128,171,163,131,108,64,44,14,11,8,4,3
10,3,0,5,8,11,9,13,14,53,61,123,156,198,194,191,146,74,51,13,10,11,8,8
13,10,13,0,1,10,11,33,48,47,111,148,197,239,211,196,167,123,55,25,17,14,13,1
13,9,10,8,9,1,12,24,23,32,109,184,299,341,295,246,199,140,101,59,30,12,6,0
11,11,16,31,26,8,9,76,61,78,130,259,423,484,345,253,201,146,105,43,25,17,10,8
2,3,12,10,7,6,10,8,13,102,137,220,352,352,258,210,175,131,106,45,13,0,0,2
11,13,6,13,26,21,64,78,100,109,132,189,236,219,182,166,138,103,54,11,0,0,0,0
15,14,10,12,32,14,42,79,102,109,122,147,157,139,130,112,105,60,19,14,2,7,4,5
5,0,7,11,13,14,34,59,103,105,103,115,112,111,104,79,52,47,13,9,11,0,0,6
9,12,12,9,11,10,39,68,88,90,98,86,107,107,65,54,50,14,14,8,1,0,0,0
10,16,13,7,13,16,21,25,77,80,99,66,76,75,54,50,17,8,14,11,6,0,5,0
11,13,0,0,11,9,13,28,44,54,56,56,51,65,52,50,15,4,12,7,5,1,5,7
6,0,4,9,12,10,0,13,33,49,52,41,37,52,37,36,23,12,14,12,14,7,7,12
6,3,13,16,11,9,9,11,18,57,52,50,14,67,50,14,23,10,11,10,4,0,0,0
0,0,0,1,1,8,9,11,13,54,57,52,37,44,3,11,9,6,1,5,3,4,0,3
0,1,2,0,0,5,8,4,14,54,65,57,54,20,9,8,4,8,0,8,5,0,3,0
11,9,10,4,4,12,11,21,20,54,60,59,64,46,9,8,0,8,0,3,0,0,0,0
0,9,4,0,7,11,14,30,50,60,66,71,64,50,1,7,0,5,0,0,0,0,0,0
0,9,4,7,10,12,19,34,25,49,68,64,59,52,0,2,1,9,0,0,0,0,0,0
5,7,0,14,8,10,13,42,30,44,53,54,54,51,9,3,12,10,0,1,0,0,0,0
3,11,11,7,8,6,14,37,38,50,51,50,51,50,14,9,11,0,0,0,0,0,0,0
7,5,12,12,0,7,19,28,28,48,50,55,57,33,29,11,12,0,0,0,0,0,0,0
0,9,4,10,8,5,13,16,13,21,41,56,64,55,50,38,30,10,0,0,0,1,0,0
11,10,8,5,7,13,9,6,12,14,20,55,72,58,62,60,50,12,7,6,0,0,0,3
0,9,14,5,2,8,14,2,3,20,25,60,67,69,100,57,50,8,4,11,5,0,7,7
7,8,2,10,0,3,12,3,0,12,20,44,62,51,29,14,9,4,5,9,6,8,1,5

0,11,1,0,0,3,3,0,9,0,0,6,2,0,8,14,13,7,5,0,3,0,0,0
2,0,2,5,5,0,0,11,1,12,12,0,12,44,50,80,92,83,54,34,13,9,10,6
3,11,4,6,6,0,5,4,43,29,14,12,8,48,37,68,123,94,91,112,51,17,9,6
0,0,0,0,7,9,13,12,17,57,79,98,15,43,56,62,100,54,55,46,28,20,9,6
0,0,0,0,13,15,0,6,51,66,84,125,102,110,68,55,60,54,60,12,6,0,0,0
10,3,5,12,33,13,13,35,47,47,93,133,149,143,89,69,66,63,53,33,14,4,0,0
8,7,17,27,14,18,14,14,52,62,83,125,171,236,219,181,105,66,61,45,14,10,0,0
5,1,5,5,0,6,11,18,7,13,59,81,150,218,344,325,189,121,71,63,41,10,0,2
7,7,10,0,0,0,0,10,50,52,56,76,115,168,225,298,197,110,70,65,42,0,0,0
7,8,9,14,10,11,13,6,11,49,12,62,127,168,199,185,138,107,75,55,13,9,5,4
4,4,0,7,0,0,4,8,0,7,12,68,98,143,181,173,144,109,69,63,36,7,0,0
3,6,1,0,12,11,9,13,13,0,54,72,104,151,182,193,149,95,68,64,13,0,0,0
0,3,18,13,18,23,15,10,4,11,91,106,114,146,184,192,148,107,83,84,14,11,6,6
0,5,12,3,14,13,26,10,11,12,100,104,128,157,183,163,128,103,83,55,13,0,0,2
10,2,5,11,7,31,15,3,5,10,78,107,121,132,114,116,112,66,51,1,2,1,6,0
10,5,10,25,5,18,15,1,3,6,75,101,98,91,96,111,104,56,53,0,5,4,0,4
9,13,14,11,7,11,12,9,3,11,55,95,93,104,88,86,101,69,22,3,6,0,3,6
6,9,11,9,13,26,12,26,10,20,45,68,102,134,137,105,75,47,36,19,13,12,21,10
8,9,12,0,2,17,10,10,12,11,57,109,132,180,172,135,109,64,44,15,12,8,4,3
9,2,0,5,8,10,9,13,14,54,64,127,165,211,204,198,149,75,51,13,10,11,9,9
13,10,12,0,1,9,11,34,50,54,112,155,208,246,219,204,172,124,55,25,18,15,13,1
13,9,10,8,9,1,11,24,24,35,113,190,309,345,300,252,203,142,102,59,32,12,6,1
11,12,16,31,27,8,8,75,62,82,132,272,436,490,349,258,205,147,106,43,26,18,10,9
2,3,12,10,7,7,10,8,13,103,139,227,356,351,260,212,176,131,106,47,13,0,0,2
11,13,6,14,26,20,62,77,100,109,132,191,235,218,183,166,138,103,56,12,0,0,0,0
15,14,10,13,32,14,42,80,102,109,122,147,157,139,130,112,105,62,23,14,3,7,5,6
5,0,7,10,14,14,34,58,103,105,103,114,112,111,104,78,51,48,13,9,11,0,0,7
9,12,12,10,11,11,39,68,87,89,97,85,107,107,65,54,50,14,16,9,1,0,0,0
10,16,14,7,14,16,23,27,75,78,99,65,75,75,54,51,17,8,14,11,7,0,4,0
11,13,0,0,11,9,13,28,41,53,56,55,50,64,52,50,15,3,12,6,4,2,5,8
6,0,4,9,12,11,0,13,32,47,51,40,37,51,37,36,23,12,15,12,13,7,7,12
6,3,13,17,12,8,7,11,14,52,51,50,16,66,47,18,24,10,11,10,4,0,0,0
0,1,0,1,1,7,8,12,13,52,56,51,36,42,3,11,9,6,1,5,3,4,0,3
0,2,2,0,0,4,8,4,14,52,65,56,54,22,9,9,4,8,0,8,5,0,3,0
11,9,10,3,3,12,11,20,19,53,59,59,63,47,9,8,1,8,0,3,0,0,0,0
0,9,4,0,7,11,14,29,50,59,65,70,63,50,1,8,0,6,0,0,0,0,0,0
0,9,4,7,10,12,18,33,24,47,66,63,59,51,0,2,1,9,0,0,0,0,0,0
5,7,0,14,8,10,13,40,29,42,52,54,54,51,9,3,12,10,0,1,0,0,0,0
3,11,11,7,8,6,14,36,36,48,50,48,51,51,14,8,11,0,0,0,0,0,0,0
7,5,12,12,0,7,19,26,26,45,44,55,56,33,28,11,11,0,0,0,0,0,0,0
0,9,4,9,8,5,12,15,12,16,37,54,63,55,50,38,29,10,0,0,0,1,0,0
11,10,8,5,7,13,9,6,12,14,16,54,69,58,62,61,50,12,6,5,0,0,0,3
0,9,14,5,1,7,14,2,3,19,21,58,65,68,100,58,50,8,3,11,4,0,7,7
7,8,2,10,0,2,12,2,0,11,16,42,61,51,29,14,9,4,5,9,6,8,1,4
