1,0,0,0,0,0,0,3,9,12,13,5,6,8,0,2,0,8,6,0,0,3,8,0
6,0,0,0,0,6,3,21,62,76,105,77,53,8,4,0,3,0,0,0,4,0,7,7
2,0,0,0,0,8,7,58,85,119,130,112,104,8,8,1,10,5,0,2,1,0,8,4
0,0,0,0,0,0,5,61,73,110,113,102,69,14,12,5,11,11,14,6,4,0,0,0
0,0,0,0,2,4,0,0,56,75,65,12,14,0,32,13,10,14,22,14,6,7,9,7
0,0,4,10,11,41,59,74,152,186,154,135,96,57,36,42,38,12,9,26,25,11,4,4
5,2,7,8,14,50,70,122,199,293,301,246,205,140,88,62,57,62,65,76,59,14,2,0
4,0,0,0,12,61,95,133,154,230,218,215,171,149,152,131,94,104,108,98,75,12,10,2
0,1,0,0,8,67,87,130,158,168,139,166,153,135,138,158,176,157,208,121,56,41,11,3
3,5,11,5,2,58,104,125,160,143,120,57,64,82,100,110,119,126,112,100,58,13,14,7
0,8,13,9,2,58,97,123,165,167,134,89,72,55,14,40,11,53,64,14,36,9,10,6
0,0,0,0,38,69,79,149,184,181,162,104,71,58,9,13,5,3,17,4,11,10,0,0
0,0,0,4,52,74,108,139,173,183,164,132,105,100,46,5,0,0,0,0,0,0,0,3
0,0,0,10,53,96,121,143,169,191,177,133,106,50,2,0,9,6,0,0,0,0,0,0
0,6,5,23,19,55,102,137,138,142,147,129,110,77,1,0,0,0,2,0,0,0,6,4
2,0,9,9,44,92,68,121,136,114,102,89,93,72,0,5,4,7,6,0,0,6,3,0
10,6,11,11,58,105,106,119,108,97,104,74,83,50,9,6,9,7,0,0,4,1,9,0
11,15,25,32,47,55,91,107,141,131,130,93,65,50,23,30,18,8,9,3,3,10,9,7
0,4,13,13,56,105,127,138,172,167,153,121,65,53,8,6,0,5,2,4,4,5,6,10
8,12,32,38,61,110,129,161,263,240,217,136,104,56,12,14,36,12,6,6,2,2,2,5
4,8,14,29,48,87,152,182,286,244,304,192,118,101,61,16,11,11,13,0,4,10,9,7
8,7,11,53,83,132,191,231,287,339,352,302,181,103,44,22,14,11,9,8,6,3,3,7
3,9,29,49,97,131,178,248,315,393,402,251,159,127,102,42,20,5,1,5,9,0,0,2
1,0,9,57,87,119,160,197,228,296,326,226,176,149,125,107,81,12,10,7,6,10,7,0
10,13,7,14,63,103,129,149,164,172,192,197,176,153,135,123,102,14,10,12,10,1,4,5
7,5,9,13,44,79,104,114,126,132,142,158,149,139,137,126,109,76,11,6,9,9,11,7
3,8,5,13,11,29,52,81,101,107,119,116,118,113,117,116,105,87,14,14,4,3,3,4
8,10,9,10,21,13,56,53,61,79,104,110,101,104,105,105,104,96,54,10,9,3,12,9
3,3,9,13,11,51,52,45,52,52,54,55,62,78,91,101,102,78,36,29,10,11,1,9
5,8,12,6,12,13,16,17,45,24,37,47,44,52,49,51,52,50,20,13,12,8,7,3
11,10,11,11,13,14,23,32,44,43,38,35,36,42,52,49,53,51,47,10,6,2,4,6
0,8,5,9,9,13,14,23,51,55,41,7,26,50,64,64,77,62,36,16,8,0,3,1
10,0,10,0,9,12,13,14,52,51,31,8,13,51,58,72,105,101,46,20,10,2,8,7
0,4,8,0,4,9,14,38,50,35,12,0,0,14,60,81,85,73,62,33,10,2,11,10
0,0,6,0,0,3,10,13,30,19,8,6,5,3,56,62,84,72,65,39,12,0,12,10
0,2,0,0,0,1,9,15,26,19,0,0,7,10,45,60,56,57,57,14,11,0,10,0
0,0,0,0,0,0,14,11,13,12,9,0,10,30,23,34,55,55,51,28,12,6,8,6
0,0,0,0,0,0,13,10,12,11,11,9,4,23,29,50,61,55,41,16,12,5,1,5
0,0,0,0,0,3,1,13,26,13,5,10,17,11,13,48,57,61,34,13,6,12,5,7
0,0,0,0,0,5,5,31,14,22,13,13,14,7,11,24,52,43,55,14,5,8,5,0
0,0,0,0,0,4,5,16,27,28,13,7,4,11,0,16,32,56,17,13,3,0,5,0
0,0,0,0,2,11,14,32,43,16,11,13,13,12,7,5,31,51,44,13,8,6,12,4
0,0,0,3,7,30,51,54,53,51,21,11,10,12,14,5,0,12,13,31,13,15,7,0
5,0,5,8,12,13,54,73,61,63,50,11,13,12,5,1,0,10,12,14,14,3,11,3

1,0,0,0,0,0,0,3,9,12,13,5,6,8,0,2,0,7,6,0,0,3,8,0
7,0,0,0,0,6,3,21,62,76,105,77,53,8,4,0,3,0,0,0,4,0,7,7
2,0,0,0,0,8,7,58,85,119,130,112,104,8,8,1,10,5,0,2,1,0,8,4
0,0,0,0,0,0,5,62,74,110,113,102,68,14,12,5,11,11,14,6,4,0,0,0
0,0,0,0,2,4,0,0,56,75,65,12,14,0,31,13,10,14,22,14,7,7,9,7
0,0,5,10,12,41,59,74,154,188,154,135,96,57,36,42,38,11,9,27,25,11,4,4
5,2,7,8,14,50,70,122,199,294,301,246,204,140,88,62,57,62,65,76,59,14,2,0
4,0,0,0,12,61,96,133,154,230,217,214,171,148,152,131,94,104,108,98,75,12,10,2
0,1,0,0,8,67,87,130,158,168,139,165,152,135,138,158,176,157,209,121,56,40,11,3
3,5,11,5,2,58,104,125,159,143,119,56,63,82,100,110,120,126,112,99,58,13,14,7
0,8,13,10,2,58,98,124,164,167,133,89,72,55,14,40,11,53,64,14,35,9,10,6
0,0,0,0,38,70,79,149,184,180,161,104,70,58,9,13,5,3,17,4,11,10,0,0
0,0,0,4,52,75,108,139,173,182,163,132,105,100,44,5,0,0,0,0,0,0,0,3
0,0,0,10,53,96,122,143,170,192,177,133,106,50,2,0,9,6,0,0,0,0,0,0
0,6,5,24,19,56,102,137,139,142,148,129,110,77,1,0,0,0,2,0,0,0,6,4
2,0,9,10,41,92,69,121,136,115,102,89,93,73,0,5,4,7,6,0,0,6,3,0
10,7,11,11,58,105,107,119,108,98,104,74,83,51,9,6,9,7,0,0,4,1,9,0
11,15,25,32,47,55,91,107,141,131,130,94,65,50,24,30,18,8,9,3,3,10,9,7
0,4,13,13,56,105,127,138,173,168,155,122,66,53,8,6,0,5,2,4,4,5,6,10
8,12,34,38,61,110,129,161,265,243,220,138,104,57,12,14,36,12,6,6,2,2,2,5
5,8,14,29,47,86,151,182,289,248,308,195,119,101,61,17,11,12,13,0,4,10,9,7
8,6,11,51,81,131,190,231,289,343,357,305,183,103,44,22,14,11,9,8,6,3,3,7
4,9,29,49,95,130,176,246,312,396,410,253,160,127,102,42,19,5,1,5,9,0,0,2
1,0,9,56,84,118,158,195,224,291,328,228,176,149,125,107,79,12,9,7,6,10,7,0
11,13,7,14,62,103,128,147,162,171,192,198,176,152,135,123,101,13,10,12,10,0,4,5
7,5,9,13,43,78,104,114,125,132,141,158,148,138,136,125,109,72,11,6,9,8,11,7
3,8,5,12,11,29,51,81,101,106,119,117,119,113,116,116,104,80,14,13,4,3,3,4
8,10,9,10,20,13,56,53,61,80,104,111,102,105,104,104,104,91,52,10,8,3,12,9
3,3,9,13,11,51,52,45,52,52,54,55,63,80,91,101,102,73,34,28,10,11,1,8
5,8,12,6,12,13,15,17,43,26,37,47,43,53,49,51,51,48,17,12,12,8,7,3
11,10,11,11,13,14,23,32,44,43,39,36,36,44,52,49,53,50,41,9,6,1,4,6
0,8,5,9,9,13,14,24,51,55,43,7,27,51,66,64,77,59,32,15,8,0,3,1
10,0,10,0,9,12,13,15,51,50,29,8,13,51,59,73,105,95,41,14,9,2,8,7
0,4,8,0,4,10,14,37,48,34,11,0,0,14,61,82,85,72,61,28,10,2,11,10
0,0,6,0,0,4,10,12,29,17,7,5,6,3,56,63,85,73,63,35,12,0,12,10
0,2,0,0,0,1,10,15,24,19,0,0,7,10,46,62,57,57,56,14,11,0,10,0
0,0,0,0,0,0,14,11,12,12,9,0,10,29,23,36,56,55,51,27,12,6,8,6
0,0,0,0,0,0,13,10,12,11,11,9,4,24,29,51,62,55,41,16,12,5,1,5
0,0,0,0,0,3,2,13,26,13,5,10,17,11,13,49,58,62,35,14,6,12,5,7
0,0,0,0,0,5,5,33,14,23,13,13,14,7,11,28,52,43,55,14,6,8,5,0
0,0,0,0,0,4,5,15,27,27,13,8,4,11,0,16,32,58,21,13,3,0,5,0
0,0,0,0,2,11,14,32,42,16,11,13,13,12,7,5,34,51,45,13,9,6,12,4
0,1,0,4,7,31,51,54,53,51,18,11,10,12,14,5,0,12,14,31,13,15,7,0
5,0,5,8,12,13,54,73,61,63,50,11,13,12,5,2,0,10,13,14,14,3,11,3

1,0,0,0,0,0,0,3,9,12,13,5,6,8,0,2,0,7,6,0,0,3,8,0
7,0,0,0,0,6,3,21,62,76,105,77,53,8,5,0,3,0,0,0,4,0,7,6
2,0,0,0,0,8,7,59,85,119,130,112,104,9,8,1,11,5,0,2,1,0,8,4
0,0,0,0,0,0,5,62,74,110,113,102,68,14,12,5,11,11,14,6,4,0,0,0
0,0,0,0,2,4,0,0,57,75,65,12,14,0,31,12,10,14,22,14,7,7,9,7
0,0,5,10,12,41,59,75,157,189,155,136,96,57,36,42,38,11,9,27,26,11,4,4
5,2,7,8,14,50,70,123,200,295,301,246,204,140,88,62,57,62,65,77,59,14,2,0
4,0,0,0,12,62,96,133,154,230,216,214,170,149,152,131,95,104,108,99,75,12,10,2
0,1,0,0,8,67,87,130,157,167,138,165,151,134,137,158,176,157,209,120,56,40,11,3
3,5,11,5,2,58,104,124,159,142,118,56,63,81,100,110,119,126,112,99,58,13,14,7
0,9,13,9,2,58,97,123,163,166,133,88,72,55,14,39,11,53,64,14,35,9,10,6
0,0,0,0,38,70,79,149,183,179,160,104,70,57,9,13,4,4,17,4,11,10,0,0
0,0,0,4,52,75,108,139,171,181,163,132,105,100,42,4,0,0,0,0,0,0,0,3
0,0,0,10,53,96,121,142,167,189,176,134,106,53,2,0,8,6,0,0,0,0,0,0
0,6,5,23,19,55,102,137,139,143,148,130,111,80,2,0,0,0,2,0,0,0,6,4
2,0,9,10,42,92,69,121,137,116,103,90,94,75,0,5,4,7,6,0,0,6,3,0
10,7,12,11,60,106,107,120,108,98,105,75,84,52,9,6,9,7,0,0,4,1,9,0
11,15,25,32,47,55,91,108,141,132,131,95,65,51,25,30,18,8,9,3,3,10,9,7
0,4,13,13,57,105,128,138,173,169,155,122,67,54,8,6,0,5,2,4,4,5,6,10
8,12,33,39,61,110,129,161,264,242,219,138,104,58,13,14,37,12,6,6,2,2,2,5
5,8,14,29,46,86,151,182,287,247,306,195,119,102,63,17,11,12,13,0,4,10,9,7
8,6,11,51,80,131,190,231,287,340,354,304,185,104,45,23,14,11,9,8,6,3,3,7
3,9,29,48,94,129,175,245,311,396,409,254,161,128,102,43,19,5,1,5,9,0,0,2
1,0,9,56,85,118,157,194,224,292,328,229,177,148,125,107,80,12,9,7,6,10,7,0
11,13,7,14,62,103,128,147,163,171,192,198,176,152,135,123,101,14,10,12,10,0,4,5
7,5,9,13,42,78,104,114,126,132,142,159,149,138,136,126,109,70,11,6,9,8,11,7
3,8,5,12,11,29,51,80,101,106,120,118,119,113,116,115,104,79,14,13,4,3,3,4
8,10,9,10,18,13,54,53,61,80,104,111,102,105,104,104,104,90,51,10,8,3,12,9
3,3,9,13,11,51,52,45,52,52,54,55,63,80,92,101,102,73,34,28,10,11,1,8
5,8,12,6,12,13,15,16,41,26,37,47,43,53,49,51,52,48,16,12,12,8,6,3
11,10,11,11,13,14,23,32,44,42,39,36,36,43,52,49,53,50,40,9,6,1,3,6
0,8,5,9,9,13,14,22,51,54,41,7,27,51,66,64,78,59,33,15,7,0,3,1
10,0,10,0,10,12,13,14,51,51,29,7,13,51,59,73,105,98,42,15,9,2,8,7
0,4,8,0,4,10,14,37,49,34,12,0,0,14,61,82,86,73,61,29,10,2,11,10
0,0,6,0,0,4,9,12,30,17,7,5,5,3,56,63,85,73,64,36,12,0,12,10
0,2,0,0,0,1,9,15,26,19,0,0,7,10,46,62,57,57,57,14,11,0,10,0
0,0,0,0,0,0,14,11,13,12,9,0,11,30,23,36,56,55,51,28,12,6,8,6
0,0,0,0,0,0,13,10,12,11,11,9,4,24,30,51,62,55,41,16,12,5,1,5
0,0,0,0,0,3,2,13,26,13,5,10,17,11,13,49,58,62,35,14,7,13,5,7
0,0,0,0,0,5,6,32,14,23,13,13,14,7,12,26,52,43,55,14,6,8,5,0
0,0,0,0,0,4,5,16,27,27,13,8,5,11,0,17,32,57,21,13,3,0,5,0
0,0,0,0,2,11,14,33,43,20,12,13,13,13,7,5,35,51,47,14,9,6,12,4
0,1,0,4,7,33,51,54,53,51,22,11,10,12,14,5,0,12,14,31,13,16,7,0
5,0,5,8,12,13,54,73,61,63,50,11,13,12,5,2,0,10,13,14,14,3,11,3

1,0,0,0,0,0,0,3,9,12,13,5,6,8,0,2,0,7,6,0,0,3,8,0
6,0,0,0,0,6,3,22,62,76,105,77,53,8,4,0,3,0,0,0,4,0,7,6
2,0,0,0,0,8,7,58,85,119,130,112,104,9,8,0,10,5,0,2,1,0,8,4
0,0,0,0,0,0,5,63,74,110,113,102,68,14,12,5,11,11,14,6,4,0,0,0
0,0,0,0,2,4,0,0,57,75,65,12,14,0,31,13,10,14,22,14,7,7,9,7
0,0,5,10,12,42,59,75,157,189,155,136,96,57,36,42,38,11,9,27,25,10,4,4
5,2,7,8,14,50,70,123,200,294,301,246,205,140,88,62,57,62,65,76,59,14,2,0
4,0,0,0,12,62,96,133,155,230,217,214,170,148,152,131,94,104,108,98,75,12,10,2
0,1,0,0,8,67,87,130,157,168,139,166,152,134,137,158,176,157,208,120,56,40,11,3
3,5,11,5,2,58,104,125,158,142,118,56,62,81,100,110,119,126,112,99,58,13,14,7
0,9,13,9,2,58,98,123,162,165,132,88,72,55,14,40,11,53,64,14,36,9,10,6
0,0,0,0,38,70,79,148,182,178,160,103,70,56,9,13,4,3,15,4,11,10,0,0
0,0,0,4,52,74,108,138,170,180,162,131,105,100,44,4,0,0,0,0,0,0,0,3
0,0,0,10,53,96,121,141,165,188,176,134,106,55,2,0,8,6,0,0,0,0,0,0
0,6,5,20,15,55,101,135,138,143,149,132,111,82,2,0,0,0,2,0,0,0,6,4
2,0,9,10,42,91,68,121,137,117,104,91,95,75,0,5,4,7,6,0,0,6,3,0
10,7,12,11,61,106,107,120,109,99,106,76,86,53,9,6,9,7,0,0,4,1,9,0
11,16,25,32,48,56,92,108,142,133,132,96,66,52,26,30,18,8,9,3,3,10,9,7
0,4,13,13,58,106,128,138,173,168,154,122,68,54,8,6,0,5,1,4,3,5,6,10
8,12,34,38,61,110,130,161,263,239,215,137,104,58,12,14,35,12,6,6,2,2,2,5
5,8,14,29,47,87,152,182,285,245,303,193,119,102,63,17,11,11,13,0,4,10,9,7
8,6,11,52,81,132,191,230,286,338,352,303,184,104,45,22,14,11,9,8,6,3,3,7
4,9,29,48,95,130,176,246,311,394,404,253,161,128,103,43,20,5,1,5,8,0,0,2
1,0,9,56,85,118,158,195,225,293,325,227,177,148,125,107,80,12,9,7,6,10,7,0
10,13,7,14,62,103,128,148,163,172,193,198,176,152,134,123,101,14,10,12,10,0,4,4
7,5,9,13,43,78,104,114,126,132,142,159,149,138,136,125,109,73,11,6,9,8,11,7
3,8,5,13,11,29,52,80,101,107,120,118,119,113,116,115,104,81,14,13,4,3,3,4
8,10,9,10,20,13,55,53,61,80,104,111,103,105,105,104,104,91,52,10,8,2,12,9
3,3,9,13,11,51,52,46,52,52,54,55,63,80,92,101,102,75,34,28,10,11,1,8
5,8,12,6,12,13,15,16,41,24,37,47,44,53,49,51,52,49,17,12,12,8,6,3
11,10,11,11,13,14,23,32,44,42,39,36,36,43,52,50,53,50,40,9,6,1,3,6
0,8,5,9,9,13,14,22,51,54,41,7,26,51,66,64,78,60,34,16,7,0,3,1
10,0,10,0,10,12,13,14,51,50,30,8,13,51,59,73,106,100,42,16,9,2,8,7
0,3,8,0,4,10,14,37,49,34,12,0,0,14,61,82,86,73,61,30,10,2,11,10
0,0,6,0,0,4,10,12,30,18,7,6,5,3,56,63,85,73,64,37,12,0,12,10
0,2,0,0,0,1,9,15,27,19,0,0,7,10,46,62,57,58,57,14,11,0,10,0
0,0,0,0,0,0,14,11,13,12,9,0,11,30,23,35,56,55,51,28,12,6,8,6
0,0,0,0,0,0,13,10,12,11,11,9,4,24,30,51,62,55,42,16,12,5,1,5
0,0,0,0,0,3,2,13,26,13,5,11,17,11,13,49,58,62,35,14,7,13,5,7
0,0,0,0,0,5,6,33,14,23,13,13,14,8,12,27,52,43,55,14,6,8,5,0
0,0,0,0,0,4,5,16,27,27,13,8,5,11,0,17,32,57,22,13,3,0,6,0
0,0,0,0,2,11,14,33,44,18,12,13,13,13,7,6,34,51,47,13,9,6,12,5
1,2,0,5,8,33,51,54,53,51,22,11,10,12,15,6,0,12,14,32,13,16,7,0
5,0,5,8,12,13,54,73,61,63,50,11,13,11,5,2,0,10,13,14,14,3,11,3

1,0,0,0,0,0,0,3,9,12,13,5,6,8,0,2,0,7,6,0,0,3,8,0
6,0,0,0,0,6,3,22,62,76,105,77,53,8,5,0,3,0,0,0,4,0,7,6
2,0,0,0,0,8,7,59,85,119,130,112,104,9,8,1,10,5,0,2,1,0,8,4
0,0,0,0,0,0,5,64,74,111,113,102,69,14,12,5,10,11,14,6,4,0,0,0
0,0,0,0,2,4,0,0,57,75,65,12,13,0,32,13,10,14,22,14,7,7,9,7
0,0,5,10,12,41,59,75,157,189,154,135,97,57,36,42,38,11,9,27,26,11,4,4
5,2,7,8,14,50,70,123,200,294,302,246,204,140,88,62,57,62,65,76,59,14,2,0
4,0,0,0,12,62,96,133,154,229,216,213,170,148,151,131,94,104,108,98,75,12,10,2
0,1,0,0,8,67,87,130,157,167,139,165,151,135,137,158,176,157,208,120,56,40,11,3
3,5,11,5,2,58,104,124,158,142,119,56,63,81,100,110,119,126,111,99,58,12,14,7
0,8,13,9,2,58,97,123,163,166,133,89,72,55,14,37,11,53,64,14,35,9,10,6
0,0,0,0,38,69,79,149,183,179,161,104,71,57,9,13,4,3,16,4,11,10,0,0
0,0,0,4,52,75,108,138,171,181,163,132,105,100,44,5,0,0,0,0,0,0,0,3
0,0,0,10,53,96,121,142,166,188,176,133,106,57,2,0,8,6,0,0,0,0,0,0
0,6,5,21,17,55,101,136,138,142,148,131,111,81,3,0,0,0,2,0,0,0,6,4
2,0,9,10,42,91,69,121,137,116,103,90,94,75,0,5,4,7,6,0,0,6,3,0
10,7,11,11,60,106,107,120,109,98,106,75,85,53,9,6,9,7,0,0,4,1,9,0
11,15,25,32,48,56,91,108,142,132,131,95,66,53,25,30,18,8,9,2,3,10,9,7
0,4,13,13,57,105,128,138,173,168,154,122,68,54,8,6,0,5,1,4,3,5,6,10
8,12,34,38,61,110,130,161,263,240,216,137,104,59,13,14,37,12,6,6,2,2,2,5
5,8,14,29,47,87,152,182,286,245,304,194,119,102,63,17,11,11,13,0,4,10,9,7
8,6,11,51,81,132,191,231,286,338,352,304,185,104,45,22,14,11,9,8,5,3,3,7
4,9,29,49,95,130,176,245,311,394,405,254,161,128,103,43,20,5,1,5,8,0,0,2
1,0,9,56,85,118,158,195,224,292,326,227,177,148,124,107,79,12,9,7,6,10,7,0
11,13,7,14,63,103,128,148,163,171,192,198,176,152,134,123,101,14,10,12,9,0,4,4
7,5,9,13,42,78,104,114,126,132,142,159,149,138,136,125,109,73,11,6,9,8,11,7
3,8,5,12,11,32,51,81,101,107,120,118,119,113,116,115,104,80,14,13,4,3,3,3
8,10,9,10,21,13,55,53,61,79,104,111,103,105,105,105,104,91,52,10,8,2,12,9
3,3,9,13,11,51,52,45,52,52,54,55,64,81,92,101,102,74,34,28,10,11,1,8
5,8,12,6,12,12,16,16,41,24,36,48,44,53,49,52,52,49,17,12,12,8,6,3
11,10,11,11,13,14,23,32,44,42,39,35,36,44,52,49,53,50,40,9,6,1,3,6
0,8,5,9,9,13,14,22,51,54,40,7,27,50,66,64,78,60,33,15,7,0,3,0
10,0,10,0,9,12,13,14,51,51,30,8,13,51,59,73,106,100,42,16,9,2,8,7
0,3,8,0,4,10,14,37,49,34,12,0,0,14,61,82,86,73,61,30,10,2,11,10
0,0,6,0,0,4,10,13,30,18,7,6,5,4,56,63,85,73,64,37,12,0,12,10
0,2,0,0,0,1,10,15,27,19,0,0,7,10,47,62,58,58,57,14,11,0,10,0
0,0,0,0,0,0,14,11,13,12,9,0,11,29,24,36,56,55,51,28,12,6,8,6
0,0,0,0,0,0,13,10,12,11,11,9,4,24,30,51,62,55,42,17,12,5,2,5
0,0,0,0,0,3,2,14,27,14,5,11,17,11,13,50,58,62,35,14,7,13,5,7
0,0,0,0,0,5,6,32,14,23,13,14,14,8,12,29,52,43,55,14,6,8,5,0
0,0,0,0,0,5,5,16,27,28,13,8,5,11,0,17,32,58,23,13,3,0,6,0
0,0,0,0,2,11,14,33,44,18,12,13,13,13,7,6,34,51,48,14,9,6,12,4
0,2,0,5,8,34,51,54,53,52,22,11,10,12,14,6,0,12,14,32,13,16,7,0
5,0,5,9,12,13,54,73,61,63,50,11,13,11,5,2,0,10,13,14,14,3,11,3

1,0,0,0,0,0,0,3,9,12,13,5,6,8,0,2,0,7,6,0,0,3,8,0
6,0,0,0,0,6,3,22,62,76,105,77,53,8,4,0,3,0,0,0,4,0,7,6
2,0,0,0,0,8,7,59,85,119,130,112,104,8,8,0,10,5,0,2,1,0,8,4
0,0,0,0,0,0,5,64,74,111,113,102,68,14,12,5,10,11,14,6,4,0,0,0
0,0,0,0,2,4,0,0,57,75,65,12,13,0,31,12,10,14,22,14,7,7,9,7
0,0,5,10,12,41,59,75,157,189,154,136,96,57,36,42,38,11,9,26,25,10,4,4
5,2,7,8,14,50,70,124,200,294,301,246,204,140,88,62,57,61,65,76,59,14,2,0
4,0,0,0,12,62,96,133,154,229,216,213,170,148,151,131,94,104,108,98,75,12,10,2
0,1,0,0,8,67,87,130,157,167,139,165,151,135,137,158,176,156,208,120,56,39,11,3
3,5,11,5,2,58,104,125,159,143,119,56,63,82,100,110,119,125,112,99,58,13,14,7
0,8,13,9,2,58,98,123,164,166,133,89,72,55,14,37,11,53,64,14,34,9,10,6
0,0,0,0,38,70,79,149,183,180,161,104,71,58,9,13,4,3,16,4,11,10,0,0
0,0,0,4,52,75,108,139,172,181,163,132,105,100,43,4,0,0,0,0,0,0,0,3
0,0,0,10,54,97,122,143,168,189,176,134,106,56,2,0,8,6,0,0,0,0,0,0
0,6,5,23,19,55,102,137,139,142,148,130,111,80,2,0,0,0,2,0,0,0,6,4
2,0,9,10,42,92,69,121,137,115,103,90,93,75,0,5,3,7,6,0,0,6,3,0
10,7,11,11,59,105,106,120,108,98,105,75,85,52,9,6,9,7,0,0,4,1,9,0
11,15,25,32,47,55,91,108,141,131,131,95,65,52,25,30,18,8,9,3,3,10,9,7
0,4,13,13,57,105,128,138,173,169,155,122,68,54,8,6,0,5,1,4,3,5,6,10
8,12,34,38,61,110,129,161,264,241,218,137,104,58,12,13,36,12,6,6,2,2,2,5
5,8,14,29,47,86,152,182,286,246,305,195,119,102,63,17,11,11,13,0,4,10,9,7
8,6,11,51,81,131,190,230,286,338,352,305,185,104,45,22,14,11,9,8,5,3,3,7
4,9,29,49,95,130,176,245,311,393,407,255,161,127,103,43,19,5,1,5,8,0,0,2
1,0,10,57,85,118,158,194,224,291,327,228,176,148,124,107,78,12,9,7,6,10,7,0
10,13,7,14,62,103,128,148,163,171,192,198,176,151,134,123,101,14,10,12,9,0,4,4
7,5,9,13,43,78,104,114,126,132,142,159,148,138,136,125,109,71,11,6,9,8,11,7
3,8,5,13,11,29,51,80,101,107,120,118,119,113,116,115,104,81,14,13,4,3,3,4
8,10,9,10,20,13,55,53,61,80,104,111,103,105,105,104,104,92,52,10,8,2,12,9
3,3,9,13,11,51,52,45,52,52,54,55,64,81,92,101,102,74,34,28,9,11,1,8
5,8,12,6,12,13,16,16,40,25,37,47,44,53,49,52,52,49,17,12,12,8,6,3
11,10,11,11,13,14,23,32,44,42,39,35,36,43,53,49,53,50,40,9,6,1,3,6
0,8,5,9,9,13,14,22,51,54,40,7,26,50,66,64,78,60,33,16,7,0,3,0
10,0,10,0,9,12,13,14,51,51,31,7,13,51,59,74,106,99,42,16,9,1,8,7
0,3,8,0,4,10,14,38,49,35,12,0,0,14,61,82,86,73,61,30,10,2,11,10
0,0,6,0,0,4,10,13,30,18,7,6,5,4,56,63,85,73,64,37,12,0,12,10
0,2,0,0,0,1,10,15,29,19,0,0,7,10,47,62,57,58,57,14,11,0,10,0
0,0,0,0,0,0,14,11,13,12,9,0,11,29,24,35,56,55,51,28,12,6,8,6
0,0,0,0,0,0,13,10,12,11,11,9,4,24,30,51,62,55,42,17,12,5,2,5
0,0,0,0,0,3,2,14,27,13,5,11,18,11,13,50,58,62,35,14,7,13,5,7
0,0,0,0,0,6,6,32,14,24,13,14,14,8,12,28,52,43,55,14,6,8,5,0
0,0,0,0,0,5,5,16,27,28,13,8,5,11,0,17,32,57,23,13,3,0,6,0
0,0,0,0,2,11,14,34,44,18,12,13,13,13,8,6,35,51,47,14,9,7,12,5
1,2,0,5,8,35,51,54,53,52,22,11,10,12,14,6,0,12,14,32,13,16,7,0
5,0,5,9,12,13,54,73,61,63,50,11,13,11,6,2,0,10,13,14,14,3,11,3

1,0,0,0,0,0,0,3,9,12,13,5,6,8,0,2,0,7,6,0,0,3,8,0
6,0,0,0,0,6,3,22,62,76,105,77,53,8,5,0,3,0,0,0,4,0,7,6
2,0,0,0,0,8,7,60,85,119,130,112,104,8,8,1,10,5,0,2,1,0,8,4
0,0,0,0,0,0,5,64,75,111,113,102,68,14,12,5,10,11,14,6,4,0,0,0
0,0,0,0,2,4,0,0,57,75,65,12,13,0,31,12,10,14,22,14,7,7,9,7
0,0,5,10,12,42,59,75,157,189,154,135,96,57,36,42,38,11,9,26,25,10,4,4
5,2,7,8,14,50,70,124,200,294,301,246,204,140,88,62,57,62,64,76,59,14,1,0
4,0,0,0,12,62,97,134,154,229,216,213,170,148,151,131,94,104,107,98,75,12,10,2
0,1,0,0,8,67,87,130,157,167,139,165,152,134,137,158,176,157,208,120,56,39,11,3
3,5,11,5,2,58,104,125,160,143,119,56,63,81,100,110,119,126,112,99,58,13,14,7
0,8,13,10,2,58,98,124,164,167,133,89,72,55,14,38,11,53,64,14,34,9,10,6
0,0,0,0,39,70,79,150,184,180,162,104,71,58,9,13,4,4,16,4,11,10,0,0
0,0,0,5,53,76,108,140,173,182,163,132,105,100,44,4,0,0,0,0,0,0,0,3
0,0,0,11,54,98,122,143,169,190,176,133,106,56,2,0,8,6,0,0,0,0,0,0
0,6,5,23,19,56,102,138,139,142,147,129,110,80,2,0,0,0,2,0,0,0,6,4
2,0,9,10,44,92,69,121,136,115,102,89,93,74,0,5,4,7,6,0,0,6,3,0
10,7,11,11,59,105,106,119,108,97,105,75,84,52,9,6,9,7,0,0,4,1,9,0
11,15,25,32,47,55,91,108,141,131,130,94,65,52,24,30,18,8,9,2,3,10,9,7
0,4,13,13,57,105,128,138,173,169,155,122,67,54,8,6,0,5,2,4,3,5,6,10
8,12,34,39,61,110,129,161,264,243,220,138,104,58,12,14,35,12,6,6,2,2,2,5
5,8,14,29,47,86,151,182,286,246,306,195,119,102,62,16,11,11,13,0,4,10,9,7
8,6,11,51,81,131,190,230,286,338,352,305,186,105,45,22,14,11,9,8,5,3,3,7
4,9,29,49,94,130,175,245,310,393,408,255,160,128,102,42,19,5,1,5,8,0,0,2
1,0,10,56,85,118,158,195,224,290,327,229,176,148,124,107,78,12,9,7,6,10,7,0
10,13,7,14,62,103,128,148,163,171,192,198,176,151,134,123,101,13,10,12,9,0,4,4
7,5,9,13,43,79,104,114,126,132,142,159,148,138,135,125,109,72,10,6,9,8,11,7
3,8,5,12,11,29,51,80,101,107,120,118,119,113,116,115,104,81,14,13,4,3,3,4
8,10,9,10,20,13,56,53,61,81,104,111,103,105,104,105,104,91,52,10,8,2,12,9
3,3,9,13,11,51,52,45,52,52,54,55,64,82,93,101,102,75,34,27,9,11,1,8
5,8,12,6,12,12,16,16,43,24,36,48,44,53,49,52,52,49,17,12,11,8,6,3
11,10,11,11,13,14,23,31,44,42,39,36,35,44,53,49,53,50,41,9,6,1,3,6
0,8,5,9,9,13,14,25,51,54,41,7,29,50,66,65,78,60,34,15,7,0,3,0
10,0,10,0,10,12,13,14,51,51,30,7,13,51,59,73,106,100,42,16,9,1,7,7
0,4,8,0,5,10,14,38,50,34,12,0,0,14,61,82,86,73,61,30,9,2,10,10
0,0,6,0,0,4,10,13,32,18,7,6,5,4,56,63,86,73,64,37,12,0,12,10
0,2,0,0,0,1,10,15,28,19,0,0,7,10,47,62,58,58,57,14,11,0,10,0
0,0,0,0,0,0,14,11,13,13,9,0,11,30,24,36,56,55,51,28,12,6,8,6
0,0,0,0,0,0,13,10,13,11,11,10,5,24,30,51,62,55,43,16,12,5,2,5
0,0,0,0,0,4,2,14,27,14,5,11,18,11,13,50,58,62,35,14,7,13,5,7
0,0,0,0,0,6,6,32,14,23,13,13,14,8,12,30,52,43,55,14,6,8,5,0
0,0,0,0,1,5,5,16,27,28,13,8,5,11,0,18,33,57,23,13,4,0,6,0
0,0,0,0,2,11,14,34,45,19,12,13,13,13,8,6,36,51,47,14,9,7,12,4
0,2,0,5,8,34,51,54,53,51,22,11,10,12,14,6,0,12,14,32,13,16,7,0
6,0,5,9,12,13,54,73,61,63,50,11,13,12,6,2,0,10,13,14,14,3,11,3

1,0,0,0,0,0,0,3,9,12,13,5,6,8,0,2,0,7,6,0,0,3,8,0
7,0,0,0,0,6,3,22,62,76,105,77,53,8,5,0,3,0,0,0,4,0,7,6
2,0,0,0,0,8,7,59,85,119,130,112,103,8,8,0,10,5,0,2,1,0,8,4
0,0,0,0,0,0,5,63,74,111,113,102,69,14,12,5,11,11,14,6,4,0,0,0
0,0,0,0,2,4,0,0,57,75,65,12,14,0,30,12,10,14,22,14,7,7,9,7
0,0,5,10,12,41,59,75,157,189,154,135,96,57,36,42,38,11,9,26,25,10,4,4
5,2,7,8,14,50,70,123,200,293,300,246,204,140,88,62,57,62,64,76,58,14,1,0
4,0,0,0,12,62,97,134,154,229,216,214,170,148,151,131,94,104,107,98,75,12,10,2
0,1,0,0,8,67,87,130,157,167,139,165,152,134,137,158,176,157,208,120,56,40,11,3
3,5,11,5,2,58,104,125,160,143,119,56,63,81,100,110,119,126,112,99,58,13,14,7
0,8,13,10,2,58,98,124,165,167,134,89,72,55,14,38,11,53,64,14,34,9,10,6
0,0,0,0,40,70,79,150,185,181,162,104,71,58,9,13,4,4,16,4,11,10,0,0
0,0,0,5,52,76,108,140,174,183,164,132,105,100,43,4,0,0,0,0,0,0,0,3
0,0,0,11,54,98,122,144,170,191,177,133,106,54,1,0,8,6,0,0,0,0,0,0
0,6,5,24,19,56,102,138,139,142,147,129,110,79,2,0,0,0,2,0,0,0,6,4
2,0,10,10,44,92,68,121,136,115,102,89,93,74,0,5,3,7,6,0,0,6,3,0
10,7,11,11,58,105,106,119,108,98,105,74,83,51,9,6,9,7,0,0,4,1,9,0
11,15,25,32,47,55,91,107,141,131,130,94,65,51,24,30,18,8,9,3,3,10,9,7
0,4,13,13,56,105,127,138,173,169,155,122,67,54,8,6,0,5,2,4,4,5,6,10
8,12,35,39,61,110,129,161,265,243,221,138,104,58,12,14,36,12,6,6,2,2,2,5
5,8,14,29,46,86,151,182,286,247,307,196,119,102,62,17,11,11,13,0,4,10,9,7
8,7,11,51,81,131,190,230,286,338,353,306,186,104,45,22,14,11,9,8,6,3,3,7
4,9,29,49,94,130,175,245,310,393,409,256,161,127,102,43,19,5,1,5,8,0,0,2
1,0,10,56,85,118,158,194,223,289,328,229,176,148,124,107,79,12,9,7,6,10,7,0
11,13,7,14,63,103,128,148,163,171,192,198,175,151,134,122,101,13,9,12,9,0,4,4
7,5,9,13,43,76,104,114,126,132,142,159,148,138,135,125,109,73,10,6,9,8,11,7
3,8,5,13,11,29,53,81,101,107,120,118,119,113,116,115,104,81,14,13,4,3,2,3
8,10,9,10,21,13,56,53,60,80,104,111,103,105,105,105,104,92,52,10,8,2,12,9
3,3,9,13,11,51,52,45,52,52,54,55,64,82,93,101,102,74,34,28,9,11,1,8
5,8,12,6,12,13,15,16,41,26,37,48,44,53,49,52,52,48,16,12,12,8,6,3
11,10,11,11,13,14,23,32,44,42,39,35,36,43,52,49,53,50,40,9,6,1,3,6
0,8,5,9,9,13,14,23,51,55,43,7,27,50,66,64,78,59,33,15,7,0,3,0
10,0,10,0,9,12,13,14,51,51,31,7,13,51,59,74,106,99,42,16,9,1,7,7
0,4,8,0,5,10,14,38,50,34,12,0,0,14,61,82,86,73,61,30,10,2,10,10
0,0,6,0,0,5,10,13,31,17,7,5,5,4,56,63,86,73,64,37,12,0,12,10
0,2,0,0,0,2,10,16,28,20,0,0,7,10,48,62,58,58,57,14,11,0,10,0
0,0,0,0,0,0,14,11,13,12,9,0,11,30,24,36,56,55,51,28,12,6,8,6
0,0,0,0,0,0,13,10,12,11,11,9,5,25,30,51,62,55,42,17,12,5,2,5
0,0,0,0,0,4,2,14,27,13,5,11,18,11,13,50,58,62,35,14,7,13,5,7
0,0,0,0,0,6,6,34,14,24,14,14,14,8,12,30,52,43,55,14,6,8,5,0
0,0,0,0,1,5,5,16,27,29,13,8,6,11,0,18,33,58,23,13,4,0,6,0
0,0,0,0,2,11,14,35,45,20,12,13,13,13,8,6,36,51,48,14,9,7,12,4
1,2,0,5,8,35,51,54,53,51,22,11,10,12,14,6,0,12,14,32,13,16,7,0
5,0,6,9,12,13,54,73,61,63,50,11,13,11,6,2,0,11,13,14,14,3,11,3

1,0,0,0,0,0,0,3,9,12,13,5,7,8,0,2,0,7,6,0,0,3,8,0
6,0,0,0,0,6,3,22,62,76,105,77,53,8,4,0,3,0,0,0,4,0,7,6
2,0,0,0,0,8,8,59,85,120,130,112,104,8,8,0,10,5,0,2,1,0,8,4
0,0,0,0,0,0,5,63,74,111,113,102,68,14,12,5,10,11,14,6,4,0,0,0
0,0,0,0,2,4,0,0,57,75,65,12,13,0,30,12,10,14,22,14,7,7,9,7
0,0,5,10,12,42,59,75,157,189,154,135,97,57,36,42,38,11,9,26,25,10,4,4
5,2,7,8,14,50,70,123,201,294,300,246,203,140,88,62,57,61,64,76,58,14,1,0
4,0,0,0,12,62,97,134,154,229,216,213,170,148,151,131,94,104,107,98,75,12,10,2
0,1,0,0,8,67,87,130,157,167,139,165,151,134,137,158,176,156,208,120,56,40,11,3
3,5,11,5,2,58,104,125,160,143,119,56,63,81,100,110,119,126,112,99,58,13,14,7
0,9,13,10,2,58,98,124,165,167,134,89,72,55,14,39,11,54,64,14,35,9,10,6
0,0,0,0,40,70,80,150,185,181,161,104,71,58,9,13,4,4,17,4,11,10,0,0
0,0,0,5,53,76,108,140,173,182,164,132,105,100,42,4,0,0,0,0,0,0,0,3
0,0,0,11,54,98,122,144,170,191,177,133,106,55,1,0,8,6,0,0,0,0,0,0
0,6,5,23,21,56,102,138,140,143,148,129,110,79,2,0,0,0,2,0,0,0,6,4
2,0,9,10,44,92,69,121,137,116,103,89,93,74,0,5,4,7,6,0,0,6,3,0
10,7,12,11,59,105,107,119,108,98,105,74,84,51,9,6,9,7,0,0,4,1,9,0
11,15,25,32,47,55,91,108,141,131,130,94,65,51,24,30,18,8,9,3,3,10,9,7
0,4,13,13,56,105,128,138,174,169,156,122,67,53,8,6,0,5,1,4,4,5,6,10
8,12,34,38,61,110,129,161,265,244,221,138,104,58,12,13,36,12,6,6,2,2,2,5
5,8,14,29,47,86,151,182,287,246,307,196,119,102,62,17,11,11,13,0,4,10,9,7
8,7,11,51,81,131,190,230,286,338,353,306,186,105,45,22,14,11,9,8,6,3,3,7
4,9,29,49,94,130,175,245,309,393,409,256,160,127,102,42,19,5,1,5,8,0,0,2
0,0,10,56,85,118,158,194,223,290,328,229,176,148,124,107,78,12,9,7,6,10,7,0
11,13,7,14,62,103,128,147,163,171,192,198,175,151,134,122,101,13,9,12,9,0,4,4
7,5,9,13,43,78,104,114,126,132,142,159,148,138,135,125,109,73,10,5,9,8,11,7
3,8,5,12,11,31,51,80,101,107,120,118,119,113,116,115,104,81,14,13,4,3,2,3
8,10,9,10,21,13,56,53,61,80,104,111,103,105,105,104,104,92,52,10,7,2,12,9
3,3,9,13,11,52,52,45,53,52,54,55,64,82,93,101,102,75,34,28,9,10,1,8
5,8,12,6,12,12,15,16,43,25,37,48,44,53,49,52,52,48,16,12,11,8,6,3
11,10,11,11,13,14,23,32,44,42,39,36,36,44,52,50,53,50,39,9,5,1,3,6
0,8,5,9,9,13,14,23,51,54,40,7,25,50,66,64,78,59,33,15,7,0,3,0
10,0,10,0,10,12,13,15,52,51,31,7,13,51,59,74,106,99,42,15,9,1,7,7
0,3,8,0,5,10,14,38,49,35,12,0,0,14,61,82,87,73,61,30,9,2,10,10
0,0,7,0,0,5,10,13,32,19,7,5,5,4,56,63,86,74,64,37,12,0,12,10
1,2,0,0,0,2,10,17,28,20,0,0,7,10,48,62,58,58,57,14,11,0,10,0
0,0,0,0,0,0,14,11,13,12,9,0,11,29,24,36,56,55,51,28,12,6,8,6
0,0,0,0,0,0,13,10,12,11,11,9,4,25,30,51,62,55,43,17,12,5,2,5
0,0,0,0,0,4,2,14,28,14,5,11,17,11,13,50,58,62,35,14,7,13,5,7
0,0,0,0,0,6,6,33,14,24,14,14,14,8,12,30,52,43,55,14,6,8,5,0
0,0,0,0,1,5,5,17,28,29,13,8,6,11,0,20,33,58,24,13,4,0,6,0
0,0,0,0,2,11,14,34,45,20,12,13,13,13,8,6,36,51,48,14,9,7,12,4
1,2,0,5,8,36,51,54,53,52,25,11,10,12,14,6,0,12,14,33,13,16,7,0
6,0,6,9,12,13,54,73,61,63,50,11,13,11,6,2,0,11,13,14,14,3,11,3

1,0,0,0,0,0,0,3,9,12,13,5,6,8,0,2,0,7,6,0,0,3,8,0
6,0,0,0,0,6,3,24,62,76,105,77,53,8,4,0,3,0,0,0,4,0,7,6
2,0,0,0,0,8,8,59,85,119,130,112,103,8,8,0,10,5,0,2,1,0,8,4
0,0,0,0,0,0,5,64,75,111,113,102,69,14,12,5,11,11,14,6,4,0,0,0
0,0,0,0,2,4,0,0,57,75,65,12,13,0,31,12,10,14,22,14,7,7,9,7
0,0,5,10,12,42,59,76,158,189,154,135,96,57,36,42,38,11,9,26,25,10,4,4
5,2,7,8,14,50,70,124,201,293,300,246,203,140,88,62,57,61,64,76,58,14,1,0
4,0,0,0,12,62,97,134,154,229,216,214,170,148,151,131,94,104,107,98,75,12,10,2
0,1,0,0,8,67,87,130,157,167,139,165,151,134,137,157,175,156,208,119,56,40,11,3
3,5,11,5,3,58,104,125,160,143,119,56,63,81,100,110,119,125,112,99,58,13,14,7
0,9,13,10,2,59,98,124,164,166,133,88,72,55,14,39,11,53,64,14,34,9,10,6
0,0,0,0,39,70,79,149,184,180,160,104,70,57,9,13,4,4,16,4,11,10,0,0
0,0,0,4,53,76,108,139,172,181,162,132,105,100,42,4,0,0,0,0,0,0,0,3
0,0,0,10,53,97,121,143,168,189,176,134,106,57,2,0,8,6,0,0,0,0,0,0
0,6,5,23,19,55,102,137,139,143,149,131,111,80,2,0,0,0,2,0,0,0,6,4
2,0,9,10,44,92,69,121,137,116,104,90,94,75,0,5,4,7,6,0,0,6,3,0
10,7,12,11,59,106,107,120,109,99,105,75,85,52,9,6,9,6,0,0,4,1,9,0
11,15,25,32,47,55,91,108,142,132,131,95,65,52,25,30,18,8,9,2,3,10,9,7
0,4,13,13,57,105,128,138,173,169,155,122,68,54,8,6,0,5,1,4,3,5,6,10
8,12,35,39,61,110,130,161,264,242,219,138,104,58,12,14,34,11,6,6,2,2,2,5
5,8,14,29,47,86,152,182,287,246,306,195,119,102,61,17,11,11,13,0,4,10,9,7
8,6,11,51,81,131,190,230,286,338,352,305,186,104,45,22,14,11,9,8,5,3,3,6
4,9,29,49,95,130,175,245,310,393,408,255,161,127,102,43,19,5,1,5,8,0,0,2
1,0,9,56,85,118,158,194,223,290,327,228,176,148,124,107,78,12,9,7,6,10,7,0
11,13,7,14,63,103,128,148,163,171,192,198,176,151,134,122,101,14,9,12,9,0,4,4
7,5,9,13,43,78,104,114,126,132,142,159,148,138,135,125,109,73,10,5,9,8,11,7
3,8,5,12,11,29,52,80,101,107,120,118,119,113,116,115,104,80,14,13,4,3,2,3
8,10,9,10,20,13,54,53,61,80,104,111,103,105,105,104,104,93,52,10,7,2,12,9
3,3,9,13,11,51,52,46,52,52,54,55,64,82,93,101,102,75,34,27,9,10,1,8
5,8,12,6,12,13,16,15,41,24,37,48,44,53,49,52,52,49,16,12,11,8,6,2
11,10,11,11,13,14,23,33,45,42,39,36,36,44,53,50,53,50,40,9,5,1,2,6
0,8,5,9,9,13,14,23,51,55,41,7,26,50,66,64,78,59,33,16,7,0,3,0
10,0,10,0,10,12,13,15,51,51,31,7,13,51,59,74,106,99,42,16,9,1,7,7
0,3,8,0,5,10,14,38,50,35,12,0,0,14,61,82,87,73,61,30,9,2,10,10
0,0,7,0,0,5,10,13,32,18,7,6,5,4,56,63,86,73,64,37,12,0,12,10
1,2,0,0,0,2,10,15,28,19,0,0,7,10,48,62,58,58,57,14,11,0,10,0
0,0,0,0,0,0,14,11,13,13,9,0,11,28,24,36,55,55,51,28,12,6,8,6
0,0,0,0,0,0,13,10,13,11,11,9,5,25,30,51,62,55,43,17,12,5,2,5
0,0,0,0,0,4,2,14,28,14,5,11,18,11,13,50,58,62,36,14,7,13,5,7
0,0,0,0,0,6,6,33,14,24,13,14,14,8,12,31,52,43,55,14,6,8,5,0
0,0,0,0,1,5,6,16,27,28,13,8,6,11,0,18,33,58,23,13,4,0,6,0
0,0,0,0,2,11,14,35,45,20,12,13,13,13,8,6,37,51,50,14,9,7,12,4
1,2,0,5,8,36,51,54,53,52,23,11,10,12,15,6,0,12,14,33,13,16,7,0
6,0,6,9,12,13,54,73,61,63,50,11,13,12,6,2,0,11,13,14,14,3,11,3

1,0,0,0,0,0,0,3,9,12,13,5,6,8,0,2,0,7,6,0,0,3,8,0
7,0,0,0,0,6,3,22,62,76,104,77,53,8,4,0,3,0,0,0,4,0,7,6
2,0,0,0,0,8,7,60,85,119,130,112,103,8,8,0,10,5,0,2,1,0,8,4
0,0,0,0,0,0,5,64,74,111,113,102,68,14,12,5,10,11,14,6,4,0,0,0
0,0,0,0,3,4,0,0,57,75,65,12,13,0,30,12,10,14,22,14,7,7,9,7
0,0,5,10,12,42,60,76,159,190,155,136,97,57,35,42,38,11,9,27,26,10,4,4
5,2,7,8,14,50,71,124,202,293,301,246,204,140,88,62,57,62,65,76,59,14,2,0
4,0,0,0,12,63,97,134,154,229,217,214,170,148,151,131,94,104,108,98,75,12,10,2
0,1,0,0,8,67,87,130,157,168,139,166,152,135,137,157,176,156,208,119,56,39,11,3
3,5,11,5,3,58,104,124,158,143,119,56,63,81,100,110,119,125,111,98,58,13,14,7
0,9,13,9,2,58,98,123,163,165,132,88,72,54,14,39,11,53,64,14,34,9,10,6
0,0,0,0,39,70,79,149,182,178,160,103,70,56,9,13,3,3,15,4,11,10,0,0
0,0,0,5,52,75,108,138,171,180,162,131,105,100,42,4,0,0,0,0,0,0,0,3
0,0,0,10,53,96,121,141,165,188,176,134,106,58,2,0,8,5,0,0,0,0,0,0
0,6,5,21,16,55,101,136,138,143,150,132,111,83,3,0,0,0,2,0,0,0,6,4
2,0,9,10,42,91,69,121,137,117,105,91,95,75,0,5,3,7,6,0,0,6,3,0
10,7,12,11,60,106,107,120,109,99,107,76,86,53,9,6,9,6,0,0,4,1,9,0
11,15,25,32,48,56,92,109,143,133,132,96,66,53,26,30,18,8,9,3,3,10,9,7
0,4,13,13,57,105,128,139,174,169,155,122,68,54,8,6,0,5,1,4,3,5,6,10
8,12,35,38,61,110,130,162,265,241,217,137,104,59,12,14,35,11,6,6,2,2,2,5
5,8,14,29,47,87,153,183,286,245,304,194,119,102,62,17,11,11,13,0,4,10,9,7
8,6,11,51,81,132,191,231,286,337,351,303,186,104,45,22,14,11,9,8,5,3,3,6
4,9,29,48,96,130,176,245,310,392,404,254,161,127,102,43,19,5,1,5,8,0,0,2
1,0,10,57,86,119,158,195,224,290,325,227,176,148,124,107,78,12,9,7,6,10,7,0
11,13,8,14,63,103,128,148,163,171,192,198,176,151,134,122,101,13,9,12,9,0,4,4
7,5,9,13,42,78,104,114,126,132,142,159,148,138,135,125,109,73,10,6,9,8,11,7
3,8,5,13,11,29,53,81,101,107,120,118,119,113,116,115,104,81,14,13,4,3,2,3
8,10,9,10,20,13,55,53,61,80,104,111,103,105,105,104,104,93,51,10,7,2,12,9
3,3,9,13,11,52,52,46,52,52,54,55,64,81,93,101,102,75,34,27,9,10,1,8
5,8,12,6,12,12,16,15,41,24,37,48,44,53,49,52,52,49,16,12,11,8,6,2
11,10,11,11,13,14,23,32,44,42,39,35,35,44,52,49,54,50,39,9,5,1,2,6
0,8,5,9,9,13,14,23,51,54,40,7,26,51,66,64,79,60,34,16,7,0,3,0
10,0,10,0,10,12,13,14,52,51,31,8,13,51,59,74,106,100,43,16,9,1,7,7
0,3,8,0,5,10,14,38,50,35,12,0,0,14,61,82,87,74,61,31,9,2,10,10
0,0,7,0,0,5,10,13,32,18,7,6,5,4,56,63,86,73,64,37,12,0,12,10
1,2,0,0,0,2,10,17,29,20,0,1,7,10,47,62,58,58,57,14,11,0,10,0
0,0,0,0,0,0,14,11,13,12,9,0,11,29,24,36,55,56,51,28,12,6,8,6
0,0,0,0,0,0,13,10,13,11,11,10,5,25,30,51,62,55,43,17,12,5,2,5
0,0,0,0,0,4,2,14,28,14,5,11,18,11,13,50,58,62,36,14,7,13,5,7
0,0,0,0,0,6,6,33,14,25,13,14,14,8,12,30,52,43,55,14,6,8,5,0
0,0,0,0,1,5,5,17,28,29,13,8,6,11,0,19,33,58,24,13,4,0,6,0
0,0,0,0,2,11,14,35,45,20,12,13,13,13,8,6,35,51,50,14,9,7,12,5
1,3,0,5,8,36,51,55,53,52,26,11,10,12,15,6,0,12,14,33,14,16,7,0
5,0,6,9,12,13,54,73,61,62,50,11,13,12,6,2,0,11,13,14,14,3,11,3

1,0,0,0,0,0,0,3,9,12,13,5,6,8,0,2,0,7,6,0,0,3,8,0
7,0,0,0,0,6,3,26,63,76,105,77,53,8,5,0,3,0,0,0,4,0,7,6
2,0,0,0,0,8,7,60,86,120,130,112,103,9,8,0,10,5,0,2,1,0,8,4
0,0,0,0,0,0,5,64,75,111,113,102,68,14,12,5,11,11,14,6,4,0,0,0
0,0,0,0,2,4,0,0,57,75,65,12,13,0,30,12,10,14,22,14,7,7,9,7
0,0,5,10,12,42,60,76,159,190,155,136,97,57,36,42,38,11,9,27,26,10,4,4
5,2,7,8,14,50,70,124,201,294,301,246,204,140,88,62,57,61,64,76,59,14,1,0
4,0,0,0,12,62,97,134,154,229,216,213,170,148,151,131,94,104,108,98,75,12,10,2
0,1,0,0,8,67,87,130,157,167,138,165,151,134,137,157,175,156,207,119,56,39,11,3
3,5,11,5,2,58,104,124,158,142,118,56,62,81,100,110,119,125,111,98,58,13,14,7
0,9,13,10,2,58,98,123,162,165,132,88,72,55,14,37,11,53,64,14,34,9,10,6
0,0,0,0,38,70,79,148,182,178,160,104,71,57,9,13,3,3,15,4,11,10,0,0
0,0,0,4,53,75,108,138,171,180,162,132,105,100,43,4,0,0,0,0,0,0,0,3
0,0,0,10,53,96,121,142,165,188,176,133,106,58,3,0,8,6,0,0,0,0,0,0
0,7,5,23,17,55,101,136,138,143,149,132,111,82,3,0,0,0,2,0,0,0,6,4
2,0,10,10,44,91,69,121,137,117,104,91,95,76,0,5,4,7,6,0,0,6,3,0
10,7,12,11,61,106,107,120,109,99,106,76,86,53,9,6,9,6,0,0,4,1,9,0
11,16,26,32,48,56,92,108,143,133,132,96,66,53,26,30,18,8,9,2,3,10,9,7
0,4,13,13,57,106,128,139,174,169,155,123,69,55,8,6,0,5,1,4,3,5,6,10
8,12,35,39,61,110,130,162,264,241,217,137,104,59,13,14,36,11,6,6,2,2,2,5
5,8,14,29,47,87,152,183,286,245,305,195,119,102,62,17,11,11,13,0,4,10,9,7
8,7,11,51,81,132,191,231,286,338,352,304,186,105,45,22,14,11,9,8,6,3,3,7
4,9,29,49,95,130,176,245,310,392,405,255,161,128,103,43,19,5,1,5,8,0,0,2
1,0,10,56,85,118,158,195,223,290,325,227,176,148,124,107,78,12,9,7,6,10,7,0
11,13,8,14,63,103,128,148,163,171,192,198,176,151,134,122,101,13,9,12,9,0,4,4
7,5,9,13,42,79,104,114,126,132,142,159,148,138,135,125,109,73,10,6,9,8,11,7
3,8,5,13,11,29,52,81,101,107,120,119,119,113,116,115,104,81,14,13,4,3,2,3
8,10,9,10,21,13,56,53,61,80,104,112,103,105,105,105,104,95,52,10,7,2,12,9
3,3,9,13,11,53,52,45,54,52,54,56,64,81,93,102,102,75,35,27,9,10,1,8
5,8,12,6,12,13,16,16,41,25,37,48,44,53,49,52,52,49,16,12,11,8,6,2
11,10,11,11,13,14,23,32,44,42,39,35,36,44,52,50,53,50,38,9,5,1,3,6
0,8,5,9,9,13,14,24,51,55,41,7,25,51,66,64,79,60,34,16,7,0,3,0
10,0,10,0,10,12,13,15,52,51,32,7,13,51,59,74,106,100,43,16,9,1,7,7
0,3,8,0,5,10,14,38,49,35,12,0,0,14,61,82,87,74,61,31,9,2,10,10
0,0,7,0,0,5,10,13,32,19,7,6,6,4,57,63,86,74,64,38,12,0,12,10
1,3,0,0,0,2,10,16,29,21,0,1,7,11,48,62,58,58,57,14,11,0,10,0
0,0,0,0,0,0,14,11,14,13,9,0,11,29,24,36,55,55,51,29,12,6,8,6
0,0,0,0,1,0,13,10,13,11,11,10,4,25,30,51,62,55,43,17,12,5,2,5
0,0,0,0,0,4,2,14,28,14,5,11,18,11,13,50,58,62,35,14,7,13,5,7
0,0,0,0,0,6,6,33,14,24,14,14,15,8,12,30,52,43,55,14,6,8,5,0
0,0,0,0,1,5,5,16,28,29,13,8,6,11,0,19,33,58,25,13,4,0,6,0
0,0,0,0,3,11,14,35,46,22,12,13,13,13,8,7,36,51,50,14,9,7,12,4
1,2,0,6,8,36,51,55,53,52,26,11,10,12,15,6,0,13,14,33,14,16,7,0
6,0,6,9,12,13,54,73,61,63,50,11,13,12,6,2,0,11,13,14,14,3,11,3

1,0,0,0,0,0,0,3,9,12,13,5,6,8,0,2,0,7,6,0,0,3,8,0
7,0,0,0,0,6,3,24,63,76,104,77,53,8,5,0,3,0,0,0,4,0,7,6
2,0,0,0,0,8,8,60,86,120,130,112,103,8,8,0,10,5,0,2,1,0,8,4
0,0,0,0,0,0,5,64,75,111,113,102,69,14,12,5,10,11,14,6,4,0,0,0
0,0,0,0,2,4,0,0,57,75,65,12,13,0,29,12,10,14,22,14,7,7,9,7
0,0,5,10,12,42,60,76,158,189,154,135,96,57,35,42,38,11,9,27,26,11,4,4
5,2,7,8,14,50,70,123,200,293,299,245,203,140,88,62,57,62,64,76,59,14,2,0
4,0,0,0,12,62,97,134,156,231,216,213,170,147,151,131,94,104,108,98,75,12,10,2
0,1,0,0,8,67,87,130,158,167,138,165,151,134,137,157,175,156,207,119,56,39,11,3
3,5,11,5,3,58,104,125,160,143,119,56,63,81,100,110,119,125,112,98,58,13,14,7
0,9,13,10,2,58,98,124,164,166,133,88,72,55,14,37,11,53,64,14,34,9,10,6
0,0,0,0,40,70,80,149,184,180,161,104,71,57,9,13,3,3,15,4,11,10,0,0
0,0,0,5,53,76,108,139,172,181,163,132,105,100,42,4,0,0,0,0,0,0,0,3
0,0,0,10,54,98,122,143,168,189,176,134,106,58,2,0,8,5,0,0,0,0,0,0
0,6,5,24,22,56,102,138,139,142,148,130,111,81,3,0,0,0,2,0,0,0,6,4
2,0,10,10,44,92,69,122,137,116,103,90,94,75,0,5,3,7,6,0,0,6,3,0
10,7,12,11,60,106,107,120,109,98,105,75,85,53,9,6,9,6,0,0,4,1,9,0
11,16,26,32,48,56,92,108,142,132,131,95,66,52,25,30,18,8,9,3,3,10,9,7
0,4,13,13,57,105,128,139,174,169,155,122,69,54,8,6,0,5,1,4,3,5,6,10
8,12,34,38,61,110,130,162,265,242,220,138,104,58,12,14,36,12,6,6,2,2,2,5
5,8,14,29,47,87,152,182,286,246,305,195,119,102,62,16,11,11,13,0,4,10,9,7
8,7,11,51,81,132,191,230,286,338,351,304,186,105,45,22,14,11,9,8,5,3,3,7
4,9,29,49,95,130,176,245,309,392,407,255,161,127,102,43,19,5,1,5,8,0,0,2
1,0,10,56,85,119,158,195,223,289,326,228,176,148,124,107,78,12,9,7,6,10,7,0
10,13,8,14,62,103,128,148,163,171,192,198,175,150,134,122,101,13,9,12,9,0,4,4
7,5,9,13,44,79,104,114,126,132,142,159,148,138,135,125,109,73,10,5,9,8,11,7
3,8,5,13,11,29,51,80,101,107,120,118,119,113,115,115,104,81,14,13,4,3,2,4
8,10,9,10,21,13,56,53,61,81,104,112,103,105,105,104,104,93,52,10,7,2,12,9
3,3,9,13,11,51,52,46,52,52,54,55,64,82,93,101,102,75,34,27,9,10,1,8
5,8,12,6,12,13,16,16,41,25,37,47,44,53,49,52,52,49,16,12,11,8,6,2
11,10,11,11,13,14,23,32,44,42,39,35,35,44,52,49,54,50,38,9,5,1,2,6
0,8,5,9,9,13,14,24,51,55,41,7,26,50,66,64,79,60,34,16,7,0,3,0
10,0,10,0,10,12,13,15,52,51,32,7,13,51,60,74,106,100,43,16,9,1,7,7
0,3,8,0,5,10,14,39,50,35,12,0,0,14,62,82,87,74,61,30,9,2,10,10
0,0,7,0,0,5,10,13,32,19,8,6,5,4,56,63,86,73,64,37,12,0,12,10
1,3,0,0,0,2,10,18,29,21,0,1,7,11,48,62,58,58,57,14,11,0,10,0
0,0,0,0,0,0,14,12,14,13,9,0,11,27,24,36,55,55,51,28,12,6,8,6
0,0,0,0,1,0,14,10,13,11,11,10,5,25,30,51,62,55,44,17,12,5,2,5
0,0,0,0,0,4,2,14,28,14,6,11,18,11,13,50,58,62,36,14,7,13,5,7
0,0,0,0,0,7,6,34,14,25,14,13,14,8,12,31,52,43,55,14,6,8,5,0
0,0,0,0,1,5,6,16,28,29,13,8,6,11,1,19,33,58,25,14,4,0,6,0
0,0,0,0,3,11,14,35,46,21,12,13,13,13,8,7,37,51,50,14,9,7,12,4
1,2,0,6,8,37,51,55,53,52,26,11,10,12,15,6,0,13,14,35,13,16,7,0
6,0,6,9,12,13,54,73,61,62,50,11,13,12,6,2,0,11,13,14,14,3,11,3

1,0,0,0,0,0,0,3,9,12,13,5,6,8,0,2,0,7,6,0,0,3,8,0
7,0,0,0,0,6,3,24,62,76,105,77,53,8,4,0,3,0,0,0,4,0,7,6
2,0,0,0,0,8,7,60,86,120,130,112,103,8,8,0,10,5,0,2,1,0,8,4
0,0,0,0,0,0,5,64,75,111,113,102,68,14,12,5,10,11,14,6,4,0,0,0
0,0,0,0,2,4,0,0,57,75,65,12,13,0,31,12,10,14,22,14,7,7,9,7
0,0,5,10,12,42,59,76,158,189,154,135,96,57,35,42,38,11,9,26,26,10,4,4
5,2,7,8,14,50,70,123,201,293,300,245,203,140,88,62,57,62,64,76,59,14,1,0
4,0,0,0,12,62,97,134,155,230,216,213,169,148,151,130,94,104,108,98,75,12,10,2
0,1,0,0,8,67,87,130,158,167,138,165,151,134,137,158,175,156,207,119,56,39,11,3
3,5,11,5,3,58,104,125,160,143,119,56,63,81,100,110,119,125,111,98,58,13,14,7
0,8,13,10,3,59,98,124,165,167,133,88,72,55,14,38,11,53,64,14,34,9,10,6
0,0,0,0,41,70,80,150,185,180,161,104,71,58,9,13,4,4,15,4,11,10,0,0
0,0,0,5,54,76,108,140,173,182,163,132,105,100,43,4,0,0,0,0,0,0,0,3
0,0,0,11,54,98,122,144,169,190,176,133,106,58,2,0,8,6,0,0,0,0,0,0
0,6,5,25,21,56,102,138,139,142,147,129,110,80,2,0,0,0,2,0,0,0,6,4
2,0,10,10,47,92,69,122,137,116,102,89,93,74,0,5,3,7,6,0,0,6,3,0
10,7,12,11,60,105,106,120,109,98,105,75,85,52,9,6,9,7,0,0,4,1,9,0
11,16,26,32,47,56,91,108,142,132,131,95,66,52,25,30,18,8,9,3,3,10,9,7
0,4,13,13,57,105,128,138,174,169,155,122,68,54,8,6,0,5,1,4,4,5,6,10
8,12,34,39,61,110,130,161,265,243,220,138,104,58,13,13,36,12,6,6,2,2,2,5
5,8,14,29,47,87,152,182,286,246,306,195,119,102,62,15,11,11,13,0,4,10,9,7
8,7,11,52,81,132,191,230,285,337,352,305,187,105,45,22,14,11,9,8,6,3,3,6
4,9,29,49,96,130,176,245,308,391,408,256,161,127,102,43,19,5,1,5,8,0,0,2
1,0,10,56,85,118,158,195,223,288,327,229,176,147,124,107,77,12,9,7,6,10,7,0
11,13,8,14,63,103,128,148,163,171,192,198,175,150,133,122,101,13,9,12,9,0,4,4
7,5,9,13,42,78,104,114,126,132,142,159,148,138,135,125,109,73,10,5,9,8,11,7
3,8,5,13,11,29,51,81,101,107,120,118,119,113,115,115,104,81,14,13,4,3,2,3
8,10,9,10,21,13,55,53,61,80,104,112,103,105,105,104,104,95,52,9,7,2,12,9
3,3,9,13,11,51,52,45,52,52,54,55,64,82,93,101,102,75,35,27,9,10,1,7
5,8,12,6,12,13,16,16,41,25,37,48,44,53,49,52,52,49,17,12,11,8,6,2
11,10,11,11,13,14,23,32,44,42,39,35,35,44,52,49,53,50,38,9,5,1,2,6
0,8,5,9,9,13,14,23,51,55,40,7,24,50,66,64,79,60,33,16,7,0,3,0
10,0,10,0,10,12,13,15,52,51,30,7,13,51,59,74,106,100,43,16,9,1,7,7
0,4,8,0,5,10,14,38,50,35,12,0,0,14,62,82,87,74,61,30,9,2,10,10
0,0,7,0,0,5,10,13,32,19,7,6,6,4,56,64,86,73,64,37,12,0,12,10
1,3,0,0,0,2,10,18,29,21,0,1,7,11,47,62,58,58,57,14,11,0,10,0
0,0,0,0,0,0,14,12,14,13,9,0,11,29,25,36,56,55,51,28,12,6,8,6
0,0,0,0,1,0,13,10,13,11,11,10,5,24,30,51,62,55,43,17,12,5,2,5
0,0,0,0,0,4,2,14,30,14,6,11,18,11,13,50,58,62,35,14,7,13,5,7
0,0,0,0,0,7,6,33,14,24,14,13,15,8,12,31,52,43,55,14,6,8,5,0
0,0,0,0,1,5,6,17,28,30,13,8,6,11,1,19,33,58,26,14,4,0,6,0
0,0,0,0,3,11,14,36,46,21,12,13,13,13,8,7,39,51,50,14,9,7,12,5
1,3,0,6,9,36,51,55,53,52,26,11,10,12,15,6,0,13,14,34,14,16,7,0
6,0,6,9,12,13,54,73,61,62,50,11,13,11,6,2,0,11,13,14,14,3,11,3

1,0,0,0,0,0,0,3,9,12,13,5,6,8,0,2,0,7,6,0,0,3,8,0
7,0,0,0,0,6,3,24,63,76,105,77,53,8,5,0,3,0,0,0,4,0,7,6
2,0,0,0,0,8,8,60,86,120,130,112,104,8,8,0,10,5,0,2,1,0,8,4
0,0,0,0,0,0,5,65,75,111,113,102,68,14,12,5,10,11,14,6,4,0,0,0
0,0,0,0,3,4,0,0,57,74,65,12,13,0,31,12,9,14,22,14,7,7,9,7
0,0,5,10,12,42,59,76,158,189,154,135,96,57,35,42,38,11,9,26,25,10,4,4
5,2,7,8,14,50,70,123,201,293,300,245,203,140,88,62,57,62,64,76,58,14,1,0
4,0,0,0,12,63,97,134,155,229,216,213,169,148,151,130,94,104,107,98,74,12,10,2
0,1,0,0,8,67,87,130,158,168,139,165,151,134,137,157,175,156,207,120,56,39,11,3
3,5,11,5,3,58,105,125,161,143,119,56,63,81,100,110,119,126,112,99,58,13,14,7
0,9,13,10,3,59,98,124,166,168,134,89,72,55,14,38,11,53,64,14,33,9,10,6
0,0,0,0,41,70,80,151,185,181,162,104,71,58,9,13,4,4,16,4,11,10,0,0
0,0,0,5,54,77,108,140,174,183,163,132,105,100,40,4,0,0,0,0,0,0,0,3
0,0,0,11,54,99,122,144,170,190,176,133,106,55,2,0,8,6,0,0,0,0,0,0
0,6,5,25,23,56,102,138,139,143,147,129,110,80,2,0,0,0,2,0,0,0,6,4
2,0,9,10,45,92,69,122,137,115,102,89,93,74,0,5,4,7,6,0,0,6,3,0
10,7,12,11,59,105,106,120,109,98,105,74,84,51,9,6,9,7,0,0,4,1,9,0
11,16,25,32,47,55,91,108,142,132,130,94,65,51,24,30,18,8,9,3,3,10,9,7
0,4,13,13,57,105,128,139,174,170,156,122,68,54,8,6,0,5,2,4,4,5,6,10
8,12,35,38,61,110,130,162,266,244,221,138,104,58,12,14,35,12,6,6,2,2,2,5
5,8,14,30,47,87,152,182,286,246,306,195,119,102,61,17,11,11,13,0,4,10,9,7
8,7,11,52,81,132,191,230,285,337,351,304,186,105,45,22,14,11,9,8,6,3,3,7
4,9,29,49,95,130,176,244,308,390,407,256,161,127,102,43,19,5,1,5,8,0,0,2
1,0,10,56,85,119,158,195,222,287,326,228,176,147,124,107,78,11,9,7,6,10,7,0
11,13,7,14,63,103,128,148,163,171,192,197,175,150,133,122,101,13,9,12,9,0,4,4
7,5,9,14,42,78,104,114,126,132,142,159,148,137,135,125,109,72,10,5,9,8,11,7
3,8,5,13,11,31,52,81,101,107,120,118,119,113,115,115,104,82,14,13,4,3,2,3
8,10,9,10,21,13,55,53,61,80,104,112,103,105,105,104,104,95,52,9,7,2,12,9
3,3,9,13,11,51,52,46,52,52,54,55,64,82,93,102,102,75,35,27,9,10,1,7
5,8,12,6,12,13,16,16,41,25,37,48,44,53,49,52,52,49,16,12,11,8,6,2
11,10,11,11,13,14,23,32,45,42,39,35,36,44,52,50,53,50,38,9,5,1,2,6
0,8,5,9,9,13,14,24,51,55,40,7,25,50,65,64,78,60,34,16,7,0,3,0
10,0,10,0,10,12,13,15,52,51,31,7,13,51,59,74,106,100,43,16,9,1,7,7
0,3,8,0,5,10,14,38,50,36,12,0,0,14,61,82,87,74,61,30,9,2,10,10
0,0,7,0,0,5,10,13,34,19,8,6,5,4,56,63,86,73,64,37,12,0,12,10
1,3,0,0,0,2,10,18,30,20,0,1,7,11,48,62,58,58,57,14,11,0,10,0
0,0,0,0,0,0,14,12,14,13,9,0,11,31,24,36,56,55,51,28,12,6,8,6
0,0,0,0,1,1,14,10,13,11,11,10,5,25,30,51,62,55,43,17,12,5,2,5
0,0,0,0,0,5,2,14,29,14,6,11,18,11,13,50,58,62,36,14,7,13,5,7
0,0,0,0,0,7,6,34,15,24,13,13,14,9,12,31,52,43,55,14,6,8,5,0
0,0,0,0,1,5,6,17,28,28,13,8,6,11,1,19,33,58,25,14,4,0,6,0
0,0,0,0,2,11,14,35,46,20,12,13,13,13,8,7,40,51,50,14,9,7,12,4
1,3,0,7,9,37,51,55,53,52,25,11,10,12,15,6,0,13,14,34,14,16,7,0
6,0,6,9,12,13,54,73,61,62,50,11,13,11,6,2,0,11,13,14,14,3,11,3
0,6,9,0,0,0,0,0,0,33,57,66,68,37,10,8,0,0,0,0,0,0,0,1
0,0,3,4,0,0,0,8,14,3,4,9,2,0,12,6,0,2,0,0,0,0,0,8
0,5,0,0,0,0,9,22,50,61,108,112,105,82,53,19,13,13,29,21,14,10,6,10
7,0,0,0,0,27,0,51,80,169,225,203,194,153,116,75,76,66,68,57,52,37,17,12
6,10,0,0,8,24,82,86,154,259,268,262,224,203,174,128,94,76,103,108,75,53,13,11
5,0,0,2,0,14,73,158,248,324,287,247,200,147,141,141,118,120,120,131,85,50,15,14
2,5,2,0,9,58,103,142,245,252,197,130,88,107,88,86,97,84,99,102,68,42,12,11
12,4,0,2,10,62,87,142,215,190,129,94,68,15,1,13,2,0,11,13,21,14,3,4
0,0,1,0,12,61,89,147,176,174,118,107,70,11,0,0,0,0,3,0,2,29,7,0
8,0,0,0,4,69,132,177,190,182,143,103,71,6,0,2,0,0,0,2,0,2,0,0
2,1,0,0,11,95,154,192,212,195,146,94,62,8,3,13,7,2,1,0,0,0,0,0
0,0,1,0,16,92,143,214,271,227,155,88,62,13,14,3,2,10,0,0,0,0,0,0
0,0,0,1,50,88,119,202,228,203,142,110,62,52,13,0,8,2,1,0,3,0,0,5
0,0,0,0,71,109,123,161,165,150,127,105,73,46,0,6,4,5,7,8,0,6,4,0
0,0,0,0,68,115,131,142,137,135,117,107,60,1,8,5,3,0,9,0,7,8,3,0
0,0,2,3,52,102,137,130,126,110,105,81,50,40,7,0,0,5,0,0,9,4,4,5
0,1,3,14,80,119,134,120,110,80,67,65,51,34,13,11,10,12,3,7,8,2,6,4
1,15,41,58,87,148,210,247,227,129,69,49,44,44,29,25,20,13,18,10,12,14,22,10
7,29,63,117,158,214,242,248,239,194,107,70,79,71,13,4,7,6,11,10,7,7,6,0
2,50,89,144,172,226,295,330,300,231,164,125,102,59,14,4,7,10,10,3,5,8,6,0
11,48,95,150,205,235,289,334,323,233,163,134,113,100,16,6,7,13,8,9,9,11,9,0
10,21,63,133,187,197,225,260,251,231,215,179,123,96,44,26,18,16,12,10,4,5,5,0
5,18,24,101,123,128,174,191,192,181,169,162,145,120,76,28,10,21,18,7,3,11,7,7
0,9,12,12,103,103,124,141,157,144,162,157,140,121,107,82,54,8,8,2,0,0,0,0
5,4,8,6,13,37,101,110,124,136,132,126,130,123,107,101,13,12,7,3,0,0,8,0
12,9,10,35,39,45,86,100,106,112,120,115,112,112,105,102,11,7,2,4,6,2,0,6
8,10,9,7,7,14,14,56,62,101,100,100,101,105,104,100,64,8,10,3,0,0,3,0
9,8,3,6,11,5,11,36,45,60,55,61,101,101,102,96,60,7,4,8,6,9,7,0
0,7,13,5,6,36,72,70,51,56,53,56,65,71,70,74,36,12,0,7,11,6,9,1
1,10,5,13,8,36,50,39,29,32,43,55,69,92,91,63,6,6,3,0,3,9,6,9
0,7,11,13,13,35,48,45,23,35,50,57,67,81,65,52,10,13,9,9,11,12,10,9
7,12,10,28,38,50,45,29,41,51,57,58,68,111,72,53,11,7,6,7,6,5,4,0
9,7,23,49,52,34,28,13,11,24,59,65,76,83,61,53,36,8,12,2,0,6,5,11
10,15,50,54,51,32,16,11,11,11,55,59,67,55,50,50,35,12,13,0,0,0,0,7
18,24,41,52,45,13,6,10,12,12,50,51,55,41,39,26,12,9,12,0,0,0,0,0
11,16,23,35,9,4,0,0,12,23,44,53,50,23,11,8,9,7,6,0,0,0,4,7
10,13,14,12,7,2,0,0,2,21,52,50,41,12,11,8,7,12,1,0,0,0,2,1
10,10,10,13,14,0,0,0,4,14,45,51,14,12,7,5,6,8,3,0,0,0,0,0
41,51,13,10,12,6,10,2,13,12,51,35,10,13,8,5,6,0,0,0,0,0,0,0
26,43,20,11,10,15,11,9,9,10,51,55,45,21,19,9,0,0,0,0,0,0,0,0
35,30,20,13,11,8,8,7,9,6,14,53,50,40,25,12,5,0,6,0,8,1,3,0
39,28,23,15,12,9,0,11,9,5,6,14,53,13,12,5,6,11,10,5,0,0,5,4
14,21,29,14,1,1,4,0,0,5,9,11,14,12,11,0,0,0,0,1,0,0,5,0
10,13,9,12,10,0,5,0,0,0,9,10,7,7,5,7,10,7,5,6,3,1,0,0

0,6,9,0,0,0,0,0,0,34,58,66,69,40,10,8,0,0,0,0,0,0,0,1
0,0,3,4,0,0,0,8,14,3,4,9,2,0,12,6,0,2,0,0,0,0,0,8
0,5,0,0,0,0,9,22,50,61,108,112,105,83,53,17,13,13,28,17,14,10,6,10
7,0,0,0,0,27,0,51,80,168,225,202,194,153,116,75,77,66,68,57,51,36,17,12
6,10,0,0,8,24,82,86,154,258,268,261,224,202,174,127,94,76,102,108,75,53,13,11
5,0,0,2,0,14,73,159,249,323,287,248,200,147,141,141,118,119,120,131,85,50,14,14
2,5,2,0,9,58,103,143,246,255,199,130,88,107,88,87,97,84,100,102,68,42,12,11
12,4,0,2,10,62,87,143,218,192,130,95,69,18,1,13,2,0,11,13,21,14,3,4
0,0,2,0,12,62,90,148,178,177,119,107,70,11,0,0,0,0,2,0,2,30,7,0
8,0,0,0,5,69,133,180,193,184,144,104,71,6,0,2,0,0,0,2,0,2,0,0
2,1,0,0,11,96,156,195,216,197,147,95,63,8,3,13,6,2,1,0,0,0,0,0
0,0,1,0,21,93,145,218,273,229,156,88,62,13,14,2,2,10,0,0,0,0,0,0
0,0,0,2,51,89,119,203,229,203,142,110,62,53,13,0,8,2,1,0,3,0,0,5
0,0,0,0,70,110,123,161,164,150,126,105,71,40,0,6,4,5,7,8,0,5,4,0
0,0,0,0,67,115,130,141,137,134,117,106,59,0,8,5,3,0,9,0,7,8,3,0
0,0,3,3,51,101,136,130,125,109,105,80,47,37,7,0,0,5,0,0,9,4,4,5
0,1,3,14,79,119,133,120,108,79,67,64,50,34,13,10,10,12,3,7,8,2,6,4
1,15,40,57,86,147,207,245,225,127,69,48,44,44,28,25,20,13,18,10,12,14,22,10
7,29,62,117,158,212,241,246,236,193,107,70,78,71,13,4,7,6,11,10,8,7,6,0
2,50,88,144,171,226,295,329,298,230,163,125,102,58,14,4,6,10,10,3,5,8,6,0
11,48,95,150,204,235,289,334,323,233,162,134,113,100,17,6,7,13,8,9,8,10,9,0
10,21,63,133,187,196,225,260,251,231,215,179,123,96,44,25,18,16,12,9,4,5,5,0
5,17,25,101,123,128,174,191,191,181,169,161,145,120,76,28,10,21,18,7,3,11,7,7
0,9,12,12,103,103,124,141,157,144,162,157,141,121,107,82,55,8,8,2,0,0,0,0
5,4,8,6,13,37,101,111,124,136,132,126,130,123,107,101,13,12,7,3,0,0,8,0
12,9,10,35,39,45,87,100,106,113,120,115,112,112,105,102,12,7,2,4,6,2,0,6
8,9,9,7,7,15,14,57,59,101,100,100,101,105,104,100,65,8,10,3,0,0,3,0
9,8,3,6,11,5,12,37,45,60,55,61,101,101,102,96,60,8,4,8,6,9,7,0
0,7,13,5,6,36,73,73,51,56,54,56,65,71,70,75,39,12,0,7,11,6,9,1
0,10,5,13,8,36,51,39,30,32,43,55,69,92,92,63,8,6,3,0,3,9,6,9
0,6,11,13,13,37,49,45,23,35,50,57,67,81,65,53,10,13,9,9,11,12,10,9
7,12,10,28,39,50,45,31,41,51,57,57,68,111,73,53,11,7,6,6,6,5,4,0
9,7,23,50,52,34,28,13,12,25,59,65,76,83,61,53,37,8,12,2,0,6,5,11
10,16,50,54,52,33,17,12,11,12,55,59,67,56,50,50,35,12,13,0,0,0,0,7
18,24,41,52,47,13,6,11,12,13,50,51,55,42,39,26,12,9,12,0,0,0,0,0
11,17,23,36,9,4,0,0,12,23,46,53,50,23,11,8,9,8,6,0,0,0,4,7
10,13,14,12,7,2,0,0,2,21,52,50,40,12,11,8,7,12,2,0,0,0,2,1
10,10,10,13,15,0,0,0,4,15,46,51,14,12,7,5,6,8,2,0,0,0,0,0
41,51,13,10,13,6,10,2,13,13,52,35,11,13,8,5,6,0,0,0,0,0,0,0
26,43,21,11,10,16,11,9,9,10,51,55,45,21,20,9,0,0,0,0,0,0,0,0
35,30,20,13,11,8,8,7,9,7,14,53,50,40,25,12,5,0,6,0,7,1,3,0
39,28,23,16,12,9,0,11,9,5,6,14,52,13,12,5,6,11,10,5,0,0,5,4
14,22,29,14,1,1,4,0,0,5,9,12,14,12,11,0,0,0,0,1,0,0,5,0
10,13,9,12,11,0,5,0,0,0,9,10,7,7,5,7,10,7,5,6,3,0,0,0

0,6,9,0,0,0,0,0,0,35,58,66,69,40,10,8,0,0,0,0,0,0,0,1
0,0,3,4,0,0,0,8,13,4,4,9,2,0,12,5,0,2,0,0,0,0,0,8
0,5,0,0,0,0,9,22,50,61,108,112,105,82,53,17,13,13,28,15,14,10,5,10
7,0,0,0,0,27,0,51,79,168,224,202,194,152,116,75,76,66,68,57,51,36,17,12
6,10,0,0,8,24,82,87,154,257,267,261,224,202,173,127,94,75,102,108,75,53,13,10
5,0,0,2,0,14,73,159,248,323,287,248,200,147,141,141,118,119,120,130,84,50,15,14
2,5,2,0,9,58,103,143,245,255,200,130,88,107,88,87,97,84,100,102,68,42,12,11
12,4,0,2,10,62,87,144,219,193,131,95,69,21,1,13,2,0,11,12,20,14,3,4
0,0,2,0,12,62,90,149,179,178,120,108,71,12,0,0,0,0,2,0,2,29,7,0
8,0,0,0,5,69,133,181,194,185,145,104,71,6,0,2,0,0,0,2,0,2,0,0
2,1,0,0,11,96,156,196,217,199,148,95,63,9,3,13,6,2,1,0,0,0,0,0
0,0,1,0,23,94,146,220,275,230,156,88,62,14,13,1,2,10,0,0,0,0,0,0
0,0,0,3,50,89,119,204,230,203,142,110,62,53,13,0,8,2,1,0,3,0,0,5
0,0,0,0,69,109,123,160,164,149,126,105,70,40,0,6,4,5,7,8,0,5,4,0
0,0,0,0,66,115,130,141,136,134,117,106,58,0,8,5,3,0,9,0,7,8,3,0
0,0,2,3,51,101,136,129,125,109,104,79,41,35,7,0,0,5,0,0,9,4,4,5
0,1,3,14,80,119,133,119,108,80,67,64,50,32,13,10,10,12,3,7,8,2,6,4
1,15,40,57,86,146,206,245,225,128,69,48,43,44,28,25,20,13,18,10,12,14,22,10
7,29,62,117,158,211,240,245,236,192,107,69,77,71,13,4,7,6,11,10,8,7,6,0
2,50,88,144,171,225,295,328,298,230,163,125,102,58,14,4,6,10,10,3,5,8,6,0
11,48,95,150,204,235,288,334,324,233,162,134,113,100,17,6,7,13,8,9,9,10,8,0
10,20,63,133,187,197,225,259,252,231,214,179,123,96,44,25,18,16,12,9,4,5,4,0
5,17,24,101,123,128,174,191,192,181,169,162,145,120,77,28,10,21,18,7,3,11,7,7
0,9,12,12,103,103,124,141,157,144,162,157,141,121,107,82,54,8,8,2,0,0,0,0
5,4,8,6,13,37,101,111,124,136,131,126,130,123,107,101,13,12,7,3,0,0,8,0
12,9,10,35,40,44,86,100,106,112,120,115,112,112,105,102,12,7,2,4,6,2,0,6
8,9,9,7,7,14,14,56,59,101,100,100,101,104,104,100,65,8,10,3,0,0,3,0
9,8,3,6,11,5,12,40,43,60,56,61,101,101,102,96,60,8,4,8,6,9,7,0
0,7,13,5,6,37,75,73,52,58,54,56,65,71,70,75,44,12,0,7,11,6,9,1
1,10,5,13,9,37,51,39,30,32,44,55,69,92,92,64,8,6,3,0,3,9,6,9
0,7,11,13,13,36,48,44,23,35,50,57,67,81,65,53,10,13,9,9,11,12,10,8
7,12,10,29,39,50,45,30,43,51,57,57,68,111,74,53,11,7,6,6,5,5,4,0
9,8,24,50,52,34,28,13,12,25,58,65,75,83,61,53,38,8,12,2,0,6,4,11
10,16,50,54,52,34,18,12,11,12,55,59,67,55,51,50,36,12,13,0,0,0,0,8
18,24,42,52,47,13,6,11,12,13,50,51,55,42,39,26,12,9,12,0,0,0,0,0
11,17,24,36,9,4,0,0,12,24,44,53,50,24,11,8,9,7,6,0,0,0,4,7
10,13,14,12,7,3,0,0,3,22,52,50,41,12,11,8,7,12,2,0,0,0,2,1
10,10,10,13,15,0,0,0,5,16,46,51,14,12,7,5,6,8,2,0,0,0,0,0
41,51,13,11,13,6,11,2,13,12,51,36,11,13,8,5,6,0,0,0,0,0,0,0
26,43,22,11,10,17,11,9,10,10,51,55,45,21,20,9,0,0,0,0,0,0,0,0
35,30,21,14,11,8,8,7,9,7,14,53,50,40,25,12,5,0,6,0,7,1,3,0
39,28,23,16,12,9,0,12,9,5,7,14,53,13,12,5,6,11,10,5,0,0,5,4
14,22,29,14,1,2,4,0,0,5,9,11,14,12,11,0,0,0,0,1,0,0,5,0
10,13,9,12,11,0,5,0,0,0,9,10,7,7,5,7,10,7,5,6,3,0,0,0

0,6,9,0,0,0,0,0,0,35,58,66,69,40,10,8,0,0,0,0,0,0,0,1
0,0,3,4,0,0,0,8,13,4,4,9,2,0,12,6,0,2,0,0,0,0,0,8
0,5,0,0,0,0,9,21,50,61,108,112,105,82,53,17,13,13,27,14,13,10,5,10
7,0,0,0,0,27,0,51,79,168,224,202,193,152,116,75,76,66,68,57,51,36,17,12
6,10,0,0,8,24,83,86,155,258,266,261,223,202,173,127,94,75,102,108,75,53,13,10
5,0,0,2,0,14,74,160,249,324,287,248,200,147,141,141,118,119,119,130,84,50,15,14
2,5,2,0,9,58,104,144,247,256,199,130,88,107,88,87,98,84,100,102,67,42,12,11
12,4,0,3,10,62,87,145,220,193,132,95,69,22,2,13,2,0,11,13,20,14,3,4
0,0,2,0,12,62,90,149,179,178,120,108,71,12,0,0,0,0,2,0,2,29,7,0
8,0,0,0,5,69,134,181,195,185,145,104,72,6,0,2,0,0,0,2,0,1,0,0
2,1,0,0,11,96,157,196,218,200,149,95,63,9,3,13,6,2,1,0,0,0,0,0
0,0,1,0,24,94,147,221,276,231,156,87,61,14,13,1,2,10,0,0,0,0,0,0
0,0,0,3,50,89,119,203,230,203,142,109,62,53,13,0,7,2,0,0,3,0,0,5
0,0,0,0,68,110,123,160,164,149,126,105,69,37,0,6,4,5,7,8,0,5,4,0
0,0,0,0,66,115,129,140,136,133,116,106,57,0,8,5,3,0,9,0,6,8,3,0
0,0,2,3,51,101,136,129,125,109,104,78,37,33,7,0,0,5,0,0,9,4,4,5
0,1,3,14,79,119,133,120,109,80,67,63,50,32,13,10,10,12,3,7,8,2,6,4
1,15,40,57,86,146,206,244,226,128,69,48,44,44,28,24,20,13,18,10,12,14,22,10
7,29,62,117,157,211,240,245,236,193,107,69,78,70,13,4,7,6,11,10,7,7,6,0
2,50,88,143,171,225,295,329,298,230,163,125,102,58,14,4,6,10,10,3,5,8,6,0
11,48,95,150,204,235,289,334,325,234,162,134,113,100,16,6,7,13,8,9,8,11,8,0
10,20,62,133,187,197,225,260,252,231,215,178,123,96,44,25,18,16,12,9,4,5,4,0
5,17,24,101,122,128,174,191,192,181,169,161,145,120,77,28,10,21,18,7,3,11,7,7
0,9,12,12,103,103,124,141,157,144,161,157,141,121,107,83,54,8,8,2,0,0,0,0
5,4,8,6,13,37,101,111,124,136,132,126,130,123,107,101,13,12,7,3,0,0,8,0
12,9,10,35,40,45,86,100,106,112,120,115,112,112,105,102,12,7,2,4,6,2,0,6
8,9,9,7,7,14,14,57,60,101,100,100,101,105,104,100,66,8,10,3,0,0,3,0
9,8,3,6,11,5,12,40,45,60,55,61,101,101,102,97,60,8,4,8,6,9,7,0
0,7,14,5,6,37,74,73,52,56,54,56,65,71,70,75,43,12,0,7,10,6,9,1
1,10,5,13,9,37,51,39,30,32,44,55,69,93,92,64,9,6,3,0,3,9,6,9
0,7,11,13,13,37,49,44,24,35,50,57,67,81,65,53,10,13,9,9,11,12,10,9
7,12,11,29,39,50,46,30,43,51,57,57,68,111,73,53,11,7,6,6,6,5,4,0
9,8,24,50,52,34,27,13,12,28,58,65,75,83,61,53,37,8,12,2,0,6,5,11
10,16,50,54,52,34,18,12,11,12,56,59,67,56,51,50,35,12,13,0,0,0,0,8
18,24,41,52,47,13,6,11,13,13,50,51,55,42,39,26,12,10,12,0,0,0,0,0
11,17,24,36,9,5,0,0,13,24,46,53,50,24,11,8,9,7,6,0,0,0,4,7
11,13,14,12,7,3,0,0,3,22,52,50,41,12,11,8,7,12,2,0,0,0,1,1
10,10,10,13,15,0,0,0,5,17,46,51,14,12,7,5,6,8,3,0,0,0,0,0
41,51,13,11,13,7,11,2,13,13,52,35,11,13,8,5,6,0,0,0,0,0,0,0
26,43,22,11,10,19,11,9,10,10,51,55,45,21,20,9,0,0,0,0,0,0,0,0
35,30,20,14,11,8,8,7,10,7,14,53,50,41,26,12,5,0,6,0,7,1,2,0
40,28,23,16,12,9,0,12,9,5,7,14,53,13,12,5,6,11,10,5,0,0,5,4
14,22,29,14,1,2,4,0,0,5,9,11,14,12,11,0,0,0,0,2,0,0,5,0
10,13,9,12,11,0,5,0,0,0,9,10,7,7,5,7,10,7,5,6,3,0,0,0

0,6,9,0,0,0,0,0,0,35,59,66,69,40,10,8,0,0,0,0,0,0,0,2
0,0,3,5,0,0,0,8,13,4,4,9,2,0,12,5,0,2,0,0,0,0,0,8
0,5,0,0,0,0,9,21,50,61,108,112,105,82,53,16,13,13,25,14,13,10,5,10
7,0,0,0,0,27,0,51,79,168,223,201,194,152,116,75,76,66,68,57,51,36,17,12
6,10,0,0,8,24,82,86,155,258,267,261,223,201,173,127,94,75,102,107,75,53,13,10
5,0,0,2,0,14,74,160,249,325,286,247,200,147,141,141,118,119,119,129,84,50,15,14
2,5,2,0,9,58,104,145,247,257,200,130,88,107,88,87,98,84,100,102,68,42,12,11
12,4,0,3,10,62,88,145,221,194,132,95,69,22,2,14,2,0,11,13,20,14,3,4
0,0,2,0,12,62,91,149,180,179,120,108,70,12,0,0,0,0,2,0,2,29,7,0
8,0,0,0,5,69,134,182,194,186,145,104,71,6,0,2,0,0,0,2,0,1,0,0
2,1,0,0,11,96,157,196,218,200,148,95,63,9,3,13,6,2,1,0,0,0,0,0
0,0,1,0,24,94,146,220,276,231,156,88,61,14,13,1,1,10,0,0,0,0,0,0
0,0,0,3,50,89,119,203,230,204,142,109,62,52,13,0,7,2,0,0,3,0,0,5
0,0,0,0,68,109,123,160,164,150,126,105,69,36,0,5,4,5,7,8,0,5,4,0
0,0,0,0,66,115,129,140,136,133,116,105,57,0,8,5,3,0,9,0,6,8,3,0
0,0,2,3,51,101,136,129,125,109,104,77,35,33,7,0,0,5,0,0,9,4,4,5
0,1,3,14,80,119,133,120,109,80,67,63,50,32,13,10,10,12,3,7,8,2,6,4
1,15,40,57,86,146,206,245,226,128,68,48,43,44,28,24,20,13,18,10,12,14,22,10
7,29,62,117,157,211,240,246,236,193,107,69,77,70,13,4,7,6,11,10,7,7,6,0
2,50,88,143,171,226,295,328,299,230,163,125,102,58,14,4,6,10,10,3,5,8,6,0
11,48,95,150,205,235,289,334,325,234,162,134,113,100,16,6,7,13,8,9,8,11,8,0
10,21,62,133,187,197,226,259,252,231,214,178,123,96,44,26,18,16,12,9,4,5,4,0
5,17,24,101,123,128,174,191,192,181,169,161,145,120,78,28,10,21,18,7,3,11,7,7
0,9,12,12,103,103,124,141,157,144,161,157,140,121,108,83,55,8,8,1,0,0,0,0
5,4,8,6,13,37,101,111,124,136,132,126,130,123,107,101,13,12,7,3,0,0,8,0
12,9,10,35,39,44,85,100,106,112,120,115,112,112,105,102,12,7,2,4,6,2,0,6
8,9,9,7,7,15,14,57,62,101,100,100,101,105,104,100,66,8,10,3,0,0,3,0
9,8,3,6,11,5,12,39,46,60,55,61,101,101,102,97,60,8,4,8,6,9,7,0
0,7,13,5,6,37,75,75,53,57,54,57,65,71,70,75,43,12,0,7,11,6,9,1
1,10,5,13,9,37,51,40,30,32,44,55,69,93,92,64,9,6,3,0,3,9,6,9
0,7,11,13,13,38,49,45,24,36,50,57,67,81,65,53,10,13,9,9,11,12,10,8
7,12,11,29,39,50,46,31,44,52,57,57,68,111,74,53,11,7,6,7,6,5,4,0
9,8,24,50,52,34,28,13,12,29,58,65,75,83,61,53,38,8,12,2,0,6,4,11
10,16,51,54,52,35,20,12,12,12,55,59,67,56,50,50,36,12,13,0,0,0,0,7
18,24,41,52,48,13,7,11,13,13,50,51,55,41,39,26,12,10,12,0,0,0,0,0
11,17,24,37,9,5,0,0,13,24,45,53,51,24,11,8,9,7,6,0,0,0,4,7
11,13,14,12,7,4,0,0,3,23,52,50,41,12,11,8,7,12,2,0,0,0,1,1
10,10,10,13,15,0,0,0,5,16,46,51,14,12,7,5,6,8,2,0,0,0,0,0
42,51,13,11,13,7,11,3,13,13,52,35,11,13,8,5,6,0,0,0,0,0,0,0
26,43,23,11,11,20,11,9,10,10,51,55,46,21,20,9,0,0,0,0,0,0,0,0
35,31,21,14,11,8,8,7,10,6,14,53,50,40,26,12,5,0,6,0,7,1,2,0
40,28,23,17,12,9,0,12,9,5,7,14,53,13,12,5,6,11,10,5,0,0,5,4
14,22,30,14,2,2,4,0,0,5,9,11,14,12,11,0,0,0,0,1,0,0,5,0
10,13,9,12,11,0,5,0,0,0,9,10,7,7,5,7,10,7,5,6,3,0,0,0

0,6,9,0,0,0,0,0,0,35,58,66,69,41,10,8,0,0,0,0,0,0,0,1
0,0,3,5,0,0,0,8,13,4,4,9,2,0,12,6,0,2,0,0,0,0,0,8
0,5,0,0,0,0,9,21,50,61,108,112,105,83,53,19,13,13,27,14,14,10,5,10
7,0,0,0,0,27,0,51,79,168,223,202,194,152,116,75,76,66,68,57,51,36,17,12
6,10,0,0,8,24,83,86,154,259,267,262,224,202,173,127,94,75,102,107,75,53,13,10
5,0,0,2,0,14,74,160,249,325,287,248,201,147,142,141,118,119,119,129,84,50,14,14
2,5,2,0,9,58,104,144,246,256,200,130,88,107,88,87,98,84,100,102,67,41,12,11
12,4,0,2,10,62,88,145,219,193,131,95,69,20,2,13,2,0,11,13,20,14,3,4
0,0,2,0,12,62,90,149,179,177,120,107,70,12,0,0,0,0,2,0,2,29,7,0
8,0,0,0,5,69,133,181,193,185,145,103,71,6,0,1,0,0,0,2,0,1,0,0
2,1,0,0,11,96,155,194,215,197,147,95,62,9,3,13,6,1,1,0,0,0,0,0
0,0,1,0,22,93,145,217,273,230,157,88,62,14,13,1,1,10,0,0,0,0,0,0
0,0,0,3,50,89,119,203,229,205,143,110,62,53,13,0,7,2,0,0,3,0,0,6
0,0,0,0,69,110,123,161,165,150,126,105,71,39,0,5,4,5,7,8,0,5,4,0
0,0,0,0,67,115,130,141,137,134,117,106,58,0,8,5,2,0,9,0,6,8,3,0
0,0,3,3,51,101,136,130,125,109,104,80,44,35,6,0,0,5,0,0,9,4,4,5
0,1,3,14,80,119,133,120,109,80,67,64,50,33,13,10,10,12,3,7,8,2,6,4
1,15,40,57,86,147,207,245,225,128,68,48,44,44,28,25,20,13,18,10,12,14,22,10
7,29,62,117,158,212,240,246,236,193,107,69,78,71,13,4,7,6,11,10,7,7,6,0
2,50,88,143,171,226,295,329,298,229,163,125,102,58,14,4,6,10,10,3,5,8,6,0
11,48,95,150,205,235,289,335,324,233,162,134,113,100,16,6,7,13,8,9,8,10,8,0
10,21,62,133,187,197,225,259,251,230,214,178,123,96,45,25,18,16,12,9,4,5,4,0
5,17,24,101,123,129,174,192,192,181,168,161,145,120,77,29,10,21,18,7,3,11,7,7
0,9,12,12,103,103,125,141,157,144,162,157,140,121,107,84,55,8,8,1,0,0,0,0
5,4,8,6,13,37,101,111,125,136,132,126,130,123,107,101,13,12,7,3,0,0,8,0
12,9,10,35,40,45,85,100,106,112,120,115,112,112,105,102,12,7,2,4,6,2,0,6
8,9,9,7,7,15,14,58,62,101,101,100,101,105,104,100,65,8,10,3,0,0,3,0
9,8,3,6,11,5,12,42,47,60,56,61,101,101,102,96,60,8,4,8,6,9,7,0
0,7,14,5,6,37,75,74,54,56,54,57,65,71,70,75,44,12,0,7,11,6,9,1
1,10,5,13,9,38,51,40,30,32,44,55,69,93,92,64,9,6,3,0,3,9,6,9
0,7,11,13,13,38,49,45,25,36,50,57,67,81,65,53,10,13,9,9,11,12,10,9
7,12,11,29,39,50,46,32,44,52,57,57,68,111,74,53,11,7,5,6,5,5,4,0
9,8,24,50,52,34,28,13,12,28,59,65,75,83,61,53,38,8,12,2,0,6,4,11
10,16,51,54,52,35,19,12,12,12,55,59,67,55,51,50,36,12,13,0,0,0,0,7
18,24,41,52,48,13,7,11,13,13,50,51,55,43,40,26,12,10,12,0,0,0,0,0
11,17,24,38,9,5,0,0,13,25,46,53,50,24,11,8,9,8,6,0,0,0,4,7
11,13,14,12,7,4,0,0,4,23,52,50,41,12,11,8,7,12,2,0,0,0,1,1
10,10,10,13,15,0,0,0,6,16,46,51,14,12,7,5,6,8,2,0,0,0,0,0
42,51,13,11,13,7,11,3,13,13,52,36,11,13,8,5,6,0,0,0,0,0,0,0
26,43,24,11,11,19,11,9,10,10,51,55,45,21,20,9,0,0,0,0,0,0,0,0
35,31,21,14,11,8,8,8,10,7,14,53,50,40,26,12,5,0,6,0,7,1,2,0
40,28,23,18,12,9,0,12,9,5,7,14,53,13,12,5,6,11,10,5,0,0,5,4
14,22,30,14,2,2,4,0,0,5,9,12,14,12,11,0,0,0,0,2,0,0,5,0
10,13,9,12,11,0,5,0,0,0,9,10,7,7,5,7,10,7,5,6,3,0,0,0

0,6,9,0,0,0,0,0,0,35,59,66,69,41,10,8,0,0,0,0,0,0,0,1
0,0,3,4,0,0,0,8,13,4,4,9,2,0,12,5,0,2,0,0,0,0,0,8
0,5,0,0,0,0,9,22,50,61,108,112,105,83,53,16,13,13,28,15,14,10,5,10
7,0,0,0,0,27,0,51,80,168,224,202,194,153,116,75,76,66,68,57,51,37,17,12
6,10,0,0,8,25,82,86,155,258,267,262,224,202,173,127,94,75,102,108,75,53,13,10
5,0,0,2,0,14,74,160,249,325,288,248,200,147,141,141,118,119,119,130,84,50,15,14
2,5,2,0,9,58,104,144,245,254,200,130,88,107,88,87,97,84,100,102,68,42,12,11
12,4,0,2,10,62,88,144,217,191,130,95,69,18,2,13,2,0,11,13,21,14,3,4
0,0,2,0,12,62,91,149,177,176,119,107,70,11,0,0,0,0,2,0,2,29,7,0
8,0,0,0,5,69,133,180,192,184,144,103,71,6,0,1,0,0,0,2,0,1,0,0
2,1,0,0,11,96,154,193,213,195,147,94,62,8,2,13,6,1,1,0,0,0,0,0
0,0,1,0,20,92,144,214,270,229,157,88,62,14,13,1,2,10,0,0,0,0,0,0
0,0,0,3,50,89,119,202,229,204,143,110,62,53,13,0,7,2,0,0,2,0,0,5
0,0,0,0,71,110,124,162,165,151,127,105,72,43,0,5,3,5,7,8,0,5,4,0
0,0,0,0,68,115,131,142,137,135,117,107,60,0,8,4,2,0,9,0,6,8,3,0
0,0,2,4,52,102,136,130,126,110,105,81,50,38,6,0,0,5,0,0,9,4,4,5
0,1,3,14,80,119,133,120,108,79,67,64,50,34,13,10,10,12,3,7,8,2,6,4
1,15,41,57,86,147,207,245,225,127,69,49,44,44,28,25,20,13,18,10,12,14,22,10
7,29,62,117,158,212,241,245,235,192,107,69,79,70,13,4,7,6,11,10,7,7,6,0
2,50,88,144,172,226,296,328,298,229,163,125,102,59,14,4,6,10,10,3,5,8,6,0
11,48,95,150,205,235,290,334,322,233,162,134,113,100,16,6,7,13,8,9,8,10,8,0
10,21,63,133,187,197,226,260,251,231,214,178,123,96,45,26,18,16,12,9,4,5,4,0
5,17,24,101,123,129,174,192,192,181,168,161,145,120,77,28,10,21,18,7,3,11,7,7
0,9,12,12,103,103,125,141,157,144,162,157,140,121,107,83,55,8,8,1,0,0,0,0
5,4,8,6,13,38,101,111,125,136,132,126,130,123,107,101,13,12,7,3,0,0,8,0
12,9,10,35,40,45,86,100,106,112,120,115,112,112,105,102,11,7,2,4,6,2,0,6
8,9,9,7,7,15,14,59,60,101,101,100,101,105,104,100,66,8,10,3,0,0,3,0
9,8,3,6,11,5,12,41,46,60,56,61,101,101,102,96,60,7,4,8,6,9,7,0
0,7,14,5,6,37,75,75,53,57,54,56,65,71,70,75,43,12,0,7,11,6,9,1
1,10,5,14,9,38,51,40,30,32,45,55,69,94,93,64,9,6,3,0,3,9,6,9
0,7,11,13,13,39,50,45,25,37,50,57,67,81,65,53,10,13,9,9,11,12,10,8
7,12,11,29,39,50,46,34,46,52,57,57,68,111,74,53,11,7,6,6,6,5,4,0
9,8,25,50,52,34,28,13,12,29,59,64,75,83,61,53,40,8,12,2,0,6,4,11
10,16,51,54,52,36,20,12,12,12,55,58,67,55,50,50,34,12,13,0,0,0,0,7
18,24,41,52,49,13,7,12,13,13,50,51,55,42,40,26,12,9,12,0,0,0,0,0
11,17,24,38,9,5,0,0,13,25,45,53,50,24,11,8,9,8,6,0,0,0,4,7
11,13,15,12,7,4,0,0,4,23,52,50,42,12,11,9,7,12,2,0,0,0,1,1
10,10,10,13,15,0,0,0,6,16,46,51,14,12,7,6,6,8,2,0,0,0,0,0
42,51,13,11,13,7,11,3,13,13,52,35,12,13,8,6,6,0,0,0,0,0,0,0
26,43,24,11,11,20,11,9,10,10,51,55,45,21,20,9,0,0,0,0,0,0,0,0
35,31,22,14,11,8,8,8,10,7,14,53,50,42,26,12,5,0,6,0,7,1,2,0
41,28,23,18,12,9,0,12,9,5,7,14,52,13,12,5,6,11,10,5,0,0,5,4
14,22,30,14,2,2,4,0,0,5,9,11,14,12,11,0,0,0,0,1,0,0,5,0
10,13,10,12,11,0,5,0,0,0,9,10,7,7,5,7,10,7,5,6,3,0,0,0

0,6,9,0,0,0,0,0,0,36,59,66,69,41,10,8,0,0,0,0,0,0,0,1
0,0,3,5,0,0,0,8,13,4,4,9,3,0,12,6,0,2,0,0,0,0,0,8
0,5,0,0,0,0,9,21,50,61,108,112,105,82,53,17,13,13,29,15,14,10,5,10
7,0,0,0,0,27,0,51,79,169,224,202,194,152,116,75,76,66,68,57,51,37,17,12
6,10,0,0,8,24,83,86,154,258,267,261,223,202,173,127,94,75,102,108,74,53,13,10
5,0,0,2,0,14,74,160,249,324,286,247,200,147,141,141,118,119,119,129,84,50,14,14
2,5,2,0,9,58,104,144,246,254,198,130,88,107,88,87,98,84,100,102,67,42,12,11
12,4,0,3,10,62,88,145,219,191,130,95,69,18,2,13,2,0,11,13,21,14,3,4
0,0,2,0,12,62,91,149,178,177,119,108,71,12,0,0,0,0,2,0,2,30,7,0
8,0,0,0,5,69,133,181,193,184,145,104,72,6,0,2,0,0,0,2,0,1,0,0
2,1,0,0,11,96,156,195,214,197,147,95,63,9,3,13,6,1,1,0,0,0,0,0
0,0,1,0,22,93,145,216,272,228,157,88,62,14,13,1,1,10,0,0,0,0,0,0
0,0,0,3,51,90,119,203,229,203,143,110,63,54,13,0,7,2,0,0,2,0,0,5
0,0,0,0,70,110,123,161,165,150,126,105,72,39,0,5,3,5,7,8,0,5,4,0
0,0,0,0,68,115,130,141,137,134,117,106,60,0,8,4,2,0,9,0,6,8,3,0
0,0,2,4,51,101,136,130,125,109,105,81,50,38,6,0,0,5,0,0,9,4,4,5
0,1,3,14,80,119,133,120,109,80,67,64,50,34,13,10,10,12,3,7,8,2,6,4
1,15,40,57,86,147,207,244,225,128,69,49,44,44,28,24,20,13,18,10,12,14,22,10
7,29,62,117,158,212,241,246,236,194,107,69,77,71,13,4,7,6,11,10,7,7,6,0
2,50,88,143,171,226,295,329,298,229,164,125,102,58,14,4,6,10,10,3,5,8,6,0
11,48,95,150,204,235,289,334,324,234,162,134,113,100,16,6,7,13,8,9,8,10,8,0
10,20,62,133,187,197,226,259,252,232,215,179,123,96,44,25,18,16,12,9,4,5,4,0
5,17,24,101,123,128,174,192,192,182,169,162,145,120,77,29,10,21,18,7,3,11,7,7
0,9,12,12,103,103,124,141,157,144,162,158,141,121,107,83,55,8,8,1,0,0,0,0
5,4,8,6,13,37,101,111,125,136,132,127,131,123,107,101,13,12,7,3,0,0,8,0
12,9,10,36,40,45,87,100,106,112,120,115,112,112,105,102,11,7,2,4,6,2,0,6
8,10,9,7,7,16,14,60,64,101,101,100,101,105,104,100,64,8,10,3,0,0,3,0
9,8,3,6,11,5,12,42,47,61,56,61,101,101,102,96,60,7,4,8,6,9,7,0
0,7,14,5,6,37,75,74,53,57,54,56,65,71,70,74,39,12,0,7,11,6,9,1
1,10,5,13,9,39,51,40,30,33,45,55,69,93,92,64,9,6,2,0,3,9,6,9
0,7,11,13,13,38,50,44,24,36,50,57,67,81,65,53,10,13,9,9,11,12,10,9
7,12,11,29,39,50,46,31,43,52,57,57,68,111,74,53,11,7,6,6,5,5,4,0
9,8,24,50,52,34,27,13,12,29,58,64,75,83,61,53,38,8,12,2,0,6,5,11
10,16,51,54,52,36,20,12,12,12,56,59,67,55,51,50,35,12,13,0,0,0,0,8
18,24,42,52,50,13,7,12,13,13,50,51,55,43,39,26,12,9,12,0,0,0,0,0
11,17,24,39,9,5,0,1,13,24,46,53,50,25,11,8,9,8,6,0,0,0,4,7
11,13,15,13,7,5,0,0,4,23,52,50,42,12,11,8,7,12,1,0,0,0,1,1
10,10,10,13,15,0,1,0,6,16,47,51,14,12,8,6,6,8,2,0,0,0,0,0
42,51,13,11,13,8,12,4,13,13,52,36,12,13,8,6,6,0,0,0,0,0,0,0
26,43,25,11,11,22,12,10,11,10,51,56,46,21,20,9,0,0,0,0,0,0,0,0
35,31,22,14,11,8,8,8,10,7,14,53,50,41,26,12,5,0,6,0,7,1,2,0
41,28,24,18,12,10,0,12,9,5,7,14,53,13,12,5,6,11,10,5,0,0,5,4
14,25,30,15,2,2,4,0,0,5,9,12,14,12,11,0,0,0,0,1,0,0,5,0
10,13,10,12,11,0,6,0,0,0,9,10,7,7,5,7,10,7,5,6,3,1,0,0

0,6,9,0,0,0,0,0,0,35,59,66,70,40,10,8,0,0,0,0,0,0,0,1
0,0,3,4,0,0,0,8,13,4,4,9,2,0,12,5,0,2,0,0,0,0,0,8
0,6,0,0,0,0,9,22,50,62,108,112,105,83,53,17,13,13,28,17,14,10,5,10
7,0,0,0,0,27,0,51,80,169,225,202,194,153,116,75,77,66,68,57,51,37,17,12
6,10,0,0,8,24,82,86,154,259,267,261,223,201,173,127,94,75,102,108,75,53,13,10
5,0,0,2,0,14,74,160,250,324,287,247,199,147,141,141,118,119,119,130,84,50,15,14
2,5,2,0,9,58,104,144,246,253,198,130,88,107,88,87,97,84,100,102,67,42,12,11
12,4,0,2,10,62,88,144,218,191,130,95,69,18,2,13,2,0,11,13,22,15,3,4
0,0,2,0,12,62,91,149,178,176,119,108,71,12,0,0,0,0,2,0,2,29,7,0
8,0,0,0,5,69,134,181,192,184,145,104,71,6,0,1,0,0,0,2,0,1,0,0
2,1,0,0,11,96,156,194,215,198,147,94,62,8,2,13,6,1,1,0,0,0,0,0
0,0,1,0,22,93,145,216,271,230,155,87,61,13,13,1,2,10,0,0,0,0,0,0
0,0,0,2,50,89,118,200,227,200,141,109,62,52,13,0,7,2,0,0,2,0,0,5
0,0,0,0,70,109,122,158,163,149,126,105,71,37,0,6,4,5,7,8,0,5,4,0
0,0,0,0,66,115,129,141,136,134,117,107,59,0,8,4,2,0,9,0,6,8,3,0
0,0,2,3,51,101,136,129,125,109,105,80,48,36,6,0,0,5,0,0,9,4,4,5
0,1,3,14,79,119,134,121,110,80,68,64,50,32,13,10,10,12,3,7,8,2,6,4
1,15,39,57,86,147,210,248,229,131,70,49,44,44,28,24,20,13,18,9,12,14,22,10
7,29,62,116,157,213,243,247,237,197,111,70,79,71,13,4,7,6,11,10,7,7,6,0
2,47,88,143,170,225,298,333,301,233,166,125,102,59,15,4,6,10,10,3,5,8,6,0
11,46,93,148,202,233,290,338,330,240,165,134,112,99,18,6,7,13,8,9,9,10,8,0
10,19,60,131,184,195,226,262,260,241,229,183,120,88,43,25,18,16,12,9,4,5,4,0
5,17,22,100,121,128,175,194,196,186,176,165,142,116,72,28,10,22,18,7,3,11,7,7
1,9,11,12,103,103,124,142,160,146,166,163,140,118,105,75,54,8,8,2,0,0,0,0
5,4,8,6,13,35,101,111,126,138,133,127,131,121,104,86,12,12,7,3,0,0,8,0
12,10,10,37,41,48,91,100,107,114,121,116,112,111,103,100,9,7,3,4,6,2,0,6
8,11,9,8,7,17,15,56,73,102,102,101,102,104,102,85,41,8,11,3,0,0,3,0
9,9,4,8,11,6,12,29,45,62,60,65,102,103,100,77,54,5,6,8,6,9,7,0
0,8,14,5,6,38,71,67,57,59,57,58,68,71,66,57,8,9,0,8,11,6,9,1
1,10,5,13,10,40,50,33,30,37,45,55,68,91,80,54,2,8,2,0,3,9,6,9
0,6,10,13,14,36,46,35,27,36,50,55,67,79,63,50,9,14,10,10,12,12,10,9
6,12,12,28,38,46,28,14,42,51,56,57,68,111,76,52,11,7,6,7,6,6,4,0
9,7,21,47,51,30,26,14,13,14,57,65,78,91,67,53,37,8,12,2,0,6,5,11
10,15,51,54,51,31,19,13,18,11,52,57,71,61,53,49,34,11,14,0,0,0,0,7
17,24,44,53,45,13,8,14,16,12,31,46,61,56,50,21,12,9,12,0,0,0,0,0
11,16,24,37,9,6,0,3,14,18,24,51,57,50,13,9,10,8,5,0,0,0,4,7
10,12,14,13,7,5,0,0,4,14,35,42,52,25,13,9,8,11,0,0,0,0,1,1
7,8,10,13,14,3,4,0,4,12,20,42,37,14,9,7,6,7,2,0,0,0,0,0
33,48,13,11,13,9,12,6,12,10,34,30,29,19,9,6,5,0,0,0,0,0,0,0
23,53,33,12,12,23,12,10,8,7,12,33,41,26,27,12,0,0,0,0,0,0,0,0
36,40,33,14,11,8,10,9,9,2,11,14,37,51,40,20,8,0,8,0,8,1,3,0
27,28,26,34,13,10,1,12,9,5,4,11,17,22,32,13,12,12,9,5,1,0,4,4
13,20,57,20,4,1,3,0,0,5,9,11,14,13,13,4,0,0,0,2,0,0,5,0
10,13,13,14,11,0,6,1,0,0,9,9,7,7,7,10,10,6,4,6,3,1,0,0

0,6,9,0,0,0,0,0,0,36,59,66,70,41,10,9,0,0,0,0,0,0,0,1
0,0,3,4,0,0,0,8,14,4,4,9,2,0,12,5,0,2,0,0,0,0,0,8
0,6,0,0,0,0,9,22,50,62,108,112,106,84,54,17,13,13,32,24,14,10,5,10
7,0,0,0,0,27,0,52,80,171,227,203,194,154,117,75,78,66,69,57,52,37,17,12
6,10,0,0,8,24,82,87,155,260,266,261,223,202,174,128,94,76,103,108,75,53,13,10
6,0,0,2,0,14,74,160,250,323,284,245,198,146,140,141,118,120,120,131,83,50,14,14
2,5,2,0,9,58,104,144,245,250,195,129,87,106,87,86,96,83,99,101,67,41,12,11
12,4,0,2,10,62,88,144,216,189,129,94,68,14,2,13,2,0,11,13,20,14,3,4
0,0,2,0,12,63,91,149,177,174,118,107,70,11,0,0,0,0,2,0,2,30,7,0
8,0,0,0,5,70,134,180,191,182,143,103,70,5,0,1,0,0,0,2,0,1,0,0
2,1,0,0,11,97,157,195,214,196,146,93,61,8,2,13,6,1,1,0,0,0,0,0
0,0,1,0,21,94,146,218,272,228,153,86,60,13,13,1,1,10,0,0,0,0,0,0
0,0,0,1,50,89,118,200,226,199,140,109,61,51,12,0,7,2,0,0,2,0,0,5
0,0,0,0,68,109,122,158,163,148,126,105,71,34,0,5,4,5,7,8,0,5,4,0
0,0,0,0,64,114,129,140,136,134,117,107,60,0,8,4,2,0,9,0,6,8,3,0
0,0,2,2,51,101,136,130,126,110,105,82,50,41,6,0,0,5,0,0,9,4,4,5
0,1,2,14,80,120,136,122,113,81,68,65,51,34,13,11,10,12,3,7,8,2,6,4
1,14,37,56,86,149,215,254,236,136,73,49,45,44,29,25,20,13,18,10,12,14,22,10
7,28,60,116,157,215,246,253,244,206,116,71,80,72,13,4,7,6,11,10,7,7,6,0
2,40,86,142,170,225,300,338,312,243,171,126,102,60,16,4,7,10,10,3,5,8,6,0
11,43,91,147,202,233,288,340,345,244,166,134,113,99,18,6,7,13,8,9,9,11,8,0
10,18,57,129,183,195,226,261,259,240,222,182,122,91,43,26,18,16,12,10,4,5,4,0
5,17,20,100,120,128,176,194,194,182,169,162,144,117,72,27,10,22,19,7,3,11,7,7
1,10,11,12,102,103,124,142,159,145,159,153,138,118,104,78,53,8,8,2,0,0,0,0
6,4,8,6,14,33,101,111,127,137,131,123,128,119,104,79,12,12,7,3,0,0,8,0
13,10,11,39,40,50,92,100,108,114,122,115,111,109,103,100,8,7,3,4,6,3,0,6
8,11,10,9,7,14,14,50,78,102,102,101,102,104,102,78,33,8,10,3,0,0,3,0
10,9,5,9,12,5,10,18,42,61,61,65,102,102,100,72,46,3,6,7,6,9,7,0
0,8,14,5,8,39,56,55,59,60,57,58,67,69,65,56,5,6,0,7,11,6,9,1
2,10,6,13,21,52,38,26,29,36,46,55,66,90,77,53,0,8,1,0,3,9,7,9
0,7,12,14,26,41,37,28,26,36,50,55,67,79,63,49,11,14,10,10,11,12,10,9
6,12,14,29,37,41,13,14,40,51,56,57,69,111,78,51,11,7,6,7,6,5,4,0
9,9,25,46,44,25,23,14,13,14,57,66,78,92,68,54,36,7,12,1,0,5,4,11
10,21,51,54,50,20,15,13,25,12,53,58,71,61,53,48,32,11,13,0,0,0,0,7
18,27,47,52,35,12,8,16,17,13,36,50,61,56,48,18,11,9,12,0,0,0,0,0
11,18,24,35,8,6,0,6,14,23,29,51,58,50,14,9,9,7,5,0,0,0,3,6
10,13,20,13,6,6,0,0,5,17,42,48,52,30,13,9,8,11,1,0,0,0,1,1
7,9,10,13,14,5,4,0,4,12,24,48,42,14,10,8,6,7,2,0,0,0,0,0
33,44,13,11,13,9,12,6,12,10,33,32,33,22,10,7,6,0,0,0,0,0,0,0
24,55,36,12,12,23,12,10,8,6,13,40,47,27,29,13,0,0,0,0,0,0,0,0
37,40,34,14,12,8,10,9,10,1,10,14,45,52,41,20,9,2,9,0,8,1,3,0
31,29,26,32,13,10,1,13,9,4,2,11,29,28,32,13,12,12,9,5,0,0,4,4
13,24,60,19,3,1,3,0,0,4,8,11,14,13,13,5,0,0,0,1,0,0,5,0
10,13,13,14,12,0,6,1,0,0,8,8,7,8,7,10,10,6,4,6,3,1,0,0

0,6,9,0,0,0,0,0,0,36,59,67,70,44,10,8,0,0,0,0,0,0,0,1
0,0,4,5,0,0,0,8,13,4,4,10,3,0,12,5,0,2,0,0,0,0,0,8
0,6,0,0,0,0,9,22,50,61,108,112,106,83,53,16,13,13,29,17,14,10,5,10
7,0,0,0,0,27,1,52,80,170,225,202,194,153,116,75,77,66,68,57,51,36,17,12
6,10,0,0,8,24,83,87,155,258,266,260,223,202,174,127,94,76,102,108,74,53,13,10
5,0,0,2,0,14,75,161,249,322,284,245,198,146,141,141,118,119,120,129,83,50,14,14
2,5,2,0,9,58,105,145,247,253,196,129,87,106,88,87,98,84,100,102,67,41,12,11
12,4,0,3,10,63,89,145,219,192,129,94,69,20,2,14,2,0,11,13,20,14,3,4
0,0,2,0,12,63,92,150,179,176,119,107,70,12,0,0,0,0,2,0,2,29,7,0
8,0,0,0,5,70,135,182,193,184,144,103,71,6,0,1,0,0,0,2,0,1,0,0
2,1,0,0,12,97,157,197,216,198,147,94,62,8,2,12,5,1,1,0,0,0,0,0
0,0,1,0,22,94,146,220,276,229,155,87,61,13,13,0,1,10,0,0,0,0,0,0
0,0,0,2,50,89,119,203,228,202,141,109,62,53,12,0,7,2,0,0,2,0,0,5
0,0,0,0,66,109,122,159,164,149,126,105,70,34,0,5,4,5,7,8,0,5,4,0
0,0,0,0,63,114,129,140,136,134,117,106,60,0,8,4,2,0,9,0,6,8,3,0
0,0,2,2,50,101,136,129,125,109,105,81,50,38,6,0,0,5,0,0,9,4,4,5
0,1,2,13,79,119,134,121,112,81,68,65,51,34,13,11,10,12,3,7,8,2,6,4
1,14,37,56,85,147,210,250,233,134,72,49,44,44,29,25,20,13,18,10,12,14,22,10
7,28,61,115,157,213,243,249,241,202,114,70,80,72,13,4,7,6,11,10,8,7,6,0
2,40,86,142,170,226,297,332,305,237,169,126,102,59,16,4,6,10,10,3,5,8,6,0
11,45,93,149,203,234,287,336,335,239,164,134,113,100,18,6,7,13,8,9,9,11,8,0
10,19,60,131,186,197,225,259,254,234,216,179,122,92,43,26,18,16,12,9,4,5,4,0
5,18,22,100,122,129,176,194,193,181,168,160,144,118,74,28,10,21,18,7,3,11,7,7
1,9,12,12,103,103,125,143,159,144,160,154,138,119,106,83,53,8,8,1,0,0,0,0
5,4,8,6,14,36,101,111,127,137,131,124,129,120,105,91,12,12,7,3,0,0,8,0
12,10,10,37,40,47,88,100,107,114,121,115,111,110,104,100,9,6,3,3,6,2,0,6
8,10,9,8,7,15,14,50,70,102,102,100,102,104,103,88,40,8,10,2,0,0,2,0
9,8,4,8,12,6,11,20,40,59,59,64,101,102,100,80,53,3,6,7,5,9,7,0
0,8,14,6,8,43,64,56,56,57,55,57,66,70,68,65,10,6,0,7,11,6,9,1
1,10,5,13,19,53,43,25,28,35,45,54,66,92,87,61,1,7,1,0,2,9,6,9
0,7,11,13,28,51,41,27,26,36,48,55,66,80,65,52,9,13,9,9,11,12,10,9
6,12,13,29,38,45,14,14,39,51,55,57,68,112,83,54,11,7,6,6,5,5,3,0
9,9,26,48,48,28,24,14,13,14,56,64,77,92,69,55,43,8,12,1,0,5,4,11
10,20,52,54,51,23,16,13,23,12,52,57,70,61,53,50,33,11,14,0,0,0,0,7
18,28,48,53,40,12,8,14,17,12,31,48,60,56,50,20,12,9,12,0,0,0,0,0
11,18,25,39,9,6,0,6,14,20,25,51,57,50,14,9,9,7,5,0,0,0,4,7
10,13,23,13,7,7,0,0,5,16,39,45,52,30,13,9,8,11,1,0,0,0,1,0
8,10,10,13,14,5,4,0,5,12,23,47,43,14,10,8,6,7,2,0,0,0,0,0
34,47,14,11,13,9,12,6,12,10,34,32,33,25,10,7,6,0,0,0,0,0,0,0
24,55,39,12,12,23,12,11,8,6,13,39,49,28,30,13,0,0,0,0,0,0,0,0
37,40,33,14,12,9,10,10,10,1,10,14,43,52,41,20,9,1,9,0,8,1,3,0
33,29,26,31,13,10,2,13,10,4,3,11,27,26,32,12,12,12,9,5,0,0,4,4
13,24,59,19,3,1,3,0,0,4,8,11,14,13,13,4,0,0,0,1,0,0,5,0
10,13,13,14,11,0,6,1,0,0,9,8,8,8,8,10,10,6,4,6,2,0,0,0

0,6,9,0,0,0,0,0,0,38,59,67,70,41,10,8,0,0,0,0,0,0,0,1
0,0,3,5,0,0,0,7,13,4,4,10,3,0,12,5,0,2,0,0,0,0,0,8
0,5,0,0,0,0,9,22,50,61,108,112,105,82,53,17,13,13,29,17,14,10,5,10
7,0,0,0,0,27,1,51,80,169,224,202,194,152,116,75,77,66,68,57,51,36,17,12
6,10,0,0,8,25,83,88,156,258,267,260,223,202,173,127,94,75,102,108,74,53,13,10
5,0,0,2,0,15,75,161,250,322,285,246,198,146,141,141,118,119,119,129,83,50,14,14
2,5,2,0,9,59,105,145,247,253,196,129,87,106,88,87,97,84,99,101,67,41,12,11
12,4,0,3,10,63,89,146,220,192,129,94,68,17,2,14,2,0,11,13,19,14,3,4
0,0,2,0,12,63,91,150,179,177,118,107,70,11,0,0,0,0,2,0,2,29,7,0
8,0,0,0,5,70,134,181,193,184,144,102,70,5,0,1,0,0,0,2,0,1,0,0
2,1,0,0,11,96,156,195,213,195,146,93,61,9,2,12,5,1,1,0,0,0,0,0
0,0,1,0,20,93,145,217,273,228,156,87,61,14,13,0,1,10,0,0,0,0,0,0
0,0,0,2,50,89,119,203,229,203,142,110,62,52,12,0,7,2,0,0,2,0,0,5
0,0,0,0,68,109,123,160,165,150,127,105,71,37,0,5,4,5,7,8,0,5,4,0
0,0,0,0,65,115,130,141,137,134,117,107,60,0,8,4,2,0,9,0,6,8,3,0
0,0,2,3,51,101,136,130,126,110,105,81,50,40,6,0,0,5,0,0,9,4,4,5
0,1,3,14,80,119,134,121,111,81,68,65,51,33,13,11,10,12,3,7,8,2,6,4
1,14,39,57,87,148,211,250,231,133,72,49,44,44,28,25,20,13,18,10,12,14,22,10
7,28,61,116,158,213,242,248,240,199,113,71,79,72,13,4,7,6,11,10,7,7,6,0
2,43,87,143,171,225,295,331,302,235,168,126,102,59,15,4,6,10,10,3,5,8,6,0
11,46,93,149,204,234,286,336,333,237,163,134,113,100,16,6,7,13,8,9,8,10,8,0
10,19,61,132,186,197,225,259,255,233,216,179,122,92,43,26,18,16,12,9,4,5,4,0
5,17,22,101,122,129,176,194,193,181,168,160,144,118,73,27,10,21,18,7,3,11,7,7
1,9,12,12,103,103,125,143,159,144,159,154,138,119,106,83,53,8,8,1,0,0,0,0
5,4,8,6,14,37,101,111,126,137,131,124,129,120,105,94,12,12,7,3,0,0,7,0
12,9,10,37,40,47,89,100,107,114,121,115,111,110,104,101,9,6,2,4,6,2,0,6
8,10,9,8,7,15,14,51,70,102,102,100,102,104,102,91,39,8,10,2,0,0,2,0
9,9,4,8,12,6,11,21,40,60,60,64,101,102,101,82,54,3,6,7,5,9,7,0
0,8,14,6,8,43,64,55,56,58,55,57,66,70,69,65,10,6,0,7,11,6,9,1
1,10,5,13,19,53,43,25,28,35,45,54,66,92,88,61,1,8,1,0,2,9,6,9
0,7,11,13,27,51,41,27,25,35,47,55,66,80,66,52,9,13,9,9,11,11,10,9
6,12,13,29,38,45,14,14,37,51,56,57,68,112,83,55,10,7,6,6,5,5,3,0
9,9,26,48,49,28,24,14,13,14,55,64,77,93,70,55,44,8,12,1,0,5,4,11
10,20,52,54,51,23,16,13,24,12,52,57,70,61,53,50,34,11,14,0,0,0,0,7
18,28,48,53,43,13,8,16,17,12,31,48,60,56,50,20,12,10,12,0,0,0,0,0
11,18,25,40,9,6,0,6,14,18,24,51,57,50,14,10,10,7,5,0,0,0,4,7
10,13,24,13,7,8,0,0,5,16,40,46,52,30,13,10,8,11,1,0,0,0,1,0
8,10,11,14,14,6,5,0,5,12,23,47,43,14,10,8,6,7,2,0,0,0,0,0
34,48,14,11,13,10,12,6,12,10,33,31,34,24,10,7,6,0,0,0,0,0,0,0
24,54,39,12,12,24,12,10,8,6,13,38,48,28,29,13,0,0,0,0,0,0,0,0
37,40,35,14,12,9,11,10,10,1,10,14,43,52,41,20,9,2,9,0,8,1,3,0
33,29,27,32,13,10,2,13,9,5,3,11,29,26,32,12,12,12,9,5,0,0,4,4
13,24,59,19,3,1,3,0,0,4,8,11,15,13,13,5,0,0,0,2,0,0,5,0
10,13,13,14,12,0,6,1,0,0,9,8,8,8,8,10,10,6,4,6,2,0,0,0

0,6,9,0,0,0,0,0,0,37,59,67,70,42,10,8,0,0,0,0,0,0,0,1
0,0,3,5,0,0,0,8,13,4,4,10,3,0,12,5,0,2,0,0,0,0,0,8
0,5,0,0,0,0,9,22,50,61,108,112,105,83,53,17,13,13,28,15,14,10,5,10
7,0,0,0,0,28,1,52,80,170,225,202,194,153,116,75,78,66,68,57,51,36,17,12
6,10,0,0,8,25,84,88,156,258,267,261,223,202,173,127,94,75,102,108,75,53,13,10
5,0,0,2,0,15,76,161,249,322,285,247,199,146,141,141,118,119,119,129,83,50,14,14
2,5,2,0,9,58,105,144,245,252,197,129,87,106,88,87,97,84,100,101,67,42,12,11
12,4,0,3,10,63,89,145,218,190,129,94,68,16,2,14,2,0,11,13,20,14,3,4
0,0,2,0,12,63,91,149,178,175,118,107,70,11,0,0,0,0,2,0,2,29,7,0
8,0,0,0,5,70,134,180,192,183,143,102,70,5,0,1,0,0,0,2,0,1,0,0
2,1,0,0,11,96,155,194,212,194,145,93,61,8,2,12,5,1,1,0,0,0,0,0
0,0,1,0,18,92,143,214,270,227,155,87,61,14,13,0,1,10,0,0,0,0,0,0
0,0,0,1,50,88,118,202,228,203,143,110,62,53,13,0,7,2,0,0,2,0,0,5
0,0,0,0,70,109,123,161,165,151,127,106,73,40,0,5,3,5,7,8,0,5,4,0
0,0,0,0,66,115,130,142,137,135,118,107,63,0,8,4,2,0,9,0,6,8,3,0
0,0,2,3,52,101,136,130,126,110,106,84,51,43,6,0,0,5,0,0,9,4,4,5
0,1,3,14,80,119,135,121,111,80,68,65,51,33,13,11,10,12,3,7,8,2,6,4
1,15,39,57,87,149,211,249,230,132,71,49,44,44,28,25,20,13,18,10,12,14,22,10
7,29,61,116,158,213,242,248,239,199,113,71,80,71,13,4,7,6,11,10,7,7,6,0
2,44,87,143,171,225,295,331,302,234,168,127,102,59,16,4,6,10,10,3,5,8,6,0
11,46,94,149,204,234,286,336,332,237,163,134,113,100,16,6,7,13,8,9,8,10,8,0
10,19,61,132,187,197,226,260,253,233,216,178,122,92,43,26,18,16,12,9,4,5,4,0
5,18,23,101,122,130,176,194,193,181,168,160,144,118,74,28,10,21,18,7,3,11,7,7
0,10,12,12,103,104,125,143,159,144,160,153,138,119,106,84,54,8,8,1,0,0,0,0
5,4,8,6,14,36,101,111,127,137,131,124,129,120,105,94,12,12,7,3,0,0,7,0
12,10,10,38,40,46,88,100,107,114,121,115,112,110,104,101,9,6,2,4,6,2,0,6
8,10,9,8,7,14,14,52,68,102,102,100,102,104,103,90,40,8,10,2,0,0,2,0
9,8,4,7,12,7,11,20,41,59,60,64,101,102,101,83,54,3,6,7,5,9,7,0
0,8,14,6,8,43,64,55,56,57,55,57,66,70,69,67,11,6,0,7,11,6,9,1
1,10,6,13,20,53,43,26,28,35,45,54,66,92,89,62,2,8,1,0,3,9,6,9
0,7,11,13,27,51,41,28,26,35,48,55,66,81,66,53,9,13,9,9,11,11,10,9
6,12,13,29,38,45,14,14,37,51,56,57,68,112,84,55,10,7,6,6,5,5,3,0
9,9,26,48,49,28,25,14,13,14,56,64,77,93,70,55,46,8,12,1,0,5,4,11
10,21,52,54,51,23,17,14,25,12,52,57,70,61,53,50,35,11,14,0,0,0,0,7
18,28,48,53,42,13,9,15,17,12,30,48,60,56,50,20,12,10,12,0,0,0,0,0
11,18,25,39,9,7,0,7,14,19,24,51,57,50,14,10,10,7,5,0,0,0,4,7
10,13,24,13,7,8,0,0,5,17,39,44,52,32,13,10,8,11,1,0,0,0,1,0
8,10,11,13,14,6,5,0,5,12,23,48,44,14,10,9,6,7,2,0,0,0,0,0
34,48,14,11,13,10,12,6,13,10,33,32,34,24,10,7,6,0,0,0,0,0,0,0
24,54,39,12,12,25,13,10,8,6,13,40,49,28,30,13,0,0,0,0,0,0,0,0
37,40,35,14,12,9,11,10,11,1,10,15,43,52,41,20,9,2,9,0,8,1,3,0
33,29,27,32,13,11,2,13,10,4,3,11,30,26,32,12,12,12,10,5,0,0,4,4
13,23,59,19,3,1,4,0,0,4,8,11,14,13,13,5,0,0,0,2,0,0,5,0
10,13,13,14,12,0,6,1,0,0,9,8,8,8,8,10,10,6,4,6,3,0,0,0

0,6,9,0,0,0,0,0,0,38,59,67,70,42,10,8,0,0,0,0,0,0,0,1
0,0,4,5,0,0,0,8,13,4,4,10,3,0,12,5,0,2,0,0,0,0,0,8
0,6,0,0,0,0,9,22,50,61,108,112,105,83,53,16,13,13,27,14,14,10,5,10
7,0,0,0,0,27,1,52,80,170,225,202,194,153,116,75,77,66,68,57,51,36,17,12
6,10,0,0,8,25,84,88,156,258,267,260,223,202,173,127,94,76,102,107,74,53,13,10
5,0,0,2,0,15,75,161,248,320,283,245,198,146,141,141,118,119,120,129,83,50,14,14
2,5,2,0,9,58,105,144,244,251,196,129,87,106,88,87,97,84,99,101,67,41,12,11
12,4,0,2,10,63,89,145,217,191,129,94,68,18,2,14,2,0,11,13,19,14,3,4
0,0,2,0,12,63,91,150,178,176,119,107,70,11,0,0,0,0,2,0,2,29,7,0
8,0,0,0,5,70,134,181,192,184,144,103,71,5,0,1,0,0,0,2,0,1,0,0
2,1,0,0,11,96,156,195,213,195,146,94,62,8,2,12,5,1,1,0,0,0,0,0
0,0,1,0,20,93,144,215,271,227,155,87,61,14,13,0,1,10,0,0,0,0,0,0
0,0,0,2,50,89,118,201,228,202,142,110,62,53,13,0,7,2,0,0,2,0,0,5
0,0,0,0,69,109,123,160,165,150,127,105,72,42,0,5,4,5,7,8,0,5,4,0
0,0,0,0,66,115,130,141,137,135,118,107,62,0,8,4,2,0,9,0,6,8,3,0
0,0,2,3,51,101,136,130,126,110,105,84,51,43,6,0,0,5,0,0,9,4,4,5
0,1,3,14,80,119,134,121,111,80,68,65,51,34,13,11,10,12,3,7,8,2,6,4
1,15,38,57,87,149,211,250,232,133,72,49,44,44,28,25,20,13,18,10,12,14,22,10
7,29,61,116,158,213,242,249,240,200,114,71,80,71,13,4,7,6,11,10,8,7,6,0
2,44,87,143,171,225,296,331,303,235,169,126,102,59,16,4,6,10,10,3,5,8,6,0
11,46,93,149,203,234,286,336,335,238,163,134,113,100,17,6,7,13,8,9,8,10,8,0
10,19,60,132,186,197,225,260,254,234,216,178,122,93,43,26,18,16,12,9,4,5,4,0
5,18,22,101,122,129,176,194,193,181,167,159,143,118,74,27,10,21,18,7,3,11,7,7
1,10,12,12,103,104,125,143,159,144,159,153,138,119,106,84,54,8,8,1,0,0,0,0
5,4,8,6,14,35,101,111,127,137,131,124,128,120,105,95,12,12,7,3,0,0,7,0
12,10,10,37,40,47,89,100,107,114,121,115,112,110,104,101,9,6,2,4,6,2,0,6
8,10,9,8,7,14,14,51,71,102,102,101,102,104,102,91,39,8,10,2,0,0,2,0
9,9,4,8,12,6,11,19,42,59,59,64,101,102,101,82,54,3,6,7,5,9,7,0
0,8,14,6,8,43,64,55,56,58,55,57,66,70,69,66,10,6,0,7,11,6,9,1
1,10,6,13,19,53,43,26,28,35,45,54,66,92,88,62,1,8,1,0,2,9,6,9
0,7,11,13,28,51,41,27,26,36,48,55,66,81,66,53,9,13,9,9,11,11,10,9
6,12,13,29,38,45,14,14,37,51,56,57,68,112,84,55,10,7,6,6,5,5,3,0
9,9,26,48,49,28,25,14,13,14,55,64,77,93,70,55,45,8,12,1,0,5,4,11
10,21,52,54,51,23,17,13,25,12,52,57,70,60,53,50,35,11,14,0,0,0,0,7
18,28,48,53,42,13,9,16,17,13,31,47,60,56,50,20,12,10,12,0,0,0,0,0
11,18,25,40,9,7,0,7,14,19,25,51,57,50,14,10,10,7,5,0,0,0,4,6
10,14,24,13,7,8,0,0,5,16,42,48,52,33,13,10,8,11,1,0,0,0,1,0
8,10,11,13,14,6,5,0,5,12,23,48,43,14,10,9,6,8,2,0,0,0,0,0
35,47,14,11,13,10,12,7,13,10,35,31,34,25,10,7,6,0,0,0,0,0,0,0
24,54,40,12,12,24,13,10,8,6,13,40,49,28,30,13,0,0,0,0,0,0,0,0
37,40,35,14,12,9,11,10,11,1,10,15,44,52,42,20,9,2,9,0,8,1,3,0
33,29,27,32,13,11,2,13,10,5,3,11,30,28,33,13,12,12,9,5,0,0,4,4
13,24,59,19,3,2,4,0,0,4,8,11,14,13,13,5,0,0,0,2,0,0,5,0
10,13,13,14,12,0,6,1,0,0,8,8,8,8,8,10,10,6,4,6,2,0,0,0

0,6,9,0,0,0,0,0,0,38,60,67,70,42,10,8,0,0,0,0,0,0,0,1
0,0,3,5,0,0,0,7,13,4,4,10,3,0,12,5,0,2,0,0,0,0,0,8
0,5,0,0,0,0,9,22,50,61,108,112,105,83,53,16,13,13,28,14,13,10,5,10
7,0,0,0,0,27,1,52,80,170,225,201,194,152,116,75,76,66,68,57,51,36,17,12
6,10,0,0,8,25,84,88,156,258,266,260,223,201,173,127,94,75,102,107,74,53,13,10
5,0,0,2,0,15,75,161,249,321,282,245,198,146,141,141,118,119,119,129,83,50,14,14
2,5,2,0,9,59,105,144,245,252,195,129,87,106,88,87,97,84,100,101,67,41,12,11
12,4,0,3,10,63,89,146,218,191,129,94,68,18,2,14,2,0,11,13,19,14,3,4
0,0,2,0,12,63,92,150,179,176,118,107,70,11,0,0,0,0,2,0,2,29,7,0
8,0,0,0,6,70,135,182,193,184,144,103,71,6,0,1,0,0,0,2,0,1,0,0
2,1,0,0,12,97,157,195,214,196,146,94,62,9,2,12,5,0,1,0,0,0,0,0
0,0,1,0,21,93,145,217,272,227,155,87,61,13,13,0,1,10,0,0,0,0,0,0
0,0,0,2,50,89,118,202,228,201,141,109,62,53,12,0,7,2,0,0,2,0,0,5
0,0,0,0,70,109,123,159,164,149,126,105,72,37,0,5,4,5,7,8,0,5,4,0
0,0,0,0,65,115,129,141,137,134,117,107,62,0,8,4,2,0,9,0,6,8,3,0
0,0,2,3,51,101,136,130,126,110,105,83,51,43,6,0,0,5,0,0,9,4,4,5
0,1,2,14,80,119,134,121,111,81,68,65,51,34,13,11,10,12,3,7,8,2,6,4
1,14,38,57,86,148,211,250,233,134,72,49,44,44,28,25,20,13,18,10,12,14,22,10
7,28,61,116,157,213,242,248,241,201,115,70,80,72,13,4,7,6,11,10,7,7,6,0
2,43,87,143,170,225,296,332,304,237,170,127,102,59,15,4,6,10,10,3,5,8,6,0
11,45,93,149,203,233,285,337,337,240,164,134,113,100,18,6,7,13,8,9,8,10,8,0
10,19,60,131,185,196,225,260,256,235,216,178,122,93,44,26,18,16,12,9,4,5,4,0
5,17,22,100,122,129,176,194,193,181,167,159,143,118,74,27,10,21,18,7,3,11,7,7
0,9,12,12,103,103,125,143,159,144,159,153,138,119,106,83,54,8,8,1,0,0,0,0
5,4,8,6,13,36,101,111,127,137,131,124,128,120,105,94,12,12,7,3,0,0,7,0
12,10,10,37,40,46,88,100,107,114,122,115,112,110,104,101,9,6,2,3,6,2,0,6
8,10,9,8,7,14,14,52,71,102,102,100,102,104,103,89,39,8,10,2,0,0,2,0
9,8,4,7,12,6,11,20,42,60,60,64,101,102,100,82,53,3,6,7,5,9,7,0
0,8,14,6,8,43,64,55,57,58,55,57,66,70,68,65,10,6,0,7,11,6,9,1
1,10,6,13,19,53,43,25,28,35,45,54,66,92,87,61,1,8,1,0,2,9,6,9
0,7,11,13,27,51,41,27,26,35,48,55,66,80,66,52,8,13,9,9,11,11,10,9
7,12,13,29,38,45,14,14,39,51,55,57,69,112,84,55,10,7,6,6,5,5,3,0
9,9,26,48,49,28,24,14,13,14,55,64,77,93,70,55,44,8,12,1,0,5,4,11
10,21,52,54,51,23,17,13,26,12,52,57,70,60,53,50,34,11,14,0,0,0,0,7
18,28,48,53,42,13,9,16,17,13,32,49,60,56,50,20,12,10,12,0,0,0,0,0
11,18,25,40,9,7,0,7,14,20,25,51,57,50,14,10,10,7,5,0,0,0,4,6
11,13,24,13,7,8,0,0,6,16,40,46,52,32,13,10,8,11,1,0,0,0,1,0
8,10,11,13,14,6,5,0,5,12,23,49,43,14,10,9,6,8,2,0,0,0,0,0
35,47,14,11,13,10,12,7,13,10,33,32,34,26,10,7,6,0,0,0,0,0,0,0
24,54,39,12,12,25,13,10,8,6,13,40,50,28,29,13,0,0,0,0,0,0,0,0
37,40,35,14,12,9,10,10,11,1,11,15,44,52,43,20,9,2,9,0,8,1,3,0
33,29,27,32,13,11,2,13,10,5,3,11,29,30,33,13,12,12,9,5,0,0,5,4
13,23,59,19,3,2,4,0,0,4,8,11,16,13,13,5,0,0,0,2,0,0,5,0
10,13,13,14,12,0,6,1,0,0,9,8,8,8,8,10,10,6,4,6,2,0,0,0
