0,0,0,0,0,0,0,0,10,11,11,58,100,129,125,137,101,118,111,107,96,76,56,51
0,0,0,0,0,0,0,4,0,51,71,105,127,145,152,138,131,115,116,96,81,68,60,13
9,0,3,0,0,7,5,4,0,75,112,139,165,169,162,136,100,106,101,62,39,13,14,10
3,8,4,6,2,10,13,22,74,116,149,200,210,183,148,117,94,52,38,10,9,0,11,3
0,0,0,3,0,9,28,53,79,117,184,267,317,220,173,145,107,92,50,27,3,1,2,0
8,10,6,32,7,8,43,53,68,107,200,342,398,409,310,179,134,89,69,54,13,5,0,1
9,5,14,9,0,0,15,56,76,109,191,291,335,355,295,223,119,112,80,11,11,0,7,5
0,0,7,0,0,0,6,9,79,117,170,192,196,248,266,210,138,87,66,56,16,13,7,4
0,0,0,0,0,0,9,41,73,104,129,175,204,223,221,215,160,115,87,60,16,9,0,0
0,0,0,0,0,0,0,57,81,95,139,196,248,275,283,258,190,119,69,14,24,5,0,2
1,0,0,0,3,8,10,73,80,109,156,219,303,339,301,240,163,112,73,38,6,0,0,0
0,0,0,0,0,3,52,86,111,138,172,222,244,311,268,199,147,84,64,28,1,0,0,0
0,0,0,0,0,8,60,100,122,145,190,235,235,225,189,158,124,72,67,32,9,3,2,0
0,2,8,0,11,8,96,117,134,159,189,185,189,171,149,130,115,104,107,46,31,11,6,0
0,0,0,8,9,12,71,128,137,146,171,183,164,143,135,121,113,103,99,14,14,14,10,9
2,0,0,3,38,65,70,133,154,168,188,167,157,138,117,105,94,105,54,13,4,10,4,0
7,10,10,9,42,101,117,151,155,178,238,261,159,89,72,69,67,60,10,8,5,0,3,0
6,11,17,27,42,61,87,136,184,225,261,337,268,158,82,56,45,28,14,9,8,4,9,5
3,4,8,25,72,101,123,147,173,225,250,258,234,140,95,76,36,12,7,8,12,12,0,9
3,9,22,50,69,104,105,168,206,261,300,291,261,221,160,118,97,12,10,8,3,9,5,7
6,6,7,21,48,61,120,155,177,236,343,336,305,233,198,173,119,94,14,12,10,1,3,6
5,3,10,14,62,77,109,136,170,245,336,335,328,272,258,214,145,90,29,14,23,14,9,6
7,10,13,19,31,44,100,119,135,178,251,271,261,239,226,199,175,133,63,13,13,0,0,0
4,0,5,5,5,50,101,107,116,142,171,205,216,218,206,202,184,149,125,104,12,10,0,0
9,2,0,7,9,16,43,87,103,108,128,147,190,181,178,202,187,157,137,111,52,10,0,5
10,4,7,12,12,14,48,26,86,98,104,113,130,148,149,161,160,154,139,115,80,8,5,0
0,0,7,11,12,15,13,14,35,100,74,86,105,112,140,137,138,129,121,106,102,27,14,6
0,8,9,0,5,6,7,44,12,13,27,68,70,89,112,123,123,127,121,105,91,70,12,9
0,8,2,11,14,27,14,5,33,54,61,59,60,82,94,109,114,122,130,132,118,82,29,6
2,10,11,11,14,10,1,12,12,53,50,53,54,58,59,90,99,110,126,142,144,76,50,23
7,10,13,12,14,14,13,11,16,33,35,49,51,60,93,113,106,119,129,111,65,52,31,11
0,3,2,11,9,12,14,7,13,16,69,55,58,93,122,131,138,109,99,52,29,11,12,9
7,0,4,1,11,8,4,5,11,49,50,54,69,102,120,143,153,137,63,43,14,10,9,3
7,0,0,5,12,10,1,7,16,31,50,59,78,90,131,159,142,78,50,23,11,6,10,13
1,0,0,6,6,12,9,14,13,50,53,63,61,73,120,133,87,54,23,14,26,6,11,10
3,0,0,0,2,11,10,9,14,50,54,65,64,68,78,71,42,31,13,6,4,14,10,0
0,0,5,5,0,8,12,14,50,52,57,56,58,56,46,28,43,32,12,6,10,11,8,5
3,3,0,0,3,6,7,12,47,52,56,53,51,39,39,50,26,9,8,15,9,7,1,0
0,0,0,0,0,0,3,11,47,53,67,44,35,36,32,18,23,13,12,12,7,8,9,0
0,0,0,0,0,0,0,18,56,53,31,52,20,41,45,29,29,24,26,12,9,1,6,10
0,0,0,0,0,3,6,14,50,54,50,25,13,13,13,14,22,37,14,14,11,8,4,14
4,1,0,0,6,9,8,14,53,54,50,50,13,9,11,13,24,13,14,11,14,12,12,12
8,10,6,0,10,6,8,7,50,58,56,39,39,16,12,4,0,11,12,7,11,17,11,0
4,1,5,5,8,4,10,11,13,51,52,50,14,11,5,0,0,8,0,13,13,5,12,9

0,0,0,0,0,0,0,0,10,11,11,58,101,130,125,137,101,118,112,107,96,76,56,51
0,0,0,0,0,0,0,4,1,51,71,105,128,146,152,138,131,115,116,96,81,68,60,13
9,0,3,0,0,7,5,4,0,75,112,139,164,169,162,136,101,107,101,62,42,13,14,10
3,8,4,6,2,10,14,22,74,115,148,199,209,183,148,117,95,53,39,10,9,0,11,3
0,0,0,3,0,9,28,53,78,116,181,263,315,219,174,146,108,93,51,28,3,2,2,0
8,10,7,32,7,8,42,53,67,107,196,336,393,404,310,182,135,90,70,54,14,5,0,1
9,5,14,9,0,0,14,56,76,108,188,284,330,350,294,228,121,113,80,11,11,0,7,4
0,0,8,0,0,0,5,8,79,117,168,191,194,245,264,212,140,90,67,56,18,13,7,4
0,0,0,0,0,0,9,41,73,104,129,175,202,221,218,216,162,117,88,60,16,9,0,0
0,0,0,0,0,0,0,57,81,95,139,197,248,273,282,257,193,121,70,14,24,5,0,2
1,0,0,0,3,7,10,73,80,109,156,220,303,340,300,239,164,114,74,41,6,0,0,0
0,0,0,0,0,3,52,86,111,138,172,221,243,310,268,198,147,84,64,28,1,0,0,0
0,0,0,0,0,8,60,100,122,145,190,234,233,224,190,158,124,72,67,32,9,4,2,0
0,2,8,1,11,8,96,117,134,159,188,184,189,171,149,130,115,104,107,54,50,14,6,0
0,0,0,9,9,12,71,128,137,146,171,182,164,142,134,120,113,103,97,15,17,25,11,9
2,0,0,4,38,65,70,133,154,168,188,167,157,137,116,104,93,105,53,13,6,12,4,0
7,10,10,9,42,100,117,151,155,179,240,263,159,89,72,69,67,59,9,8,5,0,3,0
6,11,17,27,41,61,86,136,185,226,264,340,269,158,82,56,44,27,14,9,8,4,9,5
3,4,8,25,71,101,122,147,173,226,250,259,233,140,95,76,36,12,7,8,13,12,0,9
4,9,20,50,69,104,105,168,207,261,300,290,260,219,160,118,96,13,10,8,3,9,5,7
6,6,8,21,47,61,119,155,178,238,344,337,304,232,197,173,119,94,14,12,10,1,3,6
5,4,10,14,61,77,108,136,171,246,337,335,329,271,257,213,144,90,29,14,23,14,9,6
7,10,13,19,31,43,100,119,135,178,252,271,261,238,227,199,175,133,63,13,13,0,0,0
4,0,6,5,5,48,101,107,116,142,171,206,217,219,206,202,184,149,125,104,12,10,0,0
9,2,0,7,9,15,41,88,103,108,129,147,190,181,179,202,187,157,137,111,52,9,0,5
10,4,7,12,12,14,50,29,87,100,104,114,130,148,149,161,160,154,139,115,79,8,5,0
0,0,7,11,12,15,13,14,38,100,75,86,105,113,140,137,138,129,121,106,102,26,14,6
0,8,9,0,5,6,7,44,12,13,32,72,70,90,112,124,123,127,121,105,91,70,12,9
0,8,2,11,14,27,14,5,36,54,61,60,60,82,93,110,114,122,130,131,117,82,30,6
2,10,11,11,14,10,1,12,12,54,50,53,54,58,59,90,99,110,126,142,144,76,50,23
7,10,12,12,14,14,13,11,17,34,36,49,51,60,93,113,106,118,129,111,65,52,31,11
0,3,2,11,9,12,14,7,13,20,69,55,58,92,122,131,138,110,99,52,29,11,12,9
7,0,4,1,11,8,4,5,11,50,50,54,70,102,120,143,153,137,63,43,14,10,9,3
6,0,0,5,12,10,1,7,18,31,51,59,79,90,132,160,142,79,51,23,11,6,10,13
1,0,0,6,6,12,10,14,13,50,53,63,62,73,121,133,88,54,24,14,26,6,11,10
3,0,0,0,2,11,10,9,15,50,54,66,64,68,78,71,42,32,13,6,4,14,10,0
0,0,5,5,0,7,12,14,50,52,57,56,58,57,46,28,44,32,12,7,10,11,8,5
3,3,0,0,3,6,7,12,46,52,56,53,51,39,39,50,27,9,8,15,9,7,1,0
0,0,0,0,0,0,4,11,47,53,67,44,35,37,32,19,24,13,12,12,7,8,9,0
0,0,0,0,0,0,0,18,56,53,31,52,21,42,45,29,28,23,26,12,9,1,6,10
0,0,0,0,0,3,6,14,50,54,50,27,13,13,13,14,22,38,14,14,11,8,4,14
4,1,0,0,6,9,9,14,53,54,50,50,13,9,11,13,27,13,14,11,13,11,12,12
8,9,7,0,10,6,8,7,50,58,56,40,43,16,12,4,0,11,12,7,11,17,11,0
4,1,5,5,8,4,10,11,13,51,52,50,14,11,5,0,0,8,0,13,13,5,12,9

0,0,0,0,0,0,0,0,10,11,11,59,101,130,125,137,101,118,112,107,96,76,56,51
0,0,0,0,0,0,0,4,1,51,72,105,128,146,152,138,131,115,116,96,81,68,60,13
9,0,3,0,0,7,5,4,0,76,113,139,164,169,161,136,101,107,101,62,40,13,14,10
3,8,4,6,2,10,14,23,74,116,148,199,209,184,148,117,95,53,38,10,9,0,11,3
0,0,0,3,0,9,28,53,79,116,182,263,315,220,175,146,108,93,51,28,4,2,2,0
8,10,7,32,7,7,42,53,68,107,197,335,392,405,312,183,136,91,70,54,14,5,0,1
9,5,14,9,0,0,14,56,77,108,188,285,329,350,296,228,122,114,80,11,11,0,7,4
0,0,8,0,0,0,5,8,80,117,169,191,194,245,263,212,141,90,67,57,19,14,7,4
0,0,0,0,0,0,9,43,74,105,130,176,204,220,219,216,163,118,89,61,16,10,0,0
0,0,0,0,0,0,0,58,81,96,141,198,247,272,281,254,192,122,70,15,23,5,0,2
1,0,0,0,3,8,10,73,81,109,157,221,304,339,299,237,163,113,74,40,6,0,0,0
0,0,0,0,0,3,52,86,111,138,171,222,244,309,267,197,146,84,64,28,1,0,0,0
0,0,0,0,0,8,60,100,122,145,189,233,233,224,189,157,124,72,66,30,10,5,2,0
0,2,9,1,11,8,95,117,134,159,188,184,188,170,148,129,115,104,106,55,52,16,7,0
0,0,0,9,10,12,71,128,137,146,172,182,164,142,134,120,112,103,91,15,21,31,11,10
3,0,0,4,39,64,70,133,155,170,189,168,157,137,116,104,92,104,52,13,6,12,4,0
8,10,10,9,42,100,117,152,156,180,242,266,160,89,72,69,67,58,9,8,5,0,3,0
6,11,18,27,41,61,86,136,186,227,265,343,272,159,82,57,43,26,14,9,8,4,9,5
4,4,8,25,71,101,123,148,173,227,252,260,234,140,95,78,38,12,7,8,13,12,0,9
4,9,20,49,68,104,105,168,208,262,300,290,260,219,160,118,98,12,10,8,3,9,5,7
6,6,8,21,47,61,119,155,178,237,343,336,303,232,197,173,120,95,14,12,10,1,3,6
5,4,10,14,61,76,108,136,171,246,337,335,328,271,257,213,145,90,29,14,23,14,9,6
8,10,13,19,31,43,100,119,135,178,252,271,260,238,226,199,175,133,63,13,13,0,0,0
4,0,6,5,5,47,100,107,116,142,172,206,217,219,206,202,183,149,125,104,12,10,0,0
9,3,0,7,9,14,43,88,102,108,129,147,190,182,179,202,187,156,137,111,53,9,0,5
10,4,7,12,12,14,48,29,87,100,104,114,130,148,150,161,161,154,139,115,80,9,5,0
0,0,7,11,12,16,13,14,39,100,77,86,105,113,140,138,138,129,121,106,102,27,14,6
0,8,9,0,5,6,7,44,12,13,33,72,69,89,112,124,123,127,120,105,91,70,12,9
0,8,2,11,14,27,14,5,37,55,61,60,60,82,94,110,114,122,130,131,117,82,29,6
2,10,11,11,14,10,1,13,13,54,50,53,54,58,59,91,99,111,126,142,144,76,50,22
7,10,13,12,14,14,14,11,18,35,37,49,51,61,94,113,106,119,129,111,65,52,31,11
0,3,2,11,9,12,14,8,13,22,70,55,58,93,122,131,138,110,99,53,29,11,12,9
7,0,4,1,11,8,5,5,11,50,50,54,70,102,121,144,153,137,63,43,14,10,9,3
7,0,0,5,12,10,1,7,18,32,51,59,79,91,131,160,142,78,50,23,11,6,10,13
1,0,0,6,6,12,9,14,13,50,53,63,62,73,121,133,87,54,24,14,26,6,11,10
3,0,0,0,2,11,10,9,15,50,54,66,64,68,78,71,42,32,13,6,4,14,10,0
0,0,5,5,0,8,12,14,50,52,57,56,58,56,46,29,43,32,12,7,10,11,8,6
3,3,0,0,3,6,7,12,45,52,56,53,50,39,39,50,27,9,8,15,9,7,1,0
0,0,0,0,0,0,4,11,47,53,67,44,35,36,33,18,24,13,12,12,7,8,9,0
0,0,0,0,0,0,0,18,56,53,31,52,23,42,46,30,28,23,27,12,9,1,6,10
0,0,0,0,0,3,6,14,50,54,50,27,13,13,13,14,22,37,14,14,11,8,4,14
3,1,0,0,6,9,9,14,53,54,50,50,13,8,11,13,24,13,14,11,14,12,12,12
8,10,7,0,10,6,8,7,48,58,56,40,40,16,12,4,0,11,12,7,11,17,11,0
4,1,5,5,8,4,10,11,13,51,52,50,14,11,5,0,0,8,0,13,13,5,12,9

0,0,0,0,0,0,0,0,10,11,12,59,102,131,126,137,101,118,112,107,96,76,56,51
0,0,0,0,0,0,0,4,1,51,72,106,129,147,153,138,131,115,116,96,81,69,60,13
9,0,3,0,0,7,5,4,0,76,113,140,165,170,162,136,101,107,101,62,40,13,14,10
3,8,4,6,2,10,14,23,74,116,149,200,209,184,149,117,95,53,37,10,9,0,11,3
0,0,0,3,0,9,29,53,79,116,182,263,315,219,174,146,108,93,51,28,3,2,3,0
8,10,6,31,7,7,42,53,67,106,197,336,392,405,309,180,135,90,70,54,14,5,0,1
9,5,14,9,0,0,14,55,76,108,187,286,332,349,293,225,120,113,80,11,11,0,7,4
0,0,7,0,0,0,5,8,79,117,168,192,195,245,264,210,139,89,67,57,18,13,7,4
0,0,0,0,0,0,8,41,73,104,129,175,204,222,218,215,162,117,88,61,16,9,0,0
0,0,0,0,0,0,0,57,81,95,139,196,247,272,281,253,189,121,70,15,24,4,0,2
1,0,0,0,3,7,10,73,80,108,156,219,300,336,300,237,162,113,74,41,7,0,0,0
0,0,0,0,0,3,52,86,111,138,171,222,243,310,267,197,146,84,64,29,1,0,0,0
0,0,0,0,0,7,60,100,122,145,189,234,234,224,189,157,124,72,67,33,11,6,3,0
0,3,9,1,11,8,95,117,134,159,188,184,188,170,148,129,115,104,107,63,54,46,7,0
0,0,0,9,10,12,71,128,137,146,172,182,164,142,135,120,113,103,98,29,28,41,11,10
3,0,0,4,41,64,70,133,154,170,190,168,158,137,117,105,94,105,54,16,8,13,4,0
8,10,10,9,41,100,116,151,156,180,243,268,161,89,72,69,67,59,10,9,5,0,3,0
6,11,18,27,41,59,86,136,186,228,266,344,272,160,82,58,44,27,14,10,9,4,9,5
4,4,8,24,70,101,122,147,173,228,252,260,235,141,96,79,40,12,7,8,13,12,0,9
4,9,21,48,68,104,105,168,208,262,299,290,260,220,163,119,100,13,10,8,2,9,5,7
7,7,8,21,46,61,119,155,178,236,341,334,302,233,198,174,120,97,14,12,10,1,3,6
5,4,10,14,61,76,108,135,171,245,335,333,327,270,258,214,145,91,30,14,23,14,9,6
8,10,13,19,30,42,100,119,135,178,252,270,260,238,226,199,175,133,64,13,13,0,0,0
5,0,6,5,5,47,100,107,116,142,172,205,216,219,206,202,184,149,125,104,12,10,0,0
9,3,0,7,9,15,43,89,102,108,129,147,190,181,179,202,187,157,137,111,54,10,0,5
10,4,7,12,12,14,48,29,89,100,104,114,130,148,150,161,161,154,139,115,80,9,5,0
0,0,7,11,12,16,13,14,39,100,78,86,105,113,141,138,138,129,121,106,102,27,14,6
0,8,9,0,5,6,7,44,12,13,36,74,69,89,112,124,124,128,120,105,91,70,12,9
0,8,2,11,14,29,14,5,39,55,61,60,60,83,94,110,114,122,130,132,118,82,29,6
2,10,11,11,14,11,1,13,13,54,51,53,54,58,59,91,100,111,126,142,144,76,50,22
7,10,13,12,14,14,14,11,19,35,38,49,51,60,94,113,106,119,129,111,65,52,31,11
0,3,2,11,10,12,14,8,13,26,71,55,58,93,122,131,139,110,99,53,29,11,12,9
7,0,4,1,11,8,5,5,11,50,50,54,70,103,121,144,154,137,63,43,14,10,9,3
7,0,0,5,12,10,1,7,18,33,51,59,79,91,132,160,143,78,51,23,11,6,10,13
1,0,0,6,6,12,9,14,13,50,53,63,62,73,121,133,88,54,24,14,26,6,11,10
3,0,0,0,2,11,10,9,16,50,55,66,64,68,79,71,42,32,13,6,4,14,10,0
0,0,5,5,0,8,12,14,50,52,57,56,58,57,46,28,44,32,12,7,10,11,8,5
3,3,0,0,3,6,7,12,46,52,56,53,51,39,40,50,27,9,8,16,9,7,1,0
0,0,0,0,0,0,4,11,47,53,67,45,36,36,33,19,23,13,12,12,7,8,9,0
0,0,0,0,0,0,0,19,56,53,31,52,22,43,48,28,30,24,26,12,9,1,6,10
0,0,0,0,0,3,6,14,50,54,50,27,13,13,13,14,22,38,14,14,12,8,4,14
4,1,0,0,6,9,9,14,53,54,50,50,13,9,11,13,23,13,14,11,14,11,12,12
8,10,6,0,10,7,8,7,48,58,56,39,40,16,12,4,0,11,12,7,11,17,11,0
4,1,5,5,8,4,10,11,13,51,52,50,14,11,5,0,0,8,0,13,13,5,12,9

0,0,0,0,0,0,0,0,10,11,12,59,102,131,126,138,101,118,112,107,96,76,56,51
0,0,0,0,0,0,0,5,2,51,73,106,129,147,154,139,132,115,117,96,81,69,60,13
9,0,3,0,0,8,5,4,0,76,113,140,165,170,162,137,102,107,101,62,40,13,14,10
3,8,4,6,2,10,14,23,74,116,149,200,209,183,149,117,95,53,37,10,9,0,11,3
0,0,0,3,0,9,29,53,78,116,182,264,315,219,174,146,108,93,51,28,3,2,2,0
8,10,7,32,7,8,43,53,67,106,197,339,396,407,308,180,135,90,70,54,14,5,0,1
9,5,14,9,0,0,14,55,76,107,187,287,334,353,295,225,120,113,80,11,11,0,6,4
0,0,8,0,0,0,5,7,79,116,167,192,195,247,266,211,139,89,67,57,18,13,7,3
0,0,0,0,0,0,8,39,73,104,128,174,204,223,220,216,161,116,88,61,16,9,0,0
0,0,0,0,0,0,0,57,80,94,137,195,246,273,283,256,188,120,70,15,24,4,0,2
1,0,0,0,3,7,10,72,80,107,155,218,301,336,300,239,162,113,74,41,7,0,0,0
0,0,0,0,0,3,51,85,111,137,171,222,244,310,267,198,146,84,64,30,1,0,0,0
0,0,0,0,0,7,60,100,121,144,190,234,234,225,189,158,124,72,67,34,12,6,3,0
0,3,9,1,11,8,95,117,134,159,188,184,189,170,149,130,115,104,107,67,55,52,8,0
0,0,0,9,10,12,71,128,137,146,172,183,164,142,135,121,113,103,100,34,30,45,11,10
3,0,0,4,39,63,69,133,155,170,190,169,157,138,117,105,94,105,55,19,9,14,4,0
8,11,10,10,40,100,116,151,156,180,243,270,161,90,73,70,68,60,10,9,6,0,3,0
6,12,18,26,41,59,85,136,186,228,267,346,274,160,83,59,45,28,14,10,9,4,9,6
3,4,8,23,69,100,122,147,173,228,252,261,236,141,96,80,41,12,7,8,13,13,0,10
4,9,21,47,68,104,105,168,207,261,298,289,261,221,163,120,100,13,10,8,2,9,5,7
7,7,8,21,46,61,119,155,177,235,340,334,302,232,199,175,120,98,14,13,11,1,3,6
5,4,10,14,60,75,108,135,171,245,334,333,327,270,257,214,145,92,30,14,23,14,9,6
8,10,13,19,30,41,100,118,135,178,251,270,260,237,227,199,175,133,64,13,13,0,0,0
5,0,6,5,5,47,100,107,116,142,171,205,217,218,206,202,184,149,125,104,12,10,0,0
9,3,0,7,9,14,41,87,102,108,129,147,190,182,179,202,188,157,137,112,55,10,0,5
10,5,7,12,12,14,50,31,89,100,104,114,130,148,150,162,161,154,139,115,80,9,5,0
0,0,7,11,12,16,13,14,40,100,78,87,105,113,141,138,138,129,121,106,102,28,14,6
0,8,9,1,5,6,7,44,12,13,36,75,69,90,112,125,124,128,121,105,91,70,12,9
0,8,2,11,14,28,14,5,40,55,62,60,60,83,94,110,114,122,130,132,118,82,30,6
2,10,11,11,14,10,1,13,13,55,51,53,54,58,59,91,100,111,126,142,144,76,50,23
7,10,13,12,14,14,14,11,20,35,38,49,51,60,94,113,106,119,129,111,65,52,31,11
0,3,2,11,10,12,14,8,13,26,71,55,58,93,122,132,139,110,99,53,29,12,13,9
7,0,4,1,11,8,5,5,11,50,50,54,70,103,121,144,154,137,63,43,14,10,9,3
7,0,0,5,12,10,1,7,21,33,51,59,79,91,132,160,143,79,51,23,11,6,10,13
1,0,0,6,6,12,9,14,13,50,53,63,62,73,121,133,88,54,24,14,25,6,11,10
3,0,0,0,2,11,10,9,16,50,55,66,64,68,79,71,42,32,13,6,4,14,10,0
0,0,5,5,0,7,12,14,50,52,57,56,58,56,46,28,44,33,12,6,10,11,8,5
3,3,0,0,3,6,7,12,46,52,56,53,50,39,40,50,27,9,8,16,9,7,1,0
0,0,0,0,0,0,4,11,47,53,67,44,35,36,35,19,24,13,12,12,7,8,9,0
0,0,0,0,0,0,0,19,56,53,31,52,24,42,47,30,29,24,27,12,9,1,6,11
0,0,0,0,0,3,6,14,50,54,50,27,13,13,13,14,22,36,14,14,12,8,4,14
4,1,0,0,6,9,9,14,53,54,50,50,13,9,11,13,24,13,14,11,14,11,12,12
8,9,6,0,10,6,8,7,48,58,56,40,41,17,12,4,0,11,12,7,11,17,11,0
4,1,5,5,8,4,10,11,13,51,52,50,14,11,5,0,0,8,0,13,13,5,12,9

0,0,0,0,0,0,0,0,10,11,11,58,101,131,128,140,103,118,112,107,97,76,56,51
0,0,0,0,0,0,0,4,1,51,72,105,128,146,155,141,132,115,116,96,81,68,60,13
9,0,3,0,0,8,5,4,0,76,113,140,164,168,162,137,101,107,101,62,40,13,14,11
3,8,5,6,2,10,14,23,74,116,149,199,207,182,148,117,95,53,37,10,9,0,11,3
0,0,0,3,0,9,29,53,79,116,182,263,313,218,173,145,108,93,50,28,3,2,3,0
8,10,7,31,7,8,43,53,67,106,196,337,394,405,306,179,135,90,70,54,14,5,0,1
9,5,14,9,0,0,14,55,76,107,186,285,332,351,295,224,119,113,80,11,11,0,6,4
0,0,7,0,0,0,5,7,78,116,167,191,195,247,266,210,139,88,67,57,17,13,7,3
0,0,0,0,0,0,8,40,73,103,128,174,204,223,220,216,161,116,88,61,16,9,0,0
0,0,0,0,0,0,0,57,80,94,137,195,246,275,284,256,189,120,70,15,25,4,0,2
1,0,0,0,3,7,10,72,80,107,155,218,301,336,302,239,162,113,74,40,7,0,0,0
0,0,0,0,0,2,51,85,111,137,172,223,244,312,269,198,146,84,64,30,1,0,0,0
0,0,0,0,0,7,59,100,121,145,190,235,235,225,190,158,124,73,67,35,12,7,3,0
0,3,9,1,11,8,95,117,134,159,189,184,189,170,149,130,115,104,107,68,55,52,8,0
0,0,0,9,9,12,71,128,137,146,172,182,164,142,135,121,113,103,100,37,31,46,11,10
3,0,0,4,39,63,69,133,154,170,190,168,158,138,117,105,95,105,56,21,9,14,4,0
8,11,10,10,40,100,116,151,156,181,244,270,161,90,72,70,68,60,11,9,6,0,3,0
6,12,18,26,40,59,85,136,185,228,267,346,273,159,83,59,45,28,14,10,9,4,9,6
4,4,8,23,68,100,122,147,173,228,253,261,235,141,97,80,42,12,7,8,13,13,0,10
4,9,21,48,67,104,105,168,208,262,299,289,261,221,164,120,100,13,10,8,2,9,5,7
7,7,8,20,46,61,119,155,178,236,340,334,301,233,199,175,120,99,14,13,11,1,3,6
5,4,10,14,61,75,108,135,171,245,335,333,326,270,258,214,145,92,30,14,23,14,9,6
8,10,13,19,30,41,100,118,135,178,252,270,259,237,227,199,175,133,64,13,13,0,0,0
4,0,6,5,5,47,100,107,116,142,172,206,216,219,206,202,184,149,125,104,12,10,0,0
9,3,0,7,9,14,41,88,102,108,129,148,190,182,179,203,188,156,137,112,55,10,0,5
10,5,7,12,12,14,48,32,89,100,104,114,130,148,150,162,161,154,139,115,80,9,5,0
0,0,7,11,12,16,13,14,40,100,78,86,105,113,141,138,138,129,121,106,102,28,14,6
0,8,9,1,5,6,7,46,13,14,42,79,70,89,113,125,124,128,120,105,91,70,12,9
0,8,2,11,14,29,14,5,40,55,62,60,60,82,94,110,114,122,130,131,117,82,30,6
2,10,11,11,14,11,2,13,13,55,52,53,54,58,59,91,100,111,126,141,143,75,50,22
7,10,13,12,14,14,14,11,20,36,38,50,51,60,94,114,106,119,129,111,65,52,30,11
0,3,2,11,10,12,14,8,13,30,70,55,58,93,122,132,139,110,99,53,29,11,12,9
7,0,4,1,11,8,5,5,12,50,50,54,70,103,121,144,154,137,63,43,14,10,9,3
7,0,0,5,12,10,1,7,20,34,51,59,79,91,132,160,143,78,50,23,11,6,10,13
1,0,0,6,6,12,10,14,13,50,53,63,62,73,121,133,87,54,24,14,26,6,11,10
3,0,0,0,2,11,10,9,16,50,55,66,65,68,78,71,42,32,13,6,4,14,10,0
0,0,5,5,0,8,12,14,50,52,57,56,58,57,46,28,43,34,12,7,10,11,8,5
3,3,0,0,3,6,7,12,46,52,56,53,51,40,39,50,27,9,8,16,9,7,1,0
0,0,0,0,0,0,4,11,47,53,67,45,35,36,34,19,23,13,12,12,7,8,9,0
0,0,0,0,0,0,0,18,56,53,31,52,25,42,47,30,29,24,26,12,9,1,6,11
0,0,0,0,0,3,6,14,50,54,50,28,13,13,13,14,22,38,14,14,12,8,4,14
4,0,0,0,6,9,9,14,53,54,50,50,13,9,11,13,24,13,14,11,14,12,12,12
8,10,6,0,10,6,8,7,48,58,56,42,41,16,12,3,0,11,12,7,11,17,11,0
4,1,5,5,8,4,10,11,13,51,52,50,14,11,5,0,0,8,0,13,13,5,12,9

0,0,0,0,0,0,0,0,10,11,11,58,101,131,130,141,104,119,112,107,97,76,56,50
0,0,0,0,0,0,0,4,1,51,72,105,127,145,155,142,133,115,116,96,82,68,59,13
9,0,3,0,0,8,5,3,0,76,113,139,164,168,162,137,101,107,101,62,42,13,14,11
3,8,5,6,2,10,14,21,74,116,148,198,206,182,148,117,95,53,36,10,9,0,11,3
0,0,0,3,0,9,27,53,79,116,181,260,311,217,173,145,108,93,51,28,4,2,3,0
8,10,7,32,7,8,42,53,67,105,195,335,393,404,305,179,135,90,70,54,14,5,0,1
9,5,14,9,0,0,14,55,75,106,185,283,332,351,295,224,120,113,80,11,11,0,6,4
0,0,8,0,0,0,5,7,78,115,166,191,195,247,265,211,139,88,67,57,17,13,7,3
0,0,0,0,0,0,8,38,72,103,128,174,203,224,221,215,161,116,88,61,16,9,0,0
0,0,0,0,0,0,0,57,80,94,137,195,246,275,287,257,189,120,70,16,25,4,0,2
1,0,0,0,3,7,10,72,79,107,155,218,302,337,303,241,163,113,74,42,7,0,0,0
0,0,0,0,0,2,51,85,111,137,172,223,245,312,269,198,147,84,65,30,1,0,0,0
0,0,0,0,0,7,59,100,121,144,190,235,236,226,190,158,125,73,68,36,12,7,3,0
0,3,9,2,11,8,94,116,134,158,188,184,189,171,149,130,116,104,108,71,56,54,9,0
0,0,0,9,10,11,71,128,136,146,171,182,164,142,135,121,114,104,100,40,32,49,11,10
3,0,0,4,39,63,69,133,154,170,191,168,158,138,118,105,95,106,57,24,10,14,4,0
8,11,10,10,40,99,116,151,156,181,244,270,161,90,73,70,68,61,11,10,6,0,3,0
6,12,18,26,40,59,84,136,186,229,268,346,273,160,83,60,45,29,14,10,10,4,9,6
4,4,8,23,69,100,122,147,174,229,253,261,236,141,97,81,42,12,7,8,13,13,0,10
4,9,20,48,67,104,105,168,208,263,299,289,261,222,165,120,100,13,10,8,2,9,5,7
7,7,8,20,46,61,119,155,179,237,340,334,301,232,199,176,121,99,14,13,11,1,3,6
6,4,10,14,60,75,108,135,172,245,335,332,326,270,258,215,145,92,30,14,23,14,9,6
8,10,13,19,30,41,100,118,135,179,252,270,259,237,227,199,175,133,64,14,13,0,0,0
5,0,6,5,5,45,100,107,116,142,172,206,216,219,206,202,184,149,125,104,12,10,0,0
9,3,0,7,9,14,43,87,102,108,129,148,190,182,179,203,188,156,137,112,55,10,0,5
10,5,7,12,12,14,48,33,89,100,104,114,130,148,150,162,161,154,139,115,80,9,5,0
0,0,7,11,12,15,13,14,43,100,79,86,105,113,141,138,138,129,121,106,102,28,14,6
0,8,9,1,5,6,7,45,13,14,40,79,69,89,112,125,124,128,120,105,90,70,13,9
0,8,2,11,14,28,14,5,41,55,62,60,60,83,95,110,114,122,130,131,117,82,30,6
2,10,11,11,14,10,2,13,13,55,52,53,54,58,59,91,100,111,126,141,143,75,50,22
7,10,13,12,14,14,14,11,20,36,39,50,51,61,94,114,107,119,129,111,64,51,30,11
0,3,2,11,10,12,14,8,13,30,72,55,58,93,123,132,139,110,99,53,29,11,12,9
7,0,4,1,11,8,5,6,12,50,51,54,70,103,121,144,154,137,63,43,14,10,9,3
7,0,0,5,12,10,1,7,20,34,51,59,79,91,132,160,142,78,50,23,11,6,10,13
1,0,0,6,6,13,9,14,14,51,53,64,62,73,122,134,88,54,25,14,26,7,11,10
3,0,0,0,3,11,10,9,17,50,55,66,64,68,79,71,42,32,13,6,4,14,10,0
0,0,5,5,0,8,12,14,50,52,57,56,58,57,46,28,44,33,12,7,10,11,8,5
3,3,0,0,3,6,7,12,47,52,56,53,51,40,39,50,28,9,8,16,9,7,1,0
0,0,0,0,0,0,4,11,48,53,67,45,35,36,35,20,24,13,12,12,7,8,9,0
0,0,0,0,0,0,0,20,56,53,31,52,24,42,48,30,29,24,26,12,9,1,6,11
0,0,0,0,0,3,6,14,50,54,50,28,14,13,13,14,22,37,14,14,12,8,4,14
4,0,0,0,6,9,9,14,53,54,51,50,13,9,11,13,24,13,15,11,14,11,12,12
8,10,6,0,10,6,8,7,50,58,56,40,40,16,12,4,0,11,12,7,11,17,11,0
4,1,5,5,8,4,10,11,13,51,52,51,14,11,5,0,0,8,0,13,13,5,12,9

0,0,0,0,0,0,0,0,10,11,11,58,100,131,130,142,105,120,112,107,97,76,56,50
0,0,0,0,0,0,0,4,1,51,72,105,127,145,156,143,133,115,117,96,82,68,60,13
9,0,3,0,0,8,5,3,0,76,112,139,163,168,163,137,102,107,101,62,42,13,14,11
3,8,5,6,2,10,14,20,74,116,148,197,205,181,148,117,95,53,35,10,9,0,11,3
0,0,0,3,0,9,27,53,78,116,181,260,310,216,171,145,108,93,50,29,4,3,3,0
8,10,7,31,7,8,42,53,67,105,195,336,393,403,304,178,135,90,70,54,14,6,0,1
9,5,14,9,0,0,14,55,75,106,185,284,333,352,294,224,119,113,80,11,11,0,6,4
0,0,7,0,0,0,5,7,77,115,166,191,196,248,266,211,139,88,66,57,17,13,7,3
0,0,0,0,0,0,8,37,72,103,128,174,203,224,221,216,161,116,88,61,16,9,0,0
0,0,0,0,0,0,0,56,80,93,136,194,246,274,286,257,189,120,70,16,25,4,0,2
1,0,0,0,3,7,10,72,79,106,154,219,301,338,303,241,163,113,74,41,7,0,0,0
0,0,0,0,0,2,51,85,110,137,171,224,246,313,270,199,147,84,64,31,1,0,0,0
0,0,0,0,0,7,59,100,121,144,190,235,236,226,191,158,125,73,67,35,13,7,4,0
0,3,9,2,11,8,94,116,134,158,188,184,190,171,149,130,116,104,107,71,56,56,9,1
0,0,0,9,10,11,70,127,136,146,172,182,164,142,135,121,114,104,100,42,34,50,12,10
3,0,0,4,39,62,69,132,154,170,191,169,158,138,117,105,95,106,57,25,10,14,4,0
8,11,10,10,40,98,115,150,156,181,245,272,162,90,73,70,68,61,11,10,6,0,3,0
6,12,18,26,40,58,84,136,186,229,270,348,274,160,84,60,45,29,14,10,10,4,9,6
4,4,8,22,68,100,122,147,174,229,253,262,236,141,98,81,43,12,7,8,13,13,0,10
4,9,21,47,67,103,105,168,208,263,299,289,261,222,165,121,101,13,10,8,2,9,5,7
7,7,8,20,45,60,119,155,179,236,340,333,301,232,199,176,121,100,14,13,11,1,3,6
5,4,10,14,60,75,107,135,172,245,334,332,326,270,258,215,145,92,30,14,23,14,9,6
8,10,13,19,30,41,100,118,135,178,252,269,259,237,227,199,175,133,64,14,13,0,0,0
4,0,6,5,5,44,100,107,116,142,172,205,216,219,207,202,184,149,126,104,12,10,0,0
9,3,0,7,9,14,40,88,102,108,129,148,190,182,180,203,188,157,137,112,56,10,0,5
10,5,7,12,12,14,47,33,90,100,104,114,130,148,151,162,161,154,139,115,80,9,5,0
0,0,7,11,12,15,13,14,42,100,80,86,105,113,141,138,139,129,121,106,102,28,14,6
0,8,9,1,6,6,7,46,13,14,40,81,69,89,112,125,124,128,120,105,90,70,13,9
0,8,2,11,14,28,14,5,41,56,62,60,60,83,94,110,114,123,130,131,117,82,30,6
2,10,11,11,14,11,2,13,13,55,52,53,54,58,59,91,100,111,126,141,143,75,50,22
7,10,13,12,14,14,14,11,21,37,39,50,51,61,94,114,106,119,129,111,65,51,30,11
0,3,2,11,10,12,14,8,13,30,72,55,58,93,123,132,139,110,99,53,29,11,13,9
7,0,4,1,11,8,5,6,12,50,51,54,70,103,121,144,154,137,63,43,14,10,9,3
7,0,0,5,12,10,1,7,20,33,51,59,79,91,132,160,143,78,51,23,11,6,10,13
1,0,0,6,6,12,10,14,13,50,53,63,62,73,121,134,88,54,24,14,26,6,11,10
3,0,0,0,2,11,10,9,17,50,55,66,65,68,79,71,42,32,13,6,4,14,10,0
0,0,5,5,0,8,12,14,50,52,57,56,58,56,46,28,44,33,12,6,10,11,8,6
3,3,0,0,3,6,7,12,46,52,56,53,51,40,39,50,27,9,8,15,9,7,1,0
0,0,0,0,0,0,4,11,48,53,67,45,36,37,34,20,24,13,12,12,7,8,9,0
0,0,0,0,0,0,0,19,56,53,31,52,26,43,47,29,28,24,26,12,9,1,6,11
0,0,0,0,0,3,6,15,50,54,50,28,13,13,13,14,22,36,14,14,12,8,4,14
3,0,0,0,6,9,9,14,53,54,50,50,13,9,11,13,23,13,14,11,14,11,12,12
8,10,6,0,10,7,8,7,50,58,56,40,43,16,12,4,0,11,12,7,11,17,11,0
4,1,5,5,8,4,10,11,13,51,52,51,14,11,5,0,0,8,0,13,13,5,12,9

0,0,0,0,0,0,0,0,10,11,11,58,100,130,129,141,104,119,112,108,98,76,56,50
0,0,0,0,0,0,0,4,1,51,72,105,127,144,153,141,133,115,117,96,82,68,60,13
9,0,3,0,0,8,5,3,0,76,113,139,163,168,162,137,102,107,101,62,42,13,14,11
3,8,5,6,2,10,14,22,75,116,148,199,208,182,148,117,95,53,35,10,9,0,11,3
0,0,0,3,0,9,27,53,79,116,181,261,314,219,173,145,108,93,50,28,4,3,3,0
8,10,7,32,7,8,42,53,67,105,195,336,395,405,306,179,134,90,70,54,14,6,0,1
9,5,14,9,0,0,14,55,75,106,184,285,332,353,296,223,119,113,80,11,11,0,6,4
0,0,7,0,0,0,5,7,77,115,166,191,196,247,267,211,139,88,66,57,17,13,7,3
0,0,0,0,0,0,8,38,72,103,128,174,204,224,221,216,161,116,88,61,16,9,0,0
0,0,0,0,0,0,0,56,80,93,136,194,247,274,285,257,189,120,70,16,26,5,0,2
1,0,0,0,3,7,10,72,79,106,154,218,302,337,303,241,163,113,74,41,7,0,0,0
0,0,0,0,0,2,51,85,110,136,170,223,245,313,272,199,147,84,64,30,1,0,0,0
0,0,0,0,0,7,59,100,121,144,189,235,237,227,191,159,125,73,67,33,13,7,4,0
0,4,9,2,11,8,94,116,133,158,188,185,190,171,149,130,116,104,107,70,57,55,9,1
0,0,0,9,10,11,70,127,136,145,172,183,165,143,135,121,113,103,100,40,35,50,12,10
3,0,0,3,39,62,69,132,154,170,191,170,159,138,117,105,95,106,57,24,10,14,4,0
8,11,10,10,40,98,115,150,156,181,245,273,162,90,73,70,68,61,11,10,6,0,3,0
6,12,18,26,40,58,84,135,186,230,270,348,276,160,83,60,45,28,14,10,10,4,9,6
4,4,8,22,68,100,122,147,174,229,254,262,236,142,98,82,44,12,7,8,13,13,0,10
4,9,21,46,67,103,105,168,208,262,298,289,261,222,165,121,101,13,10,8,2,9,5,7
7,7,8,20,45,60,119,155,178,237,340,333,302,233,199,176,121,100,15,13,11,1,3,6
5,4,10,14,60,74,107,135,172,245,334,332,326,269,258,215,145,93,31,14,23,14,9,6
8,10,13,19,30,41,99,118,135,178,252,269,260,237,226,200,176,134,65,14,14,0,0,0
5,0,6,5,5,45,100,107,116,142,172,205,216,219,207,202,184,149,126,104,12,10,0,0
9,3,0,7,9,14,41,88,102,108,129,148,190,182,180,203,188,157,137,112,57,10,0,5
10,5,7,12,12,14,48,33,89,100,104,114,130,148,151,162,161,154,139,115,80,9,5,0
0,0,7,11,12,16,13,14,43,100,80,86,105,113,141,138,139,129,121,106,102,28,14,6
0,8,9,1,6,6,7,45,13,14,42,81,70,90,112,125,124,128,120,105,90,70,13,9
0,9,2,11,14,29,14,5,41,55,62,60,60,82,95,110,114,123,131,131,117,82,30,6
2,10,11,11,14,11,2,13,13,55,52,53,54,58,59,91,100,111,126,141,143,75,50,23
7,10,13,12,14,14,14,11,21,37,39,50,51,61,95,114,107,120,129,111,64,51,30,11
0,3,2,11,10,12,14,8,13,31,72,55,58,94,122,132,139,110,99,53,29,11,13,9
7,0,4,1,11,8,5,6,12,50,51,54,70,103,121,144,154,137,63,43,14,10,9,3
7,0,0,5,12,10,1,7,21,34,51,59,79,91,132,160,143,78,51,23,11,6,10,13
1,0,0,6,6,12,10,14,14,51,53,63,62,73,121,134,88,54,23,14,26,7,11,10
3,0,0,0,3,11,10,9,18,50,55,66,65,68,79,71,42,32,13,6,4,14,10,0
0,0,5,5,0,8,12,14,50,52,57,56,58,57,46,29,45,34,12,7,10,11,8,5
3,3,0,0,3,6,7,12,47,52,56,53,51,39,40,49,29,9,8,16,9,7,1,0
0,0,0,0,0,0,4,11,49,53,67,45,36,38,34,20,25,13,12,12,7,8,9,0
0,0,0,0,0,0,0,19,56,53,32,52,24,43,49,29,29,24,26,12,9,1,6,11
0,0,0,0,0,3,6,14,50,54,50,28,13,13,13,14,22,37,14,14,12,8,4,14
4,0,0,0,6,9,9,14,53,54,50,50,13,9,11,13,24,13,15,11,14,11,12,12
8,10,6,0,10,7,8,7,50,58,56,42,41,17,12,4,0,11,12,7,11,17,11,0
4,1,5,5,8,4,10,11,13,51,52,51,14,11,5,0,0,8,0,13,13,5,12,9

0,0,0,0,0,0,0,0,10,11,12,58,101,130,126,138,103,119,112,108,98,76,56,50
0,0,0,0,0,0,0,4,1,51,72,106,129,146,153,139,132,116,117,97,82,68,60,13
9,0,3,0,0,8,5,4,0,76,113,140,164,169,163,137,102,108,101,62,40,13,14,11
3,8,5,6,2,10,14,22,74,116,148,199,208,183,149,118,96,53,36,10,9,0,11,3
0,0,0,3,0,9,28,53,78,116,180,261,314,219,174,146,109,94,51,29,4,3,3,0
8,10,7,32,7,8,43,53,67,105,194,335,393,405,309,180,135,90,70,54,14,6,0,1
10,5,14,9,0,0,14,55,75,106,184,283,331,351,295,225,120,113,80,11,11,0,6,4
0,0,8,0,0,0,5,7,77,115,165,190,194,246,265,211,139,88,67,57,17,13,7,3
0,0,0,0,0,0,8,36,72,102,127,173,202,223,221,217,162,116,88,61,15,9,0,0
0,0,0,0,0,0,0,56,80,93,136,194,246,274,285,260,190,120,70,16,26,5,0,2
1,0,0,0,3,7,10,72,79,106,154,218,302,338,304,242,164,113,74,42,7,0,0,0
0,0,0,0,0,2,51,84,110,136,171,222,245,312,272,200,148,85,65,30,1,0,0,0
0,0,0,0,0,7,59,100,121,144,190,235,235,226,191,160,125,74,68,35,13,7,4,0
0,3,9,2,11,8,95,116,134,159,189,185,189,171,149,131,116,105,108,72,56,55,9,1
0,0,0,9,10,11,70,128,136,146,172,183,165,143,135,121,114,104,101,41,34,50,12,10
3,0,0,4,39,63,69,133,154,170,191,169,158,138,118,106,96,106,58,25,10,14,4,0
8,11,10,10,39,98,115,151,156,182,245,272,161,90,73,70,68,61,12,10,6,0,3,0
6,12,18,26,40,58,84,135,186,230,270,347,274,159,83,60,45,29,14,10,10,4,9,6
4,4,8,23,68,100,122,147,174,229,254,262,236,141,98,82,43,12,7,8,13,13,0,10
4,9,21,46,67,103,105,168,208,263,298,288,261,222,165,121,101,13,10,8,2,9,5,7
7,7,8,20,45,60,119,155,179,236,339,332,300,232,199,176,121,100,15,13,11,1,3,6
5,4,10,14,60,74,107,135,172,245,334,331,325,270,257,215,146,92,31,14,23,14,9,6
8,10,13,19,30,41,99,118,135,179,252,269,259,237,226,199,175,134,65,14,14,0,0,0
5,0,6,5,4,44,100,107,116,142,172,205,216,219,206,203,184,149,126,104,12,10,0,0
9,3,0,7,9,15,41,88,102,108,129,148,190,182,180,203,188,157,137,112,57,10,0,5
10,5,7,12,12,14,48,33,89,100,104,114,130,148,151,162,161,154,139,115,80,9,5,0
0,0,7,11,12,15,13,14,43,100,80,86,105,113,141,139,139,129,121,106,102,28,14,6
0,8,9,1,6,6,7,46,13,14,43,82,69,90,113,125,124,128,120,105,90,71,13,9
0,9,2,11,14,28,14,5,42,56,62,60,60,83,94,110,114,123,131,132,117,82,30,6
2,10,11,11,14,11,2,13,13,55,52,53,54,58,59,91,100,111,127,141,143,75,50,23
7,10,13,12,14,14,14,11,22,37,39,50,51,61,94,114,106,120,129,111,64,51,30,11
0,3,2,11,10,12,14,8,13,33,72,56,58,94,122,132,139,110,99,53,29,11,13,9
7,0,4,1,11,8,5,6,12,50,51,54,70,103,121,144,154,137,63,43,14,10,9,3
7,0,0,5,12,10,1,7,21,33,51,59,79,91,132,161,143,78,50,23,11,6,10,13
1,0,0,7,6,12,10,14,13,51,53,64,62,73,122,134,88,54,24,14,26,7,11,10
3,0,0,0,2,11,11,9,17,50,55,66,65,68,79,71,42,32,13,6,4,14,10,0
0,0,5,5,0,8,12,14,51,52,57,56,58,57,46,28,43,35,12,7,10,11,8,5
3,3,0,0,3,6,7,12,46,52,56,53,51,39,40,50,28,9,8,16,9,7,1,0
0,0,0,0,0,0,4,11,47,53,67,45,36,37,35,19,25,13,12,12,7,8,9,0
0,0,0,0,0,0,0,18,56,53,31,53,27,42,48,30,28,24,27,12,9,1,6,11
0,0,0,0,0,3,6,14,50,54,50,27,13,13,13,14,22,37,14,14,12,8,4,14
4,0,0,0,6,9,9,14,53,54,50,50,13,9,11,13,24,13,15,11,13,11,12,12
8,10,7,0,10,7,8,7,50,58,56,42,41,16,12,4,0,11,12,7,11,17,11,0
4,1,5,5,8,4,10,11,13,51,52,51,14,11,5,0,0,8,0,13,13,5,12,9

0,0,0,0,0,0,0,0,10,11,12,59,102,130,126,138,102,119,112,108,98,76,56,51
0,0,0,0,0,0,0,5,1,51,72,105,128,146,152,139,132,116,117,97,82,68,60,13
9,0,4,0,0,8,5,4,0,76,113,140,164,170,163,137,103,108,101,62,42,13,14,11
3,8,5,6,2,10,14,21,73,116,148,199,209,184,149,118,96,54,37,10,9,0,11,3
0,0,0,3,0,10,28,53,78,115,179,259,314,220,174,147,110,94,51,29,4,3,3,0
8,10,7,32,7,8,42,53,66,104,192,332,392,405,308,181,136,90,70,54,14,6,0,1
10,5,14,10,0,0,14,55,75,106,183,280,328,348,292,225,120,113,80,11,11,0,6,5
0,0,8,0,0,0,5,7,77,114,164,188,191,243,263,210,139,88,67,57,18,13,7,3
0,0,0,0,0,0,8,34,72,102,127,171,200,221,219,216,162,116,88,61,16,9,0,0
0,0,0,0,0,0,0,56,79,92,135,193,245,274,284,260,191,120,70,16,26,5,0,2
1,0,0,0,3,7,9,72,79,106,153,216,304,339,304,242,165,114,74,41,7,0,0,0
0,0,0,0,0,2,51,85,110,137,171,221,244,311,272,202,149,86,66,32,1,0,0,0
0,0,0,0,0,7,59,100,121,145,190,235,234,226,192,161,127,75,69,37,12,7,4,0
0,3,9,2,11,8,96,117,134,159,189,185,190,173,151,132,117,105,108,74,55,54,9,0
0,0,0,9,10,11,71,128,137,146,172,184,166,144,136,122,115,104,101,43,32,50,12,10
3,0,0,4,39,62,69,133,154,170,190,168,159,139,119,107,97,106,58,26,10,14,4,0
8,11,10,10,38,96,115,151,157,181,244,269,160,90,73,71,69,62,12,10,7,0,3,0
6,12,18,26,40,58,84,135,186,230,268,344,271,158,83,60,45,29,15,10,10,4,9,6
4,4,8,23,68,100,122,148,174,229,253,261,235,141,98,81,43,12,7,9,13,13,0,10
4,9,21,47,67,103,105,168,209,263,297,287,260,221,166,121,101,13,10,8,3,9,5,7
7,7,8,20,45,60,119,155,179,237,338,331,300,232,199,177,121,100,15,13,11,1,3,6
6,4,10,14,60,74,107,135,172,245,334,331,325,269,257,216,146,93,31,14,23,14,9,6
8,10,13,19,30,41,100,119,135,179,252,269,259,237,226,200,175,134,65,14,14,0,0,0
5,0,6,5,5,44,100,107,116,143,172,205,216,218,207,203,184,149,126,104,12,10,0,0
9,3,0,7,9,14,41,88,102,108,129,148,190,183,180,203,188,156,137,112,57,10,0,5
10,5,7,12,12,14,47,35,90,100,104,114,130,148,151,163,161,154,139,115,81,9,6,0
0,0,7,11,12,16,13,14,43,100,81,86,105,113,141,139,139,129,121,106,102,29,14,6
0,8,9,1,6,6,7,46,13,14,42,83,69,89,113,125,124,128,121,105,90,71,13,9
0,9,2,11,14,28,14,6,42,56,62,60,60,83,95,110,114,123,131,132,118,82,30,6
2,10,11,11,14,11,2,13,13,55,52,53,54,58,59,91,100,112,127,142,143,75,50,23
7,10,13,12,14,14,14,11,21,37,39,50,51,61,95,114,107,120,129,111,64,51,30,11
0,3,2,11,10,12,14,8,13,31,72,55,58,94,123,132,139,110,99,53,29,11,13,9
7,0,4,1,11,8,5,6,12,50,51,54,70,103,122,144,155,138,63,44,14,10,9,3
7,0,0,5,12,10,1,7,21,34,51,59,79,91,132,161,143,78,50,23,11,6,10,13
1,0,0,7,6,12,9,14,14,51,53,63,62,73,122,134,88,54,24,14,26,7,11,10
3,0,0,0,3,11,11,9,17,50,55,66,65,68,79,71,43,32,13,6,4,14,10,0
0,0,5,5,0,8,12,14,50,52,57,56,58,57,46,29,45,33,12,7,10,11,8,6
3,3,0,0,3,6,7,12,47,52,56,53,51,40,40,50,29,9,8,16,9,7,1,0
0,0,0,0,0,0,4,11,48,53,67,45,36,37,34,20,24,13,12,12,7,8,9,0
0,0,0,0,0,0,0,19,56,53,32,52,26,45,49,30,30,24,27,12,9,1,6,11
0,0,0,0,0,3,6,14,50,54,50,28,13,13,13,14,22,37,14,14,12,8,4,14
4,0,0,0,6,9,9,14,53,54,50,50,13,8,11,13,23,13,15,11,14,11,12,12
8,10,7,0,10,7,8,7,50,58,56,42,43,17,12,4,0,11,12,7,11,17,11,0
4,1,5,5,8,4,10,11,13,51,52,51,14,11,5,0,0,8,0,13,13,5,12,9

0,0,0,0,0,0,0,0,10,11,12,59,102,131,126,138,102,119,112,108,98,76,56,50
0,0,0,0,0,0,0,5,1,51,73,106,129,147,153,139,132,116,117,97,82,69,60,13
9,0,3,0,0,8,5,4,0,76,113,140,165,169,163,137,103,108,101,62,42,13,14,11
3,8,5,6,2,10,14,20,74,116,148,198,207,183,149,118,97,54,37,10,9,0,11,3
0,0,0,3,0,9,28,52,78,115,179,258,310,218,174,147,110,95,51,29,4,4,3,0
9,10,7,32,7,8,42,53,67,104,192,330,387,401,306,181,137,91,71,55,14,6,0,1
10,5,14,10,0,0,14,55,75,106,182,278,326,345,290,225,120,114,80,11,11,0,6,4
0,0,8,0,0,0,5,6,77,114,164,188,191,242,262,210,139,89,67,57,18,13,7,3
0,0,0,0,0,0,7,34,72,102,127,171,199,220,219,215,162,117,88,61,15,9,0,0
0,0,0,0,0,0,0,56,79,92,135,193,245,274,283,258,191,120,70,16,26,5,0,2
1,0,0,0,3,7,9,72,79,106,153,216,302,339,302,241,166,114,74,41,7,0,0,0
0,0,0,0,0,3,51,85,110,137,171,222,244,310,270,201,149,86,66,32,1,0,0,0
0,0,0,0,0,7,59,100,122,145,190,234,234,225,191,161,127,75,69,40,12,7,4,0
0,3,9,2,12,8,95,117,134,159,189,185,190,172,151,132,118,105,108,75,56,55,9,0
0,0,0,9,10,11,71,128,137,146,172,184,166,144,137,123,115,104,102,45,34,50,12,10
3,0,0,4,39,62,69,133,155,170,191,168,159,140,119,107,97,107,59,28,10,12,3,0
8,11,10,10,38,95,115,150,157,182,245,270,161,90,74,71,69,62,12,10,7,0,2,0
6,12,18,26,40,58,84,135,186,230,270,346,270,158,83,60,46,30,16,11,10,4,9,6
4,4,8,23,68,100,122,148,175,230,254,261,235,141,98,82,44,12,7,9,13,13,0,10
4,9,21,46,67,103,105,168,209,263,297,287,261,222,166,121,101,13,10,8,3,9,6,7
7,7,8,20,45,60,119,155,179,236,338,331,300,232,200,177,121,100,15,13,11,1,3,6
6,4,10,14,59,74,107,135,172,246,334,331,325,269,258,216,146,93,31,14,24,14,9,6
8,10,13,19,30,41,100,118,135,179,252,269,258,237,226,200,176,134,65,14,14,0,0,0
5,0,6,5,5,44,100,107,116,143,172,205,216,219,207,203,184,149,126,104,12,10,0,0
9,3,0,7,9,14,41,88,102,108,129,148,190,183,180,203,188,157,137,112,57,10,0,5
10,5,7,12,12,14,48,36,90,100,104,114,130,149,151,163,161,154,139,115,80,9,6,0
0,0,7,11,12,16,13,14,44,100,81,86,105,113,141,139,139,129,121,106,102,29,14,6
0,8,10,1,6,6,7,46,13,14,45,85,69,90,113,125,125,128,121,105,90,71,13,9
0,9,2,11,14,28,14,6,43,56,62,60,60,83,95,110,114,123,131,132,118,82,30,6
3,10,11,11,14,11,2,13,13,55,52,53,54,58,59,91,100,112,128,142,143,75,50,23
7,10,13,12,14,14,14,11,22,37,39,50,51,61,95,114,107,120,130,111,64,51,30,11
0,3,2,11,10,12,14,8,13,34,72,55,58,94,123,132,139,110,100,53,29,11,13,9
7,0,4,1,11,8,5,6,12,50,51,55,70,104,121,144,155,138,63,43,14,10,9,3
7,0,0,5,12,10,1,7,21,35,51,59,79,91,132,161,143,78,51,24,11,6,10,13
1,0,0,7,6,12,10,14,13,51,53,64,62,73,122,134,88,54,24,14,26,7,11,10
3,0,0,0,3,11,10,9,18,50,55,66,65,68,79,71,43,32,13,6,4,14,10,0
0,0,5,5,0,8,12,14,50,52,57,56,58,57,47,28,44,35,12,7,10,11,8,6
3,3,0,0,3,6,7,12,47,52,56,53,51,39,40,50,29,9,8,16,9,7,1,0
0,0,0,0,0,0,4,11,47,53,67,45,35,37,33,20,23,13,13,12,7,8,9,0
0,0,0,0,0,0,0,19,56,53,31,53,26,44,50,29,30,24,27,12,9,1,6,11
0,0,0,0,0,3,6,14,50,54,50,28,14,13,13,14,22,37,14,14,12,8,4,14
4,0,0,0,6,9,9,14,53,54,50,50,13,9,11,13,27,13,15,11,14,11,12,12
8,10,6,0,10,7,8,7,48,58,56,40,41,16,12,4,0,11,12,7,11,17,11,0
4,1,5,5,8,4,10,11,13,51,52,51,14,11,5,0,0,8,0,13,13,5,12,9

0,0,0,0,0,0,0,0,10,11,12,59,102,131,126,138,102,119,112,108,98,76,56,50
0,0,0,0,0,0,0,5,2,51,73,106,130,147,154,140,132,116,117,97,82,68,60,13
9,0,4,0,0,8,5,4,0,76,113,140,165,170,162,137,103,108,101,62,42,13,14,11
3,8,5,6,2,10,14,19,75,116,148,199,208,182,149,119,96,54,36,10,9,0,12,3
0,0,0,3,0,9,28,52,78,115,179,257,309,219,174,147,110,94,51,29,4,4,3,0
8,10,7,32,7,8,42,53,67,104,191,328,387,402,308,181,137,91,71,55,14,6,0,1
10,5,14,9,0,0,14,55,75,105,181,276,324,345,292,225,121,114,80,11,11,0,6,5
0,0,8,0,0,0,5,7,77,114,164,188,191,241,261,211,141,90,67,57,19,14,7,3
0,0,0,0,0,0,8,35,72,102,127,172,199,219,218,216,164,118,89,61,16,10,0,0
0,0,0,0,0,0,0,56,79,93,136,194,246,272,281,257,193,122,70,17,26,5,0,2
1,0,0,0,3,7,10,72,79,106,154,217,302,338,300,240,165,114,75,41,7,0,0,0
0,0,0,0,0,3,51,85,110,137,171,222,244,310,269,200,148,85,66,31,1,0,0,0
0,0,0,0,0,7,59,100,121,145,190,234,234,225,191,160,126,74,69,38,12,7,4,0
0,4,9,2,12,8,95,117,134,159,189,185,189,172,150,131,117,105,108,75,56,55,9,1
0,0,0,9,10,11,70,128,137,146,172,183,165,144,136,122,115,104,101,44,33,50,12,10
3,0,0,4,41,62,69,133,155,171,191,169,158,139,119,107,97,106,59,27,10,12,3,0
8,11,10,10,39,96,115,151,158,183,247,273,161,90,73,71,69,62,12,10,7,0,1,0
6,12,18,26,40,58,84,136,187,231,271,348,273,158,83,61,45,30,15,10,10,4,9,6
4,4,8,23,68,100,122,148,175,230,254,262,236,141,98,82,43,12,7,9,13,13,0,10
4,9,21,46,67,103,105,169,210,264,298,288,260,222,166,121,101,13,10,8,3,9,6,7
7,7,8,20,45,60,119,155,179,237,338,331,300,232,199,177,121,100,15,13,11,1,3,6
5,4,10,14,59,74,107,135,172,246,334,331,325,269,259,216,146,93,31,14,23,14,10,6
8,10,13,19,30,40,99,118,135,179,253,269,258,237,227,200,176,134,65,14,14,0,0,0
5,0,6,5,4,45,100,107,116,143,172,206,217,219,207,203,184,149,126,104,12,10,0,0
9,3,0,7,9,14,41,87,102,108,129,148,190,182,180,203,188,157,137,112,57,10,0,6
10,5,7,12,12,14,48,38,90,100,104,114,130,149,151,163,161,154,139,115,80,9,6,0
0,0,7,11,12,16,13,14,44,101,82,86,105,113,142,139,139,129,121,106,102,29,14,6
0,8,9,1,6,6,7,46,13,14,44,85,69,90,113,125,125,128,121,105,90,71,13,9
0,8,2,11,14,28,14,6,43,56,62,60,60,83,94,110,114,123,131,132,117,82,30,6
2,10,11,11,14,11,2,13,13,55,52,53,54,58,59,91,100,112,127,142,143,75,50,23
7,11,13,12,14,14,14,11,22,37,40,50,51,60,95,114,106,120,130,111,64,51,30,11
0,3,2,11,10,12,14,8,14,34,72,56,58,94,123,132,139,111,100,53,29,11,13,9
7,0,4,1,11,8,5,6,12,50,51,54,70,103,121,144,155,138,63,43,14,10,9,3
7,0,0,5,12,10,1,7,21,34,51,59,79,91,132,161,143,78,51,23,11,6,10,13
1,0,0,7,6,12,10,14,14,51,53,63,62,73,122,134,88,54,24,14,26,7,11,10
3,0,0,0,3,11,11,9,17,50,55,66,65,68,79,71,43,32,13,6,4,14,10,0
0,0,5,5,0,8,12,15,50,52,57,56,58,56,46,29,43,35,12,7,10,11,8,6
3,3,0,0,3,6,7,12,46,52,56,53,51,40,39,50,29,9,8,16,9,7,1,0
0,0,0,0,0,0,4,11,47,53,67,45,36,38,33,21,24,13,12,12,7,8,9,0
0,0,0,0,0,0,0,19,56,53,31,52,26,42,50,29,29,24,27,12,9,1,6,11
0,0,0,0,0,3,6,14,50,54,51,29,13,13,13,14,22,36,14,14,12,8,4,14
4,0,0,0,6,9,9,14,53,54,50,51,13,9,11,13,25,13,17,11,14,11,12,12
8,10,6,0,10,7,8,7,50,58,56,42,41,16,12,4,0,11,12,7,11,17,11,0
4,1,5,5,8,4,10,11,13,51,52,51,14,11,5,0,0,8,0,13,13,5,12,9

0,0,0,0,0,0,0,0,10,11,12,59,102,131,126,138,102,119,112,108,99,76,56,50
0,0,0,0,0,0,0,5,2,51,73,106,130,147,154,139,132,116,117,97,82,69,60,13
9,0,4,0,0,8,5,4,0,76,113,140,165,170,163,137,103,108,101,62,42,13,14,11
3,8,5,6,2,11,14,22,75,115,148,199,209,183,149,118,96,53,36,10,9,0,11,3
0,0,0,3,0,9,29,52,78,115,179,258,312,220,174,146,110,94,51,29,4,4,3,0
9,10,7,32,7,8,42,53,66,104,191,330,390,405,310,182,137,91,71,55,14,6,0,1
10,5,14,10,0,0,14,55,75,105,182,278,327,348,294,228,121,114,80,11,11,0,6,5
0,0,8,0,0,0,5,7,77,114,164,189,192,243,264,213,142,91,68,57,19,14,7,3
0,0,0,0,0,0,8,35,72,102,127,173,201,221,219,217,164,119,90,61,16,10,0,0
0,0,0,0,0,0,0,56,79,93,136,194,246,274,282,257,193,122,71,17,26,5,0,2
1,0,0,0,3,7,9,72,79,106,154,217,302,339,301,240,165,114,75,42,7,0,0,0
0,0,0,0,0,2,51,84,110,136,170,221,245,310,270,200,147,85,66,30,1,0,0,0
0,0,0,0,0,7,59,99,121,144,189,233,234,226,191,160,126,74,68,35,13,7,4,0
0,4,10,2,11,8,94,116,134,158,188,184,189,171,149,131,117,105,108,74,57,56,9,1
0,0,0,9,10,11,70,127,136,146,172,183,165,143,136,122,114,104,101,44,36,51,12,10
3,0,0,4,41,62,69,132,154,171,192,170,159,139,118,106,96,106,58,27,11,12,3,0
8,11,10,10,40,96,115,151,157,182,248,275,162,90,74,71,69,62,12,10,7,0,1,0
6,12,18,26,40,58,83,135,186,231,272,350,274,159,83,61,45,29,15,10,10,4,9,6
4,4,8,23,68,100,122,147,174,230,255,263,237,142,98,83,44,12,7,9,13,13,0,10
4,9,21,46,66,103,105,168,209,263,298,288,261,222,166,121,101,13,10,8,3,9,6,7
7,7,8,20,44,60,119,155,179,237,338,332,300,232,200,176,121,100,15,13,11,1,3,6
6,4,10,14,59,73,107,135,172,246,333,331,325,268,259,216,146,93,31,14,23,14,9,6
8,10,13,19,30,40,99,118,135,179,252,269,258,237,226,200,176,134,65,14,14,0,0,0
4,0,6,5,5,45,100,107,116,143,173,206,217,219,207,203,184,149,126,104,12,10,0,0
9,3,0,7,9,14,41,87,102,108,129,148,190,183,180,204,188,157,137,112,58,10,0,6
10,5,7,12,12,14,47,38,92,100,104,114,130,149,152,163,161,154,139,115,80,9,6,0
0,0,7,11,12,15,13,14,44,101,82,87,105,113,142,139,139,129,121,106,102,29,14,6
0,8,9,1,6,6,7,46,13,14,45,86,70,89,113,126,125,128,121,105,90,71,13,9
0,9,2,11,14,28,14,6,43,56,62,60,60,83,95,110,115,123,131,132,117,82,30,6
2,10,11,11,14,11,2,13,13,55,52,53,54,58,59,91,100,112,127,142,143,75,50,23
7,10,13,12,14,14,14,12,22,38,40,50,51,61,95,114,107,120,130,111,65,51,30,11
0,3,2,11,10,12,14,8,13,34,72,56,58,94,123,132,139,111,100,53,29,11,13,9
7,0,4,1,11,8,5,6,12,50,51,55,70,103,121,145,155,138,63,43,14,10,9,3
7,0,0,5,12,10,1,7,21,34,51,59,79,91,132,161,143,79,50,24,11,6,11,13
1,0,0,7,6,12,10,14,14,51,53,64,62,73,122,134,88,54,24,14,26,7,11,10
3,0,0,0,3,11,10,9,17,50,55,66,65,68,79,71,42,32,13,6,4,14,10,0
0,0,5,5,0,8,12,16,51,52,58,57,59,57,47,29,45,35,12,7,10,11,8,6
3,3,0,0,3,6,7,12,46,52,56,53,51,40,39,50,29,9,8,16,9,7,1,0
0,0,0,0,0,0,4,11,49,53,67,45,36,38,33,21,24,13,12,12,7,8,9,0
0,0,0,0,0,0,0,20,56,53,31,52,25,43,49,30,30,24,27,12,9,1,6,11
0,0,0,0,0,3,6,14,50,54,50,28,14,13,13,14,22,35,14,14,12,8,4,14
3,0,0,0,6,9,9,14,53,54,50,50,13,9,11,13,24,13,15,11,14,11,12,12
8,10,7,0,10,7,8,7,48,58,56,42,41,16,12,4,0,11,12,7,11,17,11,0
4,1,5,5,8,4,10,11,13,51,52,51,14,11,5,0,0,8,0,13,13,5,12,9

0,0,0,0,0,0,0,0,10,11,12,59,102,131,126,138,102,119,112,108,99,76,56,50
0,0,0,0,0,0,0,5,2,51,73,106,130,147,154,139,132,116,117,97,82,68,60,13
9,0,4,0,0,8,5,4,0,76,113,140,165,170,163,137,103,108,101,62,42,13,14,11
3,8,5,6,2,10,14,24,74,116,148,199,207,183,149,118,96,54,35,10,10,0,11,3
0,0,0,3,0,10,29,53,78,115,180,259,314,218,174,146,109,94,51,29,4,4,3,0
9,10,7,32,7,8,43,53,66,105,193,332,393,406,308,181,136,90,70,55,14,6,0,1
10,5,14,10,0,0,14,55,75,106,184,282,329,351,296,227,121,114,80,11,11,0,6,5
0,0,8,0,0,0,5,7,77,114,166,190,194,245,264,212,141,90,68,57,19,14,7,3
0,0,0,0,0,0,8,36,72,103,128,174,203,222,219,216,164,119,89,61,16,10,0,0
0,0,0,0,0,0,0,56,79,93,136,195,247,274,284,256,191,122,70,17,26,5,0,2
1,0,0,0,3,7,9,72,79,106,153,216,301,339,303,241,164,114,74,41,7,0,0,0
0,0,0,0,0,2,51,84,110,136,169,220,245,312,274,201,147,84,65,28,1,0,0,0
0,0,0,0,0,7,59,100,121,144,189,233,235,228,193,161,126,73,67,31,13,7,4,0
0,4,10,2,11,8,95,116,134,158,188,184,190,172,150,130,116,104,107,73,57,55,9,1
0,0,0,9,10,11,70,127,136,146,172,183,166,143,135,121,113,103,100,41,37,50,12,10
3,0,0,4,39,62,69,132,154,170,191,171,160,139,117,105,95,105,57,24,11,12,3,0
8,11,10,10,38,95,115,150,157,182,247,275,163,90,73,70,68,61,12,10,7,0,1,0
6,12,18,26,40,57,83,135,186,230,272,350,274,159,84,61,44,28,14,10,10,4,9,6
4,4,8,22,67,100,122,147,174,230,255,262,236,142,98,83,45,12,7,8,13,13,0,10
4,9,21,45,67,103,104,168,209,264,299,288,261,222,165,121,101,13,10,8,3,9,5,7
7,7,8,20,44,60,118,155,179,237,339,332,300,232,199,176,121,100,15,13,11,2,3,6
6,4,10,14,59,74,107,135,172,245,334,332,325,269,259,216,146,94,31,14,23,14,9,6
8,10,13,18,30,40,99,118,135,179,252,270,259,237,226,200,176,134,65,14,14,0,0,0
5,0,6,5,5,45,100,107,116,143,172,205,216,219,206,203,184,149,126,104,12,10,0,0
9,3,0,7,9,14,41,87,102,108,129,148,190,183,180,204,188,157,137,112,58,10,0,6
10,5,7,12,12,14,48,38,90,100,104,114,130,148,151,163,161,154,139,115,80,9,6,0
0,0,7,11,12,16,13,15,44,101,84,86,105,113,142,139,139,129,121,106,102,29,14,6
0,8,9,1,6,6,7,46,13,14,46,87,69,90,112,126,125,128,121,105,90,71,13,9
0,9,2,11,14,28,14,6,44,56,62,60,60,82,95,110,114,123,131,132,117,82,30,6
2,10,11,11,14,11,2,13,13,55,53,53,54,58,59,91,100,112,127,142,143,75,50,23
7,11,13,12,14,14,14,12,22,37,40,50,51,61,95,114,106,120,130,111,65,52,31,11
0,3,2,11,10,12,14,8,13,35,73,55,58,94,123,132,139,111,100,53,29,12,13,9
7,0,4,1,11,8,5,6,12,50,51,55,70,104,122,144,155,138,63,44,14,10,9,3
7,0,0,5,13,10,1,8,20,34,51,59,79,91,133,161,144,79,50,23,11,6,10,13
1,0,0,7,6,12,10,14,14,51,53,64,62,74,122,134,88,54,24,14,26,7,11,10
3,0,0,0,3,11,10,9,18,50,55,67,65,68,79,71,42,32,13,6,4,14,10,0
0,0,5,5,0,8,12,14,51,52,58,57,58,57,46,28,44,35,12,7,10,11,8,6
3,4,0,0,3,6,7,12,48,52,56,53,51,40,40,50,30,9,8,16,9,7,1,0
0,0,0,0,0,0,4,11,48,53,67,46,36,37,35,20,24,13,12,12,7,8,9,0
0,0,0,0,0,0,0,19,56,53,31,52,27,44,47,31,29,24,28,12,9,1,6,11
0,0,0,0,0,3,6,14,50,54,51,29,13,13,13,14,23,38,14,14,12,8,4,14
3,0,0,0,6,9,9,14,53,54,50,50,13,9,11,13,24,13,15,11,14,11,12,12
8,10,7,0,10,7,8,7,50,58,56,42,41,16,12,4,0,11,12,7,11,17,11,0
4,1,5,5,8,4,10,11,13,51,52,51,14,11,5,0,0,8,0,13,13,5,12,9
0,2,0,0,0,0,6,3,19,47,79,71,71,59,63,83,74,54,53,58,53,44,14,11
0,0,0,3,5,13,85,84,112,129,116,118,141,123,114,130,110,108,86,62,53,14,6,9
0,5,0,0,6,61,94,129,164,163,155,180,196,176,150,129,114,107,97,50,12,10,6,11
0,0,0,0,7,50,77,121,168,188,186,200,195,159,130,104,95,61,60,10,10,10,7,8
2,10,0,1,32,67,128,151,183,195,170,168,138,119,81,66,53,59,80,43,13,8,0,0
9,7,29,22,62,118,193,235,223,216,166,168,129,80,55,48,50,63,76,62,50,13,10,11
0,1,14,54,94,130,197,207,258,216,171,150,109,90,60,51,45,60,65,65,39,15,7,8
5,15,14,56,100,156,188,236,248,225,153,110,98,97,66,21,7,57,72,70,53,11,8,8
3,9,18,63,102,153,191,230,230,210,169,127,101,88,68,20,17,53,67,63,34,7,2,2
2,13,37,68,109,162,238,276,282,279,224,144,114,89,63,51,13,51,61,54,10,10,1,0
4,13,22,60,109,196,300,323,329,301,231,133,85,75,32,4,6,50,51,53,14,5,10,0
5,3,37,68,121,209,313,333,324,275,184,107,82,69,8,2,0,0,11,7,9,0,0,0
5,13,39,66,126,178,187,243,234,186,140,118,91,102,46,0,0,0,0,0,0,0,0,0
0,10,70,77,131,188,193,201,184,144,124,120,113,110,67,3,1,0,0,0,0,0,0,0
1,13,60,103,127,170,181,164,151,135,125,121,106,77,43,0,5,1,0,0,0,0,0,0
11,14,70,112,155,170,181,145,139,121,121,115,83,67,51,4,10,0,0,0,0,0,0,5
14,58,113,121,166,179,180,136,114,86,83,112,78,64,14,11,6,9,8,3,2,1,1,2
25,52,90,126,205,193,208,191,130,87,88,69,74,63,35,17,11,16,12,11,10,13,11,6
39,65,108,148,204,217,210,221,221,150,88,93,104,90,13,6,10,9,7,8,5,5,6,1
50,79,137,184,212,244,268,290,233,163,125,109,102,53,14,10,7,5,0,0,0,5,2,0
70,110,137,208,245,303,315,266,245,199,144,118,103,52,14,14,13,9,1,0,3,0,0,4
61,84,123,182,246,317,357,327,298,223,177,145,107,71,51,29,8,10,12,10,6,5,0,0
62,80,125,161,195,244,304,323,267,227,188,164,133,103,56,33,12,8,10,15,13,10,3,0
44,64,122,146,188,209,250,270,253,231,210,182,145,123,105,76,13,13,0,0,3,0,0,0
16,38,77,127,155,178,198,219,246,205,204,180,151,127,108,100,35,3,0,4,1,0,0,0
10,14,22,88,116,134,151,174,188,184,183,172,156,131,114,102,51,7,11,7,7,6,4,5
11,18,14,29,80,104,119,139,156,164,145,144,137,128,118,103,66,14,6,9,10,0,0,0
12,11,12,11,13,60,110,121,135,135,133,132,147,129,112,103,56,11,11,0,1,5,5,0
10,21,24,31,31,41,70,104,116,122,135,118,121,122,105,103,85,13,4,2,0,6,5,2
12,14,13,32,14,32,40,45,51,66,93,87,98,129,135,120,82,51,12,4,10,6,1,0
15,14,14,11,21,12,29,32,40,52,75,89,92,119,131,133,67,43,24,12,9,10,8,5
4,11,5,9,27,16,21,54,60,103,88,87,101,127,129,108,61,41,13,7,7,0,0,0
9,4,5,6,12,16,36,75,84,88,97,86,95,106,83,63,50,19,0,6,3,3,0,8
1,3,0,2,13,26,52,72,109,111,94,80,77,64,54,46,20,11,2,9,4,0,0,7
0,4,12,12,12,40,57,87,125,112,80,67,63,52,51,29,10,4,0,6,2,1,6,2
6,6,2,9,12,54,56,83,121,112,71,58,52,45,32,18,9,0,0,0,2,4,3,9
3,0,8,12,20,51,58,77,93,91,60,51,30,38,32,18,9,2,0,0,0,5,8,8
0,5,5,13,24,53,63,93,78,57,46,25,14,13,12,7,4,0,0,0,0,0,0,0
2,8,13,12,52,55,73,89,58,52,47,26,13,11,14,12,6,0,0,0,0,0,0,0
11,9,11,53,68,94,73,57,52,54,53,14,14,13,21,10,8,2,0,0,0,0,0,0
4,15,21,67,70,63,65,32,51,57,51,11,4,11,9,17,11,3,0,0,0,0,0,2
12,15,31,75,63,60,38,46,24,40,37,10,12,0,0,9,10,7,3,0,0,0,5,5
6,13,23,31,60,16,12,3,12,28,21,14,11,9,4,0,1,0,1,8,5,0,8,8
7,10,7,47,27,11,8,11,1,12,14,9,7,11,8,11,8,6,1,6,2,1,0,3

0,2,0,0,0,0,6,3,19,47,78,70,71,59,63,83,74,54,53,58,53,44,14,11
0,0,0,3,5,13,86,84,112,129,115,118,141,123,114,130,110,108,86,62,54,14,6,9
0,5,0,0,6,61,93,128,164,162,155,179,195,176,149,129,114,107,98,50,12,10,6,11
0,0,0,0,7,50,77,121,168,188,186,200,195,158,130,104,95,62,61,11,10,10,7,8
2,10,0,1,32,67,128,151,183,196,170,168,138,119,80,67,53,59,80,47,13,8,0,0
9,7,29,21,62,118,193,234,222,216,166,167,129,80,55,48,50,63,76,62,50,13,10,11
0,1,14,54,95,130,198,206,257,217,170,150,109,90,60,52,47,60,65,66,42,16,7,8
5,15,14,56,100,156,188,235,248,225,153,110,99,97,65,22,7,57,72,70,54,11,8,7
3,9,19,63,102,153,191,230,231,210,170,127,102,88,68,21,18,53,67,63,37,8,2,2
2,13,38,68,109,162,238,276,282,280,225,145,114,89,63,51,14,51,61,54,11,10,1,0
4,13,22,60,109,196,300,323,329,302,231,134,86,75,33,4,7,51,51,53,16,5,10,0
5,3,37,68,121,209,313,333,324,274,184,107,82,69,8,2,0,0,12,7,10,0,0,0
5,13,39,67,126,178,187,243,234,185,140,118,91,102,48,0,0,0,0,0,0,0,0,0
0,10,70,78,131,188,193,200,184,144,124,120,113,110,67,3,1,0,0,0,0,0,0,0
1,13,60,103,127,170,181,164,150,134,125,121,106,77,42,0,5,1,0,0,0,0,0,0
11,14,70,112,155,170,181,145,138,121,120,115,83,67,51,4,10,0,0,0,0,0,0,5
14,58,113,121,166,178,180,136,114,86,83,112,78,64,14,11,6,9,8,3,2,1,1,2
25,52,90,125,204,193,210,192,130,88,88,69,74,63,35,17,11,16,12,11,10,13,11,6
39,65,108,148,204,217,210,221,221,150,88,93,104,90,13,6,10,9,7,8,5,5,6,1
50,79,137,184,212,244,268,290,232,163,125,109,102,53,14,10,7,5,0,0,0,5,2,0
70,110,137,208,245,303,316,266,245,199,144,118,103,53,14,14,13,9,1,0,3,0,0,4
61,84,123,181,246,316,357,328,298,223,177,145,107,72,51,30,8,10,12,10,6,5,0,0
61,80,125,160,195,243,304,322,267,227,188,164,133,103,56,34,12,8,10,15,13,10,3,0
44,64,122,146,188,209,249,270,253,230,211,182,145,123,105,77,13,13,0,0,3,0,0,0
16,38,77,127,155,178,197,219,247,204,205,181,152,127,108,100,37,3,0,4,1,0,0,0
10,14,22,88,116,134,151,174,188,185,183,172,157,131,114,102,54,7,11,7,8,7,4,5
11,18,14,28,80,104,119,138,156,164,145,144,138,129,119,103,66,14,6,9,10,0,0,0
12,11,12,11,13,58,109,121,134,136,133,133,147,129,112,103,56,12,11,1,1,5,5,0
10,21,23,31,32,42,70,104,116,122,135,117,121,123,105,103,85,13,5,2,0,6,5,2
12,14,13,31,14,32,39,45,51,66,93,87,98,129,135,120,81,51,12,4,10,6,1,0
16,14,14,11,20,12,29,32,40,52,75,89,92,120,131,134,67,43,25,13,9,10,8,5
4,11,6,9,27,16,21,54,60,103,88,87,101,127,129,108,61,43,13,7,7,0,0,0
10,4,5,6,12,16,36,75,84,88,97,87,95,106,84,63,50,19,0,6,3,3,0,8
1,3,0,2,13,26,52,72,109,110,95,81,77,64,54,46,19,11,2,9,4,0,0,7
0,4,12,13,12,40,56,87,125,112,80,67,64,52,51,30,10,4,0,6,2,1,5,2
6,6,2,9,12,53,56,83,122,113,70,58,52,45,31,17,9,0,0,0,2,4,3,9
4,0,8,12,20,51,58,77,94,92,60,51,30,38,32,18,9,2,0,0,0,5,8,8
0,5,5,13,24,53,63,93,79,57,45,27,14,13,12,7,4,0,0,0,0,0,0,0
2,8,13,12,52,55,73,89,58,52,48,26,13,10,14,12,6,0,0,0,0,0,0,0
11,9,11,53,68,94,74,57,52,54,53,14,14,13,21,10,8,2,0,0,0,0,0,0
4,15,21,67,70,63,65,33,50,57,51,11,4,11,9,16,11,3,0,0,0,0,0,2
12,15,31,75,63,60,39,47,24,40,36,10,12,0,0,9,10,7,3,0,0,0,5,5
6,13,23,31,60,15,12,3,12,27,21,14,11,9,5,0,1,0,1,8,4,0,8,8
7,10,7,48,27,11,9,11,2,12,14,9,7,11,8,11,8,6,1,6,2,1,0,3

0,2,0,0,0,0,6,3,19,48,78,70,71,59,63,83,74,54,53,58,53,44,14,11
0,0,0,3,5,13,86,84,113,129,115,118,141,123,114,130,110,108,86,63,53,14,6,9
0,5,0,0,6,61,93,129,165,163,155,179,194,175,149,129,114,107,97,50,12,10,6,11
0,0,0,0,6,50,77,120,168,189,186,200,195,158,130,104,95,62,60,11,10,10,7,8
2,10,0,1,31,67,127,151,183,196,170,168,139,119,81,66,52,59,79,43,13,8,0,0
9,7,28,21,62,117,192,234,223,217,167,169,130,80,55,48,50,63,76,62,50,13,10,11
0,1,14,54,94,130,197,207,258,217,172,150,110,91,60,52,50,60,65,66,41,16,7,8
5,15,15,56,100,156,188,236,249,225,154,111,99,97,66,23,7,57,72,70,54,11,8,8
3,9,18,63,102,153,192,230,232,211,170,127,102,88,68,22,18,53,67,63,39,8,2,2
2,13,38,68,109,163,239,277,283,280,225,144,114,89,63,51,14,51,61,54,11,11,2,0
4,13,22,60,109,197,301,324,330,301,230,134,86,75,34,4,7,51,51,54,18,6,10,1
5,3,36,68,121,210,313,334,324,274,184,107,82,69,8,2,0,0,12,8,11,0,0,0
5,13,38,67,126,178,188,242,233,185,140,118,91,102,47,0,0,0,0,0,0,0,0,0
0,10,70,78,131,188,193,200,183,143,124,120,113,110,67,3,1,0,0,0,0,0,0,0
1,13,60,103,127,170,180,163,150,134,125,121,106,77,40,0,5,1,0,0,0,0,0,0
11,14,69,112,155,170,181,145,138,121,120,115,83,67,51,4,10,0,0,0,0,0,0,5
14,58,113,121,165,178,180,136,114,86,82,112,78,64,13,11,6,9,7,2,2,1,1,2
25,52,90,125,204,192,209,192,129,88,88,69,74,63,35,17,11,15,12,11,9,13,11,6
39,65,108,148,204,217,210,221,221,150,88,93,104,92,14,6,10,9,6,7,5,5,6,1
50,79,137,184,212,244,268,289,233,163,125,109,102,54,14,10,7,5,0,0,0,5,2,0
70,110,137,208,245,302,316,266,245,199,144,119,103,53,14,16,13,9,1,0,3,0,0,4
61,84,122,181,246,316,357,327,298,223,177,146,108,72,51,30,8,10,12,10,6,5,0,0
61,80,125,160,195,243,303,324,267,227,188,164,133,103,56,34,12,8,10,15,13,10,3,0
44,64,122,146,188,209,249,270,254,230,211,183,145,123,105,78,13,13,0,0,3,0,0,0
16,38,76,127,155,178,197,219,246,205,205,181,152,127,108,100,37,3,0,4,1,0,0,0
10,14,21,88,116,134,151,174,188,185,184,173,157,132,114,102,54,7,10,7,7,6,4,5
11,18,14,30,81,104,119,138,155,165,145,144,138,129,119,103,67,14,6,9,10,0,0,0
12,11,12,11,13,58,109,121,134,136,133,133,147,129,112,103,57,13,11,1,1,5,5,0
11,21,23,31,32,41,69,104,116,122,135,117,121,123,105,103,85,18,6,3,0,6,5,2
12,14,13,31,14,32,39,45,51,66,93,87,99,129,135,120,81,51,12,4,10,6,2,0
16,14,14,11,20,12,29,32,40,53,75,89,92,120,130,133,66,43,26,13,9,10,8,6
4,11,6,9,27,16,21,54,60,103,89,88,101,127,129,108,61,44,13,7,7,0,0,0
10,4,5,6,12,16,36,75,83,88,97,87,95,106,84,63,50,19,0,6,3,3,0,8
1,3,0,2,13,26,53,72,109,111,95,81,78,64,54,46,21,11,2,9,4,0,0,7
0,4,12,13,12,40,57,87,125,113,80,67,64,52,51,29,10,4,0,6,2,1,6,2
6,6,2,9,12,53,56,83,122,113,71,58,52,45,32,17,9,0,0,0,2,4,3,9
3,0,8,12,21,51,58,77,94,92,60,51,30,38,32,19,9,2,0,0,0,5,8,8
0,5,5,13,24,52,63,93,79,57,45,27,14,13,12,7,4,0,0,0,0,0,0,0
2,8,13,12,52,55,73,90,58,52,48,26,13,11,14,12,6,0,0,0,0,0,0,0
11,9,11,53,68,94,74,57,52,54,53,14,14,13,21,10,8,2,0,0,0,0,0,0
4,15,23,67,70,63,65,34,51,58,51,11,4,11,10,16,11,3,0,0,0,0,0,2
12,15,31,75,63,60,40,48,24,40,37,10,12,0,0,9,10,7,3,0,0,0,5,5
6,13,23,31,60,17,13,3,12,27,21,14,11,9,5,0,1,0,0,8,5,0,8,8
7,10,7,48,27,11,9,11,2,12,14,10,7,11,8,11,8,6,1,6,2,1,0,3

0,2,0,0,0,0,6,3,19,47,79,71,72,59,63,83,74,54,53,58,53,44,14,11
0,0,0,3,5,13,87,84,113,129,116,118,141,123,114,130,110,108,86,63,53,14,6,9
0,5,0,0,6,61,93,129,166,163,156,179,195,175,149,129,114,107,97,50,12,10,6,11
0,0,0,0,6,50,77,121,168,189,187,200,195,159,130,104,96,62,60,10,10,10,7,8
2,10,0,1,31,67,127,150,183,196,171,168,139,120,81,66,52,59,79,42,13,8,0,0
9,7,29,21,62,117,192,234,223,217,167,169,130,80,55,48,50,63,76,62,50,13,10,11
0,1,14,54,94,129,196,207,258,218,172,150,110,90,60,52,47,60,65,66,42,15,7,8
5,15,14,56,100,156,188,236,249,225,154,111,99,97,66,24,7,57,72,70,54,11,8,8
3,9,20,63,102,153,191,231,232,211,171,127,102,88,69,24,19,54,67,63,42,8,2,2
2,13,38,68,109,163,239,278,283,281,225,145,114,89,63,51,14,52,61,55,12,11,2,0
4,13,22,60,109,197,301,324,329,302,230,134,86,75,34,4,7,52,51,55,21,6,10,1
5,3,37,68,121,210,314,333,325,274,184,107,82,70,8,3,0,0,12,8,11,0,0,0
5,13,38,66,126,178,188,242,233,185,140,118,91,102,48,0,1,0,0,0,0,0,0,0
0,10,70,77,131,188,193,200,183,143,124,120,113,110,67,3,1,0,0,0,0,0,0,0
1,12,60,103,127,170,180,163,150,134,125,121,106,77,40,0,5,1,0,0,0,0,0,0
11,14,69,112,154,170,181,145,138,121,120,115,83,67,51,4,10,0,0,0,0,0,0,5
14,58,112,121,165,178,180,136,114,86,83,112,78,64,14,11,6,9,7,2,1,1,1,2
25,52,89,125,204,192,210,192,129,88,88,69,74,63,35,17,11,15,12,11,9,13,11,6
39,65,108,148,204,217,210,221,221,150,88,93,104,92,14,5,10,9,6,7,5,5,6,1
50,79,137,184,212,244,268,289,233,163,125,109,102,54,14,10,7,4,0,0,0,5,2,0
70,110,137,208,245,303,316,266,245,200,144,119,103,53,14,15,13,9,1,0,3,0,0,4
60,84,122,181,246,316,356,327,298,224,177,146,108,72,52,30,8,10,12,10,6,5,0,0
61,80,124,160,195,243,303,323,267,227,188,165,134,103,56,34,12,8,10,15,13,10,3,0
44,64,122,146,188,209,249,270,254,230,212,183,146,123,106,78,13,13,0,0,3,0,0,0
16,37,76,127,155,177,198,219,246,204,205,181,152,128,108,100,37,3,0,4,1,0,0,0
10,14,21,88,116,134,151,174,188,185,184,173,158,132,114,102,56,7,11,7,8,7,4,5
11,18,14,28,80,104,119,138,156,164,145,144,138,129,119,103,67,14,7,9,10,0,0,0
12,11,12,11,13,59,109,121,134,136,133,133,147,129,112,103,57,13,11,1,1,5,5,0
10,21,25,31,32,42,69,104,116,121,135,118,121,123,105,103,86,19,6,3,0,6,5,2
12,14,13,31,14,32,40,45,51,66,93,87,99,129,135,120,81,51,12,4,10,6,2,0
15,14,14,12,20,12,30,33,41,53,75,89,92,120,130,133,66,43,26,13,9,10,8,6
4,11,6,9,27,16,22,54,61,103,89,88,102,127,129,108,61,44,13,7,7,0,0,0
10,4,6,6,12,16,36,75,83,88,98,87,95,106,84,63,50,21,0,6,3,3,0,8
1,3,0,2,13,26,52,72,109,111,95,81,78,64,54,46,20,11,2,9,4,0,0,7
0,4,12,13,12,38,56,87,125,113,80,67,64,52,51,30,10,4,0,6,2,1,5,3
6,7,2,9,12,53,56,83,122,114,71,58,52,46,32,19,9,0,0,0,2,4,3,9
4,0,8,12,20,51,58,78,95,92,61,51,30,40,32,19,9,2,0,0,0,5,8,8
0,5,5,13,24,53,63,93,79,58,46,29,14,13,12,7,4,0,0,0,0,0,0,0
2,8,13,12,52,55,73,90,58,52,47,26,13,11,14,12,6,0,0,0,0,0,0,0
11,9,11,53,68,94,74,58,52,55,53,14,14,13,21,10,8,2,0,0,0,0,0,0
4,15,22,67,70,63,66,34,51,58,51,11,4,11,9,16,11,3,0,0,0,0,0,2
12,15,31,75,63,61,43,48,24,40,36,10,12,0,0,9,10,7,3,0,0,0,5,5
6,13,23,31,60,21,13,4,12,27,22,14,11,9,4,0,1,0,0,8,5,0,8,8
7,11,7,48,27,12,9,11,2,12,14,10,7,11,8,11,8,6,1,6,2,1,0,3

0,2,0,0,0,0,6,3,19,47,79,71,72,59,63,83,74,54,53,58,53,44,14,11
0,0,0,3,5,13,85,84,112,129,116,118,141,123,114,130,110,108,86,62,54,14,6,9
0,5,0,0,6,60,93,129,165,163,156,179,195,176,149,129,114,107,97,50,12,10,6,11
0,0,0,0,6,50,77,121,168,189,187,200,195,159,130,104,95,61,60,11,10,10,7,8
2,10,0,1,31,66,127,151,184,196,171,168,139,120,81,67,53,59,79,45,13,8,0,0
9,7,28,21,62,117,192,234,223,217,167,169,130,80,55,48,50,63,76,62,50,13,10,11
0,1,14,54,94,129,197,206,257,218,171,150,110,90,60,52,48,60,66,66,42,15,7,8
5,15,14,56,100,156,188,235,248,225,153,111,99,97,66,24,8,57,72,70,54,11,8,8
3,9,18,63,102,153,191,230,231,210,170,127,102,88,69,25,20,54,67,63,42,8,2,2
2,13,38,68,108,162,238,277,283,281,225,144,114,89,63,51,14,52,61,55,12,11,2,0
4,13,21,60,109,196,301,325,331,304,232,133,85,75,34,4,7,51,51,54,22,6,10,1
5,3,36,68,121,210,315,335,328,277,185,107,82,69,8,3,0,0,12,8,11,0,0,0
5,13,38,66,126,179,189,244,236,187,141,118,91,102,48,0,1,0,0,0,0,0,0,0
0,10,70,77,131,188,194,203,185,144,125,120,113,110,67,3,1,0,0,0,0,0,0,0
1,13,60,103,127,170,181,164,151,135,125,121,106,78,42,0,5,1,0,0,0,0,0,0
11,14,69,112,154,170,181,145,138,121,120,115,83,67,51,4,10,0,0,0,0,0,0,5
14,58,113,121,165,178,180,136,114,86,83,112,78,64,14,11,6,9,7,2,2,1,1,2
25,52,89,124,203,192,208,191,129,87,88,69,74,63,35,17,11,15,12,11,9,13,11,6
39,65,108,148,204,217,209,220,221,150,88,93,104,92,13,5,10,9,6,8,5,5,6,1
50,79,137,184,212,244,267,289,233,162,125,109,102,53,14,10,7,4,0,0,0,5,2,0
70,110,137,208,245,302,315,264,245,199,144,119,103,53,14,15,13,9,2,0,3,0,0,4
60,83,122,181,246,316,355,327,298,223,178,146,108,72,52,30,8,10,12,10,6,5,0,0
61,80,124,161,195,243,303,322,266,227,188,165,134,103,57,34,12,8,10,15,13,10,3,0
44,64,122,146,188,209,250,269,253,231,211,183,146,123,106,78,13,13,0,0,3,0,0,0
16,38,76,127,155,178,197,219,246,204,205,181,153,128,108,100,37,3,0,4,1,0,0,0
10,14,21,88,116,134,150,174,188,184,184,173,158,132,114,102,56,8,11,7,8,7,4,5
11,18,14,28,80,104,119,138,156,164,145,144,138,129,119,103,67,14,7,9,10,0,0,0
12,11,12,11,13,58,109,121,134,136,134,133,147,129,112,103,57,13,11,1,1,5,5,0
10,21,23,31,32,41,69,104,116,121,135,118,121,123,106,103,86,21,6,3,0,6,5,2
12,14,13,32,14,32,40,45,52,66,93,88,99,129,135,120,81,51,12,4,10,6,2,0
16,14,14,11,23,12,30,34,41,53,75,89,92,120,131,133,66,44,27,13,9,10,8,6
4,11,6,9,27,17,21,54,60,103,89,88,102,127,129,107,61,43,13,7,7,0,0,0
10,4,6,6,12,16,36,75,83,88,97,87,95,106,84,63,50,20,0,6,3,3,0,8
1,3,0,2,13,27,52,72,109,111,95,81,78,64,54,46,21,11,2,9,4,0,1,7
0,4,12,13,12,39,57,87,125,113,81,67,64,52,51,30,11,4,0,6,2,1,5,3
6,7,2,9,12,53,56,83,122,114,71,58,52,46,32,19,9,0,0,0,2,4,3,9
3,0,8,12,20,51,58,77,95,93,61,51,31,40,32,19,9,2,0,0,0,6,8,8
0,5,5,13,24,52,63,94,79,58,46,27,14,13,12,7,4,0,0,0,0,0,0,0
1,9,13,12,52,55,73,90,58,53,47,26,13,11,14,12,6,0,0,0,0,0,0,0
11,9,11,53,68,94,74,57,52,55,53,14,14,13,21,10,8,2,0,0,0,0,0,0
4,15,22,67,70,63,66,33,51,57,51,11,4,11,9,17,11,3,0,0,0,0,0,2
12,15,31,75,63,61,44,48,24,41,36,10,13,0,0,9,10,7,3,0,0,0,5,5
6,13,23,31,60,21,13,4,12,27,21,14,11,9,5,0,1,0,1,8,5,0,8,8
7,10,7,48,27,12,9,11,2,12,14,10,7,11,8,11,8,6,1,6,2,1,0,3

0,2,0,0,0,0,6,3,19,47,79,71,71,59,63,83,74,54,53,58,53,45,14,11
0,0,0,3,5,13,84,84,112,129,115,118,141,123,114,130,110,108,86,63,54,14,6,9
0,5,0,0,5,60,92,128,164,162,155,179,194,175,149,129,114,107,97,50,12,10,6,11
0,0,0,0,6,49,76,119,166,188,186,199,194,158,130,104,95,62,60,11,10,10,7,8
2,10,0,0,30,66,127,150,182,195,170,168,139,119,81,67,53,59,79,43,13,8,0,0
9,7,29,21,62,117,192,234,223,217,167,169,130,80,55,48,50,63,76,62,50,13,10,11
0,1,14,54,94,129,197,209,262,219,172,151,110,91,60,52,48,60,65,66,43,17,7,8
5,15,15,56,100,156,189,237,251,228,154,111,99,97,66,26,8,57,72,70,54,11,8,8
3,9,19,63,102,153,192,232,233,213,171,127,102,89,69,28,20,53,67,63,41,8,2,2
2,13,38,68,108,162,239,279,286,283,227,145,114,89,63,51,14,51,61,55,12,11,2,0
4,13,21,60,108,196,303,328,336,308,233,134,85,75,35,4,7,51,51,54,20,6,10,1
5,3,35,68,121,211,317,339,333,282,186,107,82,70,9,3,0,0,12,7,10,0,0,0
5,13,37,66,126,179,190,247,240,190,141,118,92,102,50,0,1,0,0,0,0,0,0,0
0,9,69,77,131,189,195,205,187,145,125,120,114,110,68,3,1,0,0,0,0,0,0,0
1,13,60,103,127,170,181,165,152,135,126,121,106,78,48,0,5,1,0,0,0,0,0,0
11,14,69,112,154,169,181,146,139,121,121,115,83,68,51,4,10,0,0,0,0,0,0,5
14,58,112,121,164,177,179,135,114,86,83,112,78,64,14,11,6,9,7,2,2,1,1,2
24,52,88,123,203,191,207,189,128,87,88,69,74,63,35,16,11,15,12,10,9,13,11,6
39,64,107,148,204,216,209,220,220,149,88,93,104,91,14,5,10,9,6,7,5,5,6,1
50,78,136,183,212,244,266,288,232,162,125,109,102,53,14,10,7,4,0,0,0,5,2,0
69,109,136,207,244,301,312,262,244,200,144,119,104,53,14,14,13,9,1,0,3,0,0,4
60,83,122,181,245,313,352,322,295,223,177,145,108,72,51,30,8,10,12,10,6,5,0,0
61,80,124,160,195,242,300,320,264,226,188,165,134,103,56,34,12,8,10,15,13,10,3,0
44,64,122,146,188,209,249,268,252,230,212,183,146,123,106,77,13,13,0,0,3,0,0,0
16,38,76,127,155,178,197,218,246,204,205,181,153,128,108,100,37,3,0,5,1,0,0,0
10,14,22,88,116,134,151,174,188,185,184,173,158,132,114,102,56,7,11,7,8,7,4,5
11,18,14,30,80,104,119,138,156,165,146,145,138,129,119,103,68,17,6,9,10,0,0,0
12,11,12,11,13,58,109,121,134,136,134,133,148,130,112,103,57,13,10,1,1,5,5,0
10,21,23,31,32,41,69,104,115,122,136,118,122,123,106,103,86,24,7,4,1,6,5,2
12,14,13,31,14,32,40,45,52,66,93,88,99,130,136,120,81,51,12,5,11,6,2,0
15,13,14,11,20,12,30,33,41,53,75,89,93,121,133,135,67,44,27,13,9,10,8,6
4,11,6,9,27,17,21,54,61,103,89,88,103,128,130,108,61,45,13,7,7,0,0,0
10,4,6,6,12,16,36,75,83,88,98,87,96,107,84,63,50,22,0,7,3,3,0,8
1,3,0,2,13,28,53,72,110,112,95,81,78,64,54,48,21,11,2,9,5,0,1,7
0,4,12,13,12,39,56,87,126,113,81,67,64,52,51,32,11,4,0,6,2,1,6,3
6,7,2,9,12,53,56,83,122,114,71,59,52,45,33,18,9,0,0,0,2,4,3,9
3,0,8,12,20,51,58,77,95,93,61,51,31,39,33,20,9,2,0,0,0,5,8,8
0,5,5,13,23,52,63,93,79,58,46,28,14,13,12,7,4,0,0,0,0,0,0,0
2,9,13,12,51,55,73,90,58,53,47,26,13,11,14,12,6,0,0,0,0,0,0,0
11,9,11,53,68,94,73,58,53,55,53,14,14,13,21,10,8,2,0,0,0,0,0,0
4,15,20,67,70,63,66,34,51,58,51,11,4,11,10,17,11,3,0,0,0,0,0,2
12,15,31,75,63,61,43,50,25,40,37,10,13,0,0,9,10,7,3,0,0,0,5,5
6,13,23,31,60,21,13,4,12,27,22,14,11,9,5,0,1,0,1,8,4,0,8,8
7,10,7,48,27,12,9,11,2,12,14,10,7,11,8,11,8,6,1,6,2,1,0,3

0,2,0,0,0,0,6,3,19,47,79,71,71,59,63,83,74,54,53,58,53,44,14,11
0,0,0,3,5,12,85,84,112,129,115,118,141,123,114,129,110,108,86,63,53,14,6,9
0,5,0,0,5,60,93,127,163,162,154,178,194,175,148,128,114,106,97,50,12,10,6,11
0,0,0,0,6,49,75,118,164,187,185,199,194,158,130,104,94,61,60,11,10,10,7,8
2,10,0,0,30,66,127,149,181,194,169,168,139,119,81,66,53,59,79,42,13,8,0,0
9,7,29,21,62,116,191,234,223,217,166,169,130,80,55,48,50,63,76,62,50,13,10,11
0,1,14,54,94,129,196,209,261,219,172,151,110,91,60,52,47,60,65,65,43,16,7,8
5,15,15,55,99,155,188,237,252,228,155,112,99,97,66,26,8,57,72,70,54,11,8,8
3,9,19,63,102,152,191,231,232,212,172,128,102,88,69,29,19,53,67,63,42,8,2,2
2,13,38,68,108,161,238,277,285,284,227,144,114,89,63,51,14,51,61,54,11,11,2,0
4,13,22,60,108,196,303,328,336,308,233,133,85,75,35,4,6,50,50,53,17,6,10,1
5,3,36,68,121,211,317,340,333,282,186,107,82,69,9,3,0,0,12,7,9,0,0,0
5,13,38,66,126,179,190,247,240,190,141,118,92,102,51,0,1,0,0,0,0,0,0,0
0,9,70,77,131,189,195,206,188,145,125,120,114,110,69,4,2,0,0,0,0,0,0,0
1,13,60,103,127,170,181,165,153,135,126,122,107,78,50,0,6,1,0,0,0,0,0,0
11,14,70,112,154,169,181,145,139,122,121,115,83,68,51,4,10,0,0,0,0,0,0,5
14,58,112,120,164,177,179,135,114,87,83,112,79,65,14,11,6,9,7,2,2,1,1,2
24,51,88,123,203,191,206,189,128,87,88,69,74,64,35,16,11,15,12,11,9,13,11,6
39,64,107,147,204,216,208,219,219,149,88,93,104,92,14,5,10,9,6,7,5,5,6,1
50,78,136,183,212,243,266,287,231,162,125,109,102,53,14,9,7,4,0,0,0,5,2,0
70,109,136,207,244,300,311,261,244,199,144,119,103,53,14,14,13,9,1,0,3,0,0,4
60,83,122,181,246,313,351,322,294,223,178,146,108,72,51,30,8,10,12,11,6,5,0,0
61,80,124,160,195,242,300,319,264,227,188,164,134,103,56,34,12,8,10,15,13,10,3,0
44,64,122,146,188,209,248,268,253,230,212,183,146,123,106,79,13,13,0,0,3,0,0,0
16,38,76,127,155,178,197,218,246,205,205,181,153,128,108,100,37,3,0,5,1,0,0,0
10,14,22,88,116,134,151,174,188,185,184,174,158,132,114,102,56,8,11,7,8,7,4,5
11,18,15,29,80,104,119,138,156,164,146,145,139,129,119,103,67,20,7,9,10,0,0,0
12,11,12,11,13,59,109,121,135,136,134,134,148,130,112,103,57,13,10,1,1,5,5,0
10,21,23,30,32,41,69,104,116,122,136,118,122,123,106,103,86,25,7,4,1,6,5,2
12,14,13,31,14,32,41,45,52,66,93,88,100,130,136,120,82,51,12,5,11,6,2,0
15,13,14,11,21,12,30,33,41,53,75,89,93,121,133,135,66,44,28,13,9,10,8,6
4,11,6,9,27,16,22,54,60,103,89,88,103,128,130,109,61,45,13,7,7,0,0,0
10,4,6,6,12,16,36,75,83,88,98,87,96,107,85,63,50,21,0,7,3,3,0,8
1,3,0,2,13,27,52,72,109,112,95,81,78,64,54,47,21,11,2,9,5,0,1,7
0,4,12,13,12,38,56,87,126,114,81,68,64,53,51,32,11,4,0,6,2,1,6,3
6,7,2,9,13,53,56,83,123,114,71,59,52,45,34,19,9,0,0,0,2,4,3,9
4,0,8,12,21,51,58,78,96,93,61,51,31,40,33,19,9,2,0,0,0,6,8,8
0,5,5,13,24,52,63,94,80,58,46,30,14,13,12,7,4,0,0,0,0,0,0,0
2,9,13,12,51,55,73,90,58,53,48,26,13,11,14,12,6,0,0,0,0,0,0,0
11,9,11,53,67,94,74,57,52,54,53,14,14,13,22,10,8,2,0,0,0,0,0,0
4,15,21,67,70,63,66,34,51,58,51,11,4,11,9,17,11,3,0,0,0,0,0,2
12,15,31,74,63,61,44,48,25,40,35,10,12,0,0,9,10,7,3,0,0,0,5,5
6,13,23,31,60,25,13,4,12,28,22,14,12,9,5,0,1,0,1,8,5,0,8,8
7,10,7,48,27,12,9,11,2,12,14,10,7,11,8,11,8,6,1,6,2,1,0,3

0,2,0,0,0,0,6,3,19,47,79,71,72,59,63,83,74,54,53,58,53,43,14,11
0,0,0,3,5,13,86,85,113,129,116,118,141,123,114,130,110,108,86,63,54,14,7,10
0,5,0,0,6,60,92,129,165,162,155,179,194,175,149,129,114,106,96,50,12,10,6,11
0,0,0,0,6,50,76,120,166,188,186,200,195,159,130,104,95,61,59,10,10,10,7,8
2,10,0,0,30,67,127,150,182,195,171,168,139,120,81,66,52,59,79,40,12,8,0,0
9,7,29,21,62,117,191,234,224,218,167,170,130,80,55,48,50,63,75,61,50,13,10,11
0,1,14,54,94,129,196,207,260,219,173,151,110,91,60,52,47,60,65,65,40,15,7,8
5,15,14,55,100,155,187,235,249,227,155,112,99,97,66,26,8,57,72,70,54,11,8,8
3,9,18,63,101,152,190,229,231,211,171,128,102,89,69,26,19,53,67,63,40,8,2,2
2,13,38,68,108,160,236,276,283,282,227,145,114,89,63,51,14,51,61,55,12,11,2,0
4,13,22,60,108,195,300,325,333,306,233,134,86,75,35,4,7,51,51,54,20,6,10,1
5,3,36,68,121,210,314,336,330,279,186,107,82,70,9,3,0,0,12,8,10,0,0,0
5,13,38,66,126,178,189,245,239,189,141,118,93,102,51,0,1,0,0,0,0,0,0,0
0,10,70,77,131,188,195,204,186,145,125,120,114,111,70,4,2,0,0,0,0,0,0,0
1,13,60,103,127,170,181,165,152,135,126,122,107,78,50,0,6,1,0,0,0,0,0,0
11,14,70,112,154,169,180,145,139,122,121,115,83,68,51,4,10,0,0,0,0,0,0,5
14,58,112,121,164,177,178,135,114,86,83,112,79,65,14,11,6,9,7,2,2,1,1,2
24,52,88,123,202,191,207,189,128,87,88,70,75,64,35,16,11,15,12,10,9,13,11,6
39,65,107,148,204,216,209,220,220,149,88,93,104,93,14,5,10,9,6,7,5,5,6,1
50,78,136,183,212,244,267,288,232,162,125,109,102,53,14,9,7,4,0,0,0,5,2,0
70,109,136,207,244,301,312,263,244,199,144,119,104,53,14,14,13,9,1,0,3,0,0,4
60,83,122,181,245,313,352,323,295,223,178,146,108,72,52,30,8,10,12,11,7,5,0,0
61,80,124,160,195,242,300,319,265,226,188,165,134,103,57,34,12,8,10,15,13,10,3,0
43,64,122,146,188,209,249,269,252,231,212,183,146,123,106,78,13,13,0,0,3,0,0,0
16,38,76,127,155,178,197,218,246,204,205,182,153,128,108,101,39,3,0,5,1,0,0,0
10,14,22,88,116,134,150,174,188,185,185,173,159,133,114,102,59,7,11,7,8,7,4,5
11,18,15,29,80,104,119,138,156,165,146,145,139,129,119,103,68,21,7,9,10,0,0,0
12,11,12,11,13,58,110,121,134,136,134,134,148,130,112,103,57,13,11,1,1,5,5,0
10,21,23,31,31,41,70,104,116,122,136,118,122,123,106,103,86,27,7,4,1,6,5,2
12,14,13,31,14,32,40,46,52,66,93,88,100,130,136,120,81,51,12,5,11,6,2,0
15,13,14,11,21,12,30,33,41,53,75,89,93,121,133,135,66,44,27,13,9,10,8,6
4,11,6,9,27,17,22,54,61,103,89,88,103,128,130,109,61,46,13,7,7,0,0,0
10,4,6,6,12,16,37,75,84,88,98,87,96,107,84,63,50,22,0,7,3,3,0,8
1,3,0,2,13,27,52,72,110,111,95,81,78,64,54,48,21,11,2,9,5,0,1,7
0,4,12,13,12,40,56,87,126,114,81,68,64,53,51,32,11,4,0,6,2,1,6,3
6,7,2,9,12,53,56,83,122,115,71,59,52,46,33,20,8,0,0,0,2,4,4,9
4,0,8,12,21,52,58,78,96,93,61,51,32,40,33,20,9,2,0,0,0,6,8,8
0,5,5,13,24,53,63,94,80,58,46,28,14,13,12,7,4,0,0,0,0,0,0,0
2,9,13,12,52,55,73,92,59,53,50,26,13,11,14,12,6,0,0,0,0,0,0,0
11,9,11,53,67,93,74,58,52,54,53,14,14,13,22,10,8,2,0,0,0,0,0,0
4,15,22,67,69,63,66,34,51,58,51,11,4,11,9,17,11,3,0,0,0,0,0,2
12,15,31,74,63,61,46,50,24,42,34,10,13,0,0,9,10,7,3,0,0,0,5,5
6,13,23,31,60,22,13,5,12,27,23,14,11,9,5,0,1,0,1,8,5,0,8,8
7,10,7,48,27,12,9,11,2,12,14,10,7,11,8,11,8,6,1,6,2,1,0,3

0,2,0,0,0,0,6,3,19,47,79,71,72,59,63,83,74,54,53,58,53,44,14,11
0,0,0,3,5,13,86,85,113,129,116,118,141,123,114,130,110,108,86,62,53,14,7,10
0,5,0,0,6,61,93,129,165,163,155,179,194,175,149,129,114,106,96,50,12,10,6,11
0,0,0,0,6,50,77,120,167,188,186,200,195,159,130,104,96,61,58,10,10,10,7,8
2,10,0,1,31,67,127,150,182,195,171,169,139,120,81,66,52,59,78,37,12,7,0,0
9,7,29,22,62,117,192,234,223,217,168,170,130,80,55,47,50,63,75,61,50,13,10,11
0,1,14,54,94,129,196,206,260,220,173,151,110,91,60,52,47,60,65,65,39,15,7,8
5,15,15,56,100,156,188,236,250,227,156,112,100,97,67,26,7,57,72,70,54,11,8,8
3,9,20,63,102,152,191,230,232,212,172,128,102,89,69,28,20,53,67,63,42,8,2,2
2,13,38,68,108,162,237,277,284,282,227,146,115,90,64,51,14,52,61,55,12,11,2,0
4,13,22,60,108,195,300,325,332,305,233,135,86,75,37,4,7,51,51,55,23,7,10,1
5,3,37,68,121,210,314,336,328,278,186,108,83,70,9,3,0,0,12,8,11,0,0,0
5,13,38,66,126,178,188,245,237,188,141,118,93,103,51,0,2,0,0,0,0,0,0,0
0,9,70,77,131,188,194,203,185,145,125,120,114,111,69,3,2,0,0,0,0,0,0,0
1,13,60,103,127,169,180,164,152,135,126,122,107,78,50,0,5,2,0,0,0,0,0,0
11,14,69,112,154,169,180,145,139,122,121,115,83,68,51,4,10,0,0,0,0,0,0,5
14,58,112,120,164,177,178,135,113,86,83,112,79,65,14,11,6,9,7,2,1,1,1,2
24,52,88,123,202,191,207,189,128,87,88,69,75,64,35,16,11,15,12,10,9,13,11,6
39,65,107,147,203,216,209,220,220,149,88,94,105,95,14,5,10,9,6,7,5,5,6,1
50,78,136,183,212,244,268,288,232,163,126,109,102,54,14,10,7,4,0,0,0,5,2,0
70,109,136,208,245,302,314,264,245,200,144,119,104,54,14,14,13,9,1,0,3,0,0,4
60,83,122,181,245,314,353,325,296,223,178,146,108,72,52,30,8,10,12,11,7,5,0,0
61,80,124,160,195,242,301,321,265,227,188,165,134,104,57,34,12,8,10,15,13,10,3,0
43,64,122,146,188,209,249,269,253,231,212,183,146,124,106,79,13,13,0,0,3,0,0,0
16,38,76,127,154,177,197,218,246,205,205,182,154,128,108,100,39,3,0,5,1,0,0,0
10,14,22,88,116,134,150,174,188,185,185,174,159,133,114,102,57,8,11,8,8,7,4,5
11,18,15,28,80,104,119,138,155,165,146,145,139,130,119,103,68,20,7,9,10,0,0,0
12,11,12,11,13,58,110,121,134,136,134,134,148,130,112,103,57,13,11,1,1,5,5,0
10,21,23,30,32,42,69,104,116,122,136,118,122,123,106,103,87,28,7,4,1,6,5,2
12,14,13,31,14,32,40,46,52,66,94,88,100,130,136,120,81,51,13,5,11,6,2,0
15,13,14,11,21,12,30,33,41,53,74,90,93,121,133,135,67,44,29,13,9,10,8,6
4,11,6,9,27,17,22,54,60,103,89,88,103,128,130,109,61,45,13,7,7,0,0,0
10,4,6,6,12,16,36,75,83,88,98,87,96,107,85,63,51,22,0,7,3,3,0,8
1,3,0,2,13,28,52,72,110,112,95,82,78,64,54,49,22,11,3,9,5,0,1,7
0,4,12,13,12,40,56,87,126,114,81,68,64,53,52,32,11,4,0,7,2,2,6,3
6,7,2,9,12,53,56,83,123,114,71,59,52,46,33,21,8,0,0,0,3,4,4,9
4,0,8,12,21,51,58,78,96,93,61,51,32,40,34,20,9,2,0,0,0,6,8,8
0,5,5,13,24,53,63,94,80,58,46,30,14,13,12,7,4,0,0,0,0,0,0,0
2,9,13,12,52,55,73,91,58,53,48,26,13,11,14,12,6,0,0,0,0,0,0,0
11,9,11,53,67,93,73,58,52,55,53,14,14,13,22,10,8,2,0,0,0,0,0,0
4,15,21,67,70,63,66,34,51,58,51,11,4,11,10,17,11,3,0,0,0,0,0,2
12,15,30,74,63,61,45,50,25,40,35,10,13,0,0,9,10,7,3,0,0,0,5,5
6,13,23,31,60,25,13,5,12,27,22,14,11,9,5,0,1,0,1,8,4,0,8,8
7,10,7,48,27,12,9,11,3,12,14,10,7,11,8,11,8,6,1,6,2,1,0,3

0,2,0,0,0,0,6,3,20,48,79,71,72,59,63,83,74,54,53,58,53,45,14,11
0,0,0,3,5,13,87,85,113,130,116,118,141,123,114,130,110,108,86,63,53,14,7,10
0,5,0,0,6,61,94,130,166,164,156,179,195,176,149,129,114,106,96,50,12,10,6,11
0,0,0,0,7,50,78,121,168,189,187,201,196,159,130,104,96,61,58,10,10,10,7,8
2,9,0,1,32,67,128,150,183,197,171,169,140,120,81,66,52,59,78,37,12,7,0,0
9,7,29,21,62,117,192,235,224,218,168,170,130,80,55,47,50,63,75,61,50,13,10,11
0,1,14,54,94,130,196,207,260,219,173,151,110,91,60,52,47,60,65,65,40,15,7,8
5,15,14,56,100,156,188,235,249,226,155,112,99,97,66,25,7,57,72,70,54,11,8,8
3,9,20,64,102,153,191,230,231,212,171,128,102,89,69,26,21,54,67,63,41,8,2,2
2,13,38,68,108,162,237,277,283,279,226,145,114,89,63,51,14,52,62,55,12,11,2,0
4,13,21,60,109,196,301,323,330,303,231,134,86,75,35,4,7,51,51,54,20,6,10,1
5,3,37,68,121,210,314,335,326,276,185,107,82,70,9,3,0,0,12,8,11,0,0,0
5,13,38,66,126,178,189,244,236,187,140,118,92,102,50,0,2,0,0,0,0,0,0,0
0,9,70,77,131,188,194,202,185,144,125,120,114,110,69,3,2,0,0,0,0,0,0,0
1,12,60,103,127,169,180,164,151,135,125,121,107,78,50,0,5,2,0,0,0,0,0,0
11,14,69,112,154,168,180,145,138,121,121,115,83,68,51,4,10,0,0,0,0,0,0,5
14,58,112,120,164,177,178,135,113,86,83,112,78,65,14,11,6,9,7,2,2,1,1,2
24,52,88,123,202,191,208,190,128,87,88,69,74,64,35,16,11,15,12,10,9,13,11,6
39,65,107,147,204,216,209,220,221,150,88,93,104,95,14,5,10,9,6,8,5,5,6,1
50,78,136,183,212,244,267,289,232,163,125,109,102,54,14,9,7,4,0,0,0,5,2,0
69,109,136,207,245,302,314,264,245,200,144,119,104,54,14,15,13,10,1,0,3,0,0,4
60,83,122,181,245,315,355,325,297,223,177,146,108,72,52,30,8,10,12,11,6,5,0,0
61,80,124,160,195,242,302,322,266,227,188,165,134,104,56,34,12,8,10,15,13,10,3,0
42,64,122,146,188,209,249,269,253,231,212,183,146,124,106,80,13,13,0,0,4,0,0,0
16,38,76,127,154,177,197,218,246,205,206,182,154,128,108,101,39,3,0,5,1,0,0,0
10,14,21,87,116,134,150,174,188,185,185,174,159,133,114,102,59,8,11,7,8,7,4,5
11,18,14,28,80,104,119,138,156,165,146,145,139,130,119,103,69,21,7,10,10,0,0,0
12,11,12,11,13,58,110,121,134,136,134,134,148,130,112,103,57,13,11,1,1,5,5,0
10,21,24,32,32,42,71,104,116,122,136,119,122,124,106,103,88,28,7,5,1,7,5,2
12,14,13,31,14,32,40,46,52,66,93,88,100,130,136,120,81,51,13,5,11,6,2,0
15,14,14,11,21,12,30,33,41,53,75,89,93,121,133,136,67,44,29,13,9,10,9,6
4,11,6,9,27,17,22,54,60,103,89,88,103,128,131,109,62,46,13,7,7,0,0,0
10,4,6,6,12,16,36,75,83,88,98,87,96,107,85,63,51,22,0,7,3,3,0,8
1,3,0,2,13,26,52,71,109,112,95,82,78,64,54,48,21,11,3,9,5,0,1,7
0,4,12,13,12,40,56,87,126,114,81,68,64,52,52,33,11,4,0,7,2,2,6,3
6,7,2,9,13,53,56,83,123,115,71,59,52,45,33,20,9,0,0,0,2,4,4,9
4,0,8,12,21,51,58,77,96,93,61,51,33,40,34,20,9,2,0,0,0,6,8,8
0,5,5,13,24,53,63,94,80,58,45,29,14,13,12,7,4,0,0,0,0,0,0,0
2,9,13,12,51,54,73,91,59,53,48,26,13,11,14,12,6,0,0,0,0,0,0,0
11,9,11,53,67,93,73,58,52,55,53,14,14,13,21,10,8,2,0,0,0,0,0,0
4,15,20,67,69,63,66,34,51,57,51,11,4,11,10,17,11,3,0,0,0,0,0,2
12,15,30,74,63,61,44,50,25,39,36,10,13,0,0,10,10,7,3,0,0,0,5,5
6,13,23,31,60,22,13,5,12,27,22,14,11,10,5,0,1,0,1,8,5,0,8,8
7,10,7,47,27,12,9,11,3,12,14,10,7,11,8,11,8,6,1,6,2,1,0,3

0,2,0,0,0,0,6,3,20,48,79,71,72,59,63,83,74,54,53,58,53,45,15,11
0,0,0,3,5,13,86,85,113,130,116,118,141,123,114,130,110,108,86,62,54,14,6,10
0,5,0,0,6,61,93,130,167,164,156,179,195,176,149,129,114,106,96,50,12,10,6,11
0,0,0,0,7,50,77,121,169,189,188,201,196,159,130,104,96,61,58,10,10,10,7,8
2,10,0,1,32,67,128,151,183,197,172,169,140,120,81,66,52,59,78,38,12,7,0,0
9,7,29,21,62,118,192,235,224,218,168,170,130,80,55,48,50,63,75,61,50,13,10,11
0,1,14,54,95,130,197,207,259,219,172,151,110,91,60,52,48,60,65,65,39,15,7,8
5,15,14,56,100,156,188,236,250,226,154,112,99,97,66,24,8,57,72,70,54,11,8,8
3,9,20,63,102,153,192,231,232,211,171,127,102,89,69,28,20,54,67,63,41,8,2,2
2,13,38,68,109,163,239,277,284,281,225,145,114,89,63,51,14,52,62,55,12,11,2,0
4,13,22,60,109,197,302,324,330,304,231,133,86,75,35,4,8,52,51,54,20,6,11,1
5,3,37,68,121,211,315,336,327,276,184,107,82,70,8,3,0,0,12,8,11,0,0,0
5,13,38,67,126,178,189,245,236,186,140,118,92,102,50,0,1,0,0,0,0,0,0,0
0,9,70,77,131,188,194,202,185,144,125,120,113,110,68,3,2,0,0,0,0,0,0,0
1,12,60,103,127,169,180,164,151,135,125,121,106,78,45,0,5,2,0,0,0,0,0,0
11,14,69,112,154,168,180,145,138,121,120,115,83,67,51,4,10,0,0,0,0,0,0,5
14,58,112,120,164,177,178,134,113,86,82,112,78,64,14,11,6,9,7,2,1,1,1,2
25,52,88,123,202,191,208,190,128,87,88,69,74,63,35,16,11,15,12,10,9,13,11,6
39,65,107,148,203,216,209,220,220,149,88,93,104,92,14,5,10,9,6,8,5,5,6,1
50,79,137,183,212,244,268,289,232,162,125,109,102,53,14,9,7,4,0,0,0,5,2,0
70,109,136,208,245,302,315,265,245,199,144,119,104,54,14,14,13,9,2,0,3,0,0,4
60,84,122,181,246,315,356,327,297,223,177,146,108,72,52,30,8,10,12,10,6,5,0,0
61,80,125,160,195,243,303,322,267,227,189,165,134,104,57,34,13,8,11,15,13,10,3,0
43,64,122,146,188,209,249,269,254,231,212,184,146,124,106,81,14,13,0,0,4,0,0,0
16,38,76,127,155,177,197,219,246,205,207,182,154,128,108,101,40,3,0,5,1,0,0,0
10,14,22,87,116,134,150,174,188,185,185,174,159,133,114,103,59,8,11,8,8,7,4,5
11,18,14,28,80,104,119,138,156,165,146,145,139,130,119,103,69,21,7,10,10,0,0,0
12,11,12,11,13,58,110,121,134,136,134,134,149,130,113,103,57,13,11,1,1,5,5,0
10,21,23,31,32,42,70,104,116,122,136,119,122,124,106,103,87,28,7,4,1,7,5,2
12,14,13,31,14,32,40,45,52,66,93,88,100,130,136,120,81,51,13,5,11,6,2,0
15,14,14,12,21,12,30,34,42,53,75,90,93,121,133,136,67,44,29,13,9,10,9,6
4,11,6,9,27,17,22,54,60,103,89,88,103,128,130,109,62,46,13,7,7,0,0,0
10,5,6,6,12,16,36,75,83,87,98,87,96,107,85,63,51,22,0,7,3,3,0,8
1,3,0,2,13,27,52,72,109,111,96,82,78,64,54,48,21,11,3,9,5,0,1,7
0,4,12,13,12,39,56,87,126,114,81,68,64,53,52,32,11,4,0,7,2,2,6,3
6,7,2,9,13,53,56,83,123,115,71,59,52,45,33,20,8,0,0,0,3,4,4,9
4,0,8,12,20,51,58,77,96,94,61,51,32,40,33,21,9,2,0,0,0,6,8,8
0,5,5,13,24,52,63,94,80,58,46,30,14,13,12,7,4,0,0,0,0,0,0,0
2,9,13,12,51,54,73,91,59,53,48,26,13,11,14,12,6,0,0,0,0,0,0,0
11,9,11,53,67,93,73,58,52,55,53,14,14,13,21,10,8,2,0,0,0,0,0,0
4,15,20,66,69,63,66,34,51,58,51,11,4,11,10,17,11,3,0,0,0,0,0,2
12,15,30,74,63,61,44,50,25,40,34,10,13,0,0,9,10,7,3,0,0,0,5,5
6,13,23,31,60,24,13,5,12,27,22,14,11,9,5,0,1,0,1,8,5,0,8,8
7,10,7,47,27,12,9,11,3,12,14,10,7,11,8,11,8,6,1,6,2,1,0,3

0,2,0,0,0,0,6,3,20,48,79,71,72,59,63,83,74,54,53,58,53,45,14,11
0,0,0,3,5,13,86,85,113,129,116,118,141,123,114,130,110,108,86,63,54,14,6,10
0,5,0,0,6,61,93,130,166,164,156,179,195,176,149,129,114,106,96,50,12,10,6,11
0,0,0,0,6,50,77,120,168,189,187,202,196,160,130,104,96,61,58,10,10,10,7,8
2,9,0,0,31,67,128,150,182,197,171,169,140,120,81,66,53,59,78,40,12,8,0,0
9,7,29,21,62,117,192,234,223,218,167,170,130,80,55,48,50,63,75,62,50,13,10,11
0,1,14,54,94,129,196,206,259,218,172,151,110,91,60,52,47,60,65,65,41,16,7,8
5,15,14,56,100,155,188,235,248,226,154,111,99,97,66,26,8,57,72,71,54,11,8,8
3,9,19,63,102,152,191,230,231,211,170,127,102,89,69,29,23,54,68,64,46,8,2,2
2,13,38,68,108,162,238,277,284,281,225,145,114,89,64,51,14,52,62,55,13,11,2,0
4,13,21,60,109,196,301,326,333,304,232,134,86,75,36,4,8,52,52,55,25,7,11,1
5,3,36,68,121,211,316,336,329,278,185,107,82,70,9,3,0,0,12,8,12,0,0,0
5,13,38,66,126,179,189,246,238,187,141,118,92,102,50,0,2,0,0,0,0,0,0,0
0,9,70,78,131,188,195,203,185,145,125,120,114,110,68,3,2,0,0,0,0,0,0,0
1,13,60,103,127,170,181,165,151,135,125,121,106,78,46,0,5,1,0,0,0,0,0,0
11,14,69,112,154,169,180,145,138,121,121,115,83,68,51,4,10,0,0,0,0,0,0,5
14,58,112,120,164,177,179,135,113,86,83,112,78,64,14,11,6,9,7,2,1,1,1,2
25,52,88,123,202,191,207,190,128,87,88,69,74,64,35,16,11,15,12,10,9,13,11,6
39,65,107,147,203,216,209,220,220,149,88,93,104,93,14,5,10,9,6,8,5,5,6,1
50,79,136,183,212,244,268,288,232,162,125,109,102,54,14,10,7,4,0,0,0,5,2,0
70,109,137,207,245,303,314,265,244,199,144,119,104,54,14,14,13,9,2,0,3,0,0,4
60,83,122,181,246,316,355,326,297,222,178,146,108,72,52,30,8,10,12,11,7,5,0,0
61,80,125,161,195,243,303,322,267,227,189,166,134,104,57,34,13,8,10,15,13,10,3,0
44,64,122,146,188,209,249,269,253,231,212,184,146,124,106,81,13,13,0,0,4,0,0,0
16,38,76,127,155,178,197,219,247,205,206,182,154,128,108,101,39,3,0,5,1,0,0,0
10,15,22,88,116,134,151,174,188,185,185,174,160,133,114,102,59,8,11,8,8,7,5,5
11,18,14,30,81,104,119,138,156,165,146,145,139,130,119,103,69,21,7,10,10,0,0,0
12,11,12,11,13,58,109,121,134,136,134,134,148,130,113,103,57,13,11,1,1,5,5,0
10,21,23,31,32,42,69,104,115,122,136,118,122,123,106,103,87,28,7,4,1,7,5,2
12,14,13,31,14,32,40,46,52,66,93,88,100,130,136,120,81,51,13,5,11,6,2,0
15,14,14,11,21,12,30,34,41,53,75,89,93,121,132,134,66,44,28,13,9,10,9,6
4,11,6,9,27,17,22,54,60,103,89,88,103,128,130,108,61,45,13,7,7,0,0,0
10,5,6,6,12,16,37,75,83,88,98,87,96,107,85,63,51,22,0,7,3,3,0,8
1,3,0,2,13,27,52,71,109,112,95,82,78,64,54,47,21,11,3,9,5,0,2,7
0,4,12,13,12,39,56,87,126,114,81,68,64,52,51,32,11,4,0,6,2,2,6,3
6,7,2,9,13,53,56,83,123,115,71,59,52,46,34,20,8,0,0,0,2,4,4,9
4,0,8,12,20,51,58,78,96,93,61,51,32,40,33,21,9,2,0,0,0,6,8,8
0,5,5,13,24,52,63,94,80,59,46,29,14,13,12,7,4,0,0,0,0,0,0,0
2,9,13,12,51,54,73,91,59,53,48,26,13,11,14,12,6,0,0,0,0,0,0,0
11,9,11,53,67,93,74,58,52,55,53,14,14,13,22,10,8,2,0,0,0,0,0,0
4,15,20,66,69,63,66,35,51,58,51,11,4,11,10,17,11,3,0,0,0,0,0,2
12,15,30,74,63,61,46,50,24,41,31,10,13,0,0,9,10,7,3,0,0,0,5,5
6,13,23,31,60,26,13,5,12,27,22,13,11,9,5,0,1,0,1,8,5,0,8,8
7,10,7,48,27,12,9,11,3,12,14,10,7,11,8,11,8,6,1,6,2,1,0,3

0,2,0,0,0,0,6,3,19,48,79,71,72,59,63,83,74,54,53,58,53,44,15,11
0,0,0,3,5,13,85,84,113,129,116,118,141,123,114,130,110,108,86,63,54,14,7,10
0,5,0,0,6,60,93,129,166,164,156,179,195,176,149,129,114,106,96,50,12,10,7,11
0,0,0,0,6,50,77,121,167,189,187,201,196,160,131,104,96,61,58,10,10,10,7,8
2,9,0,0,30,67,128,151,183,196,171,169,140,120,81,67,52,59,79,40,12,8,0,0
9,7,29,21,62,117,192,234,223,218,167,170,130,80,55,48,50,63,75,62,50,13,10,11
0,1,14,54,94,129,195,206,259,218,172,150,110,91,60,52,48,60,66,66,43,15,7,8
5,15,14,55,100,155,187,234,248,225,154,111,99,97,66,26,8,57,72,71,54,11,8,8
3,9,17,63,101,151,190,229,230,209,170,127,102,88,69,28,22,54,68,64,50,9,2,1
2,13,35,68,107,159,235,274,282,280,225,144,114,89,63,51,14,52,62,56,13,11,3,0
4,13,19,60,108,194,300,324,332,305,231,133,86,75,35,4,8,52,51,55,28,8,11,1
5,3,35,68,121,209,314,337,330,279,186,107,82,70,9,3,0,0,12,8,12,0,0,0
5,12,37,66,126,178,189,246,239,190,141,118,93,103,51,0,2,0,0,0,0,0,0,0
0,9,70,77,131,188,195,205,187,145,125,120,114,111,70,3,2,0,0,0,0,0,0,0
1,13,60,103,127,170,182,165,152,135,126,122,107,78,50,0,6,2,0,0,0,0,0,0
11,14,69,112,154,169,181,146,139,122,121,115,83,68,51,4,10,0,0,0,0,0,0,5
14,58,112,120,164,177,179,135,114,86,83,112,79,65,14,11,6,9,7,2,1,1,1,2
24,52,88,123,201,191,207,189,128,87,88,70,75,65,36,16,11,15,12,10,9,13,11,6
39,64,107,147,203,216,208,219,219,149,88,94,105,95,14,5,11,9,6,8,5,5,6,1
50,78,136,183,212,244,268,288,232,163,125,110,102,54,14,10,7,4,0,0,0,5,2,0
69,109,136,208,245,303,314,263,245,199,144,119,104,54,14,14,13,9,1,0,3,0,0,4
60,83,122,182,246,317,355,324,296,223,178,146,108,73,52,30,8,10,12,11,7,5,0,0
61,80,125,161,196,244,303,321,266,228,189,166,134,104,57,34,13,8,11,15,13,10,3,0
43,64,122,146,188,210,250,269,253,231,212,183,147,124,106,80,14,13,0,0,4,0,0,0
16,38,76,127,155,178,198,219,246,205,206,182,154,128,108,101,39,3,0,5,1,0,0,0
10,14,22,88,116,134,150,174,188,185,185,174,160,133,114,102,60,8,11,8,8,7,5,5
11,18,14,29,80,104,119,138,156,165,146,145,139,130,119,103,69,21,7,10,10,0,0,0
12,11,12,11,13,58,109,121,134,136,134,134,149,130,112,103,57,13,11,1,2,5,5,0
10,21,24,31,32,42,69,104,115,122,136,118,122,123,106,103,86,28,7,5,1,7,5,2
12,14,13,32,14,33,40,46,52,66,93,88,100,130,136,120,81,51,13,5,11,6,3,0
15,14,14,11,21,12,30,34,42,53,75,90,93,121,132,134,66,44,29,13,9,10,9,6
4,11,6,9,27,17,22,54,61,103,89,88,103,128,130,108,61,45,13,7,8,0,0,0
10,5,6,6,12,16,37,75,83,88,98,87,96,107,84,63,50,22,0,7,3,3,0,8
1,3,0,2,13,27,52,71,110,112,96,82,78,64,54,49,21,11,3,9,5,0,1,7
0,4,12,13,12,39,56,87,126,113,81,68,64,52,52,32,11,4,0,7,2,2,6,3
6,7,2,9,13,53,56,83,123,115,72,59,52,46,34,20,8,0,0,0,3,4,4,9
4,0,8,12,20,51,58,78,96,94,62,51,32,40,34,21,9,2,0,0,0,6,8,8
0,5,5,13,24,53,63,94,80,58,46,30,14,14,12,7,4,0,0,0,0,0,0,0
2,9,13,12,51,54,73,92,59,53,49,27,13,11,14,12,6,0,0,0,0,0,0,0
11,9,11,53,67,93,74,58,52,55,52,14,14,13,21,10,8,2,0,0,0,0,0,0
4,15,19,66,69,63,66,35,51,57,51,11,4,11,9,17,11,3,0,0,0,0,0,2
12,15,30,74,63,61,50,50,25,43,34,10,13,1,0,9,10,7,3,0,0,0,5,5
6,13,23,31,60,27,13,5,12,27,22,14,11,10,5,0,1,0,0,8,5,0,8,8
7,10,7,48,27,12,9,11,3,12,14,10,7,11,8,11,8,6,1,6,2,1,0,3

0,2,0,0,0,0,6,3,19,48,79,71,72,59,63,83,74,54,53,58,53,43,14,11
0,0,0,3,5,13,86,85,113,129,116,118,141,123,114,130,110,108,86,63,53,14,7,10
0,5,0,0,6,61,93,129,166,164,156,179,194,176,149,129,114,106,97,50,12,10,7,11
0,0,0,0,6,50,77,120,168,189,187,201,196,160,131,104,96,61,59,10,10,10,7,8
2,9,0,0,31,67,127,150,183,197,171,169,140,120,82,67,53,59,78,42,13,8,0,0
9,7,28,21,62,116,191,234,223,218,168,170,130,80,55,48,50,63,75,62,50,13,10,11
0,1,14,54,94,128,195,206,259,218,173,151,110,91,60,52,50,60,66,66,43,17,7,8
5,15,14,55,99,155,186,233,247,225,154,111,99,97,66,27,8,57,72,71,54,11,8,8
3,8,16,63,101,150,189,227,228,208,169,127,102,88,69,29,23,54,67,64,49,8,2,1
2,13,34,68,106,157,232,272,280,277,225,144,114,89,63,51,14,51,61,55,13,11,3,0
4,13,17,60,107,193,299,324,331,305,232,133,86,75,35,4,7,51,51,55,26,7,10,1
5,3,34,67,120,208,313,336,329,281,186,108,82,70,10,3,0,0,12,8,11,0,0,0
5,12,37,66,126,178,189,246,240,191,142,119,93,103,52,0,2,0,0,0,0,0,0,0
0,9,69,77,131,188,195,205,188,146,126,121,115,111,71,4,2,0,0,0,0,0,0,0
1,13,60,103,127,170,182,165,153,136,126,122,107,79,51,0,6,2,0,0,0,0,0,0
11,14,70,112,154,169,181,146,139,123,122,116,84,69,52,5,10,0,0,0,0,0,0,5
14,58,112,120,164,177,179,135,114,87,83,113,79,66,17,11,6,9,7,2,2,1,1,2
24,51,87,122,201,190,206,188,128,87,89,70,76,66,36,16,11,15,12,10,9,13,11,6
38,64,106,147,203,216,208,219,219,149,88,94,105,97,14,5,11,9,6,8,5,5,6,1
50,78,136,183,212,244,267,287,232,162,126,110,102,54,14,10,7,4,0,0,0,5,2,0
69,109,136,208,245,302,313,263,244,200,144,119,104,54,14,15,13,9,1,0,3,0,0,4
60,83,122,181,247,317,353,323,295,223,178,146,108,73,52,30,8,10,12,11,7,5,0,0
61,80,124,161,196,244,302,322,265,228,189,166,134,104,57,34,13,8,11,15,13,10,3,0
43,64,123,146,189,210,250,270,254,231,213,184,147,124,106,81,14,14,0,0,4,0,0,0
16,38,76,128,155,178,198,219,247,206,206,183,155,129,108,101,40,3,0,5,1,0,0,0
10,14,22,88,116,134,150,174,189,186,185,174,160,133,114,103,60,8,11,8,8,7,5,5
11,18,14,29,80,104,119,138,156,165,146,145,139,130,119,103,69,21,7,10,10,0,0,0
12,11,12,11,13,58,109,121,134,136,134,134,149,130,112,103,57,13,11,2,2,6,5,0
10,21,23,31,32,42,70,104,115,122,136,119,122,123,106,103,86,29,7,5,1,7,5,2
12,14,13,31,14,32,40,46,52,66,93,88,100,130,136,120,81,51,13,5,11,6,3,0
15,14,14,12,21,12,30,34,42,53,75,90,93,121,133,135,66,44,29,13,9,10,9,6
4,11,6,9,27,17,22,54,60,103,89,88,104,128,130,108,61,46,13,8,7,0,0,0
10,4,6,6,12,16,36,75,83,88,98,88,96,107,85,63,51,22,0,7,4,3,0,8
1,3,0,2,13,26,52,71,109,112,96,82,78,64,54,48,21,11,3,9,5,0,1,7
0,4,12,13,12,39,56,87,126,114,81,68,64,53,52,32,11,4,0,7,2,2,6,3
6,7,2,9,12,53,56,83,123,115,72,59,52,46,34,21,8,0,0,0,2,4,4,9
4,0,8,12,21,51,58,78,96,94,61,51,33,41,34,21,9,2,0,0,0,6,8,8
0,5,5,13,23,52,63,94,80,58,46,30,14,14,12,7,4,0,0,0,0,0,0,0
2,9,13,12,51,54,73,92,59,53,48,27,13,11,14,12,6,0,0,0,0,0,0,0
11,9,11,53,67,93,74,58,52,54,53,14,15,13,21,10,8,2,0,0,0,0,0,0
4,15,20,66,69,63,66,35,51,57,51,11,4,11,10,17,11,3,0,0,0,0,0,2
12,15,30,74,63,61,47,50,25,40,35,10,13,1,0,9,10,7,3,0,0,0,5,5
6,13,23,31,61,31,13,5,12,27,22,14,11,10,5,0,1,0,0,8,5,0,8,8
7,11,7,48,27,12,9,11,3,12,14,10,7,11,8,11,8,6,1,6,2,1,0,3

0,2,0,0,0,0,6,3,19,48,79,71,72,59,63,83,74,54,53,58,53,44,15,11
0,0,0,3,5,13,86,85,113,129,116,118,141,123,114,130,110,108,86,63,53,14,6,10
0,5,0,0,6,61,93,129,166,163,155,179,194,175,149,129,114,106,96,50,12,11,6,11
0,0,0,0,6,50,77,120,168,188,187,201,196,160,131,104,96,61,59,10,10,10,7,8
2,9,0,0,30,67,127,150,183,197,171,169,140,121,82,67,52,59,79,42,12,8,0,0
9,7,28,21,62,116,191,233,223,218,168,171,131,80,55,48,50,63,75,62,50,13,10,11
0,1,14,54,94,128,195,206,259,219,174,152,110,91,61,52,47,60,66,66,44,17,7,8
5,15,14,55,99,155,186,233,247,226,154,112,100,97,67,29,8,57,72,71,55,11,8,8
3,8,16,63,101,151,189,228,229,209,171,128,102,89,69,31,23,54,68,64,50,9,2,1
2,13,34,68,107,159,233,273,281,279,225,145,115,89,64,51,14,52,62,56,14,11,3,0
4,13,17,60,107,193,297,323,331,305,232,134,86,76,37,4,8,51,51,55,29,8,11,1
5,3,35,68,121,209,311,334,328,280,186,108,83,70,10,3,0,0,12,8,12,0,0,0
5,13,38,66,126,178,188,245,238,189,142,119,94,103,53,0,3,0,0,0,0,0,0,0
0,9,70,77,131,188,194,204,187,145,126,121,115,111,71,4,2,0,0,0,0,0,0,0
1,13,60,103,127,170,181,165,152,136,126,122,107,79,51,0,6,2,0,0,0,0,0,0
11,14,69,112,154,169,181,145,139,122,122,116,84,69,52,5,10,0,0,0,0,0,0,5
14,58,112,120,164,177,179,135,114,87,83,113,79,66,16,11,6,9,7,2,1,1,1,2
24,51,87,122,201,190,206,189,128,88,88,70,75,66,36,16,11,15,12,10,9,13,11,6
38,64,106,147,203,216,207,219,220,149,89,94,105,97,14,5,11,9,6,7,5,5,6,1
50,78,136,183,212,244,266,288,232,163,126,109,102,55,14,10,7,4,0,0,0,5,2,0
69,109,136,208,246,303,314,263,244,200,144,119,104,54,14,15,13,9,2,0,3,0,0,4
60,83,122,181,247,317,355,324,296,223,178,146,108,73,52,30,8,10,12,11,6,5,0,0
61,79,124,161,196,244,303,321,266,228,189,166,134,104,57,34,13,8,11,15,13,10,3,0
42,64,122,146,188,210,249,270,254,231,213,184,147,124,106,81,14,14,0,0,4,0,0,0
16,38,76,127,155,178,198,219,247,206,207,183,155,129,108,101,40,3,0,5,1,0,0,0
10,14,22,87,116,134,151,174,188,186,185,174,160,133,114,103,59,8,11,8,8,7,5,5
11,18,15,29,80,104,119,138,156,165,146,146,139,130,119,103,69,23,7,10,10,0,0,0
12,11,12,11,13,58,109,121,134,136,134,134,149,130,113,103,57,13,11,2,2,6,5,0
10,21,23,31,32,42,70,104,115,122,136,119,122,123,106,103,87,30,7,5,1,7,5,2
12,14,13,31,14,32,40,46,52,66,93,88,100,130,136,120,81,51,13,5,11,6,3,0
15,14,14,12,21,12,30,33,42,53,75,90,93,121,132,134,66,44,29,13,9,10,9,6
4,11,6,9,27,17,23,54,60,103,89,88,103,128,130,108,61,46,13,8,7,0,0,0
10,5,6,6,12,17,37,75,84,87,98,88,96,107,85,63,51,22,0,7,4,3,0,8
1,3,0,2,13,27,52,72,109,112,96,82,78,64,55,47,21,11,3,9,5,0,2,7
0,4,12,13,12,40,56,87,126,114,81,68,64,53,52,32,11,4,0,7,2,2,6,3
6,7,2,9,12,53,56,83,123,115,72,59,52,47,34,20,8,0,0,0,3,4,4,9
4,0,8,12,21,51,58,78,96,94,62,51,33,40,33,22,9,2,0,0,0,6,8,8
0,5,5,13,24,53,63,94,80,58,46,30,14,14,12,7,4,0,0,0,0,0,0,0
2,9,13,12,51,54,73,92,59,53,49,27,13,11,14,12,6,0,0,0,0,0,0,0
11,9,11,53,67,93,74,58,52,55,53,14,15,13,22,10,8,2,0,0,0,0,0,0
4,15,20,67,69,63,66,35,51,58,51,11,4,11,9,17,11,3,0,0,0,0,0,2
12,15,30,73,63,61,47,50,24,41,35,10,13,1,0,9,10,7,3,0,0,0,5,5
6,13,23,31,61,30,13,5,12,27,22,14,11,10,5,0,1,0,1,8,5,0,8,8
7,11,7,48,28,12,9,11,3,12,14,10,7,11,8,11,8,6,1,6,2,1,0,3
