5,4,1,0,3,6,2,9,8,8,8,14,33,37,40,34,14,16,13,8,6,5,5,0
7,0,0,0,3,3,0,0,5,7,10,13,62,60,50,20,10,3,6,7,12,1,0,4
5,0,3,0,0,2,2,10,8,20,91,114,145,168,133,103,38,28,0,8,4,1,5,3
3,6,8,8,5,0,8,14,63,103,121,137,191,257,193,136,82,36,15,12,7,2,0,3
0,0,0,5,12,36,56,103,121,127,145,148,205,233,217,152,102,59,24,18,10,0,6,5
7,7,11,34,60,71,81,112,131,142,147,170,193,208,233,160,94,61,23,32,14,6,0,1
6,11,10,56,78,68,62,64,70,70,75,93,121,136,146,127,79,14,6,7,8,4,5,3
7,5,8,50,57,61,76,97,100,46,54,90,105,107,123,105,87,69,53,13,12,6,12,11
3,0,0,0,10,43,64,83,79,13,57,81,112,131,134,133,111,72,55,41,9,11,0,9
7,0,0,0,0,6,10,39,9,15,60,86,109,157,160,138,115,79,55,43,44,11,9,11
0,3,2,5,1,7,8,10,8,14,66,79,118,142,151,128,91,76,30,14,17,8,8,3
0,0,0,0,0,3,2,0,11,44,54,79,92,144,154,132,100,56,13,7,0,10,1,0
7,7,0,6,0,8,7,9,17,64,66,99,117,129,132,121,111,54,46,0,0,0,0,10
1,1,5,0,0,8,6,8,43,63,103,107,117,132,138,127,112,91,77,8,0,0,3,0
0,4,0,3,0,0,0,11,8,50,65,89,113,132,143,141,112,99,64,5,8,0,0,0
5,9,0,8,5,0,0,0,13,42,54,65,101,137,142,139,111,105,53,23,11,11,5,1
6,5,0,3,9,12,13,13,28,14,33,54,108,111,118,112,93,76,64,38,14,6,11,6
9,17,7,10,18,21,29,33,35,43,53,97,155,200,190,226,172,102,65,35,25,7,7,5
0,3,1,0,3,10,13,20,32,52,104,149,158,168,199,212,176,128,82,56,27,13,7,6
6,7,6,7,4,10,12,20,50,56,109,146,195,211,261,266,198,157,121,89,45,13,12,5
0,0,0,9,10,10,11,31,26,61,132,181,187,210,240,229,169,138,104,35,17,16,11,4
0,0,1,9,6,5,12,24,44,82,130,164,175,193,192,172,136,87,43,22,22,13,12,11
8,7,11,0,2,10,19,30,41,88,129,147,162,159,146,130,115,73,28,15,8,1,7,7
0,0,0,3,6,0,8,20,41,105,124,139,147,137,135,120,102,14,11,11,10,10,5,0
0,0,0,0,0,0,2,20,75,103,113,126,130,122,117,110,72,12,9,11,4,0,2,2
8,1,0,0,0,6,0,2,32,101,113,113,111,114,112,104,66,12,10,12,10,6,6,1
0,2,0,0,6,11,11,14,38,101,105,102,106,103,104,101,26,14,9,10,6,0,2,2
4,6,2,5,8,9,0,10,12,73,104,102,91,100,82,62,13,12,0,6,7,6,0,0
1,0,0,6,8,5,4,0,4,55,62,66,77,78,61,41,11,6,6,0,7,0,7,0
0,0,2,6,9,8,0,0,3,52,62,57,65,57,39,30,20,10,0,0,0,2,0,3
8,11,12,12,13,14,14,12,8,34,47,56,70,89,59,42,24,4,9,10,5,6,0,0
0,3,4,4,1,3,3,6,0,6,14,60,75,86,102,65,39,13,20,14,7,0,5,1
5,0,2,0,0,0,0,3,0,0,8,62,84,97,94,77,55,21,13,12,6,7,6,6
5,0,0,0,0,0,2,1,0,0,0,50,70,86,84,76,30,13,11,12,11,5,8,8
0,0,0,0,0,4,0,0,0,0,0,14,54,64,72,55,45,12,9,9,8,2,0,5
0,0,0,0,0,0,1,2,1,4,0,4,52,58,62,53,30,11,10,0,0,0,3,0
0,0,2,0,0,2,8,6,6,4,0,8,56,79,66,35,28,14,8,10,2,11,6,11
1,0,0,2,6,6,7,1,0,2,8,9,52,66,70,60,12,10,11,3,10,0,8,3
0,4,0,0,0,0,0,3,10,8,6,11,35,57,65,40,47,9,8,9,0,8,8,11
0,0,3,1,2,0,0,0,0,12,13,12,57,59,63,49,12,11,9,4,0,0,0,0
5,5,2,6,0,0,0,4,17,12,9,36,59,63,60,39,11,0,8,0,0,0,0,0
7,8,0,0,6,12,10,5,9,9,16,54,66,56,42,14,5,2,11,3,0,2,7,8
3,6,0,0,5,3,2,2,3,10,31,60,86,23,17,6,1,9,8,0,5,6,4,0
2,0,4,0,3,2,1,0,6,2,7,0,11,11,8,1,5,3,4,11,13,6,6,4

5,4,1,0,3,6,2,9,8,8,8,14,34,36,40,34,14,15,13,8,6,5,5,0
7,0,0,0,3,3,0,0,5,8,10,13,62,60,50,20,10,3,6,7,12,2,0,3
5,0,3,0,0,2,2,10,8,18,91,114,145,168,133,103,38,28,0,8,4,1,5,3
3,6,7,8,5,0,7,14,63,103,121,136,190,257,194,137,82,36,15,12,7,2,0,3
0,0,0,5,12,34,56,103,121,127,145,148,204,232,217,153,102,59,24,18,10,0,6,5
7,7,11,33,60,71,81,112,131,142,147,170,193,207,233,161,95,61,24,32,14,6,0,1
6,11,10,56,78,68,62,64,70,70,76,94,122,136,147,128,79,14,6,7,8,4,5,3
7,5,9,50,56,61,76,98,100,46,54,91,105,107,124,106,87,70,54,13,12,6,12,11
3,0,0,0,10,43,64,83,79,13,57,81,113,132,136,134,112,72,56,43,10,11,0,9
7,0,0,0,0,6,10,41,9,15,60,87,109,158,162,140,116,80,55,43,44,11,9,11
0,3,2,5,2,7,8,10,8,14,66,79,118,142,152,128,92,77,33,14,17,8,8,3
0,0,0,0,0,3,2,0,11,45,53,79,92,144,154,132,101,56,14,7,0,10,1,0
7,6,0,6,0,8,7,9,18,64,65,98,116,129,132,121,111,54,45,0,0,0,0,10
1,1,5,0,0,8,6,8,43,63,103,107,117,132,137,126,112,91,76,8,0,0,3,0
0,4,0,3,0,0,0,11,8,50,65,89,113,132,143,141,112,99,64,5,8,0,0,0
5,9,0,8,5,0,0,0,13,42,54,65,101,137,141,139,111,105,53,23,11,11,5,1
6,5,0,3,9,12,13,13,28,14,32,54,109,111,117,112,93,76,64,38,14,6,11,6
9,18,7,10,18,21,29,33,35,43,54,97,156,200,191,226,172,102,65,35,25,7,7,5
0,3,1,0,3,10,13,21,32,52,104,150,158,169,199,212,176,128,82,56,28,13,7,6
6,7,6,7,4,10,12,20,50,56,109,146,196,212,261,267,199,157,121,89,45,13,12,5
0,0,0,9,10,10,11,31,27,61,132,181,188,210,240,229,170,138,104,35,17,15,10,4
0,0,1,8,6,5,12,24,43,82,129,164,176,193,192,172,136,87,43,22,22,13,12,11
8,7,11,0,1,10,19,31,41,88,129,147,162,159,146,130,115,74,28,16,8,1,6,7
0,0,0,3,6,0,8,20,40,105,124,139,147,137,135,120,102,14,11,11,9,10,5,0
0,0,0,0,0,0,2,21,76,103,113,127,131,122,117,110,72,12,9,11,4,0,2,2
8,1,0,0,0,6,0,2,32,101,113,113,111,114,112,104,65,12,11,12,10,6,6,1
0,2,0,0,6,11,11,14,39,101,105,102,106,103,105,100,27,14,9,10,6,0,2,2
4,6,2,5,8,9,0,10,12,73,104,103,91,100,83,62,13,12,0,6,7,6,0,0
1,0,0,6,7,5,4,0,4,54,62,66,77,78,61,43,12,6,6,0,7,0,7,0
0,0,2,6,9,8,0,0,3,52,62,57,65,57,39,30,20,10,0,0,0,2,0,3
8,11,12,12,13,14,14,12,8,34,46,56,70,89,59,42,25,4,9,10,5,6,0,0
0,3,4,4,1,3,3,6,0,6,14,60,75,86,102,65,39,13,20,14,7,0,4,1
5,0,2,0,0,0,0,3,0,0,8,62,84,97,94,77,55,21,13,12,6,7,6,6
5,0,0,0,0,0,2,0,0,0,0,50,70,86,84,75,30,13,11,12,11,4,8,8
0,0,0,0,0,4,0,0,0,0,0,14,54,64,72,55,44,12,9,9,8,2,0,5
0,0,0,0,0,0,1,2,1,5,0,4,52,58,62,54,30,11,10,0,0,0,3,0
0,0,2,0,0,1,8,6,6,4,0,8,56,79,66,36,29,14,7,10,2,11,6,11
1,0,0,1,6,6,7,1,0,2,8,9,52,66,70,60,12,10,11,3,10,0,8,3
0,4,0,0,0,0,0,3,10,8,6,11,34,57,65,40,48,9,8,9,0,8,8,11
0,0,2,1,1,0,0,0,0,12,13,12,57,59,63,49,12,11,9,4,0,0,0,0
5,5,2,6,0,1,0,4,17,12,9,37,59,63,61,39,11,0,8,0,0,0,0,0
7,7,0,0,6,12,9,5,10,9,16,54,66,56,41,14,5,2,11,3,0,2,7,8
3,6,0,0,5,3,2,3,3,10,31,60,86,23,18,6,1,9,8,0,5,6,4,0
2,0,4,0,3,2,1,0,6,2,7,0,11,11,8,1,5,3,4,11,13,6,6,4

5,4,1,0,3,6,2,9,8,8,8,14,33,35,40,34,14,16,13,8,6,5,5,0
7,0,0,0,3,3,0,0,5,8,10,13,62,60,50,20,11,3,6,7,12,2,0,3
5,0,3,0,0,2,2,10,8,20,91,114,145,167,133,102,38,28,0,8,4,1,5,3
3,6,7,8,5,0,8,14,63,103,121,137,191,259,194,136,82,36,15,12,7,2,0,3
0,0,1,5,12,36,56,103,121,127,145,148,206,234,217,152,102,59,24,18,10,0,6,5
7,7,11,34,60,72,82,112,132,142,147,170,194,208,234,162,95,61,24,32,14,6,0,1
6,11,10,57,79,68,62,64,70,70,76,94,122,137,148,128,80,14,6,7,8,4,5,3
6,5,9,50,56,60,75,96,99,44,54,91,105,108,125,106,88,70,53,13,12,6,12,11
3,0,0,0,10,41,64,83,79,13,57,82,114,132,136,135,112,73,56,44,10,11,0,9
7,0,0,0,0,6,9,38,9,15,61,87,109,158,162,141,117,81,55,44,44,11,9,11
0,3,2,5,1,7,8,10,8,14,66,79,118,143,152,129,92,77,35,14,17,8,8,3
0,0,0,0,0,3,2,0,11,45,53,78,92,144,154,132,101,56,14,7,0,10,1,0
7,6,0,6,0,8,7,9,17,64,65,98,116,129,132,121,111,54,46,0,0,0,0,10
1,1,5,0,0,8,6,8,41,63,102,107,116,131,137,126,112,91,76,8,0,0,3,0
0,4,0,2,0,0,0,11,8,50,65,88,112,131,143,141,112,99,64,5,8,0,0,0
5,9,0,8,5,0,0,0,13,42,54,64,100,137,141,138,110,105,53,23,11,11,5,1
6,5,0,3,9,12,13,13,28,14,33,54,109,111,118,112,93,76,64,38,14,6,11,6
9,17,7,10,18,21,29,33,35,43,54,98,157,201,190,227,172,101,65,35,25,7,6,5
0,3,1,0,3,10,13,20,32,52,104,150,159,169,200,212,176,128,82,56,27,13,7,6
6,7,6,7,4,10,12,20,50,56,109,146,196,212,262,267,198,157,121,89,45,13,12,5
0,0,0,9,10,10,11,31,27,61,132,181,188,211,240,229,170,138,104,35,17,16,10,4
0,0,1,9,6,5,12,24,43,82,130,164,176,193,192,172,136,87,43,22,22,13,12,11
8,7,11,0,2,10,19,31,41,88,129,147,163,159,146,130,115,74,28,15,8,1,6,7
0,0,0,3,6,0,8,20,41,105,124,139,147,137,135,120,102,14,11,11,10,10,5,0
0,0,0,0,0,0,2,21,77,103,113,127,131,122,116,110,73,12,9,11,4,0,2,2
8,1,0,0,0,6,0,2,33,101,113,113,111,114,112,104,66,12,10,12,10,5,6,1
0,2,0,0,6,11,11,14,40,101,105,102,106,103,105,100,26,14,9,10,6,0,2,2
4,6,2,5,8,9,0,11,12,74,104,103,91,100,82,61,13,12,0,6,7,6,0,0
1,0,0,6,7,5,4,0,5,55,62,66,78,77,61,43,11,6,6,0,7,0,7,0
0,0,2,6,9,8,0,0,3,53,62,57,65,56,39,30,20,10,0,0,0,2,0,3
8,11,12,12,13,14,14,12,8,34,46,56,70,89,59,42,25,4,9,10,5,6,0,0
0,2,4,4,1,3,3,6,0,6,14,60,76,86,102,65,39,13,19,14,7,0,5,1
5,0,2,0,0,0,0,3,0,0,8,62,84,97,95,77,55,21,13,12,6,7,6,6
5,0,0,0,0,0,2,0,0,0,0,50,70,86,84,75,30,13,11,12,11,4,8,8
0,0,0,0,0,3,0,0,0,0,0,14,55,64,72,55,45,12,9,9,8,2,0,5
0,0,0,0,0,0,1,2,1,4,0,4,52,58,62,53,30,11,10,0,0,0,3,0
0,0,2,0,0,1,8,6,6,3,0,8,56,78,66,36,29,14,7,10,2,11,6,11
1,0,0,1,6,6,7,1,0,2,8,9,52,66,69,60,12,10,11,3,10,0,8,4
0,4,0,0,0,0,0,3,10,8,6,11,34,56,65,40,47,9,8,9,0,8,8,11
0,0,2,1,1,0,0,0,0,12,13,12,57,59,63,48,12,11,9,4,0,0,0,0
4,5,2,6,0,1,0,4,17,12,9,36,59,63,61,39,11,0,8,0,0,0,0,0
7,7,0,0,6,12,9,5,10,9,16,54,66,55,42,14,6,2,11,3,0,2,7,8
3,6,0,0,5,3,2,3,3,10,32,60,86,23,18,6,1,9,8,0,5,6,4,0
2,0,4,0,3,2,1,0,6,2,7,0,11,11,8,1,5,3,4,11,13,6,6,4

5,5,1,0,3,6,2,9,8,8,8,14,33,36,40,34,14,16,13,8,6,4,5,0
7,0,0,0,3,3,0,0,5,8,10,13,62,60,50,20,11,3,7,7,12,1,0,3
5,0,3,0,0,2,2,10,8,20,91,114,145,167,132,102,38,28,0,8,4,1,5,3
3,6,7,8,5,0,8,14,63,103,121,137,190,258,193,136,82,36,15,12,7,2,0,3
0,0,1,5,12,34,56,103,121,127,145,148,206,233,217,153,102,59,24,19,10,1,6,5
7,7,11,34,60,71,81,112,131,142,147,170,194,209,235,163,96,61,24,32,14,6,0,1
6,11,10,56,78,68,62,64,70,70,76,94,122,137,148,129,80,14,6,7,8,4,5,3
7,5,8,50,56,60,75,98,100,47,54,91,105,109,125,107,88,70,54,13,12,6,12,11
3,0,0,0,10,43,64,84,79,13,57,82,114,133,137,136,113,73,56,43,10,11,0,9
7,0,0,0,0,6,10,39,9,16,61,87,110,159,163,142,118,81,55,44,44,11,9,11
0,3,2,5,1,7,8,10,8,14,66,79,118,143,153,130,93,78,36,14,17,8,8,3
0,0,0,0,0,3,2,0,11,45,53,79,92,144,154,132,101,56,14,7,0,10,1,0
7,6,0,6,0,8,7,9,17,64,65,97,116,129,132,121,111,54,46,0,0,0,0,10
1,1,5,0,0,7,6,8,41,63,102,107,116,131,137,126,112,91,76,8,0,0,3,0
0,4,0,2,0,0,0,11,8,50,65,88,112,131,143,141,112,99,64,5,8,0,0,0
5,9,0,8,5,0,0,0,13,40,54,64,101,137,141,138,110,105,53,22,11,11,5,1
6,5,0,3,9,12,13,13,29,14,32,54,109,111,118,112,93,76,65,39,14,6,11,6
9,17,7,10,18,21,29,33,35,44,53,98,156,201,190,226,172,102,65,35,25,7,6,5
0,3,1,0,3,10,13,20,32,52,104,149,158,169,200,213,176,128,82,56,27,13,7,6
6,7,6,7,4,10,12,20,51,56,109,146,196,212,262,267,199,157,121,90,45,13,12,5
0,0,0,10,10,10,11,31,28,61,132,181,188,211,241,230,170,138,104,36,17,15,10,4
0,0,1,9,6,5,12,24,44,82,129,164,176,194,192,172,136,87,43,23,22,13,12,11
8,7,11,0,2,10,19,31,41,88,129,147,163,159,146,130,115,74,28,16,8,1,6,7
0,0,0,3,6,0,8,21,40,105,124,139,147,137,135,120,102,14,11,11,9,10,5,0
0,0,0,0,0,0,2,21,76,103,113,127,131,122,117,110,72,12,9,11,4,0,2,2
8,1,0,0,1,6,0,2,33,101,113,113,111,114,112,104,66,12,10,12,10,5,6,1
0,2,0,0,6,11,11,14,40,101,105,102,106,103,104,100,27,14,9,10,6,0,1,2
4,6,2,5,8,9,0,10,13,74,104,102,91,100,83,62,13,12,0,6,7,6,0,0
1,0,0,6,7,5,4,0,5,54,62,66,78,77,61,43,11,6,6,0,7,0,7,0
0,0,2,6,9,8,0,0,3,53,62,57,65,57,39,30,20,10,0,0,0,2,0,3
8,11,12,12,13,13,14,12,8,34,46,56,70,89,59,42,25,4,9,10,5,6,0,0
0,3,4,4,1,3,3,6,0,6,14,60,75,87,102,65,40,13,20,14,7,0,5,1
5,0,2,0,0,0,0,3,0,0,8,62,84,97,95,77,55,21,13,12,6,7,6,5
5,0,0,0,0,0,2,0,0,0,0,50,70,86,84,75,30,13,11,11,11,5,8,8
0,0,0,0,0,3,0,0,0,0,0,14,54,64,72,55,44,12,9,9,8,2,0,5
0,0,0,0,0,0,1,1,1,5,0,4,51,58,62,54,30,11,10,0,0,0,3,0
0,0,1,0,0,1,8,5,6,3,0,8,56,78,66,35,29,14,7,10,2,11,6,11
1,0,0,1,6,6,7,1,0,3,8,9,52,66,70,60,12,10,11,3,10,0,8,4
0,4,0,0,0,0,0,3,10,8,6,11,34,56,65,39,47,9,8,9,0,8,8,11
0,0,2,0,1,0,0,0,0,12,13,12,57,59,63,49,12,11,9,4,0,0,0,0
4,5,2,6,0,0,0,4,17,12,9,37,59,63,60,39,11,0,8,0,0,0,0,0
7,7,0,0,6,12,10,5,10,9,17,54,66,56,43,14,6,2,11,3,0,2,7,8
2,6,0,0,5,3,2,2,3,10,31,60,86,23,18,6,1,9,8,0,5,6,4,0
2,0,4,0,2,2,1,0,6,2,7,0,12,11,8,1,5,3,4,11,13,6,6,4

5,4,1,0,3,6,2,9,8,8,8,14,33,36,39,34,14,16,13,8,6,5,5,0
7,0,0,0,3,3,0,0,5,8,10,13,62,60,50,20,11,3,7,7,12,1,0,4
5,0,3,0,0,2,2,10,8,21,91,114,145,167,132,102,38,28,0,8,4,1,5,3
3,6,7,8,5,0,8,15,63,103,121,137,191,258,194,137,83,36,16,12,8,2,0,3
0,0,1,5,12,37,56,103,121,127,145,148,205,234,218,154,103,59,25,19,10,0,6,5
7,7,11,35,61,71,81,112,131,142,147,170,194,210,236,164,96,61,25,32,14,6,0,1
6,11,10,56,77,67,62,64,69,70,76,94,123,137,149,130,80,14,6,7,8,4,5,3
7,5,9,50,56,62,81,100,90,34,55,91,106,109,126,107,88,70,54,13,12,6,12,11
3,0,0,0,10,45,65,84,75,12,58,81,114,133,137,136,113,73,56,44,10,11,0,9
7,0,0,0,0,7,10,39,9,14,61,87,110,160,163,142,118,81,55,45,44,11,9,11
0,3,2,5,2,7,8,10,7,14,66,79,118,144,153,130,93,78,36,14,17,8,8,3
0,0,0,0,0,3,2,0,11,45,54,79,92,145,154,132,101,56,14,7,0,10,1,0
7,7,0,6,0,8,7,9,16,64,65,98,116,129,132,121,111,54,46,0,0,0,0,10
1,1,5,0,0,8,6,8,41,63,102,107,116,132,137,126,112,91,77,8,0,0,3,0
0,4,0,2,0,0,0,11,8,50,65,88,112,131,143,141,112,99,64,5,8,0,0,0
5,9,0,8,5,0,0,0,13,40,54,64,100,137,141,139,111,105,53,23,11,11,5,1
6,5,0,3,9,12,13,13,28,14,31,54,109,111,117,112,93,76,65,40,14,6,11,6
9,18,7,10,18,21,29,33,35,43,53,97,156,200,191,227,172,102,66,35,25,6,6,5
0,3,1,0,2,10,13,21,31,52,104,149,158,169,200,213,177,128,82,56,27,13,7,6
6,7,6,7,4,10,12,21,51,57,109,146,196,213,263,268,199,158,121,92,46,13,12,5
0,0,0,9,10,10,11,32,27,61,131,181,188,210,241,230,170,139,105,36,17,15,10,4
0,0,1,9,6,5,12,24,43,82,129,164,176,193,193,173,136,88,43,23,23,13,12,11
8,7,11,0,2,10,19,31,41,88,129,147,163,159,146,130,115,74,28,16,7,1,6,7
0,0,0,3,6,0,8,20,41,105,124,140,147,137,135,120,103,14,11,11,9,10,5,0
0,0,0,0,0,0,2,21,76,103,113,127,131,122,117,110,72,12,9,11,4,0,2,2
8,1,0,0,1,6,0,2,33,101,113,113,111,114,112,104,66,12,11,12,10,5,6,1
0,2,0,0,6,11,11,14,40,101,105,102,106,103,105,101,27,14,9,10,6,0,2,2
4,6,2,5,8,9,0,10,13,75,104,102,91,100,83,62,13,12,0,6,7,6,0,0
1,0,0,6,7,5,4,0,4,54,62,66,78,77,61,43,12,5,5,0,7,0,7,0
0,0,2,6,8,9,0,0,3,53,62,57,65,57,39,30,20,10,0,0,0,2,0,3
8,11,12,12,13,13,14,12,8,34,47,56,70,89,59,42,25,4,9,10,5,6,0,0
0,3,4,4,1,3,3,6,0,6,15,60,76,87,102,65,41,13,19,14,7,0,4,1
5,0,2,0,0,0,0,3,0,0,9,62,84,98,95,77,55,21,13,12,6,7,6,5
5,0,0,0,0,0,2,0,0,0,0,50,70,86,84,75,30,13,11,12,11,5,8,8
0,0,0,0,0,3,0,0,0,0,0,14,54,64,72,55,44,12,9,9,8,2,0,5
0,0,0,0,0,0,1,1,1,5,0,4,52,58,62,53,30,11,10,0,0,0,3,0
0,0,1,0,0,1,7,5,6,4,0,8,56,79,66,36,29,14,7,10,2,11,6,11
1,0,0,1,6,6,7,1,0,3,8,9,52,66,69,60,12,10,11,3,10,0,8,4
0,4,0,0,0,0,0,3,10,8,6,11,35,56,65,40,47,9,8,9,0,8,8,11
0,0,3,1,1,0,0,0,0,12,13,12,57,59,63,48,12,11,9,4,0,0,0,0
4,5,2,6,0,0,0,4,17,12,9,36,59,63,60,39,11,0,8,0,0,0,0,0
7,7,0,0,6,12,10,5,10,9,17,55,66,56,42,14,6,2,11,3,0,2,7,8
3,6,0,0,5,3,2,3,3,10,32,60,87,22,18,6,1,9,8,0,5,6,4,0
2,0,4,0,2,2,1,0,6,2,7,0,12,11,8,1,5,3,4,11,13,6,6,4

5,4,1,0,3,6,2,9,8,8,8,14,33,38,40,34,14,16,13,8,6,5,5,0
7,0,0,0,3,3,0,0,5,8,10,13,62,60,50,20,11,3,7,7,12,1,0,4
5,0,3,0,0,2,2,10,8,20,91,114,145,167,133,102,38,28,0,8,4,1,5,4
3,6,7,8,5,0,8,15,63,103,121,137,191,259,194,136,82,36,15,12,8,2,0,3
0,0,1,5,12,36,56,103,121,127,145,149,206,235,218,153,102,59,24,19,10,1,6,5
7,7,11,34,61,72,81,112,132,142,147,170,194,209,235,162,96,61,24,32,14,6,0,1
6,11,11,57,78,68,62,64,70,70,76,94,122,137,148,128,80,14,6,7,8,4,5,3
7,5,9,50,56,61,77,98,99,37,55,90,105,108,125,106,88,70,54,13,12,6,12,11
3,0,0,0,10,44,64,83,77,12,57,81,113,132,136,135,112,73,56,44,10,11,0,9
7,0,0,0,0,6,10,39,9,14,61,87,110,159,161,140,117,80,55,44,44,11,9,11
0,3,2,5,1,7,8,10,8,15,66,80,119,144,152,129,92,77,35,14,17,8,8,3
0,0,0,0,0,3,2,0,11,46,54,79,93,145,155,132,101,56,14,7,0,10,1,0
7,7,0,6,0,8,7,9,16,64,65,98,116,130,132,121,112,54,46,0,0,0,0,10
1,1,5,0,0,8,6,8,44,63,103,107,117,132,137,126,112,92,78,8,0,0,3,0
0,4,0,2,0,0,0,11,8,50,65,89,113,132,143,141,112,100,65,5,8,0,0,0
5,9,0,8,5,0,0,0,13,41,54,65,101,136,141,139,111,105,53,23,11,11,5,1
6,5,0,3,9,12,13,13,28,14,32,54,108,111,117,112,93,76,65,40,14,6,11,6
9,17,7,10,18,21,29,33,35,44,53,97,155,199,191,227,173,103,66,35,25,6,6,5
0,3,1,0,3,10,13,20,32,52,104,149,158,169,200,214,177,129,82,56,27,13,7,6
6,7,6,7,4,10,12,21,51,56,109,146,195,212,262,269,199,158,121,92,45,13,12,5
0,0,0,9,10,10,11,31,27,61,131,181,187,211,241,231,171,139,105,36,17,15,10,4
0,0,2,9,6,5,12,24,44,82,129,164,176,193,193,173,137,88,44,23,22,13,12,11
8,7,11,0,2,10,19,31,41,88,129,147,163,160,146,130,115,75,28,16,8,1,6,7
0,0,0,3,6,0,8,21,40,105,124,140,147,137,135,120,103,14,11,11,9,10,5,0
0,0,0,0,0,0,2,23,76,103,113,127,131,122,117,110,73,12,9,11,4,0,2,2
8,1,0,0,1,6,0,2,33,101,113,113,111,114,112,104,67,12,10,12,10,5,6,1
0,2,0,0,6,11,11,14,40,101,105,102,106,103,105,100,27,14,9,10,6,0,2,2
4,6,2,5,8,9,0,11,13,74,104,103,91,100,82,62,13,12,0,6,7,6,0,0
1,0,0,6,7,5,4,0,5,55,62,66,78,77,61,44,11,5,5,0,7,0,7,0
0,0,2,6,8,9,0,0,3,54,62,57,65,56,40,31,20,9,0,0,0,2,0,3
8,11,12,12,13,13,14,12,8,35,47,56,70,89,59,42,25,4,9,10,5,6,0,0
0,3,4,4,1,3,3,6,0,6,15,60,76,87,102,65,41,13,19,14,7,0,5,1
5,0,2,0,0,0,0,3,0,0,9,62,85,98,94,77,55,21,13,12,6,7,6,5
5,0,0,0,0,0,2,0,0,0,0,50,70,86,84,75,30,13,11,11,11,4,8,8
0,0,0,0,0,3,0,0,0,0,0,15,55,64,72,55,44,12,9,9,8,2,0,5
0,0,0,0,0,0,0,1,1,5,0,5,52,58,62,53,30,11,10,0,0,0,3,0
0,0,1,0,0,1,7,5,6,4,0,9,56,78,66,35,29,14,7,10,2,11,6,11
1,0,0,1,5,6,7,1,0,3,8,10,52,66,70,60,12,10,11,3,10,0,8,4
1,4,0,0,0,0,0,2,10,8,6,11,34,57,65,40,47,9,8,9,0,8,8,11
0,0,2,0,1,0,0,0,0,12,13,12,57,59,63,50,12,11,9,4,0,0,0,0
5,5,2,6,0,1,0,4,17,12,9,37,59,63,61,39,11,0,8,0,0,0,0,0
7,7,0,0,6,12,10,5,10,9,19,55,66,56,43,14,6,2,11,3,0,2,7,8
3,6,0,0,5,3,2,2,3,10,35,60,87,23,18,6,1,9,8,0,5,6,4,0
2,0,4,0,2,2,1,0,6,2,7,0,12,11,7,1,5,3,4,11,13,6,6,4

5,5,1,0,3,6,2,9,8,8,8,14,33,37,40,34,14,17,13,8,6,5,5,0
7,0,0,0,3,3,0,0,5,8,10,13,62,60,50,20,11,3,7,7,12,2,0,4
5,0,3,0,0,2,2,10,8,20,91,114,145,167,133,102,38,28,0,8,4,1,5,4
3,6,7,8,5,0,8,14,63,103,121,137,191,258,194,136,82,36,16,12,7,2,0,3
0,0,1,5,12,37,56,103,121,127,145,149,206,234,217,153,102,59,24,19,10,1,6,5
7,7,11,35,61,72,82,112,131,142,147,170,194,209,235,162,95,61,25,33,14,6,0,1
6,11,11,57,78,68,62,64,70,70,76,94,122,137,148,129,80,14,6,7,8,4,5,3
7,5,9,50,56,61,78,99,99,36,55,91,105,108,125,106,88,70,54,13,12,6,12,11
3,0,0,0,10,43,64,83,77,12,57,81,113,132,136,135,112,73,56,44,10,11,0,9
7,0,0,0,0,6,10,39,9,14,61,87,110,159,162,140,117,81,55,44,43,11,9,11
0,3,2,5,2,7,8,10,8,15,66,80,119,143,153,129,92,77,37,14,17,8,8,3
0,0,0,0,0,3,2,0,11,46,54,79,92,145,155,132,101,56,14,7,0,10,1,0
7,7,0,6,0,8,7,10,17,65,65,98,116,130,132,121,112,54,46,0,0,0,0,10
1,1,5,0,0,7,6,8,44,63,103,107,117,132,137,126,112,91,77,8,0,0,3,0
0,4,0,2,0,0,0,11,8,50,65,89,113,131,143,141,112,100,65,5,8,0,0,0
5,9,0,8,5,0,0,0,13,43,54,65,101,136,141,139,111,105,53,23,11,11,5,1
6,5,0,3,9,12,13,13,28,14,32,54,109,111,117,112,93,76,65,39,14,6,11,6
9,17,7,10,18,21,29,33,35,43,53,97,155,200,191,227,173,103,66,35,25,6,6,5
0,3,1,0,3,10,13,21,32,52,104,149,158,169,200,214,177,128,83,56,28,13,7,6
6,7,6,7,4,10,12,21,51,56,109,146,196,212,262,269,200,158,121,91,45,13,12,5
0,0,0,9,10,10,11,31,27,61,132,181,188,211,241,231,171,139,105,36,17,15,10,4
0,0,2,9,6,5,12,24,43,82,129,164,176,194,193,173,137,89,44,23,22,13,12,11
8,7,11,0,2,10,19,31,41,88,129,147,163,160,146,130,115,75,28,16,7,1,6,7
0,0,0,3,6,0,8,24,41,105,124,140,147,137,135,121,103,14,11,11,9,10,5,0
0,0,0,0,0,0,2,23,76,103,113,127,131,122,117,110,74,12,9,11,4,0,2,2
8,1,0,0,1,6,0,2,35,101,113,113,111,114,112,104,66,12,10,12,10,5,6,1
0,2,0,0,6,11,11,14,43,101,105,102,106,103,105,101,26,14,9,10,6,0,2,2
4,6,2,5,8,9,0,11,13,75,104,103,91,100,82,62,13,12,0,6,7,6,0,0
1,0,0,6,7,5,4,0,5,55,62,66,78,77,61,43,11,5,5,0,7,0,7,0
0,0,2,6,8,9,0,0,3,54,62,57,65,56,39,31,21,9,0,0,0,2,0,3
8,11,12,12,13,13,14,12,8,35,47,56,70,89,60,42,25,4,10,10,5,6,0,0
0,2,4,4,1,3,3,6,0,6,14,60,76,87,102,65,41,13,19,14,7,0,5,1
5,0,2,0,0,0,0,3,0,0,9,62,84,97,95,77,55,21,13,12,6,7,6,6
5,0,0,0,0,0,2,0,0,0,0,50,70,86,84,75,30,13,11,11,11,4,8,8
0,0,0,0,0,3,0,0,0,0,0,14,54,64,72,55,45,12,9,9,8,2,0,5
0,0,0,0,0,0,0,1,1,5,0,4,52,58,62,53,30,11,10,0,0,0,3,0
0,0,1,0,0,1,7,5,6,4,0,9,56,78,66,35,29,14,7,10,2,11,6,11
1,0,0,1,5,6,7,1,0,3,8,9,52,66,69,60,12,10,11,3,10,0,8,4
1,4,0,0,0,0,0,2,10,8,6,11,35,57,65,40,48,9,8,9,0,8,8,11
0,0,2,0,1,0,0,0,0,12,13,12,57,59,63,49,12,11,9,4,0,0,0,0
5,5,2,6,0,1,0,4,17,12,9,37,59,63,61,40,11,0,8,0,0,0,0,0
7,7,0,0,6,12,9,5,10,9,17,54,66,55,42,14,6,2,11,3,0,2,7,8
3,6,0,0,5,3,2,3,3,10,33,60,87,23,18,6,2,9,8,0,5,6,4,0
2,0,4,0,2,2,1,0,6,2,7,0,11,11,7,1,5,3,4,11,13,6,6,4

5,4,1,0,3,6,2,9,8,8,8,14,33,37,40,34,14,17,13,8,6,5,5,0
7,0,0,0,3,3,0,0,5,8,10,13,62,60,50,20,11,3,7,7,12,2,0,4
5,0,3,0,0,2,2,10,8,21,91,114,145,167,133,103,38,28,0,8,4,1,5,4
3,6,7,8,5,0,8,15,63,103,121,137,191,259,194,137,82,36,15,12,8,2,0,3
0,0,1,5,12,38,56,103,121,127,145,148,206,234,218,153,103,59,25,19,10,1,6,5
7,7,11,34,61,72,81,112,132,142,147,170,194,209,235,163,96,61,24,33,14,6,0,1
6,11,11,57,78,68,62,64,70,70,76,95,122,137,148,129,80,14,6,7,8,4,5,3
7,5,9,50,56,61,78,99,99,38,55,91,105,109,125,107,88,70,54,13,12,6,12,11
3,0,0,0,10,44,64,83,77,12,58,82,113,133,137,136,113,73,56,45,10,11,0,9
7,0,0,0,0,6,10,40,9,14,61,87,110,159,163,142,118,81,55,44,44,11,9,11
0,3,2,5,2,7,8,10,8,15,66,79,118,144,153,130,93,78,37,14,17,8,8,3
0,0,0,0,0,3,2,0,11,46,54,79,92,145,154,132,101,56,14,7,0,10,1,0
7,7,0,6,0,8,7,9,17,65,65,98,116,129,132,121,111,54,46,0,0,0,0,10
1,1,5,0,0,8,6,8,43,63,103,107,116,132,137,126,112,91,77,8,0,0,3,0
0,4,0,2,0,0,0,11,8,50,65,88,113,131,143,141,112,100,64,5,8,0,0,0
5,9,0,8,5,0,0,0,13,42,54,64,101,136,141,138,110,105,53,23,11,11,5,1
6,5,0,3,9,12,13,13,28,14,32,54,109,111,118,112,93,76,65,39,14,6,11,6
9,17,7,10,18,21,29,33,35,44,53,98,157,201,191,227,172,102,66,35,25,6,6,5
0,3,1,0,2,10,13,21,32,52,104,150,159,169,200,214,177,128,82,56,28,13,7,6
6,7,6,7,4,10,12,21,51,57,109,146,196,213,264,269,199,158,121,92,45,13,12,5
0,0,0,9,10,10,11,32,27,61,132,181,188,211,241,230,170,139,105,36,17,16,10,4
0,0,2,9,6,5,12,24,43,82,130,165,176,194,193,173,137,88,43,23,22,13,12,11
8,7,11,0,2,10,19,31,41,88,129,148,163,160,147,130,115,75,28,15,7,1,6,7
0,0,0,3,6,0,8,23,41,105,124,140,148,138,135,121,103,14,11,11,9,10,5,0
0,0,0,0,0,0,2,24,76,103,113,127,131,122,117,110,73,12,9,11,4,0,2,2
8,1,0,0,1,7,0,2,36,101,113,114,111,114,112,104,67,12,10,12,10,5,6,1
0,2,0,0,6,11,11,14,43,101,105,102,106,103,105,100,27,14,9,10,6,0,1,2
4,6,2,5,8,9,0,11,13,76,104,103,91,100,83,62,13,12,0,6,6,6,0,0
1,0,0,6,7,5,4,0,5,55,62,66,78,77,61,45,12,5,5,0,7,0,7,0
0,0,2,6,8,9,0,0,3,54,62,57,66,56,39,31,20,9,0,0,0,2,0,3
8,11,12,12,13,13,14,12,8,35,47,56,70,89,59,42,24,4,10,10,5,6,0,0
0,2,4,4,1,3,3,6,0,6,15,60,76,87,102,65,42,12,17,14,7,0,4,1
5,0,1,0,0,0,0,3,0,0,9,62,84,98,95,77,55,22,13,12,6,7,6,5
5,0,0,0,0,0,2,0,0,0,0,50,70,86,84,75,30,13,11,11,11,4,8,8
0,0,0,0,0,3,0,0,0,0,0,14,54,64,72,55,44,12,9,9,8,2,0,5
0,0,0,0,0,0,0,1,0,5,0,4,52,58,62,53,30,11,10,0,0,0,3,0
0,0,1,0,0,1,7,5,6,4,0,9,56,78,66,35,29,14,7,10,2,11,6,11
1,0,0,1,5,6,7,1,0,3,8,9,52,66,69,60,12,10,11,3,10,0,8,4
0,4,0,0,0,0,0,2,10,8,6,11,35,56,65,40,47,9,8,9,0,8,8,11
0,0,2,0,1,0,0,0,0,12,13,12,57,59,63,48,12,11,9,4,0,0,0,0
4,5,2,6,0,1,0,4,17,12,9,38,59,63,60,39,11,0,8,0,0,0,0,0
7,7,0,0,6,12,10,5,10,9,18,54,66,55,43,14,5,2,11,3,0,2,7,8
3,6,0,0,5,3,2,2,3,10,32,60,87,23,17,6,2,9,8,0,5,6,4,0
2,0,4,0,2,2,1,0,6,2,7,0,12,11,7,1,5,3,4,11,13,6,6,4

5,4,1,0,3,6,2,9,8,8,8,14,30,37,40,34,14,16,13,8,6,5,5,0
7,0,0,0,3,3,0,0,5,8,10,13,62,60,50,20,11,3,7,7,12,2,0,4
5,0,3,0,0,2,2,10,8,21,91,114,145,167,132,102,38,28,0,8,4,1,5,4
3,6,7,8,5,0,8,15,63,103,121,136,191,258,194,137,83,36,16,12,7,2,0,3
0,0,1,5,12,36,56,103,121,127,145,148,205,234,217,153,103,59,25,19,10,1,6,5
7,7,11,34,61,72,81,112,131,142,147,170,194,209,236,164,96,61,25,32,14,6,0,1
6,11,11,57,78,68,62,64,70,70,76,95,123,137,149,129,81,14,6,7,8,4,5,3
7,5,9,50,56,61,77,99,99,38,55,91,106,109,126,107,88,70,54,13,12,6,12,11
3,0,0,0,10,44,64,83,76,12,58,82,114,134,138,136,113,73,56,44,10,11,0,9
7,0,0,0,0,6,10,41,9,15,61,88,111,160,164,142,118,81,55,45,44,11,9,11
0,3,2,5,2,7,8,10,8,15,66,80,119,144,153,130,93,78,38,14,17,8,8,3
0,0,0,0,0,3,2,0,11,47,54,79,92,145,155,132,101,56,14,7,0,10,1,0
7,6,0,6,0,8,7,9,17,65,65,98,116,129,132,121,111,54,46,0,0,0,0,10
1,2,5,0,0,7,6,8,43,63,103,107,116,132,137,126,112,91,76,8,0,0,3,0
0,4,0,2,0,0,0,11,8,50,65,89,113,131,143,141,112,99,65,4,7,0,0,0
5,9,0,8,5,0,0,0,13,42,54,64,101,137,141,138,110,105,53,22,11,11,5,1
6,5,0,3,9,12,13,13,28,14,32,54,109,112,117,112,93,76,65,38,14,6,11,6
9,18,7,10,18,21,29,33,35,44,53,98,157,201,192,227,172,102,66,35,25,6,6,5
0,3,1,0,3,10,13,21,32,52,104,150,159,169,201,214,177,128,82,56,27,13,7,6
6,7,6,7,5,10,12,21,51,56,109,146,196,213,265,269,199,158,121,91,45,13,12,5
0,0,0,9,10,10,11,31,28,61,132,181,188,211,242,231,170,139,105,36,17,15,10,4
0,0,2,9,6,5,12,24,44,82,130,165,177,194,193,173,137,88,43,23,22,13,12,11
8,7,11,0,2,10,19,31,41,88,129,148,163,160,147,130,115,75,28,15,7,1,6,7
0,0,0,3,6,0,8,21,42,105,124,140,147,138,135,121,103,14,11,11,9,10,5,0
0,0,0,0,0,0,2,24,76,103,113,127,131,122,117,110,73,12,9,11,4,0,2,2
9,1,0,0,1,7,0,2,36,101,113,113,111,114,112,104,66,12,10,12,10,5,6,1
0,2,0,0,6,11,11,14,43,101,105,102,106,103,104,100,26,14,9,10,6,0,1,2
4,6,2,5,8,9,0,11,13,76,104,102,91,100,83,62,13,12,0,6,7,6,0,0
1,0,0,6,7,5,4,0,5,55,62,66,78,77,60,45,11,5,5,0,7,0,7,0
0,0,2,6,8,9,0,0,3,54,62,57,66,57,39,31,20,9,0,0,0,2,0,3
8,11,12,12,13,13,13,12,8,35,47,56,70,89,59,42,24,3,10,10,5,6,0,0
0,2,4,4,1,3,3,6,0,6,14,60,76,87,102,65,42,12,17,14,7,0,4,1
5,0,1,0,0,0,0,3,0,0,9,62,84,97,95,77,55,21,13,12,6,7,6,5
5,0,0,0,0,0,2,0,0,0,0,50,70,86,84,75,30,13,11,11,11,4,8,8
0,0,0,0,0,3,0,0,0,0,0,14,54,64,72,55,45,12,9,9,8,2,0,5
0,0,0,0,0,0,0,1,0,5,0,4,52,58,62,53,30,11,10,0,0,0,3,0
0,0,1,0,0,1,7,5,6,3,0,9,56,78,66,35,28,14,7,10,2,11,6,11
1,0,0,1,5,6,7,1,0,3,8,9,52,66,70,60,12,10,11,3,10,0,8,4
0,4,0,0,0,0,0,2,10,8,6,11,35,56,65,39,47,9,8,9,0,8,8,11
0,0,2,0,1,0,0,0,0,12,13,12,57,59,63,49,12,11,9,4,0,0,0,0
5,5,2,6,0,1,0,4,17,12,9,38,59,63,61,39,12,0,8,0,0,0,0,0
7,7,0,0,6,12,9,5,10,9,18,55,66,55,42,14,5,2,11,3,0,2,7,8
3,6,0,0,5,3,2,2,3,10,33,60,87,23,18,6,1,9,8,0,5,6,4,0
2,0,4,0,2,2,1,0,6,2,7,0,12,11,8,1,5,3,4,11,13,6,6,4

5,4,1,0,3,6,2,9,8,8,8,14,31,36,40,34,14,16,13,8,6,5,5,0
7,0,0,0,3,3,0,0,5,8,10,13,62,60,50,20,11,3,7,7,12,1,0,4
5,0,3,0,0,2,2,10,8,20,91,114,145,167,133,102,38,28,0,8,4,1,5,4
4,6,7,8,5,0,8,15,63,103,121,137,191,258,194,137,83,36,16,12,8,2,0,3
0,0,1,5,12,36,56,103,121,127,145,148,205,235,218,154,103,59,25,19,10,1,6,5
7,7,11,34,61,72,81,112,132,142,147,170,194,209,236,164,97,61,25,33,14,6,0,1
6,11,11,57,78,68,62,64,70,71,76,95,123,137,149,130,81,14,6,7,8,4,5,3
7,5,9,50,57,61,77,99,100,38,55,91,106,110,126,107,88,70,54,13,12,6,12,11
3,0,0,0,10,45,64,83,76,12,58,82,114,134,138,136,113,73,56,45,10,11,0,9
7,0,0,0,0,6,10,41,9,15,61,88,111,160,163,142,118,81,55,45,44,11,9,11
0,3,2,5,2,7,8,10,8,16,66,80,119,144,154,130,93,78,38,14,17,8,8,3
0,0,0,0,0,3,2,0,11,47,54,79,92,146,155,132,101,56,14,7,0,10,1,0
7,6,0,6,0,8,7,10,18,65,66,98,117,130,132,121,111,54,45,0,0,0,0,10
1,1,5,0,0,8,6,8,44,63,103,107,117,132,137,126,112,91,76,8,0,0,3,0
0,4,0,2,0,0,0,11,8,50,65,88,113,131,143,141,112,99,64,5,7,0,0,0
5,9,0,8,5,0,0,0,13,41,54,64,101,137,141,138,111,105,53,22,11,11,5,1
6,5,0,3,9,12,13,14,29,14,34,54,109,111,118,112,92,77,65,39,14,6,11,6
9,18,7,10,18,21,29,33,35,44,53,98,157,201,191,227,173,102,66,35,25,6,6,5
0,3,1,0,2,10,13,21,31,52,104,149,158,170,201,214,177,128,82,56,27,13,7,6
6,7,6,7,5,10,12,22,51,56,109,146,196,213,264,270,200,158,121,93,45,13,12,5
0,0,0,9,10,10,11,31,28,61,132,181,188,211,242,231,170,139,105,36,17,15,10,4
0,0,2,9,6,5,12,24,44,82,130,165,177,194,193,173,137,89,44,23,22,13,12,11
8,7,11,0,2,10,19,31,41,88,129,148,163,160,147,130,115,75,28,15,7,1,6,7
0,0,0,3,6,0,9,21,41,105,124,140,147,138,135,120,103,14,11,11,9,10,5,0
0,0,0,0,0,0,2,24,77,103,113,127,131,122,117,110,73,12,9,11,4,0,2,2
8,1,0,0,1,7,0,3,35,101,113,114,111,114,112,104,66,12,11,12,10,5,6,1
0,2,0,0,6,11,11,14,43,101,105,102,106,103,104,100,26,14,9,10,6,0,2,2
4,6,2,5,8,9,0,11,13,76,104,103,91,100,82,62,13,12,0,6,7,6,0,0
1,0,0,6,7,5,4,0,5,55,62,66,78,77,61,45,12,5,5,0,7,0,7,0
0,0,2,6,8,9,0,0,3,55,62,57,66,57,40,31,20,9,0,0,0,2,0,3
8,11,12,12,13,13,14,12,8,35,47,56,70,90,59,42,24,4,10,10,5,6,0,0
0,2,4,4,1,3,3,6,0,6,15,60,76,87,102,65,42,12,17,14,7,0,4,1
5,0,1,0,0,0,0,3,0,0,9,62,85,98,95,77,55,22,13,12,6,7,6,5
5,0,0,0,0,0,2,0,0,0,0,50,70,86,84,75,30,13,11,12,11,5,8,8
0,0,0,0,0,3,0,0,0,0,0,14,54,64,72,55,45,12,9,9,8,2,0,5
0,0,0,0,0,0,0,1,0,5,0,4,52,58,62,53,30,11,10,0,0,0,3,0
0,0,1,0,0,1,7,5,6,4,0,9,56,78,66,35,28,14,7,10,2,11,6,11
1,0,0,1,5,6,7,1,0,3,8,10,52,66,70,60,12,10,11,3,10,0,8,4
0,4,0,0,0,0,0,2,10,8,6,11,34,56,65,40,47,9,8,9,0,8,8,11
0,0,2,0,1,0,0,0,0,12,13,12,57,59,63,49,12,11,9,4,0,0,0,0
5,5,2,6,0,0,0,4,17,12,9,39,59,62,61,40,11,0,8,0,0,0,0,0
7,7,0,0,6,12,9,5,10,9,18,55,66,55,43,14,6,2,11,3,0,2,7,8
3,6,0,0,5,3,2,3,3,10,33,60,87,23,18,6,2,9,8,0,5,6,4,0
2,0,4,0,2,2,1,0,6,2,8,0,12,11,8,1,5,3,4,11,13,6,6,4

5,4,1,0,3,6,2,9,8,8,8,14,33,36,39,33,14,17,13,8,6,5,5,0
7,0,0,0,3,4,0,0,5,8,10,13,62,60,50,20,11,3,7,7,12,2,0,4
5,0,3,0,0,2,2,10,8,20,91,114,145,168,133,103,38,29,0,8,4,1,5,4
3,6,7,8,5,0,8,15,63,103,121,137,192,260,195,137,83,36,16,12,8,2,0,3
0,0,1,5,12,37,56,103,121,127,145,149,206,235,219,154,103,59,25,19,10,1,6,5
7,7,11,35,61,72,82,112,132,142,147,170,194,211,236,163,96,61,25,33,14,6,0,1
6,11,11,57,79,68,62,64,70,71,76,94,122,137,149,129,80,14,6,7,8,4,5,3
7,5,9,50,56,61,78,99,100,38,55,91,105,109,125,107,88,70,54,13,12,6,12,11
3,0,0,0,10,44,64,83,76,12,58,81,113,133,136,135,112,73,56,45,10,11,0,9
7,0,0,0,0,6,10,41,10,15,61,87,111,160,162,141,117,80,55,44,44,11,9,11
0,3,2,5,2,7,8,10,8,15,67,80,119,144,153,129,92,77,37,14,17,8,8,3
0,0,0,0,0,3,2,0,11,48,55,80,93,146,155,132,101,56,15,7,0,10,1,0
7,6,0,6,0,8,7,10,18,65,66,99,117,130,133,121,112,54,46,0,0,0,0,10
1,1,5,0,0,7,6,8,44,63,103,107,117,132,137,126,112,91,77,8,0,0,3,0
0,4,0,2,0,0,0,11,8,50,65,89,113,131,143,141,112,100,65,5,7,0,0,0
5,9,0,8,5,0,0,0,13,43,54,65,101,137,141,139,111,105,53,23,11,11,5,1
6,5,0,3,9,12,13,13,29,14,33,54,109,111,118,112,93,76,65,40,14,6,11,6
9,17,7,10,18,21,29,33,35,43,53,97,156,201,192,228,173,103,66,35,25,6,6,5
0,3,1,0,2,10,13,21,32,52,104,149,158,170,201,214,177,129,83,56,28,13,7,6
6,7,6,7,5,10,12,20,51,56,109,146,196,213,264,270,200,158,121,92,45,13,12,5
0,0,0,9,10,10,11,31,28,61,131,181,188,211,242,231,171,139,105,36,18,16,10,4
0,0,2,9,6,5,12,24,43,82,130,165,176,194,194,173,137,89,44,23,22,13,12,11
8,7,11,0,2,10,19,31,41,88,129,148,163,160,147,130,116,76,28,16,7,1,6,7
0,0,0,3,6,0,9,23,41,105,124,140,148,138,135,121,103,14,12,11,9,10,5,0
0,0,0,0,0,0,2,25,79,103,113,127,131,122,117,111,74,13,9,11,4,0,2,2
8,1,0,0,1,7,0,3,36,101,113,114,111,114,112,104,67,12,11,12,10,5,6,1
0,2,0,0,6,11,11,14,44,101,105,102,106,103,105,100,28,14,9,10,6,0,2,2
4,6,2,5,8,9,0,11,13,76,104,103,91,100,83,62,13,12,0,6,7,6,0,0
1,0,0,6,7,5,4,0,5,55,62,66,78,78,61,43,12,5,5,0,7,0,7,0
0,0,2,6,8,9,0,0,3,55,62,57,66,57,40,31,21,9,0,0,0,2,0,3
8,11,12,12,13,13,14,12,8,35,47,56,70,89,59,43,24,4,10,10,5,6,0,0
0,2,4,4,1,3,3,6,0,6,15,60,76,87,102,65,42,12,17,14,7,0,4,1
5,0,1,0,0,0,0,3,0,0,9,63,85,98,95,77,55,22,13,12,6,7,6,5
5,0,0,0,0,0,1,0,0,0,0,50,70,86,84,75,30,13,11,11,11,4,8,8
0,0,0,0,0,3,0,0,0,0,0,14,55,64,72,55,45,12,9,9,8,2,0,5
0,0,0,0,0,0,0,1,0,5,0,5,52,58,62,53,30,11,10,0,0,0,3,0
0,0,1,0,0,1,7,5,5,4,0,9,56,78,66,35,28,14,7,10,2,11,6,11
1,0,0,1,5,6,7,1,0,3,8,10,52,66,70,60,12,10,11,3,10,0,8,4
1,4,0,0,0,0,0,2,10,8,6,11,35,56,65,40,47,9,8,9,0,8,8,11
0,0,2,0,1,0,0,0,0,12,13,12,57,59,63,49,12,11,9,4,0,0,0,0
5,5,2,6,0,0,0,4,17,12,9,39,59,63,61,39,11,0,8,0,0,0,0,0
7,7,0,0,6,12,9,5,10,9,18,55,66,56,43,14,6,2,11,3,0,2,7,8
3,6,0,0,5,3,2,3,4,10,33,60,88,23,18,6,2,9,8,0,5,6,4,0
2,0,4,0,2,2,1,0,6,2,8,0,12,11,8,1,5,3,4,11,13,6,6,4

5,4,1,0,3,6,2,9,8,8,8,14,33,37,40,34,14,16,13,8,6,5,5,0
7,0,0,0,3,3,0,0,5,8,10,13,62,60,50,20,11,3,6,7,12,1,0,4
5,0,3,0,0,2,2,10,8,20,91,114,145,168,133,103,38,29,0,8,4,1,5,4
3,6,7,8,6,0,8,14,63,103,121,137,192,261,195,138,83,36,16,12,7,2,0,3
0,0,1,5,12,37,56,103,121,127,145,149,206,236,220,154,103,59,25,19,10,1,6,5
7,7,11,35,61,72,81,112,132,142,147,170,194,210,235,164,96,61,25,32,14,6,0,1
6,11,11,57,79,68,62,64,70,71,76,95,122,137,149,129,81,14,6,7,9,4,5,3
7,5,9,50,56,61,77,98,100,38,55,91,105,109,125,107,88,70,54,14,12,6,12,11
3,0,0,0,10,44,64,83,76,12,58,81,113,133,137,135,112,73,56,44,10,11,0,9
7,0,0,0,0,6,10,40,10,15,61,87,110,159,162,141,117,80,55,44,44,11,9,11
0,3,2,5,2,7,8,10,8,16,67,80,119,144,153,129,93,77,37,14,17,8,8,3
0,0,0,0,0,3,2,0,11,47,55,80,93,145,155,132,101,56,14,7,0,10,1,0
7,7,0,6,0,8,7,10,18,65,65,99,117,130,132,121,111,54,46,0,0,0,0,10
1,1,5,0,0,7,6,8,44,64,103,107,117,132,137,126,112,91,77,8,0,0,3,0
0,4,0,2,0,0,0,11,8,50,65,89,113,132,143,141,112,100,65,5,7,0,0,0
5,9,0,8,5,0,0,0,13,45,54,65,101,136,141,139,111,105,53,23,11,11,5,1
6,5,0,3,9,12,13,13,29,14,33,54,109,111,117,112,93,76,65,41,14,6,11,6
9,17,7,10,18,21,29,33,35,44,53,98,157,201,191,228,173,102,66,35,25,6,6,5
0,4,1,0,2,10,13,21,32,52,104,150,159,169,201,215,177,128,83,56,28,13,7,6
6,7,6,7,5,10,12,21,51,56,109,146,197,213,264,270,200,158,121,92,46,13,12,5
0,0,0,10,10,10,11,32,29,61,132,182,188,212,242,231,171,139,105,37,18,15,10,4
0,0,2,9,6,5,12,24,43,82,130,165,176,194,194,173,137,89,44,23,22,13,12,11
8,7,11,0,2,10,19,31,41,88,129,148,163,160,147,130,116,75,28,16,7,1,6,7
0,0,0,3,6,0,9,21,41,105,124,140,148,138,135,121,103,14,11,11,9,10,5,0
0,0,0,0,0,0,2,25,77,103,113,127,131,122,117,110,74,13,9,11,4,0,2,2
8,1,0,0,1,7,0,3,35,101,113,114,111,114,112,104,66,12,11,12,10,5,6,1
0,2,0,0,6,11,11,14,44,101,105,102,106,103,105,101,27,14,9,10,6,0,1,2
4,6,2,5,8,9,0,11,13,76,104,103,91,100,83,62,13,12,0,6,7,6,0,0
1,0,0,6,6,5,4,0,5,55,62,66,78,77,61,45,12,5,5,0,7,0,7,0
0,0,2,6,8,9,0,0,3,55,62,57,66,57,39,31,21,9,0,0,0,2,0,3
8,11,12,12,13,13,14,12,8,35,47,56,70,90,59,42,25,4,10,10,5,6,0,0
0,2,4,4,1,3,3,6,0,6,15,60,76,87,102,65,43,12,17,14,7,0,4,1
5,0,1,0,0,0,0,3,0,0,9,62,85,97,95,76,55,22,13,12,6,7,6,5
5,0,0,0,0,0,1,0,0,0,0,50,70,86,84,75,30,13,11,11,11,4,8,8
0,0,0,0,0,3,0,0,0,0,0,14,54,64,72,55,45,12,9,9,8,2,0,5
0,0,0,0,0,0,0,1,1,5,0,5,52,58,62,53,30,11,10,0,0,0,3,0
0,0,0,0,0,1,7,5,6,4,0,9,56,78,66,35,29,14,7,10,2,11,6,11
1,0,0,1,5,6,7,1,0,3,8,10,52,66,70,60,12,10,11,3,10,0,8,4
0,4,0,0,0,0,0,2,10,8,6,11,35,56,65,40,48,9,8,9,0,8,8,11
0,0,2,0,1,0,0,0,0,12,13,12,57,59,63,50,12,11,9,4,0,0,0,0
4,5,2,6,0,1,0,4,17,12,9,38,59,62,60,40,11,0,8,0,0,0,0,0
7,7,0,0,6,12,9,5,10,9,18,55,66,56,41,14,6,2,11,3,0,2,7,8
3,6,0,0,5,3,2,2,4,10,35,61,88,24,18,6,2,9,8,0,5,6,4,0
2,0,4,0,2,2,1,0,6,2,8,0,12,11,8,1,5,3,4,11,13,6,6,4

5,4,1,0,3,6,2,9,8,8,8,14,31,35,39,34,14,16,13,8,6,5,5,0
7,0,0,0,3,3,0,0,5,8,10,13,62,60,50,20,11,3,6,7,12,1,0,4
5,0,3,0,0,2,2,10,8,21,91,114,146,169,133,103,38,29,0,8,4,2,5,4
3,6,7,8,5,0,8,15,63,103,121,137,192,262,196,138,83,36,16,12,7,2,0,3
0,0,1,5,12,37,56,103,121,127,145,149,206,236,220,155,103,59,25,19,10,1,6,5
7,7,11,34,61,71,82,112,132,143,147,170,194,211,236,165,97,61,25,32,14,6,0,1
6,11,11,57,78,68,62,64,70,71,76,95,122,137,149,130,81,14,6,7,8,4,5,3
7,5,9,50,56,61,77,98,100,37,55,91,106,109,126,107,88,70,54,13,12,6,12,11
3,0,0,0,10,45,64,83,76,12,58,81,114,133,137,136,113,73,56,45,10,11,0,9
7,0,0,0,0,6,10,42,10,15,61,87,111,160,163,142,118,81,55,44,44,11,8,11
0,3,2,5,2,7,8,11,8,17,67,80,119,144,154,130,93,78,39,14,17,8,8,3
0,0,0,0,0,3,2,0,11,47,54,79,92,145,155,132,101,56,15,7,0,10,1,0
7,7,0,6,0,8,7,10,18,65,65,98,116,130,132,121,111,54,46,0,0,0,0,10
1,1,5,0,0,7,6,8,44,64,103,107,116,132,137,126,112,91,77,8,0,0,3,0
0,4,0,2,0,0,0,11,8,50,65,88,113,131,143,141,112,99,64,5,7,0,0,0
5,9,0,8,5,0,0,0,13,43,54,65,101,137,141,139,111,105,53,22,11,11,5,1
6,5,0,3,9,12,13,13,28,14,32,54,109,112,117,112,93,76,65,40,14,6,11,6
9,18,7,10,18,21,29,33,35,44,53,98,157,201,191,227,173,102,66,35,25,6,6,5
0,3,1,0,2,10,13,21,32,52,104,150,159,170,202,215,177,128,83,56,27,13,7,6
6,7,6,7,5,10,12,22,50,56,109,146,196,213,266,271,200,158,121,93,45,13,12,5
0,0,0,9,10,10,11,31,28,61,131,181,188,212,243,231,171,139,105,36,18,16,10,4
0,0,2,9,6,5,12,24,43,82,130,165,176,195,194,173,137,89,44,23,22,13,12,11
8,7,11,0,2,10,19,31,41,88,129,148,164,160,147,130,116,75,29,16,7,1,6,7
0,0,0,3,6,0,9,23,41,105,124,140,148,138,135,121,103,14,11,11,9,10,5,0
0,0,0,0,0,0,2,24,77,103,113,127,131,123,117,110,75,13,9,11,4,0,2,2
9,1,0,0,1,7,0,3,36,101,113,113,111,114,112,104,67,12,11,12,10,5,6,1
0,2,0,0,6,11,11,14,44,101,105,102,106,103,105,100,27,14,9,10,6,0,1,2
4,6,2,5,8,9,0,11,13,76,104,103,91,100,82,62,13,12,0,6,6,6,0,0
1,0,0,6,7,5,4,0,5,55,62,66,78,78,60,44,12,5,5,0,7,0,7,0
0,0,2,6,8,9,0,0,3,55,62,57,66,57,39,31,21,9,0,0,0,2,0,3
8,11,12,12,13,13,14,11,8,35,47,56,70,90,59,42,25,4,10,10,5,6,0,0
0,2,4,4,1,3,3,6,0,6,15,60,76,87,102,65,43,12,17,14,7,0,4,1
5,0,1,0,0,0,0,3,0,0,9,63,85,98,95,77,55,22,13,12,6,7,6,5
5,0,0,0,0,0,1,0,0,0,0,50,70,86,84,75,30,13,11,11,11,4,8,8
0,0,0,0,0,3,0,0,0,0,0,14,54,64,72,55,45,12,9,9,8,2,0,5
0,0,0,0,0,0,0,1,0,5,0,5,52,58,62,53,30,11,10,0,0,0,3,0
0,0,0,0,0,1,7,5,6,4,0,9,56,78,66,35,30,14,7,10,2,11,6,11
1,0,0,1,5,6,7,1,0,3,8,10,52,66,69,60,12,10,11,3,10,0,8,4
0,4,0,0,0,0,0,2,10,8,6,11,34,56,65,40,47,9,8,9,0,8,8,11
0,0,2,0,1,0,0,0,0,12,13,12,57,59,63,49,12,11,9,4,0,0,0,0
4,5,2,6,0,0,0,4,17,12,9,38,59,63,61,39,11,0,8,0,0,0,0,0
7,7,0,0,6,12,9,5,10,9,19,54,66,55,43,14,6,2,11,3,0,2,7,8
3,6,0,0,5,3,2,2,4,10,36,61,88,24,18,6,2,9,8,0,5,6,4,0
2,0,4,0,2,2,1,0,6,2,8,0,12,11,8,1,5,3,4,11,13,6,6,4

5,5,1,0,3,6,2,9,8,8,8,14,33,36,40,34,14,17,13,8,6,5,5,0
7,0,0,0,3,4,0,0,5,8,10,13,62,60,50,20,11,3,7,7,12,1,0,4
5,0,3,0,0,2,2,10,8,20,91,114,146,168,133,103,38,29,0,8,4,1,5,4
4,6,7,8,5,0,8,15,63,103,121,137,193,261,196,138,83,36,16,12,8,2,0,3
0,0,1,5,12,36,56,103,121,127,145,149,206,236,220,155,103,59,25,19,10,0,6,5
7,7,11,34,60,72,81,112,132,142,147,170,194,210,237,165,97,61,25,33,14,6,0,1
6,11,11,57,78,68,62,64,70,71,76,95,123,138,150,130,81,14,6,7,9,4,5,3
7,6,9,50,56,61,78,99,100,38,55,91,106,110,126,108,88,70,54,14,12,6,12,11
3,0,0,0,10,46,64,83,76,12,58,81,113,134,138,136,114,73,56,45,10,11,0,9
7,0,0,0,0,7,10,42,10,15,61,87,110,160,164,143,119,82,55,45,44,11,8,11
0,3,2,5,2,7,8,10,8,15,66,79,118,144,153,130,94,78,39,14,17,8,8,3
0,0,0,0,0,3,2,0,11,47,54,79,92,145,155,133,101,56,15,7,0,10,1,0
7,6,0,6,0,8,7,10,17,65,65,98,116,129,132,121,111,54,46,0,0,0,0,10
1,1,5,0,0,7,6,8,43,63,102,107,116,132,137,126,112,91,76,8,0,0,3,0
0,4,0,2,0,0,0,11,8,50,65,88,113,131,143,141,112,99,64,5,7,0,0,0
5,9,0,8,5,0,0,0,13,42,54,64,100,137,141,138,111,105,53,22,11,11,5,1
6,5,0,3,9,12,13,13,29,14,32,54,109,112,118,112,93,76,65,41,14,6,11,6
9,18,7,10,18,21,29,33,35,44,53,98,157,202,192,228,173,103,66,35,25,6,6,5
0,3,1,0,2,10,13,21,32,52,104,150,159,170,203,215,177,129,83,57,27,13,7,6
6,7,6,7,5,10,12,21,51,56,109,146,196,213,266,271,200,158,121,94,45,13,12,5
0,0,0,9,10,10,11,32,28,61,132,181,189,212,243,232,171,139,105,37,18,15,10,4
0,0,2,9,6,5,12,24,44,82,130,165,177,194,193,174,137,89,44,23,22,13,12,11
8,7,11,0,2,10,19,31,41,88,129,148,163,160,147,130,116,76,29,16,7,1,6,7
0,0,0,3,6,0,9,23,42,105,124,140,148,138,135,121,103,14,11,11,9,10,5,0
0,0,0,0,0,0,2,25,77,103,113,127,131,123,117,110,75,13,9,11,4,0,2,2
8,1,0,0,1,7,0,3,36,101,113,113,111,114,112,104,66,12,11,12,10,5,6,1
0,2,0,0,6,11,11,14,44,101,105,102,106,103,105,100,27,14,9,10,6,0,1,2
4,6,2,5,8,9,0,11,13,76,104,103,91,100,83,62,13,12,0,6,6,6,0,0
1,0,0,6,7,5,4,0,5,55,62,66,78,78,60,44,12,5,5,0,7,0,7,0
0,0,2,6,8,9,0,0,3,55,62,57,66,57,40,31,21,9,0,0,0,2,0,3
8,11,12,12,13,13,14,11,8,35,46,56,70,90,59,42,25,4,10,10,5,6,0,0
0,2,4,4,1,3,2,6,0,6,15,60,76,87,102,65,42,12,17,14,7,0,4,1
5,0,1,0,0,0,0,3,0,0,9,62,85,98,95,77,55,22,13,12,6,7,6,5
5,0,0,0,0,0,1,0,0,0,0,50,70,86,84,75,30,13,11,11,11,5,8,8
0,0,0,0,0,2,0,0,0,0,0,14,54,64,72,54,45,12,9,9,8,2,0,5
0,0,0,0,0,0,0,1,1,5,0,5,52,58,62,53,30,11,10,0,0,0,3,0
0,0,0,0,0,1,7,5,5,4,0,9,56,78,66,35,29,14,7,10,2,11,6,11
1,0,0,1,5,6,7,1,0,3,9,10,52,66,70,60,12,10,11,3,10,0,8,4
0,4,0,0,0,0,0,2,10,8,6,11,35,56,65,40,47,9,8,9,0,8,8,11
0,0,2,0,1,0,0,0,0,12,13,12,57,59,63,50,12,11,9,4,0,0,0,0
4,5,2,6,0,0,0,4,17,12,9,39,59,63,61,40,11,0,8,0,0,0,0,0
7,7,0,0,6,12,9,5,10,9,18,55,66,56,42,14,6,2,11,3,0,2,7,8
3,6,0,0,5,3,2,2,4,10,33,60,88,23,18,6,2,9,8,0,5,6,4,0
2,0,4,0,3,2,1,0,6,2,8,0,12,11,8,1,5,3,4,11,13,6,6,4

5,4,1,0,3,6,2,9,8,8,8,14,33,37,39,33,14,17,13,8,6,5,5,0
7,0,0,0,3,4,0,0,5,8,10,13,62,60,50,20,11,3,7,7,12,1,0,4
5,0,3,0,0,2,2,10,8,20,91,114,145,169,133,103,38,29,0,8,4,1,5,4
4,6,7,8,6,0,8,15,63,103,121,137,193,262,196,138,83,36,16,12,8,2,0,3
0,0,1,5,12,37,56,103,121,127,145,149,206,236,220,155,103,59,25,19,10,1,6,5
7,7,11,34,61,72,82,112,132,142,147,170,194,210,237,165,97,61,25,33,14,6,0,1
6,11,11,57,78,68,62,64,70,71,76,95,123,138,150,130,81,14,6,7,8,4,5,3
7,5,9,50,57,61,78,99,100,38,55,91,106,110,126,108,88,70,54,14,12,6,12,11
3,0,0,0,10,45,64,83,76,12,58,81,114,134,138,136,113,73,56,45,10,11,0,9
7,0,0,0,0,7,10,42,10,15,61,87,111,160,163,142,119,81,55,44,44,11,8,11
0,3,2,5,2,7,8,11,8,17,67,79,119,144,154,130,93,78,40,14,17,8,8,3
0,0,0,0,0,3,2,0,11,47,55,79,93,145,155,133,101,56,15,7,0,10,1,0
7,6,0,6,0,8,7,10,17,65,65,98,117,130,132,121,112,54,46,0,0,0,0,10
1,2,5,0,0,7,6,8,43,63,103,107,116,132,137,126,112,91,77,8,0,0,3,0
0,4,0,2,0,0,0,11,8,50,65,88,113,131,143,141,112,100,64,5,7,0,0,0
5,9,0,8,5,0,0,0,13,42,54,65,100,136,141,138,111,105,53,22,11,11,5,1
6,5,0,3,9,12,13,13,28,14,32,54,109,111,118,112,93,77,65,41,14,6,11,6
9,18,7,10,18,21,29,33,35,44,53,98,157,202,192,228,173,103,66,35,25,6,6,5
0,3,1,0,2,10,13,21,32,52,104,150,159,170,202,215,177,129,83,57,28,13,7,6
6,7,6,7,5,10,12,21,51,56,109,146,197,214,265,271,200,158,122,93,46,13,12,5
0,0,0,9,10,10,11,32,28,61,132,181,189,212,243,232,171,139,105,37,18,15,10,4
0,0,2,9,6,5,12,24,43,82,130,165,177,194,194,174,137,89,44,23,22,13,12,11
8,7,11,0,2,10,19,31,41,88,129,148,163,161,147,130,116,76,29,15,7,1,6,7
0,0,0,3,6,0,9,23,42,105,124,140,148,138,135,121,103,14,11,11,9,10,5,0
0,0,0,0,0,0,2,24,76,103,113,127,131,122,117,110,74,13,9,11,4,0,2,2
8,1,0,0,1,7,0,3,36,101,113,113,111,114,112,104,66,12,11,12,10,5,6,1
0,2,0,0,6,11,11,14,46,101,105,102,106,103,104,101,28,14,9,10,6,0,1,2
4,6,2,5,8,9,0,11,13,76,104,103,91,100,83,62,13,12,0,6,6,6,0,0
1,0,0,6,6,5,4,0,5,55,62,66,78,78,60,45,12,5,5,0,7,0,7,0
0,0,2,6,8,9,0,0,3,55,62,57,66,57,40,31,21,9,0,0,0,2,0,3
8,11,12,12,13,13,14,12,8,35,47,56,70,89,59,42,25,4,10,10,5,6,0,0
0,2,4,4,1,3,2,6,0,6,16,60,76,87,102,65,42,12,17,14,7,0,4,1
5,0,1,0,0,0,0,3,0,0,9,63,85,98,95,76,55,22,13,12,6,7,6,5
5,0,0,0,0,0,1,0,0,0,0,50,70,87,84,75,30,13,11,11,11,4,8,8
0,0,0,0,0,2,0,0,0,0,0,14,54,64,72,55,45,12,9,9,8,2,0,5
0,0,0,0,0,0,0,1,0,5,0,5,52,58,62,53,30,11,10,0,0,0,3,0
0,0,0,0,0,1,7,5,5,4,0,9,56,78,66,35,29,14,7,10,2,11,6,11
1,0,0,1,5,6,7,1,0,3,8,10,52,66,70,60,12,10,11,3,10,0,8,4
0,4,0,0,0,0,0,2,10,8,6,11,35,56,65,40,47,9,8,9,0,8,8,11
0,0,2,0,1,0,0,0,0,12,13,12,57,59,63,50,12,11,9,4,0,0,0,0
4,5,2,6,0,0,0,4,17,12,10,39,59,62,61,40,12,0,8,0,0,0,0,0
7,7,0,0,6,12,9,5,10,9,19,55,66,55,43,14,6,2,11,3,0,2,7,8
3,6,0,0,5,3,2,3,4,10,35,61,88,23,18,6,2,9,8,0,5,6,4,0
2,0,4,0,2,2,1,0,6,2,8,0,12,11,8,1,5,3,4,11,13,6,6,4
0,0,0,0,0,0,0,0,8,12,9,0,6,0,10,14,14,13,11,2,3,3,3,5
0,0,1,11,9,5,7,12,0,11,52,66,64,58,12,0,0,0,0,0,0,0,0,9
6,12,4,33,70,98,113,121,114,127,138,153,145,148,136,100,11,0,1,0,0,0,1,8
0,0,12,68,71,86,141,145,143,155,180,194,185,215,161,105,67,29,10,5,7,0,8,6
6,2,1,17,40,46,74,77,89,118,147,177,174,184,159,124,79,43,4,9,2,0,0,0
6,6,17,35,126,128,78,57,36,54,68,104,166,202,195,141,67,51,27,12,10,4,0,1
0,0,8,52,73,84,12,18,14,52,76,98,121,148,158,124,69,51,16,11,12,12,9,9
12,14,13,14,13,21,13,53,56,58,68,91,125,158,139,120,79,51,14,4,0,0,0,2
3,0,0,0,7,10,13,13,56,66,84,126,156,154,149,111,64,43,6,6,8,0,0,0
5,4,0,1,12,12,12,41,54,68,102,129,172,170,149,118,71,54,1,9,4,5,0,0
0,0,0,1,10,12,13,37,55,65,87,113,150,185,164,135,93,57,11,5,10,0,0,0
0,0,6,0,5,7,10,31,60,73,98,116,149,176,163,141,107,54,20,4,1,0,0,0
0,0,0,0,6,5,11,14,71,101,105,111,126,140,142,136,106,57,46,14,9,3,0,1
0,0,0,0,4,0,5,14,95,105,107,108,115,130,125,125,116,90,54,34,12,5,0,0
0,0,0,5,0,0,0,13,51,104,105,107,100,90,75,97,115,70,52,46,11,9,1,0
0,2,5,5,0,0,7,11,48,65,85,83,73,69,72,105,115,72,75,53,14,2,5,9
3,6,5,0,5,2,8,10,13,54,57,72,64,63,72,112,134,113,83,45,13,8,7,9
7,9,9,8,8,10,12,13,22,33,46,52,65,107,181,196,152,114,72,43,29,28,23,12
8,9,7,5,7,2,7,9,11,14,14,58,104,126,162,154,175,145,111,73,11,11,10,3
9,4,0,4,5,11,13,12,10,13,53,102,120,160,172,202,199,134,110,68,35,25,11,7
10,6,5,5,12,10,12,13,27,11,58,110,147,198,186,188,201,155,72,39,24,18,10,6
5,8,9,9,13,12,14,22,19,14,43,109,205,188,208,207,189,141,102,50,15,10,6,2
0,1,3,1,8,8,7,23,13,30,48,104,200,211,203,205,177,125,60,32,20,13,8,3
2,6,10,12,12,7,11,8,6,12,57,108,155,185,173,174,142,114,52,19,9,2,0,7
9,9,0,9,12,10,12,13,14,13,71,111,144,157,153,149,125,101,35,5,4,4,4,0
10,12,5,4,11,11,12,10,10,13,64,103,127,135,138,132,111,98,35,12,6,0,5,9
3,8,0,9,8,10,1,3,10,9,53,100,118,127,131,117,102,68,13,12,7,0,0,1
9,3,1,0,5,0,0,7,10,10,40,64,119,126,123,112,70,70,12,11,6,5,0,4
8,0,0,0,0,6,17,12,12,1,13,52,80,89,89,108,102,66,9,13,2,4,0,0
2,0,3,10,10,14,19,12,13,17,14,25,55,126,141,116,97,51,10,11,0,0,0,0
1,5,9,11,9,4,0,5,12,14,12,26,42,77,104,83,58,53,31,12,5,0,0,0
1,1,0,1,6,6,9,4,7,9,7,10,14,54,93,74,64,56,35,10,10,5,0,0
3,2,0,4,7,7,8,4,6,0,0,7,4,21,62,83,69,55,46,2,0,0,0,5
8,8,2,0,6,9,7,7,6,3,6,0,0,13,56,86,78,54,19,0,0,0,0,0
5,6,0,2,1,6,7,11,10,5,0,1,9,11,64,74,59,50,0,0,0,0,0,0
0,1,0,4,3,10,5,1,4,5,7,0,5,11,50,56,52,12,0,0,0,0,0,0
0,0,10,9,5,7,1,7,4,9,9,9,11,8,27,63,54,11,0,0,4,0,0,0
0,2,4,9,6,9,0,6,7,8,10,9,12,13,31,59,53,10,10,8,0,0,0,0
0,6,10,1,9,10,8,7,8,6,9,12,17,11,23,58,51,3,0,0,0,0,0,0
0,0,2,2,2,3,1,3,4,6,4,12,20,14,35,63,55,12,0,6,0,0,0,0
0,0,0,0,0,0,0,2,0,4,12,14,13,32,55,67,41,13,7,6,4,0,0,0
2,0,1,0,3,10,0,0,5,10,12,14,17,54,58,58,42,14,10,4,7,0,6,4
0,7,8,3,0,4,10,1,1,17,13,21,56,68,68,51,14,0,0,8,1,0,6,7
6,8,4,10,5,0,3,7,3,9,14,34,60,67,53,13,12,6,0,2,1,0,0,4

0,0,0,0,0,0,0,0,8,12,9,0,7,0,10,14,16,13,11,2,4,3,4,5
0,0,2,11,9,5,7,12,0,11,52,65,63,56,12,0,0,0,0,0,0,0,1,9
7,11,5,39,71,98,113,121,114,127,138,152,144,147,134,98,9,0,1,0,0,0,2,8
0,0,12,67,70,86,141,146,143,155,180,192,185,215,159,104,65,25,9,5,7,0,8,6
8,4,11,21,40,47,78,78,90,118,147,176,174,184,158,123,78,42,4,9,2,0,0,0
8,6,20,37,134,137,81,60,37,55,68,105,166,200,193,140,67,51,27,11,10,4,0,1
0,0,10,57,78,88,13,24,21,53,76,98,120,147,157,124,70,52,16,11,11,12,9,10
12,14,14,14,25,34,19,52,56,58,68,91,125,158,139,120,79,51,14,4,0,0,0,2
4,3,0,0,6,12,13,14,56,65,83,125,155,154,149,111,64,46,6,5,8,0,0,0
5,4,0,2,12,13,13,41,54,68,101,128,171,170,148,117,71,55,1,9,4,5,0,0
1,0,0,1,10,12,13,37,54,65,86,113,151,185,164,134,93,57,10,5,9,0,0,0
0,0,6,0,6,7,10,30,58,72,96,116,150,176,162,141,106,54,19,4,0,0,0,0
0,0,0,0,6,5,11,14,68,101,105,111,127,140,142,136,105,57,48,14,8,3,0,0
0,0,0,0,4,0,4,13,89,104,106,108,115,130,125,125,116,88,54,33,11,4,0,0
0,0,0,5,0,0,0,11,48,103,104,106,99,90,75,96,114,69,52,47,11,8,0,0
0,2,5,4,0,0,6,11,42,64,84,82,73,69,72,106,115,70,75,53,14,2,5,9
3,6,5,0,5,2,8,10,13,54,57,71,64,63,73,114,134,112,84,46,13,8,7,9
7,9,9,9,8,10,12,13,22,31,45,51,65,109,190,199,151,113,70,43,29,28,22,12
8,9,8,5,7,2,7,9,11,14,14,59,104,127,162,153,174,144,111,73,12,12,10,3
9,4,1,4,5,11,13,12,10,13,53,103,121,161,171,201,198,133,109,68,37,25,11,7
10,6,5,5,12,10,12,13,29,11,58,110,148,199,186,188,200,154,72,39,24,18,10,6
6,8,9,9,13,11,14,22,19,14,44,110,206,188,208,207,188,141,102,50,15,10,6,2
0,1,4,2,8,8,7,24,13,30,49,104,201,211,203,205,177,124,60,32,20,13,8,3
2,6,10,12,12,7,12,9,6,12,58,108,156,185,173,175,141,114,53,19,9,2,0,7
9,9,0,9,12,11,12,13,14,13,72,111,145,158,153,149,125,101,35,6,4,4,4,0
10,12,5,4,11,11,12,10,10,13,64,103,127,135,139,133,111,98,35,12,6,0,5,9
3,8,0,9,8,10,1,3,10,9,53,100,118,127,132,118,102,68,13,12,7,0,0,0
9,3,1,0,5,0,0,7,10,10,45,64,119,126,123,113,69,70,12,11,6,5,0,4
8,0,0,0,0,5,18,12,12,1,13,52,80,88,89,108,102,66,9,12,2,4,0,0
2,0,2,10,11,13,20,12,13,16,15,24,55,125,143,117,96,50,10,11,0,0,0,0
1,5,9,11,9,4,0,5,12,14,12,26,42,76,104,83,58,53,30,12,5,0,1,0
1,1,0,1,6,6,9,4,7,9,8,10,14,52,93,74,63,56,31,10,10,5,0,0
3,2,0,4,7,7,8,3,6,0,0,7,4,20,61,82,68,55,42,0,0,0,0,5
8,8,2,0,6,9,7,7,6,3,6,0,0,13,56,85,77,53,15,0,0,0,0,0
5,6,0,2,1,6,7,11,10,5,0,1,9,11,64,74,58,50,0,0,0,0,0,0
0,1,0,4,3,10,6,1,4,5,7,0,5,11,50,56,52,11,0,0,0,0,0,0
0,0,10,9,5,7,1,7,4,9,9,9,11,9,26,62,53,10,0,0,3,0,0,0
0,2,4,9,6,9,0,6,7,8,11,9,12,13,31,59,53,9,9,7,0,0,0,0
0,6,10,1,9,10,8,7,8,6,9,12,19,11,26,58,50,2,0,0,0,0,0,0
0,0,2,2,2,3,2,3,4,6,4,13,22,15,37,63,54,11,0,6,0,0,0,0
0,0,0,0,0,0,0,2,0,4,12,14,14,36,56,67,40,13,7,6,4,0,0,0
2,0,1,0,3,10,0,0,4,10,12,14,26,54,58,58,42,14,10,4,8,0,6,4
0,7,8,3,0,4,10,1,2,18,14,31,58,69,68,51,14,0,0,8,1,0,6,7
6,8,4,10,5,0,3,7,3,9,15,41,63,69,54,13,12,6,0,2,1,0,0,5

0,1,0,0,0,0,1,0,8,13,9,0,7,0,11,14,16,13,11,2,4,3,4,5
0,0,2,11,9,5,7,12,0,11,52,66,63,55,11,0,0,0,0,0,0,0,1,9
7,11,6,43,71,98,113,121,114,127,138,152,144,146,133,98,9,0,1,0,0,0,3,8
0,0,12,67,70,86,141,146,143,155,180,192,184,214,158,104,65,25,9,5,7,0,8,6
9,6,12,22,39,47,78,78,90,119,147,176,173,184,157,122,77,42,4,9,2,0,0,0
8,7,21,39,136,139,81,61,38,55,69,105,166,199,191,139,67,51,25,11,10,4,0,2
0,0,10,60,81,90,13,25,24,53,77,99,120,146,156,123,69,51,15,11,11,12,10,10
13,14,15,22,36,39,32,52,56,58,68,91,124,158,138,119,79,51,14,4,0,0,0,2
5,5,0,0,6,13,13,14,56,66,84,126,155,152,147,109,64,46,6,5,8,0,0,0
5,5,0,3,12,14,13,40,54,68,102,129,171,168,146,116,70,54,0,9,4,4,0,0
1,0,0,1,10,12,13,38,55,65,88,115,154,185,162,133,92,57,10,4,9,0,0,0
0,0,6,0,6,8,10,33,60,73,100,118,152,177,162,140,106,54,17,2,0,0,0,0
0,0,0,0,6,5,11,14,72,101,106,112,128,141,142,136,105,57,48,14,8,3,0,0
0,0,0,0,4,0,5,14,95,105,107,108,115,131,125,124,116,87,54,35,11,4,0,0
0,0,0,5,0,0,0,13,53,104,105,107,100,91,76,96,114,69,52,47,10,8,0,0
0,2,5,4,0,0,7,12,50,65,86,83,74,70,72,105,115,70,75,54,14,1,5,9
3,6,5,0,5,2,9,10,13,54,57,73,65,63,73,113,133,112,83,48,13,8,7,9
7,9,9,8,8,10,12,13,23,33,46,52,66,110,188,195,149,112,70,43,30,28,22,12
8,9,8,5,7,2,7,10,12,14,15,59,104,127,161,152,173,144,111,73,12,12,10,2
9,4,1,4,5,11,13,12,10,13,53,103,122,161,170,200,197,133,109,68,38,25,11,7
10,6,5,5,12,10,12,13,29,11,58,111,149,198,185,187,199,154,71,40,25,18,9,6
6,9,9,9,13,12,14,22,18,14,44,110,206,188,207,206,187,140,102,51,16,10,6,2
0,1,4,2,8,8,7,24,13,30,49,105,201,211,202,204,176,124,59,32,19,13,8,3
2,6,10,12,12,7,12,9,6,12,59,108,156,185,173,175,141,114,54,20,8,2,0,7
9,9,0,9,12,11,12,13,14,13,70,111,145,158,154,149,125,101,39,5,4,4,4,0
10,12,5,4,11,11,12,10,10,13,66,103,127,135,139,133,111,100,38,12,6,0,5,9
3,8,0,9,8,10,1,3,10,9,53,100,118,127,132,118,102,67,13,12,7,0,0,0
9,3,1,0,5,0,0,7,10,10,44,64,119,127,123,113,69,70,12,11,6,5,0,4
8,0,0,0,0,5,19,12,12,1,13,52,80,88,89,108,102,66,9,12,2,4,0,0
2,0,2,10,11,14,20,12,13,16,14,25,55,124,143,118,97,51,10,11,0,0,0,0
1,5,9,11,9,4,0,5,12,14,12,26,41,75,105,84,58,53,30,12,5,0,1,0
1,1,0,1,6,6,9,4,7,9,8,10,14,52,93,74,63,56,33,10,10,5,0,0
3,2,0,4,7,7,8,4,6,0,0,7,4,19,61,82,68,55,43,0,0,0,0,5
8,8,2,0,6,9,7,7,6,3,6,0,0,13,56,86,77,54,16,0,0,0,0,0
5,6,0,2,1,6,7,11,10,5,0,1,9,11,64,74,58,50,0,0,0,0,0,0
0,1,0,4,3,10,6,2,4,5,7,0,5,11,50,56,52,11,0,0,0,0,0,0
0,0,10,9,5,7,1,7,4,9,9,9,11,9,28,62,53,11,0,0,2,0,0,0
0,2,4,9,6,9,0,6,7,8,11,9,12,13,33,59,53,9,9,7,0,0,0,0
0,6,10,1,9,10,8,7,8,6,9,12,19,11,27,58,50,2,0,0,0,0,0,0
0,0,2,2,2,3,2,4,4,6,3,13,22,15,37,63,55,12,0,6,0,0,0,0
0,0,0,0,0,0,0,2,0,5,12,14,14,36,56,67,40,13,7,7,4,0,0,0
2,0,1,0,3,10,0,0,4,10,12,15,30,54,59,58,42,14,10,4,8,0,6,4
0,7,8,3,0,4,10,1,2,18,14,33,58,70,68,51,14,0,1,8,1,0,6,7
6,8,4,10,5,0,3,7,3,9,16,41,63,70,54,13,12,6,0,2,1,0,0,5

0,2,0,0,0,0,1,0,8,13,9,0,7,0,11,14,16,13,11,2,4,3,4,5
0,0,3,11,9,5,7,12,0,11,52,66,63,55,11,0,0,0,0,0,0,0,1,9
8,11,7,46,71,99,114,121,115,127,138,153,145,146,133,98,9,0,1,0,0,0,3,8
0,0,12,67,70,86,141,146,143,156,180,193,185,214,159,104,65,25,9,5,7,0,8,6
9,6,13,22,39,47,78,79,90,119,148,176,174,184,157,122,77,41,4,9,2,0,0,0
9,7,21,39,136,138,80,61,38,56,69,106,166,198,190,138,67,51,25,11,10,4,0,2
0,0,10,60,80,88,13,25,25,53,77,99,120,146,154,122,69,51,15,10,11,12,10,10
13,15,15,21,31,36,34,52,56,59,68,91,125,158,137,119,78,51,14,4,0,0,0,2
5,5,0,0,6,13,13,14,56,66,85,127,156,151,145,108,63,43,6,5,7,0,0,0
5,5,0,4,12,14,13,42,55,69,104,133,174,168,144,113,69,54,0,8,4,4,0,0
1,0,0,1,11,12,14,41,55,66,90,119,158,185,161,130,90,57,9,2,9,0,0,0
0,0,6,0,6,8,11,37,62,75,101,121,156,180,162,139,106,54,14,1,0,0,0,0
0,0,0,0,7,6,11,16,73,102,106,114,130,142,143,136,104,57,46,14,7,2,0,0
0,0,0,0,5,0,6,21,100,105,107,109,116,131,126,125,115,87,54,34,11,4,0,0
0,0,0,5,0,0,0,14,55,104,106,108,101,92,76,96,114,68,52,47,10,8,0,0
0,2,5,4,0,0,7,12,51,66,87,85,74,70,72,105,114,69,75,54,14,1,5,9
3,6,5,0,5,2,9,10,14,55,57,74,65,63,72,109,131,112,82,47,13,7,7,9
7,9,9,8,8,10,13,13,24,35,47,52,67,109,181,189,148,111,69,43,30,28,21,12
8,9,8,5,8,2,7,10,12,14,19,60,104,127,159,150,172,143,110,72,12,12,10,2
9,4,1,4,5,11,13,12,10,13,53,103,122,160,169,199,196,133,109,68,39,25,11,7
10,6,5,5,12,10,12,13,29,11,58,111,148,198,185,186,198,153,71,39,25,17,9,6
6,9,9,9,13,12,14,22,18,14,44,110,206,188,207,205,186,140,102,51,16,10,6,2
0,1,4,2,8,8,7,24,13,29,48,105,201,210,201,204,175,124,59,32,20,13,8,3
2,6,10,12,12,7,12,9,6,12,59,109,157,185,173,175,141,114,56,21,8,2,0,7
9,9,0,9,12,11,12,13,14,13,71,111,145,158,153,149,125,101,40,5,4,4,4,0
10,12,5,4,11,11,12,10,10,13,65,103,127,135,139,133,111,100,38,12,6,0,5,9
3,8,0,9,8,10,2,3,10,9,53,100,118,127,132,118,102,68,14,12,7,0,0,1
9,3,1,0,5,0,0,7,10,10,44,64,119,127,123,113,69,70,13,11,6,5,0,4
8,0,0,0,0,5,17,12,12,2,13,52,80,88,89,108,102,66,9,12,2,4,0,0
3,0,2,10,11,13,19,12,13,17,15,25,55,124,144,119,98,51,10,11,0,0,0,0
1,5,9,11,9,4,0,5,12,14,12,26,41,76,105,84,58,53,31,12,5,0,1,0
1,1,0,1,6,6,9,4,7,9,8,10,14,52,94,74,63,56,33,10,10,5,0,0
3,2,0,4,7,7,8,4,6,0,1,7,4,21,61,83,68,55,43,0,0,0,0,5
8,8,2,0,6,9,7,7,6,3,7,1,0,13,57,86,77,54,15,0,0,0,0,0
4,6,0,2,1,6,7,11,10,5,0,1,9,11,64,75,58,50,0,0,0,0,0,0
0,1,0,4,3,10,6,2,4,5,7,0,5,11,50,56,52,11,0,0,0,0,0,0
0,0,10,9,5,7,1,7,4,9,9,9,11,9,28,62,53,11,0,0,2,0,0,0
0,2,4,9,6,9,0,6,7,8,11,9,12,13,35,60,53,9,9,7,0,0,0,0
0,6,10,1,9,10,8,7,8,6,8,12,19,12,30,58,50,3,0,0,0,0,0,0
0,0,2,2,2,3,2,4,4,5,3,13,24,15,39,64,55,12,0,6,0,0,0,0
0,0,0,0,0,0,0,1,0,5,12,15,14,38,56,68,42,13,7,7,5,0,0,0
2,0,1,0,3,10,0,0,4,10,11,17,36,55,59,59,44,14,10,4,8,0,6,4
0,7,8,3,0,4,10,2,2,18,14,36,60,72,70,51,14,0,1,9,2,0,6,7
6,8,4,10,5,0,3,7,3,9,17,46,68,74,55,13,12,7,0,2,1,0,0,5

0,0,0,0,0,0,0,0,7,12,9,0,7,0,10,14,14,13,11,2,4,3,4,6
0,0,3,14,11,8,8,14,5,12,53,64,60,53,10,0,0,0,0,0,0,0,2,9
2,14,30,57,99,115,132,141,123,133,140,153,145,147,132,93,8,0,1,0,0,0,4,8
3,4,45,105,96,108,170,167,154,164,186,195,180,189,144,94,54,17,9,4,8,0,9,6
3,7,4,15,32,38,84,86,98,123,153,179,173,175,145,118,73,25,2,8,1,0,0,0
3,0,8,19,49,67,66,54,39,56,72,112,179,213,191,133,64,48,22,11,10,5,0,2
0,0,10,10,8,9,10,13,24,53,81,104,127,154,160,120,66,50,14,10,11,12,10,10
13,13,12,9,2,4,11,51,57,61,72,98,133,164,140,120,78,51,14,4,0,0,0,2
9,7,0,0,4,2,15,46,58,69,90,135,163,158,148,109,63,46,6,3,8,0,0,0
7,6,5,5,12,12,11,50,56,71,109,139,179,171,145,114,69,53,1,9,3,5,0,0
1,0,0,3,10,11,14,46,57,68,98,127,166,186,160,129,89,56,8,1,9,0,0,0
0,0,8,0,7,9,11,40,63,76,104,125,158,181,161,138,105,54,13,1,0,0,0,0
0,0,0,0,9,8,11,15,73,102,107,115,131,141,143,136,104,56,44,13,5,3,0,0
0,0,0,0,3,0,9,15,100,105,107,110,117,132,126,124,115,85,54,30,11,4,0,0
0,0,0,5,0,0,0,14,55,104,106,108,101,93,76,95,113,68,52,45,10,7,0,0
0,2,6,6,0,0,7,13,51,66,87,85,75,70,72,104,113,68,74,53,13,1,6,9
3,6,5,0,6,3,8,9,13,55,57,73,65,63,72,108,129,111,80,45,13,7,7,9
7,9,9,8,8,10,13,13,24,36,47,52,67,109,181,187,145,109,68,43,29,28,21,12
8,9,8,5,7,2,7,10,12,14,16,59,104,127,158,149,169,142,110,71,12,12,10,2
9,4,1,4,5,11,13,12,10,13,53,103,121,160,169,197,193,131,109,68,38,25,11,7
10,6,5,5,12,10,12,13,27,11,58,111,148,197,183,185,196,151,71,40,25,17,9,6
6,9,9,9,13,12,14,22,18,14,43,110,205,186,205,204,184,139,101,51,14,10,5,1
0,1,4,2,8,8,7,24,13,29,48,105,200,209,199,202,173,123,59,32,19,13,8,3
2,6,10,12,12,7,11,9,6,12,59,109,157,185,172,174,141,113,57,19,8,2,0,7
9,9,0,9,12,10,12,13,14,13,71,111,145,159,154,150,125,101,43,5,3,4,4,0
10,12,5,5,11,11,12,10,10,13,65,103,127,136,139,133,111,100,39,12,5,0,5,9
3,8,0,9,8,10,2,4,10,9,54,100,119,128,133,118,102,71,14,12,7,0,0,1
9,3,1,0,5,0,0,7,10,10,47,64,119,127,124,114,69,70,13,11,6,5,0,4
8,0,0,0,0,5,17,12,12,2,13,52,80,89,90,108,102,67,9,13,2,3,0,0
3,0,2,10,11,13,19,12,13,17,15,25,55,124,145,120,99,51,10,11,0,0,0,0
1,5,9,11,9,5,0,6,12,14,12,26,42,76,106,86,58,53,31,12,5,0,1,0
1,1,0,1,6,6,9,4,7,9,8,10,14,52,95,75,63,56,34,10,10,5,0,0
3,2,0,4,7,7,8,4,6,0,1,8,4,23,61,83,69,55,44,0,0,0,0,5
8,8,2,0,6,9,7,7,7,3,7,1,0,13,57,87,78,54,16,0,0,0,0,0
4,6,0,2,1,6,7,11,10,5,0,1,9,11,65,75,59,50,0,0,0,0,0,0
0,1,0,4,3,10,6,2,5,5,7,0,5,11,50,57,52,12,0,0,0,0,0,0
0,0,10,8,5,7,1,7,4,9,9,10,11,9,30,63,54,11,0,0,2,0,0,0
0,2,4,9,6,9,0,6,8,8,11,8,12,13,34,60,53,10,10,7,0,0,0,0
0,6,10,1,9,10,8,7,8,7,7,13,20,12,30,58,51,3,0,0,0,0,0,0
0,0,2,2,2,3,2,4,5,5,3,13,24,16,39,64,55,12,0,6,0,0,0,0
0,0,0,0,0,0,0,1,0,6,12,16,16,40,56,68,42,14,7,7,5,0,0,1
2,0,1,0,3,10,0,0,4,10,11,16,39,55,59,59,44,14,10,4,8,0,6,4
0,7,8,3,0,4,10,2,2,18,14,43,61,73,70,51,14,0,2,9,2,0,6,7
6,8,4,10,5,0,3,8,3,9,18,50,70,75,55,13,12,7,0,2,1,0,0,5

0,2,0,0,0,0,0,0,7,12,9,0,7,0,11,14,18,13,11,3,4,4,4,6
2,0,3,14,12,7,6,13,3,12,53,64,61,54,11,0,0,0,0,0,0,0,2,9
4,14,22,53,89,112,127,136,122,132,140,154,147,149,133,96,9,0,1,0,0,0,4,8
6,5,38,100,102,113,173,165,153,163,186,196,177,177,140,98,60,18,8,4,8,0,9,6
2,3,3,14,32,39,81,88,99,123,156,182,175,174,146,120,76,37,2,9,2,0,0,0
2,0,0,12,20,9,13,49,39,55,72,115,185,225,202,133,64,49,23,11,10,4,0,2
0,0,4,6,1,0,0,8,13,51,83,106,129,160,166,119,66,51,14,10,11,12,10,10
12,12,11,9,1,1,9,47,55,61,73,101,136,166,142,121,79,51,14,4,0,0,0,2
9,7,0,0,3,0,25,50,58,69,93,138,168,161,151,110,64,50,6,3,9,0,0,0
8,7,5,5,12,11,11,50,56,72,111,143,182,174,147,115,70,54,3,9,3,5,0,0
2,1,0,5,10,11,14,48,57,68,100,130,168,187,161,130,90,56,8,4,9,0,0,0
0,0,9,0,7,10,11,40,63,77,104,126,158,181,162,139,105,54,13,3,0,0,0,0
0,0,0,1,10,9,11,17,73,102,107,115,132,142,143,136,104,56,40,13,4,3,0,0
0,0,0,0,4,0,10,14,98,105,107,109,117,132,126,124,115,84,53,26,10,4,0,0
0,0,0,6,0,0,0,13,54,104,105,107,101,92,75,94,113,67,51,42,10,7,0,0
0,2,6,6,0,0,6,12,50,65,86,84,74,69,72,103,112,67,71,52,13,1,6,9
4,7,6,0,6,3,8,9,13,54,57,73,65,63,73,108,126,109,76,43,12,7,7,9
7,9,9,9,8,10,13,13,24,35,46,52,67,112,193,185,140,105,64,42,29,27,20,12
8,9,8,5,8,3,7,10,12,14,17,59,105,128,160,148,163,138,108,68,12,12,10,2
9,4,1,4,5,11,13,12,11,14,53,103,122,162,170,197,187,125,107,66,35,22,10,6
10,6,5,5,12,10,12,13,29,11,62,111,149,198,185,185,190,145,67,38,24,17,9,6
6,9,9,9,13,12,14,22,18,14,45,111,207,186,205,204,180,135,99,49,14,10,5,1
0,1,4,2,8,8,7,24,13,29,49,106,201,209,199,201,170,120,54,31,18,12,8,3
2,6,10,12,12,7,11,9,6,12,62,109,158,185,173,174,140,111,43,20,8,3,0,7
9,9,0,9,12,10,12,13,14,14,73,111,146,160,155,151,125,100,24,4,3,4,4,0
10,12,5,5,11,11,12,11,10,12,67,103,128,136,140,134,111,93,32,11,5,0,5,10
3,8,0,9,8,10,2,4,11,9,54,100,119,129,134,119,102,65,14,12,7,0,0,1
9,3,1,0,5,0,0,7,10,10,50,64,120,129,126,115,68,69,12,10,6,5,0,5
8,0,0,0,0,6,17,12,12,2,14,52,82,93,95,109,102,66,9,13,2,4,0,0
3,0,2,10,11,13,19,13,14,18,17,26,56,130,156,123,95,50,10,11,0,0,0,0
1,5,9,11,9,5,0,6,12,14,13,28,42,81,111,87,57,52,30,11,4,1,3,0
1,1,0,1,6,6,9,4,7,9,9,11,19,52,99,75,62,55,28,10,10,5,0,0
3,2,0,4,7,7,8,4,7,0,2,8,4,24,62,83,67,54,37,0,0,0,0,5
8,8,2,0,6,9,7,7,7,3,7,0,0,13,57,87,77,53,14,0,0,0,0,0
4,6,0,2,1,6,7,11,10,5,0,1,9,11,66,76,58,47,0,0,0,0,0,0
0,1,0,4,3,10,6,2,5,5,7,0,5,11,50,57,52,11,0,0,0,0,0,0
0,0,10,9,5,7,1,7,4,9,9,9,11,10,31,63,53,10,0,0,2,0,0,0
0,2,4,9,6,9,0,6,7,8,10,9,12,13,38,60,53,9,9,7,0,0,0,0
0,6,10,1,9,10,8,7,8,5,9,14,20,12,33,59,50,2,0,0,0,0,0,0
0,0,2,2,2,3,2,4,4,3,4,14,26,16,41,64,55,11,0,6,0,0,0,0
0,0,0,0,0,0,0,0,0,5,11,16,19,42,57,69,42,13,7,7,5,0,0,1
2,0,1,0,3,10,0,0,4,10,11,15,46,55,60,59,43,14,10,4,8,0,6,4
0,7,8,3,0,4,10,2,2,18,14,45,64,76,70,51,14,0,2,9,2,0,6,7
6,8,4,10,5,0,3,8,3,10,19,50,74,77,55,14,13,7,0,2,1,0,0,5

0,3,1,0,0,0,0,0,7,12,9,0,7,0,11,14,19,13,12,3,4,4,5,6
3,0,4,14,12,10,9,17,13,14,55,66,62,55,11,0,0,0,0,0,0,0,2,10
4,14,27,58,102,119,135,148,127,135,142,159,152,152,134,98,10,0,1,0,0,0,4,8
6,5,30,91,100,110,169,165,154,164,186,197,180,183,142,100,65,22,8,4,8,0,8,6
2,2,2,13,30,39,82,90,102,124,152,177,170,172,148,123,80,50,3,9,2,0,0,0
1,0,0,11,15,9,13,47,39,54,71,109,173,208,193,138,67,50,24,11,10,4,0,2
0,0,3,6,1,0,0,9,13,46,80,102,124,151,158,121,68,51,14,10,11,12,10,10
12,12,10,8,0,1,8,37,55,60,71,96,130,160,140,121,81,52,14,4,0,0,0,2
9,7,0,0,3,0,23,48,57,68,88,134,163,157,150,111,65,50,6,4,8,0,0,0
8,7,4,5,12,11,11,49,56,70,108,139,181,174,148,117,71,55,2,8,3,5,0,0
2,1,0,5,11,11,14,46,56,67,97,127,168,190,165,133,92,57,9,3,9,0,0,0
0,0,9,0,7,10,11,38,62,75,103,125,159,183,164,140,106,55,14,4,0,0,0,0
0,0,0,1,11,9,11,15,72,102,106,115,132,142,144,137,104,57,45,13,4,3,0,0
0,0,0,0,4,0,10,14,96,105,107,109,117,131,126,124,115,84,53,29,10,4,0,0
0,0,0,6,0,0,0,13,52,104,105,107,100,91,75,95,113,67,52,45,10,7,0,0
0,2,6,7,0,0,6,12,50,65,85,84,74,69,72,103,111,67,72,52,12,1,5,9
4,7,6,0,6,3,8,9,13,54,57,73,65,63,74,109,126,109,76,44,12,7,7,9
7,9,9,9,9,11,13,13,24,34,46,52,67,113,196,186,140,104,64,43,29,27,20,12
8,9,8,5,7,3,7,10,12,14,17,60,105,128,159,147,163,139,108,69,12,12,10,2
9,4,2,5,5,11,13,12,10,13,54,104,123,162,169,195,186,126,107,66,36,23,10,6
10,6,5,5,12,10,12,13,30,11,62,111,149,198,184,185,190,145,67,38,24,17,9,5
6,9,9,9,13,12,14,22,18,14,45,111,207,186,205,203,180,135,99,50,14,10,5,1
0,1,4,2,8,8,7,23,13,29,49,106,201,209,199,202,169,119,54,31,17,12,8,3
2,6,11,12,12,7,11,9,6,12,62,109,158,185,173,175,140,111,45,19,8,3,0,7
9,9,0,9,12,10,12,13,14,14,73,111,146,160,155,151,125,100,27,3,3,4,4,0
10,12,5,5,11,11,12,11,10,12,66,103,128,137,141,135,111,95,39,11,4,0,5,10
3,8,1,9,8,10,2,4,11,10,54,100,120,130,135,120,102,65,14,12,7,0,0,1
9,3,0,0,5,0,0,6,9,11,50,64,121,131,128,116,68,68,12,10,6,5,0,5
8,0,0,0,0,6,14,12,12,2,14,53,84,97,98,109,102,66,10,13,2,3,0,0
3,0,2,10,11,13,19,13,14,19,19,26,57,140,166,125,95,42,10,11,0,0,0,0
1,5,9,11,9,5,0,6,12,15,13,28,44,88,116,88,57,51,31,11,4,2,5,0
1,1,0,1,6,7,9,4,7,9,10,12,25,56,100,75,61,55,23,10,10,4,0,0
3,3,0,4,7,7,9,4,7,0,2,9,5,26,62,82,67,54,34,0,0,0,0,5
8,7,2,0,6,9,7,7,6,3,6,0,0,13,58,87,76,53,13,0,0,0,0,0
4,6,0,2,0,6,7,11,9,5,0,0,9,11,67,76,58,42,0,0,0,0,0,0
0,1,0,4,3,10,6,1,5,4,7,0,5,12,50,57,52,10,0,0,0,0,0,0
0,0,10,8,5,7,1,7,3,8,8,9,11,11,32,63,53,9,0,0,2,0,0,0
0,2,4,9,6,9,0,6,7,7,11,9,12,13,38,60,52,8,9,7,0,0,0,0
0,6,10,1,9,10,7,6,8,6,11,15,21,12,34,58,50,0,0,0,0,0,0,0
0,0,2,2,1,3,2,4,4,3,6,14,26,17,42,64,54,11,0,6,0,0,0,0
0,0,0,0,0,0,0,0,0,4,12,16,20,43,57,68,40,13,7,7,4,0,0,1
2,0,1,0,3,10,0,0,4,9,10,14,46,56,60,59,42,14,10,4,8,0,6,4
0,7,8,3,0,4,10,2,3,18,14,45,65,77,70,52,14,0,2,9,2,0,6,7
6,8,4,10,6,0,3,8,3,10,19,50,75,79,56,14,13,7,0,2,1,0,0,5

0,2,0,0,0,0,0,0,7,13,9,0,7,0,11,14,18,13,11,3,4,4,4,6
4,0,4,14,12,10,10,19,15,14,56,69,65,56,12,0,0,0,0,0,0,0,2,10
4,14,25,59,103,121,137,151,129,136,143,160,152,154,138,100,11,1,1,0,0,0,4,8
5,4,21,82,94,107,166,164,155,165,188,198,184,198,148,100,61,21,9,5,8,0,9,7
1,1,0,12,26,37,81,90,103,125,153,177,170,174,148,121,78,42,3,9,1,0,0,0
0,0,0,9,10,10,20,46,40,55,73,111,170,201,187,138,67,50,23,11,10,5,0,2
0,0,2,6,1,0,1,9,14,51,82,103,123,148,152,120,68,51,14,10,11,12,10,10
12,12,9,8,0,1,8,43,57,61,72,97,129,158,138,120,79,51,14,4,0,0,0,2
9,6,0,0,2,0,23,50,59,69,91,137,165,155,147,109,64,50,6,4,8,0,0,0
7,7,4,4,12,11,11,50,57,72,112,146,186,175,145,114,70,54,1,8,3,5,0,0
2,1,0,4,11,11,14,50,57,69,101,132,176,194,165,131,90,56,8,3,9,0,0,0
0,0,9,0,7,10,12,42,64,77,106,130,167,188,167,141,106,54,13,5,0,0,0,0
0,0,0,1,11,10,11,21,75,102,107,118,137,145,145,137,104,57,35,12,4,3,0,0
0,0,0,0,4,0,10,16,100,105,108,110,118,133,127,125,115,84,53,22,10,4,0,0
0,0,0,6,0,0,0,14,55,104,105,108,101,93,76,94,112,66,51,40,9,7,0,0
0,2,6,7,0,0,6,13,51,65,87,85,75,70,72,102,110,66,71,52,12,0,5,9
4,7,6,0,6,3,7,8,13,54,57,73,65,63,71,100,123,108,75,42,12,7,7,8
7,9,9,9,9,10,13,13,24,35,46,52,66,107,171,171,138,105,64,43,28,27,19,11
8,9,8,5,7,3,8,10,12,13,14,57,104,125,153,145,161,139,108,67,11,12,10,2
9,4,2,5,6,11,13,12,10,13,50,102,120,155,165,192,184,127,107,66,35,20,10,6
10,6,5,5,12,10,12,13,25,10,53,110,146,193,181,182,187,145,67,38,24,17,8,5
6,9,9,9,13,12,14,21,17,14,42,109,201,183,202,200,177,134,98,50,15,11,5,1
0,1,4,2,8,8,7,22,13,26,47,105,198,205,197,200,167,119,55,31,17,12,8,3
2,6,11,12,12,7,11,9,6,12,59,109,156,184,171,175,139,111,50,19,7,3,2,7
10,9,0,9,11,10,12,12,14,14,71,111,145,160,155,151,124,100,31,3,3,4,3,0
10,11,6,6,11,11,12,11,10,12,64,103,128,137,141,135,111,95,42,11,4,0,5,10
3,8,1,10,8,9,1,4,12,10,53,100,119,130,135,120,102,66,14,12,7,0,0,2
9,2,0,0,4,1,0,6,7,10,50,64,120,131,128,117,69,69,12,9,6,4,0,4
7,0,0,0,0,6,14,12,12,2,14,53,83,96,98,110,102,67,10,13,3,3,0,0
3,0,2,10,11,13,19,14,15,20,19,26,57,136,169,127,98,50,10,13,0,0,0,0
1,5,9,11,9,5,0,7,12,15,13,28,44,86,117,90,57,52,31,12,4,2,5,0
0,1,0,2,6,7,9,4,8,9,10,12,24,55,100,76,62,55,27,10,10,4,0,0
3,3,0,4,7,6,8,4,7,0,2,8,5,26,62,83,67,54,38,0,0,0,0,5
8,7,1,0,6,9,7,7,7,3,6,0,0,13,58,88,77,53,14,0,0,0,0,0
4,6,0,2,0,6,7,11,10,6,0,0,9,11,66,77,59,48,0,0,0,0,0,0
0,1,0,4,3,10,6,2,6,4,7,0,5,12,50,57,52,11,0,0,0,0,0,0
0,0,10,8,5,7,1,7,3,8,9,9,11,11,33,64,54,10,0,0,2,0,0,0
0,2,3,9,6,9,0,6,7,7,11,9,12,14,39,60,53,9,9,8,0,0,0,0
0,6,10,1,9,11,8,7,8,7,11,14,21,12,37,59,51,2,0,0,0,0,0,0
0,0,2,2,2,3,2,4,5,2,8,13,27,17,43,65,55,12,0,6,0,0,0,0
0,0,0,0,0,0,0,0,0,5,11,15,24,46,58,70,45,14,7,7,5,0,0,1
2,0,1,0,3,10,0,0,4,11,11,14,50,56,61,60,47,14,11,4,8,0,6,4
0,7,8,3,0,4,9,3,3,17,14,50,69,84,73,52,15,1,3,9,2,0,6,7
6,8,4,10,6,0,3,9,3,10,20,52,81,85,58,14,13,8,1,2,1,0,0,5

0,1,0,0,0,0,0,0,7,13,9,0,8,1,11,14,19,13,11,2,4,4,4,6
4,0,5,14,13,12,13,29,20,31,58,72,68,56,13,0,0,0,0,0,0,0,3,10
5,14,29,64,107,128,144,161,133,140,146,162,150,153,137,100,11,1,2,0,0,0,5,8
5,5,14,69,86,103,162,165,158,169,191,199,187,221,158,100,51,21,10,6,9,0,9,7
1,0,0,11,25,33,75,88,103,128,160,181,174,179,147,115,70,15,3,9,0,1,0,0
0,0,0,7,6,10,30,45,40,57,76,117,173,198,175,129,63,47,19,11,9,5,0,3
0,0,1,5,1,0,3,10,29,55,88,108,125,144,141,112,66,48,14,10,11,12,10,10
11,11,9,8,0,0,9,52,60,66,76,104,131,153,133,115,74,43,13,4,0,0,0,3
8,6,0,0,2,0,17,51,64,76,105,151,172,151,138,102,60,32,4,5,9,0,0,0
7,6,4,4,12,11,11,51,61,82,130,163,193,171,135,103,64,40,0,7,3,6,1,0
2,0,0,5,11,11,14,50,61,78,119,151,190,190,152,116,79,51,1,0,8,1,0,0
0,0,10,0,7,11,12,47,72,90,121,145,178,189,160,132,101,50,10,10,0,0,0,0
0,0,0,1,11,11,10,35,83,105,112,126,146,148,146,135,100,52,13,8,5,5,0,0
0,0,0,0,7,0,12,37,101,106,109,112,122,136,128,123,112,75,39,13,11,6,0,0
0,0,0,5,0,0,3,20,64,105,107,109,103,95,75,91,109,62,50,24,9,7,0,0
0,2,6,6,0,0,0,14,55,68,91,88,76,70,71,98,106,61,58,33,10,0,6,9
4,6,5,0,6,1,2,8,24,56,58,75,66,63,70,93,116,104,59,30,11,7,8,9
7,9,9,8,8,8,13,12,29,40,49,53,68,108,167,162,130,95,57,40,27,26,20,11
8,9,8,5,7,3,7,10,11,14,23,60,105,125,149,141,154,135,105,56,10,11,10,2
9,4,2,4,5,11,13,12,11,15,56,103,121,155,161,188,178,122,105,59,25,16,9,5
10,6,6,5,12,9,12,13,30,11,57,111,147,194,180,179,181,140,63,35,21,17,8,5
6,9,9,9,13,12,14,21,17,14,43,111,205,184,202,199,172,129,88,43,15,11,5,1
0,1,4,2,8,8,7,22,11,24,48,107,201,207,197,199,162,115,48,30,16,11,8,3
2,6,11,12,12,7,11,12,8,11,61,110,159,185,172,173,138,109,34,16,8,5,4,7
10,9,0,8,11,10,12,12,14,14,75,112,147,161,155,150,123,100,15,1,3,4,3,0
10,11,6,6,11,11,12,11,10,11,69,104,129,138,141,135,111,91,39,10,5,0,5,10
3,8,2,10,8,9,2,3,13,12,55,100,120,130,135,120,101,65,14,12,7,0,0,2
9,2,0,0,4,2,0,6,8,11,51,65,121,131,128,116,68,69,12,9,6,4,0,4
7,0,0,0,0,6,14,12,12,1,14,53,83,96,97,109,102,67,10,13,3,3,0,0
3,0,1,10,10,13,19,14,15,20,19,27,57,134,168,127,98,50,10,13,0,0,0,0
1,4,9,11,9,5,0,8,12,15,13,27,44,86,118,90,57,52,31,12,4,2,6,1
0,1,0,2,6,7,9,4,8,9,9,12,24,55,101,76,62,55,25,10,10,4,0,0
3,3,0,4,7,6,8,5,7,0,2,9,5,26,62,84,67,54,37,0,0,0,0,5
8,7,1,0,6,9,7,7,7,3,6,1,0,13,58,89,78,53,14,0,0,0,0,0
4,6,0,2,0,6,7,11,10,5,0,0,9,11,67,77,59,50,0,0,0,0,0,0
0,1,0,4,2,10,6,2,6,4,7,0,5,12,50,57,53,11,0,0,0,0,0,0
0,0,10,8,5,7,1,7,3,8,8,9,11,11,34,64,54,10,0,0,2,0,0,0
0,2,4,9,6,9,0,6,7,7,11,9,12,14,40,60,53,9,10,8,0,0,0,0
0,6,10,1,9,10,7,7,8,8,11,14,21,13,36,59,51,3,0,0,0,0,0,0
0,0,2,2,2,3,1,3,4,7,7,14,27,17,43,65,56,12,0,7,0,0,0,0
0,0,0,0,0,0,0,0,0,4,11,16,27,45,58,71,45,14,8,7,5,0,0,1
2,0,1,0,4,10,0,0,4,11,11,14,50,57,61,60,47,14,11,4,8,0,6,4
0,7,8,3,0,4,9,3,3,17,14,51,71,86,73,52,14,1,4,9,2,0,6,7
6,8,4,10,6,0,3,9,3,10,21,52,83,86,58,14,13,8,1,2,1,0,0,5

0,1,0,0,0,0,0,0,7,13,9,0,8,1,11,14,19,13,11,2,4,4,4,6
4,0,5,14,13,12,13,29,22,34,59,73,69,57,13,0,0,0,0,0,0,0,3,10
5,14,29,64,108,128,144,160,134,140,146,162,149,152,136,100,11,1,2,0,0,0,5,8
5,4,14,68,86,103,161,164,157,169,190,198,186,218,158,100,53,20,10,6,9,0,9,7
1,0,0,11,26,33,75,87,103,128,159,181,173,178,148,116,71,17,2,9,0,1,0,0
0,0,0,7,6,11,33,45,40,57,76,116,172,196,174,131,64,47,20,11,9,5,0,3
0,0,1,5,1,0,3,10,31,55,89,108,125,144,141,113,67,50,14,10,11,12,10,10
11,11,9,8,0,1,9,52,61,66,76,105,132,153,134,116,77,50,13,4,0,0,0,3
9,7,0,0,2,0,22,51,64,76,105,152,175,154,141,104,61,42,4,5,9,0,0,0
7,6,4,4,12,11,11,52,61,81,128,163,196,175,139,107,66,50,0,7,3,6,1,0
2,0,0,5,11,11,15,50,61,77,116,147,190,194,157,120,82,53,2,0,7,2,0,0
0,0,10,1,7,11,12,47,71,87,119,142,176,189,162,134,102,51,10,9,0,0,0,0
0,0,0,1,12,11,10,35,82,105,111,125,145,147,145,135,101,53,13,8,4,5,0,0
0,0,0,0,7,0,12,39,101,106,109,113,122,135,128,123,112,76,41,13,11,6,0,0
0,0,0,5,0,0,4,21,64,105,107,109,103,94,75,91,109,62,50,27,9,7,0,0
0,2,6,6,0,0,0,14,55,68,91,88,76,70,71,99,106,61,60,35,10,0,6,9
4,6,5,0,6,1,3,9,25,56,58,75,66,64,70,94,116,104,60,31,11,7,8,9
7,9,9,8,8,8,13,12,29,40,49,53,69,109,169,164,131,94,56,41,27,26,20,11
8,9,8,5,7,4,7,10,11,14,24,61,105,126,151,142,153,134,104,57,11,12,10,2
9,4,1,4,5,11,13,12,11,18,58,103,121,156,163,189,177,120,104,59,25,16,9,5
10,6,5,5,12,9,12,13,33,12,62,111,148,195,180,179,180,139,62,35,22,17,8,5
6,9,9,9,13,11,14,21,19,14,45,112,207,185,202,198,171,128,85,44,15,11,5,1
0,1,4,2,8,7,7,23,11,25,50,107,203,208,197,198,162,114,48,30,15,11,8,3
2,6,10,12,12,7,11,12,9,12,64,110,160,186,172,173,137,109,30,14,8,5,4,7
10,9,0,8,11,10,12,12,14,14,79,113,148,161,156,150,123,100,14,1,3,4,3,0
10,11,6,6,11,11,12,11,10,11,70,104,130,138,141,135,110,91,39,10,5,0,5,10
3,8,2,10,8,9,2,3,13,12,57,100,121,130,136,120,101,64,14,12,7,0,0,2
9,2,0,0,4,2,0,6,8,11,52,66,122,131,128,116,68,67,12,9,5,4,0,4
7,0,0,0,0,6,14,12,12,1,17,53,84,97,98,109,102,66,10,13,3,3,0,0
2,0,1,10,10,13,19,14,15,19,19,27,58,135,170,127,97,46,10,13,0,0,0,0
1,4,9,11,9,5,0,8,12,15,13,28,44,86,118,90,56,51,30,11,4,2,6,1
0,1,0,2,6,7,9,4,8,9,10,12,25,55,100,76,61,55,22,10,10,4,0,0
3,3,0,4,7,7,8,5,7,0,3,9,5,27,62,83,67,54,33,0,0,0,0,5
8,7,1,0,6,9,7,7,7,3,6,1,0,13,58,88,77,53,13,0,0,0,0,0
4,6,0,2,0,6,7,11,9,5,0,0,9,11,67,77,59,46,0,0,0,0,0,0
0,1,0,4,3,10,6,2,6,4,7,1,6,12,50,57,52,10,0,0,0,0,0,0
0,0,10,8,5,7,1,7,3,8,9,10,11,11,34,64,54,10,0,0,1,0,0,0
0,2,3,9,6,9,0,6,7,7,11,9,12,14,40,60,53,9,9,7,0,0,0,0
0,6,10,1,9,10,7,7,8,8,11,14,21,13,38,59,51,2,0,0,0,0,0,0
0,0,2,2,2,3,1,3,4,7,7,14,28,17,44,65,55,12,0,6,0,0,0,0
0,0,0,0,0,0,0,0,0,4,11,17,27,47,58,72,45,14,8,7,5,0,0,1
2,0,1,0,4,10,0,0,4,10,11,14,50,57,62,60,47,14,11,4,8,0,6,4
0,7,8,3,0,4,9,3,4,16,14,51,73,88,74,52,14,1,4,9,2,0,6,7
6,8,4,10,6,0,3,9,3,10,21,52,84,87,58,14,13,8,1,2,1,0,0,5

0,1,0,0,0,0,0,0,7,13,10,0,8,1,11,14,19,13,11,2,4,4,5,6
4,0,5,14,13,11,13,29,23,37,59,73,68,56,13,0,0,0,0,0,0,0,3,10
5,14,30,64,109,129,145,163,136,141,147,163,150,154,136,98,11,1,2,0,0,0,5,8
6,5,14,70,88,104,163,167,160,172,194,199,186,216,155,100,53,20,10,6,9,0,9,7
1,0,0,11,27,34,74,86,102,127,158,180,172,178,147,115,71,18,2,8,0,2,0,0
0,0,0,7,7,11,34,45,40,57,75,116,171,197,175,130,64,47,19,11,9,5,0,3
0,0,1,5,1,0,4,10,31,55,88,107,124,144,142,113,67,50,14,10,11,12,10,10
11,11,9,8,0,0,8,52,60,65,75,103,131,152,134,117,77,50,13,3,0,0,0,3
9,7,0,0,2,0,15,50,63,75,102,148,171,153,141,104,62,44,4,5,9,0,0,0
7,6,4,4,12,11,11,51,60,80,125,160,193,173,138,106,66,50,0,7,4,6,1,0
2,0,0,5,11,11,14,50,61,76,115,146,187,192,155,119,81,53,2,0,7,2,0,0
0,0,10,1,7,11,12,47,71,87,119,142,176,188,160,133,102,51,9,8,0,0,0,0
0,0,0,1,12,10,11,36,83,105,112,127,146,147,144,134,100,53,13,8,4,4,0,0
0,0,0,0,7,0,12,44,101,106,110,113,123,135,128,122,111,76,40,13,11,6,0,0
0,0,0,5,0,0,4,23,66,106,107,109,103,95,76,91,109,62,50,27,9,7,0,0
0,2,6,7,0,0,1,15,55,68,92,89,77,71,72,100,105,60,59,33,10,0,6,9
4,6,5,0,6,1,3,10,32,56,59,78,68,65,72,98,116,103,58,31,11,7,8,9
7,9,9,8,8,8,13,12,30,40,50,54,71,114,188,171,129,90,55,40,27,26,20,11
8,9,8,5,8,4,8,10,11,14,31,63,106,128,154,142,152,132,104,56,11,12,10,2
9,4,1,4,5,11,13,12,11,26,60,104,124,159,164,189,176,118,103,58,24,16,9,5
10,6,5,5,12,9,12,13,38,12,66,113,151,197,181,180,179,136,60,34,21,17,8,5
6,9,9,9,13,11,14,22,19,16,48,114,211,186,203,199,171,126,81,41,16,11,5,1
0,1,4,2,8,8,7,24,11,26,52,108,205,209,198,199,161,112,46,30,15,11,8,3
2,6,10,12,12,6,11,12,9,12,68,111,161,186,173,174,137,108,15,14,8,5,4,7
10,9,0,8,11,10,12,12,14,14,80,113,148,162,156,151,123,100,13,1,3,4,4,0
10,11,6,6,11,11,12,11,10,12,71,104,130,138,141,135,110,87,38,10,5,0,5,10
3,8,2,10,8,9,2,3,13,13,57,101,121,130,136,120,101,61,14,12,7,0,0,2
9,2,0,0,4,2,0,6,9,11,52,66,122,131,128,116,67,67,12,9,6,4,0,4
7,0,0,0,0,6,14,12,12,1,16,53,85,96,98,109,102,65,9,13,3,3,0,0
2,0,1,10,10,13,19,14,15,19,19,27,57,133,173,128,95,44,10,13,0,0,0,0
1,4,9,11,9,5,0,8,12,15,13,28,44,84,119,91,56,51,29,11,4,2,6,1
0,1,0,2,6,7,9,4,8,9,10,12,22,53,100,75,60,54,18,9,10,4,0,0
3,3,0,4,7,7,8,5,7,0,3,9,6,26,62,83,66,54,28,0,0,0,0,5
8,7,1,0,6,9,7,7,7,3,6,0,0,12,57,88,77,52,12,0,0,0,0,0
4,6,0,2,0,6,7,11,10,5,0,0,9,11,66,77,59,43,0,0,0,0,0,0
0,1,0,4,3,10,6,2,6,4,7,1,6,12,50,57,52,10,0,0,0,0,0,0
0,0,10,8,5,7,1,7,3,8,8,9,11,11,34,64,53,9,0,0,1,0,0,0
0,2,3,9,6,9,0,6,6,6,11,9,12,14,40,60,53,9,9,7,0,0,0,0
0,6,10,1,9,11,7,7,8,8,11,14,23,13,38,60,51,2,0,0,0,0,0,0
0,0,2,2,2,3,1,2,4,7,8,14,29,17,44,66,55,12,0,7,0,0,0,0
0,0,0,0,0,0,0,0,0,4,11,18,30,48,59,72,44,14,8,7,5,0,0,1
2,0,1,0,4,10,0,0,3,10,11,14,51,58,62,61,45,14,11,4,8,0,7,4
0,7,8,3,0,4,9,3,4,16,15,53,78,92,74,52,14,1,4,9,3,0,6,7
6,8,4,10,6,0,3,9,3,10,23,54,89,89,58,14,13,8,1,2,1,0,0,5

0,2,0,0,0,0,0,0,8,13,10,0,8,1,11,14,20,13,11,3,4,4,4,6
4,0,5,14,12,11,12,26,22,36,59,74,69,56,14,0,0,0,0,0,0,0,3,10
5,14,26,62,107,125,141,157,134,140,147,164,150,152,135,98,11,1,2,0,0,0,5,8
5,4,14,71,89,105,163,164,158,170,193,200,189,217,156,100,54,21,10,6,9,0,9,7
1,0,0,11,27,34,76,88,103,130,163,184,178,184,151,115,71,18,2,8,0,1,0,0
0,0,0,7,6,11,34,44,40,57,77,121,178,202,180,129,63,47,19,11,9,5,0,3
0,0,0,5,1,0,4,10,38,57,91,110,127,146,143,113,67,50,14,10,11,12,10,10
11,11,9,8,0,0,9,53,62,67,77,107,135,155,135,117,76,45,13,4,0,0,0,3
8,7,0,0,3,0,20,51,65,78,108,153,176,155,141,103,61,40,4,5,9,0,0,0
7,6,4,4,12,11,11,52,62,83,130,166,196,175,138,104,65,45,0,7,4,6,1,0
2,0,0,5,11,10,15,51,62,78,118,148,189,193,154,117,79,52,3,0,7,1,0,0
0,0,10,1,8,11,12,49,72,88,120,143,177,189,159,132,101,50,9,8,0,0,0,0
0,0,0,1,12,10,11,37,84,105,112,127,146,148,144,134,99,52,12,7,4,5,0,0
0,0,0,0,7,0,12,39,101,106,109,113,122,135,128,122,111,73,36,13,11,6,0,0
0,0,0,5,0,0,5,21,66,106,107,109,103,94,75,91,108,61,50,24,9,7,0,0
0,2,6,6,0,0,0,14,55,69,92,89,77,70,71,98,105,59,57,29,9,0,6,9
4,6,5,0,6,1,2,9,32,56,58,77,67,64,72,94,113,102,55,28,12,7,8,8
7,9,9,9,8,8,13,12,32,41,50,53,71,113,182,160,124,86,53,40,26,25,20,11
8,9,8,5,8,4,8,10,11,14,32,63,106,127,150,138,147,129,102,51,10,11,9,2
9,4,2,4,5,11,13,12,11,30,61,104,123,157,160,184,169,112,101,55,20,14,9,4
10,6,6,5,12,9,12,13,39,12,67,113,151,195,179,176,172,130,57,33,20,16,8,5
6,9,9,9,13,11,14,22,20,16,48,115,212,186,202,196,165,121,74,38,15,11,5,2
0,1,5,2,8,8,6,23,11,25,52,109,207,210,198,197,156,109,44,29,14,11,8,3
2,6,11,12,12,7,11,12,9,12,69,111,162,187,172,172,136,107,13,14,8,6,5,7
10,9,0,8,11,10,12,12,14,14,80,113,148,162,156,150,122,97,12,0,3,4,4,0
10,11,6,6,11,11,12,11,10,11,72,104,130,138,141,134,110,85,35,9,6,0,6,11
3,8,2,10,8,9,2,3,13,13,57,100,121,131,136,120,101,60,13,12,7,0,0,2
9,2,0,0,4,3,0,6,9,11,53,66,122,132,128,116,67,66,12,9,6,4,0,4
7,0,0,0,0,6,13,11,12,1,15,53,85,97,99,108,101,64,9,13,3,4,0,0
3,0,1,10,10,13,19,14,15,20,19,27,58,135,178,129,93,39,10,13,0,0,0,0
1,4,9,11,10,5,0,8,12,15,13,28,44,85,121,91,56,51,29,11,4,2,6,1
0,1,0,2,6,7,9,4,8,9,10,12,27,54,101,76,60,54,16,9,10,4,0,0
3,3,0,4,7,6,8,5,7,0,3,9,6,26,62,83,66,53,27,0,0,0,0,5
8,7,0,0,6,9,7,7,7,3,6,1,0,13,58,89,77,52,12,0,0,0,0,0
4,6,0,3,0,6,7,11,9,5,0,0,9,11,67,77,59,42,0,0,0,0,0,0
0,1,0,4,2,10,6,2,6,4,7,1,6,12,50,57,53,10,0,0,0,0,0,0
0,0,10,8,5,8,2,7,2,8,8,10,11,11,35,64,54,10,0,0,1,0,0,0
0,2,3,9,6,9,0,6,6,6,12,9,12,14,41,61,53,9,10,8,0,0,0,0
0,6,10,1,9,10,7,7,8,9,11,14,22,13,41,60,51,3,0,0,0,0,0,0
0,0,2,3,2,3,0,4,4,10,9,14,29,18,46,67,56,12,0,7,0,0,0,0
0,0,0,0,0,0,0,0,0,4,11,17,34,50,60,74,47,14,8,7,5,0,0,1
2,0,1,0,4,10,0,0,1,9,11,14,52,60,64,62,48,16,11,5,8,0,7,5
0,7,9,3,0,5,9,3,4,16,16,54,84,100,76,52,17,3,5,9,2,0,6,7
6,8,4,10,6,0,3,9,2,9,25,54,91,91,59,14,13,9,2,2,1,0,0,5

0,2,0,0,0,0,0,0,8,14,10,0,8,1,11,14,18,13,11,2,4,4,4,6
4,0,5,14,12,11,12,27,23,43,60,75,70,56,13,0,0,0,0,0,0,0,3,10
5,14,29,63,108,128,143,160,135,141,148,164,150,153,135,97,12,2,2,0,0,0,5,8
5,5,14,72,90,106,165,166,159,171,193,200,189,221,156,100,53,22,10,6,9,0,10,7
1,0,0,11,27,35,77,88,104,130,163,184,178,185,152,115,70,18,2,8,0,2,0,0
0,0,0,8,7,11,35,44,40,58,78,121,178,206,183,130,63,47,20,11,10,5,0,3
0,0,0,5,1,0,4,11,41,57,92,111,127,147,144,114,66,50,14,10,11,12,10,10
11,11,9,8,1,1,9,53,62,67,78,108,136,156,135,117,76,45,13,4,0,0,0,3
9,7,0,0,3,0,23,51,65,79,108,154,177,157,141,103,61,40,4,5,10,0,0,0
7,6,4,5,12,11,11,52,62,84,131,168,198,176,138,105,65,48,0,7,3,6,2,1
2,0,0,6,11,10,16,51,62,78,119,150,190,193,153,117,80,52,3,0,7,0,0,0
0,0,10,2,8,11,12,47,72,89,121,143,178,189,158,132,101,51,9,8,0,0,0,0
0,0,0,2,12,10,10,34,83,105,112,127,146,148,144,134,98,52,12,7,3,5,0,0
0,0,0,0,7,0,12,30,101,106,109,113,122,135,127,122,111,73,35,13,11,6,0,0
0,0,0,5,0,0,5,18,63,105,107,109,103,94,75,91,108,61,50,24,9,6,0,0
0,2,6,6,0,0,0,14,54,68,91,88,76,70,71,98,104,59,58,31,9,0,6,8
4,6,5,0,6,1,2,9,27,56,58,77,67,64,72,96,113,101,56,28,12,7,8,8
7,9,9,9,8,8,13,11,31,40,50,53,71,114,188,165,125,84,53,40,26,25,20,11
8,9,8,5,8,4,7,10,10,14,32,63,106,128,151,139,147,128,102,52,10,11,9,2
9,4,2,4,5,11,13,12,11,30,62,105,124,158,161,185,168,111,101,55,20,14,9,4
10,6,5,5,12,9,12,13,41,12,68,113,152,197,180,177,171,129,57,33,20,15,8,5
6,9,9,9,13,11,14,22,21,17,49,116,213,187,203,197,165,121,73,38,16,11,5,1
0,1,4,2,8,8,7,24,11,26,53,109,207,210,198,197,156,109,44,28,14,11,8,3
2,6,11,12,12,7,11,12,9,12,71,112,162,187,172,172,136,107,13,14,9,6,5,7
10,9,0,8,11,10,12,13,14,14,80,113,149,162,156,150,122,97,13,0,3,4,4,0
9,11,6,6,11,11,12,11,10,11,72,104,130,138,141,134,110,83,36,9,6,0,6,10
3,8,2,10,8,9,2,3,13,13,57,100,121,130,136,120,101,60,13,12,7,0,0,2
9,2,0,0,4,3,0,6,9,11,53,66,122,132,128,116,67,65,12,9,6,4,0,4
7,0,0,0,0,6,14,12,12,1,16,53,85,97,100,108,101,64,9,13,3,3,0,0
3,0,1,10,10,13,19,14,15,20,19,27,58,135,179,129,93,39,10,13,0,0,0,0
1,4,9,11,10,5,0,8,12,15,13,28,44,85,121,91,55,50,29,11,4,2,6,1
0,1,0,2,6,7,9,4,8,9,10,12,25,55,101,75,60,54,15,9,10,4,0,0
4,3,0,4,7,7,8,5,7,0,3,9,6,26,62,83,65,53,24,0,0,0,0,5
8,7,0,0,6,9,7,7,7,3,6,1,0,13,58,89,77,52,12,0,0,0,0,0
4,6,0,2,0,6,7,11,9,5,0,0,9,11,67,78,59,42,0,0,0,0,0,0
0,1,0,4,3,10,6,2,6,4,7,1,6,12,50,57,53,10,0,0,0,0,0,0
0,0,10,8,5,8,2,7,2,8,8,10,11,11,36,64,54,10,0,0,1,0,0,0
0,2,3,9,6,9,0,6,6,6,12,9,12,14,42,61,53,9,10,7,0,0,0,0
0,6,10,1,9,10,7,7,8,9,11,14,22,13,42,60,51,3,0,0,0,0,0,0
0,0,2,3,2,3,0,4,4,10,9,14,30,18,46,67,56,12,0,7,0,0,0,0
0,0,0,0,0,0,0,0,0,4,11,17,35,50,60,74,47,14,8,7,5,0,0,1
2,0,1,0,4,10,0,0,1,9,11,14,52,60,64,62,48,15,11,5,8,0,7,4
0,7,9,3,0,5,9,2,4,17,15,53,84,100,76,52,15,3,5,9,2,0,6,7
6,8,4,10,7,0,3,9,2,9,24,54,91,91,59,14,13,9,2,2,1,0,1,5

0,3,1,0,0,0,0,0,8,14,10,0,8,1,11,14,18,12,11,2,4,4,5,6
4,0,5,15,13,11,12,29,24,44,60,74,69,56,13,0,0,0,0,0,0,0,3,10
5,14,33,65,110,130,145,162,135,141,148,163,148,150,131,92,11,1,1,0,0,0,5,8
6,6,14,75,93,107,166,167,160,171,192,198,185,211,150,98,51,19,10,6,9,1,9,7
1,1,0,11,28,35,77,89,104,130,163,183,177,183,152,115,70,14,2,8,0,2,0,0
0,0,0,8,8,11,35,45,41,57,78,122,178,208,186,132,63,47,20,11,10,5,1,4
0,0,0,5,1,0,4,11,40,57,92,111,127,148,146,115,67,50,14,10,11,12,11,10
11,11,9,8,1,0,9,53,62,67,78,109,136,158,137,118,76,46,13,4,0,0,0,3
9,7,0,0,3,0,23,51,65,78,108,153,177,158,143,104,61,44,4,4,10,0,0,0
7,6,4,5,12,11,11,52,62,84,132,168,198,176,139,106,66,50,0,7,3,6,2,1
2,0,0,6,11,11,16,51,61,78,119,151,191,194,155,119,80,52,3,0,6,0,0,0
0,0,10,2,8,11,12,47,72,88,121,144,178,189,160,132,101,51,9,8,0,0,0,0
0,0,0,2,12,10,10,32,81,105,112,127,146,148,145,134,99,53,12,7,3,4,0,0
0,0,0,0,6,0,12,27,101,106,109,113,122,135,127,122,111,73,36,13,11,6,0,0
0,0,0,5,0,0,5,17,62,105,106,109,102,94,75,91,108,61,50,23,9,6,0,0
0,2,6,6,0,0,0,14,54,68,90,88,76,70,71,98,104,59,58,31,9,0,6,8
4,6,5,0,6,1,2,8,22,56,58,76,67,64,72,94,113,101,56,29,12,7,8,8
7,9,9,9,8,8,13,11,30,40,49,53,70,114,183,159,123,84,53,40,26,25,19,11
8,9,8,6,8,4,8,9,10,14,30,62,106,127,149,138,146,128,102,53,10,11,9,1
9,4,2,4,5,11,13,12,11,30,61,104,123,156,159,184,167,111,100,56,20,14,9,4
10,6,6,5,12,9,12,13,39,12,68,113,152,195,179,176,170,129,57,33,20,15,7,5
6,9,9,9,13,11,14,21,19,16,49,116,213,187,202,195,163,120,73,40,16,11,5,1
0,1,5,2,8,8,6,24,11,26,54,110,208,210,198,195,154,108,45,29,14,11,8,3
2,6,11,12,12,7,11,12,9,12,71,112,163,188,172,172,136,107,13,14,9,7,5,7
10,9,0,8,11,10,12,13,14,14,83,114,149,162,156,150,122,98,13,0,3,4,4,0
10,11,6,6,11,11,12,11,10,11,72,104,130,138,141,134,110,85,36,9,6,0,6,10
3,8,2,10,8,9,2,3,13,13,58,101,121,131,136,120,101,60,13,12,7,0,0,2
9,2,0,0,4,3,0,6,9,11,54,67,122,132,128,116,66,66,12,9,6,4,0,4
7,0,0,0,0,6,14,12,12,1,16,53,85,98,99,108,101,64,9,13,3,3,0,0
3,0,1,10,10,13,19,14,15,20,19,28,58,135,179,129,92,37,10,13,0,0,0,0
1,4,9,11,10,5,0,8,12,15,13,28,44,85,121,91,55,50,29,11,4,2,6,1
0,1,0,2,6,7,9,4,8,9,10,12,25,55,101,76,60,54,14,9,10,4,0,0
4,3,0,4,7,6,8,5,7,0,3,9,6,26,62,83,66,53,24,0,0,0,0,5
8,7,0,0,6,9,7,7,7,3,6,1,0,13,58,89,77,52,12,0,0,0,0,0
4,6,0,3,0,6,7,11,9,5,0,0,9,11,67,78,59,40,0,0,0,0,0,0
0,1,0,4,2,10,6,2,6,4,7,1,6,12,50,57,53,10,0,0,0,0,0,0
0,0,10,8,5,8,2,7,2,8,8,10,11,11,36,64,54,10,0,0,1,0,0,0
0,2,3,9,6,9,0,6,6,6,12,9,12,14,42,61,53,9,10,8,0,0,0,0
0,6,10,1,9,10,7,7,8,9,11,14,22,13,42,60,51,3,0,0,0,0,0,0
0,0,2,3,2,3,0,4,4,10,9,14,30,18,46,67,56,12,0,7,0,0,0,0
0,0,0,0,0,0,0,0,0,4,11,17,36,50,60,74,47,14,8,7,5,0,0,1
2,0,1,0,4,10,0,0,1,9,11,16,52,61,64,62,47,15,11,5,8,0,7,5
0,7,9,3,0,5,10,3,4,17,17,54,87,101,76,52,16,3,5,9,3,0,6,7
6,8,4,10,7,0,3,9,2,9,26,55,95,93,59,14,13,9,2,2,1,0,1,5

0,3,1,0,0,0,0,0,8,15,10,0,8,2,11,14,18,12,11,2,3,3,4,6
4,0,5,14,13,11,12,28,24,47,60,74,69,55,13,0,0,0,0,0,0,0,3,10
5,14,33,65,110,129,144,161,136,142,148,163,148,148,130,92,10,1,1,0,0,0,5,8
6,6,14,75,93,107,166,167,160,171,193,198,184,207,149,97,50,17,10,5,9,1,10,7
1,1,0,11,28,35,78,89,105,132,166,185,178,184,151,114,69,15,2,9,0,2,0,0
0,0,0,8,8,11,35,45,41,58,80,125,182,210,185,131,62,47,21,11,10,5,1,3
0,0,0,5,1,0,4,11,41,58,93,113,129,149,147,115,67,50,14,10,11,12,11,10
11,11,9,8,1,1,10,53,62,67,79,110,138,159,137,117,76,45,13,5,0,0,0,3
9,7,0,0,3,0,25,51,65,79,110,156,179,159,143,104,61,46,5,4,10,0,0,0
7,6,4,5,12,11,12,53,62,85,134,171,199,177,138,105,65,50,0,7,3,7,2,1
2,0,0,6,11,11,18,51,62,79,122,156,194,194,154,117,80,52,4,0,6,0,0,0
0,0,10,2,8,11,12,48,72,90,122,145,179,190,160,132,101,51,9,8,0,0,0,0
0,0,0,2,12,10,11,35,82,105,112,128,147,148,145,134,98,52,12,6,2,4,0,0
0,0,0,0,6,0,12,35,101,106,109,113,123,135,127,122,110,73,33,12,10,6,0,0
0,0,0,5,0,0,5,19,64,105,107,109,102,94,75,90,108,61,50,21,8,6,0,0
0,2,6,6,0,0,0,14,54,68,91,87,76,70,71,96,104,58,58,29,8,0,6,8
4,6,5,0,6,0,1,8,24,56,58,76,67,64,71,92,112,101,56,26,12,6,8,8
7,9,9,9,7,7,13,11,30,40,49,53,71,114,184,159,122,83,53,40,26,25,19,11
8,9,8,5,8,4,7,9,10,14,31,62,106,127,149,139,146,128,102,54,11,12,9,1
9,4,2,4,5,11,13,12,11,28,61,104,123,155,160,186,168,111,101,56,20,15,9,4
10,6,6,5,12,9,12,13,38,12,68,113,151,196,181,178,170,129,57,34,20,16,7,5
6,9,9,9,13,11,14,22,19,16,48,116,213,188,204,196,162,120,73,40,16,11,4,0
0,1,4,2,9,8,7,24,11,26,53,110,208,211,198,196,153,109,45,29,14,11,8,2
2,6,11,12,12,7,11,12,9,12,70,113,163,188,173,172,136,107,14,14,8,7,4,7
10,9,0,8,11,10,12,13,15,14,81,114,149,163,157,150,122,98,13,0,3,4,4,0
10,11,6,6,11,11,12,11,10,11,72,104,131,138,142,135,110,86,36,9,6,0,5,10
3,8,2,10,8,9,2,3,13,13,58,101,121,131,136,120,101,61,13,11,7,0,0,2
9,2,0,0,4,3,0,7,9,11,53,66,122,132,129,116,67,66,12,9,6,4,0,4
7,0,0,0,0,6,14,12,12,1,15,53,84,96,99,108,101,65,9,13,3,3,0,0
3,0,1,10,10,13,19,14,15,19,19,27,58,134,178,129,93,39,10,13,0,0,0,0
1,4,9,11,10,5,0,8,12,15,13,28,44,84,121,91,56,51,29,11,4,2,6,1
0,1,0,2,6,7,9,4,8,9,10,12,25,54,101,76,60,54,16,9,10,4,0,0
3,3,0,4,7,7,8,5,7,0,3,9,6,26,62,83,66,54,25,0,0,0,0,5
8,7,0,0,6,9,7,7,7,3,6,1,0,13,58,89,77,52,12,0,0,0,0,0
4,6,0,2,0,6,7,11,9,5,0,0,9,11,67,78,59,42,0,0,0,0,0,0
0,1,0,4,2,10,6,2,6,3,7,1,6,12,50,57,52,10,0,0,0,0,0,0
0,0,10,8,5,8,2,7,2,8,8,10,11,12,38,64,54,10,0,0,1,0,0,0
0,2,4,9,6,9,0,6,6,5,12,9,12,14,42,61,53,9,10,7,0,0,0,0
0,6,10,1,9,10,7,7,8,9,11,14,22,13,41,60,51,3,0,0,0,0,0,0
0,0,2,2,2,3,0,4,4,10,9,14,30,18,46,67,56,12,0,7,0,0,0,0
0,0,0,0,0,0,0,0,0,4,12,17,36,50,60,74,47,14,8,7,5,0,0,1
2,0,1,0,4,10,0,0,1,9,11,15,52,61,64,62,47,15,11,5,8,0,7,5
0,7,9,3,0,5,10,2,4,16,16,54,86,101,76,52,17,3,5,9,3,0,6,7
6,8,4,10,7,0,3,9,2,9,25,54,93,91,59,14,13,9,2,3,1,0,1,5
