0,0,3,0,0,7,2,6,9,10,5,0,8,8,0,9,0,5,1,0,3,6,13,7
5,0,5,1,0,7,13,14,23,21,26,23,51,43,19,19,10,0,0,6,9,7,1,5
6,4,3,6,10,13,43,54,58,59,63,73,100,90,57,54,33,45,31,12,12,11,20,14
5,7,8,8,7,13,39,64,66,95,90,100,75,57,57,30,51,40,48,9,15,9,21,12
0,0,0,0,6,0,10,13,20,61,60,55,33,54,17,41,52,14,26,28,12,0,8,6
2,5,2,6,9,4,4,6,9,20,22,53,96,177,231,118,72,46,27,30,13,9,8,5
11,11,12,13,7,4,5,0,5,9,56,95,150,247,246,171,110,86,56,15,18,0,0,0
41,50,24,7,0,0,0,0,8,0,9,96,113,137,153,162,138,104,38,9,10,11,9,9
14,42,52,52,10,11,7,9,3,13,54,79,106,112,119,128,141,117,83,58,19,9,8,0
14,37,50,50,32,13,21,11,14,9,55,84,107,112,106,117,147,139,95,65,51,10,8,9
13,30,34,33,36,54,52,50,14,23,61,70,92,86,102,127,157,162,140,92,65,18,9,2
1,1,11,13,40,40,54,80,66,58,69,69,66,66,103,131,158,162,157,116,66,52,11,1
2,0,0,5,3,8,14,72,85,85,97,63,61,65,105,120,136,135,143,116,62,36,14,0
0,1,5,0,0,0,0,0,58,70,93,1,7,14,104,115,129,145,147,115,62,10,2,0
0,0,0,0,0,0,0,0,0,0,0,0,8,9,102,104,125,140,135,104,54,28,4,3
0,0,0,0,0,0,0,0,0,0,0,0,10,46,64,86,87,125,108,70,39,14,5,5
1,0,0,0,0,0,3,3,7,13,4,0,0,52,53,66,64,77,100,65,8,5,2,0
8,11,14,5,3,17,13,22,15,20,37,17,14,25,40,52,76,60,63,33,14,9,12,7
0,0,0,1,8,6,8,11,9,10,10,13,55,52,68,115,125,122,93,65,24,10,5,9
3,5,3,1,0,6,7,13,11,8,41,14,63,77,124,141,186,167,131,108,54,10,5,9
0,3,0,5,10,12,8,12,9,12,56,74,100,109,145,179,177,183,149,110,58,14,11,5
0,0,5,0,3,8,14,14,18,28,40,42,54,113,148,230,248,206,142,108,42,18,14,15
0,0,11,0,6,14,14,19,18,14,28,44,88,117,147,327,433,257,152,117,103,41,18,11
0,0,0,0,0,2,10,10,14,45,100,97,109,120,183,318,367,198,130,110,103,17,14,10
0,2,2,0,9,6,11,9,7,24,81,103,109,124,139,192,183,130,106,65,42,19,8,11
0,8,7,6,0,0,7,5,13,11,32,105,109,118,129,129,125,106,101,55,37,3,9,26
0,7,6,3,7,11,11,9,6,36,79,83,105,105,112,111,104,100,61,27,13,13,17,4
0,13,6,0,4,2,10,12,26,39,89,104,77,101,105,104,103,81,53,40,24,10,13,13
2,11,0,0,5,8,9,7,12,32,64,68,65,87,86,95,91,51,34,33,26,14,12,14
8,9,0,2,9,9,8,10,4,37,64,59,59,61,53,48,41,37,31,21,14,11,12,8
10,12,8,13,12,11,12,12,11,45,57,57,53,55,50,41,35,37,14,14,13,8,19,13
0,3,5,3,8,7,10,6,6,43,91,59,56,54,55,45,30,13,17,21,21,8,0,9
6,0,0,0,6,7,0,1,3,39,56,65,62,52,45,50,22,14,8,10,13,5,0,8
2,4,0,5,8,0,0,0,0,2,50,67,68,55,51,51,25,20,7,11,0,1,11,3
0,4,3,0,8,0,0,4,0,0,14,57,61,57,55,35,45,24,12,6,5,0,0,6
5,0,3,0,0,0,0,0,0,0,6,50,61,66,66,53,38,14,13,11,3,3,1,2
0,4,7,7,0,1,1,0,0,0,0,14,57,78,77,50,50,31,11,11,8,13,0,3
0,3,0,2,2,2,3,7,0,0,7,14,51,78,82,65,54,13,16,10,10,9,11,4
0,0,0,0,2,0,0,2,5,5,11,21,25,60,100,84,56,37,14,12,11,12,11,2
0,0,0,1,2,6,3,0,7,0,8,21,11,54,75,71,58,31,13,13,12,10,10,3
3,4,3,3,8,6,8,12,14,10,9,6,18,33,96,83,53,45,11,5,12,7,0,6
9,8,1,5,9,9,14,13,7,6,10,6,8,22,56,62,63,40,13,9,10,11,10,8
7,9,0,3,8,6,1,4,9,11,12,11,1,14,30,64,78,52,10,0,9,14,10,2
7,1,4,4,5,0,2,7,8,7,5,6,9,13,30,55,54,48,10,9,11,1,10,7

0,0,3,0,0,7,2,6,9,10,5,0,8,8,0,9,0,5,1,0,3,6,13,7
5,0,5,2,0,7,13,14,22,21,26,23,50,47,22,18,10,0,0,6,9,7,1,5
6,5,4,6,10,13,44,55,59,59,63,74,100,90,57,54,33,46,32,12,12,11,18,14
5,7,8,8,7,13,39,64,66,96,90,100,76,57,57,29,51,40,47,9,14,9,19,12
0,0,0,0,6,0,11,13,22,61,60,55,36,54,19,41,52,14,26,29,12,0,8,6
2,5,2,6,9,4,4,6,9,20,22,53,96,177,230,117,72,46,27,31,13,10,8,5
11,11,12,13,8,4,5,0,5,9,56,95,150,249,248,171,109,86,56,18,18,0,0,0
44,50,23,7,0,0,0,0,8,0,9,96,113,137,153,163,139,104,39,9,10,11,9,9
14,44,52,52,10,11,7,9,3,13,54,79,106,111,119,129,142,117,83,58,20,9,8,0
14,38,50,50,32,13,22,11,14,9,55,84,107,112,106,117,147,139,96,65,51,10,8,9
13,30,35,34,37,54,52,50,14,24,61,70,92,86,102,128,157,163,140,92,65,18,9,2
1,2,11,13,40,41,54,80,66,58,69,69,66,66,103,131,159,163,157,116,67,52,11,1
2,0,0,5,3,8,14,72,85,85,97,63,62,65,105,120,136,135,143,116,62,36,14,0
0,1,5,0,0,0,0,0,59,70,93,1,7,14,104,115,129,145,147,115,62,10,2,0
0,0,0,0,0,0,0,0,0,0,0,0,8,9,102,104,125,140,135,104,55,28,4,3
0,0,0,0,0,0,0,0,0,0,0,0,10,40,64,85,86,125,108,70,40,14,5,4
1,0,0,0,0,0,3,2,7,13,4,0,0,51,53,66,64,77,100,65,8,5,2,0
8,11,14,5,3,17,13,22,15,20,37,17,14,25,39,52,76,60,62,32,14,9,12,7
0,0,0,1,8,6,8,11,9,10,10,13,55,52,68,115,125,122,93,65,24,10,5,9
3,5,3,1,0,6,7,13,11,8,42,14,63,77,124,141,186,167,131,108,55,10,5,9
0,3,0,5,10,12,8,12,9,12,55,75,100,109,145,180,177,182,149,109,58,14,11,5
0,0,5,0,3,8,14,14,19,28,40,42,55,113,149,231,248,206,142,108,42,18,14,15
0,0,11,0,7,14,14,19,19,15,28,44,88,117,148,328,434,257,152,118,103,42,18,11
0,0,0,0,0,2,10,10,14,47,100,96,109,120,183,319,368,198,130,110,103,18,14,10
0,2,2,0,9,6,11,9,7,24,80,103,109,124,140,193,183,130,106,64,43,19,8,11
0,8,7,6,0,0,7,5,13,11,31,105,109,118,129,129,125,106,101,58,38,3,9,27
0,7,6,3,7,10,11,9,6,35,78,82,105,105,112,111,104,100,61,29,13,13,17,4
0,13,6,0,4,2,10,11,26,39,90,104,77,101,105,104,103,81,54,41,24,11,13,13
2,11,0,0,5,8,9,8,12,32,64,68,65,86,86,96,90,51,35,32,25,14,12,14
8,9,0,2,8,9,8,11,4,37,64,59,59,61,53,48,41,37,31,21,14,10,12,8
10,12,8,13,12,11,12,12,12,46,57,57,53,55,50,42,35,37,14,14,13,8,18,13
0,3,5,3,8,6,10,6,6,43,91,59,56,54,55,46,31,13,17,21,21,8,0,9
6,0,0,0,6,7,0,1,3,39,56,65,62,53,44,50,26,14,8,10,13,5,0,8
2,5,0,5,8,0,0,0,0,2,50,67,68,55,51,51,25,20,7,11,0,1,11,3
0,4,3,0,8,0,0,4,0,0,14,57,61,57,55,35,46,23,12,6,5,0,0,6
5,0,3,0,0,0,0,0,0,0,6,50,62,66,66,54,37,14,13,11,3,3,1,2
0,4,7,7,0,1,1,0,0,0,0,14,57,78,77,50,50,30,11,11,8,13,0,3
0,3,0,2,2,2,3,7,0,0,7,14,51,78,82,65,54,13,16,10,10,9,11,4
0,0,0,0,2,0,0,2,5,5,12,21,25,60,101,84,56,37,15,12,11,12,11,2
0,0,0,1,2,5,3,0,6,0,8,21,11,54,75,71,57,31,13,13,12,9,10,2
3,4,3,3,8,5,8,12,14,10,9,6,18,33,96,83,53,45,11,5,12,7,0,6
9,8,1,5,9,9,14,13,7,6,10,6,8,22,56,61,63,42,13,10,10,11,10,8
7,9,0,3,8,6,1,4,9,11,12,11,1,14,30,64,79,52,10,0,10,14,10,2
7,1,4,4,5,0,2,7,8,7,5,6,9,13,31,55,54,49,10,9,11,1,10,7

0,0,3,0,0,7,3,6,9,10,5,0,8,8,0,9,0,5,1,0,3,6,13,7
5,0,5,2,0,8,13,14,24,22,26,24,51,47,20,19,10,0,0,6,9,7,2,5
6,5,4,6,11,13,43,55,59,60,63,74,100,90,57,54,33,46,33,12,12,11,20,14
5,7,8,8,7,13,39,64,66,96,90,100,76,57,57,30,51,40,48,9,14,9,21,12
0,0,0,0,6,0,11,13,22,61,60,55,36,54,18,41,52,14,26,28,12,0,9,6
2,5,2,6,9,4,4,6,9,21,22,53,96,177,230,117,72,46,27,31,13,10,8,5
11,11,12,13,8,4,5,0,6,9,56,95,150,250,250,171,109,86,56,19,18,0,0,0
43,50,24,7,0,0,0,0,8,0,9,96,113,137,154,164,140,105,42,10,10,11,9,9
14,43,52,52,10,11,7,9,3,13,54,79,106,111,119,129,142,118,84,58,20,9,8,0
14,38,50,50,32,14,24,11,14,10,55,84,106,111,106,117,148,140,96,66,51,10,8,9
13,30,34,33,37,54,52,50,14,25,61,70,91,86,102,128,158,164,141,92,65,20,9,2
1,1,11,13,39,41,54,80,66,58,69,69,66,66,103,131,159,163,157,117,67,52,11,1
2,0,0,5,3,8,14,72,85,85,97,63,62,66,105,120,135,135,144,116,62,36,14,0
0,2,5,0,0,0,0,0,59,70,93,1,7,14,104,115,128,144,148,116,62,10,1,0
0,0,0,0,0,0,0,0,0,0,0,0,7,9,102,103,125,140,135,104,55,28,4,3
0,0,0,0,0,0,0,0,0,0,0,0,10,37,63,85,86,125,107,70,40,14,5,4
1,0,0,0,0,0,4,3,7,13,4,0,0,51,53,66,64,77,100,65,7,5,1,0
8,11,14,5,3,17,13,22,15,20,38,17,14,25,39,52,76,59,62,32,14,9,12,7
0,0,0,1,8,6,8,11,9,10,10,13,55,52,68,115,126,122,92,64,24,10,5,9
3,5,3,1,0,6,7,13,11,8,42,14,64,77,124,141,186,167,130,108,55,10,5,9
0,3,0,5,10,12,8,12,9,12,54,75,100,109,145,180,176,183,148,109,58,14,11,5
0,0,5,0,3,8,13,14,19,28,40,42,54,113,149,232,249,205,141,108,42,19,14,15
0,0,11,0,6,14,14,19,19,14,28,44,87,118,148,330,434,256,152,117,103,42,18,11
0,0,0,0,0,2,10,10,14,47,100,96,109,120,184,320,367,198,130,110,103,18,14,10
0,2,2,0,9,6,11,9,7,26,81,102,109,124,140,193,183,130,106,65,43,19,8,11
0,8,7,6,0,0,7,5,13,11,32,105,109,119,129,129,125,106,101,57,39,3,9,26
0,7,6,3,7,10,11,9,6,35,78,82,105,105,112,111,104,100,60,27,13,13,17,4
0,13,6,0,4,2,10,12,26,40,90,104,78,101,105,104,103,81,55,42,24,11,13,13
2,11,0,0,5,8,9,7,12,32,64,68,65,87,85,96,90,51,35,32,26,14,12,14
8,9,0,2,8,9,8,11,4,37,64,59,59,61,53,48,41,37,31,21,14,10,12,8
10,12,8,13,12,11,12,12,12,45,57,56,53,55,50,41,35,37,14,14,13,8,19,13
0,3,5,3,8,7,10,6,6,44,92,59,56,54,56,46,32,13,17,21,21,8,0,9
6,0,0,0,6,6,0,1,3,39,56,65,62,52,45,50,22,14,8,10,13,5,0,8
2,5,0,5,8,0,0,0,0,2,50,67,68,55,51,51,24,20,7,11,0,1,11,3
0,4,3,0,8,0,0,4,0,0,14,57,61,57,55,35,46,23,12,6,5,0,0,6
5,0,3,0,0,0,0,0,0,0,6,50,62,66,66,53,37,14,13,11,3,3,0,2
0,4,7,7,0,1,1,0,0,0,0,14,57,78,77,50,50,31,11,11,8,13,0,3
0,3,0,2,2,2,3,7,0,0,7,14,51,78,83,65,54,13,15,10,10,9,11,4
0,0,0,0,2,0,0,1,5,5,12,21,25,60,101,84,56,36,14,12,11,12,11,2
0,0,0,1,2,5,3,0,6,0,8,21,11,54,75,71,58,30,13,13,12,10,10,3
3,4,3,3,7,5,8,12,14,10,9,6,17,36,96,83,54,46,11,5,12,7,0,6
9,8,1,5,9,9,14,13,7,6,11,6,8,22,56,61,63,43,13,10,10,11,10,8
7,9,0,3,8,6,1,4,8,11,12,11,1,14,29,64,79,52,10,0,10,14,10,2
7,1,4,4,5,0,2,7,8,7,5,6,9,13,31,55,54,50,10,9,11,1,10,7

0,0,3,0,0,7,3,6,9,10,5,0,8,8,0,9,0,5,1,0,3,6,13,7
5,0,5,2,0,8,13,14,23,23,27,24,51,50,23,19,10,0,0,6,9,7,2,5
6,5,4,6,11,13,44,55,59,59,63,74,100,90,58,54,33,47,32,12,12,11,18,14
5,7,8,8,7,13,40,65,66,96,91,100,76,58,57,31,51,40,48,9,15,9,21,12
0,0,0,0,6,0,11,13,24,61,60,55,36,54,18,40,52,14,26,29,12,0,8,6
3,5,2,6,9,4,4,6,9,21,22,53,96,177,228,117,72,46,28,31,13,10,8,5
11,11,12,13,8,4,5,0,6,9,56,95,150,250,251,171,109,87,56,20,18,0,0,0
43,50,24,7,0,0,0,0,8,0,9,96,112,137,154,164,140,106,45,10,10,11,9,9
14,43,52,52,10,11,7,9,3,13,54,79,105,110,118,129,143,119,85,58,21,9,8,0
14,37,50,50,33,14,25,11,14,10,56,84,106,111,106,118,148,141,96,66,51,10,8,9
13,30,35,34,39,54,52,50,14,26,61,70,91,86,102,128,159,165,141,92,65,20,9,2
1,2,11,13,42,41,54,80,66,58,69,69,66,66,103,131,159,164,158,117,67,52,11,1
2,0,0,5,3,9,14,72,85,85,98,63,61,65,105,120,136,135,144,117,62,37,14,0
0,1,5,0,0,0,0,0,59,71,93,1,7,14,104,115,129,144,148,116,62,10,1,0
0,0,0,0,0,0,0,0,0,0,0,0,7,9,102,103,125,140,135,104,55,28,4,2
0,0,0,0,0,0,0,0,0,0,0,0,10,31,63,85,86,125,108,70,40,14,5,4
1,0,0,0,0,0,4,3,7,13,4,0,0,51,52,65,64,76,100,64,7,5,1,0
8,11,14,5,3,17,13,22,15,20,38,17,14,25,39,52,76,59,62,32,14,9,12,7
0,0,0,1,8,6,8,11,9,10,10,13,55,52,68,115,126,122,92,64,24,10,4,9
3,5,3,1,0,6,8,13,11,8,42,14,63,77,124,142,186,167,130,108,55,10,5,9
0,3,0,5,10,12,8,12,9,12,55,75,100,109,145,180,177,182,148,109,58,14,11,5
0,0,5,0,3,8,13,14,18,28,40,43,55,113,149,232,249,205,141,108,43,19,14,14
0,0,11,0,6,14,14,19,19,14,28,44,88,118,148,332,435,256,152,118,103,42,18,11
0,0,0,0,0,2,10,10,14,48,100,97,109,120,184,321,367,197,130,110,103,18,14,10
0,2,2,0,9,6,11,9,7,27,81,103,109,124,140,193,182,130,106,64,42,19,8,11
0,8,7,6,0,0,7,5,14,11,31,105,109,119,129,129,125,106,101,57,39,3,9,26
0,7,6,3,7,10,11,9,6,36,78,83,105,105,112,111,103,100,61,30,13,13,16,4
0,13,6,0,4,2,10,12,27,39,90,104,78,101,105,104,103,82,54,42,24,11,13,13
2,11,0,0,5,8,9,7,12,32,64,68,65,87,85,96,91,51,35,32,26,14,12,14
8,9,0,2,9,9,8,11,4,37,64,59,60,61,53,48,41,37,31,21,14,10,12,8
10,12,8,13,12,11,12,12,12,46,57,56,53,55,50,42,35,36,14,14,13,8,18,13
0,3,5,3,8,6,10,6,6,44,92,59,56,54,56,46,31,13,17,21,21,8,0,9
6,0,0,0,6,6,0,1,3,40,56,65,62,53,46,50,23,14,8,10,13,5,0,8
2,4,0,5,8,0,0,0,0,2,50,67,68,55,51,51,25,20,7,11,0,1,11,3
0,4,3,0,8,0,0,4,0,0,14,57,61,57,55,35,46,23,12,6,5,0,0,6
5,0,3,0,0,0,0,0,0,0,6,50,61,66,66,53,38,14,13,11,3,3,0,2
0,3,7,7,0,1,1,0,0,0,0,14,57,78,77,50,50,30,11,11,8,13,0,3
0,2,0,2,2,2,3,7,0,0,7,14,51,78,83,65,55,13,15,10,10,9,11,4
0,0,0,0,2,0,0,1,4,5,12,21,25,60,101,84,56,37,14,12,11,12,11,2
0,0,0,1,2,5,3,0,6,0,8,21,11,54,75,72,57,30,13,13,12,10,10,3
3,4,3,3,7,5,8,12,14,10,9,6,17,33,96,83,53,46,11,5,12,7,0,6
9,8,1,5,9,9,14,13,7,6,11,6,9,24,56,62,63,42,13,10,10,11,10,8
7,9,0,3,8,6,1,4,8,11,12,11,1,14,30,64,79,52,10,0,10,14,10,2
7,1,4,4,5,0,2,7,8,7,5,6,9,13,31,55,54,50,11,9,11,1,10,7

0,0,3,0,0,7,3,6,9,10,5,0,8,8,0,9,0,5,2,0,3,6,13,7
5,0,5,2,0,8,13,14,23,21,29,25,51,48,23,19,10,0,0,6,9,7,2,5
6,5,4,6,11,13,44,55,59,60,63,74,100,90,58,54,33,46,32,12,12,11,20,14
5,7,8,8,7,13,40,64,66,96,91,100,76,58,57,31,51,40,48,9,16,9,19,12
0,0,0,0,6,0,11,13,24,61,61,55,36,54,19,40,52,14,26,29,12,1,9,6
3,5,2,7,10,4,4,6,9,21,22,53,96,176,229,117,72,47,27,31,13,10,8,5
11,11,12,13,8,4,5,0,6,9,56,95,150,250,252,171,109,87,57,21,18,0,0,0
43,50,26,7,0,0,0,0,8,0,9,96,113,138,156,165,141,106,47,10,10,11,9,9
14,43,52,52,10,11,7,9,3,13,54,79,106,111,119,130,143,119,85,58,22,9,8,0
14,38,50,50,32,14,25,11,14,10,56,84,107,112,106,118,148,141,97,66,52,10,8,9
14,30,35,34,40,55,52,50,14,27,61,70,92,86,102,128,158,164,141,92,65,21,9,2
1,2,12,13,41,41,54,80,66,58,69,69,66,65,103,131,159,163,157,117,67,52,11,1
2,0,0,5,3,9,14,72,85,85,98,63,62,65,105,120,136,135,143,116,62,36,14,0
0,2,5,0,0,0,0,0,59,71,94,1,7,14,104,115,129,145,147,115,62,10,1,0
0,0,0,0,0,0,0,0,0,0,0,0,8,9,102,104,125,140,135,104,55,28,5,3
0,0,0,0,0,0,0,0,0,0,0,0,10,40,64,85,87,125,107,70,40,14,4,3
1,0,0,0,0,0,4,3,7,13,4,0,0,51,53,66,64,77,100,65,8,5,1,0
8,11,14,5,3,17,13,22,15,20,38,17,14,25,39,52,76,59,62,32,14,9,12,7
0,0,0,1,8,6,8,11,9,10,10,13,55,52,68,115,125,122,92,65,24,10,5,9
3,5,3,1,0,6,7,13,11,8,43,14,63,77,124,141,186,166,130,108,55,10,5,9
0,3,0,5,10,12,8,12,9,12,55,75,100,109,145,180,177,182,148,109,58,14,11,5
0,0,5,0,3,8,13,14,19,28,40,43,55,113,149,232,249,205,141,108,43,19,14,14
0,0,11,0,6,14,14,19,19,15,28,44,88,118,148,330,434,256,152,118,103,42,19,11
0,0,0,0,0,2,10,10,14,47,100,97,109,120,184,320,368,198,130,110,103,17,14,10
0,2,2,0,9,6,11,9,7,27,81,103,109,124,140,193,183,130,106,64,43,19,8,11
0,8,7,6,0,0,7,5,14,11,32,105,109,119,129,129,125,106,101,57,39,3,8,26
0,7,6,4,7,11,11,9,6,38,79,82,105,105,112,111,104,100,62,30,13,13,17,4
0,13,6,0,4,2,10,12,27,41,90,104,78,101,105,104,103,82,55,41,24,11,13,13
2,11,0,0,5,7,9,8,12,32,65,68,65,87,86,95,90,51,35,32,26,14,12,14
8,9,0,2,8,9,8,11,4,37,64,59,60,61,53,48,41,37,31,21,14,10,12,7
10,12,8,13,12,11,12,12,12,46,57,57,53,55,50,41,36,37,14,14,13,8,19,13
0,3,5,3,8,6,10,6,6,46,93,59,56,54,56,47,30,13,17,21,21,8,0,9
6,0,0,0,6,6,0,1,3,42,57,65,62,53,45,50,23,14,8,10,13,5,0,8
2,4,0,5,8,0,0,0,0,2,50,68,68,55,51,51,25,20,7,11,0,1,11,3
0,4,2,0,8,0,0,4,0,0,14,57,61,57,55,35,46,23,12,6,5,0,0,6
5,0,3,0,0,0,0,0,0,0,6,50,62,66,66,54,38,14,13,11,3,3,0,2
0,4,7,7,0,1,1,0,0,0,0,15,57,79,78,50,50,34,11,11,8,13,0,3
0,2,0,2,2,2,3,7,0,0,7,14,51,78,83,65,55,13,15,10,10,9,11,4
0,0,0,0,1,0,0,1,4,5,12,21,25,60,101,84,56,36,14,12,11,12,11,2
0,0,0,0,2,5,3,0,6,0,8,21,11,54,75,71,58,30,13,13,12,10,10,3
3,4,3,3,7,5,8,12,14,10,9,6,18,36,96,83,54,45,11,5,12,7,0,6
9,8,1,5,9,9,14,13,7,6,11,6,8,24,56,61,63,42,13,10,10,11,10,8
8,9,0,3,8,6,1,4,9,11,12,11,2,14,30,64,79,52,11,0,10,14,10,2
7,1,4,4,5,0,2,7,8,7,5,6,9,13,32,55,54,50,10,9,11,1,10,7

0,1,3,0,0,7,2,6,9,10,5,0,8,9,0,9,0,5,2,0,3,6,13,7
5,0,5,2,0,7,13,14,23,23,27,25,51,50,24,19,10,0,0,7,9,7,1,5
6,5,4,6,10,13,43,55,59,60,63,74,100,91,58,55,33,46,32,12,12,11,20,14
5,7,8,8,7,13,39,64,66,96,90,100,76,58,57,31,51,40,48,9,16,9,19,12
0,0,0,0,6,0,11,13,24,61,61,55,36,54,19,40,52,14,26,29,12,1,9,6
3,5,2,7,10,4,4,6,9,21,23,53,96,176,228,116,72,47,28,31,13,10,8,5
11,11,12,13,8,4,5,1,6,9,56,95,150,249,252,171,109,87,57,22,18,0,0,0
44,50,25,7,0,0,0,0,9,0,10,96,113,139,156,166,141,106,47,10,10,11,9,9
14,44,52,52,10,11,8,9,4,13,55,79,106,113,120,131,143,118,85,58,21,9,8,0
14,38,50,50,33,14,27,11,14,10,56,84,108,113,107,118,147,140,96,66,51,10,8,9
14,30,35,34,39,54,52,50,14,28,61,71,92,87,102,128,157,162,141,92,65,21,9,2
1,2,12,13,40,41,54,80,66,58,69,69,66,66,103,131,159,163,157,117,67,52,11,1
2,0,0,5,3,9,14,72,85,85,98,63,62,65,105,120,136,135,143,116,62,36,14,0
0,1,5,0,0,0,0,0,59,71,93,1,7,14,104,116,129,145,146,115,61,10,1,0
0,0,0,0,0,0,0,0,0,0,0,0,8,10,102,104,126,140,134,104,55,28,5,3
0,0,0,0,0,0,0,0,0,0,0,0,10,50,65,87,87,125,107,70,41,14,4,3
1,0,0,0,0,0,4,3,7,13,4,0,0,52,53,66,65,77,100,66,8,5,0,0
8,11,14,5,3,17,13,22,15,20,38,17,14,25,40,52,76,59,62,33,14,9,12,7
0,0,0,1,8,6,8,11,9,10,10,13,56,52,68,115,125,122,92,66,24,10,5,9
3,5,3,1,0,6,8,13,11,8,43,14,63,77,123,141,185,166,130,108,55,10,5,9
0,3,0,5,10,12,8,12,9,12,56,75,100,109,145,179,176,182,148,109,59,14,11,5
0,0,5,0,3,8,13,14,19,28,40,43,54,113,149,230,249,205,141,108,43,19,14,14
0,0,11,0,7,14,15,19,19,14,29,44,88,118,148,328,436,258,152,118,103,42,19,11
0,0,0,0,0,2,10,10,14,47,100,96,109,121,183,320,370,199,130,110,103,18,14,10
0,2,2,0,9,6,11,9,7,27,82,103,109,124,140,194,183,130,106,65,43,19,8,11
0,8,7,6,0,0,7,5,14,11,33,105,109,119,130,130,125,106,101,58,39,3,9,26
0,7,6,4,7,11,12,9,6,38,78,83,105,105,112,111,104,100,62,31,13,13,17,4
0,13,6,0,4,2,10,12,27,40,90,104,78,101,105,104,103,82,55,41,23,11,13,13
2,11,0,0,5,8,9,8,12,33,65,68,65,87,86,96,90,52,35,32,25,14,12,14
8,9,0,2,8,9,8,11,4,38,65,59,60,61,53,48,41,37,31,21,14,10,12,8
10,12,8,13,12,11,12,12,12,46,57,57,53,55,50,41,35,37,14,14,13,8,18,13
0,3,5,3,8,6,10,6,6,46,93,59,56,54,56,47,30,13,18,21,21,8,0,9
6,0,0,0,6,6,0,1,3,42,57,65,62,53,48,50,22,14,8,10,13,5,0,8
2,4,0,5,8,0,0,0,0,3,50,68,68,55,51,51,25,20,7,11,0,1,11,3
0,4,3,0,8,0,0,4,0,0,14,57,62,57,55,35,45,24,12,6,5,0,0,6
5,0,3,0,0,0,0,0,0,0,6,50,62,66,66,53,37,14,12,11,3,3,0,2
0,3,7,7,0,1,1,0,0,0,0,16,57,78,77,50,50,32,11,11,8,13,0,3
0,2,0,2,2,2,3,7,0,0,8,14,51,78,83,65,54,13,15,10,10,9,11,4
0,0,0,0,1,0,0,1,4,5,12,22,27,60,101,84,56,37,15,12,11,12,11,2
0,0,0,0,2,5,3,0,6,0,8,21,11,55,75,71,58,30,13,13,12,10,10,3
3,4,3,3,7,5,8,12,14,10,9,6,19,36,96,83,53,45,11,5,12,7,0,6
9,8,1,5,9,9,14,13,7,6,11,6,9,25,56,61,63,43,13,10,10,11,10,8
7,9,0,3,8,6,1,4,8,11,12,11,2,14,30,64,79,52,10,0,10,14,10,2
7,1,4,4,5,0,2,7,8,7,5,6,9,14,31,55,54,49,10,9,11,1,10,7

0,1,3,0,0,7,2,6,9,10,5,0,8,8,0,9,0,5,2,0,3,6,13,7
5,0,5,2,0,7,13,14,22,22,27,25,51,50,24,19,10,0,0,7,9,7,2,5
6,5,4,6,11,13,43,55,59,60,63,74,100,90,58,54,33,46,32,12,12,11,18,14
5,7,8,8,7,13,39,64,66,97,90,100,76,58,57,31,51,40,48,9,16,9,21,12
0,0,0,0,6,0,11,13,22,61,61,56,38,54,17,41,52,14,26,29,12,1,9,6
3,6,2,7,10,4,4,7,9,22,23,53,96,177,228,116,72,47,27,31,13,10,8,5
11,11,12,13,8,4,5,1,6,9,56,95,150,249,253,170,108,86,57,22,18,0,0,0
45,50,26,8,0,0,0,0,9,0,10,96,114,139,157,166,141,106,48,10,10,11,9,9
14,44,52,52,10,11,8,10,4,13,55,79,106,113,120,131,143,118,85,58,20,9,8,0
15,38,50,50,33,14,28,11,14,10,56,84,108,114,107,118,148,140,96,66,51,10,8,9
14,31,35,35,40,54,52,50,14,28,61,71,93,87,103,128,157,162,140,92,65,22,9,2
1,2,12,13,41,42,54,81,67,58,69,69,66,66,103,131,159,162,157,117,67,52,11,1
2,0,0,5,3,9,14,72,85,85,98,64,62,66,105,120,136,135,143,116,62,36,14,0
0,2,5,0,0,0,0,0,60,71,93,0,7,14,104,116,129,144,146,115,62,10,1,0
0,0,0,0,0,0,0,0,0,0,0,0,8,10,102,104,126,140,134,104,55,28,4,2
0,0,0,0,0,0,0,0,0,0,0,0,11,51,64,86,87,124,107,70,42,14,4,3
1,0,0,0,0,0,4,3,7,13,4,0,1,52,53,66,64,77,100,66,8,5,1,0
8,11,14,5,3,17,13,23,15,20,38,17,14,26,40,52,76,59,62,33,14,9,12,7
0,0,0,1,8,6,8,11,9,10,11,13,55,52,68,114,125,122,92,66,24,10,5,9
3,5,3,1,0,6,7,13,11,8,43,14,63,77,124,141,185,166,130,109,56,10,5,9
0,3,0,5,10,12,8,12,9,12,56,75,100,109,145,179,177,182,148,110,59,14,11,5
0,0,5,0,3,8,14,14,19,28,40,43,55,113,149,231,250,206,141,108,43,19,14,14
0,0,11,0,7,14,15,19,19,15,29,44,88,118,147,329,436,257,152,118,103,42,19,11
0,0,0,0,0,2,10,10,14,48,100,97,109,121,184,320,370,199,130,110,103,19,14,10
0,2,2,0,9,6,11,9,7,30,81,103,109,125,140,194,184,130,106,65,43,19,8,11
0,8,7,6,0,0,7,5,14,11,33,105,109,119,130,130,125,106,101,58,39,3,8,26
0,7,6,4,7,11,12,9,6,38,78,83,105,105,112,111,104,100,62,30,13,13,17,4
0,13,6,0,4,2,10,12,29,40,90,105,78,101,105,104,103,83,54,41,24,11,13,13
2,11,0,0,5,8,9,8,12,33,65,68,65,87,85,96,90,51,35,31,25,14,12,14
8,9,0,2,8,9,8,11,4,38,65,59,60,61,53,49,41,37,31,21,14,10,12,8
10,12,8,13,12,11,12,12,12,46,57,57,53,55,50,41,35,37,14,14,13,8,19,13
0,3,5,3,8,6,10,6,6,46,93,59,56,55,56,46,32,13,17,21,21,8,0,9
5,0,0,0,6,6,0,1,3,41,56,65,62,53,47,50,22,14,9,10,13,5,0,8
2,4,0,5,8,0,0,0,0,3,50,68,68,55,51,51,25,20,7,11,0,1,11,3
0,4,3,0,8,0,0,4,0,0,14,57,61,57,55,35,46,22,12,5,5,0,0,6
5,0,3,0,0,0,0,0,0,0,7,50,62,66,66,53,37,14,12,11,3,3,0,2
0,3,7,7,0,1,1,0,0,0,0,15,57,78,77,50,50,31,11,11,8,13,0,3
0,2,0,2,2,2,3,6,0,0,8,14,51,78,83,65,54,13,15,10,10,9,11,4
0,0,0,0,1,0,0,1,4,5,12,22,26,60,101,84,56,37,14,12,11,12,11,2
0,0,0,0,2,5,2,0,6,0,8,22,11,54,75,71,58,31,13,13,12,10,10,3
3,4,3,3,7,5,8,12,14,10,9,6,18,36,96,83,53,46,11,5,12,7,0,6
9,8,1,5,9,9,14,13,7,6,11,6,9,25,56,61,63,44,13,10,10,11,10,8
7,9,0,3,8,6,1,4,8,11,12,11,2,14,30,64,79,52,10,0,10,14,10,2
7,1,4,4,5,0,2,7,8,7,5,6,9,14,31,55,54,50,11,9,11,1,10,7

0,1,3,0,0,7,2,6,9,10,5,0,8,9,0,9,0,5,2,0,3,6,13,7
5,0,5,2,0,7,13,14,23,22,29,25,51,50,24,19,10,0,0,7,9,7,2,5
6,5,4,6,11,13,43,55,59,60,63,75,100,91,57,54,33,46,32,12,12,11,20,14
5,7,9,8,7,13,40,65,67,97,91,100,77,58,57,34,51,40,48,9,16,9,21,12
0,0,0,0,6,0,11,13,25,61,61,56,36,54,17,40,52,14,26,29,12,1,9,6
3,6,2,7,10,4,4,7,9,22,23,53,96,177,228,116,72,46,28,31,13,10,8,5
11,11,12,13,8,4,5,1,6,9,56,95,151,249,253,171,108,86,57,22,18,0,0,0
47,50,26,8,0,0,0,0,9,0,10,96,113,139,157,166,141,106,47,10,10,11,9,9
14,43,52,52,10,11,8,10,4,13,55,79,106,113,120,131,143,118,85,58,21,9,8,0
15,39,50,50,34,14,28,11,14,11,56,84,108,113,107,118,148,140,96,66,52,10,8,9
14,31,35,36,41,54,53,50,14,29,61,71,93,86,103,128,158,163,141,93,65,22,9,2
2,2,12,13,41,42,55,81,67,58,70,69,66,66,103,131,159,162,157,117,67,52,11,1
2,0,0,5,3,9,15,72,85,85,98,64,63,65,105,120,136,135,143,116,62,36,14,0
0,2,5,0,0,0,0,0,60,71,93,1,7,14,104,115,129,144,146,115,62,10,1,0
0,0,0,0,0,0,0,0,0,0,0,0,8,9,102,104,125,140,134,104,55,28,4,2
0,0,0,0,0,0,0,0,0,0,0,0,11,50,64,86,86,124,107,70,42,14,4,3
1,0,0,0,0,0,4,3,7,13,4,0,1,52,53,66,64,76,100,66,8,5,0,0
8,12,14,5,3,17,13,22,15,20,38,17,14,25,39,52,76,59,62,33,14,9,12,7
0,0,0,1,8,6,8,11,9,10,11,13,55,52,68,114,125,122,92,66,24,10,5,9
4,5,3,1,0,6,8,13,12,8,43,14,64,77,124,141,185,166,130,109,56,10,5,9
0,3,0,5,10,12,9,12,9,12,55,76,100,109,145,180,177,182,148,110,59,14,11,5
0,0,5,0,3,8,13,14,19,28,40,43,55,113,149,232,249,206,141,108,43,19,14,14
0,0,11,0,7,14,15,19,19,15,29,44,89,118,148,330,436,257,152,118,103,42,19,11
0,0,0,0,0,2,10,10,14,48,100,97,109,121,185,321,371,199,130,110,103,19,14,10
0,2,2,0,9,6,11,9,7,29,82,103,109,125,140,194,183,130,106,66,43,19,8,11
0,8,7,6,0,0,7,5,14,11,32,105,109,119,130,130,125,106,101,58,39,3,9,26
0,7,6,3,7,11,12,10,6,38,78,83,105,105,112,111,104,100,62,29,13,13,17,4
0,13,6,0,4,2,10,12,28,40,91,104,78,102,105,104,104,82,55,40,25,11,13,13
2,11,0,0,5,8,9,8,12,33,65,68,65,86,86,96,90,52,35,31,25,14,12,14
8,9,0,2,9,9,8,11,4,38,65,59,60,61,53,48,41,37,32,21,14,10,12,8
10,12,8,13,12,11,12,12,12,46,57,57,53,55,50,41,36,37,14,14,13,8,18,13
0,3,5,3,8,6,10,6,6,44,92,59,56,54,56,47,32,13,18,21,21,8,0,9
6,0,0,0,6,6,0,1,3,42,56,65,62,53,47,50,22,14,8,10,13,5,0,8
2,4,0,5,8,0,0,0,0,3,50,68,68,55,51,51,25,20,7,11,0,1,11,3
0,4,3,0,8,0,0,4,0,0,14,57,61,57,55,35,45,22,12,6,5,0,0,6
5,0,3,0,0,0,0,0,0,0,6,50,62,66,66,54,37,14,13,11,3,3,0,2
0,3,7,7,0,1,1,0,0,0,0,15,57,78,77,50,50,30,11,11,8,13,0,3
0,2,0,2,2,2,3,7,0,0,8,14,51,79,83,65,55,13,15,10,10,9,11,4
0,0,0,0,1,0,0,1,4,5,12,22,26,60,101,84,56,37,14,12,11,12,11,2
0,0,0,0,2,5,2,0,6,0,8,21,11,55,75,72,58,31,13,13,12,9,10,3
3,4,3,3,7,5,8,12,14,10,9,6,19,36,97,83,53,47,11,5,12,7,0,6
9,8,1,5,9,9,14,13,7,6,11,6,9,24,56,62,63,43,13,10,10,11,10,8
7,9,0,3,8,6,1,4,8,11,12,11,2,14,30,64,80,52,11,0,10,14,10,2
7,1,4,4,5,0,2,7,8,7,5,6,9,13,30,55,54,50,11,9,11,1,10,7

0,1,3,0,0,7,3,6,9,10,5,0,8,9,0,9,0,5,2,0,3,6,13,7
5,0,5,2,0,7,13,14,24,24,29,28,51,50,26,19,10,0,0,7,9,7,2,5
6,5,4,6,11,13,45,55,59,60,64,75,100,91,58,55,33,46,32,12,12,11,20,14
5,7,9,8,7,13,40,65,67,98,91,100,77,59,57,34,51,40,48,9,16,9,21,12
0,0,0,0,6,0,12,13,26,61,61,56,37,54,19,40,52,15,26,29,12,1,9,6
3,6,3,7,10,4,5,7,9,22,24,53,96,177,228,116,72,47,29,31,13,10,8,5
11,11,12,13,8,5,5,1,6,9,57,95,150,250,254,171,108,86,56,22,18,0,0,0
46,50,26,8,0,0,0,0,9,1,10,96,113,139,157,167,141,106,48,10,10,11,9,9
14,44,52,52,10,11,8,10,4,13,55,79,106,113,120,131,144,118,85,58,21,9,8,0
14,39,50,50,35,14,28,11,14,11,56,84,108,113,107,119,148,140,97,66,52,10,8,9
14,30,35,35,40,55,53,50,14,29,61,71,93,86,103,128,158,163,141,93,65,22,9,2
1,2,12,14,43,42,54,81,67,59,69,69,66,66,103,131,159,163,157,117,67,52,11,1
2,0,0,5,3,9,15,72,85,85,99,64,63,67,105,120,136,135,143,116,62,36,14,0
0,2,5,0,0,0,0,0,60,71,95,1,7,14,104,115,129,144,147,115,62,10,1,0
0,0,0,0,0,0,0,0,0,0,0,0,8,9,102,104,125,140,134,104,56,28,4,2
0,0,0,0,0,0,0,0,0,0,0,0,10,46,64,85,86,124,107,70,41,14,4,3
1,0,0,0,0,0,4,3,7,13,5,0,0,52,53,66,64,76,100,65,8,5,0,0
8,12,14,5,3,17,13,23,15,20,38,17,14,25,40,52,76,59,61,33,14,9,12,7
0,0,0,1,8,6,8,11,9,10,11,13,55,52,68,115,125,122,92,66,24,10,5,9
4,5,3,1,0,6,7,13,12,8,42,14,64,77,124,141,185,166,130,109,56,10,5,9
0,3,0,5,10,12,8,12,9,12,56,75,100,109,145,180,176,182,148,109,59,14,11,5
0,0,5,0,3,8,13,14,19,29,40,43,55,113,149,232,250,205,141,108,43,19,14,14
0,0,11,0,7,14,15,20,19,15,28,44,88,118,148,332,437,257,152,118,103,42,19,11
0,0,0,0,0,2,10,11,14,47,100,98,109,121,185,323,370,199,130,110,103,20,14,10
0,2,2,0,9,6,11,9,7,30,82,103,109,125,140,194,183,130,106,65,43,19,8,11
0,8,7,6,0,0,7,5,14,11,32,105,109,119,130,130,125,106,101,58,39,3,8,26
0,7,6,4,7,11,12,10,6,38,78,83,105,105,112,111,104,100,62,30,13,13,16,4
0,13,7,0,4,2,10,12,29,41,90,104,78,101,105,104,103,82,55,42,24,11,13,13
2,11,0,0,5,8,9,8,12,32,65,68,65,87,86,96,91,52,35,31,25,14,12,14
8,9,0,2,8,9,8,11,5,38,65,59,60,61,53,48,41,37,32,21,14,10,12,8
10,12,8,13,12,11,12,12,12,46,57,57,53,55,50,41,36,37,14,14,13,8,19,13
0,3,5,3,8,6,10,6,6,46,93,59,56,54,56,47,30,13,18,21,21,8,0,9
6,0,0,0,6,6,0,1,3,43,56,65,62,53,47,50,23,14,9,10,13,5,0,8
2,4,0,5,8,0,0,0,0,3,50,68,68,55,52,51,25,20,7,11,0,1,11,3
0,4,2,0,8,0,0,4,0,0,14,57,61,57,55,35,46,22,12,6,5,0,0,6
5,0,3,0,0,0,0,0,0,0,7,50,62,66,66,53,37,14,12,11,3,3,0,2
0,3,7,7,0,1,1,0,0,0,0,15,57,79,77,50,50,32,11,11,8,13,0,3
0,2,0,2,2,2,3,7,0,0,8,14,51,78,83,65,54,13,16,10,10,9,11,4
0,0,0,0,1,0,0,1,4,5,12,22,26,60,101,84,56,37,14,12,11,12,11,2
0,0,0,0,2,5,2,0,6,0,8,21,11,55,75,71,58,30,13,13,12,9,10,3
3,4,3,3,7,5,8,12,14,10,9,6,19,37,96,84,54,46,11,5,12,7,0,6
9,8,1,5,9,9,14,13,7,6,11,6,9,24,56,61,63,43,13,10,10,11,10,8
7,9,0,3,8,6,1,4,8,11,12,11,2,14,30,64,80,52,11,0,10,14,10,2
7,1,4,4,5,0,2,7,8,6,5,6,9,14,31,55,54,50,11,9,11,1,10,7

0,1,3,0,0,7,3,6,9,10,5,0,8,9,0,9,0,5,2,0,3,6,13,7
5,0,5,2,0,8,13,14,25,23,29,27,51,50,26,19,10,0,0,7,9,7,2,5
6,5,4,6,11,13,44,55,59,60,64,75,100,91,58,55,33,47,32,12,12,11,20,14
5,7,9,9,7,13,40,66,67,98,91,100,77,58,57,34,51,40,48,9,16,9,21,12
0,0,0,0,6,0,12,13,28,62,61,56,37,54,16,40,52,14,26,29,12,1,9,6
3,6,3,7,10,4,5,7,9,22,23,53,96,176,227,116,72,48,28,31,13,10,8,5
11,11,12,13,8,5,5,1,6,9,56,95,151,250,254,171,109,87,57,22,18,0,0,0
44,50,26,8,0,0,0,0,9,1,10,96,113,139,157,167,142,107,50,10,10,11,9,9
14,46,52,52,11,11,8,10,4,13,55,79,106,113,120,131,144,119,85,58,23,9,8,0
14,39,50,50,35,14,28,11,14,11,56,84,108,113,107,119,149,141,97,66,52,10,8,9
14,31,35,35,40,54,53,51,14,29,61,71,92,86,103,129,159,164,142,93,65,23,9,2
1,2,12,13,41,42,54,81,67,59,70,69,66,66,103,131,159,163,158,118,67,52,11,1
2,0,0,5,3,9,16,72,85,85,99,64,63,65,105,120,136,135,144,117,62,36,14,0
0,2,5,0,0,0,0,1,60,71,95,1,7,14,104,115,128,144,147,115,62,10,1,0
0,0,0,0,0,0,0,0,0,0,0,0,8,9,102,103,125,140,134,104,55,28,4,2
0,0,0,0,0,0,0,0,0,0,0,0,10,39,63,84,86,124,106,69,40,14,4,3
2,0,0,0,0,0,4,3,7,13,5,0,0,51,52,66,64,76,100,65,8,5,0,0
8,12,14,5,3,17,13,23,15,20,38,17,14,24,39,52,76,59,61,32,14,9,12,7
0,0,0,1,8,6,8,11,9,10,11,13,55,52,68,115,125,122,92,66,24,10,5,9
3,5,3,1,0,6,7,13,11,8,43,14,63,77,124,141,186,166,130,109,56,10,5,9
0,3,0,5,10,12,9,12,9,12,56,75,100,109,146,180,177,182,148,109,59,14,11,5
0,0,5,0,3,8,13,14,19,29,40,43,55,113,150,234,250,205,141,108,43,19,14,14
0,0,11,0,7,14,15,20,19,15,28,44,90,118,149,335,437,256,152,118,103,43,19,11
0,0,0,0,0,2,10,10,14,48,100,97,109,121,186,323,369,197,130,110,103,19,14,10
0,2,2,0,9,6,11,9,8,29,82,103,109,125,141,194,183,130,106,65,43,19,8,11
0,8,7,6,0,0,7,5,14,11,33,105,109,119,130,130,125,106,101,60,40,3,9,26
0,7,6,4,7,10,12,10,6,36,79,83,105,105,112,111,104,100,62,30,13,13,16,4
0,13,7,0,4,2,10,12,28,40,90,105,78,101,105,104,103,83,55,42,24,11,13,13
2,11,0,0,5,8,9,8,12,33,65,68,65,87,86,96,90,53,35,32,25,14,12,14
8,9,0,2,8,9,8,11,4,38,65,59,60,61,53,48,41,37,32,21,14,10,12,8
10,12,8,13,12,11,12,12,12,46,57,56,53,55,50,41,36,37,14,14,13,8,18,13
0,3,5,3,8,6,10,6,6,44,91,59,56,54,56,46,32,13,18,21,21,8,0,9
6,0,0,0,6,6,0,1,3,41,56,65,62,53,48,50,22,14,9,10,13,5,0,8
2,4,0,5,8,0,0,0,0,2,50,67,68,55,51,51,25,20,7,11,0,1,11,3
0,4,3,0,8,0,0,4,0,0,14,57,61,57,56,35,45,23,12,6,5,0,0,6
4,0,3,0,0,0,0,0,0,0,6,50,61,66,66,53,37,14,12,11,3,3,0,2
0,3,7,7,0,1,1,0,0,0,0,15,57,79,78,50,50,30,11,11,8,13,0,3
0,2,0,2,2,2,3,7,0,0,8,14,51,78,83,65,55,13,15,10,10,9,11,4
0,0,0,0,2,0,0,1,4,5,12,22,26,60,102,84,56,38,14,12,11,12,11,2
0,0,0,0,2,5,2,0,6,0,8,21,11,54,75,72,58,31,13,13,12,9,10,3
3,4,3,3,8,5,8,12,14,10,9,6,19,36,96,84,53,46,11,5,12,7,0,6
9,8,1,5,9,9,14,13,7,6,11,6,9,26,56,61,64,44,14,10,10,11,10,8
7,9,0,3,8,6,1,4,8,11,12,11,2,14,30,64,81,53,11,0,10,14,10,2
7,1,4,4,5,0,2,7,8,7,5,6,9,14,31,55,54,50,11,9,11,1,10,7

0,1,3,0,0,7,3,6,9,10,6,0,8,9,0,9,0,5,2,0,3,6,13,7
5,0,5,2,0,8,13,14,27,25,30,28,51,50,27,19,10,0,0,7,9,7,2,5
6,5,4,6,11,13,45,56,59,60,64,75,100,91,58,55,33,47,32,12,12,11,18,14
5,7,9,9,7,13,41,66,67,99,91,100,77,58,57,34,51,40,48,9,15,9,21,12
0,0,0,0,6,0,12,14,30,62,61,56,37,54,18,40,52,14,26,29,12,1,9,6
3,6,3,7,10,4,5,7,9,23,24,53,96,175,226,116,71,47,28,31,13,10,8,5
11,11,12,13,8,5,5,1,6,9,56,95,150,251,256,172,109,87,57,22,18,0,0,0
43,50,27,8,0,0,0,0,9,1,10,96,113,138,157,167,142,107,50,10,10,11,9,9
14,43,52,52,11,11,8,10,4,13,55,79,106,112,119,131,145,119,86,58,21,9,9,0
15,39,50,51,36,14,28,11,14,11,56,84,107,113,107,119,149,141,97,66,52,10,8,9
14,31,35,35,41,54,53,51,14,30,61,71,92,86,103,129,159,165,142,93,65,22,9,2
1,2,11,13,41,42,54,81,67,59,70,69,66,66,104,131,159,163,158,117,67,52,11,0
2,0,0,5,3,9,17,72,85,85,98,64,63,66,105,120,136,135,143,116,62,36,14,0
0,2,5,0,0,0,0,1,61,71,96,1,7,14,104,115,129,145,148,116,62,10,1,0
0,0,0,0,0,0,0,0,0,0,0,0,8,9,102,103,125,140,134,104,56,28,4,2
0,0,0,0,0,0,0,0,0,0,0,0,10,35,63,84,86,124,106,70,40,14,4,3
2,0,0,0,0,0,4,3,7,13,5,0,0,51,52,66,64,76,100,65,8,5,0,0
8,12,14,5,3,17,13,23,15,20,38,17,14,24,39,52,76,59,61,32,14,9,12,7
0,0,0,1,8,6,8,11,9,10,11,13,55,52,68,115,125,122,92,66,24,10,4,9
4,5,3,1,0,6,8,13,11,8,43,14,64,77,124,141,186,166,130,109,56,10,5,9
0,3,0,5,10,12,9,12,9,12,56,76,100,109,145,180,177,182,148,110,60,14,11,5
0,0,5,0,3,8,13,14,19,28,40,43,54,113,150,233,251,205,141,108,43,19,14,14
0,0,11,0,7,14,15,20,19,15,29,44,88,118,149,335,439,256,152,118,103,43,19,11
0,0,0,0,0,2,10,10,14,48,100,97,109,121,186,322,369,197,130,110,103,19,14,10
0,2,2,0,9,6,11,9,8,30,84,103,109,125,140,194,183,130,106,65,43,20,8,11
0,8,7,6,0,0,7,5,14,11,32,105,109,119,130,130,125,106,101,58,40,3,9,26
0,7,6,4,7,11,12,10,6,38,79,83,105,105,112,111,103,100,62,31,13,13,17,4
0,13,7,0,4,2,10,12,29,41,90,104,78,101,105,104,103,82,55,41,24,11,13,13
2,11,0,0,5,8,9,8,12,32,65,68,65,87,86,96,90,53,36,32,25,14,12,14
8,9,0,2,9,9,8,11,4,37,65,59,60,61,53,48,41,38,32,21,14,10,12,7
10,12,8,13,12,11,12,12,12,46,57,57,53,55,50,41,36,37,14,14,13,8,18,13
0,3,5,3,8,6,10,6,6,44,92,59,56,54,56,46,32,13,18,21,21,8,0,9
6,0,0,0,6,6,0,1,3,39,56,65,62,53,47,50,22,14,9,10,13,5,0,8
2,4,0,5,8,0,0,0,0,2,50,67,68,55,52,51,25,20,7,11,0,1,11,3
0,4,3,0,8,0,0,4,0,0,14,57,61,57,55,35,45,23,12,5,5,0,0,6
5,0,3,0,0,0,0,0,0,0,6,50,62,66,66,54,37,14,13,11,3,3,0,2
0,3,7,7,0,1,1,0,0,0,0,15,57,79,78,50,50,32,11,11,8,13,0,3
0,2,0,2,2,2,3,6,0,0,8,14,51,79,83,65,55,13,15,10,10,9,11,4
0,0,0,0,1,0,0,1,4,5,12,22,26,60,102,84,56,38,14,12,11,12,11,2
0,0,0,0,2,5,2,0,6,0,8,22,11,54,75,72,58,31,13,13,12,10,10,3
3,4,3,3,7,5,8,12,14,10,9,6,19,37,96,84,54,46,12,5,12,7,0,6
9,8,1,5,9,9,14,13,7,6,11,6,9,26,56,62,64,45,14,10,10,11,10,8
7,9,0,3,8,6,1,4,8,11,12,11,2,15,30,64,80,52,11,0,10,14,10,2
7,1,4,4,5,0,2,7,8,7,5,6,9,14,32,55,54,50,11,9,11,1,10,7

0,1,3,0,0,7,3,6,9,10,6,0,8,9,0,9,0,5,2,0,3,6,13,7
5,0,5,2,0,8,13,14,25,25,30,29,51,50,29,19,10,0,0,7,9,7,2,5
6,5,4,6,11,13,44,55,59,60,64,76,100,93,58,54,33,46,33,12,12,11,20,14
5,7,9,9,7,13,41,67,67,99,92,100,77,59,57,34,51,40,48,9,16,9,21,12
0,0,0,0,7,0,12,13,30,62,61,56,40,54,18,41,52,15,26,29,12,1,9,6
3,6,3,7,10,4,5,7,9,23,24,53,96,176,226,116,72,47,28,31,13,10,8,5
11,11,12,13,8,5,5,1,6,9,56,95,151,250,255,172,109,87,57,23,19,0,0,0
45,50,26,8,0,0,0,0,9,1,10,96,114,139,157,168,142,107,50,10,10,11,9,9
14,45,52,52,11,11,8,10,4,13,55,79,106,113,120,132,144,119,86,58,22,9,8,0
15,40,50,50,36,14,29,11,14,11,57,84,108,113,107,119,149,141,97,66,52,10,8,9
14,32,36,35,41,54,53,51,14,30,61,71,92,86,103,128,158,164,141,92,65,22,9,2
1,2,12,13,42,43,54,81,67,59,70,69,66,66,103,131,159,163,157,117,67,52,11,0
2,0,0,5,3,9,17,72,85,85,99,64,63,65,105,120,136,134,142,116,62,36,14,0
0,2,5,0,0,0,0,1,60,71,95,1,7,14,104,115,129,144,146,115,62,10,1,0
0,0,0,0,0,0,0,0,0,0,0,0,8,10,102,104,126,140,133,104,56,28,4,2
0,0,0,0,0,0,0,0,0,0,0,0,10,46,64,85,86,124,107,70,42,14,4,3
1,0,0,0,0,0,4,3,7,13,5,0,0,52,53,66,64,76,100,65,8,5,0,0
8,12,14,5,3,17,14,23,15,20,39,17,14,25,40,52,76,59,61,33,14,9,12,7
0,0,0,1,8,6,8,11,9,10,11,13,55,52,68,114,125,122,92,67,25,10,4,9
4,5,3,1,0,6,8,13,12,8,45,14,64,77,124,141,185,167,131,109,57,10,5,9
0,3,0,5,10,12,9,12,9,12,56,75,100,109,145,180,177,182,148,110,60,14,11,5
0,0,5,0,3,8,14,14,19,28,40,43,55,113,149,233,250,206,141,108,44,19,15,14
0,0,11,0,7,14,15,20,20,15,28,44,89,118,148,333,438,257,152,118,103,43,19,11
0,0,0,0,0,2,10,11,14,48,100,97,109,121,185,322,370,198,130,110,103,20,14,10
0,2,2,0,9,6,11,9,8,30,82,103,109,125,141,194,183,130,106,67,43,19,8,11
0,8,7,6,1,0,7,5,14,11,32,105,109,119,130,130,125,106,101,59,40,3,9,27
0,7,6,4,7,11,12,10,6,36,79,83,105,105,112,111,104,100,62,30,13,13,16,4
0,13,7,0,4,2,10,12,29,41,90,104,78,102,105,104,104,85,55,42,24,11,13,13
2,11,0,0,5,8,9,8,12,32,65,68,65,87,85,95,91,51,35,31,25,14,12,14
8,9,0,3,9,9,8,11,4,38,65,59,60,61,53,48,41,38,32,22,14,10,12,8
10,12,8,13,12,11,12,12,12,46,57,57,53,55,50,41,36,37,14,14,13,8,18,13
0,3,5,3,8,6,10,6,6,44,92,59,56,54,56,46,32,13,18,21,21,8,0,9
5,0,0,0,6,6,0,1,3,39,56,65,62,53,47,50,22,14,9,10,13,5,0,8
2,5,0,5,8,0,0,0,0,2,50,68,68,55,52,51,25,21,7,11,0,1,11,3
0,4,2,0,8,0,0,4,0,0,14,57,61,57,55,35,45,22,12,5,5,0,0,6
5,0,3,0,0,0,0,0,0,0,7,50,62,67,66,53,38,14,12,11,3,3,0,2
0,3,7,7,0,1,1,0,0,0,0,15,57,79,77,50,50,29,11,11,8,13,0,3
0,2,0,2,2,2,3,6,0,0,8,14,51,79,84,65,55,13,15,10,10,9,11,4
0,0,0,0,1,0,0,1,4,5,12,22,27,60,101,84,56,37,14,12,11,12,11,2
0,0,0,0,2,5,2,0,5,0,8,21,11,55,75,72,58,31,13,13,12,10,10,3
3,4,3,3,7,5,8,12,13,10,9,6,19,37,96,84,53,46,12,5,12,8,0,6
9,8,1,5,9,9,14,13,7,6,11,6,9,24,57,61,63,44,14,10,10,11,10,8
7,9,0,3,8,6,1,4,8,11,12,11,2,15,30,64,80,53,11,0,10,14,10,2
7,1,4,4,5,0,2,7,8,7,5,6,9,14,32,55,54,50,11,9,11,2,10,7

1,1,3,0,0,7,3,6,9,10,6,1,8,9,0,9,0,5,2,0,3,6,13,7
5,0,5,2,0,8,13,14,25,25,31,29,51,50,30,19,10,0,0,7,9,7,2,5
6,5,4,6,11,13,44,55,59,60,64,76,100,92,58,55,33,46,33,12,12,11,20,14
5,7,9,9,7,13,40,67,67,99,92,100,78,59,58,34,52,40,48,9,16,9,21,12
0,0,0,0,6,0,12,13,30,62,61,56,38,54,17,40,52,15,26,29,12,1,9,6
3,6,3,7,10,4,5,7,9,23,24,53,96,175,226,115,71,48,28,31,13,10,8,5
11,11,12,13,8,5,5,1,6,9,56,95,150,250,255,171,108,86,57,22,18,0,0,0
47,50,26,8,0,0,0,0,9,1,10,96,114,140,159,168,142,107,50,10,10,11,8,9
14,43,52,52,11,11,8,10,4,13,55,79,106,114,121,132,144,118,85,58,21,9,8,0
15,41,50,50,36,14,29,11,14,11,57,85,109,114,107,119,148,140,97,66,52,10,8,9
14,31,36,35,40,55,53,51,14,30,61,71,93,86,103,128,157,163,140,92,65,23,9,2
1,2,12,13,42,42,54,81,67,59,70,69,66,66,103,131,158,163,156,117,67,52,11,0
2,0,0,5,3,9,16,72,85,85,98,64,62,68,105,120,136,134,142,115,62,36,14,0
0,2,5,0,0,0,0,1,61,71,95,1,7,14,104,116,129,144,145,114,62,10,1,0
0,0,0,0,0,0,0,0,0,0,0,0,8,10,102,104,126,140,133,104,56,28,4,2
0,0,0,0,0,0,0,0,0,0,0,0,11,52,65,87,87,124,107,70,43,14,4,3
1,0,0,0,0,0,4,3,7,13,5,0,1,52,53,66,65,76,100,66,8,5,0,0
8,12,14,5,3,17,14,23,15,20,38,18,14,26,40,52,76,59,62,33,14,9,12,7
0,0,0,1,8,6,8,11,9,10,11,13,55,52,67,114,124,122,93,67,25,10,5,9
4,5,3,1,0,6,8,13,12,8,45,14,64,77,123,141,185,166,131,109,57,10,5,9
0,3,0,5,10,12,9,12,9,12,55,76,100,109,145,179,177,182,149,110,60,14,11,5
0,0,5,0,3,8,14,14,19,29,40,43,55,113,149,232,250,206,142,109,44,19,15,14
0,0,11,0,7,14,15,20,19,15,29,44,88,118,148,331,439,258,153,118,103,43,19,11
0,0,0,0,0,2,10,11,14,48,100,97,109,121,184,322,371,199,130,110,103,19,14,10
0,2,2,0,9,6,11,9,8,31,84,103,109,125,141,194,184,130,106,67,43,20,8,11
0,8,7,6,1,0,7,5,14,11,33,105,109,119,130,130,125,106,101,59,40,3,9,26
0,7,6,4,7,11,12,10,6,38,79,83,105,105,112,111,103,100,62,31,13,13,16,4
0,13,7,0,4,2,10,12,29,41,90,105,78,102,105,104,104,83,55,42,24,11,13,13
2,11,0,0,5,8,9,8,12,32,65,68,65,87,86,96,91,53,35,31,25,14,12,14
8,9,0,2,9,9,8,11,4,38,65,59,60,61,53,48,41,37,32,21,14,10,12,8
10,12,8,13,12,11,12,12,12,46,57,57,53,55,50,42,36,37,14,14,13,8,18,13
0,3,5,3,8,6,10,6,6,47,92,59,56,55,57,46,33,13,18,21,21,8,0,9
6,0,0,0,6,6,0,0,3,41,56,65,62,53,47,50,22,14,9,10,13,5,0,8
2,4,0,5,8,0,0,0,0,3,50,67,68,55,52,51,25,20,7,11,0,1,11,3
0,4,2,0,8,0,0,4,0,0,14,57,61,57,56,35,46,22,12,5,5,0,0,6
5,0,3,0,0,0,0,0,0,0,7,50,62,66,66,54,37,14,13,11,3,3,0,2
0,3,7,7,0,1,1,0,0,0,0,16,57,79,78,50,50,31,11,11,8,13,0,3
0,2,0,2,2,2,3,6,0,0,8,14,51,79,84,65,55,13,15,10,10,9,11,4
0,0,0,0,1,0,0,1,4,5,12,22,26,60,101,84,56,37,14,12,11,12,11,2
0,0,0,0,2,5,2,0,6,0,8,21,11,54,75,72,57,31,13,13,12,10,10,3
3,4,3,2,7,5,8,12,13,10,9,6,18,38,96,84,53,46,11,5,12,8,0,6
9,8,1,5,9,9,14,13,7,6,11,6,9,25,56,62,63,45,14,10,10,11,10,8
7,9,0,3,8,6,1,4,8,11,12,11,2,15,30,64,81,53,11,0,10,14,10,2
7,1,4,4,5,0,2,7,8,6,5,6,9,14,32,55,54,50,11,9,11,2,10,7

1,1,3,0,0,7,3,6,9,10,6,1,8,9,0,9,0,5,2,0,3,6,13,7
5,0,5,2,0,7,13,14,27,25,30,29,51,50,27,20,10,0,0,7,9,7,2,5
6,6,4,6,11,13,45,55,60,60,64,76,100,93,58,55,33,46,32,12,12,11,18,14
5,8,9,9,7,13,40,66,67,100,93,101,78,59,58,35,51,40,48,9,16,9,21,12
0,0,0,0,6,0,12,13,31,62,62,56,38,54,17,40,52,15,26,29,12,1,9,6
3,6,3,7,10,4,5,7,9,23,24,53,96,175,225,115,71,47,28,31,13,10,8,5
12,11,12,13,8,5,5,1,6,9,56,95,150,250,255,170,108,86,57,22,18,0,0,0
45,50,27,8,0,0,0,0,9,1,10,97,114,140,159,168,142,107,50,10,10,11,8,9
14,44,52,52,11,11,8,10,5,13,56,80,106,114,121,132,144,118,85,58,22,9,8,0
15,40,50,50,36,14,29,11,14,11,57,85,109,114,108,119,148,140,97,66,52,10,8,9
14,32,35,35,40,54,53,51,14,32,62,71,93,87,103,128,157,162,140,92,65,22,9,2
2,2,12,14,43,43,54,81,67,59,70,69,66,66,104,131,159,162,156,117,67,52,11,0
2,0,0,5,3,9,16,72,85,85,98,64,64,67,105,120,136,135,142,115,62,36,14,0
0,2,5,0,0,0,0,1,61,71,95,1,7,14,104,116,129,144,145,114,62,10,1,0
0,0,0,0,0,0,0,0,0,0,0,0,9,10,102,104,126,140,133,104,56,28,4,2
0,0,0,0,0,0,0,0,0,0,0,0,11,52,65,86,87,124,106,69,43,14,4,3
2,0,0,0,0,0,4,3,7,13,5,0,1,52,53,66,64,76,100,66,8,5,0,0
8,12,14,5,3,18,13,23,15,20,39,18,14,26,40,52,76,59,62,33,15,9,12,7
0,0,0,1,8,6,8,11,9,10,11,13,55,52,67,114,124,122,92,68,25,10,5,9
4,5,3,1,0,6,7,13,12,9,45,14,63,77,123,141,185,166,131,109,57,10,5,9
0,3,0,5,10,12,9,12,9,12,56,77,100,109,145,180,177,183,149,110,61,14,11,5
0,0,5,0,3,8,14,14,19,29,40,43,55,113,149,232,251,206,142,109,44,20,14,14
0,0,11,0,7,14,15,20,20,15,29,44,90,118,148,332,439,258,152,118,103,43,19,11
0,0,0,0,0,2,10,11,14,48,100,98,109,121,185,322,371,199,130,110,104,20,14,10
0,2,2,0,9,6,11,9,8,31,84,103,109,125,141,195,184,130,106,67,43,19,8,11
0,8,7,6,1,0,7,5,14,11,32,105,109,119,130,130,125,106,101,58,39,3,9,26
0,7,6,4,7,11,12,10,6,38,79,83,105,105,112,111,104,100,62,31,13,13,16,4
0,13,7,0,4,2,10,12,29,41,90,105,78,102,105,104,104,85,55,41,24,11,13,13
2,11,0,0,5,8,9,8,12,33,65,68,65,87,86,96,90,53,35,31,26,14,12,14
8,9,0,2,8,9,8,11,4,38,65,59,60,61,53,48,41,37,32,22,14,10,12,8
10,12,8,13,12,11,12,12,12,46,57,57,53,55,50,42,36,37,14,14,13,8,18,13
0,3,5,3,8,6,10,6,6,46,92,59,56,55,57,47,32,13,18,21,21,8,0,9
6,0,0,0,6,7,0,1,3,41,56,65,62,53,49,50,23,14,9,10,13,5,0,8
2,5,0,5,8,0,0,0,0,3,50,68,68,55,52,51,24,21,7,11,0,1,11,3
0,4,3,0,8,0,0,4,0,0,14,57,61,57,56,35,45,22,12,5,5,0,0,6
4,0,3,0,0,0,0,0,0,0,7,50,62,66,66,53,37,14,12,11,3,3,0,2
0,3,7,7,0,1,1,0,0,0,0,15,57,79,78,50,50,31,11,11,8,13,0,3
0,2,0,2,2,2,3,6,0,0,8,14,51,79,83,65,55,13,15,10,10,9,11,4
0,0,0,0,1,0,0,1,4,5,12,22,26,60,102,84,56,38,14,12,11,12,11,2
0,0,0,0,2,5,2,0,6,0,8,22,12,54,75,72,57,31,13,13,12,10,10,3
3,4,3,3,7,5,8,12,13,10,9,6,19,39,96,84,54,46,12,5,12,7,0,6
9,8,1,5,9,9,14,13,6,6,11,6,9,25,57,61,63,46,14,10,10,11,10,8
7,9,0,3,8,6,1,4,8,11,12,11,2,15,30,64,81,53,11,0,10,14,10,2
7,1,4,4,5,0,2,7,8,7,5,6,9,14,31,55,54,50,11,9,11,2,10,7

1,1,4,0,0,7,3,6,9,10,6,1,8,9,0,9,0,5,2,0,3,6,13,7
5,0,5,2,0,8,13,14,28,24,31,29,51,50,26,19,10,0,0,7,9,7,2,5
6,6,4,7,11,13,45,56,60,60,65,76,100,93,58,55,33,47,33,12,12,11,20,14
5,7,9,9,7,13,41,67,67,99,93,101,78,59,57,34,51,40,48,9,17,9,21,12
0,0,0,0,7,0,12,14,31,62,62,56,38,54,17,40,52,15,26,29,12,1,9,6
3,6,3,7,10,5,5,7,9,23,24,53,96,176,226,115,71,47,28,31,13,10,8,5
12,11,12,13,8,5,5,1,6,9,57,95,151,251,256,171,108,86,56,23,18,0,0,0
45,50,26,8,0,0,0,0,10,1,10,96,114,140,158,168,142,106,50,10,10,11,8,9
14,43,52,52,11,11,9,10,5,14,56,79,106,114,121,132,144,118,85,58,21,9,8,0
15,41,50,50,36,14,29,11,14,11,57,85,109,114,108,119,148,141,97,66,52,10,8,9
14,32,36,36,41,54,53,51,14,32,62,71,93,87,103,128,158,163,141,93,65,23,9,2
2,2,12,14,42,42,54,81,67,59,70,69,66,66,103,131,158,163,157,117,67,52,11,0
2,0,0,5,3,9,17,72,85,85,99,64,64,66,105,120,136,135,142,116,62,36,14,0
0,2,5,0,0,0,0,1,61,71,95,1,7,14,104,115,129,144,145,115,62,10,1,0
0,0,0,0,0,0,0,0,0,0,0,0,9,10,102,104,125,139,133,104,56,28,4,2
0,0,0,0,0,0,0,0,0,0,0,0,11,50,65,86,86,124,106,69,43,14,4,3
2,0,0,0,0,0,4,3,7,13,5,0,1,52,53,66,64,76,100,66,8,5,0,0
8,12,14,5,3,18,14,23,15,20,39,18,14,25,40,52,76,59,62,33,14,9,12,7
0,0,0,1,8,6,8,11,9,10,11,13,55,52,68,114,124,122,92,68,25,10,5,9
4,5,3,1,0,6,7,13,12,8,45,14,64,77,123,141,185,166,131,109,57,10,5,9
0,3,0,5,10,12,9,12,9,12,56,76,100,109,145,180,177,182,149,110,61,14,11,5
0,0,5,0,3,8,14,14,19,29,40,43,55,114,150,233,251,206,142,109,44,20,15,14
0,0,11,0,7,14,15,20,20,15,29,44,89,119,149,333,440,258,152,118,103,43,20,11
0,0,0,0,0,2,10,11,14,50,100,98,109,121,185,324,371,198,130,110,104,20,14,10
0,2,2,0,9,6,11,9,8,30,84,103,109,125,141,195,184,130,106,67,44,19,8,11
0,8,7,6,1,0,7,5,14,11,33,105,109,120,130,130,125,106,101,59,39,3,8,26
0,7,6,4,7,11,12,10,6,38,79,83,105,105,112,111,104,100,62,30,13,13,17,4
0,13,7,0,4,2,10,12,29,41,90,105,78,101,105,104,103,83,55,42,24,11,13,13
2,11,0,0,5,8,9,8,12,34,65,68,66,87,86,97,90,53,35,31,26,14,12,14
8,9,0,3,8,9,8,11,4,38,65,59,60,61,53,48,41,37,31,22,14,10,12,8
10,12,8,13,12,11,12,12,12,46,57,57,53,55,50,41,36,37,14,14,13,8,19,13
0,3,5,3,8,6,10,6,6,44,91,59,56,54,57,46,33,13,18,21,21,8,0,9
6,0,0,0,6,6,0,1,3,40,56,65,62,53,48,50,22,14,9,10,13,5,0,8
2,4,0,5,8,0,0,0,0,3,50,68,68,55,52,51,25,20,7,11,0,1,11,3
0,4,3,0,8,0,0,4,0,0,14,57,61,57,56,35,46,24,12,5,5,0,0,6
5,0,3,0,0,0,0,0,0,0,7,50,62,67,67,53,37,14,12,11,3,3,0,2
0,3,7,7,0,1,1,0,0,0,0,16,57,79,78,50,50,31,11,11,8,13,0,3
0,1,0,2,2,2,3,6,0,0,7,14,51,79,84,65,55,13,15,10,10,9,11,4
0,0,0,0,1,0,0,1,4,5,12,22,27,60,102,85,56,37,14,12,11,12,11,2
0,0,0,0,2,5,2,0,5,0,8,22,11,54,75,72,57,30,13,13,12,9,10,3
3,4,3,3,7,5,8,12,13,10,9,6,17,37,96,84,53,46,12,5,12,8,0,6
9,8,1,5,9,9,14,13,6,6,11,6,9,25,57,62,63,46,14,10,10,11,10,8
7,9,0,3,8,6,1,4,8,11,12,11,2,15,30,64,81,53,11,0,10,14,10,2
7,1,4,4,5,0,2,7,8,7,5,6,9,14,31,55,54,50,12,9,11,2,10,7
12,14,8,8,6,12,13,11,13,12,10,3,0,0,11,10,8,2,5,0,0,3,2,5
14,12,13,36,53,67,78,52,42,56,43,13,0,0,3,0,0,5,4,0,3,0,0,1
39,51,33,53,64,73,70,49,61,65,97,86,53,23,12,8,12,13,8,8,7,0,0,9
13,14,17,54,54,65,64,62,58,66,78,88,96,83,64,54,49,15,15,10,0,0,5,6
10,13,8,33,42,39,67,61,73,84,82,104,76,68,58,51,10,12,0,0,0,4,0,0
6,0,0,20,33,38,110,216,233,152,106,91,74,58,30,19,24,6,0,0,14,14,10,14
3,6,12,13,14,67,135,178,219,203,166,128,86,56,50,12,4,11,0,12,30,28,12,10
9,7,3,10,39,77,116,142,152,148,159,128,104,79,30,0,0,8,0,10,47,27,8,7
12,10,13,17,57,90,107,108,93,122,133,131,103,80,58,6,0,1,0,5,6,11,12,9
38,32,14,51,64,81,100,59,75,110,142,141,132,102,71,12,11,0,0,1,7,18,13,10
57,57,51,56,66,78,58,11,69,107,156,164,148,140,85,57,12,1,0,0,1,6,9,1
39,60,58,66,69,49,10,8,71,109,147,143,154,158,109,80,53,12,4,0,0,1,0,0
7,40,56,54,31,12,6,14,64,106,134,160,166,154,131,90,53,11,4,2,0,0,0,0
0,0,3,3,3,0,13,13,71,105,129,147,152,142,129,98,91,13,0,4,10,0,0,0
6,7,0,0,3,7,11,13,2,101,108,117,121,111,87,71,72,9,0,8,6,0,0,0
9,11,3,3,4,4,0,4,12,55,94,102,82,76,80,73,63,10,0,0,0,0,0,0
4,7,7,6,5,0,0,12,11,50,60,93,82,100,86,68,74,34,5,0,0,0,0,2
9,9,11,8,9,14,16,16,18,36,48,63,98,139,117,99,56,41,33,31,13,14,14,11
7,10,12,5,3,9,16,22,14,12,60,105,154,172,145,119,108,72,13,11,9,9,5,2
9,9,0,7,11,7,12,11,11,60,100,131,171,192,160,145,128,66,56,15,13,10,8,6
8,0,7,10,9,14,13,13,63,63,111,158,195,221,159,133,129,104,43,21,14,10,0,0
2,1,3,2,5,13,22,33,35,59,117,178,352,376,215,147,131,103,54,40,15,10,0,0
9,2,0,14,24,12,18,47,43,87,139,175,270,303,166,136,119,84,38,24,15,13,4,7
3,6,9,11,13,10,43,56,100,109,137,153,189,172,138,117,111,100,17,9,6,9,0,0
3,0,0,5,5,11,38,72,102,111,136,144,147,128,113,105,65,10,10,9,0,8,7,0
7,0,4,6,11,11,9,40,102,113,125,123,124,113,103,100,10,11,12,8,11,11,7,5
4,10,7,12,13,14,46,67,103,109,108,110,108,105,100,14,10,12,6,9,8,6,3,0
8,12,11,10,9,11,48,90,100,101,99,95,115,104,71,11,17,4,8,7,0,6,7,1
7,8,6,0,8,12,37,76,94,89,89,76,81,68,56,7,14,9,11,7,8,2,3,0
0,11,0,0,1,13,33,43,53,55,67,67,68,51,55,5,8,0,3,10,0,0,0,5
0,6,0,6,11,12,26,33,52,62,74,54,50,46,40,10,14,5,8,12,7,4,9,6
4,6,4,10,25,22,18,52,67,104,86,57,52,50,6,0,1,8,0,5,9,0,3,0
0,0,0,9,12,14,24,55,63,92,94,58,54,45,0,0,0,0,0,0,0,7,0,8
5,7,4,7,11,11,22,31,66,81,96,64,55,28,0,0,0,0,3,5,0,0,4,4
4,5,3,6,10,12,23,28,50,74,80,66,52,10,0,0,5,0,7,8,0,0,0,0
2,0,0,8,6,24,27,36,54,77,86,72,54,11,0,0,0,3,0,1,4,0,0,0
6,8,9,9,15,12,14,50,36,70,95,59,50,7,0,0,0,1,10,0,4,8,6,1
3,0,0,11,12,5,14,50,51,77,103,59,19,3,6,0,0,4,7,9,2,0,0,0
0,1,2,9,10,15,12,46,51,67,79,58,29,9,0,2,0,0,0,1,0,0,0,0
0,0,1,10,11,7,20,39,50,57,66,65,54,10,4,8,0,0,4,3,0,0,0,0
0,11,0,12,4,9,14,22,45,66,84,69,51,13,13,14,10,8,7,7,2,5,5,2
9,9,10,9,10,14,13,14,13,30,53,61,50,15,4,5,11,14,7,7,2,3,8,8
4,7,14,13,10,13,11,0,0,23,50,105,53,14,11,0,2,3,4,3,3,2,8,6
7,10,4,10,7,0,5,0,1,18,38,40,41,10,7,8,8,6,0,3,4,6,1,6

12,14,8,8,6,12,13,11,13,12,10,4,0,0,11,10,8,2,5,0,0,3,2,5
14,12,13,36,53,67,78,51,42,55,43,13,0,0,3,0,0,5,4,0,3,0,0,1
39,51,34,53,64,73,70,49,61,65,98,86,53,23,12,8,12,13,8,8,7,0,0,9
13,14,16,54,54,65,64,62,58,66,78,88,96,83,64,54,50,15,15,10,0,0,5,6
10,13,8,33,42,39,67,61,73,84,82,104,76,68,58,51,10,12,0,0,0,4,0,0
6,0,0,20,33,38,111,217,235,152,107,91,74,58,30,20,24,6,0,0,13,14,10,14
3,6,12,13,14,67,135,179,219,204,166,129,86,56,50,12,4,11,0,12,29,28,12,10
9,7,3,10,39,78,117,143,151,148,160,129,104,79,30,0,0,8,0,10,47,27,8,7
12,10,13,18,57,91,107,108,92,122,133,131,103,80,58,6,0,1,0,5,6,11,12,9
38,32,14,51,64,81,100,59,75,110,142,142,132,102,70,11,11,0,0,0,7,19,13,10
57,58,51,56,66,78,58,11,69,106,156,165,148,139,84,57,12,1,0,0,1,6,8,1
39,60,58,66,69,49,10,8,71,109,147,143,154,159,108,79,53,12,4,0,0,1,0,0
8,41,56,54,32,12,6,15,64,105,134,160,166,154,131,90,53,11,4,2,0,0,0,0
0,0,3,3,4,0,13,13,71,105,128,146,152,143,129,98,91,13,0,4,10,0,0,0
6,7,0,0,3,7,11,13,1,101,107,117,121,111,87,71,72,9,0,8,6,0,0,0
9,11,3,3,4,4,0,4,12,55,93,101,82,75,80,73,63,10,0,0,0,0,0,0
4,7,7,6,5,0,0,12,11,50,60,93,82,100,86,68,74,32,5,0,0,0,0,2
9,9,11,8,9,14,16,16,18,36,48,62,97,139,117,99,56,41,33,31,13,14,14,11
7,9,12,5,3,9,16,22,14,12,60,105,154,172,145,119,109,71,13,11,9,9,5,2
9,9,0,7,11,7,12,11,11,60,100,131,171,192,160,145,128,66,56,15,13,10,8,6
8,0,7,10,9,14,13,13,63,62,110,158,195,220,160,133,129,104,43,21,14,10,0,0
2,1,3,2,5,13,22,33,35,59,117,177,351,378,217,148,132,103,54,39,16,10,0,0
9,2,0,13,24,12,18,47,43,87,138,175,271,305,167,136,119,85,37,24,15,13,4,7
3,6,9,11,13,10,42,58,100,109,137,153,189,172,138,117,111,100,19,9,6,9,0,0
3,0,0,5,5,11,38,72,102,110,136,144,148,128,113,105,68,10,11,9,0,8,7,0
7,0,4,6,11,11,9,43,102,113,125,123,124,113,103,100,10,11,12,8,11,11,7,5
4,10,6,12,13,14,47,67,103,109,108,110,108,105,100,14,10,12,6,9,8,6,3,0
8,12,11,10,9,11,50,91,101,101,99,95,115,104,71,11,17,4,8,7,0,6,7,1
7,8,6,0,8,12,36,77,93,90,89,76,81,68,56,7,14,9,11,7,8,2,3,0
0,11,0,0,1,13,33,43,53,55,67,67,68,51,55,5,8,0,3,10,0,0,0,6
0,6,0,6,11,12,26,33,53,62,74,54,50,46,40,10,14,5,8,12,7,4,9,6
4,6,4,10,25,22,19,52,67,104,86,57,52,48,6,0,1,8,0,5,9,0,3,0
0,0,0,9,12,14,24,54,64,92,94,58,53,47,0,0,0,0,0,0,0,7,0,8
5,6,4,7,11,11,22,31,67,81,95,63,55,29,0,0,0,0,3,5,0,0,4,4
4,5,3,6,10,12,23,30,50,74,80,66,52,10,0,0,5,0,7,8,0,0,0,0
2,0,0,8,6,24,27,36,54,77,86,72,54,11,0,0,0,3,0,1,4,0,0,0
6,8,9,9,15,12,14,50,36,70,95,58,50,7,0,0,0,1,10,0,4,8,7,1
3,0,0,11,12,5,14,50,51,77,103,59,19,3,6,0,0,4,7,9,2,0,0,0
0,1,2,9,10,15,12,47,51,67,79,58,29,9,0,2,0,0,0,1,0,0,0,0
0,0,1,10,11,7,20,39,50,57,66,65,54,10,4,8,0,0,4,3,0,0,0,0
0,11,0,13,4,9,14,22,45,66,84,69,51,13,13,13,10,8,7,7,2,5,5,2
9,9,10,9,10,14,13,14,14,30,53,61,51,14,4,5,11,14,7,7,2,3,8,8
4,7,14,13,10,13,11,0,0,23,50,104,54,14,11,0,2,3,4,3,3,2,8,6
7,10,5,10,7,0,5,0,1,17,38,40,43,10,7,8,8,6,0,3,4,6,1,6

12,14,8,8,6,12,13,11,13,12,10,4,0,0,11,10,8,2,5,0,0,3,2,5
14,13,13,36,53,67,78,52,42,56,44,13,0,0,3,0,0,6,4,0,3,0,0,1
40,51,34,53,64,73,70,48,61,65,97,86,54,22,12,8,12,13,8,8,7,1,0,9
13,14,17,54,54,65,64,62,58,66,78,88,96,83,65,54,49,15,15,10,0,0,5,6
10,13,8,33,42,39,67,61,73,84,82,104,76,68,58,51,10,12,0,0,0,4,0,0
6,0,0,20,33,37,110,216,234,152,107,91,74,58,30,19,24,6,0,0,14,14,10,14
3,6,12,13,14,67,135,179,219,204,166,129,86,56,50,12,4,11,0,12,29,28,12,10
9,7,3,10,39,78,117,143,152,148,160,129,104,79,30,0,0,8,0,10,47,27,8,7
12,10,13,17,57,91,107,108,93,122,133,131,103,79,58,6,0,1,0,5,6,11,12,9
38,32,14,51,64,82,100,59,75,110,143,142,132,102,70,11,11,0,0,1,7,19,13,10
57,58,51,56,66,78,58,11,69,107,157,166,149,139,84,57,12,1,0,0,1,6,9,1
39,60,58,66,69,50,10,8,71,109,147,144,155,159,108,79,53,12,4,0,0,1,0,0
8,41,56,54,32,12,7,15,64,106,134,161,168,155,131,90,53,11,4,2,0,0,0,0
0,0,3,4,4,0,13,13,70,105,128,146,152,143,129,98,91,13,0,4,10,0,0,0
6,7,0,0,2,7,11,13,1,100,107,117,121,112,87,71,72,8,0,8,5,0,0,0
9,11,3,3,4,4,0,4,12,54,93,101,82,75,80,73,63,9,0,0,0,0,0,0
4,7,7,6,4,0,0,11,11,50,60,93,81,100,86,68,74,32,5,0,0,0,0,2
9,9,11,8,9,14,16,16,18,36,48,63,97,139,116,99,56,41,33,32,13,14,14,11
7,9,12,5,3,9,16,22,14,12,60,105,154,172,145,119,109,72,13,11,10,9,5,2
9,9,0,7,11,7,12,10,11,61,100,131,171,192,160,145,128,66,56,15,13,10,8,6
8,0,7,10,9,14,13,13,62,61,110,157,195,221,160,133,129,104,43,21,14,10,0,0
2,1,3,2,5,13,22,33,35,59,116,177,354,379,217,148,132,103,54,40,16,10,0,0
9,2,0,13,23,12,18,47,43,85,138,175,271,305,167,137,119,85,37,24,14,13,4,7
3,6,9,11,13,10,41,59,100,109,137,153,189,173,138,117,111,100,20,9,7,9,0,0
3,0,0,5,5,11,38,72,102,110,135,144,147,128,113,105,67,10,11,9,0,8,7,0
7,0,4,6,11,11,9,42,102,113,125,123,123,113,103,100,10,11,12,8,11,11,7,5
4,10,6,12,13,14,46,68,103,109,108,110,108,105,100,14,10,12,6,9,8,6,3,0
8,12,11,10,8,11,50,90,101,101,99,95,115,104,71,11,17,4,9,7,0,6,7,1
7,7,6,0,8,12,37,77,95,90,89,76,80,68,56,7,14,10,12,7,8,2,4,0
0,11,0,0,1,13,33,43,53,54,67,67,68,51,55,5,8,0,3,10,0,0,0,6
0,6,0,6,11,12,26,33,53,63,74,54,50,45,40,10,14,5,8,12,7,4,9,6
4,6,4,10,25,22,19,53,67,104,86,57,52,48,6,0,1,8,0,5,9,0,3,0
0,0,0,9,12,14,24,55,64,92,94,58,53,45,0,0,0,0,0,0,0,7,0,8
5,6,4,7,11,11,23,31,68,81,95,64,55,28,0,0,0,0,4,5,0,0,4,5
4,5,3,5,10,12,23,29,50,74,80,65,52,10,0,0,5,0,7,8,0,0,0,0
2,0,0,8,6,23,27,36,54,78,87,72,54,11,0,0,0,3,0,1,5,0,0,0
6,8,8,9,15,12,14,50,36,70,95,58,50,7,0,0,0,1,10,0,4,8,6,1
3,0,0,11,12,5,14,50,51,77,103,59,19,3,6,0,0,4,7,9,2,0,0,0
0,1,2,9,10,14,12,48,51,67,79,58,29,9,0,2,0,0,0,1,0,0,0,0
0,0,1,10,11,7,21,39,50,58,67,66,54,10,4,8,0,0,4,3,0,0,0,0
0,11,0,13,4,9,14,22,44,66,84,69,51,13,13,13,10,8,7,6,2,5,5,2
9,9,10,9,10,14,13,14,13,31,53,61,51,17,4,5,11,14,7,7,2,3,8,8
4,7,14,13,10,13,11,0,0,23,50,105,54,14,11,0,2,3,4,2,3,2,8,6
7,10,4,10,7,0,5,0,1,18,38,41,43,10,7,8,9,6,0,3,4,6,1,6

12,14,8,8,6,12,13,11,13,12,10,3,0,0,11,10,8,2,5,0,0,3,2,5
14,12,13,36,53,66,77,52,42,56,44,13,0,1,3,0,0,5,4,0,3,0,0,1
39,51,35,53,64,73,70,48,61,65,97,86,53,23,12,8,12,13,8,8,7,0,0,9
13,14,17,54,54,65,64,62,58,66,78,87,96,84,65,54,50,15,16,10,0,0,5,6
10,13,8,33,42,39,67,61,73,83,81,104,77,67,58,51,11,12,0,0,0,5,0,0
6,0,0,20,33,37,110,216,235,152,107,91,74,58,30,20,24,6,0,0,14,14,10,14
3,6,12,13,14,67,135,179,219,205,167,129,86,56,50,12,4,11,0,12,29,27,12,10
9,7,3,10,40,78,117,143,152,149,161,130,105,79,30,0,0,8,0,10,47,27,8,7
12,10,13,18,57,91,107,108,92,122,133,132,103,79,58,6,0,1,0,5,6,11,12,9
39,32,14,51,64,82,100,59,75,111,143,143,132,102,70,11,11,0,0,1,7,20,13,10
58,58,51,56,66,78,59,11,69,107,158,167,150,140,84,57,12,1,0,0,1,6,9,1
40,60,58,66,70,50,10,8,71,109,148,144,156,160,108,79,53,12,4,0,0,1,0,0
8,41,56,54,33,12,7,15,64,106,134,161,169,156,131,90,53,11,4,2,0,0,0,0
0,0,3,4,4,0,13,13,70,105,127,146,152,143,129,98,91,13,0,4,10,0,0,0
6,7,0,0,2,7,11,13,1,100,107,116,121,112,87,71,71,8,0,8,6,0,0,0
9,11,3,3,4,4,0,3,12,53,92,101,81,75,80,73,63,9,0,0,0,0,0,0
4,7,7,6,4,0,0,11,11,45,60,92,81,99,86,68,73,31,4,0,0,0,0,2
9,9,11,8,9,14,16,15,18,36,48,62,97,139,116,99,56,41,33,32,13,14,14,11
7,9,12,5,3,9,16,22,14,12,60,105,155,172,145,119,109,72,13,12,10,9,5,2
9,9,0,7,11,7,12,10,11,61,100,131,171,192,160,145,128,66,57,17,13,10,8,7
8,0,7,10,9,14,13,13,62,61,111,158,195,220,160,133,129,104,44,21,14,10,0,0
2,1,3,2,5,13,22,33,35,59,116,178,354,380,217,148,132,103,54,40,16,10,0,0
8,2,0,13,23,12,18,47,43,86,138,175,272,305,168,137,119,85,37,24,14,13,4,7
2,6,9,11,13,10,43,59,100,110,137,153,189,173,138,117,111,100,20,9,7,9,0,0
3,0,0,5,5,11,38,72,102,110,135,144,147,128,113,105,68,10,11,9,0,8,7,0
7,0,4,6,11,11,9,44,102,113,125,123,123,113,103,100,10,11,12,8,11,11,7,5
4,10,6,12,13,14,44,68,103,109,108,110,108,105,100,14,10,12,6,9,8,6,3,0
8,12,11,10,8,11,50,91,101,101,98,95,115,104,71,11,18,4,9,7,0,6,7,1
7,7,6,0,8,12,37,79,94,90,89,76,80,68,56,7,14,10,12,7,8,2,4,0
0,11,0,0,1,13,34,43,53,55,68,67,68,51,54,5,8,0,3,10,0,0,0,6
0,5,0,6,11,12,26,34,53,62,74,54,49,45,40,10,14,5,8,12,7,4,9,6
4,6,4,9,25,22,20,53,67,104,86,57,52,50,6,0,1,8,0,5,9,0,3,0
0,0,0,9,12,14,24,55,64,92,94,58,53,45,0,0,0,0,0,0,0,7,0,8
5,6,4,7,11,11,23,31,68,81,95,63,55,29,0,0,0,0,3,5,0,0,4,5
4,5,3,5,10,12,23,30,50,74,80,65,52,10,0,0,5,0,7,8,0,0,0,0
2,0,0,8,6,24,27,36,55,78,86,72,54,11,0,0,0,3,0,1,4,0,0,0
6,8,8,9,15,12,14,50,36,71,95,58,50,7,0,0,0,1,10,0,4,8,7,1
3,0,0,11,12,5,14,50,51,77,103,59,20,3,6,0,0,4,7,9,2,0,0,0
0,1,2,8,9,15,12,47,51,67,79,58,29,9,0,2,0,0,0,1,0,0,0,0
0,0,1,10,11,7,21,39,50,57,66,65,55,10,4,8,0,0,4,3,0,0,0,0
0,11,0,13,4,9,14,22,46,66,84,69,51,13,13,13,10,8,7,7,2,5,5,2
9,8,10,9,10,14,13,14,14,30,53,60,51,17,4,5,11,14,7,7,2,3,8,8
4,7,14,13,10,13,11,0,0,23,50,104,54,14,11,0,2,3,4,2,3,2,8,6
7,10,4,10,7,0,5,0,2,18,38,40,44,10,7,8,8,6,0,3,4,6,1,6

12,14,8,8,6,12,13,11,13,12,10,4,0,0,11,10,8,2,5,0,0,3,2,5
14,13,13,36,53,66,78,51,42,56,43,13,0,0,3,0,0,5,4,0,3,0,0,1
39,51,34,53,64,73,70,48,61,65,96,87,53,23,12,9,12,13,8,8,7,1,0,9
13,14,16,54,54,64,64,62,58,66,78,88,96,84,64,54,50,16,15,10,0,0,5,6
10,13,8,33,42,39,67,61,73,83,82,104,76,68,58,51,11,12,0,0,0,4,0,0
6,0,0,20,33,37,110,218,236,153,107,91,74,59,30,20,25,6,0,0,13,14,10,14
3,7,12,13,14,68,135,180,220,206,169,130,87,56,50,12,4,11,0,12,30,27,12,10
9,7,3,10,40,78,117,143,151,149,162,131,105,79,30,0,0,8,0,10,47,27,8,7
12,10,13,18,57,91,107,108,92,122,134,133,103,79,58,6,0,1,0,5,6,11,12,9
38,32,14,51,64,82,100,59,75,110,143,144,133,102,70,11,11,0,0,1,7,19,13,10
57,57,51,56,66,78,58,11,69,107,159,169,152,140,84,57,12,1,0,0,1,6,9,1
40,60,58,66,70,50,10,8,70,109,148,144,157,161,108,79,53,12,4,0,0,1,0,0
8,41,56,54,33,12,7,15,64,105,133,161,169,157,131,90,53,11,4,2,0,0,0,0
0,0,4,4,4,0,13,13,69,104,127,146,152,143,128,97,90,13,0,4,10,0,0,0
6,7,0,0,2,7,10,13,0,100,107,116,120,112,87,71,71,7,0,8,5,0,0,0
9,11,3,3,4,4,0,3,11,52,91,101,81,75,80,72,62,9,0,0,0,0,0,0
4,7,7,6,4,0,0,11,10,41,60,92,81,99,86,68,73,29,4,0,0,0,0,2
9,9,11,8,9,14,16,15,18,35,47,63,97,139,116,99,56,41,33,31,13,14,14,11
7,9,12,5,3,9,16,21,14,12,60,106,155,172,145,119,109,72,13,11,10,9,5,2
9,9,0,7,11,7,12,10,11,60,99,131,171,192,160,145,128,66,57,17,13,10,8,6
8,0,7,10,9,14,13,13,62,61,110,157,195,221,160,133,130,104,44,21,14,10,0,0
2,1,3,2,5,13,22,33,35,59,116,178,355,380,217,148,132,103,55,40,15,10,0,0
9,2,0,13,23,12,18,47,44,86,138,175,272,306,168,137,119,85,38,24,15,13,4,7
2,6,9,11,13,10,42,59,100,109,136,153,189,173,138,117,112,100,22,9,6,9,0,0
3,0,0,5,5,11,38,72,102,110,135,144,148,128,113,105,69,10,11,9,0,8,7,0
7,0,4,6,10,11,9,43,102,113,125,123,123,113,103,100,10,11,12,8,11,11,7,5
4,10,6,12,13,14,46,69,103,109,108,110,108,105,100,14,10,12,6,9,8,6,3,0
8,12,11,10,8,11,50,91,101,101,99,95,115,104,71,11,18,4,9,7,0,6,7,1
7,7,6,0,8,12,37,78,95,90,89,76,80,67,56,7,14,9,11,7,8,2,4,0
0,11,0,0,2,13,34,43,54,55,67,67,68,50,54,5,8,0,3,11,0,0,0,6
0,5,0,6,11,12,26,34,53,63,74,54,49,45,40,10,14,5,8,12,7,4,9,6
4,5,4,9,25,21,20,53,67,104,86,57,52,48,6,0,2,8,0,5,9,0,3,0
0,0,0,9,12,14,24,55,64,93,94,58,53,45,0,0,0,0,0,0,0,7,0,8
5,6,4,7,11,11,23,31,69,82,95,64,55,29,0,0,0,0,4,5,0,0,4,4
4,5,3,5,10,12,24,30,51,75,80,65,51,10,0,0,5,0,7,8,0,0,0,0
2,0,0,8,6,23,27,36,54,78,86,71,54,11,0,0,0,3,0,1,5,0,0,0
6,8,8,9,15,12,14,50,37,71,95,58,50,7,0,0,0,1,10,0,4,8,7,1
3,0,0,11,12,5,14,50,51,77,103,59,19,3,6,0,0,4,7,9,2,0,0,0
0,1,2,9,9,14,12,47,51,67,79,58,29,9,0,2,0,0,0,1,0,0,0,0
0,0,1,10,11,7,21,39,50,57,66,66,55,10,4,8,0,0,4,3,0,0,0,0
0,11,0,13,4,9,14,23,45,66,84,69,51,13,13,13,10,8,7,7,2,5,5,2
9,8,10,9,10,14,13,14,14,30,53,61,51,17,4,5,11,14,7,7,2,3,8,8
4,7,14,13,10,13,11,0,0,23,50,104,54,14,11,0,2,3,4,3,3,2,8,7
7,10,4,10,7,0,5,0,2,18,38,42,45,10,7,8,8,6,0,3,4,6,1,6

12,14,8,8,6,12,13,11,13,12,10,4,0,0,11,10,8,2,5,0,0,3,3,5
14,12,13,36,53,66,77,51,42,55,41,13,0,1,3,0,0,6,4,0,3,0,0,1
39,52,34,53,64,73,70,48,61,65,97,85,53,23,12,9,12,13,8,8,7,0,0,9
13,14,17,54,54,64,63,62,58,66,78,88,96,84,65,54,50,16,15,10,0,0,5,6
10,13,8,34,42,39,67,61,73,83,82,104,76,68,58,52,11,12,0,0,0,4,0,0
6,0,0,20,33,38,111,220,240,154,108,91,74,59,30,20,24,6,0,0,13,14,10,14
3,7,12,14,14,68,136,181,222,209,169,131,87,56,51,12,4,11,0,12,29,26,12,10
9,8,3,10,40,78,117,143,152,149,163,130,105,80,30,0,0,9,0,10,47,27,8,7
12,11,13,20,57,91,108,108,92,122,134,132,103,80,58,6,0,1,0,5,6,11,12,9
38,32,14,51,64,82,100,59,75,110,143,143,133,102,70,11,11,0,0,0,7,19,13,10
57,57,51,56,66,78,58,11,69,107,157,167,150,140,84,57,12,1,0,0,1,6,9,1
40,60,58,66,70,50,10,8,70,109,147,144,156,160,108,79,53,12,4,0,0,1,0,0
8,42,56,54,33,13,7,15,63,105,134,161,169,157,131,90,53,11,4,2,0,0,0,0
0,0,4,4,4,0,13,13,69,104,127,146,153,143,129,97,90,13,0,4,10,0,0,0
6,7,0,0,2,7,11,13,0,100,107,117,121,112,87,71,72,8,0,8,5,0,0,0
9,11,3,3,3,4,0,3,11,53,92,101,82,75,80,73,63,9,0,0,0,0,0,0
4,7,7,6,4,0,0,11,10,44,60,92,81,99,86,68,74,30,4,0,0,0,0,2
9,9,11,8,9,14,16,15,17,35,48,62,96,138,116,98,56,41,33,32,13,14,14,11
7,9,12,5,3,9,16,22,14,12,59,105,154,172,145,119,109,72,13,11,10,9,5,2
9,9,0,7,11,7,12,10,11,61,99,131,170,192,160,145,128,66,56,16,13,10,8,6
8,0,7,10,9,14,13,13,64,61,110,157,194,221,160,133,130,104,44,22,14,10,0,0
2,1,3,2,5,13,22,33,35,58,116,177,354,381,218,148,132,103,54,40,16,10,0,0
9,2,0,13,23,12,18,47,43,86,138,174,272,308,169,137,119,85,37,24,15,13,4,7
2,6,9,11,13,10,42,60,100,110,136,153,190,173,139,118,112,100,20,9,7,9,0,0
3,0,0,4,5,11,38,73,103,110,135,144,148,128,113,105,69,10,11,9,0,8,7,0
7,0,4,6,10,11,9,44,102,113,125,123,123,113,103,100,10,11,12,9,11,11,7,5
4,10,7,12,13,14,44,68,103,109,108,110,108,105,100,14,10,12,6,9,8,6,3,0
8,11,11,10,8,10,51,92,101,101,99,96,115,104,71,11,18,4,9,7,0,6,7,1
7,7,6,0,8,11,37,80,95,91,90,76,80,68,56,7,14,10,11,8,8,2,4,0
0,11,0,0,2,13,33,43,53,54,68,67,68,51,55,5,8,0,3,10,0,0,0,6
0,5,0,6,11,12,26,34,53,62,74,54,48,45,40,10,14,5,8,12,7,4,9,6
3,5,4,9,25,21,20,53,67,104,85,57,52,48,6,0,2,8,0,5,9,0,3,0
0,0,0,9,12,14,24,55,64,93,94,58,53,46,0,0,0,0,0,0,0,7,0,8
5,6,4,7,11,11,24,32,69,82,95,64,55,29,0,0,0,0,4,5,0,0,4,5
4,5,3,5,10,12,25,31,51,75,80,65,52,10,0,0,5,0,7,8,0,0,0,0
2,0,0,8,6,24,27,36,55,78,86,71,54,11,0,0,0,3,0,1,4,0,0,0
6,8,8,9,15,12,14,50,37,71,95,58,50,7,0,0,0,1,10,0,4,8,7,1
3,0,0,11,12,5,14,50,51,77,103,59,19,3,6,0,0,4,7,9,2,0,0,0
0,0,2,9,10,15,12,47,51,67,79,58,29,9,0,2,0,0,0,1,0,0,0,0
0,0,1,10,11,7,21,40,50,58,66,66,55,10,4,8,0,0,4,3,0,0,0,0
0,11,0,13,4,9,14,22,46,66,84,69,51,13,13,13,10,9,7,6,2,5,5,2
9,8,10,9,10,14,13,14,14,31,53,61,51,17,4,5,11,14,7,7,2,3,8,8
4,7,14,13,10,13,11,0,0,24,50,104,54,14,11,0,2,3,4,2,3,2,8,6
7,10,4,10,7,0,5,0,2,19,38,41,45,10,7,8,8,6,0,3,4,6,1,6

12,14,8,8,6,12,13,11,13,12,10,4,0,0,11,10,8,2,5,0,0,3,3,5
14,12,13,36,52,66,77,52,42,56,44,13,0,1,3,0,0,6,4,0,3,0,0,1
39,51,34,53,64,73,70,48,61,65,98,87,54,24,12,9,12,13,8,9,8,1,0,9
13,14,16,54,54,64,63,62,58,66,78,87,96,84,65,55,50,17,15,10,0,0,5,6
10,13,8,34,42,39,67,61,73,83,82,104,77,68,58,52,11,12,0,0,0,4,0,0
6,0,0,21,33,38,111,221,242,154,107,91,74,59,30,20,24,6,0,0,13,14,10,14
3,7,12,14,14,68,136,182,222,208,169,130,87,57,51,12,4,11,0,12,29,27,12,10
9,8,3,10,41,78,118,144,153,150,162,130,105,79,30,0,0,9,0,10,47,27,8,7
12,10,13,20,57,91,108,108,93,122,134,132,103,80,59,6,0,1,0,5,6,11,12,9
38,32,14,52,64,82,101,59,75,110,143,142,132,102,70,11,11,0,0,1,7,21,13,10
57,58,51,56,66,78,59,11,69,107,157,165,148,139,84,57,12,1,0,0,1,6,9,1
40,60,58,66,70,50,10,8,70,108,147,143,154,158,108,79,53,12,4,0,0,1,0,0
8,42,56,54,32,12,7,16,63,105,134,161,167,154,130,89,53,10,4,2,0,0,0,0
0,0,4,4,4,0,13,13,70,105,128,147,152,143,128,97,91,13,0,4,10,0,0,0
6,7,0,0,2,7,10,13,1,101,108,117,121,111,87,71,72,8,0,8,5,0,0,0
9,11,3,2,3,4,0,4,12,54,92,101,82,75,80,73,63,10,0,0,0,0,0,0
4,7,7,6,4,0,0,12,11,48,60,93,81,99,86,68,75,32,4,0,0,0,0,2
9,9,11,8,9,14,16,15,18,36,48,62,96,138,116,98,56,41,33,32,13,14,14,11
7,9,12,5,3,9,16,21,14,11,59,104,153,171,145,119,109,72,13,11,10,9,5,2
9,9,0,7,11,7,12,10,11,60,98,130,170,191,160,145,128,66,56,16,13,10,8,7
8,0,7,10,9,14,13,13,62,61,110,156,194,221,160,134,130,104,44,21,14,10,0,0
2,1,3,2,5,13,22,34,35,58,116,176,352,382,219,148,133,103,54,40,17,10,0,0
9,2,0,13,23,12,18,47,44,86,138,174,272,309,169,137,120,85,38,24,15,13,4,7
2,6,9,11,13,10,43,59,100,110,136,153,190,174,139,118,112,100,20,9,7,9,0,0
3,0,0,4,5,11,39,72,102,110,135,144,148,129,113,105,71,10,11,9,0,8,7,0
7,0,4,6,10,11,9,44,102,113,125,123,123,113,103,100,10,11,12,8,11,11,7,5
4,10,6,12,13,14,46,68,103,109,108,110,108,105,100,14,10,12,6,9,8,6,3,0
8,11,11,10,8,10,50,91,101,101,98,95,115,104,71,11,18,4,9,7,0,6,7,1
7,7,6,0,7,12,38,80,95,91,89,76,80,67,56,7,14,9,12,7,8,3,4,0
0,11,0,0,2,13,33,43,53,55,68,67,68,50,54,5,8,0,3,10,0,0,0,6
0,5,0,6,11,12,26,34,53,62,74,54,49,45,41,10,14,5,8,12,7,4,9,6
3,5,4,9,25,21,21,53,68,104,85,57,52,48,6,0,2,8,0,5,9,0,3,0
0,0,0,9,12,14,24,55,64,93,94,58,53,46,0,0,0,0,0,0,0,7,0,8
5,6,4,7,11,11,23,31,69,82,95,63,54,29,0,0,0,0,4,5,0,0,4,5
4,5,2,5,9,12,24,31,51,75,80,65,51,10,0,0,5,0,7,8,0,0,0,0
2,0,0,8,6,24,28,36,55,79,86,71,54,11,0,0,0,3,0,1,5,0,0,0
6,8,8,9,14,12,14,50,36,71,95,58,50,7,0,0,0,1,10,0,4,8,7,1
3,0,0,11,12,5,14,50,51,77,103,59,19,3,6,0,0,4,7,9,2,0,0,0
0,0,2,9,9,14,12,50,51,67,79,58,29,9,0,2,0,0,0,1,0,0,0,0
0,0,1,10,11,7,21,40,50,58,66,66,55,10,4,8,0,0,4,3,0,0,0,0
0,10,0,12,4,9,14,22,46,66,84,69,51,13,13,13,10,9,7,7,2,5,4,2
9,8,10,9,10,14,13,14,14,32,53,61,51,17,4,5,11,14,7,7,2,3,8,8
4,7,14,13,10,13,11,0,0,24,50,104,54,14,11,0,2,3,4,2,3,2,8,6
7,10,4,10,7,0,5,0,2,19,39,42,45,10,7,8,8,6,0,3,4,6,1,6

12,14,8,8,6,12,13,11,13,12,10,4,0,0,11,10,8,2,5,0,0,3,3,5
14,12,13,35,52,66,77,51,42,55,43,13,0,1,3,0,0,6,4,0,3,0,0,1
39,51,34,53,64,73,70,48,61,65,97,86,53,23,12,9,12,13,8,9,8,1,0,9
13,14,16,54,54,64,63,62,58,66,78,88,96,84,64,54,50,17,16,10,0,0,5,6
10,13,8,33,42,39,67,61,73,84,81,104,76,67,58,52,11,12,0,0,0,4,0,0
6,0,0,21,33,38,112,223,244,154,107,90,73,58,30,20,24,6,0,0,13,14,10,14
3,6,12,14,14,68,137,183,223,209,168,129,86,56,50,12,4,11,0,12,28,27,12,10
9,8,3,10,42,78,118,145,154,151,162,129,104,79,30,0,0,9,0,10,50,27,8,7
12,10,13,20,57,92,108,109,93,123,133,131,103,80,58,6,0,1,0,5,6,11,12,9
38,33,14,51,64,82,101,60,75,110,142,141,132,102,70,11,11,0,0,0,7,19,13,10
57,57,51,56,66,78,59,11,69,107,157,165,147,139,84,57,12,1,0,0,1,6,9,1
41,60,58,66,70,50,10,8,71,109,148,143,153,157,108,79,52,12,4,0,0,1,0,0
8,42,56,54,33,13,7,15,64,105,134,161,166,153,129,89,53,10,4,2,0,0,0,0
0,0,4,4,4,0,13,13,68,105,129,147,152,142,128,97,92,13,0,4,10,0,0,0
6,7,0,0,2,7,10,13,1,101,108,117,121,111,87,71,72,9,0,8,5,0,0,0
9,11,3,3,3,4,0,4,12,55,94,102,82,76,80,73,64,10,0,0,0,0,0,0
4,7,7,6,4,0,0,12,11,50,60,93,82,100,86,68,74,32,4,0,0,0,0,2
9,9,11,8,9,14,15,15,18,36,49,62,96,137,116,98,56,41,33,32,13,14,14,11
7,9,12,5,3,9,16,22,14,11,59,103,152,171,145,119,109,72,13,11,10,9,5,2
9,9,0,7,11,7,12,10,11,60,98,130,169,191,160,145,129,66,57,17,13,10,8,7
8,0,7,10,9,14,13,13,63,61,110,156,194,221,161,134,130,104,45,21,14,10,0,0
2,1,3,2,5,13,22,33,35,58,116,175,350,384,221,149,133,103,55,40,16,10,0,0
8,2,0,13,23,12,18,47,44,86,137,174,271,311,170,137,120,86,38,24,15,13,4,7
2,6,9,11,13,10,45,60,100,110,136,153,190,174,139,118,112,100,22,9,7,9,0,0
2,0,0,4,5,11,39,76,103,110,136,144,148,129,113,105,70,10,11,9,0,8,7,0
7,0,4,6,10,11,9,44,102,113,125,123,124,113,103,100,10,11,12,9,11,11,7,5
4,10,6,12,13,14,46,69,103,109,108,110,108,105,100,14,10,12,6,9,8,6,3,0
8,12,11,10,8,10,50,93,101,101,100,96,115,104,71,12,18,4,9,7,0,6,7,1
7,7,6,0,7,11,37,80,95,90,89,76,80,67,56,7,14,9,12,8,8,3,4,0
0,11,0,0,2,13,34,44,54,55,68,67,68,51,54,5,8,0,3,10,0,0,0,6
0,5,0,6,11,12,26,34,53,62,74,53,49,45,41,10,14,5,8,12,7,4,9,6
3,5,4,9,25,21,22,53,68,104,85,57,52,48,6,0,2,8,0,5,9,0,3,0
0,0,0,9,12,14,25,55,64,93,94,58,53,46,0,0,0,0,0,0,0,7,0,8
5,6,3,7,11,11,23,32,69,82,95,63,54,29,0,0,0,0,3,5,0,0,4,5
4,5,2,5,10,12,25,32,51,75,80,65,51,10,0,0,5,0,7,8,0,0,0,0
1,0,0,8,6,24,28,36,55,79,86,71,54,11,0,0,0,3,0,1,4,0,0,0
6,8,8,8,15,12,14,50,37,71,95,58,50,7,0,0,0,1,10,0,4,8,6,1
3,0,0,11,12,5,14,50,51,77,103,59,19,3,6,0,0,4,7,9,2,0,0,0
0,0,2,9,9,15,12,47,51,67,79,58,29,9,0,2,0,0,0,1,0,0,0,0
0,0,1,10,11,7,21,40,50,58,66,66,55,10,4,8,0,0,4,3,0,0,0,0
0,11,0,13,4,9,14,23,46,66,84,69,51,13,13,13,10,8,7,6,2,5,4,2
9,8,10,9,10,14,13,14,14,33,53,60,51,18,4,5,11,14,7,7,2,3,8,8
4,7,14,13,10,13,11,0,0,24,50,104,54,15,11,0,2,3,4,3,3,2,8,7
7,10,4,10,7,0,5,0,2,19,39,40,46,10,7,8,8,6,0,3,5,6,1,7

12,14,8,8,6,12,13,11,13,12,10,4,0,0,11,10,8,2,5,0,0,3,3,5
14,12,13,35,53,66,77,51,42,55,45,13,0,1,3,0,0,6,4,0,3,0,0,2
38,51,33,53,64,72,69,48,61,65,98,85,53,23,12,9,12,13,8,9,8,1,0,9
13,14,15,54,54,64,63,62,58,66,78,87,96,84,65,54,50,17,15,10,0,0,5,6
10,13,8,34,42,39,67,61,73,83,81,104,76,67,58,52,11,12,0,0,0,4,0,0
6,0,0,21,34,39,112,224,245,155,107,90,73,58,30,20,25,6,0,0,13,14,10,14
3,6,12,14,14,68,137,184,224,209,168,129,86,56,50,12,4,11,0,12,27,26,12,10
9,8,3,11,42,78,118,145,154,151,162,128,104,79,29,0,0,9,0,10,47,27,8,7
12,10,13,20,57,92,108,109,93,123,134,131,102,80,58,6,0,1,0,5,6,11,12,9
38,32,14,52,64,82,101,60,75,110,142,142,132,102,70,11,11,0,0,1,7,20,13,10
58,57,51,56,66,78,59,11,69,107,157,164,148,139,84,57,12,1,0,0,1,6,9,1
41,60,58,66,70,50,10,8,71,109,147,144,154,157,108,79,53,12,4,0,0,1,0,0
8,42,57,54,33,13,7,16,64,105,134,161,166,153,130,90,53,10,4,2,0,0,0,0
0,0,4,4,4,0,13,13,70,105,128,147,152,142,128,97,92,13,0,4,10,0,0,0
6,7,0,0,2,6,10,13,1,101,108,117,121,111,87,71,72,9,0,8,5,0,0,0
9,11,3,2,3,4,0,4,12,55,93,101,82,75,80,73,63,10,0,0,0,0,0,0
4,7,7,6,4,0,0,12,11,50,60,93,81,99,86,68,75,32,4,0,0,0,0,2
9,9,11,8,9,14,16,15,18,36,48,62,96,137,116,98,56,41,33,32,13,14,14,11
7,9,12,5,3,9,16,21,14,11,59,104,152,171,145,119,109,72,13,12,10,9,5,2
9,9,0,7,11,7,12,10,11,61,98,130,170,191,160,145,128,66,57,17,13,10,8,7
8,0,7,9,9,14,13,13,62,61,110,156,194,221,161,134,130,104,44,21,14,10,0,0
2,1,3,2,5,13,22,33,35,58,116,175,352,385,221,149,133,103,54,41,18,10,0,0
9,2,0,13,23,12,18,47,44,87,138,174,272,311,171,138,120,86,38,24,15,13,4,7
2,6,9,11,13,10,43,60,100,110,136,153,190,175,139,118,112,100,23,9,7,9,0,0
2,0,0,4,5,11,40,73,103,110,135,144,148,129,113,105,71,10,11,9,0,8,7,0
7,0,4,6,10,11,9,44,102,113,125,123,124,113,103,100,10,11,12,9,11,11,7,5
4,10,6,12,13,14,46,70,103,109,108,110,108,105,100,14,10,12,6,9,8,6,3,0
8,11,11,10,8,10,48,92,101,101,100,95,115,104,71,12,19,4,9,7,0,6,7,1
6,7,6,0,7,11,37,80,95,90,89,76,80,67,56,7,14,9,12,7,8,2,4,0
0,11,0,0,2,13,34,44,54,55,68,67,68,51,55,5,8,0,3,10,0,0,0,6
0,5,0,6,11,12,26,35,54,62,74,54,48,45,41,10,14,5,8,12,7,4,9,6
3,5,4,9,25,21,21,53,68,104,85,57,52,48,6,0,2,8,0,5,9,0,3,0
0,0,0,9,12,14,25,56,64,93,94,58,53,46,0,0,0,0,0,0,0,7,0,8
5,6,3,7,11,11,24,32,70,82,95,64,54,29,0,0,0,0,4,5,0,0,4,4
4,5,2,5,10,12,25,31,51,75,80,65,51,10,0,0,5,0,7,8,0,0,0,0
2,0,0,8,6,24,27,36,55,79,87,71,54,11,0,0,0,3,0,1,4,0,0,0
6,8,8,8,15,12,14,50,37,71,95,58,50,7,0,0,0,1,10,0,4,8,7,1
3,0,0,11,12,5,14,50,51,77,103,59,19,3,6,0,0,4,7,9,2,0,0,0
0,0,2,9,9,15,12,48,51,67,79,58,29,9,0,2,0,0,0,1,0,0,0,0
0,0,1,10,11,7,21,39,50,57,66,66,55,10,4,8,0,0,4,3,0,0,0,0
0,11,0,12,4,9,14,23,46,66,84,69,51,13,13,13,10,9,7,6,2,4,4,2
9,8,10,9,10,14,13,14,14,31,53,60,51,18,4,5,11,14,7,7,2,3,8,8
4,7,14,13,10,13,11,0,0,24,50,104,54,15,11,0,2,3,4,2,3,2,8,6
7,10,4,10,7,0,5,0,2,18,38,41,46,10,7,8,8,6,0,3,4,6,1,6

12,14,8,8,6,12,13,11,13,12,10,3,0,0,11,10,8,2,5,0,0,3,3,5
14,12,13,36,53,66,77,51,42,56,45,13,0,1,3,0,0,6,4,0,3,0,0,2
39,51,34,53,64,72,69,48,61,65,98,86,53,24,12,9,12,13,8,9,8,0,0,9
13,14,16,54,54,64,63,62,58,66,78,87,96,84,65,54,51,17,16,10,0,0,5,6
10,13,8,33,42,39,67,61,73,83,81,104,76,68,58,52,11,12,0,0,0,4,0,0
6,0,0,21,33,39,112,224,246,155,107,91,73,58,30,20,24,6,0,0,13,14,10,14
3,6,12,14,14,68,137,184,224,209,169,129,86,56,50,12,4,11,0,12,28,26,12,10
9,8,3,11,43,78,118,145,154,151,162,129,104,79,29,0,0,8,0,10,47,27,8,7
12,11,13,21,57,92,108,109,93,123,134,131,102,80,59,6,0,1,0,4,6,11,12,9
38,32,14,52,64,82,101,60,75,110,143,142,132,102,70,11,11,0,0,0,7,20,13,10
58,57,51,56,66,78,59,11,69,107,157,165,148,139,84,57,12,1,0,0,1,6,9,1
41,60,58,66,70,50,10,8,71,109,148,144,154,158,108,79,53,12,4,0,0,1,0,0
8,42,56,54,33,12,7,16,64,105,134,161,167,154,130,90,53,10,4,2,0,0,0,0
0,0,4,4,4,0,13,13,70,105,128,147,152,142,128,97,91,13,0,4,10,0,0,0
6,7,0,0,2,6,10,13,1,101,107,117,121,111,87,71,72,8,0,8,6,0,0,0
9,11,3,3,3,4,0,4,12,54,92,101,82,75,80,73,64,10,0,0,0,0,0,0
4,7,7,6,4,0,0,11,11,50,60,92,81,99,86,68,74,32,4,0,0,0,0,2
9,9,11,8,9,14,16,15,18,36,48,62,96,137,116,98,56,41,33,31,13,14,14,11
7,9,12,5,3,9,16,22,14,11,59,104,153,171,144,119,109,72,13,11,10,9,5,2
9,9,0,7,11,7,12,10,11,60,98,130,170,191,160,145,128,66,57,17,13,10,8,6
8,0,7,9,9,14,13,13,64,61,110,157,194,221,161,134,130,104,45,22,15,10,0,0
2,1,3,2,5,13,22,33,35,58,116,176,353,385,221,149,133,103,55,40,17,10,0,0
9,2,0,13,24,12,18,47,45,87,137,174,273,311,171,138,120,86,38,24,15,13,5,7
2,6,9,11,13,10,43,60,100,110,136,153,190,175,139,118,112,100,22,9,7,9,0,0
2,0,0,4,5,11,39,73,103,110,135,144,148,129,113,105,70,10,11,9,0,8,7,0
7,0,4,6,10,11,9,45,102,113,125,123,124,113,103,100,10,11,12,8,11,11,7,5
4,10,6,12,13,14,44,69,103,109,108,110,108,105,100,14,10,12,7,9,8,6,3,0
8,12,11,10,8,10,50,93,101,101,100,95,115,104,71,12,19,4,9,7,0,6,7,1
6,7,6,0,7,11,37,80,95,90,90,76,80,67,56,7,14,10,12,7,8,2,4,0
0,11,0,0,2,13,34,44,53,55,68,67,68,50,54,5,8,0,3,10,0,0,0,6
0,5,0,6,11,12,27,35,54,63,74,54,48,45,41,10,14,5,8,12,7,4,9,6
3,5,4,9,25,21,20,53,68,104,85,57,51,48,6,0,2,8,0,5,9,0,3,0
0,0,0,9,12,14,24,55,64,93,94,58,53,46,0,0,0,0,0,0,0,7,0,8
5,6,3,7,11,11,24,32,70,82,95,63,54,29,0,0,0,0,3,5,0,0,4,4
4,5,2,5,9,12,25,32,51,75,80,65,51,10,0,0,5,0,7,8,0,0,0,0
1,0,0,7,6,24,28,36,55,79,86,71,54,11,0,0,0,3,0,1,4,0,0,0
6,8,8,8,15,12,14,50,37,71,95,58,50,7,0,0,0,1,10,0,4,8,7,1
3,0,0,11,12,5,14,50,51,77,103,59,20,3,6,0,0,4,7,9,2,0,0,0
0,0,2,9,10,15,12,47,51,67,79,58,29,9,0,2,0,0,0,1,0,0,0,0
0,0,1,10,11,7,21,40,50,58,66,65,55,10,4,8,0,0,4,3,0,0,0,0
0,11,0,13,4,9,14,23,47,66,84,69,51,13,13,13,10,9,7,6,2,5,5,2
9,8,10,9,10,15,13,14,14,33,53,61,51,19,4,5,11,14,7,7,2,3,8,8
4,7,14,13,10,13,11,0,0,24,50,104,54,16,11,0,2,3,4,3,3,2,8,6
7,10,4,10,7,0,5,0,2,19,38,42,48,10,7,8,8,6,0,3,4,6,1,6

12,14,8,8,6,12,13,11,13,12,10,4,0,0,11,10,8,2,5,0,0,3,3,5
14,12,13,35,52,65,76,51,42,55,45,13,0,1,3,0,0,6,4,0,3,0,0,2
40,52,34,53,64,72,69,48,61,65,97,86,53,23,12,9,12,13,8,9,8,1,0,9
13,14,16,54,54,64,63,62,58,66,78,87,96,83,64,54,50,17,15,10,0,0,5,6
10,13,8,33,42,39,67,61,73,83,81,104,76,67,58,52,11,12,0,0,0,5,0,0
6,0,0,20,33,38,112,223,246,155,107,90,73,58,30,20,24,6,0,0,13,14,10,14
3,6,12,14,14,68,137,184,224,210,169,130,86,56,50,12,4,11,0,12,29,28,12,10
9,8,3,10,42,78,118,144,153,150,162,129,104,79,30,0,0,9,0,10,47,26,8,7
12,10,13,20,57,92,108,109,93,123,134,132,102,79,58,6,0,1,0,5,6,11,12,9
38,32,14,51,64,82,101,60,75,111,143,142,132,101,70,11,11,0,0,1,7,19,13,10
58,58,51,56,66,78,59,11,69,107,157,166,148,139,84,57,12,1,0,0,1,6,9,1
41,60,58,66,70,50,10,8,71,109,148,144,154,158,108,79,53,12,4,0,0,1,0,0
8,43,57,54,33,13,7,16,64,105,134,161,167,155,130,90,53,10,4,2,0,0,0,0
0,0,4,4,4,0,13,12,69,105,128,146,152,143,128,98,90,13,0,4,10,0,0,0
6,7,0,0,2,6,10,13,0,100,107,117,121,111,87,71,72,8,0,8,6,0,0,0
9,11,3,3,3,4,0,4,12,54,92,101,81,75,80,73,63,10,0,0,0,0,0,0
4,7,7,6,4,0,0,11,11,48,60,92,81,99,86,68,74,32,4,0,0,0,0,2
9,9,11,8,9,14,16,15,18,36,48,62,96,137,116,98,56,41,33,31,13,14,14,11
7,9,12,5,3,9,16,22,14,12,59,104,153,171,145,119,109,72,13,12,10,9,5,2
9,9,0,7,11,7,12,10,11,61,99,130,170,191,159,145,128,66,57,17,13,10,8,6
8,0,7,9,9,14,13,13,62,61,110,156,194,221,161,134,130,104,45,22,15,10,0,0
2,1,3,2,5,13,22,33,35,59,116,176,355,385,221,149,133,103,55,41,17,10,0,0
9,2,0,13,23,12,18,47,45,87,137,174,273,311,171,138,120,86,38,24,15,13,5,7
2,6,9,11,13,10,43,59,100,110,136,153,190,175,139,118,112,100,23,9,7,9,0,0
2,0,0,4,5,11,39,73,103,110,135,144,148,129,113,105,70,10,11,9,0,8,7,0
7,0,4,6,10,11,9,45,102,113,125,123,123,113,103,100,10,11,12,8,11,11,7,5
4,10,6,12,13,14,47,69,103,109,108,110,108,105,100,14,10,12,7,9,8,6,3,0
8,11,11,10,8,10,50,93,101,101,99,96,115,104,71,11,19,4,9,7,0,6,7,1
6,7,6,0,7,11,37,80,95,90,89,76,80,67,56,7,14,10,12,8,8,3,4,0
0,11,0,0,2,13,34,44,54,55,68,67,68,50,55,5,8,0,3,10,0,0,0,6
0,5,0,6,11,12,27,35,54,63,74,54,49,46,41,10,14,5,8,12,7,4,9,6
3,5,4,9,25,21,21,53,68,104,85,57,51,48,6,0,2,8,0,5,9,0,3,0
0,0,0,9,12,14,24,55,64,93,94,58,53,47,0,0,0,0,0,0,0,7,0,8
5,6,3,7,11,11,24,32,70,82,95,63,54,29,0,0,0,0,4,5,0,0,4,5
4,5,2,5,10,12,26,33,51,75,80,65,51,10,0,0,5,0,7,8,0,0,0,0
1,0,0,7,6,24,27,36,55,79,86,71,54,11,0,0,0,3,0,1,5,0,0,0
6,8,8,8,14,12,14,50,37,71,95,58,50,7,0,0,0,1,10,0,4,8,7,1
3,0,0,11,12,5,14,50,51,77,103,59,20,3,6,0,0,4,7,9,2,0,0,0
0,0,2,9,9,14,13,48,51,67,80,58,28,9,0,2,0,0,0,1,0,0,0,0
0,0,1,10,11,7,21,39,50,57,66,65,55,10,4,8,0,0,4,3,0,0,0,0
0,10,0,13,4,9,14,23,47,66,84,69,51,13,13,13,10,9,7,7,2,5,5,2
9,8,10,9,10,14,13,14,14,31,53,60,51,18,4,5,11,14,7,7,2,3,8,8
4,7,14,13,10,13,11,0,0,24,50,104,54,16,11,0,2,3,4,2,3,2,8,6
7,10,4,10,7,0,5,0,2,18,38,39,47,10,7,8,8,6,0,3,4,6,1,6

12,14,8,8,6,12,13,11,13,12,10,3,0,0,11,11,8,2,5,0,0,3,3,5
14,12,13,35,53,65,76,51,42,55,43,13,0,1,3,0,0,6,4,0,3,0,0,2
41,51,34,53,64,72,69,48,61,65,97,86,53,24,12,9,12,13,8,9,8,1,0,9
13,14,17,54,54,64,63,62,58,66,78,87,96,84,64,55,51,18,15,10,0,0,5,6
10,13,8,34,42,39,67,61,74,83,81,104,76,68,58,52,11,12,0,0,0,5,0,0
6,0,0,21,33,38,112,224,245,155,108,91,73,59,30,20,24,6,0,0,13,14,10,14
3,6,12,14,14,68,137,184,224,211,170,130,86,56,50,12,4,11,0,12,28,28,12,10
9,8,3,10,42,78,118,144,153,150,163,129,105,79,29,0,0,9,0,10,46,26,8,7
12,10,13,20,57,92,108,109,93,123,134,132,102,79,58,6,0,1,0,5,6,11,12,9
38,32,14,52,64,82,101,60,75,111,143,143,132,101,70,11,11,0,0,0,7,19,13,10
58,58,51,56,66,79,59,11,69,107,158,167,150,139,84,57,12,1,0,0,1,6,9,1
42,60,58,66,71,50,10,8,71,109,147,144,155,159,108,79,53,12,4,0,0,1,0,0
8,43,57,54,33,13,7,15,63,105,133,160,169,156,131,90,53,10,4,2,0,0,0,0
0,0,4,4,4,0,13,12,69,104,127,146,153,143,128,97,91,13,0,4,10,0,0,0
6,7,0,0,2,6,10,13,0,100,107,116,120,111,87,71,71,8,0,8,5,0,0,0
9,11,3,3,3,4,0,4,11,53,92,101,81,75,80,72,63,10,0,0,0,0,0,0
4,7,7,6,4,0,0,11,10,46,60,92,81,99,86,68,74,32,4,0,0,0,0,2
9,9,11,8,9,14,16,15,17,36,48,62,96,137,116,98,56,41,32,32,13,14,14,11
7,9,12,5,3,9,16,22,14,11,59,104,154,171,145,119,109,72,13,12,10,9,5,2
9,9,0,7,11,7,12,10,11,61,99,131,170,191,160,145,129,66,56,17,13,10,8,7
8,0,7,9,9,14,13,13,63,61,110,157,194,221,161,134,130,104,44,21,14,10,0,0
2,1,3,2,5,13,22,33,35,58,116,176,356,385,220,149,133,103,55,41,17,10,0,0
9,2,0,13,23,12,18,47,45,86,137,174,274,312,171,138,120,86,38,24,15,13,5,7
2,6,9,11,13,10,43,60,100,110,136,153,190,175,139,118,112,100,22,9,7,9,0,0
3,0,0,4,5,11,39,75,103,110,135,144,148,129,113,105,71,10,11,9,0,8,7,0
7,0,4,6,10,11,9,44,102,113,125,123,123,113,103,100,10,11,12,9,11,11,7,5
4,10,6,12,13,14,44,70,103,109,108,110,108,105,100,14,10,12,7,9,8,6,3,0
8,12,11,10,8,10,50,92,101,101,100,95,115,104,71,12,19,4,9,7,0,6,7,1
6,7,6,0,7,11,37,80,96,91,90,76,80,67,56,7,14,10,12,8,8,3,4,0
0,11,0,0,2,13,34,44,54,55,68,67,67,50,55,5,8,0,3,10,0,0,0,6
0,5,0,6,11,12,27,35,54,63,74,54,49,45,41,10,14,5,8,12,7,4,9,6
3,5,4,9,24,21,21,53,68,104,85,57,52,48,6,0,2,8,0,5,9,0,3,0
0,0,0,9,12,14,25,55,64,93,94,58,53,46,0,0,0,0,0,0,0,7,0,8
5,6,3,7,11,11,23,32,70,82,95,63,54,29,0,0,0,0,3,5,0,0,4,5
4,5,2,5,9,12,26,31,51,75,80,65,51,10,0,0,5,0,7,8,0,0,0,0
1,0,0,7,6,23,27,36,55,79,87,71,54,11,0,0,0,3,0,1,4,0,0,0
6,8,8,8,14,12,14,50,37,71,95,58,50,7,0,0,0,1,10,0,4,8,6,1
3,0,0,11,12,4,14,50,51,77,103,59,19,3,6,0,0,4,7,9,2,0,0,0
0,0,2,9,9,15,12,48,51,67,79,58,29,9,0,2,0,0,0,1,0,0,0,0
0,0,1,10,11,7,21,39,50,57,66,66,55,10,4,8,0,0,4,3,0,0,0,0
0,10,0,12,4,9,14,23,45,66,84,69,51,13,13,13,10,9,7,6,2,5,5,2
9,8,10,9,10,14,13,14,14,31,53,61,51,19,4,5,11,14,7,7,2,3,8,8
4,7,14,13,10,13,11,0,0,24,50,104,54,16,11,0,2,3,4,2,3,2,8,6
7,10,4,10,7,0,5,0,2,19,38,40,50,11,7,8,9,6,0,3,4,6,1,6

12,14,8,8,6,12,13,11,13,12,10,3,0,0,11,10,8,2,5,0,0,3,3,5
14,12,13,35,53,66,77,51,42,56,44,13,0,1,3,0,0,6,4,0,3,0,0,2
39,51,34,53,64,72,69,48,61,65,98,86,54,24,12,9,12,13,8,9,8,1,0,9
13,14,18,54,54,64,63,62,58,66,78,88,96,83,64,54,50,18,16,10,0,0,5,6
10,13,8,34,42,39,67,61,73,83,81,104,76,67,58,51,11,12,0,0,0,4,0,0
6,0,0,21,33,39,112,223,244,155,107,90,73,59,30,20,25,6,0,0,13,14,10,14
3,6,12,14,14,68,137,183,223,210,169,130,86,56,51,12,4,11,0,12,27,25,12,10
9,8,3,10,43,78,118,144,153,151,164,130,105,79,28,0,0,9,0,10,47,27,8,7
12,10,13,20,57,91,108,108,92,123,134,132,103,79,58,6,0,1,0,5,6,11,12,9
39,33,14,52,64,82,100,59,75,111,143,144,132,101,70,11,11,0,0,0,7,19,13,10
58,58,51,56,66,78,59,11,69,107,159,169,151,139,84,57,12,1,0,0,1,6,9,1
42,60,58,67,70,50,10,8,71,109,148,144,157,160,108,79,53,12,4,0,0,1,0,0
8,43,57,55,34,13,7,18,63,105,133,160,170,157,131,90,53,11,4,2,0,0,0,0
0,0,4,4,4,0,13,12,68,104,126,146,153,143,128,96,91,13,0,4,10,0,0,0
6,7,0,0,2,6,10,13,0,100,107,116,120,112,87,71,71,8,0,8,5,0,0,0
9,11,3,3,3,4,0,3,11,53,91,100,81,75,80,72,63,9,0,0,0,0,0,0
4,7,7,6,4,0,0,11,10,44,60,92,81,99,86,68,74,31,4,0,0,0,0,2
9,9,11,8,9,14,16,15,17,35,48,62,96,138,116,98,56,41,33,32,13,14,14,11
7,9,12,5,3,9,16,21,14,11,59,104,154,172,145,119,109,72,13,12,10,9,5,2
9,9,0,7,11,7,12,10,11,61,99,131,170,192,160,146,129,66,57,17,13,10,8,7
8,0,7,9,9,14,13,13,62,61,110,157,195,222,161,134,130,104,44,22,15,10,0,0
2,1,3,2,5,13,22,33,35,59,116,177,358,386,221,149,133,104,55,42,17,10,0,0
9,2,0,13,23,12,18,47,45,85,137,174,275,312,171,138,120,86,38,24,15,13,5,7
2,6,9,11,13,10,45,60,100,110,136,153,190,175,139,118,112,100,23,9,7,9,0,0
3,0,0,4,5,11,39,73,102,110,135,144,148,129,113,105,71,10,11,9,0,8,7,0
7,0,4,6,10,11,9,46,102,113,125,123,124,113,103,100,10,11,12,9,11,11,7,5
4,10,6,12,13,14,47,69,103,109,108,110,108,105,100,14,11,12,7,9,8,6,3,0
8,12,11,10,8,10,50,93,101,101,100,96,115,104,71,12,19,4,9,7,0,6,7,1
6,7,6,0,7,11,37,80,95,91,90,76,80,67,56,7,14,10,12,8,8,3,4,0
0,11,0,0,2,13,34,44,54,55,68,67,67,50,55,5,8,0,3,11,0,0,0,6
0,5,0,6,11,12,27,35,54,63,74,54,48,45,40,10,14,5,8,12,7,4,9,6
3,5,4,9,25,21,21,53,68,104,84,57,52,50,6,0,2,8,0,5,9,0,4,0
0,0,0,9,12,14,24,55,64,93,94,58,53,46,0,0,0,0,0,0,0,7,0,8
5,6,3,7,11,11,24,32,70,82,95,63,54,29,0,0,0,0,4,5,0,0,4,4
4,5,2,5,9,12,25,33,51,75,80,65,51,10,0,0,5,0,7,8,0,0,0,0
1,0,0,7,6,24,27,36,55,79,86,71,54,11,0,0,0,3,0,1,4,0,0,0
6,8,8,8,14,12,14,50,37,71,95,58,50,7,0,0,0,1,10,0,4,8,6,1
3,0,0,11,12,4,14,50,51,77,103,59,20,3,6,0,0,4,7,9,2,0,0,0
0,0,2,9,9,14,12,48,51,67,79,58,29,9,0,2,0,0,0,1,0,0,0,0
0,0,1,10,11,7,21,40,50,58,66,66,55,10,4,8,0,0,4,3,0,0,0,0
0,10,0,12,4,9,14,23,45,66,84,69,51,13,13,13,10,9,7,6,2,4,4,2
9,8,10,9,10,14,13,14,14,33,53,61,51,19,4,5,11,14,7,7,2,3,8,8
4,7,14,13,10,13,11,0,0,24,50,104,54,16,11,0,2,3,4,2,3,2,8,6
7,10,4,10,7,0,5,0,2,20,38,40,48,11,7,8,8,6,0,3,4,6,1,6

12,14,8,8,6,12,13,11,13,12,10,4,0,0,11,10,8,2,5,0,0,3,3,5
14,12,13,36,53,66,78,51,42,56,44,13,0,1,3,0,0,6,4,0,3,1,0,2
40,51,35,53,64,72,69,48,61,65,98,86,53,24,12,9,12,13,8,9,8,1,0,9
13,14,18,54,54,64,63,62,58,66,78,88,96,83,64,54,50,18,16,10,0,0,5,6
10,13,8,34,42,39,67,61,73,83,81,104,76,67,58,51,11,12,0,0,0,5,0,0
6,0,0,21,33,38,112,222,243,154,108,91,73,59,30,20,25,6,0,0,14,14,10,14
3,7,12,14,14,68,137,183,224,211,170,130,86,56,51,12,4,11,0,12,29,26,12,10
9,8,3,10,42,78,118,144,153,152,164,130,105,79,28,0,0,9,0,10,47,26,8,7
12,10,13,20,57,92,108,108,93,123,135,133,102,79,58,6,0,2,0,5,6,11,12,9
39,33,14,51,64,82,100,59,75,111,144,143,131,101,70,11,12,0,0,0,7,19,13,10
58,58,51,56,66,78,59,11,69,107,158,169,149,139,83,57,12,1,0,0,1,6,9,1
42,60,58,66,70,50,10,8,70,109,148,145,156,159,108,79,53,12,4,0,0,1,0,0
8,43,57,55,34,13,7,17,63,105,134,162,169,156,130,89,53,11,4,2,0,0,0,0
0,0,3,4,4,0,13,12,67,104,127,146,153,143,128,97,90,13,0,4,10,0,0,0
6,7,0,0,2,6,10,13,0,100,107,117,121,111,87,71,72,8,0,8,5,0,0,0
9,11,3,2,3,3,0,3,11,53,91,101,81,75,80,72,63,9,0,0,0,0,0,0
4,7,7,6,4,0,0,11,10,45,60,92,81,99,86,68,74,32,4,0,0,0,0,2
9,9,11,8,9,14,16,15,17,35,48,62,95,137,115,98,56,41,32,32,13,14,14,11
7,9,12,5,3,9,16,21,14,11,59,104,153,171,144,119,108,72,13,12,10,9,5,2
9,9,0,7,11,7,12,10,11,60,98,130,170,192,160,146,128,66,56,17,13,10,8,6
8,0,7,9,9,14,13,13,62,60,110,157,195,223,162,134,130,104,45,22,14,10,0,0
2,1,3,2,5,13,22,33,35,58,116,177,359,390,223,149,133,103,55,41,18,10,0,0
9,2,0,13,23,12,18,47,45,85,137,174,276,315,172,138,120,86,38,24,15,13,5,7
2,6,9,11,13,10,43,59,100,109,136,152,191,176,139,118,112,100,23,9,7,9,0,0
3,0,0,4,5,11,38,73,102,110,135,144,148,129,113,105,70,10,11,9,0,8,7,0
7,0,4,6,10,11,9,45,102,113,125,123,124,113,103,100,10,11,12,9,11,11,7,5
4,10,6,12,13,14,46,71,103,109,108,110,108,105,100,14,11,12,7,10,8,6,3,0
8,11,11,10,8,10,50,93,101,101,99,95,115,104,71,12,19,4,9,7,0,6,7,1
6,7,6,0,7,11,37,80,95,90,90,76,79,67,56,8,14,10,12,8,9,2,4,0
0,11,0,0,2,13,34,44,54,55,68,67,67,50,55,5,8,0,3,11,0,0,0,6
0,4,0,6,11,12,27,35,54,63,74,54,48,45,41,10,14,5,8,12,7,4,9,6
3,5,4,9,24,20,21,53,68,104,84,57,52,48,6,0,2,8,0,5,9,0,3,0
0,0,0,9,12,14,25,55,64,93,94,58,53,46,0,0,0,0,0,0,0,7,0,8
5,6,3,7,11,11,24,32,70,82,95,63,54,29,0,0,0,0,4,5,0,0,4,4
4,5,2,5,9,12,25,32,51,75,79,65,51,10,0,0,5,0,7,9,0,0,0,0
1,0,0,7,6,24,28,36,55,79,86,71,54,11,0,0,0,3,0,1,4,0,0,0
6,8,8,8,14,12,14,50,37,71,95,58,50,7,0,0,0,1,10,0,4,8,7,1
3,0,0,11,12,4,14,50,51,77,103,59,19,3,6,0,0,4,7,9,2,0,0,0
0,0,2,9,9,14,12,47,51,67,79,58,29,9,0,1,0,0,0,1,0,0,0,0
0,0,1,10,11,7,21,40,50,57,66,66,55,10,4,8,0,0,4,3,0,0,0,0
0,10,0,13,4,9,14,23,46,66,84,69,51,13,13,13,10,9,7,6,2,5,5,2
9,8,10,9,10,14,14,14,14,34,53,61,51,20,4,5,11,14,7,7,2,3,8,8
4,7,14,13,10,13,11,0,0,24,50,104,54,16,11,0,2,3,4,2,3,2,8,7
7,10,4,10,7,0,5,0,2,19,38,41,48,11,7,8,8,6,0,3,5,6,1,6

12,14,8,8,6,12,13,11,13,12,10,3,0,0,11,10,8,2,5,0,0,3,3,5
14,12,13,35,53,66,76,51,42,55,43,13,0,1,3,0,0,6,4,0,3,0,0,2
40,52,34,53,64,72,69,48,61,65,97,86,54,23,12,9,12,13,8,9,8,1,0,9
13,14,18,54,54,64,63,62,58,66,78,88,96,84,64,54,50,16,15,10,0,0,5,6
10,13,9,34,42,39,67,61,73,83,81,104,76,67,58,51,11,12,0,0,0,5,0,0
6,0,0,21,33,38,112,222,243,155,107,90,73,58,30,20,25,6,0,0,13,14,10,14
3,6,12,14,14,68,137,183,224,211,170,130,86,56,51,12,4,11,0,12,29,27,12,10
9,8,3,10,43,78,118,144,154,152,164,129,104,79,28,0,0,9,0,10,46,26,8,7
12,10,13,21,57,92,108,109,93,123,135,132,102,79,58,6,0,1,0,5,6,11,12,9
38,32,14,52,64,82,100,60,75,111,143,143,129,101,70,11,11,0,0,1,7,19,13,10
58,58,51,56,66,78,59,11,69,106,159,169,148,138,83,57,12,1,0,0,1,6,9,1
42,60,58,66,70,50,10,8,70,108,149,146,155,157,107,79,52,12,4,0,0,1,0,0
8,43,57,55,33,13,7,18,63,105,134,162,167,153,129,88,53,10,4,2,0,0,0,0
0,0,3,4,4,0,13,12,68,104,128,147,152,142,128,97,92,13,0,4,10,0,0,0
6,7,0,0,2,6,10,13,0,101,108,117,121,111,87,71,72,8,0,8,5,0,0,0
9,11,3,2,3,3,0,4,12,54,93,101,82,75,80,73,64,10,0,0,0,0,0,0
4,7,7,6,4,0,0,11,11,50,60,92,81,99,86,68,75,33,5,0,1,0,0,2
9,9,11,8,9,14,15,15,18,36,48,62,95,137,115,98,56,41,32,32,13,14,14,11
7,9,12,5,3,9,16,22,13,11,59,103,152,171,145,119,108,72,13,12,10,9,5,2
9,9,0,7,11,7,12,10,11,60,97,130,169,192,161,146,129,66,57,16,13,10,8,6
8,0,7,10,9,14,13,13,62,59,110,156,195,224,163,135,130,104,44,22,15,10,0,0
2,1,3,2,5,13,22,33,35,57,115,175,356,391,224,150,134,104,55,41,18,10,0,0
9,2,0,13,23,12,18,48,45,85,137,174,275,317,173,138,121,86,38,24,15,13,5,7
2,6,9,11,13,10,43,59,100,109,136,152,192,176,140,118,112,100,23,9,7,9,0,0
3,0,0,4,5,11,39,73,103,110,135,144,148,130,113,105,71,11,11,9,0,8,7,0
7,0,4,6,10,11,9,44,102,112,125,123,124,113,103,100,10,11,12,9,11,11,7,5
4,10,6,12,13,14,46,69,103,109,107,110,108,105,100,14,11,12,7,10,8,6,3,0
8,12,11,10,8,10,50,93,101,101,100,95,115,104,71,12,20,4,9,7,0,6,7,1
6,7,6,0,7,11,37,81,95,91,90,76,80,67,56,8,14,10,12,8,9,3,4,0
0,11,0,0,2,13,34,44,54,54,68,67,67,50,55,5,8,0,3,11,0,0,0,6
0,4,0,6,11,12,27,35,54,63,74,54,48,46,41,10,14,5,8,12,7,4,9,6
3,5,4,9,24,20,21,53,68,104,84,57,51,47,6,0,2,8,0,5,9,0,3,0
0,0,0,9,12,14,25,56,64,93,94,58,52,47,0,0,0,0,0,0,0,7,0,8
5,6,3,7,11,11,24,32,70,82,95,63,54,29,0,0,0,0,4,5,0,0,4,4
4,5,2,5,9,12,25,33,51,75,79,65,51,10,0,0,5,0,7,8,0,0,0,0
1,0,0,7,6,24,28,36,55,79,86,71,54,11,0,0,0,3,0,1,4,0,0,0
6,8,8,8,14,12,14,50,37,71,95,58,50,7,0,0,0,1,10,0,4,8,7,1
3,0,0,11,12,4,14,50,51,77,103,59,19,3,6,0,0,4,7,9,2,0,0,0
0,0,2,9,9,15,12,48,51,67,79,58,29,9,0,2,0,0,0,1,0,0,0,0
0,0,1,10,11,7,21,40,50,57,66,65,55,10,4,8,0,0,4,3,0,0,0,0
0,11,0,12,4,9,14,23,46,66,84,69,51,13,13,13,10,9,7,6,2,5,5,2
8,8,10,9,10,15,13,14,14,32,52,61,51,17,4,5,11,14,7,7,2,3,8,8
4,7,14,13,10,13,11,0,0,24,50,104,54,16,11,0,2,3,4,3,3,2,8,7
7,10,4,10,7,0,5,0,2,20,38,41,48,11,7,8,8,6,0,3,4,6,1,6
