6,8,3,0,0,0,0,0,8,9,0,0,1,0,5,0,0,5,0,0,0,3,9,1
7,0,0,4,0,5,0,6,8,12,11,5,6,0,0,2,10,0,0,0,10,10,0,0
9,9,6,8,8,40,56,74,70,51,11,26,10,0,10,7,0,12,2,1,0,0,0,0
10,7,12,14,13,55,106,112,122,101,54,14,6,12,52,11,7,7,11,0,0,0,0,3
0,4,7,7,48,68,89,110,104,79,63,58,13,49,33,0,0,9,9,13,3,7,10,0
12,8,12,13,23,52,62,63,81,57,56,63,51,34,43,29,35,13,13,22,8,0,0,0
14,12,10,12,12,14,50,55,59,74,73,68,73,58,20,39,12,14,13,9,4,0,0,4
9,9,11,9,10,30,51,63,62,72,125,190,165,91,64,56,52,28,6,0,7,3,5,0
10,12,12,10,11,51,51,56,67,100,258,483,622,175,91,59,10,29,27,14,8,10,0,5
33,50,46,12,13,27,57,57,67,118,220,337,266,179,136,101,50,4,8,8,2,0,0,2
14,38,40,28,9,26,55,64,74,120,145,165,165,169,143,102,64,1,0,0,0,0,0,1
32,12,22,13,6,9,52,72,106,102,99,79,106,154,154,124,85,51,12,2,0,0,0,1
50,57,67,62,15,14,59,61,61,81,13,13,115,136,142,129,107,54,17,12,2,0,0,0
7,15,35,63,60,35,14,103,69,8,3,23,106,124,140,135,116,86,75,11,0,6,6,2
4,2,5,12,28,14,9,9,2,0,0,14,91,119,141,145,113,91,58,7,0,0,0,4
7,12,51,41,12,13,0,0,0,6,0,6,50,108,135,122,88,89,11,20,12,10,7,0
8,14,51,70,90,77,76,65,41,12,3,9,13,56,71,77,64,65,60,38,9,1,9,0
11,33,42,56,57,62,67,84,70,54,57,33,32,32,44,71,71,48,39,27,18,10,10,8
10,40,89,101,90,84,104,109,91,116,122,134,88,58,57,85,88,62,54,22,19,6,8,9
11,44,75,100,67,56,59,110,121,124,144,173,162,145,160,144,122,103,59,11,10,10,8,0
13,33,43,46,37,36,58,73,74,120,181,265,287,281,271,210,149,113,48,26,14,7,7,9
10,18,57,61,58,43,47,55,82,122,213,396,465,396,346,245,150,83,39,28,25,17,13,14
13,23,52,68,32,36,40,47,47,101,146,283,340,295,242,179,126,82,31,31,13,5,8,6
0,8,27,82,41,27,56,66,70,102,111,145,196,213,170,149,113,83,12,12,13,11,8,3
8,10,14,15,43,13,51,65,52,58,100,105,117,132,130,112,31,11,20,35,12,6,11,13
8,11,15,62,50,29,37,73,87,13,98,86,100,101,100,101,92,6,1,3,0,2,5,6
6,12,39,54,62,54,59,20,8,12,50,14,51,52,79,76,64,55,13,10,9,2,0,5
16,54,66,68,62,12,6,12,8,13,20,40,50,56,53,35,12,55,33,10,14,10,11,7
59,53,34,13,12,8,12,10,30,9,19,47,50,57,33,43,12,10,11,24,5,14,12,9
13,4,8,10,12,14,6,3,9,11,35,41,48,45,28,12,17,31,15,3,8,0,9,9
12,8,11,6,14,15,14,13,10,41,42,46,43,37,14,13,15,17,14,10,8,6,0,2
1,2,3,4,9,12,11,5,14,13,61,54,50,28,5,12,12,11,16,19,14,2,5,0
8,4,0,0,5,9,6,4,24,35,49,53,27,13,0,7,12,11,8,12,11,7,6,6
4,8,0,5,5,12,11,6,12,17,50,54,21,9,11,12,12,10,9,9,8,8,9,10
0,0,0,0,3,11,4,0,8,7,13,29,14,11,11,11,10,10,12,11,9,8,7,11
6,3,0,0,0,5,0,0,0,0,10,13,14,11,10,2,10,9,6,9,7,9,10,4
0,0,0,0,0,3,0,0,3,8,12,23,14,10,10,2,10,1,0,7,10,6,1,0
0,2,0,1,4,5,3,0,0,9,13,37,25,14,13,4,8,0,0,6,8,2,0,0
0,0,0,0,0,0,0,0,5,9,30,41,31,14,13,7,3,5,1,10,6,9,1,0
0,0,0,0,0,4,3,0,0,11,23,50,41,13,13,3,9,4,10,7,12,8,7,0
0,0,0,0,1,9,11,11,12,14,29,51,22,13,10,4,3,1,4,8,8,2,11,10
5,6,0,0,8,12,14,13,11,16,50,53,36,12,10,8,5,3,9,7,3,7,5,11
4,7,3,7,6,5,7,7,10,46,59,58,32,13,14,10,5,3,7,1,7,12,9,0
4,4,8,10,10,1,8,12,10,53,77,73,19,14,9,0,0,7,6,11,10,1,10,6

6,8,3,0,0,0,0,0,8,9,0,0,1,0,5,0,0,5,0,0,0,3,9,1
7,0,0,4,0,5,0,7,8,12,11,5,5,0,0,1,10,0,0,0,10,10,0,0
9,9,6,8,8,40,56,74,71,52,11,26,10,0,10,7,0,12,2,1,0,0,0,0
10,7,12,14,13,55,106,112,122,101,54,14,6,12,51,11,7,7,11,0,0,0,0,3
0,4,7,7,50,68,89,110,104,79,63,58,13,49,33,0,0,9,8,13,3,7,10,0
12,8,12,13,23,53,62,63,81,57,56,63,52,34,43,29,35,13,13,22,8,0,0,0
14,12,10,12,12,14,50,55,59,74,74,68,73,58,20,38,12,14,13,9,4,0,0,4
9,9,11,9,10,28,51,63,62,73,126,192,167,91,64,56,52,28,6,0,7,3,5,0
10,12,12,10,11,51,51,56,67,100,258,480,620,174,91,59,10,30,26,14,8,10,0,6
33,50,46,12,13,25,57,57,67,118,219,334,263,178,135,100,50,4,8,8,2,0,0,2
14,38,40,28,8,26,55,64,74,120,145,165,165,168,141,101,64,1,0,0,0,0,0,1
33,13,22,13,6,9,52,72,106,102,99,79,106,153,153,123,84,51,12,2,0,0,0,1
51,58,67,62,17,15,59,61,61,81,13,14,115,136,142,128,107,53,16,12,2,0,0,0
8,14,39,64,61,43,18,103,69,9,4,31,106,124,139,135,116,85,75,11,0,6,6,2
4,2,4,12,30,13,9,9,2,0,0,14,94,119,142,145,113,90,58,7,0,0,0,4
7,12,51,42,12,13,0,0,0,6,0,6,51,109,136,122,88,89,12,21,13,10,7,0
8,14,51,70,89,77,75,65,39,12,3,9,13,56,72,77,64,65,61,41,9,2,9,0
11,33,42,55,57,61,67,83,70,54,57,33,32,32,45,72,72,48,39,28,18,10,11,8
9,37,86,101,90,84,104,108,90,115,121,133,87,58,56,85,89,62,55,25,19,6,8,9
11,44,75,100,67,56,59,110,121,124,144,173,162,145,160,144,122,103,61,12,10,10,8,0
13,33,43,46,37,36,58,73,74,120,181,266,288,283,271,212,151,113,50,27,14,7,7,9
10,17,55,61,58,43,47,55,82,122,213,394,461,395,347,246,151,85,39,28,25,17,13,14
12,23,51,67,32,35,40,47,47,101,146,283,339,295,244,180,127,84,33,32,13,5,8,6
0,8,27,82,41,26,57,67,69,102,111,145,196,214,171,149,113,85,12,12,13,11,8,3
8,9,14,15,43,13,51,65,52,58,100,105,117,133,131,112,30,12,21,35,12,6,11,13
8,11,14,62,51,28,38,71,87,13,98,86,100,101,100,101,92,6,1,3,0,2,5,6
6,12,39,54,61,54,58,20,8,12,50,14,52,51,80,78,64,55,13,10,9,2,0,5
16,54,65,68,60,12,6,12,8,13,21,39,50,56,53,37,12,55,33,10,14,10,11,7
59,53,34,13,11,8,12,10,30,9,19,47,50,58,34,43,12,10,12,23,5,14,12,9
12,4,8,10,12,14,6,2,9,11,34,40,48,44,28,12,17,31,15,3,8,0,10,9
12,8,11,6,14,15,13,13,9,40,41,45,43,37,14,13,16,17,14,10,8,6,0,2
1,2,3,4,9,12,11,5,14,13,60,53,50,30,5,12,12,11,16,19,14,2,5,0
8,4,0,0,5,9,5,3,23,32,46,53,29,13,0,7,12,11,8,12,11,7,6,6
4,8,0,5,4,12,11,5,12,17,49,54,22,9,11,12,12,10,9,9,9,8,9,10
0,0,0,0,3,11,4,0,7,6,12,30,14,11,11,11,10,10,12,11,10,8,7,11
7,3,0,0,0,6,0,0,0,0,10,14,16,11,10,2,11,9,6,9,7,9,10,4
0,0,0,0,0,3,0,0,3,8,12,25,14,10,11,2,10,1,0,7,10,6,1,0
0,2,0,1,4,5,2,0,0,9,13,37,28,14,13,4,8,0,0,6,8,2,0,0
0,0,0,0,0,0,0,0,5,9,29,42,32,14,13,7,3,5,1,10,6,9,1,0
0,0,0,0,0,4,3,0,0,11,23,51,41,14,14,3,10,4,10,7,12,8,7,0
0,0,0,0,1,9,11,11,12,14,29,51,26,13,10,5,3,1,4,8,8,2,11,10
6,6,0,0,8,12,14,13,11,18,50,53,38,12,10,8,5,3,9,7,3,7,5,11
4,7,3,7,6,6,7,7,11,47,60,58,36,14,14,10,5,3,7,1,7,12,9,0
5,4,8,10,10,1,8,12,11,53,77,73,19,14,9,0,0,7,6,11,10,1,10,6

5,8,3,0,0,0,0,0,8,9,0,0,1,0,5,0,0,5,0,0,0,3,9,1
7,0,0,4,0,5,0,7,8,12,11,5,6,0,0,2,10,0,0,0,10,10,0,0
9,9,6,8,8,41,56,74,71,52,11,29,10,0,10,7,0,12,2,1,0,0,0,0
10,7,12,14,13,55,106,112,123,102,55,14,6,12,51,11,7,7,11,0,0,0,0,3
0,4,7,7,50,68,89,110,105,80,63,58,13,50,33,0,0,9,8,13,3,7,10,0
12,8,12,13,23,53,62,63,82,58,56,63,51,34,43,29,35,13,13,22,8,0,0,0
14,12,10,12,12,14,50,55,59,74,73,68,73,58,21,39,12,14,13,9,4,0,0,4
9,9,11,9,10,28,51,63,62,73,125,190,165,91,64,56,52,27,6,0,7,3,5,0
10,12,12,10,10,51,50,56,67,100,257,478,619,174,90,58,10,29,25,14,8,10,0,5
34,50,45,12,13,26,57,57,67,118,219,334,263,177,135,100,49,4,8,8,2,0,0,2
14,38,40,28,8,26,55,64,74,120,146,164,164,168,142,101,64,1,0,0,0,0,0,1
33,13,22,13,6,10,52,72,107,102,99,79,106,153,153,123,85,51,12,2,0,0,0,2
51,58,68,62,17,15,59,62,62,81,13,14,116,136,142,128,107,54,17,12,2,0,0,0
8,14,38,65,62,44,21,103,70,9,4,33,106,124,140,135,116,86,75,12,0,6,6,2
4,2,4,13,29,13,9,9,2,0,0,14,95,120,142,146,113,92,59,7,0,0,0,4
7,12,51,42,11,13,0,0,0,6,0,6,54,110,136,122,89,92,12,22,13,10,7,0
8,14,51,70,89,77,75,65,40,12,3,6,14,56,72,78,65,66,62,46,10,2,9,0
11,33,42,55,57,61,67,83,69,54,56,34,32,32,45,73,73,49,41,28,19,11,11,8
9,40,87,101,89,84,104,108,90,115,121,133,87,57,56,85,89,64,57,28,20,6,8,9
11,43,75,100,67,56,59,110,121,123,143,171,161,146,162,145,123,104,69,12,10,10,8,0
13,33,43,45,37,35,58,73,74,119,180,262,284,280,270,213,154,115,53,28,15,7,7,9
10,18,57,61,58,43,47,55,82,122,212,394,460,394,346,248,155,89,41,29,26,17,13,14
12,23,52,68,32,36,40,46,47,101,145,280,337,294,244,182,128,88,34,32,13,5,8,6
0,8,26,82,41,24,56,66,70,102,111,145,194,213,171,150,114,88,12,12,13,11,8,3
7,9,14,16,43,13,51,65,52,58,100,105,117,133,130,112,31,12,21,35,12,6,11,13
8,11,15,62,50,31,40,71,87,13,98,86,100,101,100,101,92,6,1,3,0,2,5,6
6,12,39,54,60,54,58,20,8,12,48,14,51,51,82,75,64,55,13,10,9,2,0,5
16,54,66,69,61,12,6,12,8,13,20,38,48,56,52,35,12,55,33,10,14,10,11,7
59,53,33,13,11,8,12,10,28,9,16,44,50,58,33,41,12,10,12,24,5,14,12,9
13,4,8,10,12,14,6,2,9,10,32,40,48,45,28,12,17,31,15,3,8,0,10,9
12,8,11,6,14,14,13,13,9,39,40,45,43,38,14,13,16,17,14,10,8,6,0,2
1,2,3,4,8,12,11,5,14,12,58,53,50,28,6,12,12,11,16,19,14,2,5,0
8,4,0,0,5,9,5,3,20,29,44,53,29,13,0,7,12,11,9,12,11,7,6,6
5,8,0,4,5,12,11,5,12,15,46,54,25,9,11,12,13,10,9,9,9,8,9,10
0,0,0,0,3,11,4,0,7,5,12,29,14,11,11,11,10,10,12,11,10,8,7,11
7,3,0,0,0,6,0,0,0,0,10,13,18,11,10,2,11,9,6,9,7,9,10,4
0,0,0,0,0,3,0,0,3,8,12,24,15,10,11,2,10,2,0,7,10,6,1,0
0,2,0,1,4,5,3,0,0,9,13,37,29,14,13,4,8,0,0,6,8,2,0,0
0,0,0,0,0,0,0,0,5,9,27,42,32,14,13,8,3,5,1,10,6,9,1,0
0,0,0,0,0,4,4,0,0,11,24,50,41,14,14,3,10,4,10,7,12,8,7,0
0,0,0,0,1,9,11,11,12,14,28,51,25,13,10,5,3,1,4,8,8,1,11,10
6,6,0,0,8,12,14,14,11,18,50,53,40,12,10,9,5,3,9,7,3,7,5,11
4,7,3,7,6,5,7,7,11,46,59,59,35,14,15,10,5,3,7,1,7,12,9,0
5,4,8,10,10,1,8,12,11,53,77,74,23,14,10,0,0,7,6,11,10,1,10,6

5,8,3,0,0,0,0,0,8,9,0,0,1,0,5,0,0,5,0,0,0,3,9,1
7,0,0,4,0,5,1,7,8,12,11,5,6,0,0,2,10,0,0,0,10,10,0,0
9,9,6,8,8,40,56,73,71,53,11,26,10,0,10,7,0,12,2,2,0,0,0,0
10,7,12,14,13,55,106,112,124,102,55,14,6,12,51,11,7,7,11,0,0,0,0,3
0,3,7,7,50,69,90,111,105,81,64,57,13,48,31,0,0,9,8,13,3,7,10,0
12,8,12,13,23,53,62,64,82,58,56,63,51,34,43,29,35,13,13,22,8,0,0,0
14,12,9,12,12,14,50,55,59,75,73,68,73,58,19,38,12,14,13,9,4,0,0,4
9,9,11,9,10,27,50,63,62,72,125,189,165,90,64,56,52,26,6,0,7,3,5,0
9,11,12,10,10,51,50,56,67,100,254,473,614,172,90,59,10,28,23,14,7,10,0,5
34,50,45,12,12,24,57,57,67,117,217,332,261,177,135,100,50,4,8,7,1,0,0,2
13,38,40,28,8,25,55,64,74,120,145,164,164,167,142,102,64,1,0,0,0,0,0,1
34,13,22,13,6,9,52,72,106,102,99,79,107,154,154,124,86,51,12,2,0,0,0,2
50,58,67,62,17,14,59,62,63,81,13,15,116,136,143,129,107,54,17,12,2,0,0,0
8,14,38,66,62,45,21,103,69,9,4,39,106,124,140,135,116,87,77,12,0,6,6,2
4,2,4,12,29,13,8,9,2,0,0,14,96,120,144,146,114,93,59,8,0,0,0,4
7,12,51,39,11,12,0,0,0,5,0,6,54,110,137,122,90,92,12,23,13,10,7,0
7,14,51,69,89,76,75,64,39,12,3,5,14,56,72,78,65,66,62,47,10,2,9,0
11,33,42,55,57,61,67,83,69,54,56,34,32,32,45,73,74,49,41,29,19,11,11,8
9,41,88,101,90,84,104,108,90,115,120,132,87,57,56,86,90,64,57,29,20,6,8,9
11,44,75,100,66,56,59,110,121,123,143,170,160,146,162,145,123,105,71,12,10,10,8,0
13,33,43,45,37,35,58,73,74,120,180,263,286,280,270,213,154,115,54,28,15,7,7,9
10,17,56,61,58,43,46,55,82,122,214,396,460,393,345,248,155,89,41,29,26,17,13,14
12,22,51,67,32,36,39,46,47,101,146,282,337,294,243,181,128,88,33,32,13,5,8,6
0,8,28,83,41,24,56,68,70,102,111,145,195,214,170,149,114,88,12,12,13,11,8,3
7,9,14,16,41,13,50,65,54,58,100,105,117,133,130,112,29,12,20,35,12,6,11,13
8,11,15,64,51,28,38,73,87,13,100,88,100,101,100,101,93,6,1,3,0,2,5,6
6,12,40,53,60,54,57,20,8,12,47,14,51,51,79,75,64,55,13,10,9,2,0,5
17,54,66,69,61,12,6,12,8,13,20,37,47,57,52,34,12,55,33,10,14,10,11,7
59,54,34,13,11,8,11,10,28,9,16,45,50,58,33,41,12,10,12,23,5,14,12,9
13,4,8,10,12,14,6,1,8,10,32,40,48,45,28,12,17,31,16,3,8,0,10,9
12,8,11,6,14,14,13,13,9,39,39,44,43,37,14,13,16,17,14,10,8,6,0,2
1,3,3,4,8,12,11,5,14,12,58,53,50,29,6,12,12,11,17,19,14,3,5,0
8,4,0,0,5,8,5,2,19,28,42,53,28,13,0,7,12,11,9,12,11,7,6,6
4,8,0,4,4,12,11,5,12,15,45,54,25,9,11,12,13,10,9,9,9,8,9,10
0,0,0,0,3,11,4,0,7,5,12,28,14,11,11,11,10,10,12,11,10,8,7,11
7,3,0,0,0,6,0,0,0,0,10,13,20,11,10,3,11,9,6,9,8,9,10,4
0,0,0,0,0,3,0,0,3,8,12,24,15,11,11,3,10,2,0,7,10,6,1,0
0,2,0,1,5,5,3,0,0,9,13,37,29,14,13,5,8,0,0,6,8,2,0,0
0,0,0,0,0,0,0,0,6,9,29,41,32,14,13,8,3,5,1,10,6,9,1,0
0,0,0,0,0,4,4,0,0,11,24,50,42,14,14,3,10,4,10,7,12,8,7,0
0,0,0,0,1,9,11,11,12,14,28,51,27,13,10,5,4,1,5,8,8,1,11,10
6,6,0,0,8,12,14,14,11,18,50,53,40,12,10,9,5,3,9,7,3,7,5,11
5,7,3,7,6,5,7,7,11,48,60,59,37,14,15,10,5,3,7,1,8,12,9,0
5,4,8,10,10,1,8,12,11,53,77,74,26,14,10,0,0,7,6,11,10,1,10,6

5,8,3,0,0,0,0,0,8,9,0,0,1,0,5,0,0,5,0,0,0,3,9,1
7,0,0,4,0,5,1,7,9,13,11,4,6,0,0,1,10,0,0,0,10,10,0,0
9,9,6,8,8,40,56,74,72,54,11,26,10,0,10,7,0,11,2,2,0,0,0,0
10,7,12,14,13,55,106,113,127,103,58,14,6,12,51,11,7,7,11,0,0,0,0,3
0,4,7,7,50,69,90,112,107,83,64,57,13,47,29,0,0,9,8,13,3,7,10,0
12,8,12,13,23,53,63,65,82,59,56,62,51,34,43,29,34,12,13,22,8,0,0,0
14,12,9,12,12,14,51,55,59,75,73,68,73,58,17,36,12,14,13,9,4,0,0,4
9,9,11,9,10,24,50,63,62,73,125,190,171,91,64,56,52,23,6,0,7,3,5,0
9,11,12,10,10,50,50,55,67,100,251,462,592,169,90,59,9,28,20,13,7,10,0,5
33,50,45,12,12,21,57,57,67,117,213,322,255,176,136,101,50,4,8,7,1,0,0,2
13,38,40,27,8,25,55,64,74,119,143,160,163,170,144,102,64,1,0,0,0,0,0,1
33,13,22,13,6,9,52,72,106,102,98,79,108,156,156,124,86,51,12,2,0,0,0,2
51,58,67,63,20,16,59,62,63,80,12,18,117,137,144,130,108,54,19,12,2,0,0,0
8,14,40,67,63,51,26,104,70,8,4,47,107,125,141,136,117,88,81,12,0,7,6,3
4,2,3,13,30,13,8,9,1,0,0,16,97,120,143,146,115,95,62,8,0,0,0,4
7,12,51,38,10,12,0,0,0,6,0,5,53,109,137,122,91,94,12,25,14,10,7,0
7,14,51,69,89,76,74,64,38,12,3,5,14,56,73,79,66,67,63,50,10,2,9,0
11,33,42,55,56,61,67,82,69,53,55,34,31,31,45,74,75,49,42,29,20,11,11,8
9,38,87,101,88,83,103,108,89,115,119,131,85,57,56,86,90,65,58,32,21,6,8,9
11,45,75,99,66,56,59,110,120,122,142,168,158,145,163,146,124,105,76,12,10,10,8,0
13,33,43,45,37,36,58,73,74,119,179,259,283,278,270,214,157,117,57,29,15,7,7,9
9,17,57,61,58,43,46,55,83,123,214,396,459,392,345,249,157,92,42,29,26,17,13,14
12,22,51,66,31,35,40,46,47,101,146,283,337,293,243,183,129,91,35,32,13,6,8,6
0,8,27,82,41,24,56,67,70,102,111,146,196,214,171,150,114,91,12,12,13,11,8,3
7,9,14,16,43,13,51,65,55,59,100,105,118,134,130,112,28,12,22,36,12,6,11,13
8,11,16,62,51,28,40,71,89,13,98,89,100,101,100,100,92,6,1,3,0,2,5,6
6,12,39,53,61,53,58,21,8,12,47,14,51,50,80,75,64,56,13,10,9,2,0,5
16,54,66,70,62,12,6,12,8,13,18,37,48,56,52,34,12,55,33,10,14,10,11,7
59,54,34,13,11,8,11,9,27,9,15,44,50,58,33,41,12,10,12,24,5,14,12,9
12,4,7,10,12,14,5,1,8,10,33,40,49,45,28,12,17,31,16,3,8,0,10,9
12,8,10,6,14,14,13,12,9,40,41,45,43,38,14,13,16,17,14,10,8,6,0,2
1,2,3,4,8,12,11,4,14,12,60,54,50,29,5,12,12,11,17,19,14,2,5,0
8,4,0,0,4,8,5,2,19,29,46,53,29,13,0,7,12,11,9,12,11,7,6,6
4,8,0,4,4,12,11,5,12,17,47,54,25,9,11,12,13,10,9,9,9,8,9,10
0,0,0,0,3,11,4,0,7,6,12,29,14,11,11,12,10,10,12,11,10,9,7,11
6,3,0,0,0,6,0,0,0,0,10,14,23,11,10,3,11,9,6,9,8,9,10,4
0,0,0,0,0,3,0,0,3,8,12,26,17,11,11,3,10,2,0,7,10,6,1,0
0,2,0,1,5,5,3,0,0,9,13,39,30,14,13,5,8,0,0,6,8,2,0,0
0,0,0,0,0,0,0,0,6,10,30,42,32,14,13,8,3,5,1,10,6,9,1,0
0,0,0,0,0,4,4,0,0,12,24,51,44,14,14,4,10,4,11,7,12,8,7,0
0,0,0,0,1,9,11,11,12,14,30,51,26,13,10,5,4,2,5,8,8,2,11,10
6,6,0,0,8,12,14,14,11,19,50,53,40,12,11,9,5,3,9,7,3,7,5,11
4,7,3,7,6,5,7,7,11,48,60,59,40,14,15,10,5,3,7,1,7,12,9,0
5,4,8,10,10,1,8,12,11,53,76,74,27,14,10,0,0,8,6,11,10,1,10,6

5,8,2,0,0,0,0,1,8,9,0,0,1,0,4,0,0,5,0,0,0,4,9,1
7,0,0,4,0,6,2,8,10,14,10,4,7,0,0,1,10,0,0,0,10,11,0,0
9,8,5,8,8,43,56,77,75,61,12,24,10,0,10,6,0,11,1,3,0,0,0,0
10,7,12,14,13,54,106,115,136,109,77,14,5,11,50,10,6,5,12,0,0,0,0,4
0,5,6,8,50,68,89,115,112,98,69,56,10,43,19,0,0,9,7,13,3,7,10,0
12,8,12,13,23,53,64,70,87,64,56,62,50,31,41,26,29,12,13,22,8,0,0,0
14,12,9,13,12,14,51,55,59,76,72,67,70,57,14,20,11,13,12,9,4,0,0,4
9,9,11,8,9,14,36,62,62,73,126,188,184,88,63,56,51,15,5,0,7,3,5,0
9,12,12,10,9,40,42,55,66,100,241,438,503,159,87,57,9,24,14,13,7,10,0,5
30,50,44,11,12,14,56,57,67,116,208,308,248,172,135,100,45,3,7,6,0,0,0,3
13,37,39,26,8,24,55,64,74,119,143,163,166,173,146,102,64,1,0,0,0,0,0,2
33,13,21,12,6,10,52,72,106,102,100,80,114,160,160,125,87,51,12,2,0,0,0,4
51,58,69,65,23,18,59,62,64,79,12,51,121,140,147,132,108,55,23,10,1,2,0,0
8,15,43,68,66,55,35,104,69,8,6,57,109,127,143,138,118,90,85,12,0,8,7,3
4,3,3,13,34,13,9,9,1,0,0,27,100,120,143,148,118,99,64,9,0,0,0,4
7,11,50,23,8,10,0,0,0,5,0,4,53,109,136,122,92,97,13,26,14,11,7,0
7,14,50,67,87,74,72,63,34,11,2,4,14,56,74,81,66,67,64,50,11,2,9,0
10,32,41,54,56,61,66,82,68,53,54,33,31,31,46,75,75,50,43,30,20,11,11,8
9,35,86,101,88,83,103,108,89,114,118,129,84,57,57,86,91,66,60,35,21,6,8,9
11,43,74,98,66,56,59,109,120,122,141,165,156,145,165,148,126,107,86,13,10,11,8,0
12,32,43,45,37,35,58,73,74,119,178,257,281,277,271,218,162,120,63,30,16,7,7,9
9,15,56,60,58,43,46,55,82,122,212,393,457,391,346,254,162,98,45,30,26,18,13,14
12,22,50,65,31,35,39,46,47,101,146,281,336,293,245,186,131,98,37,33,13,6,8,6
0,7,27,82,40,24,56,67,69,102,111,146,196,215,173,151,115,97,12,13,13,11,8,3
7,9,14,17,40,13,50,68,55,59,100,105,119,135,131,113,30,12,23,36,12,6,11,13
8,11,15,62,51,28,37,71,89,13,97,88,100,101,100,101,92,6,1,3,0,2,5,6
6,12,41,54,61,54,58,21,8,12,46,14,51,51,79,76,64,56,13,10,9,2,0,5
16,54,66,68,61,12,6,12,8,13,19,35,47,56,52,35,12,55,33,10,14,10,11,7
58,54,34,13,11,8,11,9,26,9,14,45,51,58,33,41,12,10,12,24,5,14,12,9
12,4,7,10,12,14,5,1,8,10,33,40,49,45,28,12,17,31,16,3,8,0,10,9
12,8,10,6,14,14,13,12,9,40,41,45,43,38,14,13,15,17,14,10,8,6,0,2
1,2,3,4,8,12,11,4,14,12,61,54,50,29,5,12,12,11,16,19,14,2,5,0
8,4,0,0,4,8,5,2,19,31,47,53,29,13,0,7,12,11,9,12,11,7,6,6
4,8,0,4,4,12,11,5,12,17,49,54,25,9,11,12,13,10,9,9,9,8,9,10
0,0,0,0,3,11,4,0,7,6,12,29,14,11,11,12,10,10,12,11,10,8,7,11
6,3,0,0,0,6,0,0,0,0,10,14,23,11,10,3,11,9,6,9,8,9,10,4
0,0,0,0,0,3,0,0,3,8,12,28,19,11,11,3,10,2,0,7,10,6,1,0
0,2,0,1,5,5,3,1,0,9,13,40,30,14,13,5,8,0,0,6,8,2,0,0
0,0,0,0,0,0,0,0,6,10,30,42,32,15,13,8,4,6,1,10,6,9,1,0
0,0,0,0,0,4,4,0,0,12,24,50,44,14,14,4,10,4,11,7,12,8,7,0
0,0,0,0,1,9,11,11,13,14,29,51,26,13,11,5,4,2,5,8,8,2,11,10
6,6,0,0,8,12,14,14,11,18,50,53,40,12,11,9,5,3,9,7,3,7,5,11
4,7,3,7,6,5,7,7,11,50,60,59,39,14,15,10,5,3,7,1,7,12,9,0
5,4,8,10,10,0,8,12,11,53,76,74,30,14,10,0,1,7,6,11,10,1,10,6

5,8,3,0,0,1,0,1,9,9,0,0,1,0,4,0,0,5,0,0,0,4,9,1
7,0,0,4,0,6,1,8,10,14,9,4,7,0,0,1,10,0,0,0,10,11,0,0
9,9,5,8,8,43,56,76,76,61,11,24,10,0,10,6,0,11,1,3,0,0,0,1
10,7,12,14,13,54,106,115,137,109,80,14,5,12,50,10,6,4,11,0,0,0,0,4
0,5,6,8,50,68,90,115,112,98,68,57,11,45,18,0,0,9,7,13,3,7,10,0
12,8,12,13,23,53,64,70,87,65,56,62,50,32,41,26,29,12,13,22,8,0,0,0
14,12,9,12,12,14,51,55,59,76,72,67,70,57,14,22,11,13,12,9,4,0,0,4
9,9,11,8,9,14,37,62,62,73,127,190,184,88,63,56,51,16,5,0,7,3,5,0
9,12,12,9,8,41,44,55,66,100,244,441,506,160,87,58,9,24,14,12,7,10,0,5
32,50,43,11,12,14,56,57,67,116,208,307,249,174,135,100,45,3,6,7,0,0,0,2
13,37,40,26,8,24,55,64,74,119,142,161,166,175,145,102,63,1,0,0,0,0,0,1
33,13,23,13,6,10,52,72,106,102,99,80,115,161,160,125,86,50,12,1,0,0,0,5
51,59,69,65,23,18,59,63,64,79,12,52,122,141,147,131,108,54,21,10,1,1,0,0
8,15,42,70,66,56,38,104,69,8,6,56,109,128,143,137,117,88,81,12,0,7,7,3
4,3,1,12,33,13,9,9,1,0,0,30,100,120,143,148,117,98,63,9,0,0,0,4
7,10,45,15,8,9,0,0,0,4,0,5,53,109,137,122,92,96,13,25,14,11,7,0
7,13,50,67,86,73,71,62,33,11,2,4,14,57,75,81,66,67,64,50,11,2,10,0
10,32,41,54,55,60,66,81,68,53,54,33,31,31,46,76,76,50,42,29,20,11,11,8
9,33,84,100,88,82,103,107,88,114,118,129,84,57,57,86,91,66,60,33,21,6,8,9
11,42,73,97,66,56,59,109,120,122,141,165,156,145,165,148,126,107,85,13,10,11,8,0
12,32,43,45,36,35,57,73,74,118,178,258,282,278,270,218,162,120,62,30,17,7,7,9
9,15,55,60,58,43,46,55,82,122,213,394,457,391,347,255,162,98,45,30,26,18,13,14
12,22,51,65,31,35,40,46,47,101,146,283,337,295,246,186,131,98,37,33,13,6,8,6
0,7,25,82,39,24,56,68,69,102,111,146,196,215,172,151,115,96,12,13,13,11,8,3
7,9,14,17,41,13,50,67,55,59,100,105,119,135,131,113,30,12,23,36,12,6,11,13
8,10,15,63,50,28,40,71,89,13,97,86,100,101,100,101,92,6,1,3,0,2,5,6
6,12,41,55,60,54,58,23,8,12,47,14,51,50,80,76,64,56,13,10,9,2,0,5
15,54,66,69,62,12,6,12,8,13,18,36,48,56,52,34,12,55,32,10,14,10,11,7
58,54,35,13,11,8,11,9,27,9,15,44,50,58,34,43,12,10,12,24,5,14,13,9
12,4,7,10,12,14,5,1,8,10,34,40,48,45,29,12,17,31,16,3,8,0,10,9
12,8,10,6,14,14,13,12,9,40,41,45,43,38,14,13,16,17,14,10,8,6,0,2
1,2,3,4,8,12,11,4,14,13,60,53,50,31,5,12,12,11,16,19,14,3,5,0
8,4,0,0,4,8,5,2,18,29,48,54,29,13,0,7,12,11,9,12,11,7,6,6
4,8,0,4,4,12,11,5,12,17,48,54,25,9,11,12,13,10,9,9,9,8,9,10
0,0,0,0,3,11,4,0,7,6,13,29,14,11,11,12,10,10,12,11,10,8,7,11
7,3,0,0,0,6,0,0,0,0,10,14,24,11,10,3,11,9,6,9,8,9,10,4
0,0,0,0,0,3,0,0,3,8,12,28,18,11,11,3,10,2,0,7,10,6,1,0
0,2,0,1,5,5,3,1,0,9,13,40,32,14,13,5,8,0,0,7,8,2,0,0
0,0,0,0,0,0,0,0,6,10,30,42,33,15,13,8,4,6,1,10,6,9,1,0
0,0,0,0,0,4,4,0,0,12,24,51,44,14,14,4,10,4,11,7,12,8,7,0
0,0,0,0,1,9,11,11,13,14,30,51,27,13,11,5,4,2,5,8,8,2,11,10
6,6,0,0,8,12,14,14,11,18,50,53,38,12,11,9,5,4,9,7,3,7,5,11
4,7,3,7,6,6,7,7,11,50,60,59,43,14,15,10,5,3,7,1,8,12,9,0
5,4,8,10,10,0,8,12,11,53,76,74,29,14,10,0,0,8,6,11,10,1,10,6

5,8,3,0,0,0,0,1,9,9,0,0,2,0,4,0,0,5,0,0,0,4,9,1
7,0,0,4,0,5,1,8,10,14,9,4,7,0,0,1,10,0,0,0,10,11,0,0
9,8,5,8,8,44,56,76,76,61,11,24,10,0,10,6,0,11,1,3,0,0,0,1
10,7,12,14,13,54,106,115,137,109,81,14,5,11,50,10,6,4,11,0,0,0,0,4
0,5,6,8,50,68,90,115,113,99,69,57,11,44,18,0,0,9,7,13,3,7,10,0
12,8,12,13,25,53,64,71,88,66,56,62,50,31,41,26,29,12,13,22,8,0,0,0
14,13,9,12,12,19,51,55,59,76,72,67,70,57,14,22,11,13,12,9,4,0,0,4
9,9,11,8,9,14,37,62,62,73,127,190,190,88,63,57,51,15,5,0,7,3,5,0
9,12,12,9,8,39,42,55,66,100,241,435,494,159,87,58,9,23,14,12,7,10,0,5
32,50,42,11,12,14,56,57,67,116,207,304,247,174,136,100,48,3,6,7,0,0,0,2
13,37,38,26,7,24,55,64,74,119,143,163,167,176,147,103,64,1,0,0,0,0,0,1
36,13,23,12,6,10,52,73,106,102,99,80,116,162,160,125,87,51,12,1,0,0,0,5
51,59,69,65,25,19,59,63,65,79,12,53,122,141,147,131,108,54,22,10,1,2,0,0
8,17,45,70,67,58,43,104,69,8,6,59,109,128,143,137,117,88,81,12,0,8,7,3
4,3,1,12,34,13,9,9,1,0,0,35,100,120,143,146,116,97,63,9,0,0,0,4
7,10,43,14,7,8,0,0,0,4,0,5,54,110,137,120,91,98,13,26,14,11,7,0
6,13,50,66,85,72,70,62,32,11,2,4,14,57,76,81,66,68,64,50,11,2,9,0
10,32,41,54,55,60,65,81,68,53,54,33,31,31,47,77,77,50,43,30,21,11,11,8
8,31,84,100,87,83,103,107,88,114,118,129,83,57,56,86,91,67,61,35,22,6,8,9
10,42,73,97,66,56,59,109,120,121,141,165,156,145,164,148,127,107,89,13,10,11,8,0
12,32,42,44,37,35,58,73,73,118,177,256,281,277,270,219,164,121,65,31,17,7,7,9
9,14,55,60,58,43,46,55,82,122,212,393,455,390,347,256,164,100,47,30,26,18,13,14
12,22,50,65,31,35,39,46,47,101,146,281,336,294,246,188,132,100,38,34,13,6,8,6
0,7,25,81,39,24,56,67,69,102,111,146,196,216,173,152,115,99,12,13,13,11,8,3
6,9,14,17,41,13,50,67,58,59,101,106,119,136,131,113,31,12,24,36,12,6,11,13
8,10,15,62,50,28,40,73,89,13,97,88,100,101,100,101,92,6,1,3,0,2,5,6
5,12,41,54,60,54,58,21,8,12,46,14,51,50,77,78,64,55,13,10,9,2,0,5
16,54,66,69,62,12,6,12,7,13,18,35,47,56,51,37,12,55,33,10,14,10,11,7
58,53,35,13,11,8,11,9,26,9,14,45,51,58,33,44,12,10,12,24,5,14,13,9
12,4,7,10,12,14,5,1,8,10,33,40,49,45,28,12,17,31,16,3,8,0,10,9
12,8,10,6,14,14,13,12,9,39,41,45,43,38,14,13,15,17,14,10,8,6,0,2
1,2,3,4,8,12,11,4,14,12,59,54,50,31,6,12,12,11,16,19,14,3,5,0
8,4,0,0,4,8,5,2,18,29,46,53,30,13,0,7,12,11,9,12,11,7,6,6
4,8,0,4,4,12,11,5,12,18,49,54,25,9,11,12,13,10,9,9,9,8,9,10
0,0,0,0,3,11,4,0,6,6,13,29,14,11,11,12,10,10,12,11,10,8,7,11
6,3,0,0,0,6,0,0,0,0,10,14,23,11,10,4,11,9,6,9,8,9,10,4
0,0,0,0,0,3,0,0,3,9,12,29,21,11,11,3,10,3,0,7,10,6,1,0
0,2,0,2,5,5,3,1,0,10,13,40,32,15,13,5,8,0,0,7,8,2,0,0
0,0,0,0,0,0,0,0,6,10,30,42,33,15,13,8,4,6,1,10,6,9,1,0
0,0,0,0,0,5,4,0,0,12,24,51,46,14,14,4,10,4,11,7,12,8,7,0
0,0,0,0,1,9,11,11,13,14,30,51,29,13,11,5,4,2,5,8,8,2,11,10
6,6,0,0,8,12,14,14,11,19,50,53,41,12,11,9,6,4,9,7,3,7,5,11
4,7,3,7,6,5,7,7,11,50,60,59,43,14,15,10,5,3,7,1,7,12,9,0
5,4,8,10,10,0,8,12,11,53,76,74,29,14,10,0,1,8,6,11,10,1,10,6

5,8,3,0,0,1,0,1,9,9,0,0,2,0,4,0,0,5,0,0,0,4,9,1
7,0,0,4,0,6,1,8,11,14,9,3,7,0,0,1,10,0,0,0,10,11,0,0
9,9,5,8,8,41,55,75,77,62,12,26,10,0,10,6,0,11,1,3,0,0,0,1
10,7,12,14,13,53,105,114,139,111,85,14,5,11,50,10,6,4,11,0,0,0,0,4
0,5,6,8,50,67,88,115,114,101,70,57,11,42,16,0,0,9,7,13,3,7,10,0
12,8,12,13,23,53,64,71,89,68,57,62,50,32,41,26,28,12,12,22,8,0,0,0
14,12,9,12,12,14,51,55,59,76,72,67,70,57,14,20,11,13,12,9,4,0,0,4
9,9,11,8,9,14,35,62,62,73,128,191,192,88,63,57,51,15,5,0,7,3,5,0
9,12,12,9,8,39,41,55,66,100,239,433,485,158,88,58,9,24,14,12,7,10,0,5
32,50,42,11,12,14,56,57,67,116,206,301,246,173,136,100,50,3,6,6,0,0,0,2
13,37,39,25,7,23,55,64,74,118,142,163,167,175,146,103,64,1,0,0,0,0,0,1
36,13,23,12,6,10,52,73,106,102,99,80,116,161,160,125,87,51,12,1,0,0,0,5
51,59,69,66,27,19,59,63,65,79,12,54,122,140,146,131,108,54,22,10,1,1,0,0
9,18,46,71,68,59,48,104,69,8,7,60,110,128,142,136,117,88,80,12,0,8,7,3
3,3,1,13,34,13,9,9,1,0,0,36,100,120,143,145,114,96,63,9,0,0,0,4
7,10,43,14,7,8,0,0,0,4,0,5,54,111,138,119,91,98,13,27,14,11,7,0
6,13,50,66,85,72,69,62,31,11,2,4,13,57,76,81,67,68,65,51,11,2,9,0
10,32,41,53,55,60,65,81,68,53,54,33,31,31,48,78,79,51,44,30,21,11,11,8
8,32,84,100,87,82,103,107,88,114,118,129,82,56,56,86,92,68,61,36,22,6,8,9
10,42,72,97,66,56,59,109,120,121,141,165,155,144,164,148,127,108,92,13,10,11,8,0
12,31,42,44,37,35,58,72,73,118,177,256,281,277,270,219,165,122,66,31,17,7,7,9
9,14,56,60,58,43,46,55,83,122,212,392,456,390,347,257,165,101,47,30,26,18,13,15
12,21,50,65,31,35,39,46,47,101,145,281,335,294,247,188,133,100,39,34,13,6,8,6
0,7,25,82,40,24,56,66,69,102,111,146,196,216,174,152,115,100,12,13,13,11,8,3
6,9,14,17,40,13,50,67,57,61,100,105,119,136,131,113,31,12,24,37,12,7,11,13
8,10,16,62,50,28,38,71,89,13,98,89,100,101,100,101,92,6,1,3,0,2,5,6
5,12,40,54,60,54,58,21,8,12,46,14,51,50,76,76,64,54,13,10,9,2,0,5
15,54,66,69,62,12,6,12,8,13,17,36,47,57,52,36,12,55,35,10,14,10,11,7
58,53,34,13,11,8,11,10,25,9,14,44,50,58,35,41,12,10,12,24,5,14,13,9
12,4,7,10,12,14,5,0,8,10,33,40,49,45,29,12,17,31,16,3,8,0,10,9
12,8,10,6,14,14,13,12,9,39,41,45,44,37,14,13,15,18,14,10,8,6,0,2
1,2,3,4,8,12,11,4,14,12,61,53,50,31,6,12,12,11,16,19,14,3,5,0
8,4,0,0,4,8,5,2,19,29,46,54,31,13,0,7,12,11,9,12,11,7,6,6
4,8,0,4,4,12,11,5,12,17,48,54,27,9,11,12,13,10,9,9,9,8,9,10
0,0,0,0,3,11,4,0,6,6,13,30,14,11,11,12,11,10,12,11,10,8,7,11
6,3,0,0,0,6,0,0,0,0,10,14,24,11,10,4,11,10,6,9,8,9,10,4
0,0,0,0,0,3,0,0,3,8,12,28,21,11,11,3,10,3,0,7,10,6,1,0
0,2,0,1,5,5,3,1,0,10,14,40,31,15,13,5,8,0,0,7,8,2,0,0
0,0,0,0,0,0,0,0,6,10,30,42,32,15,13,8,4,6,1,10,6,9,1,0
0,0,0,0,0,5,4,0,0,12,24,51,46,14,14,4,10,4,11,7,12,8,7,0
0,0,0,0,1,9,11,11,13,14,31,51,29,13,11,6,4,2,5,8,8,2,11,10
6,6,0,0,8,12,14,14,11,20,50,53,41,12,11,9,6,4,9,7,3,7,5,11
4,7,3,7,6,5,7,7,11,50,60,59,40,14,15,10,5,3,7,1,7,12,9,0
5,4,8,10,10,1,8,12,11,53,76,74,29,15,10,0,1,8,6,11,10,1,10,6

5,8,3,0,0,1,0,1,9,9,0,0,2,0,4,0,0,5,0,0,0,4,9,1
7,0,0,5,0,6,1,8,11,14,9,4,7,0,0,1,10,0,0,0,10,11,0,0
9,9,5,8,8,41,55,75,77,62,12,24,10,0,10,6,0,11,1,3,0,0,0,1
10,7,12,14,13,52,105,114,139,111,86,14,5,11,50,10,6,4,12,0,0,0,0,4
0,5,6,8,50,67,88,115,114,101,70,57,11,45,15,0,0,8,7,13,3,7,10,0
12,8,12,13,23,53,64,71,89,68,57,62,50,32,41,26,28,12,13,21,8,0,0,0
14,13,9,12,12,14,51,55,59,76,73,67,70,57,14,22,11,13,12,9,4,0,0,4
9,9,11,8,9,14,36,62,62,74,128,193,194,88,63,57,51,15,5,0,7,3,5,0
10,12,12,9,8,39,42,55,66,100,241,436,488,159,88,59,9,23,14,12,7,10,0,5
32,50,44,11,12,14,56,57,67,117,206,302,246,174,136,100,50,3,6,6,0,0,0,2
13,37,38,25,7,23,55,64,74,119,143,163,167,175,146,102,64,1,0,0,0,0,0,1
36,13,23,13,6,10,52,73,106,102,99,80,116,161,159,125,86,50,12,1,0,0,0,5
51,59,69,66,27,19,59,63,65,79,12,54,122,140,146,130,107,54,20,10,1,1,0,0
9,18,46,71,69,60,50,104,69,8,7,61,110,128,142,136,116,87,78,12,0,7,7,3
3,3,1,13,35,13,9,9,1,0,0,41,100,120,142,144,113,95,62,8,0,0,0,4
7,10,44,13,7,7,0,0,0,4,0,6,54,112,137,117,90,97,13,26,14,11,7,0
6,13,50,66,84,71,69,61,31,11,2,4,13,57,76,81,67,68,65,51,11,2,9,0
10,32,41,53,55,60,65,81,68,53,54,33,31,31,48,78,80,51,44,31,21,12,11,8
8,31,84,100,87,82,103,107,88,114,118,128,82,56,56,86,92,69,62,37,22,6,8,9
10,42,72,96,66,56,59,109,120,121,141,165,155,144,164,148,127,108,93,13,10,11,9,0
12,31,42,44,37,34,57,72,73,118,177,256,280,277,270,220,166,122,67,31,17,7,7,9
9,14,56,60,58,43,46,55,82,122,211,391,456,390,346,258,166,102,48,30,26,18,13,15
12,21,50,65,31,35,40,46,47,101,145,280,335,294,247,189,133,100,39,35,13,6,8,6
0,7,25,81,39,24,56,67,70,102,111,146,196,216,174,152,116,100,12,13,13,11,8,3
6,9,14,17,40,13,51,67,55,61,100,106,119,136,131,113,32,12,23,36,12,7,11,13
8,10,15,62,50,28,38,73,89,13,98,89,100,101,100,101,92,6,1,3,0,2,5,6
5,12,40,54,60,53,58,23,8,12,46,14,51,50,79,78,64,55,13,10,9,2,0,5
14,54,66,69,62,12,6,12,8,13,18,40,50,56,52,39,12,56,36,10,14,11,11,7
58,54,33,14,11,8,11,9,26,9,14,44,50,58,35,41,12,10,12,24,5,14,13,9
12,4,7,10,12,14,5,0,8,10,33,40,49,46,28,12,17,31,16,3,8,0,10,9
12,8,10,6,14,14,13,12,9,39,41,45,43,38,14,13,16,18,14,10,8,6,0,2
1,2,3,4,8,12,11,4,14,12,61,54,50,33,5,12,12,11,17,19,14,3,5,0
8,4,0,0,4,8,5,2,17,29,47,53,31,13,0,7,12,11,9,12,11,7,6,6
4,8,0,4,4,12,11,5,12,18,48,54,28,9,11,12,13,10,9,9,9,8,9,10
0,0,0,0,3,11,4,0,6,6,13,31,14,11,11,12,11,10,12,11,10,9,7,11
6,3,0,0,0,6,0,0,0,0,10,14,24,11,10,4,11,9,6,9,8,9,10,4
0,0,0,0,0,3,0,0,3,9,12,30,23,11,11,4,10,3,0,7,10,6,1,0
0,2,0,1,5,5,3,1,0,10,14,40,32,14,13,6,8,0,0,7,8,2,0,0
0,0,0,0,0,0,0,0,6,10,30,42,33,15,13,8,4,6,1,10,6,9,1,0
0,0,0,0,0,5,4,0,0,12,24,51,47,14,14,4,10,4,11,7,12,8,7,0
0,0,0,0,1,9,11,11,13,14,33,51,30,13,11,6,4,2,5,8,8,2,11,10
6,6,0,0,8,12,14,14,11,20,50,53,41,13,11,9,6,4,9,7,3,7,5,11
5,7,3,7,6,5,7,7,11,50,60,59,43,14,15,10,6,3,7,1,7,12,9,0
5,4,8,10,10,0,8,12,11,53,76,75,31,14,10,0,1,8,6,11,10,1,10,6

5,8,3,0,0,0,0,1,9,9,0,0,1,0,4,0,0,6,0,0,0,4,9,2
7,0,0,4,0,5,1,8,11,14,10,4,6,0,0,1,10,0,0,0,10,10,0,0
9,9,5,8,8,43,55,75,77,63,12,24,10,0,10,6,0,12,2,2,0,0,2,2
10,7,12,14,12,52,105,114,138,111,89,14,6,12,51,10,5,5,11,0,0,0,0,4
0,5,6,7,50,67,88,115,114,101,71,58,12,47,20,0,0,9,6,13,2,6,9,0
12,8,12,13,22,53,64,71,89,68,58,62,51,32,41,24,28,11,12,20,7,0,0,0
14,12,9,12,12,14,51,55,59,76,73,68,71,58,14,16,11,13,10,8,3,0,0,5
9,9,11,8,8,14,37,62,62,74,129,193,196,90,63,56,50,14,4,0,8,3,5,0
10,12,12,9,8,38,42,55,66,100,243,437,489,160,89,60,9,23,13,12,6,10,0,4
32,50,43,11,11,14,56,57,67,117,207,301,246,175,137,102,51,4,7,6,0,0,0,2
13,37,39,24,7,22,55,63,74,119,142,162,167,175,147,103,64,2,0,0,0,0,0,2
36,13,24,12,6,10,52,73,106,102,99,80,116,162,160,125,87,51,13,2,0,0,0,4
51,59,69,66,27,20,60,63,66,80,13,56,123,141,146,131,108,55,22,11,1,0,0,0
9,18,47,71,69,60,50,104,69,8,7,62,110,128,142,136,117,88,81,12,0,7,7,3
3,3,1,13,35,13,9,9,1,1,0,43,100,120,142,144,114,96,63,9,0,0,0,4
7,10,47,13,7,7,0,0,0,4,0,6,54,111,136,117,91,98,13,27,14,11,7,0
6,13,50,66,84,71,69,61,30,11,2,4,13,57,76,81,67,68,65,51,11,2,9,0
10,31,41,53,55,60,65,81,68,52,54,33,31,31,49,78,80,51,44,30,21,11,11,8
9,32,84,100,87,82,103,107,88,114,118,128,82,56,56,86,92,69,62,37,22,6,8,9
10,41,72,96,66,55,59,109,120,121,141,165,155,145,164,148,127,108,94,13,10,11,9,0
12,32,43,44,37,34,58,72,73,118,177,256,280,277,270,220,166,123,68,31,17,8,7,9
9,14,55,59,57,43,46,55,82,122,212,393,456,390,346,259,166,102,48,30,26,18,13,14
12,21,50,65,31,35,39,46,47,101,146,280,335,294,247,189,134,101,39,35,13,6,8,6
0,7,26,81,39,23,56,67,69,102,111,146,197,216,174,152,116,100,12,13,13,11,8,3
6,9,14,19,40,13,51,67,58,59,101,106,119,136,131,113,33,12,24,36,12,7,11,13
8,10,15,62,50,26,38,71,89,13,100,89,100,101,100,101,92,6,1,3,0,2,5,6
5,12,40,53,60,53,58,23,8,12,46,14,52,47,79,78,64,55,13,10,9,2,0,5
14,54,66,69,62,12,6,12,8,13,18,35,46,56,52,36,12,56,33,10,14,10,11,7
58,53,35,13,11,8,11,9,26,9,14,46,51,58,34,43,12,11,12,24,5,14,12,9
12,4,7,10,12,14,5,0,8,10,33,40,49,45,28,12,17,30,16,3,8,0,10,9
12,8,10,6,14,14,13,12,9,39,41,45,44,38,14,13,16,18,14,10,8,6,0,2
1,2,3,4,8,12,10,4,14,12,61,53,50,31,6,12,12,11,16,19,14,3,5,0
8,4,0,0,4,8,5,2,18,29,47,54,31,13,0,7,12,11,9,12,11,7,6,6
4,8,0,4,4,12,11,6,12,17,48,54,26,9,11,12,13,11,9,9,9,8,9,10
0,1,0,0,3,11,4,0,6,6,13,30,14,11,11,12,11,10,12,11,10,8,7,11
7,3,0,0,0,6,0,0,0,0,10,14,25,11,10,4,11,9,6,9,8,9,10,4
0,0,0,0,0,3,0,0,3,9,13,29,22,11,11,4,10,3,0,7,10,6,1,0
0,2,0,1,5,5,3,1,0,9,14,40,32,15,13,5,8,0,0,7,8,2,0,0
0,0,0,0,0,0,0,0,6,10,30,42,33,15,14,8,4,6,2,10,6,9,1,0
0,0,0,0,0,5,4,0,0,12,24,51,45,14,14,4,10,4,11,7,12,8,7,0
0,0,0,0,1,9,11,11,13,14,31,51,31,13,11,6,4,2,5,8,8,2,11,10
6,6,0,0,8,12,14,14,11,20,50,53,41,12,11,9,6,4,9,7,3,7,5,11
5,8,3,7,6,5,7,7,11,50,60,59,43,14,15,10,6,3,7,1,8,12,9,0
5,4,8,10,10,0,8,12,11,53,76,75,31,15,10,0,1,8,6,11,10,1,10,6

5,8,3,0,0,0,0,1,9,9,0,0,2,0,5,0,0,6,1,0,0,4,9,2
7,0,0,3,0,5,1,8,11,14,10,4,6,0,0,1,10,0,0,0,10,10,1,0
9,9,5,8,8,41,55,75,77,63,12,26,10,0,10,7,1,12,2,3,0,0,7,4
10,7,12,14,12,52,105,114,139,112,91,14,6,12,51,10,5,5,11,0,0,0,0,0
0,5,6,7,48,67,87,115,114,101,72,58,12,48,23,0,0,8,5,12,1,5,8,0
12,8,12,13,21,53,64,71,89,68,58,62,51,33,41,23,27,10,11,19,7,0,0,0
14,12,9,12,12,14,51,55,59,77,73,68,71,58,14,15,10,13,9,7,3,0,0,5
9,9,11,7,8,14,38,62,62,74,129,194,195,90,63,56,49,14,4,0,8,4,5,0
10,12,12,9,8,38,42,55,66,101,244,439,489,160,89,61,8,20,13,12,6,10,0,4
32,50,43,11,11,14,56,57,67,117,208,301,246,175,137,102,51,4,7,6,0,0,0,2
13,37,39,24,7,24,55,64,75,119,142,162,167,176,146,103,64,2,0,0,0,0,0,1
38,13,23,12,5,10,52,73,106,102,99,80,116,162,160,125,87,51,13,2,0,0,0,3
51,59,70,66,26,20,60,64,67,80,13,56,123,141,146,131,108,55,22,10,1,0,0,0
9,18,48,71,69,60,52,104,69,8,8,62,110,128,142,137,117,88,81,12,0,7,7,3
3,4,1,13,36,13,9,9,1,1,0,45,100,120,142,145,115,97,64,9,0,0,0,4
7,10,47,13,6,6,0,0,0,4,0,6,54,111,136,117,91,98,13,27,14,11,7,0
6,13,50,66,85,71,69,61,30,11,2,4,13,57,76,81,67,68,65,51,11,2,9,0
10,31,41,53,55,60,65,81,68,52,54,33,31,31,49,78,80,51,44,30,21,11,11,8
8,30,84,100,87,82,103,107,87,114,118,128,82,56,55,86,92,68,62,36,22,6,8,9
10,41,72,96,66,55,59,109,120,121,140,164,155,145,165,149,127,108,94,13,10,11,9,0
12,32,42,44,36,34,58,73,73,118,177,256,279,276,271,220,166,123,68,31,17,7,7,9
9,14,56,60,57,43,46,55,83,122,212,393,456,390,347,259,167,102,48,30,26,18,13,14
12,22,50,65,31,35,39,46,47,101,146,281,336,295,247,189,134,101,40,35,13,6,8,6
0,7,25,81,39,23,56,67,70,102,111,146,197,216,174,152,116,100,12,13,13,11,8,3
6,9,14,19,40,13,51,67,60,61,101,106,120,136,131,113,31,12,24,37,12,7,11,13
8,10,16,62,50,26,38,73,89,13,98,89,100,101,100,101,92,6,1,3,0,2,5,6
5,12,40,53,60,53,58,23,8,12,47,14,51,47,80,78,64,55,13,10,9,2,0,5
14,54,66,68,62,12,6,12,8,13,17,36,47,56,52,36,12,56,33,10,14,10,11,7
58,53,35,13,11,7,11,9,25,9,14,45,51,58,33,43,12,10,12,24,5,14,13,9
12,4,7,10,12,14,5,0,8,10,32,40,49,46,29,12,18,31,16,3,8,0,10,9
12,8,10,6,14,14,13,12,9,39,40,46,44,39,14,13,16,18,14,10,8,6,0,2
1,2,3,4,8,12,10,4,14,12,61,54,50,33,6,12,12,11,16,19,14,3,5,0
8,4,0,0,4,8,5,2,18,28,47,53,33,13,0,7,12,11,9,12,11,7,6,6
4,8,0,4,4,12,11,5,12,17,48,54,27,9,11,12,13,10,9,9,9,8,9,10
0,0,0,0,3,11,4,0,6,6,13,30,14,12,11,12,11,10,12,11,10,9,7,11
6,3,0,0,0,6,0,0,0,0,10,14,25,11,10,4,11,9,6,9,7,9,10,4
0,0,0,0,0,3,0,0,3,9,13,30,23,11,11,4,10,3,0,7,10,6,1,0
0,2,0,2,5,5,3,1,0,10,14,40,32,15,13,6,8,0,0,7,8,2,0,0
0,0,0,0,0,0,0,0,6,10,32,43,33,16,14,8,4,6,2,10,6,10,1,0
0,0,0,0,0,5,4,0,0,12,24,51,47,14,14,4,10,4,11,7,12,8,7,0
0,0,0,0,1,9,11,11,13,14,30,51,32,13,11,6,4,2,5,8,8,2,11,10
6,6,0,0,8,12,14,14,11,20,50,53,41,13,11,9,6,4,9,7,3,7,5,11
4,7,3,7,6,5,7,7,11,50,60,59,45,14,15,10,5,3,7,1,7,12,9,0
5,4,8,10,10,1,8,12,11,53,76,75,30,15,11,0,1,8,6,11,10,1,10,6

5,8,3,0,0,1,0,1,9,9,0,0,2,0,4,0,0,6,1,0,0,4,9,2
7,0,0,3,0,5,1,8,11,14,10,4,6,0,0,1,10,0,0,0,10,10,1,0
9,9,5,8,8,43,55,74,77,63,12,25,10,0,10,7,1,12,2,4,0,0,7,5
10,7,12,14,12,52,105,114,140,112,91,14,6,12,51,10,5,4,11,0,0,0,0,0
0,5,6,7,47,67,87,115,114,101,71,58,12,48,21,0,0,8,5,12,1,6,8,0
12,8,12,13,20,52,63,71,89,67,58,62,51,33,41,24,27,10,11,20,7,0,0,0
14,12,9,12,12,14,51,55,59,77,73,68,71,58,14,15,10,13,9,7,3,0,0,5
9,9,11,8,8,14,37,62,62,74,130,195,195,90,64,56,48,14,4,0,8,4,5,0
9,12,12,9,8,39,42,55,66,101,246,440,490,160,90,61,8,22,13,12,6,10,0,5
32,50,43,11,11,14,56,57,67,117,207,300,246,175,137,102,52,4,7,7,1,0,0,2
13,37,39,25,7,23,55,64,75,119,142,161,167,176,146,103,64,2,0,0,0,0,0,1
37,13,23,12,5,10,52,73,106,102,98,80,116,162,160,125,87,51,13,2,0,0,0,3
51,59,70,66,27,20,60,64,67,79,13,56,123,141,147,131,108,55,22,10,2,0,0,0
9,18,48,71,69,61,52,104,69,8,8,62,110,128,143,137,117,88,81,12,0,7,7,2
2,4,1,13,35,13,9,9,1,1,0,43,100,120,142,145,116,98,64,9,0,0,0,4
7,10,47,13,6,6,0,0,0,4,0,5,53,111,137,118,92,99,13,27,14,11,7,0
6,13,50,66,84,70,68,61,31,11,2,4,13,57,76,81,67,68,65,50,11,2,9,0
10,31,41,53,55,59,65,80,67,52,54,33,31,31,49,78,80,51,44,30,21,11,11,8
8,31,85,100,87,82,103,106,87,114,118,128,82,56,55,86,92,68,61,36,22,6,8,9
10,42,72,96,66,56,59,109,120,121,140,164,155,145,165,149,127,108,94,13,10,11,8,0
12,31,42,44,36,34,58,73,73,118,177,255,279,276,270,220,166,123,68,31,17,7,7,9
9,14,55,59,58,43,46,55,82,122,212,394,456,390,348,259,167,103,48,31,26,18,13,15
12,21,49,64,30,35,39,46,47,101,146,281,337,295,247,190,134,101,40,34,13,6,8,6
0,7,25,81,37,23,57,68,69,102,111,146,197,217,174,152,116,100,12,13,13,11,8,3
6,9,14,19,40,13,50,65,58,59,101,106,120,136,131,113,32,12,24,36,12,7,11,13
8,10,16,62,50,28,40,71,89,13,98,90,100,101,100,101,92,6,1,3,0,2,5,6
5,12,41,54,59,55,58,23,8,12,47,14,52,47,77,79,64,55,13,10,9,2,0,5
14,54,66,68,62,12,6,12,8,13,17,35,50,56,52,37,12,56,33,10,14,10,11,7
58,53,34,13,11,8,11,9,25,9,14,45,51,58,34,43,12,11,12,24,5,14,13,9
12,4,7,10,12,14,5,0,8,10,33,40,50,45,29,12,17,31,16,3,8,0,10,9
12,8,10,6,14,14,13,12,9,39,41,45,43,38,15,13,16,18,14,10,8,6,0,2
1,2,3,4,8,12,10,4,14,12,60,54,50,34,5,12,12,11,17,19,14,3,5,0
8,4,0,0,4,8,5,2,18,29,46,54,34,13,0,7,12,11,9,12,11,7,6,6
5,8,0,5,4,12,11,6,12,18,48,54,27,9,11,12,13,10,9,9,9,8,9,10
0,0,0,0,3,11,4,0,6,6,13,31,14,11,11,12,11,10,12,11,10,9,7,11
7,3,0,0,0,6,0,0,0,0,10,14,27,11,10,4,11,10,6,9,8,9,10,4
0,0,0,0,0,3,0,0,3,9,13,30,24,11,11,4,10,3,0,7,10,6,1,0
0,2,0,1,5,5,3,1,0,10,13,41,33,15,13,6,8,0,0,7,8,2,0,0
0,0,0,0,0,0,0,0,6,10,30,43,33,16,13,9,4,6,2,10,6,9,1,0
0,0,0,0,0,5,4,0,0,12,24,51,47,14,14,4,10,4,11,7,12,8,7,0
0,0,0,0,1,9,11,11,13,14,32,51,32,13,11,6,5,2,5,8,8,2,11,10
6,6,0,0,8,12,14,14,11,20,50,53,43,13,11,9,6,4,9,7,3,7,5,11
4,7,3,7,6,5,7,7,11,50,60,59,44,15,15,10,6,3,7,1,7,12,9,0
5,4,8,10,10,1,8,12,11,53,76,75,32,15,10,0,1,8,6,11,10,1,10,6

5,8,3,0,0,1,0,1,9,9,0,0,2,0,5,0,0,6,1,0,0,4,9,2
7,0,0,4,0,5,1,8,11,14,10,4,6,0,0,1,10,0,0,0,10,10,2,0
9,9,5,8,8,41,54,75,78,64,12,25,10,0,10,7,2,12,2,4,0,0,8,5
10,7,12,14,12,52,105,114,140,112,92,14,6,12,51,10,5,4,11,0,0,0,0,0
0,5,6,7,47,66,87,115,114,101,71,58,13,48,21,0,0,8,4,12,1,5,8,0
12,8,12,12,19,52,63,70,88,67,58,63,51,33,40,23,27,10,11,19,6,0,0,0
14,12,9,12,11,14,51,55,59,77,73,68,71,57,14,14,10,12,9,7,2,0,0,5
9,9,11,8,8,14,38,62,62,74,130,195,194,90,63,56,48,14,4,0,8,4,5,0
9,12,12,9,8,39,43,55,67,101,247,441,492,160,90,61,9,21,13,12,6,10,0,5
32,50,43,11,11,14,56,57,67,118,208,302,248,175,138,102,52,4,7,7,1,0,0,2
13,36,39,24,7,24,55,64,75,119,142,162,168,177,147,103,64,2,0,0,0,0,0,1
37,13,23,12,5,10,52,73,106,102,98,80,117,164,161,125,87,52,13,2,0,0,0,3
51,59,69,66,26,19,60,64,68,79,13,56,123,142,147,132,108,55,23,11,2,0,0,0
9,20,49,71,69,61,52,105,69,8,8,62,110,129,143,137,117,89,83,12,0,7,7,2
2,4,1,13,35,13,9,9,1,0,0,41,100,120,142,146,116,99,65,9,0,0,0,4
7,10,45,13,6,5,0,0,0,4,0,5,53,110,137,118,92,100,13,27,14,11,7,0
6,13,50,65,83,70,68,61,30,11,2,4,13,57,76,82,67,68,65,50,11,2,9,0
9,31,41,53,55,59,65,80,67,52,54,33,31,31,49,78,79,51,43,30,21,11,11,8
8,30,83,100,87,82,103,106,87,114,118,128,82,56,56,87,92,68,61,35,22,6,8,9
10,41,72,96,66,55,59,109,119,121,140,163,155,145,166,149,127,108,93,13,10,11,9,0
12,31,42,44,36,34,57,72,73,118,177,255,279,277,271,220,166,123,68,31,17,7,7,9
9,14,55,59,57,43,46,55,82,122,212,394,456,391,347,259,167,103,48,31,26,18,13,15
11,21,50,64,31,35,39,46,47,101,146,282,338,294,248,190,134,101,40,35,13,6,8,6
0,7,25,81,39,23,57,67,69,102,111,146,197,217,174,152,116,100,12,13,13,11,8,3
6,8,14,19,40,13,50,65,58,61,101,106,120,137,131,113,32,12,24,36,12,7,11,13
8,10,16,62,50,28,40,73,87,13,97,90,100,101,100,101,92,6,1,3,0,2,5,6
5,12,40,53,60,54,58,23,8,12,46,14,51,47,79,78,64,56,13,10,9,2,0,5
14,54,66,69,62,12,6,12,8,13,18,34,47,56,52,37,12,56,33,10,14,11,11,7
58,53,34,13,11,7,11,9,25,9,14,44,51,58,34,43,12,11,12,24,5,14,13,9
12,4,7,10,12,14,5,0,8,10,33,40,49,46,29,12,18,31,16,3,8,0,10,9
12,7,10,6,14,14,13,12,9,39,41,45,44,39,14,13,16,18,14,10,8,6,0,2
1,2,3,4,8,12,11,4,14,12,60,54,50,34,6,12,12,11,17,19,14,3,5,0
8,4,0,0,4,8,5,2,17,29,48,54,32,13,0,7,12,11,9,12,11,7,6,6
4,8,0,4,4,12,11,6,12,18,49,54,27,9,11,12,13,11,9,9,9,8,9,10
0,0,0,0,3,11,4,0,6,6,13,30,14,11,11,12,11,10,12,11,10,9,7,11
7,3,0,0,0,6,0,0,0,0,10,14,26,12,10,4,11,10,6,9,8,9,10,4
0,0,0,0,0,3,0,0,3,9,13,30,23,11,11,4,10,3,0,7,10,6,1,0
0,2,0,2,5,5,3,1,0,10,14,40,32,15,13,6,8,0,0,7,8,2,0,0
0,0,0,0,0,0,0,0,6,10,30,42,33,15,14,9,4,6,2,10,6,9,1,0
0,0,0,0,0,5,4,0,0,12,24,51,48,14,14,4,10,4,11,8,12,9,7,0
0,0,0,0,1,10,11,11,13,14,31,51,31,13,11,6,5,2,5,8,8,2,11,10
6,6,0,0,8,12,14,14,11,21,50,53,44,13,11,9,6,4,9,7,3,7,5,11
4,8,3,7,6,5,7,7,12,50,60,59,45,14,15,10,6,3,7,1,8,12,9,0
5,4,8,10,10,1,8,12,11,53,76,75,31,15,11,0,1,8,6,11,10,1,10,6

6,8,3,0,0,1,0,1,9,10,0,0,2,0,5,0,0,6,2,0,0,4,9,2
8,0,0,3,0,5,1,8,11,14,10,4,7,0,0,1,11,0,0,0,10,10,1,0
9,9,5,8,8,41,54,74,78,64,12,25,10,0,10,7,2,12,2,4,0,0,8,5
10,7,12,14,12,52,105,114,140,112,93,14,6,12,51,10,5,4,11,0,0,0,0,0
0,5,6,7,46,66,86,114,114,101,71,58,13,48,23,0,0,8,5,12,1,5,7,0
12,8,12,12,19,52,63,70,88,67,58,63,51,33,41,24,27,10,11,19,6,0,0,0
14,12,9,12,11,14,51,55,59,77,73,68,72,57,14,15,10,12,9,7,2,0,0,5
9,9,11,8,9,14,38,62,62,74,130,195,193,90,63,56,47,14,4,0,8,4,6,0
9,12,12,9,8,39,44,55,67,101,247,441,493,160,90,61,9,21,13,12,6,10,0,5
31,50,43,11,11,14,56,57,68,118,209,303,248,176,138,102,52,4,8,8,1,0,0,2
13,37,39,25,7,24,55,64,75,119,143,163,169,178,147,103,65,3,0,0,0,0,0,2
37,13,23,12,5,10,52,73,107,102,99,80,117,165,162,126,87,52,13,2,0,0,0,2
51,59,69,66,27,20,60,64,68,80,13,56,124,143,148,132,108,55,23,11,2,0,0,0
9,20,50,72,69,62,53,105,69,8,8,61,110,129,144,138,118,89,83,12,0,7,7,2
2,4,1,13,36,13,9,9,1,1,0,40,100,119,143,146,117,99,65,9,0,0,0,4
7,10,47,12,6,5,0,0,0,4,0,5,53,110,137,119,92,99,13,27,14,10,7,0
6,13,50,65,83,69,67,61,30,11,2,4,13,57,77,82,66,68,65,50,11,2,9,0
9,31,41,53,55,59,65,80,67,52,54,32,31,31,49,78,79,51,43,30,20,11,11,8
8,30,83,100,87,81,103,106,87,114,117,128,82,56,56,87,92,68,61,35,22,6,8,9
10,42,72,96,65,56,59,109,119,121,140,163,154,145,166,149,128,108,92,13,10,11,9,0
12,32,42,44,36,34,57,72,73,118,177,255,279,276,271,220,166,123,68,31,17,8,7,9
9,14,55,60,57,43,46,55,83,122,213,395,456,391,348,260,167,103,48,31,27,18,13,15
12,21,49,64,31,35,39,47,47,101,146,282,337,296,248,190,134,101,40,34,13,6,8,6
0,7,23,82,37,24,56,67,69,102,111,146,197,217,175,152,116,100,12,13,13,11,8,3
6,8,14,20,39,13,50,67,58,61,101,106,120,136,132,113,31,12,24,37,12,7,11,13
8,10,15,62,50,28,38,75,89,14,98,89,100,101,100,101,92,6,1,3,0,2,5,6
5,12,41,53,60,53,58,23,8,12,46,14,52,48,79,78,64,56,13,10,9,2,0,5
14,54,66,69,62,12,6,12,8,13,18,35,48,56,52,37,12,57,33,10,14,11,11,7
58,53,35,13,11,7,11,9,26,9,14,45,51,58,34,44,12,11,12,24,5,14,13,9
12,4,7,10,12,14,5,0,8,10,33,40,49,45,29,12,18,31,16,3,8,0,10,9
12,8,10,6,14,14,13,12,9,39,41,45,44,39,14,13,16,18,14,10,8,6,0,2
1,2,3,4,8,12,11,4,14,12,61,54,50,33,6,12,12,11,17,19,14,3,5,0
8,4,0,0,4,8,5,2,17,29,47,53,31,13,0,7,12,11,9,12,11,7,6,6
4,8,0,4,4,12,11,6,12,18,49,54,28,9,11,12,13,11,9,9,9,8,9,10
0,0,0,0,3,11,4,0,6,6,13,31,15,12,11,12,11,10,12,11,10,8,7,11
6,3,0,0,0,6,0,0,0,0,10,14,26,11,11,4,11,10,6,9,8,9,10,4
0,0,0,0,0,3,0,0,3,9,13,30,24,11,11,4,10,3,0,7,10,6,1,0
0,2,0,2,5,5,3,1,0,10,14,42,33,15,13,6,8,0,0,7,8,2,0,0
0,0,0,0,0,0,0,0,6,10,32,42,33,16,14,9,4,6,2,10,6,9,1,0
0,0,0,0,0,5,4,0,0,12,24,51,47,14,14,4,10,4,11,7,12,8,7,0
0,0,0,0,1,9,11,11,13,14,31,51,31,13,11,6,5,2,5,8,8,2,11,10
6,6,0,0,8,12,14,14,11,21,50,53,40,13,11,9,6,4,9,7,3,7,5,11
5,7,3,7,6,5,7,7,11,50,60,59,44,15,15,10,6,3,7,1,7,12,9,0
5,4,8,10,10,0,8,12,11,53,76,75,33,15,10,0,1,8,6,11,10,1,10,6
0,4,2,0,0,0,11,0,7,11,8,0,0,0,6,0,0,0,0,0,0,0,1,4
3,3,4,3,3,13,33,54,44,19,12,0,0,0,6,0,0,0,0,0,0,0,0,4
2,6,2,0,8,63,66,63,66,58,9,14,13,8,3,0,0,4,0,0,0,1,0,9
7,6,6,11,14,54,77,97,84,63,51,9,11,8,5,8,0,2,0,0,3,7,3,0
0,5,6,7,19,34,60,77,67,56,62,110,109,79,57,3,0,0,0,0,0,2,0,0
13,10,8,14,28,31,45,49,46,59,126,443,439,267,82,51,32,21,12,9,11,10,8,10
14,12,11,14,13,13,40,54,61,83,182,391,413,222,111,65,44,10,13,10,8,9,7,8
0,12,13,14,10,19,42,56,68,104,142,190,217,189,137,91,56,9,0,0,4,2,0,0
0,0,12,29,13,43,55,61,72,92,129,167,143,125,130,95,57,8,0,0,0,0,0,0
0,8,51,68,62,56,55,66,80,114,148,127,92,132,118,98,66,48,0,0,0,0,0,0
1,5,14,51,69,73,66,64,88,105,103,64,82,135,138,101,84,56,0,0,0,0,1,0
0,12,14,8,44,75,85,113,101,74,13,52,73,150,159,134,105,57,11,0,0,0,0,0
14,94,38,25,3,42,71,107,53,9,12,70,71,136,160,155,119,72,13,7,3,3,0,0
51,91,84,50,25,44,12,2,1,2,31,61,87,122,144,158,128,97,51,10,9,4,0,0
24,22,4,8,11,6,0,4,3,1,11,64,59,69,75,101,112,60,13,8,8,0,0,0
2,11,12,7,4,7,6,0,0,7,44,51,51,59,67,89,106,57,50,4,0,0,0,0
7,10,4,0,0,0,0,0,0,0,10,14,46,56,55,60,91,73,52,13,6,0,2,2
10,21,23,24,20,19,14,35,36,27,26,29,54,66,80,91,71,50,44,21,27,20,11,14
23,55,58,69,113,67,74,92,103,72,71,103,142,145,183,160,138,107,73,39,12,12,10,9
16,53,66,78,104,113,121,132,134,124,149,176,206,260,241,248,203,105,70,50,28,28,10,8
12,57,63,100,70,51,101,114,120,129,147,181,237,326,354,302,216,129,53,24,24,25,13,9
18,48,64,99,102,46,35,38,65,66,105,119,182,292,345,255,178,137,86,51,30,14,7,5
10,14,72,108,97,54,46,45,31,25,18,83,101,123,134,134,135,104,46,21,20,19,10,4
0,11,61,105,110,72,53,50,31,27,71,41,70,102,102,103,104,100,43,14,9,8,0,0
10,11,28,90,107,102,69,12,11,70,31,12,33,62,38,28,32,14,8,12,6,0,10,8
10,22,22,54,100,101,29,42,36,15,65,13,50,23,39,20,12,13,11,7,11,4,10,9
9,12,13,19,63,107,102,50,56,28,14,12,31,24,50,22,11,9,13,9,8,0,0,0
6,9,10,10,50,71,102,97,52,52,13,13,60,66,46,28,14,10,7,11,9,0,6,0
12,6,12,14,35,42,92,107,44,51,10,44,56,60,56,17,4,3,9,8,8,7,0,1
5,11,13,11,15,51,56,63,53,18,26,50,55,62,59,10,7,3,8,8,10,4,6,0
8,7,7,12,27,65,63,52,28,18,23,71,52,56,52,12,20,10,7,11,7,12,7,12
5,7,10,29,40,50,38,12,11,7,39,65,57,97,55,12,10,5,6,9,3,1,2,0
10,8,14,23,30,14,11,11,0,6,13,50,52,54,41,14,1,4,4,0,0,0,0,0
10,11,9,11,12,12,13,8,4,11,5,14,37,50,30,11,15,13,13,9,2,0,11,0
10,7,7,10,9,12,14,14,0,9,0,7,10,33,31,12,5,10,10,10,3,6,6,0
5,7,10,7,0,9,18,13,0,2,4,8,10,32,12,6,0,0,0,0,7,0,0,4
0,4,10,7,0,3,11,14,6,3,4,9,10,21,11,13,5,6,5,0,6,4,0,0
0,0,7,6,2,0,6,11,4,7,10,3,12,14,10,5,3,3,4,3,0,2,7,0
0,6,9,2,0,0,9,14,6,4,15,19,26,39,14,13,4,0,0,0,0,0,0,0
2,6,5,11,6,6,10,13,10,11,12,14,45,27,18,6,1,0,0,0,0,0,0,0
4,11,2,7,12,11,0,10,9,9,12,43,54,54,42,13,13,6,2,0,0,6,8,2
12,13,9,1,11,12,11,11,10,14,18,53,65,60,50,13,14,12,3,8,0,3,8,5
0,10,13,9,1,5,10,11,9,16,21,65,83,63,56,35,10,4,3,8,7,8,10,6
7,9,0,10,9,6,10,4,5,13,33,48,52,37,19,13,11,6,0,9,10,7,0,4

0,4,2,0,0,0,11,0,7,10,8,0,0,0,6,0,0,0,0,0,0,0,2,4
3,3,4,3,3,13,33,54,44,16,12,0,0,0,6,0,0,0,0,0,0,0,0,4
2,6,2,0,9,63,66,63,66,58,9,14,13,8,3,0,0,4,0,0,0,1,0,9
7,6,6,12,14,54,77,97,85,63,51,10,11,8,5,8,0,2,0,0,3,7,3,0
0,5,7,7,19,34,60,77,67,56,62,110,109,79,57,3,0,0,0,0,0,2,0,0
13,10,8,14,28,31,45,49,45,59,126,442,439,267,81,50,32,21,12,9,11,10,8,10
14,12,11,14,13,13,38,55,61,83,182,390,413,222,110,64,44,10,12,10,8,9,7,8
0,12,13,14,10,19,42,56,68,105,142,190,217,189,137,90,56,9,0,0,4,2,0,0
0,0,12,28,13,44,55,61,72,92,130,168,144,125,129,95,57,8,0,0,0,0,0,0
0,8,51,69,62,56,55,66,80,114,149,128,92,132,118,97,66,46,0,0,0,0,0,0
1,5,14,51,70,73,66,64,89,106,104,64,82,134,137,100,84,56,0,0,0,0,1,0
0,12,14,8,43,75,85,114,101,74,13,53,74,150,157,133,104,57,11,0,0,0,0,0
14,94,39,25,3,42,71,106,53,9,12,70,71,137,159,154,117,72,13,7,3,3,0,0
52,91,84,50,26,43,12,1,1,2,32,61,87,123,144,157,127,97,51,10,9,4,0,0
24,22,4,8,11,6,0,4,3,2,11,65,59,69,75,101,112,60,14,8,8,0,0,0
2,11,12,7,4,7,6,0,0,7,47,51,51,60,67,89,106,57,52,5,0,0,0,0
6,10,4,0,0,0,0,0,0,0,10,14,46,57,55,61,91,73,54,13,6,0,2,3
10,21,23,23,20,19,14,35,36,27,25,28,54,66,79,91,70,50,45,22,27,20,11,14
22,55,58,69,113,67,73,92,103,72,71,103,142,145,183,160,138,107,73,39,12,12,10,9
16,53,66,79,104,113,120,132,134,124,149,176,206,260,240,248,204,106,71,50,28,28,10,8
12,57,63,100,70,51,101,114,120,129,147,181,237,326,353,302,217,129,54,24,25,25,13,9
18,48,65,99,102,46,35,38,65,66,105,119,182,292,345,256,178,137,87,51,29,14,7,5
10,14,72,108,97,54,46,45,31,26,18,83,101,123,134,134,136,104,47,21,20,19,10,4
0,11,60,105,110,72,54,49,30,29,70,42,70,101,102,103,104,100,43,14,9,8,0,0
10,11,28,90,107,102,69,12,11,70,33,12,33,61,38,28,33,14,8,12,6,0,10,8
10,20,22,53,100,101,30,41,38,15,65,14,51,21,40,20,12,12,11,7,11,4,9,8
9,12,13,20,62,107,102,50,56,28,15,12,32,25,51,24,11,9,13,9,8,0,0,0
6,9,10,10,50,71,102,95,52,52,13,13,60,64,45,29,14,10,7,11,9,0,6,0
12,6,12,14,35,42,92,107,45,51,10,48,57,60,56,20,3,3,9,8,8,7,0,1
5,11,13,11,15,51,55,63,53,19,27,50,55,62,59,8,7,3,8,8,10,4,6,0
8,7,7,12,28,65,63,51,29,18,23,71,52,56,52,11,20,9,7,11,7,12,7,12
5,7,10,29,40,50,37,12,11,7,40,64,57,97,55,12,10,4,5,8,3,1,2,0
10,8,13,23,30,14,11,11,0,7,13,50,52,54,43,14,2,4,4,0,0,0,0,0
10,11,9,11,12,12,13,9,4,12,6,14,37,50,32,11,16,14,13,9,2,0,11,0
10,7,7,10,9,12,14,14,0,10,0,7,11,34,32,13,6,10,11,11,4,6,6,0
5,7,10,7,0,9,18,13,0,3,4,9,11,32,13,6,1,0,0,0,7,0,0,4
0,4,10,7,0,3,11,14,6,4,4,9,10,23,12,13,6,6,6,0,6,5,0,0
0,0,7,6,2,0,6,11,4,7,10,4,12,14,10,5,3,3,4,4,0,3,7,0
0,6,9,1,0,0,9,14,6,4,16,19,27,40,14,13,4,0,0,0,0,0,0,0
2,6,5,11,6,6,10,13,11,11,12,14,45,27,18,6,1,0,0,0,0,0,0,0
4,11,3,7,12,11,0,10,9,9,12,41,54,54,43,14,13,6,2,0,0,5,8,2
12,13,9,1,11,12,11,11,10,14,17,54,65,60,50,13,14,11,3,8,0,3,8,5
0,10,13,9,1,5,10,11,9,16,21,65,83,63,56,37,10,4,3,7,7,8,10,6
7,9,0,10,9,6,10,4,5,13,34,47,52,38,21,13,11,6,0,9,10,7,0,4

0,4,2,0,0,0,11,0,7,10,8,0,0,0,6,0,0,0,0,0,0,0,2,4
3,3,4,3,3,13,32,54,45,17,12,0,0,0,6,0,0,0,0,0,0,0,0,5
2,6,2,0,9,63,66,63,66,58,9,14,13,8,3,0,0,4,0,0,0,1,0,9
7,6,6,11,14,54,77,97,85,63,51,9,11,8,5,8,0,2,0,0,3,7,3,0
0,5,7,7,19,34,60,77,67,56,62,110,109,79,57,3,0,0,0,0,0,2,0,0
13,10,8,14,28,31,45,49,45,60,126,442,439,266,81,50,31,19,11,9,11,10,8,10
14,12,11,14,13,13,39,55,61,83,182,390,412,221,110,64,43,10,12,10,8,9,7,8
0,12,13,13,10,19,41,56,68,104,142,190,216,188,136,90,56,9,0,0,3,2,0,0
0,0,12,29,13,43,55,61,72,92,130,168,143,124,129,94,57,8,0,0,0,0,0,0
0,8,52,68,62,56,55,66,80,114,149,128,92,132,118,97,66,47,0,0,0,0,0,0
1,5,15,51,70,73,66,64,89,106,104,64,82,135,137,100,85,56,0,0,0,0,1,0
0,12,14,8,43,75,85,114,102,74,13,53,74,151,158,134,105,57,11,0,0,0,0,0
14,95,39,25,3,42,71,106,53,9,12,71,72,137,159,154,118,72,13,7,3,3,0,0
52,91,84,50,26,43,12,2,1,2,33,61,88,123,143,157,127,98,51,10,9,4,0,0
24,22,4,8,11,6,0,4,3,2,11,65,59,69,75,101,112,60,14,9,8,0,0,0
2,11,12,7,4,7,6,0,0,7,46,51,51,60,67,89,106,57,52,5,0,0,0,0
6,10,4,0,0,0,0,0,0,0,10,14,46,57,55,61,92,73,54,13,6,0,2,3
10,21,23,23,20,18,14,35,36,27,26,28,54,65,79,91,70,50,45,22,27,20,11,14
22,55,58,69,113,67,73,91,103,72,71,103,141,145,183,160,138,107,74,39,12,12,10,9
15,53,66,78,104,113,120,131,134,124,149,176,205,259,240,248,204,106,71,50,28,28,10,8
12,56,63,100,70,51,101,114,120,129,147,180,237,326,353,302,217,129,53,24,25,25,13,9
18,48,64,99,102,46,35,38,65,66,105,119,183,293,346,256,178,137,87,52,30,14,7,5
9,13,72,108,97,54,46,45,31,26,19,84,102,124,134,135,136,105,47,22,20,19,10,4
0,11,60,105,109,72,53,49,31,27,70,41,70,102,102,103,104,100,43,14,10,8,0,0
10,11,28,90,107,102,70,13,11,71,34,12,34,61,40,28,33,14,8,12,6,0,10,8
10,20,21,53,100,101,30,42,40,16,66,14,50,21,40,21,12,13,11,7,11,4,10,9
9,12,13,20,61,107,102,50,54,27,15,13,32,28,50,25,11,9,13,9,8,0,0,0
6,9,10,10,50,71,102,96,52,52,13,13,60,66,48,31,14,10,7,11,8,0,6,0
12,6,12,14,34,42,92,107,44,51,10,49,57,60,57,21,3,3,9,8,8,7,0,1
5,11,13,11,15,50,55,63,53,19,27,50,55,62,60,8,6,3,7,8,10,4,6,0
8,7,7,12,27,65,63,52,29,18,24,71,52,56,52,11,19,9,7,11,7,12,7,12
5,7,9,29,40,49,37,12,11,7,42,64,57,97,55,12,10,4,5,8,3,1,2,0
10,8,13,23,30,14,11,11,0,7,13,50,52,54,44,14,2,4,4,0,0,0,0,0
10,11,9,11,12,12,13,9,5,12,6,14,37,50,33,11,16,14,13,8,2,0,11,0
10,7,7,10,9,12,14,14,1,10,0,7,11,34,33,13,7,10,11,11,4,6,6,0
5,7,10,7,0,9,19,13,0,3,4,9,11,34,13,7,1,0,0,0,7,0,0,4
0,4,10,7,0,3,11,14,6,4,4,10,10,24,12,13,6,7,6,1,6,5,0,0
0,0,7,6,2,0,6,11,5,7,11,4,12,14,11,5,4,3,5,4,0,3,7,0
0,6,9,1,0,0,9,13,6,4,15,19,26,40,14,13,4,0,0,0,0,0,0,0
2,6,5,11,6,6,10,13,10,11,12,14,46,27,19,6,2,0,0,0,0,0,0,0
4,11,3,7,12,11,0,10,9,9,13,43,54,54,43,14,13,6,2,0,0,5,7,2
12,13,9,1,11,12,11,11,10,14,18,54,65,60,50,13,14,12,3,8,0,3,8,5
0,10,13,9,1,5,10,11,9,16,22,64,83,63,56,39,10,4,3,7,7,8,10,6
7,9,0,10,9,6,10,4,5,13,34,47,52,38,20,13,11,6,0,9,10,7,0,4

0,4,2,0,0,0,11,1,7,11,8,0,0,0,6,0,0,0,0,0,0,0,2,4
3,3,4,3,3,13,35,54,44,22,12,0,0,0,6,0,0,0,0,0,0,0,0,5
2,6,2,0,9,63,66,63,66,58,9,14,13,8,3,0,0,4,0,0,0,1,0,9
7,6,6,12,14,54,78,98,86,63,51,9,11,8,5,8,0,2,0,0,3,7,3,0
0,5,7,7,19,34,60,78,67,56,62,110,108,79,57,3,0,0,0,0,0,2,0,0
13,10,8,14,28,31,45,49,46,59,126,443,438,264,81,50,31,19,11,9,11,10,8,10
14,12,11,14,13,13,39,54,61,83,182,390,412,221,110,64,43,10,12,10,8,9,7,8
0,12,13,13,10,19,42,56,68,104,142,189,215,188,137,90,56,9,0,0,4,2,0,0
0,0,12,29,13,44,55,61,72,92,129,167,143,124,129,94,57,8,0,0,0,0,0,0
0,8,52,69,62,56,55,66,80,114,149,128,92,132,118,98,66,47,0,0,0,0,0,0
1,5,16,51,69,73,66,64,89,106,104,64,83,135,138,101,85,56,0,0,0,0,1,0
0,12,14,8,44,75,85,114,102,74,13,53,74,151,159,135,105,57,11,0,0,0,0,0
14,94,39,25,3,42,71,107,53,9,13,70,72,137,159,155,119,73,13,7,3,3,0,0
51,91,84,50,26,43,12,2,1,2,33,61,87,122,142,158,128,98,51,10,9,4,0,0
24,22,4,8,11,6,0,4,3,2,11,64,59,68,74,101,112,60,14,9,8,0,0,0
2,11,12,6,4,7,6,0,0,7,46,51,51,60,67,89,105,57,51,5,0,0,0,0
6,10,4,0,0,0,0,0,0,0,9,14,45,56,55,60,91,73,53,13,6,0,2,2
10,22,23,23,20,18,14,35,36,27,25,28,54,65,79,91,70,50,45,22,27,20,11,14
22,55,58,68,112,66,73,91,102,72,71,103,141,145,183,160,138,108,73,40,12,12,10,9
15,53,66,78,104,113,120,131,133,124,148,175,205,259,240,248,204,106,71,50,29,28,10,8
11,57,63,99,70,51,101,114,119,129,147,180,237,326,354,302,217,129,53,24,24,25,13,9
18,48,64,99,102,46,35,38,65,67,105,119,183,295,347,257,178,137,88,51,30,14,7,5
9,13,72,108,97,54,46,45,31,26,19,84,102,124,135,135,136,105,47,21,20,20,10,4
0,11,60,105,109,72,53,49,31,27,71,42,70,102,102,103,104,100,43,14,10,8,0,0
10,11,28,89,107,101,70,13,11,73,33,12,33,61,40,28,35,14,8,12,6,0,10,8
10,20,22,54,100,101,30,41,40,14,66,14,50,23,40,23,12,13,11,7,11,4,10,9
9,12,13,20,62,107,102,50,54,30,14,13,31,27,51,26,11,9,13,9,8,0,0,0
6,9,10,10,50,71,102,96,52,52,13,13,61,67,48,31,14,10,7,11,8,0,6,0
12,6,12,14,34,42,92,107,44,52,10,48,57,61,57,20,3,2,9,8,8,7,0,0
5,11,13,11,15,51,56,63,53,19,27,51,55,62,60,8,6,3,7,8,10,4,6,0
8,7,7,12,27,65,63,52,29,18,25,72,52,56,52,11,18,9,7,11,7,12,7,12
5,7,10,29,40,50,38,12,11,8,45,64,57,97,56,12,10,4,5,8,3,1,2,0
10,8,14,23,30,14,11,11,0,7,13,50,52,54,44,14,2,4,4,0,0,0,0,0
10,11,9,11,12,12,13,9,5,12,6,14,39,50,33,11,17,14,13,9,2,0,11,0
10,7,7,10,9,12,14,14,1,10,0,8,11,34,32,13,7,11,11,11,4,6,6,0
5,7,10,7,0,9,18,14,0,3,4,9,11,34,13,7,2,0,0,0,7,0,0,5
0,4,10,7,0,3,11,14,6,4,5,10,11,26,12,13,6,7,6,1,6,5,0,0
0,0,7,6,2,0,6,11,5,7,11,4,12,14,11,6,4,3,5,4,0,3,7,0
0,6,9,1,0,0,8,14,6,5,16,19,27,42,14,13,4,0,0,0,0,0,0,0
2,6,5,11,6,6,10,13,10,11,12,14,46,28,20,7,2,0,0,0,0,0,0,0
4,11,2,7,12,11,0,10,9,9,13,43,54,54,43,14,13,6,3,0,0,5,8,2
12,13,9,1,11,12,11,11,10,14,18,53,65,60,50,13,14,12,3,8,0,3,8,5
0,10,13,9,1,5,10,11,9,16,22,65,83,63,56,41,10,4,3,7,7,8,10,6
7,9,0,10,9,6,10,4,5,13,34,47,52,39,21,13,11,6,0,9,10,7,0,4

0,4,2,0,0,0,11,0,8,11,8,0,0,0,6,0,0,0,0,0,0,0,2,4
3,3,4,3,3,13,32,54,45,22,12,0,0,0,6,0,0,0,0,0,0,0,0,5
2,6,2,0,8,62,66,63,66,58,9,14,13,8,3,0,0,4,0,0,0,1,0,9
7,6,6,12,14,54,77,97,85,63,51,10,11,8,5,8,0,2,0,0,3,7,3,0
0,5,7,7,19,34,60,77,67,56,62,110,109,79,57,3,0,0,0,0,0,2,0,0
13,10,8,14,28,31,45,49,46,60,126,444,440,265,81,51,32,20,12,9,11,10,8,10
14,12,11,14,13,13,38,55,61,83,182,390,413,222,111,65,44,10,12,10,8,9,7,8
0,12,13,14,10,18,41,56,68,105,142,189,215,188,137,90,56,9,0,0,4,2,0,0
0,0,12,28,13,43,55,62,72,92,129,167,143,125,130,95,57,8,0,0,0,0,0,0
0,8,52,69,62,56,55,66,80,114,149,128,92,134,119,99,66,50,0,0,0,0,0,0
1,5,15,51,69,73,67,64,88,106,104,64,83,137,140,102,85,56,0,0,0,0,1,0
0,12,14,8,44,75,85,114,102,74,13,53,75,153,161,136,106,57,12,0,0,0,0,0
14,94,38,25,3,42,71,107,53,9,13,71,72,137,160,157,120,74,14,7,4,3,0,0
51,91,84,50,26,43,12,2,1,2,33,60,88,121,142,159,129,98,51,10,9,4,0,0
24,21,4,8,11,6,0,4,2,2,11,64,59,68,74,102,112,60,13,9,8,0,0,0
2,11,12,6,4,6,6,0,0,7,43,51,51,59,66,89,105,57,40,4,0,0,0,0
6,10,4,0,0,0,0,0,0,0,10,14,45,56,55,60,91,72,51,12,6,0,2,3
10,21,23,23,19,18,14,35,36,27,26,28,54,66,80,90,70,49,44,21,27,20,11,14
22,55,58,68,112,67,73,91,102,72,71,103,141,145,182,158,137,107,73,39,12,12,10,9
15,53,65,78,104,113,120,131,133,123,148,175,205,259,240,248,203,105,70,50,28,28,10,8
12,57,63,99,70,51,101,113,119,129,147,180,237,326,354,302,216,129,53,24,24,25,13,9
18,48,64,99,101,46,35,38,65,67,105,119,183,295,346,256,178,137,87,51,30,14,7,5
9,13,72,108,97,54,46,45,31,26,19,82,102,124,135,135,136,104,47,22,20,19,10,4
0,11,60,105,109,72,53,49,31,27,71,44,70,102,102,103,104,100,44,14,10,8,0,0
10,11,28,90,107,102,69,13,11,71,33,12,34,64,38,28,33,14,8,12,6,0,10,8
10,20,21,54,100,101,31,42,40,17,65,14,51,23,41,21,12,12,11,7,11,4,10,9
9,12,13,19,62,107,102,50,54,28,14,13,32,28,51,25,11,9,13,9,8,0,0,0
6,9,10,10,50,71,102,95,52,52,13,13,61,66,49,32,14,10,7,11,9,0,6,0
12,6,12,13,35,41,92,107,44,51,10,50,57,61,57,20,3,2,8,8,8,7,0,0
5,11,13,11,15,51,55,63,53,19,28,51,55,62,60,7,6,3,7,8,10,4,6,0
8,7,7,12,27,65,63,52,29,18,25,72,52,56,52,11,18,9,7,11,7,12,7,12
5,7,10,29,40,50,39,12,11,8,45,64,57,97,56,12,10,4,5,8,2,1,2,0
10,8,13,23,30,14,11,12,0,7,14,50,52,54,44,14,2,4,4,0,0,0,0,0
10,11,9,11,12,12,13,9,5,12,6,15,40,50,33,11,17,14,13,8,2,0,11,0
10,7,7,10,9,12,14,14,2,10,0,8,11,34,34,13,7,11,11,11,4,6,6,0
5,7,10,7,0,9,18,14,0,4,4,9,12,34,13,7,2,0,0,0,7,0,0,5
0,4,10,7,0,3,11,14,6,5,5,10,11,25,12,13,6,7,6,1,6,5,0,0
0,0,7,6,2,0,6,11,5,7,11,4,13,14,11,6,4,3,5,4,0,3,7,0
0,6,9,1,0,0,9,14,6,5,17,20,28,41,15,13,5,0,0,0,0,0,0,0
2,6,5,11,6,6,10,13,11,11,13,14,46,28,20,7,2,0,0,0,0,0,0,0
4,11,2,7,12,11,0,10,9,9,13,44,54,54,43,14,13,6,3,0,0,5,7,2
12,13,9,1,11,12,11,11,10,14,19,53,65,60,50,13,15,12,3,8,0,3,8,5
0,10,13,9,1,5,10,11,9,16,22,65,82,63,56,41,10,4,3,8,7,8,10,6
7,9,0,10,9,6,10,5,5,13,34,49,52,39,23,13,11,6,0,9,10,7,0,4

0,4,2,0,0,0,11,1,7,11,8,0,0,0,7,0,0,0,0,0,0,0,2,4
3,3,4,3,3,13,35,54,44,23,12,0,0,0,6,0,0,0,0,0,0,0,0,5
2,6,2,0,9,63,66,63,66,58,9,14,13,8,3,0,0,4,0,0,0,1,0,9
7,6,6,11,14,54,78,98,86,63,51,10,11,8,5,8,0,2,0,0,3,7,3,0
0,5,6,7,19,34,61,78,67,56,62,110,108,79,56,3,0,0,0,0,0,2,0,0
13,10,8,14,28,31,45,49,45,60,126,443,439,262,81,50,31,19,12,9,11,10,8,10
14,12,11,14,13,13,39,55,61,83,181,390,412,221,110,64,44,11,13,10,8,9,7,8
0,12,13,13,10,19,41,56,68,105,142,189,215,188,137,91,56,9,0,0,4,2,0,0
0,0,12,29,13,43,55,62,72,92,129,167,143,125,130,95,57,8,0,0,0,0,0,0
0,8,52,69,62,56,56,66,80,114,149,129,92,134,119,99,66,50,0,0,0,0,0,0
1,5,14,51,69,73,66,64,89,106,104,65,84,138,140,103,86,57,0,0,0,0,1,0
0,12,14,8,44,75,85,114,102,74,13,53,75,154,162,137,106,57,12,0,0,0,0,0
14,94,38,25,3,42,71,107,54,9,13,71,72,136,160,158,121,74,14,8,4,3,0,0
51,91,84,50,28,43,12,2,1,2,35,61,87,120,141,159,129,100,52,10,9,4,0,0
24,21,4,8,11,6,0,4,2,2,11,64,58,67,73,102,112,60,13,9,7,0,0,0
2,11,12,6,4,6,6,0,0,7,43,50,51,59,66,89,105,57,31,3,0,0,0,0
6,10,4,0,0,0,0,0,0,0,10,14,44,56,55,60,91,71,50,12,6,0,2,3
10,22,23,23,20,18,14,35,36,27,25,29,54,65,80,90,70,49,44,20,27,20,11,14
22,54,58,68,112,66,73,90,102,72,70,102,140,144,182,158,137,107,72,39,12,12,10,9
16,53,65,78,104,113,120,131,133,123,148,174,204,259,240,248,203,105,70,50,29,28,10,8
11,57,63,98,70,51,101,114,119,129,147,180,237,327,354,302,216,129,53,24,25,25,13,9
18,48,64,98,101,46,35,38,65,67,105,119,183,296,347,257,178,137,87,52,30,14,7,5
9,13,71,108,97,54,46,45,33,26,18,84,102,124,135,135,136,105,47,22,20,19,10,4
0,11,60,105,109,72,53,50,33,30,72,41,70,102,102,103,104,100,44,14,10,8,0,0
10,11,28,89,107,101,70,13,11,71,34,12,34,61,40,28,33,14,8,12,6,0,10,8
10,19,21,53,100,101,31,41,40,16,64,14,52,24,41,23,12,13,11,7,11,4,10,8
9,12,13,19,62,107,102,52,53,30,17,13,32,27,54,25,11,9,13,9,8,0,0,0
6,9,10,10,50,70,102,94,52,52,13,13,61,68,50,32,14,10,7,11,8,0,6,0
12,6,12,13,34,41,92,107,44,51,10,50,57,61,57,21,3,2,8,8,8,7,0,1
5,11,13,11,14,51,55,63,53,19,28,51,55,62,60,8,6,3,7,8,10,4,6,0
8,7,7,12,27,65,63,51,29,18,25,72,52,56,52,11,18,9,7,11,7,12,7,12
5,7,10,29,40,50,37,12,11,8,47,64,57,97,56,12,10,4,5,8,2,1,2,0
10,8,13,23,30,14,11,12,0,7,14,50,52,54,44,13,2,4,4,0,0,0,0,0
10,11,9,11,12,12,13,9,5,12,6,15,40,50,34,11,18,14,14,8,2,0,11,0
10,7,7,10,9,12,14,15,2,10,0,8,11,34,34,13,7,11,11,11,4,6,6,0
5,7,10,7,0,9,18,14,0,4,4,10,12,35,13,7,2,0,0,0,7,0,0,5
0,4,10,7,0,3,11,14,7,5,5,10,11,26,12,13,7,7,6,2,6,5,0,0
0,0,7,6,2,0,6,11,6,7,11,4,13,14,11,6,4,3,5,4,0,3,7,0
0,6,9,1,0,0,9,14,6,5,17,20,28,42,14,13,5,0,0,0,0,0,0,0
2,6,5,11,6,6,10,13,11,11,12,14,46,28,20,7,2,0,0,0,0,0,0,0
4,11,2,6,12,11,0,10,9,9,13,43,54,54,43,14,13,6,3,0,0,5,7,2
12,13,9,1,11,12,12,11,10,14,18,54,65,60,50,13,15,12,3,8,0,3,8,5
0,10,13,9,1,5,10,11,9,16,23,65,82,63,56,42,10,4,3,7,7,8,10,6
7,9,0,10,9,6,10,5,5,13,34,49,52,39,22,13,11,6,0,9,10,7,0,4

0,4,2,0,0,0,11,0,7,11,8,0,0,0,7,0,0,0,0,0,0,0,2,4
3,3,4,3,3,13,33,54,44,19,12,0,0,0,6,0,0,0,0,0,0,0,0,5
2,6,2,0,9,64,67,63,66,58,9,14,13,8,3,0,0,4,0,0,0,1,0,9
7,6,6,12,14,54,78,98,86,63,51,9,11,8,5,8,0,2,0,0,3,7,3,0
0,5,6,7,19,35,61,78,67,56,62,110,108,78,56,3,0,0,0,0,0,2,0,0
13,10,8,14,28,31,46,49,45,60,126,443,438,260,81,50,32,19,12,9,11,10,8,10
14,12,11,14,13,13,40,55,61,83,181,390,413,221,110,64,44,11,13,10,8,9,7,8
0,12,13,13,10,20,40,56,68,105,142,189,216,189,137,91,56,9,0,0,4,2,0,0
0,0,12,29,13,43,55,61,72,92,129,166,143,125,130,95,57,8,0,0,0,0,0,0
0,8,51,68,62,56,56,66,80,114,148,128,92,135,120,99,66,50,0,0,0,0,0,0
1,5,14,51,70,73,66,64,89,106,104,65,83,138,141,103,86,57,0,0,0,0,1,0
0,12,14,8,44,75,85,114,102,74,13,53,75,153,163,137,106,57,12,0,0,0,0,0
14,94,38,25,3,43,71,107,54,10,13,71,71,136,161,158,122,74,14,8,4,4,0,0
51,91,84,50,26,44,12,2,1,3,32,61,87,121,142,160,129,99,52,10,9,4,0,0
24,21,4,8,11,6,0,4,2,2,10,64,59,68,73,102,113,60,13,9,7,0,0,0
2,11,12,6,4,6,5,0,0,7,42,51,51,58,66,89,105,57,30,3,0,0,0,0
6,10,3,0,0,0,0,0,0,0,10,14,44,56,55,60,91,71,49,12,6,0,2,3
10,21,23,23,19,18,14,35,36,27,25,28,54,65,79,90,70,49,44,20,27,20,11,14
22,54,57,68,112,66,73,90,102,72,70,102,140,144,181,158,137,107,73,39,12,12,10,9
15,53,65,77,104,113,120,131,133,123,147,174,204,259,240,248,203,105,71,49,28,28,10,8
11,57,63,98,69,51,101,114,119,129,147,180,237,327,355,302,216,129,53,24,25,25,13,9
18,48,64,98,101,46,35,38,66,67,105,119,183,296,348,257,178,137,87,52,30,14,7,5
9,13,72,108,97,54,46,45,32,26,19,84,102,124,135,135,136,105,47,22,20,20,10,4
0,11,60,105,109,72,53,49,31,30,70,42,70,102,102,103,104,100,43,14,10,8,0,0
10,11,28,89,107,101,69,13,11,71,35,12,33,62,40,26,33,14,8,12,6,0,10,8
10,19,20,53,100,101,30,42,40,15,66,14,52,23,41,21,12,13,11,7,11,4,10,8
9,12,13,19,61,107,102,50,54,27,16,13,32,28,53,26,11,9,13,9,8,0,0,0
6,9,10,10,50,70,102,95,52,52,13,13,62,68,50,33,14,10,7,11,8,0,6,0
12,6,12,13,35,41,92,107,43,52,10,50,57,61,57,21,3,2,8,8,8,7,0,1
5,11,13,11,14,51,55,63,53,19,28,51,55,62,60,8,6,3,7,8,10,4,6,0
8,7,7,12,27,65,63,52,29,19,25,72,52,56,52,11,19,9,7,11,7,12,7,12
5,7,10,29,40,49,39,12,11,8,46,64,57,97,56,12,10,4,5,8,2,1,2,0
9,8,13,23,30,14,11,12,0,7,14,50,52,54,45,13,2,5,4,0,0,0,0,0
10,11,9,11,12,12,13,9,5,12,6,15,40,50,33,11,18,14,14,8,2,0,11,0
10,7,7,10,9,12,14,15,2,10,0,8,11,35,34,13,8,11,11,11,4,6,6,0
5,7,10,7,0,9,18,14,0,4,4,10,12,35,13,7,3,0,0,0,7,0,0,5
0,4,10,7,0,3,11,14,7,5,5,10,11,28,13,13,7,7,6,2,7,5,0,0
0,0,7,6,2,0,6,11,6,7,11,4,13,14,11,6,4,3,5,4,0,3,7,0
0,6,9,1,0,0,9,14,6,5,18,20,28,43,14,13,5,0,0,0,0,0,0,0
2,6,5,11,6,6,10,13,11,11,12,14,47,28,20,7,2,0,0,0,0,0,0,0
4,11,3,6,12,11,0,11,9,9,13,45,54,54,44,14,13,6,3,0,0,5,7,2
12,13,9,1,11,12,11,11,10,14,20,54,65,60,50,13,15,12,3,8,0,3,8,5
0,10,13,9,1,5,10,11,9,16,22,64,82,63,56,42,11,4,3,8,7,8,10,6
7,9,0,10,9,6,10,4,5,14,34,47,52,39,22,13,11,6,0,9,10,7,0,4

0,4,2,0,0,0,11,0,8,11,8,0,0,0,6,0,0,0,0,0,0,0,2,4
3,4,4,3,3,13,33,54,44,19,12,0,0,0,6,0,0,0,0,0,0,0,0,5
2,6,2,0,9,63,66,63,66,58,9,14,13,8,3,0,0,4,0,0,0,1,0,9
7,6,6,12,14,54,78,98,86,63,51,10,11,8,5,8,0,2,0,0,3,7,3,0
0,5,6,7,19,34,61,78,67,56,62,110,109,79,57,3,0,0,0,0,0,2,0,0
13,10,8,14,28,31,45,49,45,60,126,443,440,263,81,50,31,20,12,9,11,10,8,10
14,12,11,14,13,13,39,55,61,83,182,390,413,222,110,65,44,11,13,10,8,9,7,8
0,12,13,13,10,19,40,56,68,105,142,190,217,189,137,90,56,9,0,0,4,2,0,0
0,0,12,28,13,43,55,62,72,92,129,167,144,125,130,95,57,8,0,0,0,0,0,0
0,8,51,68,62,56,55,66,80,114,148,128,92,134,119,98,66,48,0,0,0,1,0,0
1,5,14,51,69,73,66,64,89,106,104,64,83,137,139,101,85,56,0,0,0,0,2,0
0,12,14,8,44,75,85,114,102,74,13,53,74,152,161,135,105,57,12,0,0,0,0,0
14,94,39,25,3,43,71,107,53,10,13,70,71,138,162,157,120,73,13,8,4,4,0,0
51,91,84,50,27,43,12,2,1,2,35,61,88,123,145,161,128,98,52,10,9,4,0,0
24,21,4,8,11,6,0,4,2,2,11,64,59,69,75,103,112,60,13,10,8,0,0,0
2,11,11,6,3,6,5,0,0,7,43,51,51,59,67,89,105,57,40,4,0,0,0,0
6,10,3,0,0,0,0,0,0,0,10,14,46,56,55,60,91,72,52,12,6,0,2,3
10,21,23,23,19,18,14,35,36,27,25,28,54,65,79,90,70,49,44,21,27,20,11,14
22,54,57,68,112,66,73,90,102,72,70,102,140,144,181,158,137,107,73,39,12,12,10,9
15,53,65,78,104,113,120,131,133,123,148,175,204,259,240,247,203,105,71,49,28,28,10,8
11,57,63,98,69,51,101,113,119,129,147,180,237,326,354,302,217,129,53,24,25,25,13,9
18,48,64,98,101,46,35,38,66,67,105,119,183,295,347,257,178,137,88,51,30,14,7,5
9,13,71,108,97,54,46,45,33,27,19,84,102,124,135,135,136,105,47,22,20,20,10,4
0,11,60,105,109,72,53,48,31,29,70,41,70,102,102,103,104,100,43,14,10,8,0,0
10,11,28,89,107,101,69,13,11,71,34,13,34,64,38,26,32,14,8,12,6,0,10,8
10,18,20,53,100,101,31,42,40,16,65,14,51,21,41,21,12,12,11,7,11,4,9,9
9,12,13,18,61,107,102,51,53,27,17,13,31,28,54,27,11,9,13,9,8,0,0,0
6,9,10,10,50,70,102,95,51,52,13,13,62,68,50,33,14,10,7,11,8,0,6,0
12,6,12,13,34,41,92,107,44,52,10,50,57,61,57,22,3,2,8,8,8,7,0,1
5,11,13,11,14,51,55,63,53,19,28,51,55,62,60,7,6,3,7,8,10,4,6,0
8,7,7,12,27,65,63,51,29,19,25,72,52,56,52,11,18,9,7,10,7,12,7,12
5,7,9,29,40,50,37,12,11,8,47,64,57,97,56,12,10,4,5,8,2,1,2,0
10,8,13,23,30,14,11,12,0,7,14,50,52,54,46,13,2,5,4,0,0,0,0,0
10,11,9,11,12,12,13,9,5,12,7,15,40,50,35,12,19,14,14,8,1,0,11,0
10,7,7,10,9,12,14,15,2,10,0,8,11,35,35,13,8,11,11,11,4,6,6,0
5,7,10,7,0,9,18,14,0,4,5,10,12,36,13,7,3,0,0,0,7,0,0,5
0,4,10,7,0,3,11,14,7,5,5,10,11,28,13,13,7,7,6,2,7,5,0,0
0,0,7,6,2,0,6,11,6,7,11,4,13,14,11,6,4,3,5,4,0,3,7,0
0,6,9,1,0,0,9,14,6,5,17,20,28,42,15,13,5,0,0,0,0,0,0,0
2,6,5,11,6,6,10,13,11,11,12,14,47,28,20,7,2,0,0,0,0,0,0,0
4,11,2,7,12,11,0,10,9,9,13,45,54,54,43,14,13,6,3,0,0,5,8,2
12,13,9,1,11,12,11,11,10,14,19,54,65,60,50,13,14,12,3,8,0,3,8,5
0,10,13,9,1,5,10,11,9,16,23,65,82,63,56,42,10,4,3,8,7,8,10,6
7,9,0,10,9,6,10,5,5,14,35,48,52,40,23,13,11,6,0,9,10,7,0,4

0,4,2,0,0,0,11,0,8,11,8,0,0,0,6,0,0,0,0,0,0,0,2,4
3,3,4,3,3,13,33,53,44,19,12,0,0,0,6,0,0,0,0,0,0,0,0,5
2,6,2,0,9,63,66,63,66,58,9,14,13,8,3,0,0,4,0,0,0,1,0,9
7,6,6,12,14,54,78,98,86,63,51,9,11,8,5,8,0,2,0,0,3,7,3,0
0,5,7,7,19,35,61,78,67,56,62,110,109,79,57,3,0,0,0,0,0,2,0,0
12,10,8,14,28,31,45,49,46,60,126,445,442,267,81,50,32,20,12,9,11,10,8,10
14,12,11,14,13,13,39,55,61,83,182,389,412,222,111,65,44,10,12,10,8,9,7,8
0,12,13,13,10,18,40,56,68,105,142,190,217,189,137,90,56,9,0,0,4,2,0,0
0,0,12,27,13,43,55,62,72,92,130,168,144,125,129,95,57,8,0,0,0,0,0,0
0,8,51,68,62,56,55,66,80,114,149,128,92,133,118,98,66,48,0,0,0,1,0,0
1,5,14,51,69,73,66,64,89,106,104,64,83,135,137,101,85,56,0,0,0,0,2,0
0,12,14,8,44,75,85,114,102,74,13,53,74,152,158,134,105,57,11,0,0,0,0,0
14,95,39,25,3,42,71,107,53,9,13,71,72,138,161,155,118,72,13,8,3,3,0,0
51,91,84,50,26,43,12,1,1,2,35,61,88,124,146,160,127,97,51,10,9,4,0,0
24,21,4,8,11,6,0,4,2,2,11,64,60,70,76,102,112,60,14,10,8,0,0,0
2,11,11,6,3,6,5,0,0,7,44,51,51,60,67,89,105,57,50,4,0,0,0,0
6,10,3,0,0,0,0,0,0,0,10,14,45,57,55,60,91,72,53,12,6,0,2,3
10,21,23,23,19,18,14,35,36,27,25,28,54,65,79,90,70,49,44,21,27,20,11,14
22,54,57,68,112,66,73,90,102,72,71,103,141,144,181,158,137,108,74,41,12,12,10,9
15,53,65,78,104,113,120,131,133,123,148,175,205,259,240,247,203,105,71,50,28,28,10,8
11,56,63,98,69,51,101,113,119,129,147,180,237,326,354,302,217,129,53,24,25,26,13,9
18,48,64,98,101,46,34,38,66,67,105,120,183,295,348,257,179,137,88,51,30,14,7,5
9,13,71,107,97,54,46,45,33,27,19,84,102,124,135,135,136,105,47,22,20,20,10,4
0,11,60,105,109,72,53,49,33,30,70,42,69,102,102,103,104,100,44,14,10,8,0,0
10,11,28,89,107,101,69,13,11,71,35,13,34,64,38,26,33,14,8,12,6,0,10,8
10,19,20,53,100,101,31,42,42,17,65,14,51,23,41,21,12,13,11,7,11,4,10,9
9,12,13,19,61,107,102,50,56,28,15,13,30,28,54,27,12,9,13,9,8,0,0,0
6,9,10,10,50,70,102,96,52,52,13,13,62,68,50,33,14,10,7,11,8,0,6,0
12,6,12,13,34,41,92,107,44,52,10,50,57,61,57,22,3,2,8,8,8,7,0,0
5,11,13,11,14,51,55,63,53,19,28,51,55,62,60,7,6,3,7,8,10,4,6,0
8,7,7,12,27,65,63,52,29,19,26,72,52,56,52,11,19,9,7,11,7,12,7,12
5,7,10,29,40,49,37,12,11,8,47,64,57,97,56,12,10,4,5,8,2,1,2,0
10,8,13,23,30,14,11,12,0,7,14,50,52,54,46,14,3,5,4,0,0,0,0,0
10,11,9,11,12,12,13,9,5,12,7,15,41,50,35,12,19,14,13,8,2,0,11,0
10,7,7,10,9,12,14,16,3,10,0,8,11,36,34,13,8,11,11,11,4,6,6,0
5,7,10,7,0,9,18,14,0,4,5,10,12,36,13,7,3,0,0,0,7,0,0,5
0,4,10,7,0,3,11,14,7,5,5,10,11,28,13,14,7,8,6,2,7,5,0,0
0,0,7,6,2,0,6,11,6,7,11,5,13,14,11,6,4,3,5,4,0,3,7,0
0,6,9,1,0,0,9,14,6,5,19,20,28,42,16,13,5,0,0,0,0,0,0,0
2,6,5,11,6,6,11,13,11,11,13,14,47,28,21,7,2,0,0,0,0,0,0,0
4,11,3,6,12,11,0,11,9,9,13,44,54,54,43,14,13,6,3,0,0,5,7,2
12,13,9,1,11,12,12,11,10,14,20,54,65,60,50,13,15,12,3,8,0,3,8,5
0,10,13,9,1,5,10,11,9,16,23,65,82,63,56,42,10,4,3,8,7,8,10,6
7,9,0,10,9,6,10,5,6,14,35,47,52,40,23,13,11,6,0,9,10,7,0,4

0,4,2,0,0,0,11,0,7,10,8,0,0,0,6,0,0,0,0,0,0,0,2,4
3,3,4,3,3,13,29,53,44,16,12,0,0,0,6,0,0,0,0,0,0,0,0,5
2,6,2,0,8,62,66,62,66,58,9,14,13,8,3,0,0,4,0,0,0,1,0,9
7,6,6,12,14,54,77,97,85,63,51,9,11,8,5,8,0,2,0,0,3,7,3,0
0,5,6,7,19,34,60,78,67,56,62,110,109,80,57,3,0,0,0,0,0,2,0,0
13,10,8,14,28,31,45,49,46,60,126,445,443,268,81,50,32,21,12,9,11,10,8,10
14,12,11,14,13,13,40,55,61,84,183,390,414,222,111,65,43,10,12,10,8,9,7,8
0,12,13,13,10,18,40,56,68,105,143,192,218,189,137,90,56,9,0,0,4,3,0,0
0,0,11,27,13,43,55,62,72,92,130,169,144,125,129,94,57,8,0,0,0,0,0,0
0,8,51,69,62,56,55,66,80,114,149,128,92,132,118,98,66,47,0,0,0,1,0,0
1,5,15,51,69,73,67,64,89,106,104,64,82,133,136,100,84,56,0,0,0,0,1,0
0,12,14,8,44,75,85,114,102,74,13,53,73,149,157,133,104,57,11,0,0,0,0,0
14,95,38,25,3,43,71,107,53,9,13,70,71,138,160,153,117,71,13,7,3,3,0,0
52,91,84,50,26,41,12,2,1,2,36,61,88,125,146,159,127,97,51,10,9,4,0,0
24,21,4,8,11,6,0,4,3,2,12,65,60,70,77,102,112,60,21,10,8,1,0,0
2,11,11,6,3,6,5,0,0,7,46,51,51,61,68,89,106,57,53,5,0,0,0,0
6,10,3,0,0,0,0,0,0,0,10,14,45,57,56,61,91,74,55,13,6,0,2,3
10,21,23,23,19,18,14,35,36,27,25,28,54,65,79,90,70,49,45,23,27,20,11,14
22,54,57,68,112,66,73,90,102,72,71,103,141,144,181,159,138,108,74,40,12,12,10,9
14,53,65,77,104,113,120,131,133,123,148,175,204,259,240,248,204,106,72,50,29,28,10,8
11,56,63,99,69,51,101,113,119,129,147,180,237,326,353,302,217,130,53,24,25,25,13,9
18,48,64,98,101,46,35,38,66,67,105,120,183,295,348,257,179,138,89,52,30,14,7,5
9,13,71,107,97,54,46,45,33,27,20,85,102,124,135,135,136,105,48,22,20,20,10,4
0,11,59,105,109,72,53,49,31,31,71,42,70,102,102,103,105,100,44,14,10,8,0,0
10,11,28,88,107,101,69,13,11,70,34,12,35,61,38,26,33,14,8,12,6,0,10,8
10,19,20,53,100,101,31,42,43,16,64,14,50,24,41,23,12,13,11,7,11,4,10,9
9,12,13,18,61,107,102,50,54,26,16,13,29,28,56,27,11,9,13,9,8,0,0,0
6,9,10,10,50,70,102,95,52,52,13,13,61,68,51,34,14,10,7,11,9,0,6,0
12,6,12,13,34,41,92,107,43,51,10,50,57,61,57,22,3,2,8,8,8,7,0,0
5,11,13,11,14,50,55,63,53,19,29,51,55,62,61,8,6,3,7,8,10,4,6,0
8,7,7,12,27,64,63,51,29,18,26,72,52,56,53,11,19,9,7,10,7,12,7,12
5,7,9,29,40,49,37,12,11,8,48,64,57,96,56,12,10,4,5,8,2,1,2,0
9,8,13,23,30,14,11,12,0,7,14,50,52,54,45,13,3,5,4,0,0,0,0,0
10,11,9,11,12,12,13,9,5,12,7,17,42,50,35,12,20,14,14,8,2,0,11,0
10,7,7,10,9,12,14,16,3,10,0,8,11,35,35,13,8,11,11,11,4,6,6,0
5,7,10,7,0,9,18,14,0,4,5,10,12,36,13,8,3,0,0,0,7,0,0,5
0,4,10,7,0,3,11,14,7,6,5,10,11,28,13,14,7,8,6,2,7,5,0,0
0,0,7,6,2,0,6,11,6,7,11,5,13,14,11,6,4,3,5,4,0,3,7,0
0,6,9,1,0,0,9,14,6,5,17,20,28,43,14,13,5,0,0,0,0,0,0,0
2,6,5,11,6,6,11,13,11,11,12,14,47,28,21,7,2,0,0,0,0,0,0,0
4,12,3,7,12,11,0,11,9,10,13,44,54,54,44,14,13,6,3,0,0,5,8,2
12,13,9,1,11,12,12,11,10,14,19,53,65,60,50,13,15,11,3,8,0,3,8,5
0,10,13,9,1,5,10,11,9,16,22,65,82,63,56,42,10,4,3,8,7,8,10,6
7,9,0,10,9,6,10,5,6,13,34,48,52,39,22,13,11,6,0,9,10,7,0,4

0,4,2,0,0,0,11,0,7,10,8,0,0,0,6,0,0,0,0,0,0,0,2,4
3,3,4,3,3,12,31,53,43,14,11,0,0,0,6,0,0,0,0,0,0,0,0,5
2,6,2,0,9,62,66,62,66,58,9,14,13,8,3,0,0,4,0,0,0,1,0,9
7,6,6,11,14,54,77,97,85,63,51,9,11,8,5,9,0,2,0,0,3,7,3,0
0,5,6,7,19,35,61,78,67,56,62,111,110,80,57,4,0,0,0,0,0,2,0,0
13,11,8,14,28,31,45,49,46,60,126,447,446,270,82,51,32,21,12,9,11,10,8,10
14,12,11,14,13,13,41,55,62,84,183,390,414,222,111,65,44,10,13,10,8,9,7,8
0,12,13,13,10,18,41,57,68,105,143,192,218,189,136,90,56,9,0,0,4,3,0,0
0,0,11,28,13,44,55,62,72,92,130,170,144,124,129,94,57,8,0,0,0,0,0,0
0,8,51,69,62,56,56,66,80,115,150,129,92,130,117,98,66,47,0,0,0,1,0,0
1,5,15,51,69,73,67,64,89,106,104,63,81,132,135,100,84,56,0,0,0,0,1,0
0,12,14,8,44,75,85,114,102,74,13,52,73,148,156,132,104,57,11,0,0,0,0,0
14,95,38,25,3,43,71,107,53,9,13,69,71,137,159,153,116,71,13,7,3,3,0,1
52,91,84,50,26,41,12,2,1,2,38,60,87,124,145,158,126,96,51,10,9,4,0,0
24,21,4,8,11,6,0,4,3,2,12,64,60,70,77,102,112,60,23,10,8,1,0,0
2,11,11,6,3,6,5,0,1,7,47,51,52,62,68,89,106,57,54,6,0,0,0,0
6,10,3,0,0,0,0,0,0,0,10,14,45,57,56,61,92,74,56,13,6,0,2,3
10,21,23,23,19,18,14,35,36,27,25,29,54,65,79,90,70,49,45,23,28,21,11,14
22,54,57,67,112,66,73,90,102,72,71,103,141,144,182,159,138,108,75,40,12,12,10,9
14,53,66,78,104,113,120,131,133,123,148,175,205,259,240,248,204,106,72,50,29,29,10,8
11,56,63,99,69,51,101,113,120,129,147,180,236,325,352,302,218,130,53,24,25,25,13,9
18,48,64,98,101,46,35,38,66,67,105,120,183,295,348,258,179,138,89,52,30,14,7,5
9,13,71,107,97,54,46,45,33,27,20,84,102,124,135,135,136,105,48,22,20,19,10,4
0,11,60,105,109,72,53,49,33,31,71,44,70,102,102,103,105,100,44,14,10,8,0,0
10,11,28,88,107,101,70,13,11,71,35,13,35,61,40,26,33,14,8,12,6,0,10,8
10,18,20,53,100,101,33,42,43,17,65,14,52,24,40,23,12,13,11,7,11,4,10,9
9,12,13,18,61,107,102,50,54,28,15,13,27,29,54,27,11,9,13,8,8,0,0,0
6,9,10,10,50,71,102,95,52,52,13,13,63,68,52,35,14,10,7,11,8,0,6,0
12,6,12,13,34,41,92,107,43,52,10,50,57,61,57,22,3,2,8,8,8,7,0,0
5,11,13,11,14,51,55,63,53,19,29,51,55,62,61,8,6,3,7,8,10,4,6,0
8,7,7,12,27,64,63,52,29,19,26,72,52,56,53,11,19,9,7,10,7,12,7,12
5,7,9,29,40,49,37,12,11,8,47,64,57,97,56,12,10,4,5,8,2,1,2,0
10,8,13,23,30,14,11,12,0,7,14,50,52,54,45,13,3,5,3,0,0,0,0,0
10,11,9,11,12,12,13,9,5,12,7,17,41,50,35,12,19,14,14,8,2,0,11,0
10,7,7,10,9,12,14,16,3,10,0,8,12,36,35,13,8,11,11,11,4,6,6,0
5,7,10,7,0,9,18,14,0,5,5,10,12,36,13,8,3,0,0,0,7,0,0,5
0,4,10,7,0,3,11,14,7,6,5,10,11,29,13,14,7,8,6,2,7,5,0,0
0,0,7,6,2,0,6,11,6,7,11,5,13,14,11,6,4,3,5,4,0,3,7,0
0,6,9,1,0,0,9,14,6,5,19,20,28,43,14,13,5,0,0,0,0,0,0,0
2,6,5,11,6,6,11,13,11,11,13,14,46,28,21,7,2,0,0,0,0,0,0,0
4,11,2,7,12,11,0,11,9,9,13,45,54,54,44,14,13,6,3,0,0,5,8,2
12,13,9,1,11,12,12,11,10,14,18,54,65,60,50,13,15,12,3,8,0,3,8,5
0,10,13,9,1,5,10,11,9,17,22,65,82,63,56,42,11,4,3,8,7,8,10,6
7,9,0,10,9,6,10,5,6,14,34,46,52,41,21,13,11,6,0,9,10,7,0,4

0,4,2,0,0,0,10,0,7,9,7,0,0,0,6,0,0,0,0,0,0,0,2,4
3,4,4,3,3,12,28,52,43,14,11,0,0,0,6,0,0,0,0,0,0,0,0,5
2,6,2,0,9,62,66,61,65,57,9,14,13,8,3,0,0,4,0,0,0,1,0,9
7,6,6,11,14,54,77,97,85,63,51,9,12,8,5,9,0,2,0,0,3,7,3,0
0,5,6,7,19,35,61,79,67,56,62,111,109,80,57,4,0,0,0,0,0,2,0,0
13,10,8,14,28,31,45,49,46,60,126,446,446,271,82,51,33,21,12,9,11,10,8,10
14,12,12,14,13,13,42,55,62,83,183,390,415,222,111,65,44,10,13,10,8,9,7,8
0,12,13,13,10,19,40,56,68,105,143,191,217,188,136,90,56,9,0,0,4,3,0,0
0,0,11,28,13,44,55,62,72,92,131,170,144,124,128,94,57,8,0,0,0,0,0,0
0,8,52,69,62,56,56,66,80,115,151,130,92,131,117,98,66,47,0,0,0,1,0,0
1,5,15,51,70,73,67,64,89,106,104,64,82,133,135,100,84,56,0,0,0,0,1,0
0,12,14,8,44,75,85,114,102,74,13,53,74,149,156,133,104,57,12,0,0,0,0,0
14,95,38,25,3,43,71,107,53,9,13,70,72,137,158,153,117,72,13,7,3,3,0,0
52,91,84,50,26,43,12,2,1,2,36,61,88,124,144,157,126,97,52,10,9,4,0,0
24,21,4,8,11,6,0,4,3,2,12,65,60,70,76,102,112,60,22,10,8,1,0,0
2,11,11,6,3,6,5,0,1,7,47,51,52,61,68,89,106,57,54,6,0,0,0,0
6,10,3,0,0,0,0,0,0,0,10,14,44,57,56,61,91,74,56,13,6,0,2,3
10,22,23,23,19,18,14,35,36,27,26,28,54,65,79,90,70,50,45,23,28,20,11,14
21,54,57,67,112,66,73,90,102,72,71,103,141,144,182,159,138,108,75,40,12,12,10,9
14,53,65,78,104,113,120,131,133,123,148,175,204,259,240,248,204,106,72,50,28,29,10,8
11,56,63,98,69,51,101,113,119,129,147,180,237,325,353,302,218,129,54,24,25,25,13,9
18,48,64,98,101,46,34,38,66,67,105,120,183,295,348,258,179,138,88,52,30,14,7,5
9,13,71,107,97,54,46,45,33,27,20,85,102,124,135,135,136,105,48,22,20,20,10,4
0,11,60,105,109,72,54,48,31,34,71,44,71,102,102,103,105,100,44,14,10,8,0,0
11,11,28,88,107,101,69,13,11,71,35,13,36,61,38,26,32,14,8,12,6,0,10,8
10,18,20,53,100,101,33,42,42,17,66,14,52,23,43,24,12,13,11,7,11,4,10,9
9,12,13,19,61,107,102,51,53,27,16,13,27,29,56,27,11,9,13,9,8,0,0,0
6,9,10,10,50,70,102,95,52,52,13,13,63,68,51,35,14,10,7,11,8,0,6,0
12,6,12,13,34,41,91,107,43,51,10,50,57,61,58,23,3,2,8,8,8,7,0,1
5,11,13,11,14,51,55,63,53,19,29,51,55,62,61,8,6,3,7,8,10,4,6,0
8,7,7,12,27,64,63,52,29,19,26,72,52,56,53,12,20,9,7,11,7,12,7,12
5,7,10,29,40,49,37,12,11,8,48,64,57,97,56,12,10,4,5,8,2,1,2,0
10,8,13,23,30,14,11,12,0,7,14,50,52,54,46,13,3,5,4,0,0,0,0,0
10,11,9,11,12,12,13,9,5,12,7,17,42,50,35,12,19,14,14,8,2,0,11,0
10,7,7,10,9,12,14,16,3,10,0,8,12,36,36,13,8,11,11,11,4,6,6,0
5,7,10,7,0,9,18,14,0,5,5,10,12,36,13,8,3,0,0,0,7,0,0,5
0,4,10,7,0,3,11,14,7,6,5,10,11,29,13,14,7,8,6,2,7,5,0,0
0,0,7,6,2,0,6,12,7,7,11,5,13,14,11,6,4,3,5,4,0,3,7,0
0,6,9,1,0,0,9,14,7,5,17,20,28,44,15,13,5,0,0,0,0,0,0,0
2,6,5,11,6,6,11,13,11,11,13,14,47,28,21,7,2,0,0,0,0,0,0,0
4,11,3,7,12,11,0,11,9,9,13,46,54,54,43,14,13,6,3,0,0,5,8,2
12,13,9,1,11,12,12,11,10,14,20,54,65,60,50,13,15,12,3,8,0,3,8,5
0,10,13,9,1,5,10,11,9,16,23,65,82,63,56,42,11,4,3,8,7,8,10,6
7,9,0,10,9,6,10,5,6,14,34,47,52,41,23,13,11,6,0,9,10,7,0,4

0,4,2,0,0,0,10,0,7,10,8,0,0,0,6,0,0,0,0,0,0,0,2,4
3,3,4,3,3,13,28,52,43,14,11,0,0,0,6,0,0,0,0,0,0,0,0,5
2,6,2,0,8,62,66,61,66,58,9,14,13,8,3,0,0,4,0,0,0,1,0,9
7,6,6,11,14,54,77,97,85,63,51,9,11,8,5,8,0,2,0,0,3,7,3,0
0,5,6,7,19,35,61,79,67,56,62,111,109,80,57,3,0,0,0,0,0,2,0,0
13,11,8,14,28,31,45,49,46,60,126,446,445,269,81,50,32,21,12,9,11,10,8,10
14,12,11,14,13,13,41,55,62,84,183,390,415,222,110,64,44,10,13,10,9,9,7,8
0,12,13,13,10,19,40,56,68,105,143,191,217,188,136,90,56,9,0,0,4,3,0,0
0,0,11,28,13,45,55,62,72,92,131,169,144,124,128,94,56,8,0,0,0,0,0,0
0,8,51,69,62,56,56,66,80,115,151,130,92,131,117,97,66,47,0,0,0,0,0,0
1,5,15,51,69,73,67,64,89,106,104,64,82,133,136,100,84,56,0,0,0,0,1,0
0,12,14,8,44,75,85,114,102,74,13,53,74,149,156,133,105,57,12,0,0,0,0,0
14,95,39,25,3,42,71,107,53,9,13,71,72,137,159,154,118,72,13,8,3,3,0,1
51,91,84,50,25,43,12,2,1,2,37,61,88,123,144,158,127,97,52,10,9,4,0,0
24,21,4,8,11,6,0,4,3,2,12,65,60,69,76,102,112,60,21,10,8,1,0,0
2,11,11,6,3,6,5,0,1,7,46,51,51,61,67,89,106,57,53,6,0,0,0,0
6,10,3,0,0,0,0,0,0,0,10,14,44,57,56,61,91,74,55,13,6,0,2,3
10,21,23,23,19,18,14,35,36,27,25,28,54,65,79,90,69,49,45,23,27,20,11,14
22,54,57,68,112,66,73,90,102,72,71,103,141,144,182,160,138,108,74,41,12,12,10,9
14,53,65,78,104,113,120,131,133,123,148,175,204,259,240,248,204,106,72,50,29,29,10,8
11,56,63,98,69,51,101,113,119,130,147,180,237,326,353,303,218,130,54,24,25,25,13,9
18,48,64,98,101,46,34,38,66,68,105,120,184,296,349,258,179,138,88,51,30,14,7,5
9,13,71,107,96,54,46,46,34,27,20,85,102,125,136,136,136,105,48,22,20,20,10,4
0,11,60,104,109,72,54,49,31,30,72,42,71,102,102,103,105,100,44,14,10,8,0,0
11,11,28,89,107,101,70,13,11,73,34,13,34,62,38,28,35,14,8,12,6,0,10,8
10,18,20,53,100,101,31,42,43,16,66,14,52,23,43,23,12,13,11,7,11,4,10,9
9,12,13,18,61,107,102,51,54,26,17,13,25,29,56,29,11,9,13,9,8,0,0,0
6,9,10,10,50,70,102,95,52,52,13,13,62,68,52,35,14,10,7,11,8,0,6,0
12,6,12,13,34,41,92,107,43,52,10,50,57,61,57,23,4,2,8,8,8,7,0,1
5,11,13,11,14,51,55,63,53,19,29,51,55,62,61,8,6,3,7,8,10,4,6,0
8,7,7,12,26,64,63,51,29,19,26,72,52,56,53,12,19,9,7,11,7,12,7,12
5,7,10,29,40,49,37,12,11,8,50,64,57,96,56,12,10,4,5,8,2,1,2,0
10,8,13,23,30,14,11,12,0,8,14,50,52,54,46,13,3,5,4,0,0,0,0,0
10,11,9,11,12,12,13,9,5,12,7,17,42,50,35,12,19,14,14,9,2,0,11,0
10,7,7,10,9,12,14,15,3,10,0,8,12,36,36,14,8,11,11,11,4,6,6,0
5,7,10,7,0,9,18,14,0,5,5,10,12,35,13,8,3,0,0,0,7,0,0,5
0,4,10,7,0,3,11,14,7,6,5,10,11,29,13,14,7,8,6,3,7,5,0,0
0,0,7,6,2,0,6,12,7,7,11,5,13,14,11,6,4,4,5,4,0,3,7,0
0,6,9,1,0,0,9,14,7,5,18,21,28,44,15,13,5,0,0,0,0,0,0,0
2,6,5,11,6,6,11,13,11,11,13,14,46,28,21,7,2,0,0,0,0,0,0,0
4,11,3,7,12,11,0,11,9,10,13,44,54,54,44,14,13,6,3,0,0,5,8,2
12,13,9,1,11,12,11,11,10,14,20,54,65,60,50,13,15,12,3,8,0,3,8,5
0,10,13,9,1,5,10,11,9,16,23,65,82,63,56,42,11,4,3,8,7,8,10,6
7,9,0,10,9,6,10,5,6,14,34,47,52,40,23,13,11,6,0,9,10,7,0,4

0,4,2,0,0,0,11,0,7,9,7,0,0,0,6,0,0,0,0,0,0,0,2,4
3,3,4,3,3,13,28,53,43,14,11,0,0,0,6,0,0,0,0,0,0,0,0,5
2,6,2,0,9,63,66,61,66,58,9,14,13,8,3,0,0,4,0,0,0,2,0,9
7,6,6,11,14,54,78,97,85,63,51,9,11,8,5,8,0,2,0,0,3,7,3,0
0,5,6,7,19,35,61,79,67,56,62,110,109,80,57,3,0,0,0,0,0,2,0,0
13,10,8,14,28,31,45,49,46,60,126,447,444,267,81,50,32,21,12,9,11,10,8,10
14,12,11,14,13,13,41,55,62,84,183,391,414,221,110,64,44,10,13,10,8,9,7,8
0,12,13,13,10,19,41,57,68,106,143,191,217,188,136,90,56,9,0,0,4,3,0,0
0,0,11,28,13,44,55,62,73,92,131,169,144,124,129,94,57,8,0,0,0,0,0,0
0,8,51,69,62,56,56,66,80,115,151,130,92,131,117,98,66,48,0,0,0,1,0,0
1,5,15,51,69,73,67,64,89,107,104,64,82,134,136,101,85,56,0,0,0,0,1,0
0,12,14,8,44,75,85,114,102,74,13,53,74,150,157,134,105,57,12,0,0,0,0,0
14,95,39,25,3,43,71,107,53,9,13,70,72,137,159,154,119,73,14,8,3,3,0,1
52,91,85,50,27,43,12,2,1,2,37,60,87,123,143,158,127,98,52,10,9,4,0,0
24,21,4,8,11,6,0,4,3,2,12,65,59,69,75,101,112,60,20,10,8,1,0,0
2,11,11,6,3,6,5,0,1,7,47,51,51,60,67,89,105,57,52,5,0,0,0,0
6,10,3,0,0,0,0,0,0,0,10,14,44,57,55,61,91,74,54,13,6,0,2,3
10,21,23,23,19,18,14,35,36,27,25,28,53,65,79,90,70,49,45,22,27,20,11,14
21,54,57,67,112,66,73,90,102,72,70,102,140,144,182,160,138,108,74,40,12,12,10,9
14,53,65,78,104,113,120,131,133,123,148,174,204,259,241,248,204,106,72,50,29,28,10,8
11,56,63,98,69,51,101,113,119,129,147,180,237,326,354,303,218,130,53,24,25,25,13,9
18,48,64,98,101,46,34,39,66,68,105,120,184,298,351,259,180,138,88,52,30,14,7,5
9,13,71,107,96,54,46,45,34,28,20,85,102,125,136,136,137,105,48,22,21,20,10,4
0,11,60,104,109,71,53,49,33,30,71,45,71,102,102,103,105,100,44,14,10,8,0,0
10,11,28,88,107,101,70,13,11,73,34,13,35,62,38,28,35,14,8,12,6,0,10,8
10,18,19,53,100,101,29,42,45,15,66,14,52,23,41,23,12,13,11,7,11,4,10,9
9,12,13,17,61,107,102,50,54,28,16,13,26,29,54,29,12,9,13,9,8,0,0,0
6,9,10,10,50,70,102,95,51,52,13,13,63,68,52,35,14,10,7,11,8,0,6,0
12,6,12,13,35,41,92,107,43,52,10,50,57,61,58,23,4,3,8,8,8,7,0,1
5,11,13,11,14,50,55,63,53,19,29,51,55,62,61,8,6,3,7,8,10,4,6,0
8,7,7,12,26,64,63,52,29,19,26,72,52,56,53,12,19,9,7,11,7,12,7,12
5,7,9,29,40,49,37,12,11,8,48,64,57,96,56,12,10,4,5,8,2,1,2,0
10,8,13,23,30,14,11,12,0,7,14,50,52,54,46,14,3,5,4,0,0,0,0,0
10,11,9,11,12,12,13,9,5,12,7,16,43,50,36,12,19,14,14,8,1,0,11,0
10,7,7,10,9,12,14,16,3,10,0,8,12,36,35,14,8,11,11,11,4,6,6,0
5,7,10,7,0,9,18,14,0,5,5,10,12,36,14,8,3,0,0,0,7,0,0,5
0,4,10,7,0,3,11,14,7,6,5,10,11,30,13,14,7,8,6,3,7,5,0,0
0,0,7,6,2,0,6,12,7,7,11,5,13,14,11,6,4,4,5,4,0,3,7,0
0,6,9,1,0,0,9,14,7,5,18,20,28,44,15,13,5,0,0,0,0,0,0,0
2,6,5,11,6,6,11,13,11,11,13,14,48,28,21,7,2,0,0,0,0,0,0,0
4,11,3,7,12,11,0,11,9,10,13,44,54,54,43,14,13,6,3,0,0,5,8,1
12,13,9,1,11,12,12,11,10,14,19,54,65,60,50,13,15,12,3,8,0,3,8,5
0,10,13,10,1,5,10,12,9,16,23,65,82,63,56,43,11,4,3,8,7,8,10,6
7,9,0,10,9,6,10,5,6,14,35,47,52,39,23,13,11,6,0,9,10,7,0,4

0,4,2,0,0,0,11,0,7,10,7,0,0,0,6,0,0,0,0,0,0,0,2,4
3,3,4,3,3,13,28,52,43,14,11,0,0,0,6,0,0,0,0,0,0,0,0,5
2,6,2,0,9,63,66,61,66,58,9,14,13,8,3,0,0,5,0,0,0,2,0,9
7,6,6,12,14,54,78,97,86,63,51,10,11,8,5,8,0,2,0,0,3,7,3,0
0,5,6,7,19,35,61,79,67,56,62,110,109,79,57,3,0,0,0,0,0,2,0,0
13,10,8,14,28,31,45,49,45,60,126,446,443,265,81,50,32,21,12,9,11,10,8,10
14,12,11,14,13,13,42,55,62,84,182,390,415,221,110,64,43,10,13,10,8,9,7,8
0,12,13,13,10,19,40,56,68,106,143,190,216,188,136,90,56,9,0,0,4,3,0,0
0,0,11,28,13,45,55,62,73,93,131,169,144,124,129,95,57,8,0,0,0,0,0,0
0,8,52,69,62,56,56,66,81,115,151,130,92,132,118,98,66,50,0,0,0,1,0,0
1,5,15,51,69,73,67,65,89,107,105,65,83,135,138,102,85,56,0,0,0,0,1,0
0,12,14,8,44,75,85,115,102,74,14,53,75,151,159,135,105,57,12,0,0,0,0,0
14,94,38,25,3,43,71,107,54,9,13,70,72,137,159,155,120,73,14,8,3,4,0,0
52,92,84,50,28,43,12,2,1,2,37,60,87,122,142,158,128,98,52,11,9,4,0,0
24,22,4,8,11,6,0,4,3,2,12,65,59,68,74,102,112,60,18,10,8,1,0,0
2,11,11,6,3,6,5,0,1,7,46,51,51,60,67,89,105,57,51,5,0,0,0,0
6,10,3,0,0,0,0,0,0,0,10,14,43,56,55,60,91,73,53,13,6,0,2,3
10,21,23,23,19,18,14,35,36,27,25,28,53,65,79,90,70,49,45,22,27,20,11,14
21,54,57,67,112,66,72,90,102,72,70,102,140,144,182,159,138,108,74,39,12,12,10,9
14,53,65,77,104,113,120,131,133,123,147,174,203,259,240,248,204,106,72,50,28,28,10,8
11,56,63,98,69,51,101,113,120,130,147,180,237,327,355,304,218,129,53,24,25,25,13,9
18,48,64,98,101,46,34,38,66,68,105,120,184,299,352,260,180,137,87,51,31,14,7,5
9,13,71,107,96,54,46,45,34,28,20,85,102,125,136,136,137,105,48,22,20,20,10,4
0,11,59,104,109,71,53,48,33,30,72,45,71,102,102,103,105,100,44,14,10,8,0,0
11,11,28,88,107,101,70,13,11,73,34,13,34,62,40,29,36,14,8,12,6,0,10,8
10,18,19,53,100,101,33,42,43,17,67,14,52,24,43,24,12,13,11,7,11,4,10,9
9,12,13,18,61,107,102,50,53,30,16,13,26,31,56,30,12,9,13,9,8,0,0,0
6,9,10,10,50,71,102,95,52,52,13,13,63,68,52,36,14,10,7,11,9,0,6,0
12,6,12,13,34,41,91,106,43,52,10,50,57,61,57,23,4,2,8,8,8,7,0,1
5,11,13,11,14,51,55,63,53,19,29,51,55,62,61,8,6,3,8,8,10,4,6,0
8,7,7,12,27,64,63,52,29,18,26,72,52,56,53,12,19,9,7,11,7,12,7,12
5,7,10,29,40,49,37,12,11,8,48,64,57,97,56,12,10,4,5,8,2,1,2,0
10,8,13,23,30,14,11,12,0,7,14,50,53,54,47,14,3,5,4,0,0,0,0,0
10,11,9,11,12,12,13,10,5,12,7,17,43,50,35,12,19,14,14,9,2,0,11,0
10,7,7,10,9,12,14,16,3,10,0,8,12,36,36,14,8,11,11,11,4,6,6,0
5,7,10,7,0,9,18,14,0,5,5,10,12,36,14,8,3,0,0,0,7,0,0,5
0,4,10,7,0,3,11,14,7,6,5,10,12,33,13,14,7,8,6,3,7,5,0,0
0,0,7,6,2,0,6,12,7,7,11,5,13,15,11,6,4,4,5,4,0,3,7,0
0,6,9,1,0,0,9,14,7,5,18,20,28,45,15,13,5,0,0,0,0,0,0,0
2,6,5,11,6,6,11,13,11,11,13,14,47,28,21,7,2,0,0,0,0,0,0,0
4,11,3,7,12,11,0,11,9,10,13,44,54,54,43,14,13,6,3,0,0,5,8,1
12,13,9,1,11,12,12,11,10,14,19,54,65,60,50,13,16,12,3,8,0,3,8,5
0,10,13,9,1,5,10,12,9,16,23,65,82,63,56,45,11,4,3,8,7,8,10,6
7,9,0,10,9,6,10,5,6,14,34,47,52,41,23,14,11,6,0,9,10,7,0,4
