0,0,0,0,0,0,0,0,9,13,10,7,15,8,0,10,0,5,0,0,0,2,0,0
11,0,0,0,0,2,0,13,58,71,116,109,60,13,8,0,0,0,0,0,0,3,0,0
2,0,0,0,1,2,13,47,75,135,153,133,106,63,13,7,0,0,0,0,0,0,0,0
2,2,0,0,0,5,11,11,86,113,116,122,102,63,43,5,0,0,5,0,0,0,0,0
0,0,0,0,0,0,0,6,12,67,76,85,93,53,10,14,8,0,0,2,0,0,0,0
0,3,5,1,12,4,10,17,18,47,69,67,57,38,32,22,31,11,1,0,0,0,0,0
4,5,1,11,6,14,51,63,74,80,91,82,88,85,84,84,68,69,50,0,0,0,0,0
0,0,0,22,53,66,73,97,93,100,103,95,82,88,108,117,92,76,68,9,1,9,0,0
0,0,0,32,60,65,67,72,96,94,85,103,104,106,106,104,94,90,77,60,0,0,0,0
0,0,6,51,59,58,68,77,102,91,92,117,118,133,135,117,100,72,64,62,12,4,3,0
0,0,31,50,55,50,62,97,100,96,110,106,130,141,124,115,75,61,62,63,52,4,0,0
0,14,45,56,51,13,51,81,106,126,136,126,130,154,130,111,69,12,44,67,54,6,0,0
14,37,76,66,30,11,48,75,110,130,137,136,148,146,126,108,61,4,14,43,53,34,6,7
27,67,101,62,12,11,54,103,103,118,130,128,136,139,129,111,64,13,12,12,72,100,9,3
48,84,75,25,2,10,13,77,70,74,95,103,125,126,121,102,36,15,4,16,54,43,26,6
18,52,50,8,4,0,7,59,69,64,76,83,113,123,85,65,13,12,0,4,28,36,27,9
13,44,17,10,0,11,13,55,59,62,73,69,106,72,64,59,39,6,7,13,14,50,31,13
17,30,26,23,18,14,31,45,56,66,81,72,70,78,68,70,39,16,13,17,22,32,27,15
10,12,9,6,12,9,31,60,61,100,108,120,109,78,90,101,55,28,13,13,14,18,14,11
10,11,12,10,12,26,53,105,113,120,129,180,183,153,144,131,107,58,9,10,12,11,6,2
12,10,13,14,14,28,80,110,117,131,148,177,195,188,183,159,122,75,20,19,9,8,8,10
9,9,12,14,41,47,90,128,162,187,188,226,243,223,218,184,131,56,33,18,16,16,18,19
4,10,13,18,34,45,94,125,150,161,159,176,194,203,191,161,126,103,52,40,11,12,12,9
10,12,9,14,29,37,105,118,129,127,109,128,168,184,150,139,128,108,75,57,14,10,12,7
7,10,11,7,11,13,100,104,106,104,47,100,121,127,120,122,111,106,103,95,71,36,21,19
9,8,10,10,2,23,100,105,105,102,51,81,101,101,105,104,104,103,102,101,65,62,44,13
7,8,0,0,7,13,100,102,101,104,65,15,58,61,92,92,88,81,79,67,71,50,33,13
7,6,4,0,6,10,82,67,101,100,90,14,50,54,51,51,47,55,52,14,27,27,36,11
2,6,0,7,2,13,60,100,102,64,53,13,48,48,35,39,17,14,29,43,41,52,31,13
11,2,0,0,9,10,51,63,71,71,27,18,14,29,31,32,31,36,41,55,52,34,16,12
4,0,7,8,8,14,35,46,56,52,42,35,21,27,13,30,44,51,63,51,50,34,17,10
0,0,0,0,3,11,29,53,56,53,36,38,28,51,69,70,69,54,42,32,23,3,4,0
6,0,0,0,0,7,43,55,57,37,70,61,74,78,80,59,34,14,10,6,0,0,0,2
0,0,0,0,0,9,54,61,57,51,58,66,61,55,11,14,9,9,8,5,0,0,8,5
0,0,0,0,5,14,51,54,55,54,61,59,33,16,8,5,0,1,6,5,2,7,5,11
7,0,0,0,0,11,50,53,55,54,54,19,10,11,11,0,2,8,5,4,4,1,5,0
0,0,0,0,0,3,36,52,56,53,51,11,10,12,5,11,13,6,0,6,9,9,6,0
0,0,0,0,8,12,13,39,39,50,47,12,9,11,9,11,12,4,4,3,9,1,2,7
0,0,0,0,0,7,6,14,24,31,13,13,14,14,10,4,3,8,3,10,5,7,5,1
0,0,0,0,4,7,6,14,45,25,15,11,8,0,0,5,9,8,2,5,8,2,0,0
0,0,0,0,0,7,10,20,31,41,11,3,10,10,5,0,0,0,0,11,8,0,9,0
3,0,0,0,7,10,13,25,50,42,30,14,14,12,11,6,1,5,9,3,9,5,2,10
2,5,0,5,9,7,13,24,53,79,56,52,45,20,18,13,6,6,7,0,9,12,7,0
3,0,0,10,10,7,10,14,50,69,50,18,13,13,9,4,4,3,0,11,13,3,10,6

0,0,0,0,0,0,0,0,9,13,10,7,15,8,0,10,0,5,0,0,0,2,0,0
11,0,0,0,0,2,0,13,58,71,116,109,60,14,8,0,0,0,0,0,0,3,0,0
2,0,0,0,1,2,12,47,75,135,153,133,106,63,13,7,0,0,0,0,0,0,0,0
2,2,0,0,0,5,11,10,85,113,116,122,102,63,45,5,0,0,5,0,0,0,0,0
0,0,0,0,0,0,0,5,12,66,76,85,93,53,10,14,8,0,0,2,0,0,0,0
0,3,5,1,12,4,10,18,18,47,69,67,57,38,33,22,31,11,1,0,0,0,0,0
4,5,1,11,6,14,51,63,74,80,91,82,88,85,84,84,68,69,50,0,0,0,0,0
0,0,0,24,53,66,73,97,93,100,103,95,82,88,108,117,92,76,68,9,1,9,0,0
0,0,0,33,60,65,67,72,96,93,84,103,104,106,106,104,94,89,77,60,0,0,0,0
0,0,6,51,59,58,68,77,102,91,92,117,118,134,135,118,100,72,64,62,12,4,3,0
0,0,30,50,55,50,62,97,101,96,111,107,130,142,124,115,75,61,62,63,52,4,0,0
0,14,45,56,51,13,51,82,107,127,138,126,131,154,130,111,69,12,44,67,54,6,0,0
14,36,77,66,29,10,48,75,111,131,137,137,149,147,126,108,61,4,14,43,53,33,6,7
28,67,101,62,12,11,55,103,103,118,131,128,136,140,129,111,63,13,12,12,72,100,9,3
47,85,75,25,2,10,13,77,70,74,95,103,125,126,121,102,35,15,4,16,54,43,26,6
19,52,50,8,4,0,7,59,68,64,76,83,113,122,84,65,13,12,0,4,28,36,28,9
13,43,17,10,0,11,13,54,59,61,73,69,106,72,64,59,38,6,7,13,14,50,31,13
17,30,27,23,17,14,31,45,56,66,81,72,70,78,68,69,39,15,13,17,22,32,27,15
10,12,9,6,12,9,31,61,61,100,108,120,109,78,90,101,54,28,13,13,14,18,14,11
10,11,12,10,11,26,53,105,112,120,129,179,183,153,143,132,107,58,9,10,12,11,6,2
12,10,13,14,14,28,80,109,117,131,148,176,194,188,183,159,122,75,20,19,9,8,8,9
9,9,12,14,41,47,90,127,161,187,187,225,242,222,218,184,131,56,33,18,16,16,18,19
4,10,13,19,33,46,93,125,150,161,158,175,194,202,191,161,126,103,52,40,11,13,12,9
10,12,9,14,31,38,106,118,129,127,109,128,168,184,150,138,129,108,75,57,14,10,12,7
6,10,11,6,11,14,100,104,106,104,47,100,121,127,120,122,111,106,103,95,72,37,21,19
9,8,10,10,2,22,100,104,105,102,52,81,101,101,105,104,104,102,102,101,66,62,44,13
7,7,0,0,7,13,100,102,101,104,65,17,58,61,92,93,88,83,81,67,71,51,34,13
7,6,4,0,6,10,84,67,101,100,90,14,48,55,50,51,48,55,52,14,28,29,38,12
2,6,0,7,2,13,60,100,102,64,52,13,49,48,37,39,17,15,29,43,41,52,31,13
11,2,0,0,9,10,51,63,71,71,27,18,15,29,31,32,31,36,41,55,52,34,17,12
4,0,7,8,8,14,35,46,56,52,43,35,21,27,13,30,45,50,63,51,50,34,17,10
0,0,0,0,3,11,29,54,56,53,36,38,29,51,69,70,69,54,42,32,23,3,4,0
6,0,0,0,0,7,44,55,57,38,69,61,74,78,80,59,35,14,10,6,0,0,0,2
0,0,0,0,0,10,54,62,57,51,58,66,61,55,11,14,9,9,8,6,0,0,7,5
0,0,0,0,5,15,51,54,55,54,60,59,33,15,7,5,0,1,6,5,2,7,5,11
7,0,0,0,0,11,50,54,55,54,54,19,10,11,11,0,2,8,5,4,4,1,5,0
0,0,0,0,0,3,36,52,56,53,51,11,10,12,5,11,13,5,0,6,9,9,6,0
0,0,0,0,8,12,13,39,40,50,46,12,9,11,9,11,12,4,4,3,9,1,2,7
0,0,0,0,0,7,7,14,25,32,13,13,14,14,10,4,3,8,3,10,5,7,5,1
0,0,0,0,4,7,6,16,46,25,15,11,8,0,0,5,9,8,2,5,8,2,0,0
0,0,0,0,0,7,10,21,31,41,11,3,10,10,4,0,0,0,1,11,8,0,9,0
3,0,0,0,7,10,13,26,50,43,30,14,14,12,11,6,1,5,9,3,9,5,2,10
2,5,0,5,9,7,13,24,53,79,55,52,45,20,18,13,6,6,7,0,9,12,7,0
4,0,0,10,10,7,10,14,50,69,50,16,13,13,9,4,4,3,0,11,13,3,10,6

0,0,0,0,0,0,0,0,9,13,10,7,15,8,0,10,0,5,0,0,0,2,0,0
12,0,0,0,0,2,0,13,58,71,116,109,60,14,8,0,0,0,0,0,0,3,0,0
2,0,0,0,1,2,12,47,75,135,153,133,106,62,13,7,0,0,0,0,0,0,0,0
2,2,0,0,0,5,11,10,86,113,116,122,102,63,43,5,0,0,5,0,0,0,0,0
0,0,0,0,0,0,0,6,12,66,76,86,93,52,10,14,8,0,0,2,0,0,0,0
0,3,5,1,12,4,10,17,18,47,69,67,58,38,32,23,31,11,1,0,0,0,0,0
4,5,1,11,6,14,51,63,74,80,91,82,88,85,84,84,68,69,50,0,0,0,0,0
0,0,0,21,53,66,73,97,94,100,103,96,82,89,108,117,92,76,68,9,1,9,0,0
0,0,0,33,60,65,67,72,96,94,84,103,104,106,107,104,94,90,77,60,0,0,0,0
0,0,6,51,59,59,68,78,102,92,92,117,118,134,136,118,100,72,65,62,12,4,3,0
0,0,30,50,55,50,62,97,101,96,110,106,130,141,124,115,75,61,62,63,52,4,0,0
0,14,46,56,52,13,51,81,106,126,137,126,131,154,130,111,69,12,44,67,54,6,0,0
14,36,76,66,29,10,49,75,110,130,137,136,148,147,126,108,61,4,14,43,52,34,6,7
27,67,101,62,12,11,55,103,103,118,130,128,136,140,129,111,63,13,12,13,72,100,9,3
47,84,75,25,2,10,14,78,70,74,96,103,126,126,121,102,35,15,4,16,54,43,26,6
19,52,50,8,4,0,7,59,69,64,76,83,114,123,85,65,13,12,0,4,29,36,27,9
13,43,18,10,0,10,13,54,59,62,73,69,106,72,64,59,40,6,7,13,14,50,31,13
17,30,26,23,17,14,31,45,56,66,81,72,70,78,68,70,39,16,13,17,21,32,27,15
10,12,9,6,12,8,30,61,61,100,108,120,109,78,90,101,54,28,13,13,14,18,14,11
10,11,12,10,11,27,53,105,112,120,129,180,183,154,144,132,107,58,9,10,12,11,6,2
12,10,13,14,14,28,80,109,117,131,148,176,194,188,182,159,122,75,20,19,9,8,8,9
9,9,12,14,42,46,90,127,161,186,187,224,242,222,217,184,131,56,33,18,17,16,18,19
4,10,13,18,34,45,92,125,150,160,158,175,193,202,190,160,127,103,52,40,11,13,12,9
10,12,9,14,31,38,105,118,128,126,109,128,166,183,149,138,128,108,75,59,14,10,12,7
6,9,11,6,11,13,100,104,106,104,45,100,121,127,119,122,111,106,103,95,72,37,21,19
9,8,10,10,2,23,100,105,105,102,52,80,101,101,105,104,104,103,102,101,66,63,45,13
7,7,0,0,7,13,100,102,101,104,66,15,58,63,89,92,89,80,78,67,72,51,34,14
7,6,4,0,7,10,82,67,101,100,90,14,48,55,50,52,47,55,52,15,28,29,38,12
2,5,0,7,2,13,60,100,102,64,53,13,49,47,35,39,17,15,29,43,41,52,31,13
10,1,0,0,9,10,52,63,71,72,26,18,14,29,31,32,31,36,42,55,52,34,17,12
4,0,7,8,8,14,37,47,56,52,43,35,21,28,13,30,45,51,63,51,50,35,18,10
0,0,0,0,3,11,31,54,56,53,34,37,27,51,69,70,69,54,43,32,23,3,4,0
6,0,0,0,0,7,47,56,57,38,69,61,73,78,80,59,35,14,10,6,0,0,0,2
0,0,0,0,0,10,54,62,57,51,58,66,61,55,11,14,9,9,8,6,0,0,8,5
0,0,0,0,5,15,52,54,55,54,61,59,33,15,7,5,0,1,6,4,2,7,5,11
7,0,0,0,0,12,50,54,55,54,54,21,11,11,11,0,2,8,5,4,4,1,5,0
0,0,0,0,0,3,37,52,56,53,51,11,10,12,5,11,13,5,0,6,9,9,6,0
0,0,0,0,8,12,13,39,41,50,46,12,9,11,8,11,12,4,4,3,9,1,2,7
0,0,0,0,0,7,7,14,25,32,13,13,14,14,10,4,3,8,3,10,5,7,5,1
0,0,0,0,4,7,6,16,46,25,15,11,8,0,0,5,9,8,2,5,8,2,0,0
0,0,0,0,0,7,10,21,31,41,11,3,10,10,5,0,0,0,1,11,8,0,10,0
3,0,0,0,7,10,13,26,50,43,31,14,14,12,11,6,1,5,9,3,9,5,2,10
2,5,0,5,9,7,13,24,53,78,56,52,44,21,18,13,6,6,7,0,9,12,7,0
3,0,0,10,10,7,10,14,50,69,50,16,13,13,9,4,4,3,0,11,13,3,10,6

0,0,0,0,0,0,0,0,9,13,10,7,15,8,0,10,0,5,0,0,0,2,0,0
11,0,0,0,0,2,0,13,58,71,116,109,59,13,8,0,0,0,0,0,0,3,0,0
2,0,0,0,1,2,12,47,75,135,153,133,105,62,13,7,0,0,0,0,0,0,0,0
2,2,0,0,0,5,12,10,86,113,116,122,102,63,44,5,0,0,5,0,0,0,0,0
0,0,0,0,0,0,0,6,12,67,76,86,93,53,11,14,9,0,0,2,0,0,0,0
0,3,5,1,12,5,10,18,19,47,69,67,57,38,33,22,32,11,1,0,0,0,0,0
4,5,1,11,6,14,51,63,74,80,91,82,89,85,84,84,68,69,50,0,0,0,0,0
0,0,0,22,53,66,73,97,94,100,103,96,82,89,109,118,92,76,68,9,1,9,0,0
0,0,0,33,60,65,67,72,96,94,85,103,105,107,107,104,95,90,77,60,0,0,0,0
0,0,6,51,59,58,68,78,103,92,92,117,119,134,137,118,100,72,65,62,12,4,3,0
0,0,30,50,55,50,63,98,101,96,110,106,130,141,124,115,75,61,62,63,52,4,0,0
0,14,45,56,52,13,51,81,106,126,136,125,130,153,129,111,69,12,44,67,54,6,0,0
14,37,77,67,29,10,48,75,110,129,136,135,148,146,125,108,61,4,14,43,53,34,6,7
26,67,101,62,12,11,54,103,102,117,129,127,136,139,128,111,63,13,12,12,72,100,9,3
47,84,75,27,2,9,13,76,70,74,95,103,126,126,121,102,35,15,4,16,54,43,27,6
18,52,50,8,4,0,7,60,69,65,76,84,114,124,85,65,13,12,0,4,28,36,27,9
13,43,18,10,0,10,13,56,59,62,73,70,107,73,64,59,40,7,7,13,14,50,31,13
17,30,27,23,17,14,31,45,57,67,82,73,71,79,68,70,39,16,13,17,22,32,27,15
10,12,9,6,12,8,30,61,61,100,109,120,109,78,90,101,55,28,13,13,14,18,14,11
10,11,12,10,11,26,53,104,112,120,129,180,184,154,144,132,107,59,9,10,12,11,6,2
12,10,13,14,14,28,80,109,116,131,147,176,194,188,183,159,122,76,20,19,9,8,8,9
9,9,12,13,41,46,89,127,161,186,186,224,242,222,218,184,131,56,33,19,16,16,19,19
4,10,13,18,33,45,92,124,150,160,158,175,193,202,191,160,127,103,52,40,11,13,12,9
10,12,9,14,31,40,105,118,128,126,109,128,167,183,149,138,128,109,75,59,14,10,12,7
6,9,11,6,11,14,100,104,106,104,45,100,121,127,119,122,111,106,103,95,72,37,21,19
9,8,10,10,2,23,100,105,105,102,54,80,101,101,105,104,104,103,103,101,66,63,45,13
7,7,0,0,7,13,100,102,101,104,66,15,58,63,89,90,89,81,79,67,71,51,35,14
7,6,4,0,7,10,84,67,101,100,91,14,48,54,51,52,46,55,52,15,29,29,40,12
2,5,0,7,3,13,60,100,102,64,53,13,49,47,35,40,18,15,29,43,41,52,31,13
10,1,0,0,9,10,52,63,71,72,27,19,14,29,31,32,31,36,41,55,53,34,18,12
4,0,7,8,8,14,38,47,56,52,43,35,21,28,13,30,45,51,63,51,50,36,18,10
0,0,0,0,3,11,32,54,56,53,34,37,27,51,69,70,69,54,43,32,23,3,4,0
6,0,0,0,0,7,49,56,57,38,69,61,73,78,80,59,35,14,10,6,0,0,0,2
0,0,0,0,0,10,54,62,57,51,58,66,61,55,11,14,9,9,8,6,0,0,8,5
0,0,0,0,5,15,52,54,55,54,60,59,32,15,7,5,0,1,6,5,2,7,5,11
6,0,0,0,0,12,50,54,55,54,54,20,10,11,11,0,2,8,5,4,4,1,5,0
0,0,0,0,0,3,37,53,56,53,51,11,10,12,5,11,13,5,0,6,9,9,6,0
0,0,0,0,8,12,13,40,41,50,46,12,9,11,9,11,12,4,4,3,9,1,2,7
0,0,0,0,0,7,7,14,25,32,13,13,14,14,10,4,3,8,3,10,5,7,5,1
0,0,0,0,4,7,6,17,48,25,15,11,8,0,0,5,10,8,2,5,8,2,0,0
0,0,0,0,0,7,10,22,32,42,11,3,10,10,5,0,0,0,1,11,8,0,10,0
3,0,0,0,7,10,13,27,50,42,31,14,14,12,12,6,1,6,9,3,9,5,2,10
2,5,0,5,9,7,13,24,53,78,55,52,44,20,18,13,6,6,7,0,9,12,7,0
3,0,0,10,10,7,10,14,50,69,50,17,13,13,9,4,4,3,0,11,13,3,10,6

0,0,0,0,0,0,0,0,9,13,10,7,16,8,0,10,0,5,0,0,0,2,0,0
11,0,0,0,0,2,0,13,58,71,116,109,60,14,8,0,0,0,0,0,0,3,0,0
2,0,0,0,1,2,13,47,75,135,153,133,106,63,13,7,0,0,0,0,0,0,0,0
2,2,0,0,0,5,11,10,86,113,116,122,102,63,44,5,0,0,5,0,0,0,0,0
0,0,0,0,0,0,0,5,12,66,76,86,93,53,11,15,9,0,0,2,0,0,0,0
0,3,5,1,12,4,10,17,18,47,69,67,58,38,33,23,32,11,1,0,0,0,0,0
4,5,1,11,6,14,51,63,74,80,91,82,89,85,85,85,68,70,50,0,0,0,0,0
0,0,0,22,53,66,73,97,93,100,103,95,82,89,109,118,93,76,68,9,1,9,0,0
0,0,0,32,60,65,66,72,96,93,84,103,105,107,107,104,95,90,77,60,0,0,0,0
0,0,6,51,59,58,68,77,102,91,92,117,120,135,136,118,100,72,64,62,12,4,3,0
0,0,30,50,55,50,62,97,101,97,112,107,131,142,124,115,75,61,62,63,52,4,0,0
0,14,46,55,52,12,51,81,107,128,138,126,130,153,129,110,68,12,43,67,54,6,0,0
14,37,76,66,29,10,49,75,110,130,136,135,148,146,124,108,61,4,14,44,53,34,6,7
26,67,101,62,12,11,53,103,102,117,130,127,136,139,128,110,61,13,12,12,72,100,9,3
48,84,74,25,2,9,13,75,70,74,95,103,126,126,121,101,34,15,4,16,54,43,26,6
18,52,50,8,4,0,7,59,69,65,76,84,115,124,84,65,13,12,0,4,29,36,27,9
13,43,18,10,0,10,13,55,59,62,73,70,107,73,64,59,40,7,7,13,14,50,31,13
17,30,27,23,17,14,31,45,57,66,82,73,71,79,68,70,39,16,13,17,22,32,27,15
10,12,9,6,12,8,30,61,61,100,109,120,109,78,90,101,54,29,13,13,14,18,14,12
10,11,12,10,11,26,53,104,112,121,129,180,184,154,144,132,107,58,9,10,12,11,6,2
12,10,13,14,14,28,80,109,117,131,147,175,194,189,183,159,122,75,20,19,9,9,8,10
9,9,12,13,40,46,89,127,161,186,186,224,242,222,218,184,131,56,33,18,16,16,19,19
4,10,13,18,33,45,92,125,150,161,159,176,194,202,191,161,127,103,52,40,11,12,12,9
10,12,9,14,31,40,105,118,128,126,109,128,167,183,149,138,128,108,75,57,14,10,12,7
6,9,11,6,11,14,100,104,106,104,47,100,121,127,119,122,111,106,103,95,72,37,21,19
9,7,10,10,2,23,100,105,105,102,52,81,101,101,105,104,104,103,103,101,65,62,44,13
7,7,0,0,7,13,100,102,101,104,66,16,58,62,91,90,89,81,79,68,72,51,34,14
7,6,3,0,7,10,84,67,101,100,91,14,50,54,50,51,47,55,52,15,29,29,38,12
2,5,0,7,3,13,61,100,102,64,53,13,48,46,37,39,17,15,29,43,41,52,32,13
10,1,0,0,9,10,52,63,71,71,27,19,14,29,31,32,31,36,41,55,53,34,18,12
4,0,7,8,8,14,37,47,56,52,43,35,21,28,13,30,45,51,63,51,50,36,18,10
0,0,0,0,3,11,33,54,56,54,33,36,28,51,69,71,69,54,43,32,23,3,4,0
6,0,0,0,0,7,48,56,57,39,69,61,73,78,80,59,35,14,10,6,0,0,0,2
0,0,0,0,0,10,54,62,57,51,58,65,61,55,11,14,9,9,8,6,0,0,8,5
0,0,0,0,5,16,52,54,55,54,60,59,33,15,7,5,0,1,6,5,2,7,5,11
6,0,0,0,0,12,50,54,55,54,54,19,10,11,11,0,2,8,5,4,4,1,5,0
0,0,0,0,0,3,38,53,56,53,51,11,10,12,5,11,13,6,0,6,9,9,6,0
0,0,0,0,8,12,13,40,40,50,46,12,9,11,9,11,12,4,4,3,9,1,2,7
0,0,0,0,0,7,7,14,26,32,13,13,14,14,11,4,3,8,3,10,5,7,5,1
0,0,0,0,4,7,6,17,48,25,15,11,8,0,0,5,10,8,2,5,8,2,0,0
0,0,0,0,0,7,11,21,31,41,11,4,11,10,5,0,0,0,1,11,8,0,10,0
3,0,0,0,7,10,13,27,50,43,30,14,14,12,12,6,1,6,9,3,9,5,2,10
2,5,0,5,9,7,13,24,53,78,56,52,47,21,18,13,7,6,7,0,9,12,7,0
3,0,0,10,10,7,10,14,50,69,50,17,13,13,9,4,4,3,0,11,13,3,10,6

0,0,0,0,0,0,0,0,9,13,10,7,15,8,0,10,0,5,0,0,0,2,0,0
11,0,0,0,0,2,0,13,58,71,116,109,60,14,8,0,0,0,0,0,0,3,0,0
2,0,0,0,1,2,12,47,75,135,153,134,106,63,13,7,0,0,0,0,0,0,0,0
2,2,0,0,0,5,11,10,85,113,116,122,102,63,45,5,0,0,5,0,0,0,0,0
0,0,0,0,0,0,0,6,12,67,76,86,93,53,11,15,9,0,0,2,0,0,0,0
0,3,5,1,12,4,10,17,18,47,69,67,57,38,33,23,33,11,1,0,0,0,0,0
4,6,1,11,6,14,51,63,74,80,91,82,88,85,85,85,68,70,50,0,0,0,0,0
0,0,0,22,53,66,73,97,93,100,103,95,82,89,109,118,93,76,69,9,1,9,0,0
0,0,0,33,59,65,66,72,96,93,84,102,104,107,106,104,95,90,77,60,0,0,0,0
0,0,6,51,59,58,68,77,101,91,92,116,119,135,135,117,100,72,65,62,12,4,3,0
0,0,30,50,55,50,62,96,100,97,111,107,131,142,124,114,75,61,62,63,52,4,0,0
0,14,45,56,51,12,51,81,106,127,138,126,130,153,129,110,68,12,43,67,54,6,0,0
14,36,77,67,29,10,47,75,110,130,136,135,148,146,124,108,61,4,14,43,53,34,6,7
27,67,101,61,12,11,53,103,102,117,130,127,136,139,128,111,62,13,12,12,72,100,9,3
48,84,75,25,2,9,13,75,69,73,95,103,126,126,120,101,33,15,4,16,54,43,26,7
19,52,50,8,4,0,7,59,69,65,76,84,115,124,84,64,13,12,0,4,29,36,28,9
13,43,19,10,0,10,13,55,59,62,74,70,107,73,64,59,40,7,7,13,14,50,31,13
17,30,26,23,17,13,32,45,57,67,82,74,71,79,68,70,39,16,13,17,21,31,27,15
10,12,9,6,12,8,30,60,61,100,109,120,109,78,90,101,55,28,13,13,14,18,14,11
10,11,12,10,11,27,53,104,112,121,129,180,184,155,144,132,107,58,9,10,12,11,6,2
12,10,13,14,14,28,80,109,117,131,148,176,194,189,183,159,122,76,20,19,9,9,8,10
9,9,12,13,41,46,88,127,161,186,187,224,243,223,218,184,131,56,33,18,16,16,19,19
4,10,13,18,33,45,92,125,150,160,159,176,194,202,191,161,127,103,52,40,11,13,12,9
10,12,8,14,31,41,105,118,129,126,109,128,167,183,149,138,128,108,75,59,14,10,12,7
6,9,11,6,11,14,100,104,106,104,47,100,121,127,119,122,111,106,103,95,72,37,21,19
9,7,10,10,2,23,100,105,105,102,52,81,101,101,105,104,104,103,103,101,66,63,45,13
7,7,0,0,7,14,100,102,101,104,67,17,58,63,89,92,89,81,80,68,72,51,34,14
7,6,3,0,7,10,83,67,101,100,91,14,47,54,51,51,47,56,52,15,28,30,40,12
2,5,0,7,3,13,61,100,102,64,53,13,48,47,36,40,18,15,29,42,41,52,31,13
10,1,0,0,9,10,52,63,71,72,27,18,14,29,31,32,31,36,42,55,52,34,18,12
4,0,7,8,8,14,38,47,56,52,43,35,21,28,13,30,45,51,63,51,50,36,18,10
0,0,0,0,3,11,34,54,56,53,33,36,28,51,69,71,69,54,43,32,23,3,4,0
6,0,0,0,0,7,49,56,57,40,69,61,73,78,80,59,35,14,10,6,0,0,0,2
0,0,0,0,0,10,54,62,57,51,58,65,61,55,11,14,9,9,8,6,0,0,8,5
0,0,0,0,5,15,51,54,55,54,61,59,33,15,7,5,0,1,6,5,2,7,5,11
6,0,0,0,0,12,50,54,55,54,54,20,10,11,11,0,2,8,5,4,4,1,5,0
0,0,0,0,0,3,38,52,56,53,51,11,10,12,5,11,13,5,0,6,9,9,6,0
0,0,0,0,8,12,13,40,40,50,47,12,9,11,9,11,12,4,4,3,9,1,2,7
0,0,0,0,0,7,7,14,26,33,13,13,14,14,10,4,3,8,3,10,5,7,5,1
0,0,0,0,4,7,6,18,48,25,15,11,8,0,1,5,9,8,2,5,8,2,0,0
0,0,0,0,0,7,10,22,32,41,11,4,11,10,5,0,0,0,0,11,8,0,10,0
3,0,0,0,7,10,13,26,50,43,31,14,14,12,11,6,1,6,9,3,9,5,2,10
2,5,0,5,9,8,13,25,53,78,55,52,44,20,18,13,6,6,7,0,9,12,7,0
3,0,0,10,10,7,10,14,50,69,49,16,13,13,9,4,4,3,0,11,13,3,10,6

0,0,0,0,0,0,0,0,9,13,10,7,16,8,0,10,0,5,0,0,0,2,0,0
11,0,0,0,0,2,0,13,58,71,116,109,60,13,8,0,0,0,0,0,0,3,0,0
2,0,0,0,1,2,12,50,75,135,154,134,106,63,13,7,0,0,0,0,0,0,0,0
2,2,0,0,0,5,12,11,85,113,116,122,102,64,45,5,0,0,5,0,0,0,0,0
0,0,0,0,0,0,0,6,12,66,76,86,93,53,11,16,9,0,0,2,0,0,0,0
0,3,5,1,12,4,10,17,18,47,70,67,58,38,33,24,34,12,1,0,0,0,0,0
4,5,1,11,6,14,51,63,74,80,91,83,89,86,85,85,69,71,50,0,0,0,0,0
0,0,0,22,53,66,73,97,93,100,103,96,83,89,109,118,93,76,69,10,1,9,0,0
0,0,0,32,59,65,66,72,96,93,84,102,105,107,106,104,95,90,77,60,0,0,0,0
0,0,6,51,59,58,68,77,101,91,92,116,118,133,134,116,100,72,65,62,12,4,3,0
0,0,30,50,55,50,62,96,99,95,109,105,129,140,122,114,74,61,62,63,52,4,0,0
0,14,46,56,51,12,51,81,106,126,136,125,129,152,129,110,68,12,44,67,54,6,0,0
14,36,76,66,29,10,48,74,110,130,136,135,148,146,124,108,61,4,14,43,53,34,6,7
27,67,101,62,12,11,53,103,102,117,130,128,136,139,128,111,62,13,12,12,72,100,9,3
47,84,74,25,2,9,13,75,70,74,95,103,126,126,121,101,34,15,4,16,54,43,26,6
20,52,50,8,4,0,7,59,69,65,77,84,115,124,84,65,13,12,1,4,29,36,27,9
13,43,18,10,0,10,13,56,59,62,74,70,107,73,64,59,40,7,7,13,14,50,32,13
17,30,26,23,16,13,31,45,57,67,82,74,71,79,68,70,39,16,13,17,22,32,27,15
10,12,9,6,12,8,30,61,61,100,109,120,109,78,90,101,55,28,13,13,14,18,14,11
10,11,12,10,11,26,53,105,112,120,129,180,184,154,144,132,107,58,9,10,12,11,6,2
11,10,13,14,14,28,80,109,117,131,147,176,195,189,183,159,122,75,20,19,9,8,8,10
9,9,12,13,41,46,88,127,161,186,186,225,243,223,218,184,131,56,33,19,16,16,18,19
4,10,13,18,33,45,92,124,150,160,159,176,194,202,191,161,127,103,52,40,11,12,12,9
10,12,9,14,32,43,105,118,128,126,109,128,167,184,149,138,128,108,75,60,14,10,12,7
6,9,11,6,11,14,100,104,106,104,48,100,121,127,120,122,111,106,103,95,72,37,21,19
9,7,10,10,2,25,100,105,105,102,54,80,101,101,105,104,104,102,103,101,66,63,45,13
7,7,0,0,7,14,100,102,101,104,67,16,58,62,89,90,88,81,79,68,72,51,34,14
7,6,3,0,7,10,83,67,101,100,92,14,48,55,51,51,48,55,52,15,29,29,40,12
2,5,0,7,2,13,61,100,102,64,53,13,48,46,36,39,18,15,30,43,41,52,31,13
10,1,0,0,9,10,52,63,71,72,28,18,14,29,31,32,31,37,42,55,53,34,18,12
4,0,7,8,8,14,37,47,56,52,43,35,21,28,13,30,45,50,63,51,50,36,18,10
0,0,0,0,3,11,33,54,56,54,33,36,28,51,69,70,69,54,43,32,23,3,4,0
6,0,0,0,0,7,49,56,57,40,69,61,73,78,80,59,35,14,10,6,0,0,0,2
0,0,0,0,0,10,54,62,57,51,58,65,61,55,11,14,9,9,8,6,0,0,8,5
0,0,0,0,5,16,51,55,55,54,60,59,34,14,7,5,0,1,6,5,2,7,5,11
7,0,0,0,0,12,50,54,55,54,54,20,10,11,11,0,2,8,5,4,4,1,5,0
0,0,0,0,0,3,39,53,56,53,51,11,10,12,5,11,13,5,0,6,9,9,6,0
0,0,0,0,8,12,13,40,40,50,46,12,9,11,9,11,12,4,4,3,9,1,2,7
0,0,0,0,0,7,7,14,26,33,13,13,14,14,10,4,3,8,3,10,5,7,5,1
0,0,0,0,4,7,6,16,47,26,16,11,8,0,2,5,10,8,2,5,8,2,0,0
0,0,0,0,0,7,10,21,32,43,11,4,11,10,5,0,0,0,1,11,8,0,9,0
3,0,0,0,7,10,13,28,50,45,33,14,14,12,12,6,1,6,9,3,9,5,2,10
2,5,0,5,9,7,13,24,53,76,55,52,45,20,18,13,7,6,7,0,9,12,7,0
3,0,0,10,10,6,10,14,50,70,50,17,13,13,9,4,4,3,0,11,13,3,10,6

0,0,0,0,0,0,0,0,9,13,10,7,16,8,0,10,0,5,0,0,0,2,0,0
12,0,0,0,0,2,0,13,58,71,116,110,60,13,8,0,0,0,0,0,0,3,0,0
2,0,0,0,1,2,13,47,75,135,153,133,106,63,13,7,0,0,0,0,0,0,0,0
2,2,0,0,0,5,11,10,85,113,116,122,102,63,45,5,0,0,5,0,0,0,0,0
0,0,0,0,0,0,0,5,12,66,76,85,92,53,11,15,9,0,0,2,0,0,0,0
0,3,5,1,12,4,10,17,19,47,69,67,58,38,33,24,34,12,1,0,0,0,0,0
4,5,1,11,6,14,51,63,74,80,91,82,89,85,85,85,69,71,50,0,0,0,0,0
0,0,0,22,53,66,73,97,93,100,103,96,83,89,109,119,93,76,69,10,1,9,0,0
0,0,0,33,59,65,66,72,96,93,85,103,104,107,107,104,95,90,77,60,0,0,0,0
0,0,6,51,59,58,68,77,101,91,91,116,118,133,134,117,100,72,65,62,12,4,3,0
0,0,30,50,55,50,62,96,100,95,109,105,129,140,122,114,74,61,62,63,52,4,0,0
0,14,45,56,52,12,51,81,106,125,135,124,129,152,129,110,68,12,43,67,54,6,0,0
14,36,77,66,29,10,47,74,110,129,136,135,148,146,125,108,61,4,14,43,53,34,6,7
27,67,101,62,12,11,54,103,102,117,130,128,136,139,129,111,63,13,12,12,72,100,9,3
46,84,75,25,2,10,13,76,70,73,95,104,126,127,121,102,35,15,4,15,54,43,26,6
19,52,50,8,4,0,7,59,69,64,76,84,115,124,85,65,13,12,0,4,28,36,27,9
13,44,17,10,0,10,13,55,59,62,73,70,107,73,64,59,40,7,7,13,14,50,32,13
17,30,27,23,17,13,31,45,57,66,82,73,71,79,69,70,39,16,13,17,21,32,27,15
10,12,9,6,12,8,29,60,60,98,108,120,110,78,90,101,55,28,13,12,14,18,14,11
10,11,12,10,11,25,53,104,111,118,127,180,184,154,144,132,107,58,9,10,12,11,6,2
12,10,13,14,14,28,78,108,115,128,145,175,193,187,182,158,122,75,20,19,9,8,8,10
9,9,12,13,40,46,87,126,159,183,182,221,240,221,217,183,130,56,33,18,16,16,18,19
4,10,13,18,33,45,91,124,149,157,156,173,192,202,189,160,126,103,52,40,11,12,12,9
10,12,8,14,29,44,106,118,128,125,108,127,166,182,149,138,128,108,75,61,14,10,12,7
6,9,11,6,11,14,100,105,106,104,41,100,121,126,119,122,111,106,103,96,73,37,21,19
9,7,10,10,1,26,101,106,106,103,58,78,101,101,105,104,104,103,103,101,66,64,46,13
7,7,0,0,7,14,101,103,102,104,77,14,57,61,91,89,89,80,79,68,72,51,35,14
7,6,3,0,8,11,88,70,102,101,98,17,48,54,51,52,47,52,52,16,29,31,41,12
2,5,0,7,3,14,63,101,103,67,55,13,49,45,35,38,16,16,29,42,41,53,32,13
10,0,0,0,10,10,53,65,75,78,30,19,14,29,31,31,31,37,42,56,53,35,19,12
4,0,7,8,8,14,37,49,59,55,45,35,21,28,13,30,45,51,63,52,50,37,18,11
0,0,0,0,2,11,23,54,60,60,55,39,29,51,69,71,69,55,43,32,23,3,4,0
6,0,0,0,0,7,39,55,59,50,72,61,73,79,80,59,37,14,10,6,0,0,0,2
0,0,0,0,0,8,53,63,58,51,58,66,61,55,11,14,9,9,8,6,0,0,8,5
0,0,0,0,5,14,51,56,56,54,61,59,34,17,7,5,0,1,6,5,2,7,5,11
6,0,0,0,0,11,50,56,58,55,54,25,11,11,11,0,2,8,5,4,4,1,5,0
0,0,0,0,0,4,40,55,60,54,52,11,10,12,6,11,13,5,0,6,9,9,6,0
0,0,0,0,9,13,14,44,48,51,50,12,10,11,9,11,12,4,4,3,10,1,2,7
0,0,0,0,0,7,7,15,32,35,14,13,14,14,10,4,4,8,4,10,5,7,5,1
0,0,0,0,4,7,6,18,50,25,17,11,8,0,2,5,10,8,2,5,8,2,0,0
0,0,0,0,0,7,10,22,35,38,11,5,11,10,6,0,0,0,1,11,8,0,9,0
3,0,0,0,7,10,13,22,50,35,17,13,13,11,11,7,1,6,9,3,9,5,2,10
2,5,0,4,9,7,11,13,51,55,52,39,23,15,17,13,6,5,6,0,10,12,7,0
3,0,0,10,10,6,10,14,50,60,30,13,11,11,7,4,4,3,0,11,13,3,10,6

0,0,0,0,0,0,0,0,9,13,10,7,15,8,0,10,0,5,0,0,0,2,0,0
12,0,0,0,0,2,0,13,58,72,117,110,60,14,8,0,0,0,0,0,0,3,0,0
2,0,0,0,1,2,13,47,75,135,153,133,106,62,13,7,0,0,0,0,0,0,0,0
2,2,0,0,0,5,12,10,85,113,116,122,102,63,45,5,0,0,5,0,0,0,0,0
0,0,0,0,0,0,0,6,12,66,75,86,93,53,11,15,9,0,0,2,0,0,0,0
0,3,5,1,12,4,10,18,19,47,69,67,58,38,34,24,34,12,1,0,0,0,0,0
4,5,1,11,6,14,51,63,74,80,91,82,89,85,85,85,69,71,50,0,0,0,0,0
0,0,0,22,53,66,73,97,93,100,103,96,83,89,109,119,93,76,69,10,1,9,0,0
0,0,0,33,60,65,66,72,96,93,84,103,104,106,107,104,95,90,77,60,0,0,0,0
0,0,6,51,59,58,68,77,101,91,91,116,117,133,135,117,100,72,65,62,12,4,3,0
0,0,30,50,55,50,62,96,100,95,109,105,129,140,123,114,75,61,62,63,52,4,0,0
0,14,46,56,52,12,51,81,106,125,135,125,130,153,129,110,68,12,43,67,54,6,0,0
14,36,77,67,29,10,47,74,110,129,136,136,148,146,125,108,61,4,14,43,53,34,6,7
26,67,101,62,12,11,54,103,103,117,130,128,137,140,129,111,63,13,12,12,72,100,9,3
47,84,75,25,2,9,13,76,70,73,95,104,126,126,121,102,35,16,4,16,54,44,27,6
19,52,50,8,3,0,7,59,69,64,76,84,114,124,84,65,13,12,0,4,29,36,27,9
13,44,18,9,0,10,13,54,59,62,73,70,107,72,64,59,40,6,7,13,14,51,31,13
17,30,27,23,16,13,31,45,56,66,81,73,71,79,68,70,39,16,13,17,22,32,27,15
10,12,9,6,12,8,27,59,60,98,108,120,110,78,90,101,54,28,13,13,14,18,14,11
10,11,12,10,11,25,53,104,111,118,127,180,185,154,144,132,107,59,9,10,12,11,6,2
12,10,13,14,14,27,77,108,115,128,145,175,193,187,182,159,122,76,20,19,9,8,8,10
9,9,12,13,40,46,86,126,159,183,181,221,240,221,217,183,131,56,33,19,16,16,18,19
4,10,13,17,32,44,88,124,149,158,155,172,192,201,190,160,126,103,52,40,11,12,12,9
10,12,8,14,31,43,105,118,128,125,108,127,165,182,149,138,128,109,76,62,14,10,12,7
6,9,11,6,11,13,100,105,106,104,39,100,121,126,119,122,111,106,103,96,73,37,21,19
8,7,10,10,1,26,101,106,106,103,58,80,101,101,105,104,104,103,103,101,66,64,46,13
7,7,0,0,7,14,101,103,102,104,78,16,58,63,89,89,88,81,79,68,72,51,35,14
7,6,3,0,8,11,87,70,102,101,99,20,48,55,51,51,47,53,52,15,30,30,43,12
2,4,0,7,3,14,63,101,103,67,55,13,48,47,37,40,17,16,29,43,41,53,32,13
10,0,0,0,10,10,53,65,74,77,31,20,14,29,31,32,32,37,42,56,53,35,19,12
4,0,7,8,8,14,35,48,59,55,46,35,21,28,13,31,45,51,64,51,50,37,18,11
0,0,0,0,2,10,14,53,60,59,54,39,29,51,70,71,69,55,44,32,23,3,4,0
6,0,0,0,0,6,26,53,57,49,72,61,73,79,81,59,38,14,10,6,0,0,0,2
0,0,0,0,0,5,51,62,57,51,58,65,61,55,10,14,9,9,8,6,0,0,8,5
0,0,0,0,5,13,49,55,56,54,61,59,34,15,7,5,0,1,6,5,2,7,5,11
7,0,0,0,0,10,50,56,60,55,54,25,11,11,11,0,2,8,5,4,4,1,5,0
0,0,0,0,0,4,41,56,61,54,52,11,10,12,6,11,13,5,0,6,9,9,6,0
0,0,0,0,9,13,14,47,50,51,50,12,11,12,9,11,12,4,4,3,10,1,2,7
0,0,0,0,0,8,8,18,39,37,14,13,14,14,10,4,4,8,4,10,5,7,5,1
0,0,0,0,5,7,7,26,52,27,17,11,8,0,2,5,10,8,2,5,8,2,0,0
0,0,0,0,0,7,10,26,41,39,12,4,10,10,6,0,0,0,1,11,8,0,10,0
3,0,0,0,8,10,13,22,52,37,14,12,13,11,11,6,1,6,9,3,9,5,2,10
2,5,0,3,9,7,11,13,51,53,51,30,16,14,17,12,6,5,6,0,9,12,7,0
3,0,0,10,10,6,10,14,52,58,20,12,11,11,7,4,4,3,0,11,13,3,10,6

0,0,0,0,0,0,0,0,9,13,10,8,16,8,0,10,0,5,0,0,0,2,0,0
11,0,0,0,0,2,0,13,58,72,117,110,60,13,8,0,0,0,0,0,0,3,0,0
2,0,0,0,1,2,13,47,75,135,153,133,106,63,13,7,0,0,0,0,0,0,0,0
2,2,0,0,0,5,11,10,85,112,116,122,102,63,43,5,0,0,5,0,0,0,0,0
0,0,0,0,0,0,0,6,12,66,76,85,93,53,11,15,9,0,0,2,0,0,0,0
0,3,5,1,12,4,10,18,19,47,69,67,58,38,33,24,33,12,1,0,0,0,0,0
4,5,1,11,6,14,51,63,74,80,91,82,89,85,85,85,69,70,50,0,0,0,0,0
0,0,0,23,53,66,73,97,93,100,103,96,82,89,109,118,93,76,69,10,1,9,0,0
0,0,0,32,60,65,67,72,96,93,84,103,104,106,107,104,95,90,77,60,0,0,0,0
0,0,6,51,59,58,68,77,101,91,91,116,117,133,135,117,100,72,65,62,12,4,3,0
0,0,30,50,55,50,62,96,100,95,109,105,129,141,123,114,75,61,62,63,52,4,0,0
0,14,45,56,52,12,51,81,106,125,136,125,130,153,130,111,68,12,44,67,54,6,0,0
14,37,77,66,29,10,47,75,110,130,136,136,149,147,126,108,61,4,14,43,53,34,6,7
27,67,101,61,12,11,54,103,103,118,130,129,137,140,129,111,64,13,12,13,72,100,9,3
48,84,75,27,2,10,13,77,70,74,95,104,126,126,121,102,36,16,4,16,54,44,26,7
18,52,50,8,3,0,7,59,69,64,76,84,114,123,84,65,13,12,1,4,28,36,28,9
13,43,18,10,0,10,13,54,59,62,73,70,106,72,64,59,39,6,7,13,14,50,32,13
17,30,27,23,15,13,31,45,56,66,81,73,70,79,68,70,39,16,13,17,22,32,27,15
10,12,9,6,12,8,29,60,61,99,108,120,109,78,90,101,55,28,13,13,14,18,14,11
10,11,12,10,11,24,53,104,111,118,127,180,184,154,144,132,107,59,9,10,12,11,6,2
12,10,12,14,14,27,78,108,115,128,146,175,193,187,183,159,122,76,20,19,9,9,8,10
9,9,12,13,40,46,86,125,159,183,182,222,241,221,217,184,131,56,33,19,16,16,18,19
4,10,13,17,33,45,89,124,149,158,157,174,193,202,191,161,126,103,52,40,11,13,12,9
10,12,8,14,29,44,105,118,128,126,108,128,166,183,149,138,129,109,76,61,14,10,12,7
6,9,11,6,11,13,100,105,106,104,39,100,121,126,119,122,111,106,103,96,73,38,22,20
8,7,10,10,1,25,100,105,106,103,55,76,101,101,105,104,104,103,103,101,66,64,46,13
7,7,0,0,7,14,101,103,102,104,75,14,58,62,91,90,89,81,81,68,72,52,35,14
7,6,3,0,8,11,86,69,102,101,96,15,48,54,50,52,47,53,52,16,29,31,42,12
2,4,0,7,3,14,63,101,103,67,55,13,50,48,35,43,18,16,30,43,41,53,32,14
10,0,0,0,10,10,53,65,74,76,28,19,14,29,31,32,32,37,42,56,53,35,20,12
4,0,7,8,8,14,38,50,59,55,45,34,21,27,13,30,45,51,63,52,50,37,19,11
0,0,0,0,3,11,27,54,60,58,51,38,29,51,70,71,69,55,44,32,23,3,4,0
6,0,0,0,0,7,50,57,59,46,70,61,73,78,80,59,38,14,10,6,0,0,0,2
0,0,0,0,0,9,54,63,58,51,58,65,60,55,10,14,9,9,8,6,0,0,8,5
0,0,0,0,5,14,51,55,56,54,60,59,33,15,7,6,0,1,7,5,2,7,5,11
6,0,0,0,0,11,50,55,57,54,54,21,10,11,12,0,3,8,5,4,4,1,5,0
0,0,0,0,0,4,38,54,58,53,52,11,10,12,6,11,13,6,0,6,9,9,6,0
0,0,0,0,9,12,14,41,43,50,49,12,10,11,9,11,12,4,4,3,10,1,2,7
0,0,0,0,0,7,6,13,24,28,13,13,14,14,10,4,3,8,3,10,5,7,5,1
0,0,0,0,4,6,5,13,44,20,14,11,8,0,2,4,9,8,2,5,8,2,0,0
0,0,0,0,0,6,10,16,31,32,10,2,10,9,4,0,0,0,1,11,7,0,9,0
3,0,0,0,7,10,13,14,47,28,14,12,12,11,10,5,0,5,9,3,9,5,2,10
2,5,0,4,9,7,12,19,52,56,52,43,32,17,17,13,6,5,6,0,9,12,7,0
3,0,0,10,10,6,11,14,54,65,30,13,12,12,8,4,4,3,0,11,13,3,10,6

0,0,0,0,0,0,0,0,9,13,10,7,16,8,0,10,0,5,0,0,0,2,0,0
11,0,0,0,0,2,0,13,58,71,116,109,60,14,8,0,0,0,0,0,0,3,0,0
2,0,0,0,1,2,13,47,75,135,153,134,106,63,13,7,0,0,0,0,0,0,0,0
2,2,0,0,0,5,11,10,86,113,116,122,102,63,45,5,0,0,5,0,0,0,0,0
0,0,0,0,0,0,0,6,12,66,76,85,93,53,11,14,9,0,0,2,0,0,0,0
0,3,5,1,12,4,10,17,18,47,69,67,58,38,33,23,31,11,1,0,0,0,0,0
4,5,1,11,6,14,51,63,74,80,91,82,89,85,84,84,68,70,50,0,0,0,0,0
0,0,0,22,53,66,73,97,93,100,103,96,82,89,108,118,93,76,69,9,1,9,0,0
0,0,0,32,60,65,67,72,96,93,84,102,104,106,107,104,95,90,77,60,0,0,0,0
0,0,6,51,59,58,68,77,102,91,91,116,117,133,135,118,100,72,65,62,12,4,3,0
0,0,30,50,55,50,62,97,100,95,109,105,129,141,124,115,75,61,62,63,52,4,0,0
0,14,46,56,52,13,51,81,106,126,136,126,130,154,130,111,69,12,44,67,54,6,0,0
14,37,77,67,29,11,48,75,110,130,137,136,149,147,126,108,62,4,14,43,53,34,6,7
27,67,101,62,12,11,54,103,103,118,130,128,137,140,129,111,64,13,12,13,72,100,9,3
48,84,76,27,2,10,13,78,70,73,95,103,126,126,121,102,36,16,4,16,54,44,27,7
18,52,50,8,3,0,6,58,68,64,75,83,113,123,85,64,13,12,0,4,29,37,28,9
13,44,19,9,0,10,13,54,59,62,73,69,106,72,64,59,37,7,7,13,14,50,32,13
17,30,27,23,15,13,31,44,56,66,81,73,70,78,68,69,39,15,13,17,22,32,27,15
10,12,9,6,12,8,30,60,60,98,108,120,109,78,90,101,55,28,13,13,14,18,14,11
10,11,12,9,11,24,53,104,111,118,127,177,182,153,144,132,107,58,9,10,12,11,6,2
11,10,12,13,14,27,79,108,115,127,145,174,192,187,183,159,122,76,20,19,9,9,8,10
9,9,12,13,40,46,88,126,159,182,182,221,240,221,218,184,131,56,33,19,16,16,18,19
4,10,13,18,33,46,92,125,149,158,157,175,193,203,191,162,127,103,52,41,11,13,12,9
10,12,9,14,33,50,106,119,129,126,109,128,168,184,150,139,129,109,75,61,14,10,12,7
6,9,11,6,11,14,100,105,106,104,43,100,121,127,120,122,112,106,103,97,73,38,22,19
8,7,10,10,1,29,100,105,106,103,52,75,101,101,105,104,104,103,103,101,66,64,47,13
7,6,0,0,7,14,101,103,101,104,72,14,58,63,91,92,90,82,81,68,72,52,36,14
7,6,3,0,8,11,88,69,101,100,94,14,45,54,52,51,47,56,52,17,30,31,43,13
2,4,0,7,3,13,63,101,103,65,54,13,48,46,37,40,17,16,30,43,41,53,32,14
10,0,0,0,10,10,53,64,72,74,27,18,14,29,31,32,32,37,42,56,53,35,20,12
4,0,7,8,9,14,39,49,58,54,43,34,21,27,13,31,45,51,63,52,51,38,19,11
0,0,0,0,3,11,37,54,58,54,45,34,28,51,69,70,69,55,43,32,24,3,4,0
6,0,0,0,0,7,50,57,58,36,67,61,73,78,80,59,36,14,10,6,0,0,0,2
0,0,0,0,0,10,55,64,58,51,57,65,60,55,10,14,9,9,8,6,0,0,8,5
0,0,0,0,5,17,51,55,56,54,60,59,31,15,7,6,0,1,7,5,2,7,5,11
6,0,0,0,0,12,51,55,57,54,53,20,10,11,11,0,3,8,5,4,4,1,5,0
0,0,0,0,0,4,42,54,58,53,51,11,10,12,6,11,13,6,0,6,9,9,6,0
0,0,0,0,9,13,14,42,41,50,46,12,10,11,9,11,12,4,4,3,10,1,2,7
0,0,0,0,0,7,7,14,24,26,13,13,14,13,10,4,3,8,3,10,5,7,5,2
0,0,0,0,3,6,6,16,45,19,14,11,8,0,2,4,9,7,2,5,8,2,0,0
0,0,0,0,0,6,10,20,33,30,10,2,10,9,4,0,0,0,1,11,7,0,9,0
3,0,0,0,7,10,13,20,50,30,14,12,12,11,10,5,0,5,9,4,9,5,2,10
2,5,0,4,9,8,13,25,53,57,53,43,32,17,17,13,6,6,6,0,9,12,7,0
3,0,0,10,10,7,11,16,56,64,28,13,12,12,8,4,4,3,0,11,13,3,10,6

0,0,0,0,0,0,0,0,9,13,10,7,15,8,0,10,0,5,0,0,0,2,0,0
11,0,0,0,0,2,0,13,58,71,115,109,60,13,8,0,0,0,0,0,0,3,0,0
2,0,0,0,1,2,12,47,75,135,153,133,106,63,13,7,0,0,0,0,0,0,0,0
2,2,0,0,0,5,12,11,85,113,116,122,102,63,45,5,0,0,5,0,0,0,0,0
0,0,0,0,0,0,0,6,12,66,76,86,93,53,11,14,9,0,0,2,0,0,0,0
0,3,5,1,12,4,10,17,19,47,69,67,58,38,33,23,32,11,1,0,0,0,0,0
4,5,1,11,6,14,51,63,74,80,91,83,89,85,85,84,68,70,50,0,0,0,0,0
0,0,0,22,53,66,73,97,93,100,103,96,82,89,109,118,93,76,69,9,1,9,0,0
0,0,0,32,60,65,67,72,96,94,85,103,104,107,107,105,95,90,77,60,0,0,0,0
0,0,6,51,59,58,68,77,102,91,92,116,118,134,136,118,101,72,65,62,12,4,3,0
0,0,30,50,55,50,62,97,100,96,109,106,129,141,124,115,75,61,62,63,52,4,0,0
0,14,45,56,52,13,51,81,106,126,136,125,130,153,130,111,69,12,44,67,54,6,0,0
14,37,77,67,29,10,48,75,110,130,136,135,148,146,125,108,61,4,14,43,53,34,6,7
27,67,101,62,12,11,54,103,103,117,130,128,136,139,129,111,63,13,12,12,72,100,9,3
47,84,75,27,2,10,13,77,70,74,95,103,126,126,121,102,35,16,4,16,54,44,27,6
19,52,50,8,3,0,7,59,69,64,76,83,114,123,85,65,13,12,0,4,28,36,27,9
13,42,19,9,0,10,13,54,59,62,73,70,106,72,64,59,39,7,7,13,14,50,31,13
17,30,26,23,15,13,31,44,56,66,81,73,70,79,68,70,39,16,13,17,22,32,27,15
10,12,9,6,12,8,29,60,60,98,108,120,109,78,90,101,54,28,13,13,14,18,14,11
10,11,12,10,11,25,53,104,111,118,127,178,182,153,144,132,107,58,9,10,12,11,6,2
11,10,13,14,14,28,79,108,115,128,146,175,193,188,184,160,122,76,20,19,9,8,8,10
9,9,12,13,41,46,88,126,159,184,184,224,242,223,220,185,132,56,33,19,16,16,18,19
4,10,13,18,33,45,92,125,149,158,158,176,194,204,192,162,127,103,52,40,11,13,12,9
10,12,9,14,33,50,106,118,129,126,109,128,169,185,151,139,129,109,76,62,14,10,12,7
6,9,11,6,11,14,100,105,106,104,44,100,122,128,120,123,112,106,103,96,73,38,22,19
8,7,10,10,1,26,100,105,105,102,48,77,101,101,105,104,104,103,103,101,66,63,46,13
7,7,0,0,7,14,100,102,101,104,67,14,59,62,89,93,90,82,81,68,73,52,35,14
7,6,3,0,7,11,87,68,101,100,91,14,47,54,52,52,48,56,52,16,30,31,41,12
2,4,0,7,3,13,62,100,102,64,53,13,46,48,36,40,20,16,30,43,41,53,32,13
10,0,0,0,9,10,53,64,71,71,25,18,14,29,31,32,31,37,42,56,53,35,19,12
4,0,7,8,9,14,38,47,56,52,42,34,21,27,13,30,45,51,63,51,50,37,19,11
0,0,0,0,3,11,31,53,56,51,41,38,29,51,69,70,69,54,43,32,23,3,4,0
6,0,0,0,0,7,47,55,56,30,66,61,73,78,80,59,35,14,10,6,0,0,0,2
0,0,0,0,0,11,55,62,57,51,58,65,61,55,10,14,9,9,8,6,0,0,8,5
0,0,0,0,5,19,52,55,55,54,60,59,30,14,7,5,0,1,7,5,3,7,5,11
7,0,0,0,0,12,51,55,57,54,53,19,10,11,11,0,2,8,5,5,5,1,5,0
0,0,0,0,0,4,43,54,57,53,51,11,10,12,5,11,13,6,0,6,9,9,6,0
0,0,0,0,9,13,14,42,42,50,45,12,10,11,9,11,12,4,5,3,10,1,2,7
0,0,0,0,0,8,8,16,26,26,13,13,14,13,10,4,3,8,3,10,5,7,5,1
0,0,0,0,4,7,7,26,46,20,14,11,8,0,2,4,9,8,2,5,8,2,0,0
0,0,0,0,0,7,10,26,35,31,10,2,10,9,4,0,0,0,1,11,7,0,10,0
3,0,0,0,7,10,13,25,50,32,14,12,12,11,10,5,0,5,9,4,9,5,2,10
2,5,0,5,9,8,13,30,54,58,53,47,35,17,18,13,6,6,6,0,9,12,7,0
3,0,0,10,10,7,11,22,59,66,30,13,12,12,8,4,4,3,0,11,13,3,10,6

0,0,0,0,0,0,0,0,9,13,10,7,16,8,0,10,0,5,0,0,0,2,0,0
11,0,0,0,0,2,0,13,58,71,116,109,60,14,8,0,0,0,0,0,0,3,0,0
2,0,0,0,1,2,12,47,75,135,154,134,106,63,13,7,0,0,0,0,0,0,0,0
2,2,0,0,0,5,12,11,86,113,116,123,102,64,45,5,0,0,5,0,0,0,0,0
0,0,0,0,0,0,0,6,12,67,76,86,92,52,11,14,9,0,0,2,0,0,0,0
0,3,5,1,12,4,10,17,19,47,69,67,58,38,33,23,32,11,1,0,0,0,0,0
4,5,1,11,6,14,51,63,74,80,91,82,89,85,85,84,68,70,50,0,0,0,0,0
0,0,0,22,53,66,73,97,94,100,103,96,82,89,109,118,93,76,69,9,1,9,0,0
0,0,0,32,59,65,67,72,96,94,84,103,104,107,107,105,95,90,77,60,0,0,0,0
0,0,6,51,59,58,68,77,102,91,92,116,118,134,136,118,100,72,65,62,12,4,3,0
0,0,30,50,55,50,62,97,100,95,109,105,129,141,124,115,75,61,62,63,52,4,0,0
0,14,45,56,52,12,51,81,106,125,135,125,130,153,129,111,69,12,44,67,54,6,0,0
14,37,77,67,29,10,48,74,110,129,135,135,148,146,125,108,61,4,14,43,53,34,6,7
28,67,101,62,12,11,54,103,102,117,129,127,136,139,129,111,63,13,12,12,72,100,9,3
46,84,75,25,2,9,13,76,70,74,94,103,126,126,121,102,35,16,4,16,54,44,26,6
20,52,50,8,4,0,7,60,69,65,76,84,115,124,85,65,13,12,0,4,29,36,28,9
13,43,19,9,0,10,13,55,59,62,73,70,107,72,64,59,40,7,7,13,14,50,32,13
17,30,26,23,15,13,31,45,57,66,82,73,70,79,68,70,39,16,13,17,22,32,27,15
10,12,9,6,12,8,30,60,61,99,108,120,109,78,90,101,55,28,13,13,14,18,14,11
10,11,12,10,11,25,53,104,111,119,127,178,182,153,144,132,107,58,9,10,12,11,6,2
11,10,13,14,14,28,79,108,115,129,146,176,194,188,184,160,122,76,21,19,9,9,8,10
9,9,12,13,41,46,88,126,160,185,185,225,243,224,220,186,132,56,33,19,16,16,19,19
4,10,13,18,33,45,92,124,149,159,159,176,195,204,193,163,127,103,52,41,11,13,12,9
10,12,8,14,31,50,106,118,128,126,109,129,169,186,151,139,129,109,75,61,14,10,12,7
6,9,10,6,11,14,100,105,106,104,45,100,122,128,120,123,112,106,103,96,73,37,22,19
9,7,10,10,1,28,100,105,105,102,47,78,101,101,105,104,104,103,103,101,66,64,46,13
7,7,0,0,7,14,100,102,101,104,65,14,58,62,89,93,89,82,80,69,72,52,35,14
7,6,3,0,7,11,86,68,101,100,92,14,48,55,52,52,48,57,53,16,33,30,42,12
2,4,0,7,3,13,61,100,102,64,52,13,47,46,36,40,20,16,30,43,41,53,32,13
10,0,0,0,9,10,52,63,71,70,25,18,14,29,31,32,31,37,42,56,53,35,19,12
4,0,7,8,8,14,37,47,56,52,42,33,21,27,13,30,45,51,63,51,50,37,18,11
0,0,0,0,3,10,27,53,56,51,43,36,28,51,69,70,69,55,43,32,23,3,4,0
6,0,0,0,0,7,45,55,56,31,66,61,73,78,80,59,35,14,10,6,0,0,0,2
0,0,0,0,0,10,55,62,57,51,58,65,61,55,10,14,9,9,8,6,0,0,8,5
0,0,0,0,5,18,51,55,55,54,60,59,31,14,7,5,0,1,7,5,2,7,5,11
7,0,0,0,0,12,51,55,57,54,53,18,10,11,11,0,2,8,5,5,5,1,5,0
0,0,0,0,0,4,43,54,57,53,51,11,10,12,5,11,13,6,0,6,9,9,6,0
0,0,0,0,9,13,14,43,41,50,45,12,10,11,9,11,12,4,4,3,10,1,2,7
0,0,0,0,0,8,8,16,26,26,13,13,14,13,10,4,3,8,3,10,5,7,5,1
0,0,0,0,4,7,7,27,47,20,14,11,8,0,2,4,9,7,2,5,8,2,0,0
0,0,0,0,0,7,11,27,35,32,10,2,10,9,4,0,0,0,1,11,7,0,9,0
3,0,0,0,8,10,13,26,50,32,14,12,12,11,11,5,0,5,9,4,9,5,2,10
2,5,0,5,9,8,14,31,54,58,53,50,36,18,18,13,6,6,7,0,9,12,7,0
3,0,0,10,10,6,11,23,60,67,32,13,12,12,8,4,4,3,0,11,13,3,10,6

0,0,0,0,0,0,0,0,9,13,10,7,15,8,0,10,0,5,0,0,0,2,0,0
12,0,0,0,0,2,0,13,58,71,115,109,59,14,8,0,0,0,0,0,0,3,0,0
2,0,0,0,1,2,12,47,75,135,154,134,106,63,13,7,0,0,0,0,0,0,0,0
2,2,0,0,0,5,12,11,86,113,116,123,102,64,46,5,0,0,5,0,0,0,0,0
0,0,0,0,0,0,0,6,12,66,76,86,93,53,11,14,9,0,0,2,0,0,0,0
0,3,5,1,12,4,10,17,18,47,69,68,58,38,33,23,32,11,1,0,0,0,0,0
4,5,1,11,6,14,51,63,74,80,91,82,89,85,84,84,68,70,50,0,0,0,0,0
0,0,0,22,53,66,73,97,93,100,103,96,82,89,108,118,93,76,69,9,1,9,0,0
0,0,0,32,59,65,67,72,96,94,85,103,104,106,106,104,95,90,77,60,0,0,0,0
0,0,6,51,59,59,68,77,102,91,92,116,118,133,135,118,100,72,65,62,12,4,3,0
0,0,30,50,55,50,62,97,100,95,109,105,129,140,123,114,75,61,62,63,52,4,0,0
0,14,46,56,52,12,51,81,106,125,135,125,129,152,129,110,68,12,44,67,54,6,0,0
14,36,77,67,29,10,48,74,110,129,135,135,148,146,125,108,61,4,14,43,53,34,6,7
28,67,101,62,12,11,54,103,102,117,129,127,136,139,129,111,64,13,12,12,72,100,9,3
46,84,75,27,2,9,13,76,70,73,94,103,126,126,121,102,36,16,4,15,54,44,27,7
19,52,50,8,4,0,7,59,69,64,76,84,114,124,85,65,13,12,0,4,28,37,28,9
13,43,18,9,0,10,13,55,59,62,73,70,107,73,64,59,40,7,7,13,14,50,31,13
17,30,27,23,15,13,31,45,56,66,81,73,71,79,68,70,39,16,13,17,22,32,27,15
10,12,9,6,12,8,29,60,61,99,108,120,109,78,90,101,55,28,13,13,14,18,14,11
10,11,12,10,11,26,53,104,111,119,127,178,182,154,144,132,107,58,9,10,12,11,6,2
12,10,13,14,14,28,79,108,115,129,146,175,194,189,184,160,123,76,21,19,9,9,8,10
9,9,12,13,41,46,88,126,159,185,185,226,244,224,221,187,132,56,33,19,16,16,19,19
4,10,13,18,33,45,92,124,149,159,159,177,195,205,193,163,127,103,52,40,11,13,12,9
10,12,9,14,31,50,106,118,128,126,109,129,170,186,151,139,129,109,75,61,14,10,12,7
6,9,11,6,11,14,100,104,106,104,44,100,122,128,120,122,112,106,103,96,73,38,22,19
8,7,10,10,1,26,100,105,105,102,47,78,101,101,105,104,104,103,103,101,66,64,46,13
7,7,0,0,7,14,100,102,101,104,65,14,58,62,89,92,89,82,81,68,73,52,35,14
7,6,3,0,6,11,86,67,101,100,90,14,48,55,51,52,48,56,52,16,30,30,42,12
2,4,0,7,2,13,62,100,102,64,53,13,46,46,37,40,18,16,30,43,41,53,32,13
10,0,0,0,9,10,52,63,71,70,25,18,14,29,31,32,31,37,42,56,53,35,19,12
4,0,7,8,8,14,38,47,56,52,42,33,21,28,13,30,45,51,63,51,50,36,19,11
0,0,0,0,3,10,27,53,56,51,40,35,29,51,69,70,69,55,43,32,23,3,4,0
6,0,0,0,0,7,46,55,56,31,66,61,73,78,80,59,36,14,10,6,0,0,0,2
0,0,0,0,0,10,55,62,57,51,58,65,60,54,10,14,9,9,8,6,0,0,8,5
0,0,0,0,5,18,52,55,55,54,60,59,30,14,7,5,0,1,7,5,2,7,5,11
6,0,0,0,0,12,51,55,57,54,53,18,10,11,11,0,2,8,5,5,5,1,5,0
0,0,0,0,0,4,43,54,57,53,51,11,10,12,5,11,13,6,0,6,9,9,6,0
0,0,0,0,9,13,14,42,42,50,45,12,10,11,9,11,12,4,4,3,10,1,2,7
0,0,0,0,0,8,8,16,26,27,12,13,14,13,10,4,3,8,3,10,5,7,5,2
0,0,0,0,4,7,7,29,47,20,14,11,8,0,2,4,9,8,2,5,8,2,0,0
0,0,0,0,0,7,11,27,35,32,10,2,10,9,4,0,0,0,1,11,8,0,10,0
3,0,0,0,7,11,13,28,50,32,15,12,12,11,11,5,0,6,9,4,9,5,2,10
2,5,0,5,9,8,14,32,54,58,53,48,36,17,18,13,6,6,7,0,10,12,7,0
3,0,0,10,10,6,11,23,60,67,32,13,12,12,8,4,4,3,0,11,13,3,10,6

0,0,0,0,0,0,0,0,9,13,10,7,16,8,0,10,0,5,0,0,0,2,0,0
11,0,0,0,0,2,0,13,58,71,116,109,60,14,8,0,0,0,0,0,0,3,0,0
2,0,0,0,1,2,12,47,75,135,154,134,106,63,13,7,0,0,0,0,0,0,0,0
2,2,0,0,0,5,12,11,86,113,116,123,102,63,45,5,0,0,5,0,0,0,0,0
0,0,0,0,0,0,0,6,12,66,76,86,93,53,11,14,9,0,0,2,0,0,0,0
0,3,5,1,12,5,10,17,19,47,69,68,58,38,33,23,32,11,1,0,0,0,0,0
4,5,1,11,6,14,51,63,74,80,91,82,89,85,85,84,68,70,50,0,0,0,0,0
0,0,0,22,53,66,73,97,93,100,103,96,82,89,109,118,93,76,69,9,1,9,0,0
0,0,0,32,60,65,66,72,96,93,84,103,104,106,106,104,95,90,77,60,0,0,0,0
0,0,6,51,59,58,68,77,102,91,92,116,118,133,135,117,100,72,65,62,12,4,3,0
0,0,30,50,55,50,62,97,100,95,109,105,129,140,123,115,75,61,62,63,52,4,0,0
0,14,46,56,52,13,51,81,106,125,135,125,129,153,130,111,69,12,44,68,54,6,0,0
14,37,76,68,29,10,48,75,110,129,136,135,148,146,125,108,61,4,14,43,53,34,6,7
27,67,101,62,12,11,54,103,103,117,129,127,136,139,129,111,64,13,12,12,72,100,9,3
48,85,75,27,2,10,13,76,70,73,94,103,126,126,121,102,36,16,4,16,54,44,27,7
19,52,50,8,4,0,7,59,69,64,76,83,114,124,85,65,13,12,0,4,28,37,27,9
13,43,18,9,0,10,13,55,59,62,73,70,106,72,64,59,40,7,7,13,14,50,31,13
17,30,27,23,15,13,31,45,56,66,81,73,70,79,68,70,39,16,13,17,22,32,27,15
10,12,9,6,12,8,30,60,61,99,108,120,109,78,90,101,55,28,13,13,14,18,14,11
10,11,12,10,11,26,53,104,111,119,127,178,182,154,144,132,107,58,9,10,12,11,6,2
11,10,13,14,14,28,79,108,115,129,146,176,194,189,184,160,123,76,21,19,9,8,8,10
9,9,12,13,40,46,87,126,159,185,185,225,243,224,220,186,132,57,33,19,16,16,18,19
4,10,13,18,33,45,91,124,149,159,159,177,195,204,193,163,127,103,52,41,11,13,12,9
10,12,9,14,32,48,106,118,128,126,109,129,169,186,151,139,129,109,76,61,14,10,12,7
6,9,11,6,11,14,100,104,106,104,44,100,122,128,120,122,112,106,103,96,73,37,22,20
8,7,10,9,1,26,100,105,105,102,47,77,101,101,105,104,104,103,103,101,66,64,46,13
7,7,0,0,7,14,100,102,101,104,65,14,58,63,91,93,91,82,80,69,74,52,35,14
7,6,3,0,6,11,86,67,101,100,90,14,47,54,52,52,48,56,53,17,30,31,41,12
2,4,0,7,3,12,61,100,102,64,52,13,47,48,36,41,20,16,30,43,41,53,32,13
10,0,0,0,9,9,53,63,71,70,24,18,14,29,31,32,31,37,42,56,53,35,19,12
4,0,7,8,8,14,37,47,56,52,42,33,21,27,13,30,45,51,63,52,51,37,19,11
0,0,0,0,3,10,27,53,56,51,40,34,29,51,69,70,69,54,43,32,23,3,4,0
6,0,0,0,0,7,45,55,56,32,66,61,73,78,80,59,35,14,10,6,0,0,0,2
0,0,0,0,0,10,55,62,57,51,58,65,60,54,10,14,9,9,8,6,0,0,8,5
0,0,0,0,5,18,51,55,55,54,60,59,31,14,7,5,0,1,7,5,2,7,5,11
6,0,0,0,0,12,51,55,56,54,53,17,10,11,11,0,2,8,5,5,5,1,5,0
0,0,0,0,0,4,42,54,57,53,51,11,10,12,5,11,13,6,0,6,9,9,6,0
0,0,0,0,9,13,14,42,43,50,44,12,10,11,8,11,12,4,4,3,10,1,2,7
0,0,0,0,0,8,8,17,26,26,13,13,14,13,10,4,3,8,3,10,5,7,5,2
0,0,0,0,4,7,7,29,48,20,14,11,8,0,2,4,9,8,2,5,8,2,0,0
0,0,0,0,0,7,11,28,35,32,10,2,10,9,4,0,0,0,1,11,8,0,10,0
3,0,0,0,8,11,13,28,50,33,15,12,12,11,11,5,0,6,9,4,9,5,2,10
2,5,0,5,9,7,14,33,54,58,53,50,37,18,18,13,6,6,7,0,10,12,7,0
3,0,0,10,10,6,11,22,60,67,32,13,12,12,8,4,4,3,0,11,13,3,10,6
0,0,2,0,0,0,5,0,10,0,8,15,7,10,13,9,0,0,0,0,0,0,0,0
0,0,3,0,0,0,0,0,0,8,13,60,109,116,71,58,13,0,2,0,0,0,0,11
0,0,0,0,0,0,0,0,7,13,63,106,133,153,135,75,47,13,2,1,0,0,0,2
0,0,0,0,0,5,0,0,5,43,63,102,122,116,113,86,11,11,5,0,0,0,2,2
0,0,0,0,2,0,0,8,14,10,53,93,85,76,67,12,6,0,0,0,0,0,0,0
0,0,0,0,0,1,11,31,22,32,38,57,67,69,47,18,17,10,4,12,1,5,3,0
0,0,0,0,0,50,69,68,84,84,85,88,82,91,80,74,63,51,14,6,11,1,5,4
0,0,9,1,9,68,76,92,117,108,88,82,95,103,100,93,97,73,66,53,22,0,0,0
0,0,0,0,60,77,90,94,104,106,106,104,103,85,94,96,72,67,65,60,32,0,0,0
0,3,4,12,62,64,72,100,117,135,133,118,117,92,91,102,77,68,58,59,51,6,0,0
0,0,4,52,63,62,61,75,115,124,141,130,106,110,96,100,97,62,50,55,50,31,0,0
0,0,6,54,67,44,12,69,111,130,154,130,126,136,126,106,81,51,13,51,56,45,14,0
7,6,34,53,43,14,4,61,108,126,146,148,136,137,130,110,75,48,11,30,66,76,37,14
3,9,100,72,12,12,13,64,111,129,139,136,128,130,118,103,103,54,11,12,62,101,67,27
6,26,43,54,16,4,15,36,102,121,126,125,103,95,74,70,77,13,10,2,25,75,84,48
9,27,36,28,4,0,12,13,65,85,123,113,83,76,64,69,59,7,0,4,8,50,52,18
13,31,50,14,13,7,6,39,59,64,72,106,69,73,62,59,55,13,11,0,10,17,44,13
15,27,32,22,17,13,16,39,70,68,78,70,72,81,66,56,45,31,14,18,23,26,30,17
11,14,18,14,13,13,28,55,101,90,78,109,120,108,100,61,60,31,9,12,6,9,12,10
2,6,11,12,10,9,58,107,131,144,153,183,180,129,120,113,105,53,26,12,10,12,11,10
10,8,8,9,19,20,75,122,159,183,188,195,177,148,131,117,110,80,28,14,14,13,10,12
19,18,16,16,18,33,56,131,184,218,223,243,226,188,187,162,128,90,47,41,14,12,9,9
9,12,12,11,40,52,103,126,161,191,203,194,176,159,161,150,125,94,45,34,18,13,10,4
7,12,10,14,57,75,108,128,139,150,184,168,128,109,127,129,118,105,37,29,14,9,12,10
19,21,36,71,95,103,106,111,122,120,127,121,100,47,104,106,104,100,13,11,7,11,10,7
13,44,62,65,101,102,103,104,104,105,101,101,81,51,102,105,105,100,23,2,10,10,8,9
13,33,50,71,67,79,81,88,92,92,61,58,15,65,104,101,102,100,13,7,0,0,8,7
11,36,27,27,14,52,55,47,51,51,54,50,14,90,100,101,67,82,10,6,0,4,6,7
13,31,52,41,43,29,14,17,39,35,48,48,13,53,64,102,100,60,13,2,7,0,6,2
12,16,34,52,55,41,36,31,32,31,29,14,18,27,71,71,63,51,10,9,0,0,2,11
10,17,34,50,51,63,51,44,30,13,27,21,35,42,52,56,46,35,14,8,8,7,0,4
0,4,3,23,32,42,54,69,70,69,51,28,38,36,53,56,53,29,11,3,0,0,0,0
2,0,0,0,6,10,14,34,59,80,78,74,61,70,37,57,55,43,7,0,0,0,0,6
5,8,0,0,5,8,9,9,14,11,55,61,66,58,51,57,61,54,9,0,0,0,0,0
11,5,7,2,5,6,1,0,5,8,16,33,59,61,54,55,54,51,14,5,0,0,0,0
0,5,1,4,4,5,8,2,0,11,11,10,19,54,54,55,53,50,11,0,0,0,0,7
0,6,9,9,6,0,6,13,11,5,12,10,11,51,53,56,52,36,3,0,0,0,0,0
7,2,1,9,3,4,4,12,11,9,11,9,12,47,50,39,39,13,12,8,0,0,0,0
1,5,7,5,10,3,8,3,4,10,14,14,13,13,31,24,14,6,7,0,0,0,0,0
0,0,2,8,5,2,8,9,5,0,0,8,11,15,25,45,14,6,7,4,0,0,0,0
0,9,0,8,11,0,0,0,0,5,10,10,3,11,41,31,20,10,7,0,0,0,0,0
10,2,5,9,3,9,5,1,6,11,12,14,14,30,42,50,25,13,10,7,0,0,0,3
0,7,12,9,0,7,6,6,13,18,20,45,52,56,79,53,24,13,7,9,5,0,5,2
6,10,3,13,11,0,3,4,4,9,13,13,18,50,69,50,14,10,7,10,10,0,0,3

0,0,2,0,0,0,5,0,10,0,8,15,7,10,13,9,0,0,0,0,0,0,0,0
0,0,3,0,0,0,0,0,0,8,14,60,109,116,71,58,13,0,2,0,0,0,0,11
0,0,0,0,0,0,0,0,7,13,63,106,133,153,135,75,47,12,2,1,0,0,0,2
0,0,0,0,0,5,0,0,5,45,63,102,122,116,113,85,10,11,5,0,0,0,2,2
0,0,0,0,2,0,0,8,14,10,53,93,85,76,66,12,5,0,0,0,0,0,0,0
0,0,0,0,0,1,11,31,22,33,38,57,67,69,47,18,18,10,4,12,1,5,3,0
0,0,0,0,0,50,69,68,84,84,85,88,82,91,80,74,63,51,14,6,11,1,5,4
0,0,9,1,9,68,76,92,117,108,88,82,95,103,100,93,97,73,66,53,24,0,0,0
0,0,0,0,60,77,89,94,104,106,106,104,103,84,93,96,72,67,65,60,33,0,0,0
0,3,4,12,62,64,72,100,118,135,134,118,117,92,91,102,77,68,58,59,51,6,0,0
0,0,4,52,63,62,61,75,115,124,142,130,107,111,96,101,97,62,50,55,50,30,0,0
0,0,6,54,67,44,12,69,111,130,154,131,126,138,127,107,82,51,13,51,56,45,14,0
7,6,33,53,43,14,4,61,108,126,147,149,137,137,131,111,75,48,10,29,66,77,36,14
3,9,100,72,12,12,13,63,111,129,140,136,128,131,118,103,103,55,11,12,62,101,67,28
6,26,43,54,16,4,15,35,102,121,126,125,103,95,74,70,77,13,10,2,25,75,85,47
9,28,36,28,4,0,12,13,65,84,122,113,83,76,64,68,59,7,0,4,8,50,52,19
13,31,50,14,13,7,6,38,59,64,72,106,69,73,61,59,54,13,11,0,10,17,43,13
15,27,32,22,17,13,15,39,69,68,78,70,72,81,66,56,45,31,14,17,23,27,30,17
11,14,18,14,13,13,28,54,101,90,78,109,120,108,100,61,61,31,9,12,6,9,12,10
2,6,11,12,10,9,58,107,132,143,153,183,179,129,120,112,105,53,26,11,10,12,11,10
9,8,8,9,19,20,75,122,159,183,188,194,176,148,131,117,109,80,28,14,14,13,10,12
19,18,16,16,18,33,56,131,184,218,222,242,225,187,187,161,127,90,47,41,14,12,9,9
9,12,13,11,40,52,103,126,161,191,202,194,175,158,161,150,125,93,46,33,19,13,10,4
7,12,10,14,57,75,108,129,138,150,184,168,128,109,127,129,118,106,38,31,14,9,12,10
19,21,37,72,95,103,106,111,122,120,127,121,100,47,104,106,104,100,14,11,6,11,10,6
13,44,62,66,101,102,102,104,104,105,101,101,81,52,102,105,104,100,22,2,10,10,8,9
13,34,51,71,67,81,83,88,93,92,61,58,17,65,104,101,102,100,13,7,0,0,7,7
12,38,29,28,14,52,55,48,51,50,55,48,14,90,100,101,67,84,10,6,0,4,6,7
13,31,52,41,43,29,15,17,39,37,48,49,13,52,64,102,100,60,13,2,7,0,6,2
12,17,34,52,55,41,36,31,32,31,29,15,18,27,71,71,63,51,10,9,0,0,2,11
10,17,34,50,51,63,50,45,30,13,27,21,35,43,52,56,46,35,14,8,8,7,0,4
0,4,3,23,32,42,54,69,70,69,51,29,38,36,53,56,54,29,11,3,0,0,0,0
2,0,0,0,6,10,14,35,59,80,78,74,61,69,38,57,55,44,7,0,0,0,0,6
5,7,0,0,6,8,9,9,14,11,55,61,66,58,51,57,62,54,10,0,0,0,0,0
11,5,7,2,5,6,1,0,5,7,15,33,59,60,54,55,54,51,15,5,0,0,0,0
0,5,1,4,4,5,8,2,0,11,11,10,19,54,54,55,54,50,11,0,0,0,0,7
0,6,9,9,6,0,5,13,11,5,12,10,11,51,53,56,52,36,3,0,0,0,0,0
7,2,1,9,3,4,4,12,11,9,11,9,12,46,50,40,39,13,12,8,0,0,0,0
1,5,7,5,10,3,8,3,4,10,14,14,13,13,32,25,14,7,7,0,0,0,0,0
0,0,2,8,5,2,8,9,5,0,0,8,11,15,25,46,16,6,7,4,0,0,0,0
0,9,0,8,11,1,0,0,0,4,10,10,3,11,41,31,21,10,7,0,0,0,0,0
10,2,5,9,3,9,5,1,6,11,12,14,14,30,43,50,26,13,10,7,0,0,0,3
0,7,12,9,0,7,6,6,13,18,20,45,52,55,79,53,24,13,7,9,5,0,5,2
6,10,3,13,11,0,3,4,4,9,13,13,16,50,69,50,14,10,7,10,10,0,0,4

0,0,2,0,0,0,5,0,10,0,8,15,7,10,13,9,0,0,0,0,0,0,0,0
0,0,3,0,0,0,0,0,0,8,14,60,109,116,71,58,13,0,2,0,0,0,0,12
0,0,0,0,0,0,0,0,7,13,62,106,133,153,135,75,47,12,2,1,0,0,0,2
0,0,0,0,0,5,0,0,5,43,63,102,122,116,113,86,10,11,5,0,0,0,2,2
0,0,0,0,2,0,0,8,14,10,52,93,86,76,66,12,6,0,0,0,0,0,0,0
0,0,0,0,0,1,11,31,23,32,38,58,67,69,47,18,17,10,4,12,1,5,3,0
0,0,0,0,0,50,69,68,84,84,85,88,82,91,80,74,63,51,14,6,11,1,5,4
0,0,9,1,9,68,76,92,117,108,89,82,96,103,100,94,97,73,66,53,21,0,0,0
0,0,0,0,60,77,90,94,104,107,106,104,103,84,94,96,72,67,65,60,33,0,0,0
0,3,4,12,62,65,72,100,118,136,134,118,117,92,92,102,78,68,59,59,51,6,0,0
0,0,4,52,63,62,61,75,115,124,141,130,106,110,96,101,97,62,50,55,50,30,0,0
0,0,6,54,67,44,12,69,111,130,154,131,126,137,126,106,81,51,13,52,56,46,14,0
7,6,34,52,43,14,4,61,108,126,147,148,136,137,130,110,75,49,10,29,66,76,36,14
3,9,100,72,13,12,13,63,111,129,140,136,128,130,118,103,103,55,11,12,62,101,67,27
6,26,43,54,16,4,15,35,102,121,126,126,103,96,74,70,78,14,10,2,25,75,84,47
9,27,36,29,4,0,12,13,65,85,123,114,83,76,64,69,59,7,0,4,8,50,52,19
13,31,50,14,13,7,6,40,59,64,72,106,69,73,62,59,54,13,10,0,10,18,43,13
15,27,32,21,17,13,16,39,70,68,78,70,72,81,66,56,45,31,14,17,23,26,30,17
11,14,18,14,13,13,28,54,101,90,78,109,120,108,100,61,61,30,8,12,6,9,12,10
2,6,11,12,10,9,58,107,132,144,154,183,180,129,120,112,105,53,27,11,10,12,11,10
9,8,8,9,19,20,75,122,159,182,188,194,176,148,131,117,109,80,28,14,14,13,10,12
19,18,16,17,18,33,56,131,184,217,222,242,224,187,186,161,127,90,46,42,14,12,9,9
9,12,13,11,40,52,103,127,160,190,202,193,175,158,160,150,125,92,45,34,18,13,10,4
7,12,10,14,59,75,108,128,138,149,183,166,128,109,126,128,118,105,38,31,14,9,12,10
19,21,37,72,95,103,106,111,122,119,127,121,100,45,104,106,104,100,13,11,6,11,9,6
13,45,63,66,101,102,103,104,104,105,101,101,80,52,102,105,105,100,23,2,10,10,8,9
14,34,51,72,67,78,80,89,92,89,63,58,15,66,104,101,102,100,13,7,0,0,7,7
12,38,29,28,15,52,55,47,52,50,55,48,14,90,100,101,67,82,10,7,0,4,6,7
13,31,52,41,43,29,15,17,39,35,47,49,13,53,64,102,100,60,13,2,7,0,5,2
12,17,34,52,55,42,36,31,32,31,29,14,18,26,72,71,63,52,10,9,0,0,1,10
10,18,35,50,51,63,51,45,30,13,28,21,35,43,52,56,47,37,14,8,8,7,0,4
0,4,3,23,32,43,54,69,70,69,51,27,37,34,53,56,54,31,11,3,0,0,0,0
2,0,0,0,6,10,14,35,59,80,78,73,61,69,38,57,56,47,7,0,0,0,0,6
5,8,0,0,6,8,9,9,14,11,55,61,66,58,51,57,62,54,10,0,0,0,0,0
11,5,7,2,4,6,1,0,5,7,15,33,59,61,54,55,54,52,15,5,0,0,0,0
0,5,1,4,4,5,8,2,0,11,11,11,21,54,54,55,54,50,12,0,0,0,0,7
0,6,9,9,6,0,5,13,11,5,12,10,11,51,53,56,52,37,3,0,0,0,0,0
7,2,1,9,3,4,4,12,11,8,11,9,12,46,50,41,39,13,12,8,0,0,0,0
1,5,7,5,10,3,8,3,4,10,14,14,13,13,32,25,14,7,7,0,0,0,0,0
0,0,2,8,5,2,8,9,5,0,0,8,11,15,25,46,16,6,7,4,0,0,0,0
0,10,0,8,11,1,0,0,0,5,10,10,3,11,41,31,21,10,7,0,0,0,0,0
10,2,5,9,3,9,5,1,6,11,12,14,14,31,43,50,26,13,10,7,0,0,0,3
0,7,12,9,0,7,6,6,13,18,21,44,52,56,78,53,24,13,7,9,5,0,5,2
6,10,3,13,11,0,3,4,4,9,13,13,16,50,69,50,14,10,7,10,10,0,0,3

0,0,2,0,0,0,5,0,10,0,8,15,7,10,13,9,0,0,0,0,0,0,0,0
0,0,3,0,0,0,0,0,0,8,13,59,109,116,71,58,13,0,2,0,0,0,0,11
0,0,0,0,0,0,0,0,7,13,62,105,133,153,135,75,47,12,2,1,0,0,0,2
0,0,0,0,0,5,0,0,5,44,63,102,122,116,113,86,10,12,5,0,0,0,2,2
0,0,0,0,2,0,0,9,14,11,53,93,86,76,67,12,6,0,0,0,0,0,0,0
0,0,0,0,0,1,11,32,22,33,38,57,67,69,47,19,18,10,5,12,1,5,3,0
0,0,0,0,0,50,69,68,84,84,85,89,82,91,80,74,63,51,14,6,11,1,5,4
0,0,9,1,9,68,76,92,118,109,89,82,96,103,100,94,97,73,66,53,22,0,0,0
0,0,0,0,60,77,90,95,104,107,107,105,103,85,94,96,72,67,65,60,33,0,0,0
0,3,4,12,62,65,72,100,118,137,134,119,117,92,92,103,78,68,58,59,51,6,0,0
0,0,4,52,63,62,61,75,115,124,141,130,106,110,96,101,98,63,50,55,50,30,0,0
0,0,6,54,67,44,12,69,111,129,153,130,125,136,126,106,81,51,13,52,56,45,14,0
7,6,34,53,43,14,4,61,108,125,146,148,135,136,129,110,75,48,10,29,67,77,37,14
3,9,100,72,12,12,13,63,111,128,139,136,127,129,117,102,103,54,11,12,62,101,67,26
6,27,43,54,16,4,15,35,102,121,126,126,103,95,74,70,76,13,9,2,27,75,84,47
9,27,36,28,4,0,12,13,65,85,124,114,84,76,65,69,60,7,0,4,8,50,52,18
13,31,50,14,13,7,7,40,59,64,73,107,70,73,62,59,56,13,10,0,10,18,43,13
15,27,32,22,17,13,16,39,70,68,79,71,73,82,67,57,45,31,14,17,23,27,30,17
11,14,18,14,13,13,28,55,101,90,78,109,120,109,100,61,61,30,8,12,6,9,12,10
2,6,11,12,10,9,59,107,132,144,154,184,180,129,120,112,104,53,26,11,10,12,11,10
9,8,8,9,19,20,76,122,159,183,188,194,176,147,131,116,109,80,28,14,14,13,10,12
19,19,16,16,19,33,56,131,184,218,222,242,224,186,186,161,127,89,46,41,13,12,9,9
9,12,13,11,40,52,103,127,160,191,202,193,175,158,160,150,124,92,45,33,18,13,10,4
7,12,10,14,59,75,109,128,138,149,183,167,128,109,126,128,118,105,40,31,14,9,12,10
19,21,37,72,95,103,106,111,122,119,127,121,100,45,104,106,104,100,14,11,6,11,9,6
13,45,63,66,101,103,103,104,104,105,101,101,80,54,102,105,105,100,23,2,10,10,8,9
14,35,51,71,67,79,81,89,90,89,63,58,15,66,104,101,102,100,13,7,0,0,7,7
12,40,29,29,15,52,55,46,52,51,54,48,14,91,100,101,67,84,10,7,0,4,6,7
13,31,52,41,43,29,15,18,40,35,47,49,13,53,64,102,100,60,13,3,7,0,5,2
12,18,34,53,55,41,36,31,32,31,29,14,19,27,72,71,63,52,10,9,0,0,1,10
10,18,36,50,51,63,51,45,30,13,28,21,35,43,52,56,47,38,14,8,8,7,0,4
0,4,3,23,32,43,54,69,70,69,51,27,37,34,53,56,54,32,11,3,0,0,0,0
2,0,0,0,6,10,14,35,59,80,78,73,61,69,38,57,56,49,7,0,0,0,0,6
5,8,0,0,6,8,9,9,14,11,55,61,66,58,51,57,62,54,10,0,0,0,0,0
11,5,7,2,5,6,1,0,5,7,15,32,59,60,54,55,54,52,15,5,0,0,0,0
0,5,1,4,4,5,8,2,0,11,11,10,20,54,54,55,54,50,12,0,0,0,0,6
0,6,9,9,6,0,5,13,11,5,12,10,11,51,53,56,53,37,3,0,0,0,0,0
7,2,1,9,3,4,4,12,11,9,11,9,12,46,50,41,40,13,12,8,0,0,0,0
1,5,7,5,10,3,8,3,4,10,14,14,13,13,32,25,14,7,7,0,0,0,0,0
0,0,2,8,5,2,8,10,5,0,0,8,11,15,25,48,17,6,7,4,0,0,0,0
0,10,0,8,11,1,0,0,0,5,10,10,3,11,42,32,22,10,7,0,0,0,0,0
10,2,5,9,3,9,6,1,6,12,12,14,14,31,42,50,27,13,10,7,0,0,0,3
0,7,12,9,0,7,6,6,13,18,20,44,52,55,78,53,24,13,7,9,5,0,5,2
6,10,3,13,11,0,3,4,4,9,13,13,17,50,69,50,14,10,7,10,10,0,0,3

0,0,2,0,0,0,5,0,10,0,8,16,7,10,13,9,0,0,0,0,0,0,0,0
0,0,3,0,0,0,0,0,0,8,14,60,109,116,71,58,13,0,2,0,0,0,0,11
0,0,0,0,0,0,0,0,7,13,63,106,133,153,135,75,47,13,2,1,0,0,0,2
0,0,0,0,0,5,0,0,5,44,63,102,122,116,113,86,10,11,5,0,0,0,2,2
0,0,0,0,2,0,0,9,15,11,53,93,86,76,66,12,5,0,0,0,0,0,0,0
0,0,0,0,0,1,11,32,23,33,38,58,67,69,47,18,17,10,4,12,1,5,3,0
0,0,0,0,0,50,70,68,85,85,85,89,82,91,80,74,63,51,14,6,11,1,5,4
0,0,9,1,9,68,76,93,118,109,89,82,95,103,100,93,97,73,66,53,22,0,0,0
0,0,0,0,60,77,90,95,104,107,107,105,103,84,93,96,72,66,65,60,32,0,0,0
0,3,4,12,62,64,72,100,118,136,135,120,117,92,91,102,77,68,58,59,51,6,0,0
0,0,4,52,63,62,61,75,115,124,142,131,107,112,97,101,97,62,50,55,50,30,0,0
0,0,6,54,67,43,12,68,110,129,153,130,126,138,128,107,81,51,12,52,55,46,14,0
7,6,34,53,44,14,4,61,108,124,146,148,135,136,130,110,75,49,10,29,66,76,37,14
3,9,100,72,12,12,13,61,110,128,139,136,127,130,117,102,103,53,11,12,62,101,67,26
6,26,43,54,16,4,15,34,101,121,126,126,103,95,74,70,75,13,9,2,25,74,84,48
9,27,36,29,4,0,12,13,65,84,124,115,84,76,65,69,59,7,0,4,8,50,52,18
13,31,50,14,13,7,7,40,59,64,73,107,70,73,62,59,55,13,10,0,10,18,43,13
15,27,32,22,17,13,16,39,70,68,79,71,73,82,66,57,45,31,14,17,23,27,30,17
12,14,18,14,13,13,29,54,101,90,78,109,120,109,100,61,61,30,8,12,6,9,12,10
2,6,11,12,10,9,58,107,132,144,154,184,180,129,121,112,104,53,26,11,10,12,11,10
10,8,9,9,19,20,75,122,159,183,189,194,175,147,131,117,109,80,28,14,14,13,10,12
19,19,16,16,18,33,56,131,184,218,222,242,224,186,186,161,127,89,46,40,13,12,9,9
9,12,12,11,40,52,103,127,161,191,202,194,176,159,161,150,125,92,45,33,18,13,10,4
7,12,10,14,57,75,108,128,138,149,183,167,128,109,126,128,118,105,40,31,14,9,12,10
19,21,37,72,95,103,106,111,122,119,127,121,100,47,104,106,104,100,14,11,6,11,9,6
13,44,62,65,101,103,103,104,104,105,101,101,81,52,102,105,105,100,23,2,10,10,7,9
14,34,51,72,68,79,81,89,90,91,62,58,16,66,104,101,102,100,13,7,0,0,7,7
12,38,29,29,15,52,55,47,51,50,54,50,14,91,100,101,67,84,10,7,0,3,6,7
13,32,52,41,43,29,15,17,39,37,46,48,13,53,64,102,100,61,13,3,7,0,5,2
12,18,34,53,55,41,36,31,32,31,29,14,19,27,71,71,63,52,10,9,0,0,1,10
10,18,36,50,51,63,51,45,30,13,28,21,35,43,52,56,47,37,14,8,8,7,0,4
0,4,3,23,32,43,54,69,71,69,51,28,36,33,54,56,54,33,11,3,0,0,0,0
2,0,0,0,6,10,14,35,59,80,78,73,61,69,39,57,56,48,7,0,0,0,0,6
5,8,0,0,6,8,9,9,14,11,55,61,65,58,51,57,62,54,10,0,0,0,0,0
11,5,7,2,5,6,1,0,5,7,15,33,59,60,54,55,54,52,16,5,0,0,0,0
0,5,1,4,4,5,8,2,0,11,11,10,19,54,54,55,54,50,12,0,0,0,0,6
0,6,9,9,6,0,6,13,11,5,12,10,11,51,53,56,53,38,3,0,0,0,0,0
7,2,1,9,3,4,4,12,11,9,11,9,12,46,50,40,40,13,12,8,0,0,0,0
1,5,7,5,10,3,8,3,4,11,14,14,13,13,32,26,14,7,7,0,0,0,0,0
0,0,2,8,5,2,8,10,5,0,0,8,11,15,25,48,17,6,7,4,0,0,0,0
0,10,0,8,11,1,0,0,0,5,10,11,4,11,41,31,21,11,7,0,0,0,0,0
10,2,5,9,3,9,6,1,6,12,12,14,14,30,43,50,27,13,10,7,0,0,0,3
0,7,12,9,0,7,6,7,13,18,21,47,52,56,78,53,24,13,7,9,5,0,5,2
6,10,3,13,11,0,3,4,4,9,13,13,17,50,69,50,14,10,7,10,10,0,0,3

0,0,2,0,0,0,5,0,10,0,8,15,7,10,13,9,0,0,0,0,0,0,0,0
0,0,3,0,0,0,0,0,0,8,14,60,109,116,71,58,13,0,2,0,0,0,0,11
0,0,0,0,0,0,0,0,7,13,63,106,134,153,135,75,47,12,2,1,0,0,0,2
0,0,0,0,0,5,0,0,5,45,63,102,122,116,113,85,10,11,5,0,0,0,2,2
0,0,0,0,2,0,0,9,15,11,53,93,86,76,67,12,6,0,0,0,0,0,0,0
0,0,0,0,0,1,11,33,23,33,38,57,67,69,47,18,17,10,4,12,1,5,3,0
0,0,0,0,0,50,70,68,85,85,85,88,82,91,80,74,63,51,14,6,11,1,6,4
0,0,9,1,9,69,76,93,118,109,89,82,95,103,100,93,97,73,66,53,22,0,0,0
0,0,0,0,60,77,90,95,104,106,107,104,102,84,93,96,72,66,65,59,33,0,0,0
0,3,4,12,62,65,72,100,117,135,135,119,116,92,91,101,77,68,58,59,51,6,0,0
0,0,4,52,63,62,61,75,114,124,142,131,107,111,97,100,96,62,50,55,50,30,0,0
0,0,6,54,67,43,12,68,110,129,153,130,126,138,127,106,81,51,12,51,56,45,14,0
7,6,34,53,43,14,4,61,108,124,146,148,135,136,130,110,75,47,10,29,67,77,36,14
3,9,100,72,12,12,13,62,111,128,139,136,127,130,117,102,103,53,11,12,61,101,67,27
7,26,43,54,16,4,15,33,101,120,126,126,103,95,73,69,75,13,9,2,25,75,84,48
9,28,36,29,4,0,12,13,64,84,124,115,84,76,65,69,59,7,0,4,8,50,52,19
13,31,50,14,13,7,7,40,59,64,73,107,70,74,62,59,55,13,10,0,10,19,43,13
15,27,31,21,17,13,16,39,70,68,79,71,74,82,67,57,45,32,13,17,23,26,30,17
11,14,18,14,13,13,28,55,101,90,78,109,120,109,100,61,60,30,8,12,6,9,12,10
2,6,11,12,10,9,58,107,132,144,155,184,180,129,121,112,104,53,27,11,10,12,11,10
10,8,9,9,19,20,76,122,159,183,189,194,176,148,131,117,109,80,28,14,14,13,10,12
19,19,16,16,18,33,56,131,184,218,223,243,224,187,186,161,127,88,46,41,13,12,9,9
9,12,13,11,40,52,103,127,161,191,202,194,176,159,160,150,125,92,45,33,18,13,10,4
7,12,10,14,59,75,108,128,138,149,183,167,128,109,126,129,118,105,41,31,14,8,12,10
19,21,37,72,95,103,106,111,122,119,127,121,100,47,104,106,104,100,14,11,6,11,9,6
13,45,63,66,101,103,103,104,104,105,101,101,81,52,102,105,105,100,23,2,10,10,7,9
14,34,51,72,68,80,81,89,92,89,63,58,17,67,104,101,102,100,14,7,0,0,7,7
12,40,30,28,15,52,56,47,51,51,54,47,14,91,100,101,67,83,10,7,0,3,6,7
13,31,52,41,42,29,15,18,40,36,47,48,13,53,64,102,100,61,13,3,7,0,5,2
12,18,34,52,55,42,36,31,32,31,29,14,18,27,72,71,63,52,10,9,0,0,1,10
10,18,36,50,51,63,51,45,30,13,28,21,35,43,52,56,47,38,14,8,8,7,0,4
0,4,3,23,32,43,54,69,71,69,51,28,36,33,53,56,54,34,11,3,0,0,0,0
2,0,0,0,6,10,14,35,59,80,78,73,61,69,40,57,56,49,7,0,0,0,0,6
5,8,0,0,6,8,9,9,14,11,55,61,65,58,51,57,62,54,10,0,0,0,0,0
11,5,7,2,5,6,1,0,5,7,15,33,59,61,54,55,54,51,15,5,0,0,0,0
0,5,1,4,4,5,8,2,0,11,11,10,20,54,54,55,54,50,12,0,0,0,0,6
0,6,9,9,6,0,5,13,11,5,12,10,11,51,53,56,52,38,3,0,0,0,0,0
7,2,1,9,3,4,4,12,11,9,11,9,12,47,50,40,40,13,12,8,0,0,0,0
1,5,7,5,10,3,8,3,4,10,14,14,13,13,33,26,14,7,7,0,0,0,0,0
0,0,2,8,5,2,8,9,5,1,0,8,11,15,25,48,18,6,7,4,0,0,0,0
0,10,0,8,11,0,0,0,0,5,10,11,4,11,41,32,22,10,7,0,0,0,0,0
10,2,5,9,3,9,6,1,6,11,12,14,14,31,43,50,26,13,10,7,0,0,0,3
0,7,12,9,0,7,6,6,13,18,20,44,52,55,78,53,25,13,8,9,5,0,5,2
6,10,3,13,11,0,3,4,4,9,13,13,16,49,69,50,14,10,7,10,10,0,0,3

0,0,2,0,0,0,5,0,10,0,8,16,7,10,13,9,0,0,0,0,0,0,0,0
0,0,3,0,0,0,0,0,0,8,13,60,109,116,71,58,13,0,2,0,0,0,0,11
0,0,0,0,0,0,0,0,7,13,63,106,134,154,135,75,50,12,2,1,0,0,0,2
0,0,0,0,0,5,0,0,5,45,64,102,122,116,113,85,11,12,5,0,0,0,2,2
0,0,0,0,2,0,0,9,16,11,53,93,86,76,66,12,6,0,0,0,0,0,0,0
0,0,0,0,0,1,12,34,24,33,38,58,67,70,47,18,17,10,4,12,1,5,3,0
0,0,0,0,0,50,71,69,85,85,86,89,83,91,80,74,63,51,14,6,11,1,5,4
0,0,9,1,10,69,76,93,118,109,89,83,96,103,100,93,97,73,66,53,22,0,0,0
0,0,0,0,60,77,90,95,104,106,107,105,102,84,93,96,72,66,65,59,32,0,0,0
0,3,4,12,62,65,72,100,116,134,133,118,116,92,91,101,77,68,58,59,51,6,0,0
0,0,4,52,63,62,61,74,114,122,140,129,105,109,95,99,96,62,50,55,50,30,0,0
0,0,6,54,67,44,12,68,110,129,152,129,125,136,126,106,81,51,12,51,56,46,14,0
7,6,34,53,43,14,4,61,108,124,146,148,135,136,130,110,74,48,10,29,66,76,36,14
3,9,100,72,12,12,13,62,111,128,139,136,128,130,117,102,103,53,11,12,62,101,67,27
6,26,43,54,16,4,15,34,101,121,126,126,103,95,74,70,75,13,9,2,25,74,84,47
9,27,36,29,4,1,12,13,65,84,124,115,84,77,65,69,59,7,0,4,8,50,52,20
13,32,50,14,13,7,7,40,59,64,73,107,70,74,62,59,56,13,10,0,10,18,43,13
15,27,32,22,17,13,16,39,70,68,79,71,74,82,67,57,45,31,13,16,23,26,30,17
11,14,18,14,13,13,28,55,101,90,78,109,120,109,100,61,61,30,8,12,6,9,12,10
2,6,11,12,10,9,58,107,132,144,154,184,180,129,120,112,105,53,26,11,10,12,11,10
10,8,8,9,19,20,75,122,159,183,189,195,176,147,131,117,109,80,28,14,14,13,10,11
19,18,16,16,19,33,56,131,184,218,223,243,225,186,186,161,127,88,46,41,13,12,9,9
9,12,12,11,40,52,103,127,161,191,202,194,176,159,160,150,124,92,45,33,18,13,10,4
7,12,10,14,60,75,108,128,138,149,184,167,128,109,126,128,118,105,43,32,14,9,12,10
19,21,37,72,95,103,106,111,122,120,127,121,100,48,104,106,104,100,14,11,6,11,9,6
13,45,63,66,101,103,102,104,104,105,101,101,80,54,102,105,105,100,25,2,10,10,7,9
14,34,51,72,68,79,81,88,90,89,62,58,16,67,104,101,102,100,14,7,0,0,7,7
12,40,29,29,15,52,55,48,51,51,55,48,14,92,100,101,67,83,10,7,0,3,6,7
13,31,52,41,43,30,15,18,39,36,46,48,13,53,64,102,100,61,13,2,7,0,5,2
12,18,34,53,55,42,37,31,32,31,29,14,18,28,72,71,63,52,10,9,0,0,1,10
10,18,36,50,51,63,50,45,30,13,28,21,35,43,52,56,47,37,14,8,8,7,0,4
0,4,3,23,32,43,54,69,70,69,51,28,36,33,54,56,54,33,11,3,0,0,0,0
2,0,0,0,6,10,14,35,59,80,78,73,61,69,40,57,56,49,7,0,0,0,0,6
5,8,0,0,6,8,9,9,14,11,55,61,65,58,51,57,62,54,10,0,0,0,0,0
11,5,7,2,5,6,1,0,5,7,14,34,59,60,54,55,55,51,16,5,0,0,0,0
0,5,1,4,4,5,8,2,0,11,11,10,20,54,54,55,54,50,12,0,0,0,0,7
0,6,9,9,6,0,5,13,11,5,12,10,11,51,53,56,53,39,3,0,0,0,0,0
7,2,1,9,3,4,4,12,11,9,11,9,12,46,50,40,40,13,12,8,0,0,0,0
1,5,7,5,10,3,8,3,4,10,14,14,13,13,33,26,14,7,7,0,0,0,0,0
0,0,2,8,5,2,8,10,5,2,0,8,11,16,26,47,16,6,7,4,0,0,0,0
0,9,0,8,11,1,0,0,0,5,10,11,4,11,43,32,21,10,7,0,0,0,0,0
10,2,5,9,3,9,6,1,6,12,12,14,14,33,45,50,28,13,10,7,0,0,0,3
0,7,12,9,0,7,6,7,13,18,20,45,52,55,76,53,24,13,7,9,5,0,5,2
6,10,3,13,11,0,3,4,4,9,13,13,17,50,70,50,14,10,6,10,10,0,0,3

0,0,2,0,0,0,5,0,10,0,8,16,7,10,13,9,0,0,0,0,0,0,0,0
0,0,3,0,0,0,0,0,0,8,13,60,110,116,71,58,13,0,2,0,0,0,0,12
0,0,0,0,0,0,0,0,7,13,63,106,133,153,135,75,47,13,2,1,0,0,0,2
0,0,0,0,0,5,0,0,5,45,63,102,122,116,113,85,10,11,5,0,0,0,2,2
0,0,0,0,2,0,0,9,15,11,53,92,85,76,66,12,5,0,0,0,0,0,0,0
0,0,0,0,0,1,12,34,24,33,38,58,67,69,47,19,17,10,4,12,1,5,3,0
0,0,0,0,0,50,71,69,85,85,85,89,82,91,80,74,63,51,14,6,11,1,5,4
0,0,9,1,10,69,76,93,119,109,89,83,96,103,100,93,97,73,66,53,22,0,0,0
0,0,0,0,60,77,90,95,104,107,107,104,103,85,93,96,72,66,65,59,33,0,0,0
0,3,4,12,62,65,72,100,117,134,133,118,116,91,91,101,77,68,58,59,51,6,0,0
0,0,4,52,63,62,61,74,114,122,140,129,105,109,95,100,96,62,50,55,50,30,0,0
0,0,6,54,67,43,12,68,110,129,152,129,124,135,125,106,81,51,12,52,56,45,14,0
7,6,34,53,43,14,4,61,108,125,146,148,135,136,129,110,74,47,10,29,66,77,36,14
3,9,100,72,12,12,13,63,111,129,139,136,128,130,117,102,103,54,11,12,62,101,67,27
6,26,43,54,15,4,15,35,102,121,127,126,104,95,73,70,76,13,10,2,25,75,84,46
9,27,36,28,4,0,12,13,65,85,124,115,84,76,64,69,59,7,0,4,8,50,52,19
13,32,50,14,13,7,7,40,59,64,73,107,70,73,62,59,55,13,10,0,10,17,44,13
15,27,32,21,17,13,16,39,70,69,79,71,73,82,66,57,45,31,13,17,23,27,30,17
11,14,18,14,12,13,28,55,101,90,78,110,120,108,98,60,60,29,8,12,6,9,12,10
2,6,11,12,10,9,58,107,132,144,154,184,180,127,118,111,104,53,25,11,10,12,11,10
10,8,8,9,19,20,75,122,158,182,187,193,175,145,128,115,108,78,28,14,14,13,10,12
19,18,16,16,18,33,56,130,183,217,221,240,221,182,183,159,126,87,46,40,13,12,9,9
9,12,12,11,40,52,103,126,160,189,202,192,173,156,157,149,124,91,45,33,18,13,10,4
7,12,10,14,61,75,108,128,138,149,182,166,127,108,125,128,118,106,44,29,14,8,12,10
19,21,37,73,96,103,106,111,122,119,126,121,100,41,104,106,105,100,14,11,6,11,9,6
13,46,64,66,101,103,103,104,104,105,101,101,78,58,103,106,106,101,26,1,10,10,7,9
14,35,51,72,68,79,80,89,89,91,61,57,14,77,104,102,103,101,14,7,0,0,7,7
12,41,31,29,16,52,52,47,52,51,54,48,17,98,101,102,70,88,11,8,0,3,6,7
13,32,53,41,42,29,16,16,38,35,45,49,13,55,67,103,101,63,14,3,7,0,5,2
12,19,35,53,56,42,37,31,31,31,29,14,19,30,78,75,65,53,10,10,0,0,0,10
11,18,37,50,52,63,51,45,30,13,28,21,35,45,55,59,49,37,14,8,8,7,0,4
0,4,3,23,32,43,55,69,71,69,51,29,39,55,60,60,54,23,11,2,0,0,0,0
2,0,0,0,6,10,14,37,59,80,79,73,61,72,50,59,55,39,7,0,0,0,0,6
5,8,0,0,6,8,9,9,14,11,55,61,66,58,51,58,63,53,8,0,0,0,0,0
11,5,7,2,5,6,1,0,5,7,17,34,59,61,54,56,56,51,14,5,0,0,0,0
0,5,1,4,4,5,8,2,0,11,11,11,25,54,55,58,56,50,11,0,0,0,0,6
0,6,9,9,6,0,5,13,11,6,12,10,11,52,54,60,55,40,4,0,0,0,0,0
7,2,1,10,3,4,4,12,11,9,11,10,12,50,51,48,44,14,13,9,0,0,0,0
1,5,7,5,10,4,8,4,4,10,14,14,13,14,35,32,15,7,7,0,0,0,0,0
0,0,2,8,5,2,8,10,5,2,0,8,11,17,25,50,18,6,7,4,0,0,0,0
0,9,0,8,11,1,0,0,0,6,10,11,5,11,38,35,22,10,7,0,0,0,0,0
10,2,5,9,3,9,6,1,7,11,11,13,13,17,35,50,22,13,10,7,0,0,0,3
0,7,12,10,0,6,5,6,13,17,15,23,39,52,55,51,13,11,7,9,4,0,5,2
6,10,3,13,11,0,3,4,4,7,11,11,13,30,60,50,14,10,6,10,10,0,0,3

0,0,2,0,0,0,5,0,10,0,8,15,7,10,13,9,0,0,0,0,0,0,0,0
0,0,3,0,0,0,0,0,0,8,14,60,110,117,72,58,13,0,2,0,0,0,0,12
0,0,0,0,0,0,0,0,7,13,62,106,133,153,135,75,47,13,2,1,0,0,0,2
0,0,0,0,0,5,0,0,5,45,63,102,122,116,113,85,10,12,5,0,0,0,2,2
0,0,0,0,2,0,0,9,15,11,53,93,86,75,66,12,6,0,0,0,0,0,0,0
0,0,0,0,0,1,12,34,24,34,38,58,67,69,47,19,18,10,4,12,1,5,3,0
0,0,0,0,0,50,71,69,85,85,85,89,82,91,80,74,63,51,14,6,11,1,5,4
0,0,9,1,10,69,76,93,119,109,89,83,96,103,100,93,97,73,66,53,22,0,0,0
0,0,0,0,60,77,90,95,104,107,106,104,103,84,93,96,72,66,65,60,33,0,0,0
0,3,4,12,62,65,72,100,117,135,133,117,116,91,91,101,77,68,58,59,51,6,0,0
0,0,4,52,63,62,61,75,114,123,140,129,105,109,95,100,96,62,50,55,50,30,0,0
0,0,6,54,67,43,12,68,110,129,153,130,125,135,125,106,81,51,12,52,56,46,14,0
7,6,34,53,43,14,4,61,108,125,146,148,136,136,129,110,74,47,10,29,67,77,36,14
3,9,100,72,12,12,13,63,111,129,140,137,128,130,117,103,103,54,11,12,62,101,67,26
6,27,44,54,16,4,16,35,102,121,126,126,104,95,73,70,76,13,9,2,25,75,84,47
9,27,36,29,4,0,12,13,65,84,124,114,84,76,64,69,59,7,0,3,8,50,52,19
13,31,51,14,13,7,6,40,59,64,72,107,70,73,62,59,54,13,10,0,9,18,44,13
15,27,32,22,17,13,16,39,70,68,79,71,73,81,66,56,45,31,13,16,23,27,30,17
11,14,18,14,13,13,28,54,101,90,78,110,120,108,98,60,59,27,8,12,6,9,12,10
2,6,11,12,10,9,59,107,132,144,154,185,180,127,118,111,104,53,25,11,10,12,11,10
10,8,8,9,19,20,76,122,159,182,187,193,175,145,128,115,108,77,27,14,14,13,10,12
19,18,16,16,19,33,56,131,183,217,221,240,221,181,183,159,126,86,46,40,13,12,9,9
9,12,12,11,40,52,103,126,160,190,201,192,172,155,158,149,124,88,44,32,17,13,10,4
7,12,10,14,62,76,109,128,138,149,182,165,127,108,125,128,118,105,43,31,14,8,12,10
19,21,37,73,96,103,106,111,122,119,126,121,100,39,104,106,105,100,13,11,6,11,9,6
13,46,64,66,101,103,103,104,104,105,101,101,80,58,103,106,106,101,26,1,10,10,7,8
14,35,51,72,68,79,81,88,89,89,63,58,16,78,104,102,103,101,14,7,0,0,7,7
12,43,30,30,15,52,53,47,51,51,55,48,20,99,101,102,70,87,11,8,0,3,6,7
13,32,53,41,43,29,16,17,40,37,47,48,13,55,67,103,101,63,14,3,7,0,4,2
12,19,35,53,56,42,37,32,32,31,29,14,20,31,77,74,65,53,10,10,0,0,0,10
11,18,37,50,51,64,51,45,31,13,28,21,35,46,55,59,48,35,14,8,8,7,0,4
0,4,3,23,32,44,55,69,71,70,51,29,39,54,59,60,53,14,10,2,0,0,0,0
2,0,0,0,6,10,14,38,59,81,79,73,61,72,49,57,53,26,6,0,0,0,0,6
5,8,0,0,6,8,9,9,14,10,55,61,65,58,51,57,62,51,5,0,0,0,0,0
11,5,7,2,5,6,1,0,5,7,15,34,59,61,54,56,55,49,13,5,0,0,0,0
0,5,1,4,4,5,8,2,0,11,11,11,25,54,55,60,56,50,10,0,0,0,0,7
0,6,9,9,6,0,5,13,11,6,12,10,11,52,54,61,56,41,4,0,0,0,0,0
7,2,1,10,3,4,4,12,11,9,12,11,12,50,51,50,47,14,13,9,0,0,0,0
1,5,7,5,10,4,8,4,4,10,14,14,13,14,37,39,18,8,8,0,0,0,0,0
0,0,2,8,5,2,8,10,5,2,0,8,11,17,27,52,26,7,7,5,0,0,0,0
0,10,0,8,11,1,0,0,0,6,10,10,4,12,39,41,26,10,7,0,0,0,0,0
10,2,5,9,3,9,6,1,6,11,11,13,12,14,37,52,22,13,10,8,0,0,0,3
0,7,12,9,0,6,5,6,12,17,14,16,30,51,53,51,13,11,7,9,3,0,5,2
6,10,3,13,11,0,3,4,4,7,11,11,12,20,58,52,14,10,6,10,10,0,0,3

0,0,2,0,0,0,5,0,10,0,8,16,8,10,13,9,0,0,0,0,0,0,0,0
0,0,3,0,0,0,0,0,0,8,13,60,110,117,72,58,13,0,2,0,0,0,0,11
0,0,0,0,0,0,0,0,7,13,63,106,133,153,135,75,47,13,2,1,0,0,0,2
0,0,0,0,0,5,0,0,5,43,63,102,122,116,112,85,10,11,5,0,0,0,2,2
0,0,0,0,2,0,0,9,15,11,53,93,85,76,66,12,6,0,0,0,0,0,0,0
0,0,0,0,0,1,12,33,24,33,38,58,67,69,47,19,18,10,4,12,1,5,3,0
0,0,0,0,0,50,70,69,85,85,85,89,82,91,80,74,63,51,14,6,11,1,5,4
0,0,9,1,10,69,76,93,118,109,89,82,96,103,100,93,97,73,66,53,23,0,0,0
0,0,0,0,60,77,90,95,104,107,106,104,103,84,93,96,72,67,65,60,32,0,0,0
0,3,4,12,62,65,72,100,117,135,133,117,116,91,91,101,77,68,58,59,51,6,0,0
0,0,4,52,63,62,61,75,114,123,141,129,105,109,95,100,96,62,50,55,50,30,0,0
0,0,6,54,67,44,12,68,111,130,153,130,125,136,125,106,81,51,12,52,56,45,14,0
7,6,34,53,43,14,4,61,108,126,147,149,136,136,130,110,75,47,10,29,66,77,37,14
3,9,100,72,13,12,13,64,111,129,140,137,129,130,118,103,103,54,11,12,61,101,67,27
7,26,44,54,16,4,16,36,102,121,126,126,104,95,74,70,77,13,10,2,27,75,84,48
9,28,36,28,4,1,12,13,65,84,123,114,84,76,64,69,59,7,0,3,8,50,52,18
13,32,50,14,13,7,6,39,59,64,72,106,70,73,62,59,54,13,10,0,10,18,43,13
15,27,32,22,17,13,16,39,70,68,79,70,73,81,66,56,45,31,13,15,23,27,30,17
11,14,18,14,13,13,28,55,101,90,78,109,120,108,99,61,60,29,8,12,6,9,12,10
2,6,11,12,10,9,59,107,132,144,154,184,180,127,118,111,104,53,24,11,10,12,11,10
10,8,9,9,19,20,76,122,159,183,187,193,175,146,128,115,108,78,27,14,14,12,10,12
19,18,16,16,19,33,56,131,184,217,221,241,222,182,183,159,125,86,46,40,13,12,9,9
9,12,13,11,40,52,103,126,161,191,202,193,174,157,158,149,124,89,45,33,17,13,10,4
7,12,10,14,61,76,109,129,138,149,183,166,128,108,126,128,118,105,44,29,14,8,12,10
20,22,38,73,96,103,106,111,122,119,126,121,100,39,104,106,105,100,13,11,6,11,9,6
13,46,64,66,101,103,103,104,104,105,101,101,76,55,103,106,105,100,25,1,10,10,7,8
14,35,52,72,68,81,81,89,90,91,62,58,14,75,104,102,103,101,14,7,0,0,7,7
12,42,31,29,16,52,53,47,52,50,54,48,15,96,101,102,69,86,11,8,0,3,6,7
14,32,53,41,43,30,16,18,43,35,48,50,13,55,67,103,101,63,14,3,7,0,4,2
12,20,35,53,56,42,37,32,32,31,29,14,19,28,76,74,65,53,10,10,0,0,0,10
11,19,37,50,52,63,51,45,30,13,27,21,34,45,55,59,50,38,14,8,8,7,0,4
0,4,3,23,32,44,55,69,71,70,51,29,38,51,58,60,54,27,11,3,0,0,0,0
2,0,0,0,6,10,14,38,59,80,78,73,61,70,46,59,57,50,7,0,0,0,0,6
5,8,0,0,6,8,9,9,14,10,55,60,65,58,51,58,63,54,9,0,0,0,0,0
11,5,7,2,5,7,1,0,6,7,15,33,59,60,54,56,55,51,14,5,0,0,0,0
0,5,1,4,4,5,8,3,0,12,11,10,21,54,54,57,55,50,11,0,0,0,0,6
0,6,9,9,6,0,6,13,11,6,12,10,11,52,53,58,54,38,4,0,0,0,0,0
7,2,1,10,3,4,4,12,11,9,11,10,12,49,50,43,41,14,12,9,0,0,0,0
1,5,7,5,10,3,8,3,4,10,14,14,13,13,28,24,13,6,7,0,0,0,0,0
0,0,2,8,5,2,8,9,4,2,0,8,11,14,20,44,13,5,6,4,0,0,0,0
0,9,0,7,11,1,0,0,0,4,9,10,2,10,32,31,16,10,6,0,0,0,0,0
10,2,5,9,3,9,5,0,5,10,11,12,12,14,28,47,14,13,10,7,0,0,0,3
0,7,12,9,0,6,5,6,13,17,17,32,43,52,56,52,19,12,7,9,4,0,5,2
6,10,3,13,11,0,3,4,4,8,12,12,13,30,65,54,14,11,6,10,10,0,0,3

0,0,2,0,0,0,5,0,10,0,8,16,7,10,13,9,0,0,0,0,0,0,0,0
0,0,3,0,0,0,0,0,0,8,14,60,109,116,71,58,13,0,2,0,0,0,0,11
0,0,0,0,0,0,0,0,7,13,63,106,134,153,135,75,47,13,2,1,0,0,0,2
0,0,0,0,0,5,0,0,5,45,63,102,122,116,113,86,10,11,5,0,0,0,2,2
0,0,0,0,2,0,0,9,14,11,53,93,85,76,66,12,6,0,0,0,0,0,0,0
0,0,0,0,0,1,11,31,23,33,38,58,67,69,47,18,17,10,4,12,1,5,3,0
0,0,0,0,0,50,70,68,84,84,85,89,82,91,80,74,63,51,14,6,11,1,5,4
0,0,9,1,9,69,76,93,118,108,89,82,96,103,100,93,97,73,66,53,22,0,0,0
0,0,0,0,60,77,90,95,104,107,106,104,102,84,93,96,72,67,65,60,32,0,0,0
0,3,4,12,62,65,72,100,118,135,133,117,116,91,91,102,77,68,58,59,51,6,0,0
0,0,4,52,63,62,61,75,115,124,141,129,105,109,95,100,97,62,50,55,50,30,0,0
0,0,6,54,67,44,12,69,111,130,154,130,126,136,126,106,81,51,13,52,56,46,14,0
7,6,34,53,43,14,4,62,108,126,147,149,136,137,130,110,75,48,11,29,67,77,37,14
3,9,100,72,13,12,13,64,111,129,140,137,128,130,118,103,103,54,11,12,62,101,67,27
7,27,44,54,16,4,16,36,102,121,126,126,103,95,73,70,78,13,10,2,27,76,84,48
9,28,37,29,4,0,12,13,64,85,123,113,83,75,64,68,58,6,0,3,8,50,52,18
13,32,50,14,13,7,7,37,59,64,72,106,69,73,62,59,54,13,10,0,9,19,44,13
15,27,32,22,17,13,15,39,69,68,78,70,73,81,66,56,44,31,13,15,23,27,30,17
11,14,18,14,13,13,28,55,101,90,78,109,120,108,98,60,60,30,8,12,6,9,12,10
2,6,11,12,10,9,58,107,132,144,153,182,177,127,118,111,104,53,24,11,9,12,11,10
10,8,9,9,19,20,76,122,159,183,187,192,174,145,127,115,108,79,27,14,13,12,10,11
19,18,16,16,19,33,56,131,184,218,221,240,221,182,182,159,126,88,46,40,13,12,9,9
9,12,13,11,41,52,103,127,162,191,203,193,175,157,158,149,125,92,46,33,18,13,10,4
7,12,10,14,61,75,109,129,139,150,184,168,128,109,126,129,119,106,50,33,14,9,12,10
19,22,38,73,97,103,106,112,122,120,127,121,100,43,104,106,105,100,14,11,6,11,9,6
13,47,64,66,101,103,103,104,104,105,101,101,75,52,103,106,105,100,29,1,10,10,7,8
14,36,52,72,68,81,82,90,92,91,63,58,14,72,104,101,103,101,14,7,0,0,6,7
13,43,31,30,17,52,56,47,51,52,54,45,14,94,100,101,69,88,11,8,0,3,6,7
14,32,53,41,43,30,16,17,40,37,46,48,13,54,65,103,101,63,13,3,7,0,4,2
12,20,35,53,56,42,37,32,32,31,29,14,18,27,74,72,64,53,10,10,0,0,0,10
11,19,38,51,52,63,51,45,31,13,27,21,34,43,54,58,49,39,14,9,8,7,0,4
0,4,3,24,32,43,55,69,70,69,51,28,34,45,54,58,54,37,11,3,0,0,0,0
2,0,0,0,6,10,14,36,59,80,78,73,61,67,36,58,57,50,7,0,0,0,0,6
5,8,0,0,6,8,9,9,14,10,55,60,65,57,51,58,64,55,10,0,0,0,0,0
11,5,7,2,5,7,1,0,6,7,15,31,59,60,54,56,55,51,17,5,0,0,0,0
0,5,1,4,4,5,8,3,0,11,11,10,20,53,54,57,55,51,12,0,0,0,0,6
0,6,9,9,6,0,6,13,11,6,12,10,11,51,53,58,54,42,4,0,0,0,0,0
7,2,1,10,3,4,4,12,11,9,11,10,12,46,50,41,42,14,13,9,0,0,0,0
2,5,7,5,10,3,8,3,4,10,13,14,13,13,26,24,14,7,7,0,0,0,0,0
0,0,2,8,5,2,7,9,4,2,0,8,11,14,19,45,16,6,6,3,0,0,0,0
0,9,0,7,11,1,0,0,0,4,9,10,2,10,30,33,20,10,6,0,0,0,0,0
10,2,5,9,4,9,5,0,5,10,11,12,12,14,30,50,20,13,10,7,0,0,0,3
0,7,12,9,0,6,6,6,13,17,17,32,43,53,57,53,25,13,8,9,4,0,5,2
6,10,3,13,11,0,3,4,4,8,12,12,13,28,64,56,16,11,7,10,10,0,0,3

0,0,2,0,0,0,5,0,10,0,8,15,7,10,13,9,0,0,0,0,0,0,0,0
0,0,3,0,0,0,0,0,0,8,13,60,109,115,71,58,13,0,2,0,0,0,0,11
0,0,0,0,0,0,0,0,7,13,63,106,133,153,135,75,47,12,2,1,0,0,0,2
0,0,0,0,0,5,0,0,5,45,63,102,122,116,113,85,11,12,5,0,0,0,2,2
0,0,0,0,2,0,0,9,14,11,53,93,86,76,66,12,6,0,0,0,0,0,0,0
0,0,0,0,0,1,11,32,23,33,38,58,67,69,47,19,17,10,4,12,1,5,3,0
0,0,0,0,0,50,70,68,84,85,85,89,83,91,80,74,63,51,14,6,11,1,5,4
0,0,9,1,9,69,76,93,118,109,89,82,96,103,100,93,97,73,66,53,22,0,0,0
0,0,0,0,60,77,90,95,105,107,107,104,103,85,94,96,72,67,65,60,32,0,0,0
0,3,4,12,62,65,72,101,118,136,134,118,116,92,91,102,77,68,58,59,51,6,0,0
0,0,4,52,63,62,61,75,115,124,141,129,106,109,96,100,97,62,50,55,50,30,0,0
0,0,6,54,67,44,12,69,111,130,153,130,125,136,126,106,81,51,13,52,56,45,14,0
7,6,34,53,43,14,4,61,108,125,146,148,135,136,130,110,75,48,10,29,67,77,37,14
3,9,100,72,12,12,13,63,111,129,139,136,128,130,117,103,103,54,11,12,62,101,67,27
6,27,44,54,16,4,16,35,102,121,126,126,103,95,74,70,77,13,10,2,27,75,84,47
9,27,36,28,4,0,12,13,65,85,123,114,83,76,64,69,59,7,0,3,8,50,52,19
13,31,50,14,13,7,7,39,59,64,72,106,70,73,62,59,54,13,10,0,9,19,42,13
15,27,32,22,17,13,16,39,70,68,79,70,73,81,66,56,44,31,13,15,23,26,30,17
11,14,18,14,13,13,28,54,101,90,78,109,120,108,98,60,60,29,8,12,6,9,12,10
2,6,11,12,10,9,58,107,132,144,153,182,178,127,118,111,104,53,25,11,10,12,11,10
10,8,8,9,19,20,76,122,160,184,188,193,175,146,128,115,108,79,28,14,14,13,10,11
19,18,16,16,19,33,56,132,185,220,223,242,224,184,184,159,126,88,46,41,13,12,9,9
9,12,13,11,40,52,103,127,162,192,204,194,176,158,158,149,125,92,45,33,18,13,10,4
7,12,10,14,62,76,109,129,139,151,185,169,128,109,126,129,118,106,50,33,14,9,12,10
19,22,38,73,96,103,106,112,123,120,128,122,100,44,104,106,105,100,14,11,6,11,9,6
13,46,63,66,101,103,103,104,104,105,101,101,77,48,102,105,105,100,26,1,10,10,7,8
14,35,52,73,68,81,82,90,93,89,62,59,14,67,104,101,102,100,14,7,0,0,7,7
12,41,31,30,16,52,56,48,52,52,54,47,14,91,100,101,68,87,11,7,0,3,6,7
13,32,53,41,43,30,16,20,40,36,48,46,13,53,64,102,100,62,13,3,7,0,4,2
12,19,35,53,56,42,37,31,32,31,29,14,18,25,71,71,64,53,10,9,0,0,0,10
11,19,37,50,51,63,51,45,30,13,27,21,34,42,52,56,47,38,14,9,8,7,0,4
0,4,3,23,32,43,54,69,70,69,51,29,38,41,51,56,53,31,11,3,0,0,0,0
2,0,0,0,6,10,14,35,59,80,78,73,61,66,30,56,55,47,7,0,0,0,0,6
5,8,0,0,6,8,9,9,14,10,55,61,65,58,51,57,62,55,11,0,0,0,0,0
11,5,7,3,5,7,1,0,5,7,14,30,59,60,54,55,55,52,19,5,0,0,0,0
0,5,1,5,5,5,8,2,0,11,11,10,19,53,54,57,55,51,12,0,0,0,0,7
0,6,9,9,6,0,6,13,11,5,12,10,11,51,53,57,54,43,4,0,0,0,0,0
7,2,1,10,3,5,4,12,11,9,11,10,12,45,50,42,42,14,13,9,0,0,0,0
1,5,7,5,10,3,8,3,4,10,13,14,13,13,26,26,16,8,8,0,0,0,0,0
0,0,2,8,5,2,8,9,4,2,0,8,11,14,20,46,26,7,7,4,0,0,0,0
0,10,0,7,11,1,0,0,0,4,9,10,2,10,31,35,26,10,7,0,0,0,0,0
10,2,5,9,4,9,5,0,5,10,11,12,12,14,32,50,25,13,10,7,0,0,0,3
0,7,12,9,0,6,6,6,13,18,17,35,47,53,58,54,30,13,8,9,5,0,5,2
6,10,3,13,11,0,3,4,4,8,12,12,13,30,66,59,22,11,7,10,10,0,0,3

0,0,2,0,0,0,5,0,10,0,8,16,7,10,13,9,0,0,0,0,0,0,0,0
0,0,3,0,0,0,0,0,0,8,14,60,109,116,71,58,13,0,2,0,0,0,0,11
0,0,0,0,0,0,0,0,7,13,63,106,134,154,135,75,47,12,2,1,0,0,0,2
0,0,0,0,0,5,0,0,5,45,64,102,123,116,113,86,11,12,5,0,0,0,2,2
0,0,0,0,2,0,0,9,14,11,52,92,86,76,67,12,6,0,0,0,0,0,0,0
0,0,0,0,0,1,11,32,23,33,38,58,67,69,47,19,17,10,4,12,1,5,3,0
0,0,0,0,0,50,70,68,84,85,85,89,82,91,80,74,63,51,14,6,11,1,5,4
0,0,9,1,9,69,76,93,118,109,89,82,96,103,100,94,97,73,66,53,22,0,0,0
0,0,0,0,60,77,90,95,105,107,107,104,103,84,94,96,72,67,65,59,32,0,0,0
0,3,4,12,62,65,72,100,118,136,134,118,116,92,91,102,77,68,58,59,51,6,0,0
0,0,4,52,63,62,61,75,115,124,141,129,105,109,95,100,97,62,50,55,50,30,0,0
0,0,6,54,67,44,12,69,111,129,153,130,125,135,125,106,81,51,12,52,56,45,14,0
7,6,34,53,43,14,4,61,108,125,146,148,135,135,129,110,74,48,10,29,67,77,37,14
3,9,100,72,12,12,13,63,111,129,139,136,127,129,117,102,103,54,11,12,62,101,67,28
6,26,44,54,16,4,16,35,102,121,126,126,103,94,74,70,76,13,9,2,25,75,84,46
9,28,36,29,4,0,12,13,65,85,124,115,84,76,65,69,60,7,0,4,8,50,52,20
13,32,50,14,13,7,7,40,59,64,72,107,70,73,62,59,55,13,10,0,9,19,43,13
15,27,32,22,17,13,16,39,70,68,79,70,73,82,66,57,45,31,13,15,23,26,30,17
11,14,18,14,13,13,28,55,101,90,78,109,120,108,99,61,60,30,8,12,6,9,12,10
2,6,11,12,10,9,58,107,132,144,153,182,178,127,119,111,104,53,25,11,10,12,11,10
10,8,9,9,19,21,76,122,160,184,188,194,176,146,129,115,108,79,28,14,14,13,10,11
19,19,16,16,19,33,56,132,186,220,224,243,225,185,185,160,126,88,46,41,13,12,9,9
9,12,13,11,41,52,103,127,163,193,204,195,176,159,159,149,124,92,45,33,18,13,10,4
7,12,10,14,61,75,109,129,139,151,186,169,129,109,126,128,118,106,50,31,14,8,12,10
19,22,37,73,96,103,106,112,123,120,128,122,100,45,104,106,105,100,14,11,6,10,9,6
13,46,64,66,101,103,103,104,104,105,101,101,78,47,102,105,105,100,28,1,10,10,7,9
14,35,52,72,69,80,82,89,93,89,62,58,14,65,104,101,102,100,14,7,0,0,7,7
12,42,30,33,16,53,57,48,52,52,55,48,14,92,100,101,68,86,11,7,0,3,6,7
13,32,53,41,43,30,16,20,40,36,46,47,13,52,64,102,100,61,13,3,7,0,4,2
12,19,35,53,56,42,37,31,32,31,29,14,18,25,70,71,63,52,10,9,0,0,0,10
11,18,37,50,51,63,51,45,30,13,27,21,33,42,52,56,47,37,14,8,8,7,0,4
0,4,3,23,32,43,55,69,70,69,51,28,36,43,51,56,53,27,10,3,0,0,0,0
2,0,0,0,6,10,14,35,59,80,78,73,61,66,31,56,55,45,7,0,0,0,0,6
5,8,0,0,6,8,9,9,14,10,55,61,65,58,51,57,62,55,10,0,0,0,0,0
11,5,7,2,5,7,1,0,5,7,14,31,59,60,54,55,55,51,18,5,0,0,0,0
0,5,1,5,5,5,8,2,0,11,11,10,18,53,54,57,55,51,12,0,0,0,0,7
0,6,9,9,6,0,6,13,11,5,12,10,11,51,53,57,54,43,4,0,0,0,0,0
7,2,1,10,3,4,4,12,11,9,11,10,12,45,50,41,43,14,13,9,0,0,0,0
1,5,7,5,10,3,8,3,4,10,13,14,13,13,26,26,16,8,8,0,0,0,0,0
0,0,2,8,5,2,7,9,4,2,0,8,11,14,20,47,27,7,7,4,0,0,0,0
0,9,0,7,11,1,0,0,0,4,9,10,2,10,32,35,27,11,7,0,0,0,0,0
10,2,5,9,4,9,5,0,5,11,11,12,12,14,32,50,26,13,10,8,0,0,0,3
0,7,12,9,0,7,6,6,13,18,18,36,50,53,58,54,31,14,8,9,5,0,5,2
6,10,3,13,11,0,3,4,4,8,12,12,13,32,67,60,23,11,6,10,10,0,0,3

0,0,2,0,0,0,5,0,10,0,8,15,7,10,13,9,0,0,0,0,0,0,0,0
0,0,3,0,0,0,0,0,0,8,14,59,109,115,71,58,13,0,2,0,0,0,0,12
0,0,0,0,0,0,0,0,7,13,63,106,134,154,135,75,47,12,2,1,0,0,0,2
0,0,0,0,0,5,0,0,5,46,64,102,123,116,113,86,11,12,5,0,0,0,2,2
0,0,0,0,2,0,0,9,14,11,53,93,86,76,66,12,6,0,0,0,0,0,0,0
0,0,0,0,0,1,11,32,23,33,38,58,68,69,47,18,17,10,4,12,1,5,3,0
0,0,0,0,0,50,70,68,84,84,85,89,82,91,80,74,63,51,14,6,11,1,5,4
0,0,9,1,9,69,76,93,118,108,89,82,96,103,100,93,97,73,66,53,22,0,0,0
0,0,0,0,60,77,90,95,104,106,106,104,103,85,94,96,72,67,65,59,32,0,0,0
0,3,4,12,62,65,72,100,118,135,133,118,116,92,91,102,77,68,59,59,51,6,0,0
0,0,4,52,63,62,61,75,114,123,140,129,105,109,95,100,97,62,50,55,50,30,0,0
0,0,6,54,67,44,12,68,110,129,152,129,125,135,125,106,81,51,12,52,56,46,14,0
7,6,34,53,43,14,4,61,108,125,146,148,135,135,129,110,74,48,10,29,67,77,36,14
3,9,100,72,12,12,13,64,111,129,139,136,127,129,117,102,103,54,11,12,62,101,67,28
7,27,44,54,15,4,16,36,102,121,126,126,103,94,73,70,76,13,9,2,27,75,84,46
9,28,37,28,4,0,12,13,65,85,124,114,84,76,64,69,59,7,0,4,8,50,52,19
13,31,50,14,13,7,7,40,59,64,73,107,70,73,62,59,55,13,10,0,9,18,43,13
15,27,32,22,17,13,16,39,70,68,79,71,73,81,66,56,45,31,13,15,23,27,30,17
11,14,18,14,13,13,28,55,101,90,78,109,120,108,99,61,60,29,8,12,6,9,12,10
2,6,11,12,10,9,58,107,132,144,154,182,178,127,119,111,104,53,26,11,10,12,11,10
10,8,9,9,19,21,76,123,160,184,189,194,175,146,129,115,108,79,28,14,14,13,10,12
19,19,16,16,19,33,56,132,187,221,224,244,226,185,185,159,126,88,46,41,13,12,9,9
9,12,13,11,40,52,103,127,163,193,205,195,177,159,159,149,124,92,45,33,18,13,10,4
7,12,10,14,61,75,109,129,139,151,186,170,129,109,126,128,118,106,50,31,14,9,12,10
19,22,38,73,96,103,106,112,122,120,128,122,100,44,104,106,104,100,14,11,6,11,9,6
13,46,64,66,101,103,103,104,104,105,101,101,78,47,102,105,105,100,26,1,10,10,7,8
14,35,52,73,68,81,82,89,92,89,62,58,14,65,104,101,102,100,14,7,0,0,7,7
12,42,30,30,16,52,56,48,52,51,55,48,14,90,100,101,67,86,11,6,0,3,6,7
13,32,53,41,43,30,16,18,40,37,46,46,13,53,64,102,100,62,13,2,7,0,4,2
12,19,35,53,56,42,37,31,32,31,29,14,18,25,70,71,63,52,10,9,0,0,0,10
11,19,36,50,51,63,51,45,30,13,28,21,33,42,52,56,47,38,14,8,8,7,0,4
0,4,3,23,32,43,55,69,70,69,51,29,35,40,51,56,53,27,10,3,0,0,0,0
2,0,0,0,6,10,14,36,59,80,78,73,61,66,31,56,55,46,7,0,0,0,0,6
5,8,0,0,6,8,9,9,14,10,54,60,65,58,51,57,62,55,10,0,0,0,0,0
11,5,7,2,5,7,1,0,5,7,14,30,59,60,54,55,55,52,18,5,0,0,0,0
0,5,1,5,5,5,8,2,0,11,11,10,18,53,54,57,55,51,12,0,0,0,0,6
0,6,9,9,6,0,6,13,11,5,12,10,11,51,53,57,54,43,4,0,0,0,0,0
7,2,1,10,3,4,4,12,11,9,11,10,12,45,50,42,42,14,13,9,0,0,0,0
2,5,7,5,10,3,8,3,4,10,13,14,13,12,27,26,16,8,8,0,0,0,0,0
0,0,2,8,5,2,8,9,4,2,0,8,11,14,20,47,29,7,7,4,0,0,0,0
0,10,0,8,11,1,0,0,0,4,9,10,2,10,32,35,27,11,7,0,0,0,0,0
10,2,5,9,4,9,6,0,5,11,11,12,12,15,32,50,28,13,11,7,0,0,0,3
0,7,12,10,0,7,6,6,13,18,17,36,48,53,58,54,32,14,8,9,5,0,5,2
6,10,3,13,11,0,3,4,4,8,12,12,13,32,67,60,23,11,6,10,10,0,0,3

0,0,2,0,0,0,5,0,10,0,8,16,7,10,13,9,0,0,0,0,0,0,0,0
0,0,3,0,0,0,0,0,0,8,14,60,109,116,71,58,13,0,2,0,0,0,0,11
0,0,0,0,0,0,0,0,7,13,63,106,134,154,135,75,47,12,2,1,0,0,0,2
0,0,0,0,0,5,0,0,5,45,63,102,123,116,113,86,11,12,5,0,0,0,2,2
0,0,0,0,2,0,0,9,14,11,53,93,86,76,66,12,6,0,0,0,0,0,0,0
0,0,0,0,0,1,11,32,23,33,38,58,68,69,47,19,17,10,5,12,1,5,3,0
0,0,0,0,0,50,70,68,84,85,85,89,82,91,80,74,63,51,14,6,11,1,5,4
0,0,9,1,9,69,76,93,118,109,89,82,96,103,100,93,97,73,66,53,22,0,0,0
0,0,0,0,60,77,90,95,104,106,106,104,103,84,93,96,72,66,65,60,32,0,0,0
0,3,4,12,62,65,72,100,117,135,133,118,116,92,91,102,77,68,58,59,51,6,0,0
0,0,4,52,63,62,61,75,115,123,140,129,105,109,95,100,97,62,50,55,50,30,0,0
0,0,6,54,68,44,12,69,111,130,153,129,125,135,125,106,81,51,13,52,56,46,14,0
7,6,34,53,43,14,4,61,108,125,146,148,135,136,129,110,75,48,10,29,68,76,37,14
3,9,100,72,12,12,13,64,111,129,139,136,127,129,117,103,103,54,11,12,62,101,67,27
7,27,44,54,16,4,16,36,102,121,126,126,103,94,73,70,76,13,10,2,27,75,85,48
9,27,37,28,4,0,12,13,65,85,124,114,83,76,64,69,59,7,0,4,8,50,52,19
13,31,50,14,13,7,7,40,59,64,72,106,70,73,62,59,55,13,10,0,9,18,43,13
15,27,32,22,17,13,16,39,70,68,79,70,73,81,66,56,45,31,13,15,23,27,30,17
11,14,18,14,13,13,28,55,101,90,78,109,120,108,99,61,60,30,8,12,6,9,12,10
2,6,11,12,10,9,58,107,132,144,154,182,178,127,119,111,104,53,26,11,10,12,11,10
10,8,8,9,19,21,76,123,160,184,189,194,176,146,129,115,108,79,28,14,14,13,10,11
19,18,16,16,19,33,57,132,186,220,224,243,225,185,185,159,126,87,46,40,13,12,9,9
9,12,13,11,41,52,103,127,163,193,204,195,177,159,159,149,124,91,45,33,18,13,10,4
7,12,10,14,61,76,109,129,139,151,186,169,129,109,126,128,118,106,48,32,14,9,12,10
20,22,37,73,96,103,106,112,122,120,128,122,100,44,104,106,104,100,14,11,6,11,9,6
13,46,64,66,101,103,103,104,104,105,101,101,77,47,102,105,105,100,26,1,9,10,7,8
14,35,52,74,69,80,82,91,93,91,63,58,14,65,104,101,102,100,14,7,0,0,7,7
12,41,31,30,17,53,56,48,52,52,54,47,14,90,100,101,67,86,11,6,0,3,6,7
13,32,53,41,43,30,16,20,41,36,48,47,13,52,64,102,100,61,12,3,7,0,4,2
12,19,35,53,56,42,37,31,32,31,29,14,18,24,70,71,63,53,9,9,0,0,0,10
11,19,37,51,52,63,51,45,30,13,27,21,33,42,52,56,47,37,14,8,8,7,0,4
0,4,3,23,32,43,54,69,70,69,51,29,34,40,51,56,53,27,10,3,0,0,0,0
2,0,0,0,6,10,14,35,59,80,78,73,61,66,32,56,55,45,7,0,0,0,0,6
5,8,0,0,6,8,9,9,14,10,54,60,65,58,51,57,62,55,10,0,0,0,0,0
11,5,7,2,5,7,1,0,5,7,14,31,59,60,54,55,55,51,18,5,0,0,0,0
0,5,1,5,5,5,8,2,0,11,11,10,17,53,54,56,55,51,12,0,0,0,0,6
0,6,9,9,6,0,6,13,11,5,12,10,11,51,53,57,54,42,4,0,0,0,0,0
7,2,1,10,3,4,4,12,11,8,11,10,12,44,50,43,42,14,13,9,0,0,0,0
2,5,7,5,10,3,8,3,4,10,13,14,13,13,26,26,17,8,8,0,0,0,0,0
0,0,2,8,5,2,8,9,4,2,0,8,11,14,20,48,29,7,7,4,0,0,0,0
0,10,0,8,11,1,0,0,0,4,9,10,2,10,32,35,28,11,7,0,0,0,0,0
10,2,5,9,4,9,6,0,5,11,11,12,12,15,33,50,28,13,11,8,0,0,0,3
0,7,12,10,0,7,6,6,13,18,18,37,50,53,58,54,33,14,7,9,5,0,5,2
6,10,3,13,11,0,3,4,4,8,12,12,13,32,67,60,22,11,6,10,10,0,0,3
