4,5,0,0,0,0,0,0,0,0,0,0,0,1,0,2,0,6,0,0,0,0,0,0
0,0,0,0,0,0,0,0,0,0,0,0,1,0,0,0,6,4,0,0,0,3,0,0
10,8,0,0,8,0,1,13,15,13,14,25,14,21,14,14,22,31,13,12,12,0,0,7
6,12,15,14,13,6,19,31,34,41,44,50,50,44,32,31,30,31,32,12,10,0,0,1
0,8,10,12,14,19,17,33,46,45,53,53,61,50,51,49,48,42,29,25,13,0,0,0
7,10,12,14,26,35,42,46,50,52,53,53,54,57,54,51,53,52,40,36,16,0,0,0
4,9,10,12,11,17,32,52,52,54,58,52,52,51,54,37,17,43,13,12,3,0,0,0
0,0,0,6,13,43,56,64,67,79,94,69,54,51,57,59,50,12,8,3,8,0,6,6
0,0,0,12,19,52,55,67,113,139,117,96,66,67,77,83,76,55,45,12,3,3,0,0
0,0,3,9,30,52,56,77,122,147,124,119,92,99,106,111,131,86,56,36,14,9,0,2
4,6,9,12,35,52,52,73,102,126,126,103,93,111,112,115,107,81,55,13,14,10,5,3
0,0,1,0,48,43,40,68,104,123,118,108,91,110,114,113,85,57,19,7,34,25,9,0
2,0,0,15,58,18,29,53,80,103,105,89,103,104,101,96,74,38,9,10,24,34,15,3
8,10,11,45,59,21,18,67,68,74,103,94,102,105,102,99,50,7,0,8,10,46,14,11
0,4,13,35,57,7,10,42,52,53,67,79,98,100,82,38,14,0,3,11,14,73,45,18
8,9,11,52,6,5,4,40,53,52,55,61,77,71,57,46,9,8,5,6,7,14,14,6
7,12,21,14,7,10,13,57,55,65,73,67,79,65,59,65,51,12,6,0,0,0,1,0
13,30,33,26,18,32,42,69,68,103,133,132,105,95,76,55,40,21,10,13,12,14,5,6
7,14,12,10,12,13,52,101,71,118,131,128,118,87,87,103,75,14,8,10,8,9,3,4
10,10,11,6,12,22,57,116,132,147,180,177,181,171,145,133,115,57,10,6,1,0,8,8
8,6,10,16,15,24,63,106,114,139,179,199,194,166,138,124,105,61,14,9,12,11,4,3
11,7,7,13,14,21,39,64,120,143,168,148,143,146,122,107,68,33,11,14,12,8,5,0
23,16,14,19,16,23,12,18,45,77,101,74,94,110,102,88,49,24,12,13,10,7,8,7
12,8,10,10,3,0,6,11,15,31,67,39,33,60,57,51,25,12,3,9,7,7,6,0
8,8,0,0,0,2,5,11,12,11,16,13,12,21,36,27,14,10,0,6,0,0,0,2
8,9,10,0,0,3,10,10,12,13,13,19,11,37,40,41,13,7,0,10,0,0,0,4
5,7,5,0,0,0,7,11,11,12,9,14,11,14,27,23,13,7,0,7,1,0,0,2
8,10,10,0,1,0,0,12,13,12,9,16,13,35,31,29,12,0,3,8,0,0,1,2
5,5,0,0,0,0,0,4,11,7,6,10,9,26,17,19,13,4,11,11,5,6,0,0
5,8,0,0,0,4,5,7,9,7,6,14,13,33,34,35,26,8,8,7,4,10,6,0
8,7,5,0,7,13,13,16,15,14,17,24,16,27,35,32,23,15,11,11,10,5,7,5
4,0,0,0,0,5,6,5,6,2,5,9,13,39,28,32,13,13,13,19,21,10,0,0
8,3,0,0,0,1,3,4,6,5,6,7,11,34,55,56,29,14,13,12,7,1,0,5
3,0,0,0,4,5,7,3,6,12,11,12,25,56,209,241,44,13,11,8,1,0,2,0
4,0,0,0,9,4,4,3,9,13,13,11,12,33,135,161,70,15,12,10,7,0,7,8
0,0,2,2,1,4,10,12,12,7,12,9,11,11,29,51,67,52,22,14,13,10,12,7
9,7,8,6,4,3,10,10,7,10,11,9,7,13,13,23,54,72,40,17,14,9,0,10
0,5,0,4,5,4,2,10,10,10,12,9,5,12,16,52,61,81,52,19,12,10,5,0
0,0,0,3,0,0,0,8,11,11,11,7,13,9,12,51,58,54,26,12,10,8,8,2
1,0,0,0,0,0,0,0,5,13,12,10,9,11,11,14,39,26,14,10,9,0,6,0
0,0,0,5,3,0,0,7,10,12,10,6,8,10,6,5,12,8,4,3,8,0,0,0
5,3,0,0,0,4,9,8,5,5,5,10,9,7,9,4,4,4,11,8,0,0,6,3
0,5,0,0,0,0,0,0,0,4,8,8,3,9,7,0,0,3,10,0,0,6,6,0
4,0,6,5,5,0,1,7,0,0,6,8,8,10,1,0,0,5,2,3,7,0,3,6

1,1,0,0,0,0,0,0,0,0,1,5,8,11,15,10,4,9,2,0,0,0,0,0
0,0,0,0,0,0,0,0,0,6,4,11,12,10,7,18,11,8,2,0,0,2,0,0
7,4,0,0,3,0,3,15,26,33,24,43,40,41,32,27,25,34,14,12,11,0,0,4
0,7,13,12,12,6,20,38,39,48,52,54,52,50,41,38,34,31,34,12,10,0,0,0
0,3,5,10,13,16,16,33,48,44,54,53,62,50,51,50,50,42,29,24,12,0,0,0
5,8,10,13,24,33,41,45,49,51,52,52,54,57,53,51,53,52,40,36,15,0,0,0
2,8,9,10,10,14,29,51,51,54,58,52,52,51,54,41,18,42,13,12,2,0,0,0
0,0,0,4,12,43,55,63,65,74,86,66,53,51,56,58,50,12,8,2,7,0,3,5
0,0,0,10,16,52,54,64,108,130,101,84,63,64,73,78,73,54,45,13,4,3,0,0
0,0,2,7,24,52,55,73,113,132,109,106,85,90,99,104,125,80,55,36,14,9,0,2
4,3,8,11,32,51,51,71,93,112,113,94,85,102,101,108,102,77,55,14,15,11,6,3
0,0,3,4,48,42,37,66,100,114,110,100,83,105,105,106,81,55,14,8,36,30,9,0
2,0,0,19,58,22,29,53,76,100,103,84,101,103,100,86,70,37,5,7,24,34,15,2
8,10,11,45,59,16,21,66,67,73,103,92,101,105,101,96,50,5,0,8,9,50,14,11
0,4,13,32,57,10,8,50,52,53,67,78,97,100,86,39,14,0,3,11,21,78,44,18
8,9,11,51,6,5,4,45,54,52,55,61,75,69,57,50,10,10,7,7,8,14,13,6
7,12,21,14,8,10,13,59,56,65,73,66,75,63,58,65,51,12,5,0,0,0,2,0
13,30,33,26,21,33,43,71,70,105,135,130,100,90,73,53,40,19,10,13,12,15,5,6
7,14,12,10,12,14,56,102,74,122,136,131,119,86,85,102,73,14,8,10,8,9,3,4
10,10,11,6,12,29,59,120,137,153,190,188,187,172,144,132,114,54,10,6,1,0,8,8
8,6,10,16,16,26,68,110,119,142,186,210,198,167,138,124,105,60,14,9,12,12,4,3
11,8,8,13,14,23,40,69,123,147,173,153,145,146,121,107,67,32,11,14,12,8,6,0
24,17,14,19,16,24,13,20,46,83,104,79,100,111,102,87,48,23,12,13,10,7,8,6
12,8,10,10,4,0,6,11,21,40,68,43,35,60,57,51,24,12,3,9,7,7,6,0
8,8,0,0,0,1,6,12,12,11,20,14,12,25,38,25,16,10,0,6,0,0,0,3
8,9,10,0,0,2,11,10,12,13,13,23,11,37,38,41,13,7,0,10,1,0,0,5
5,7,4,0,0,0,7,11,12,12,10,16,12,14,28,25,13,7,0,7,0,0,0,2
8,10,10,0,1,0,0,12,13,13,9,17,13,33,27,28,12,0,3,9,0,0,1,3
5,4,0,0,0,0,0,5,11,7,6,10,9,28,17,19,13,4,10,12,5,6,0,0
4,8,0,0,0,4,5,7,9,7,5,14,14,33,34,35,26,8,8,7,4,10,7,0
8,6,5,0,6,13,13,15,15,14,17,25,16,27,34,32,22,15,11,11,10,5,6,5
4,0,0,0,0,4,5,5,6,2,5,9,13,40,27,31,13,13,13,19,20,9,0,0
8,3,0,0,0,1,3,3,6,5,6,7,11,32,55,55,27,14,13,12,7,1,0,5
3,0,0,0,3,5,6,3,6,12,11,12,24,55,209,238,43,13,11,8,1,0,2,0
4,0,0,0,9,4,4,3,9,13,12,11,12,32,135,160,69,14,12,10,7,0,7,8
0,0,2,2,0,3,10,11,11,7,11,9,10,11,29,51,67,52,21,13,13,10,12,7
9,7,8,6,4,3,10,10,8,10,10,9,7,13,14,23,55,71,39,17,14,9,0,10
0,5,0,4,4,4,2,9,10,10,12,8,5,12,16,52,62,81,52,19,12,10,5,0
0,0,0,3,0,0,0,8,11,12,11,7,13,10,13,51,58,54,27,12,10,8,8,2
1,0,0,0,0,0,0,0,4,13,12,10,8,11,11,14,41,26,14,10,9,0,6,0
0,0,0,5,3,0,0,6,10,12,10,6,8,10,7,5,13,9,4,3,8,0,0,0
5,3,0,0,1,4,8,8,5,5,5,10,9,7,9,4,4,4,11,8,0,0,6,3
0,5,0,0,0,0,0,0,0,3,8,8,2,8,7,0,0,3,10,0,0,6,6,0
4,0,6,5,5,0,1,7,0,0,5,8,8,10,1,0,0,5,2,3,7,0,3,6

2,2,0,0,0,0,0,0,0,2,3,6,9,12,18,11,5,9,2,0,0,0,0,0
0,0,0,0,0,0,0,0,0,7,5,12,13,11,8,19,11,8,2,1,0,1,0,0
7,3,0,0,4,0,4,20,29,37,27,44,43,43,34,29,25,34,14,13,11,0,0,4
0,6,13,13,12,6,20,36,38,50,51,53,52,50,41,38,34,31,33,12,10,0,0,0
0,2,4,9,13,17,17,34,48,45,54,53,62,50,51,50,50,42,29,24,12,0,0,0
6,8,10,13,25,33,41,45,49,51,52,52,54,57,53,51,53,52,40,36,15,0,0,0
2,7,9,10,10,14,28,51,51,54,58,52,52,52,54,42,18,42,13,12,3,0,0,0
0,0,0,4,12,43,55,63,65,73,85,65,53,51,56,57,50,12,8,3,7,0,2,5
0,0,0,10,17,52,54,64,107,128,98,82,62,64,72,77,72,54,46,14,4,2,0,0
0,0,1,7,24,51,55,73,111,130,106,103,83,88,97,103,124,79,55,36,14,9,0,2
3,2,7,11,33,51,51,70,92,110,111,93,83,101,100,107,101,76,55,14,16,11,6,3
0,0,2,4,48,42,37,66,99,112,108,98,82,105,105,105,80,55,14,9,36,31,9,0
2,0,0,20,58,22,30,52,75,100,103,83,101,103,99,86,71,36,5,7,24,34,15,2
8,10,11,47,60,15,22,65,66,72,102,91,101,105,101,96,50,5,0,7,9,50,14,11
0,4,13,33,57,10,8,47,52,53,67,77,96,100,86,40,14,0,2,11,22,80,45,18
9,9,11,52,6,5,4,47,53,52,55,60,74,69,57,50,11,10,7,8,8,14,13,6
7,12,21,14,8,10,14,59,56,65,72,66,75,63,58,65,51,12,5,0,0,0,2,0
13,30,33,26,21,33,43,71,70,105,135,129,100,90,73,53,40,19,10,13,12,15,5,6
7,14,12,10,13,14,56,103,75,123,137,131,120,87,85,102,74,14,8,10,8,9,3,4
10,10,11,6,12,28,59,120,138,154,192,190,189,174,145,133,115,55,10,6,1,0,8,8
8,6,10,16,15,26,69,111,119,143,187,211,198,168,139,124,105,61,14,10,12,12,4,3
11,8,8,13,14,23,41,70,124,149,175,155,146,147,122,107,68,33,11,14,12,8,6,0
24,17,14,19,16,24,14,21,46,85,104,82,100,111,102,88,49,24,12,13,10,7,8,6
12,8,11,10,4,0,7,11,22,43,68,44,35,62,58,52,26,12,3,9,7,7,6,0
8,8,0,0,0,1,5,12,12,11,20,14,12,22,40,27,15,10,0,7,0,0,0,3
8,9,10,0,0,2,11,10,12,13,13,22,11,39,41,38,13,7,0,11,1,0,0,5
5,7,4,0,0,0,7,11,12,12,10,15,12,14,27,26,13,7,0,7,0,0,0,2
8,10,10,0,0,0,0,12,13,13,9,16,13,33,29,28,13,0,3,9,0,0,1,3
5,4,0,0,0,0,0,5,11,7,6,10,9,27,18,19,13,4,11,12,5,6,0,0
4,9,0,0,0,3,5,7,9,7,5,14,14,33,34,35,26,8,8,7,4,10,7,0
8,6,5,0,6,13,13,15,15,14,17,25,16,27,34,32,23,15,11,11,10,5,7,5
4,0,0,0,0,3,5,5,5,2,4,9,13,39,27,30,13,13,13,19,20,10,0,0
8,3,0,0,0,1,3,3,6,5,6,7,11,32,55,55,26,14,13,12,7,1,0,5
3,0,0,0,3,5,6,3,6,12,11,12,24,55,207,239,44,13,11,8,1,0,2,0
4,0,0,0,9,4,4,3,9,13,12,11,12,32,135,162,70,14,12,10,7,0,7,8
0,0,2,2,0,3,10,12,11,7,11,9,10,11,30,51,67,52,22,14,13,10,12,7
8,7,8,5,3,2,9,10,8,10,10,9,7,13,13,23,55,72,39,18,14,9,0,10
0,4,0,3,4,4,2,9,10,10,12,8,5,12,16,52,62,82,52,19,12,10,5,0
0,0,0,3,0,0,0,8,11,12,11,6,13,10,12,51,58,54,27,12,10,8,8,2
1,0,0,0,0,0,0,0,4,13,12,10,8,11,11,14,41,27,14,11,10,0,6,0
0,0,0,5,3,0,0,6,9,12,10,6,8,10,7,5,13,9,4,3,8,0,0,0
5,3,0,0,1,4,8,8,5,5,5,10,8,7,9,4,4,4,11,8,0,0,6,3
0,5,0,0,0,0,0,0,0,3,8,8,2,8,7,0,0,3,10,0,0,6,6,0
5,0,6,5,5,0,1,7,0,0,5,9,8,10,1,0,0,5,2,3,7,0,3,6

3,2,0,0,0,0,0,0,0,2,3,6,9,12,18,11,5,9,2,0,0,0,0,0
0,0,0,0,0,0,0,0,0,7,6,12,13,11,8,19,11,8,2,1,0,2,0,0
7,3,0,0,5,0,4,18,30,38,27,44,43,42,33,30,25,34,14,13,11,0,0,4
0,7,13,13,12,6,22,37,39,50,52,53,52,50,39,39,35,31,33,13,10,0,0,0
0,2,5,9,13,16,17,34,47,45,54,53,62,50,51,49,49,42,29,25,12,0,0,0
6,8,10,13,24,33,41,44,49,51,52,52,53,57,53,51,54,52,40,36,15,0,0,0
2,7,9,10,10,14,29,51,51,54,57,52,52,51,54,41,18,43,13,12,3,0,0,0
0,0,0,4,12,45,56,63,65,73,84,65,53,51,56,57,50,12,8,3,7,0,2,5
0,0,0,10,16,52,54,64,107,128,98,81,62,64,72,77,72,54,46,14,4,2,0,0
0,0,1,7,25,52,55,73,112,130,106,103,83,88,97,104,125,79,55,36,14,8,0,2
3,2,7,11,32,51,51,70,92,111,111,92,83,101,100,108,102,77,55,14,16,11,6,3
0,0,2,4,49,43,38,66,99,113,109,99,82,105,105,106,81,56,14,9,37,32,9,0
2,0,0,19,59,24,30,53,75,100,103,83,101,103,100,86,71,37,5,7,24,34,15,2
8,10,11,47,60,16,22,65,66,72,102,91,101,105,101,96,50,5,0,7,9,50,14,11
0,4,13,32,57,10,8,45,52,53,66,76,95,100,84,39,14,0,2,11,24,81,46,18
9,9,11,52,6,5,4,47,53,52,55,60,74,69,57,50,11,10,7,8,9,14,13,6
7,12,21,14,8,11,14,59,56,65,72,66,74,63,58,64,51,12,5,0,0,0,2,0
13,30,33,26,22,34,43,71,71,105,135,129,100,90,73,53,39,19,10,13,12,15,5,6
7,14,13,10,13,14,56,103,75,123,137,132,120,87,85,102,73,14,8,10,8,9,3,4
10,10,11,6,12,30,60,121,138,155,193,191,190,175,145,133,115,55,10,6,1,0,8,8
8,6,10,16,15,26,69,111,119,143,187,212,200,169,138,124,105,61,14,10,12,12,4,3
11,8,8,13,14,24,41,70,124,149,176,156,146,147,122,107,68,33,11,14,12,8,6,0
23,17,14,19,16,24,14,22,46,86,105,83,100,111,102,88,50,24,12,13,10,7,8,6
12,8,11,10,4,0,7,11,25,43,69,43,35,62,59,52,26,12,3,9,7,7,6,0
8,8,0,0,0,1,5,12,12,11,20,14,12,22,40,27,14,10,0,6,0,0,0,3
8,9,10,0,0,2,10,10,12,13,13,22,11,39,41,40,13,7,0,11,1,0,0,5
5,7,4,0,0,0,6,11,12,12,9,14,12,14,26,25,13,7,0,7,0,0,0,2
8,10,10,0,0,0,0,12,13,13,9,17,13,35,30,29,13,0,4,9,0,0,1,3
5,4,0,0,0,0,0,5,11,7,6,10,8,27,18,19,13,4,11,12,5,6,0,0
4,8,0,0,0,3,5,8,9,7,5,14,14,33,34,35,26,9,8,7,4,10,7,0
8,6,5,0,5,13,13,15,14,14,16,25,16,27,34,32,23,15,11,11,10,5,6,5
4,0,0,0,0,3,5,5,5,2,5,9,14,37,30,31,13,13,13,19,21,10,0,0
8,3,0,0,0,1,2,3,6,5,6,7,11,31,55,56,26,14,13,12,7,1,0,5
3,0,0,0,3,5,6,3,6,12,11,12,23,55,208,240,44,13,11,8,1,0,2,0
4,0,0,0,8,3,4,3,9,12,12,11,12,31,135,162,70,14,12,10,7,0,8,8
0,0,2,1,0,3,10,11,12,8,11,9,10,11,29,51,67,52,23,14,14,10,12,7
8,7,8,5,3,2,9,10,8,10,10,9,7,13,13,23,55,72,39,18,14,9,0,10
0,5,0,3,4,4,2,9,10,10,12,8,5,12,17,52,62,82,52,20,12,10,5,0
0,0,0,2,0,0,0,8,11,11,11,6,12,9,13,51,58,54,27,12,10,8,8,2
1,0,0,0,0,0,0,0,4,13,12,10,8,11,11,14,42,27,14,11,10,0,6,0
0,0,0,5,3,0,0,5,9,12,9,6,8,10,7,5,13,9,4,3,8,0,0,0
5,3,0,0,1,5,8,8,5,4,5,10,8,7,9,4,4,4,11,8,0,0,6,3
0,5,0,0,0,0,0,0,0,3,8,8,1,8,7,0,0,3,10,0,0,6,6,0
4,0,6,5,5,0,1,7,0,0,5,9,7,10,1,0,0,6,2,3,7,0,3,6

2,3,0,0,0,0,0,0,0,2,3,7,9,12,18,11,5,9,2,0,0,0,0,0
0,0,0,0,0,0,0,0,0,7,6,12,13,11,8,20,11,8,3,1,0,2,0,0
7,3,0,0,5,0,5,20,30,35,26,44,45,40,32,28,25,34,14,12,11,0,0,4
1,7,13,13,12,6,22,38,40,50,52,53,52,50,41,40,35,31,33,13,10,0,0,0
0,2,5,9,13,17,17,33,48,44,54,53,62,50,51,49,50,42,29,24,12,0,0,0
6,8,10,13,24,33,41,45,49,51,52,52,54,57,53,51,54,52,40,36,15,0,0,0
2,7,9,10,10,14,28,51,51,53,57,52,52,51,54,42,18,43,13,12,3,0,0,0
0,0,0,4,12,44,56,63,65,73,84,65,53,51,56,57,50,12,8,3,7,0,2,5
0,0,0,10,15,52,54,64,107,129,98,81,62,64,72,77,73,54,45,14,4,2,0,0
0,0,1,7,25,52,55,73,112,131,107,103,84,89,98,104,125,79,55,36,14,9,0,2
3,2,7,11,31,51,51,70,93,111,111,93,83,101,101,108,102,77,55,14,17,11,6,3
0,0,2,4,49,42,39,66,100,113,109,99,82,105,105,106,81,56,14,9,37,32,9,0
2,0,0,19,57,23,29,52,75,100,103,83,101,103,99,86,71,37,5,7,24,34,15,2
9,10,11,47,60,17,21,65,66,72,102,91,101,105,101,96,50,5,0,7,9,50,14,11
0,4,13,32,57,10,8,45,52,53,66,76,94,99,82,38,14,0,2,11,24,81,46,18
9,9,11,52,6,5,4,47,53,52,55,60,73,68,56,49,10,10,7,8,9,14,13,6
7,12,20,14,8,11,14,59,56,65,72,65,74,63,58,64,51,12,5,0,1,0,2,0
13,30,33,26,22,34,43,71,71,105,135,129,100,90,73,53,39,19,10,13,12,15,5,6
7,14,12,10,13,14,56,103,76,123,138,132,120,87,85,102,73,14,8,10,8,9,3,4
10,10,11,6,12,31,60,121,139,156,193,192,191,175,145,133,115,55,10,6,1,0,8,8
8,6,10,16,15,26,69,111,120,144,187,212,199,169,138,124,105,61,14,10,12,12,4,3
11,8,8,13,14,24,42,71,124,149,176,156,147,148,122,108,68,33,11,14,13,8,6,0
23,17,14,19,16,24,14,23,46,87,105,84,101,111,102,88,50,25,12,13,10,7,8,6
12,8,11,10,4,0,7,11,26,44,69,44,35,62,59,53,26,12,3,9,7,7,6,0
8,7,0,0,0,1,5,12,12,12,17,14,12,25,38,25,16,10,0,7,0,0,0,3
8,9,10,0,0,2,10,11,12,13,13,22,11,40,41,42,13,7,0,11,1,0,0,5
5,6,4,0,0,0,6,11,12,12,9,15,12,14,28,26,13,7,0,7,0,0,0,2
8,10,10,0,1,0,0,12,13,13,9,18,13,35,29,29,13,0,4,9,0,0,1,3
5,4,0,0,0,0,0,4,10,7,6,10,8,27,17,19,13,4,11,12,5,6,0,0
4,8,0,0,0,3,5,7,9,6,5,14,14,33,34,35,26,9,8,7,4,10,7,0
8,6,4,0,5,13,13,15,14,14,16,25,15,28,34,32,23,15,11,11,10,5,7,5
3,0,0,0,0,2,4,4,5,2,5,9,13,39,30,30,13,13,13,19,20,10,0,0
8,3,0,0,0,1,2,3,6,5,6,7,11,32,55,55,27,14,13,12,7,1,0,5
3,0,0,0,3,5,6,3,6,12,11,12,25,55,208,241,44,13,11,8,1,0,2,0
4,0,0,0,8,3,4,3,9,13,12,11,12,32,135,163,70,14,12,10,7,0,7,8
0,0,2,1,0,3,10,12,12,8,11,9,10,11,30,51,68,52,23,14,14,10,12,7
8,7,8,5,3,1,9,10,8,10,10,8,7,13,14,23,55,72,39,18,14,9,0,10
0,4,0,3,4,3,2,9,10,10,12,8,5,12,17,52,62,82,52,20,12,10,5,0
0,0,0,2,0,0,0,8,11,11,11,6,12,9,12,51,58,54,26,12,10,8,8,2
1,0,0,0,0,0,0,0,4,13,12,10,8,11,11,14,41,27,14,11,10,0,6,0
0,0,0,5,3,0,0,5,9,12,9,6,8,10,7,5,13,9,4,3,8,0,0,0
5,3,0,0,2,4,8,8,5,4,4,10,8,7,9,4,4,4,11,9,0,0,6,3
0,5,0,0,0,0,0,0,0,3,8,8,1,8,7,0,0,3,10,0,0,6,6,0
4,0,6,5,5,0,1,7,0,0,5,9,7,10,1,0,0,6,2,3,7,0,3,6

3,3,0,0,0,0,0,0,0,2,4,6,8,12,18,11,5,9,2,0,0,0,0,0
0,0,0,0,0,0,0,0,0,7,6,12,13,11,8,20,11,8,3,1,0,2,0,0
7,4,0,0,5,0,5,18,30,38,26,44,43,41,33,28,25,34,14,13,11,0,0,4
1,7,13,13,12,6,21,38,40,50,52,53,53,50,40,39,35,31,33,13,10,0,0,0
0,3,5,10,13,15,17,33,48,45,54,53,62,50,51,49,50,43,29,24,12,0,0,0
6,8,10,13,24,33,41,45,49,51,52,52,54,57,53,51,54,52,40,36,15,0,0,0
2,7,9,10,10,14,28,51,51,54,57,52,52,51,54,40,18,43,13,12,3,0,0,0
0,0,0,4,12,45,56,63,65,73,84,65,53,51,56,57,50,12,8,3,7,0,2,5
0,0,0,10,16,52,54,64,107,129,98,81,62,64,72,77,72,54,46,14,4,2,0,0
0,0,1,7,25,52,55,73,112,132,106,103,83,89,98,104,126,79,55,37,14,9,0,2
3,2,7,11,32,51,51,70,93,112,111,93,84,101,101,108,102,77,55,14,17,11,6,3
0,0,2,4,48,42,38,66,100,113,109,99,82,105,105,106,81,56,14,9,37,32,9,0
2,0,0,19,58,23,29,53,75,100,103,83,101,103,99,86,71,37,5,7,24,34,16,2
8,10,11,47,60,16,21,65,66,72,102,91,101,105,101,96,50,5,0,7,9,50,14,11
0,4,13,33,57,10,8,45,52,53,66,76,93,99,84,38,14,0,2,11,24,81,47,19
8,9,11,53,6,5,4,47,53,52,55,60,73,68,56,49,11,10,7,8,9,15,13,6
7,12,19,14,8,11,14,60,56,65,72,65,73,62,58,64,51,12,5,0,1,0,2,0
13,30,33,26,22,34,43,71,71,105,135,129,100,90,72,53,39,19,10,13,12,15,5,6
7,14,12,10,13,14,56,103,76,124,138,132,121,87,85,102,73,14,8,10,8,9,3,4
10,10,11,6,12,30,60,121,139,156,194,192,191,175,145,133,115,55,10,6,1,0,8,8
8,6,10,16,15,26,69,111,120,144,188,213,200,169,138,124,105,61,14,10,12,12,4,3
11,8,8,13,14,23,42,72,124,149,176,157,147,148,122,107,68,33,11,14,12,8,6,0
24,18,14,20,16,24,15,24,47,88,106,84,100,112,102,88,50,24,12,13,10,7,8,7
12,8,11,10,4,0,7,11,27,44,68,45,38,62,59,53,26,12,3,9,7,7,6,0
8,8,0,0,0,1,5,12,13,12,20,14,12,25,41,25,16,10,0,7,0,0,0,3
8,9,10,0,0,1,10,10,12,13,13,22,11,40,41,42,13,7,0,11,1,0,0,5
5,7,3,0,0,0,5,11,12,12,9,14,12,14,27,25,13,7,0,7,0,0,0,2
8,10,10,0,0,0,0,11,13,12,9,16,13,35,30,29,13,0,4,9,0,0,1,3
5,4,0,0,0,0,0,4,11,7,6,10,9,29,17,20,13,4,11,12,5,6,0,0
4,8,0,0,0,3,5,7,9,6,4,14,14,33,34,35,26,9,8,7,4,10,6,0
8,6,4,0,4,13,13,15,14,14,16,24,15,27,34,32,23,16,11,11,10,5,7,5
3,0,0,0,0,2,4,4,5,2,5,9,13,37,27,30,13,13,13,19,21,10,0,0
8,3,0,0,0,1,2,3,6,5,6,7,11,33,55,55,27,14,13,12,7,1,0,5
3,0,0,0,3,5,6,3,6,12,11,12,22,55,208,241,44,13,11,8,1,0,2,0
4,0,0,0,8,3,5,3,9,12,12,11,12,31,136,163,70,14,12,10,7,0,8,8
0,0,2,1,0,3,10,12,11,7,11,9,10,11,29,51,68,52,23,14,14,10,12,7
9,7,7,5,2,1,9,10,8,10,10,8,7,13,14,23,55,72,39,18,14,9,0,10
0,4,0,3,3,3,1,9,10,9,12,8,5,12,16,52,62,82,52,19,12,11,5,0
0,0,0,2,0,0,0,8,11,12,11,6,12,9,13,51,58,54,26,12,10,8,8,2
0,0,0,0,0,0,0,0,4,13,11,10,8,11,11,14,41,27,14,11,10,0,6,0
0,0,0,5,3,0,0,5,9,12,9,6,8,10,7,5,13,9,5,3,8,0,0,0
4,3,0,0,1,4,8,7,5,4,4,10,8,7,9,4,4,4,11,8,0,0,6,3
0,5,0,0,0,0,0,0,0,3,8,8,1,8,7,0,0,3,10,0,0,6,6,0
4,0,6,5,5,0,1,7,0,0,5,9,7,10,1,0,0,6,2,3,7,0,3,6

3,3,0,0,0,0,0,0,0,2,4,6,9,12,18,11,5,9,2,0,0,0,0,0
0,0,0,0,0,0,0,0,0,7,6,12,13,11,8,19,11,8,3,1,0,2,0,0
8,4,0,0,5,0,5,20,31,39,29,44,43,41,33,29,25,35,14,13,11,0,0,4
1,7,13,13,12,6,22,37,41,50,52,53,53,50,39,39,34,31,33,13,10,0,0,0
0,3,5,10,14,18,17,34,50,45,54,53,61,50,51,49,50,42,29,25,12,0,0,0
6,8,10,13,24,33,41,45,49,51,52,52,54,57,53,51,53,52,40,36,15,0,0,0
2,8,9,11,11,14,28,51,51,54,58,52,52,51,54,43,19,43,13,12,3,0,0,0
0,0,0,4,12,45,56,63,65,73,84,65,53,51,56,57,50,12,8,3,7,0,2,5
0,0,0,10,17,52,54,64,107,129,97,81,62,64,72,77,73,54,47,14,4,2,0,0
0,0,1,7,25,52,55,73,112,131,106,103,83,88,98,104,125,79,55,37,14,9,0,2
3,2,7,11,32,51,51,70,92,111,111,92,83,101,100,108,102,77,55,14,17,11,6,3
0,0,3,4,48,44,37,66,99,113,108,99,82,105,105,106,81,56,14,9,37,32,10,0
2,0,0,19,59,23,30,53,75,100,103,83,100,103,100,85,71,37,5,7,24,35,16,2
8,10,11,45,60,17,22,65,66,72,102,90,101,105,101,96,50,5,0,7,9,50,14,11
0,4,13,32,57,11,8,45,52,53,66,76,94,100,83,39,14,0,2,11,24,81,47,19
8,9,11,52,6,5,4,48,53,52,55,60,73,67,57,49,10,10,7,8,9,14,13,6
7,12,21,14,9,11,14,60,56,65,72,65,74,63,58,64,51,12,5,0,1,0,2,0
13,30,33,26,22,34,43,71,71,105,134,129,100,90,72,53,39,19,10,13,12,15,5,6
7,14,12,10,13,14,57,103,76,124,138,132,121,87,85,102,73,14,8,10,8,9,3,4
10,10,11,6,12,31,60,121,139,157,194,192,191,176,145,133,115,55,10,6,1,0,8,8
8,6,10,16,16,26,69,111,120,144,188,213,200,169,139,124,105,61,14,10,12,12,4,3
11,8,8,13,14,24,42,72,125,150,177,157,147,148,122,108,68,33,11,14,12,8,5,0
24,17,14,19,16,25,16,25,47,88,106,85,101,112,103,89,51,25,12,13,10,7,8,7
12,8,11,10,4,0,7,11,27,45,68,44,36,62,59,53,27,12,3,9,7,7,6,0
8,8,0,0,0,1,5,13,13,12,23,14,13,25,41,27,16,11,0,7,0,0,0,3
8,9,10,0,0,1,10,10,12,13,13,21,11,39,38,42,13,7,0,11,1,0,0,5
5,7,3,0,0,0,5,11,12,12,9,15,12,14,27,26,13,7,0,7,0,0,0,2
8,10,10,0,0,0,0,11,13,12,9,17,13,35,29,29,13,0,4,9,0,0,1,3
5,4,0,0,0,0,0,4,10,7,6,10,9,27,18,19,13,4,11,12,5,6,0,0
4,8,0,0,0,3,4,7,9,6,4,14,14,33,34,35,26,9,8,7,4,10,7,0
8,6,4,0,3,13,13,15,14,14,16,25,16,27,34,32,23,16,11,11,10,5,7,5
3,0,0,0,0,1,4,4,5,2,5,9,13,39,27,31,13,13,13,19,21,10,0,0
8,3,0,0,0,1,3,3,6,5,6,7,11,33,55,55,28,14,13,12,7,1,0,5
3,0,0,0,3,5,6,3,6,11,11,12,23,55,208,241,44,13,11,8,1,0,2,0
4,0,0,0,8,3,5,3,9,13,12,11,12,32,136,164,70,14,12,10,7,0,8,8
0,0,1,1,0,3,9,11,12,7,11,8,10,11,29,51,68,52,22,14,13,10,12,7
9,7,7,5,2,1,9,10,8,10,10,8,7,13,14,23,55,72,40,19,14,9,0,10
0,4,0,2,3,3,1,9,10,9,12,8,4,12,17,52,62,83,52,20,12,11,5,0
0,0,0,2,0,0,0,8,11,12,11,6,12,9,13,51,58,54,27,12,10,9,8,2
0,0,0,0,0,0,0,0,4,13,11,9,8,11,11,14,42,28,14,11,10,0,6,0
0,0,0,5,3,0,0,4,9,12,9,6,8,10,7,5,13,9,5,3,8,0,1,0
4,3,0,0,1,4,8,7,4,4,4,10,8,7,9,4,4,4,11,9,0,0,6,3
0,5,0,0,0,0,0,0,0,2,8,8,1,8,7,0,0,3,10,0,0,6,6,0
4,0,6,5,5,0,1,7,0,0,5,9,7,10,1,0,0,6,2,3,7,0,3,6

3,3,0,0,0,0,0,0,0,2,4,6,9,12,18,11,5,9,2,0,0,0,0,0
0,0,0,0,0,0,0,0,0,7,6,12,13,11,8,20,11,8,3,1,0,2,0,0
7,4,0,0,5,0,5,20,31,38,29,46,43,40,33,29,25,35,14,13,11,0,0,4
1,7,13,13,12,6,20,38,39,50,52,53,52,50,41,38,34,31,34,13,10,0,0,0
0,3,5,10,13,17,17,35,48,46,54,53,62,50,51,50,50,43,29,25,12,0,0,0
7,9,10,13,24,33,41,44,49,51,52,52,53,57,53,51,54,52,41,36,16,0,0,0
2,8,9,10,11,14,29,51,51,54,58,52,52,51,54,43,19,44,13,12,3,0,0,0
0,0,0,4,12,43,56,63,65,73,84,65,53,51,56,57,50,12,8,3,7,0,2,5
0,0,0,10,17,52,55,64,107,128,97,81,62,64,72,77,72,54,46,14,4,2,0,0
0,0,1,7,24,51,55,72,111,129,105,102,83,88,97,103,124,79,55,37,14,9,0,2
3,2,7,11,32,51,51,70,91,109,110,92,83,100,100,107,101,76,55,14,17,12,6,3
0,0,2,4,47,42,37,66,98,112,108,98,82,105,104,105,80,55,14,9,36,31,9,0
2,0,0,19,58,23,30,53,75,100,103,83,101,103,100,84,70,37,5,7,24,34,16,2
8,10,11,45,60,16,24,64,66,72,102,90,101,106,101,96,50,5,0,7,8,50,14,11
0,4,13,33,57,11,8,50,52,53,67,76,95,100,87,40,14,0,2,11,24,81,46,19
8,9,11,52,6,5,4,47,53,52,55,60,73,68,57,50,11,10,7,8,9,14,13,6
7,12,20,14,9,11,14,60,56,65,72,65,73,63,58,64,51,12,5,0,1,0,2,0
13,30,33,26,22,34,43,71,71,105,135,129,100,90,73,53,39,19,10,13,12,15,5,6
7,14,12,10,13,14,57,103,76,124,138,132,121,87,85,102,73,14,8,10,8,9,3,4
10,10,11,6,12,31,60,121,140,158,195,193,192,176,145,133,115,55,10,6,1,0,8,8
8,6,10,16,16,26,70,112,120,144,189,214,201,170,139,124,105,61,14,10,12,12,4,3
11,8,8,13,14,23,42,72,125,150,177,157,147,148,123,107,69,33,11,14,12,8,6,0
23,17,14,19,16,25,17,26,47,89,106,86,101,112,103,89,51,25,12,13,10,7,8,6
12,8,10,10,4,0,7,11,28,44,68,44,35,62,59,52,26,12,3,9,7,7,6,0
8,8,0,0,0,0,5,13,13,12,20,14,13,25,40,25,16,11,0,7,0,0,0,3
8,9,10,0,0,1,10,10,12,13,13,21,11,39,41,40,13,7,0,11,1,0,0,5
5,6,3,0,0,0,5,11,11,12,9,15,12,14,26,25,13,7,0,7,0,0,0,2
8,10,10,0,0,0,0,11,12,12,9,17,13,36,29,30,13,0,4,9,0,0,1,3
5,4,0,0,0,0,0,4,10,7,5,10,9,28,17,20,13,4,11,12,5,6,0,0
4,8,0,0,0,2,5,7,9,6,4,14,14,33,35,35,26,9,8,7,4,10,6,0
7,6,4,0,3,13,13,15,14,14,16,24,16,27,34,32,23,16,11,11,10,5,7,5
3,0,0,0,0,1,4,4,5,2,5,9,13,39,27,29,13,13,13,19,21,10,0,0
8,3,0,0,0,1,3,3,6,5,6,7,11,33,55,55,27,14,13,12,7,1,0,5
3,0,0,0,3,4,6,3,5,11,11,12,22,55,208,241,44,13,11,8,1,0,2,0
4,0,0,0,8,3,4,3,9,12,12,11,12,31,136,164,70,14,12,10,7,0,8,8
0,0,1,1,0,3,9,11,11,8,11,8,10,11,29,51,68,52,22,14,14,10,12,7
9,7,7,4,2,1,8,10,8,10,10,8,7,13,14,23,55,72,39,19,14,9,0,10
0,4,0,2,3,3,1,9,10,10,12,8,4,12,17,52,62,83,52,20,12,10,5,0
0,0,0,2,0,0,0,8,11,11,11,6,12,10,13,51,58,54,27,12,10,8,8,2
0,0,0,0,0,0,0,0,3,13,11,9,8,11,11,14,41,28,14,11,10,0,6,0
0,0,0,5,2,0,0,4,9,12,9,6,8,10,7,5,13,9,5,3,8,0,1,0
4,3,0,0,1,4,8,7,4,4,4,9,8,7,9,4,4,4,11,9,0,0,6,3
0,5,0,0,0,0,0,0,0,2,8,8,0,8,7,0,0,3,10,0,0,6,6,0
4,0,6,5,5,0,1,7,0,0,5,9,7,10,0,0,0,6,2,3,7,0,3,6

3,3,0,0,0,0,0,0,0,2,4,6,9,12,18,11,5,9,2,0,0,0,0,0
0,0,0,0,0,0,0,0,0,7,6,12,13,11,8,19,11,8,3,1,0,2,0,0
7,3,0,0,5,0,5,21,31,39,27,46,42,43,32,29,25,34,14,13,11,0,0,4
1,7,13,13,12,6,22,38,40,50,52,53,52,50,42,38,36,31,33,13,10,0,0,0
0,3,5,10,13,17,18,34,48,46,54,53,62,50,51,50,50,42,29,25,12,0,0,0
7,9,11,13,24,33,41,45,49,51,52,52,54,57,53,51,53,52,40,36,16,0,0,0
2,8,9,10,11,14,28,51,51,54,58,52,52,51,54,42,18,45,13,12,3,0,0,0
0,0,0,4,12,44,56,63,65,73,84,65,53,51,56,57,50,12,8,3,7,0,2,5
0,0,0,10,17,52,54,64,106,128,97,81,62,64,71,77,72,53,47,14,4,2,0,0
0,0,1,7,25,52,55,73,110,129,105,102,83,88,97,103,123,78,55,37,14,9,0,2
3,2,7,11,31,51,51,70,91,109,110,92,83,101,100,106,101,76,55,14,17,12,6,3
0,0,2,4,48,42,38,66,98,112,108,98,81,105,104,105,80,55,14,9,36,32,10,0
2,0,0,20,58,23,30,52,75,100,103,83,100,103,99,84,70,36,5,7,24,34,16,2
9,10,11,47,60,15,24,65,66,72,102,90,101,105,101,96,50,5,0,7,9,50,14,11
0,4,13,33,57,10,8,47,52,53,66,76,95,100,85,39,14,0,2,11,23,80,46,19
9,9,11,52,6,5,4,50,53,52,55,60,73,69,57,49,11,10,7,8,9,14,13,6
7,12,20,14,9,11,14,60,56,65,71,65,73,63,58,64,51,12,5,0,1,0,2,0
13,30,33,26,22,34,43,72,71,105,135,129,100,90,73,53,39,19,10,13,12,15,5,6
7,14,12,10,13,14,56,103,77,124,139,133,121,88,85,102,73,14,8,10,8,9,3,4
10,10,11,6,12,31,60,122,140,158,195,193,192,176,145,133,115,55,10,6,1,0,8,8
8,6,10,16,15,27,70,112,121,144,189,214,201,170,139,124,106,62,14,10,12,12,4,3
11,8,8,13,14,24,42,73,125,151,178,157,148,148,123,108,68,33,11,14,13,8,6,0
24,17,14,19,16,25,17,26,47,90,106,86,101,112,103,89,51,25,12,13,10,7,8,7
12,8,11,10,4,0,7,12,28,45,69,45,38,63,59,53,28,12,3,9,7,7,6,0
8,8,0,0,0,0,5,13,13,12,20,14,12,27,40,27,16,11,0,7,0,0,0,3
8,9,10,0,0,1,10,10,12,13,13,21,11,39,42,40,13,7,0,11,1,0,0,5
4,6,3,0,0,0,5,11,12,12,9,14,12,14,27,26,13,7,0,8,0,0,0,2
8,10,10,0,0,0,0,11,12,12,9,16,13,36,29,29,13,0,4,9,0,0,1,3
5,4,0,0,0,0,0,4,10,7,5,10,9,28,16,20,13,4,11,12,5,6,0,0
4,8,0,0,0,2,4,7,9,6,4,14,14,33,34,35,27,9,8,7,4,10,7,0
7,6,4,0,2,13,13,15,14,14,16,24,16,27,35,32,23,16,11,11,10,5,7,5
4,0,0,0,0,1,4,4,5,2,5,9,14,39,27,30,13,13,13,19,21,10,0,0
8,3,0,0,0,1,2,3,6,5,6,7,11,32,55,55,28,14,13,12,7,1,0,5
3,0,0,0,3,4,6,3,5,12,11,12,23,55,209,241,44,13,11,8,1,0,2,0
4,0,0,0,8,3,4,3,9,13,12,11,12,32,137,165,70,14,12,10,7,0,8,8
0,0,1,1,0,3,9,11,11,8,11,8,10,11,29,51,68,52,23,14,14,10,12,7
8,7,7,4,2,0,8,10,8,10,10,8,7,13,14,23,55,72,39,19,14,9,0,10
0,4,0,2,3,3,1,9,10,9,12,8,4,12,17,52,62,83,52,20,12,11,5,0
0,0,0,2,0,0,0,8,11,11,11,6,12,9,13,51,58,54,27,12,10,8,8,2
0,0,0,0,0,0,0,0,3,13,11,9,8,11,11,14,42,28,14,11,10,0,6,0
0,0,0,5,2,0,0,4,8,12,9,5,8,10,7,5,13,9,5,3,8,0,1,0
5,3,0,0,2,4,8,7,4,4,4,9,8,7,9,4,5,4,11,9,0,0,6,3
0,5,0,0,0,0,0,0,0,2,8,8,0,8,7,0,0,3,10,0,0,6,6,0
4,0,6,5,5,0,1,7,0,0,5,9,7,10,0,0,0,6,2,3,7,0,3,6

3,3,0,0,0,0,0,0,0,2,4,6,9,12,18,11,5,9,2,0,0,0,0,0
0,0,0,0,0,0,0,0,0,7,6,12,13,11,8,20,11,8,3,1,0,2,0,0
7,4,0,0,6,0,5,21,31,38,29,46,42,42,33,29,25,34,14,13,11,0,0,4
1,7,13,13,12,6,21,38,40,50,52,53,52,50,42,38,34,31,34,13,10,0,0,0
0,3,5,10,13,17,17,34,50,44,54,53,62,50,51,49,50,41,29,24,12,0,0,0
7,9,11,13,24,33,41,45,49,51,52,52,54,57,53,51,54,52,40,36,16,0,0,0
2,8,9,10,11,14,29,51,51,54,57,52,52,51,54,41,18,44,13,12,3,0,0,0
0,0,0,5,12,44,56,63,65,73,84,65,53,51,56,57,50,12,8,3,7,0,2,5
0,0,0,10,17,52,54,64,107,128,97,81,62,63,71,76,72,54,46,14,4,3,0,0
0,0,1,7,25,52,55,73,111,130,105,102,83,88,97,103,124,79,55,37,14,9,0,2
3,2,7,11,32,51,51,70,92,110,110,92,83,100,100,107,102,76,55,14,17,12,6,3
0,0,2,4,48,42,39,66,99,112,108,98,82,105,105,105,81,56,14,9,37,32,10,0
2,0,0,19,57,24,29,52,75,100,103,83,100,103,100,85,70,37,5,7,24,34,16,2
8,10,11,46,60,15,24,64,66,72,102,90,101,105,101,96,51,5,0,7,9,50,14,11
0,4,13,31,57,11,8,45,52,53,66,76,95,100,83,39,14,0,2,11,24,81,46,19
9,9,11,53,6,5,4,48,53,52,55,60,72,68,57,49,11,10,8,8,9,14,13,6
7,12,20,14,9,11,14,60,56,65,71,65,73,62,58,64,51,12,5,0,1,0,2,0
13,31,33,26,22,34,44,72,72,105,135,129,100,90,73,53,39,19,10,13,12,15,5,6
7,14,12,10,13,14,56,103,77,124,139,133,121,88,85,102,73,14,8,10,8,9,3,4
10,10,11,6,13,32,60,122,140,158,196,194,193,176,145,133,115,56,10,6,1,0,8,8
8,6,10,16,15,26,69,112,121,144,189,215,201,170,139,124,105,62,14,10,12,12,4,3
11,8,8,13,14,24,43,73,125,151,178,158,148,148,123,108,69,33,11,14,13,8,6,0
23,17,14,19,16,24,18,26,47,90,106,87,101,112,103,89,51,25,12,13,10,7,8,6
12,8,11,10,4,0,7,12,30,45,68,46,38,63,59,53,28,12,3,9,7,7,6,0
8,7,0,0,0,0,4,13,13,12,21,14,12,25,40,25,15,11,0,7,0,0,0,3
8,9,10,0,0,1,10,10,12,13,13,22,11,39,42,42,13,7,0,11,1,0,0,5
4,6,3,0,0,0,5,11,11,12,9,15,12,14,26,25,13,7,0,7,0,0,0,2
8,10,10,0,0,0,0,11,12,12,9,18,13,36,30,29,13,0,4,9,0,0,1,3
5,3,0,0,0,0,0,4,10,7,5,10,9,27,17,19,13,4,11,12,5,6,0,0
4,8,0,0,0,2,4,7,9,6,4,14,14,33,35,35,26,9,8,7,4,10,7,0
7,6,4,0,1,13,12,15,14,14,15,24,16,27,34,32,23,16,11,11,10,5,7,5
3,0,0,0,0,0,4,4,5,2,5,9,13,37,28,30,13,13,13,19,21,10,0,0
8,3,0,0,0,1,2,3,6,5,6,7,11,32,55,55,27,14,13,12,7,1,0,6
3,0,0,0,3,4,6,3,4,12,11,12,24,55,209,242,44,13,11,8,2,0,3,0
4,0,0,0,8,3,4,3,9,12,12,11,12,32,137,165,70,14,12,10,7,0,8,8
0,0,1,1,0,3,9,12,11,8,11,8,10,11,30,51,68,52,23,14,14,10,12,7
9,7,7,4,2,0,8,10,8,10,10,8,7,13,14,23,55,72,39,19,14,9,0,10
0,4,0,2,3,3,1,9,10,9,12,8,4,12,17,52,62,83,52,20,12,11,5,0
0,0,0,1,0,0,0,7,11,11,10,6,12,9,13,51,58,54,27,12,10,8,8,2
1,0,0,0,0,0,0,0,3,13,11,9,8,11,11,14,42,28,14,11,10,0,6,0
0,0,0,5,2,0,0,4,8,12,9,5,8,10,7,5,13,9,5,3,8,0,1,0
4,3,0,0,2,4,8,7,4,3,4,10,8,7,9,4,4,4,11,8,0,0,6,3
0,5,0,0,0,0,0,0,0,2,8,8,0,7,7,0,0,3,10,0,0,6,6,0
4,0,6,5,5,0,1,7,0,0,5,9,7,10,0,0,0,6,2,3,7,0,3,6

3,3,0,0,0,0,0,0,0,2,4,6,8,12,18,11,6,9,2,0,0,0,0,0
0,0,0,0,0,0,0,0,0,7,6,12,13,11,8,20,11,8,3,1,0,2,0,0
8,4,0,0,5,0,5,18,31,39,29,43,42,41,34,29,25,34,14,13,11,0,0,4
1,7,13,13,12,6,22,38,40,50,52,53,52,50,41,38,35,31,34,13,10,0,0,0
0,3,5,10,13,16,17,31,48,45,54,53,62,50,51,49,50,41,29,25,12,0,0,0
7,9,11,13,24,33,41,45,49,51,52,52,54,57,53,51,54,52,41,36,16,0,0,0
2,8,9,11,11,14,28,51,51,54,57,52,52,51,54,41,18,43,13,12,3,0,0,0
0,0,0,5,12,44,56,63,65,73,84,65,53,51,56,57,50,12,8,3,7,0,2,5
0,0,0,10,17,52,54,64,107,128,97,81,62,63,71,77,72,54,47,14,4,3,0,0
0,0,1,7,25,52,56,73,112,131,106,102,83,88,98,104,125,79,55,37,14,9,0,2
3,2,7,11,32,51,51,70,92,111,111,92,83,101,101,108,102,76,55,14,17,12,6,3
0,0,3,4,48,42,39,66,100,113,109,99,82,105,105,106,81,56,14,9,37,32,10,0
2,0,0,20,57,24,29,53,75,100,103,83,100,103,99,85,71,37,5,7,24,34,16,2
8,10,11,47,60,16,22,64,66,72,102,90,101,105,101,96,50,5,0,7,9,50,14,11
0,4,13,33,57,10,8,45,52,53,66,75,93,99,83,38,14,0,2,11,25,81,47,19
8,9,11,52,6,5,5,48,53,52,55,60,72,67,56,49,11,10,8,8,9,15,13,6
7,12,19,14,9,11,14,60,56,64,71,65,73,63,58,64,51,12,5,0,1,0,2,0
13,30,33,26,22,34,43,72,72,105,135,129,100,90,72,53,39,19,10,13,12,15,5,6
7,14,12,10,13,14,57,103,77,125,139,133,121,88,85,102,73,14,8,10,8,9,3,4
10,10,11,6,13,32,60,122,140,159,196,194,193,176,145,133,115,55,10,6,1,0,8,8
8,6,10,16,16,26,70,112,121,145,189,214,201,170,139,124,105,62,14,10,12,12,4,3
11,8,8,13,14,25,43,73,126,151,178,158,148,148,123,108,68,33,11,14,13,8,5,0
23,17,14,19,16,24,19,27,47,90,106,87,101,112,103,89,51,25,12,13,10,7,8,6
12,8,11,10,4,0,7,12,30,45,69,45,38,63,59,53,28,12,3,9,7,7,6,0
8,7,0,0,0,0,5,13,13,12,21,14,13,26,40,25,16,11,0,7,0,0,0,3
7,9,10,0,0,0,10,10,12,13,13,22,11,39,41,42,13,7,0,11,1,0,0,5
4,6,3,0,0,0,4,11,12,12,9,14,12,14,26,26,13,7,0,8,0,0,0,2
8,10,10,0,0,0,0,11,12,12,9,18,13,36,30,29,13,0,4,9,0,0,1,3
5,3,0,0,0,0,0,4,10,7,5,9,8,28,18,19,13,4,11,12,5,6,0,0
4,8,0,0,0,2,4,7,9,6,3,14,14,33,34,35,27,9,8,7,4,10,6,0
7,6,4,0,1,12,12,15,14,14,15,25,16,27,34,32,23,16,11,11,10,5,7,5
3,0,0,0,0,0,3,4,5,2,4,10,13,40,27,30,13,13,13,19,21,10,0,0
8,3,0,0,0,1,2,3,6,5,6,7,11,32,55,55,27,14,13,12,7,1,0,6
3,0,0,0,2,4,5,3,3,11,11,12,23,55,209,242,44,13,11,8,2,0,3,0
4,0,0,0,8,3,4,3,9,13,12,11,12,32,137,165,71,14,12,10,7,0,8,8
0,0,1,1,0,3,9,11,12,8,11,8,10,11,30,51,68,52,23,14,14,10,12,7
9,7,7,4,2,0,8,10,8,10,10,8,7,13,14,23,55,72,39,19,14,9,0,10
0,4,0,2,3,3,1,9,10,9,12,7,4,12,17,52,62,83,52,20,13,11,5,0
0,0,0,1,0,0,0,7,11,12,10,6,12,10,13,51,58,53,27,12,10,8,8,2
0,0,0,0,0,0,0,0,3,13,11,9,8,11,11,14,42,27,14,11,10,0,6,0
0,0,0,5,2,0,0,4,8,12,9,6,8,10,7,5,13,9,5,3,8,0,1,0
5,3,0,0,2,4,8,7,4,3,4,10,8,7,9,4,4,5,11,8,0,0,6,3
0,5,0,0,0,0,0,0,0,2,8,8,0,7,7,0,0,3,10,0,0,6,6,0
4,0,6,5,5,0,1,7,0,0,5,9,6,11,0,0,0,6,2,3,7,0,3,6

3,3,0,0,0,0,0,0,0,3,4,6,9,12,18,11,5,9,2,0,0,0,0,0
0,0,0,0,0,0,0,0,0,7,6,12,13,11,8,19,11,8,3,1,0,2,0,0
8,4,0,0,6,0,5,20,31,38,29,44,42,42,33,28,25,34,14,13,11,0,0,4
1,7,13,13,12,6,22,38,40,50,52,53,52,50,41,38,34,31,34,13,10,0,0,0
0,3,5,10,13,16,17,34,48,45,54,53,62,50,51,49,50,42,29,25,12,0,0,0
7,9,11,13,24,33,40,45,49,51,52,52,53,56,53,51,53,52,41,36,15,0,0,0
2,8,9,11,11,14,29,51,51,54,57,52,52,51,53,42,18,43,13,12,3,0,0,0
0,0,0,4,12,45,56,63,65,73,84,65,53,51,56,57,50,12,8,3,7,0,2,5
0,0,0,10,17,52,54,64,107,129,97,81,62,64,71,77,73,54,46,14,4,3,0,0
0,0,1,8,25,52,55,73,112,131,106,103,83,88,98,104,125,79,55,37,14,9,0,2
3,2,7,11,32,51,51,70,92,111,111,93,83,101,101,108,103,77,55,14,17,12,6,3
0,0,3,4,49,42,38,66,100,113,109,99,82,105,105,106,81,56,14,9,37,32,10,0
2,0,0,20,59,24,30,53,75,100,103,83,100,103,100,86,71,37,5,7,24,34,16,2
8,10,11,46,60,16,24,63,66,72,102,90,101,105,101,96,50,5,0,7,9,50,14,11
0,4,13,33,57,10,8,47,52,53,66,75,93,100,84,38,14,0,2,11,25,81,48,19
8,9,11,52,6,5,4,47,53,52,55,60,72,68,56,48,11,10,8,8,9,15,13,6
7,12,20,14,9,11,14,60,56,64,71,65,73,62,58,64,51,12,5,0,1,0,2,0
13,30,33,26,22,34,43,72,72,105,135,129,100,91,72,53,39,19,10,13,12,16,5,6
7,14,12,10,13,14,57,103,77,125,139,133,122,88,85,102,73,14,8,10,8,9,3,4
10,10,11,6,12,32,60,122,140,159,196,194,193,177,145,133,115,55,10,6,1,0,8,8
8,6,10,17,16,26,70,112,121,145,189,215,201,170,139,124,105,62,14,10,12,12,4,3
11,8,8,13,14,24,42,73,125,151,178,158,148,148,123,108,68,33,11,14,13,8,6,0
24,18,14,19,17,25,19,27,48,91,106,88,101,112,103,90,52,25,12,13,10,7,8,7
12,8,11,9,4,0,7,12,30,47,69,45,36,62,59,53,27,12,3,9,7,7,6,0
8,7,0,0,0,0,5,13,13,12,20,14,13,25,40,27,16,11,0,7,0,0,0,3
7,9,10,0,0,0,10,10,12,13,13,21,11,40,41,41,13,7,0,11,1,0,0,5
4,6,3,0,0,0,4,11,11,12,9,15,12,14,27,25,13,7,0,8,0,0,0,2
7,10,10,0,0,0,0,11,12,12,9,17,13,35,30,30,13,0,4,9,0,0,1,3
5,3,0,0,0,0,0,4,10,7,5,9,8,29,18,22,13,4,11,12,5,6,0,0
3,8,0,0,0,2,4,7,9,5,3,14,14,32,34,35,27,9,8,7,4,10,6,0
7,6,4,0,1,12,12,15,14,14,15,25,16,27,34,32,23,16,11,11,10,5,7,5
3,0,0,0,0,0,3,4,5,2,5,9,14,36,27,30,13,13,13,19,21,10,0,1
8,3,0,0,0,0,2,3,6,5,6,7,11,32,55,55,27,14,13,12,7,1,0,6
3,0,0,0,2,4,5,4,3,11,11,12,23,55,210,243,44,13,11,8,2,0,3,0
4,0,0,0,8,3,4,3,9,12,12,11,12,31,137,166,71,14,12,10,7,0,8,8
0,0,1,0,0,2,9,11,11,8,11,8,10,11,29,51,68,52,23,14,14,10,12,7
9,7,7,4,2,0,8,10,8,10,10,8,7,13,14,23,54,72,39,20,14,9,0,10
0,4,0,2,3,3,1,9,10,9,12,7,4,12,17,52,62,83,52,20,12,11,5,0
0,0,0,1,0,0,0,7,11,12,10,6,12,10,13,51,58,54,27,12,10,8,8,2
0,0,0,0,0,0,0,0,3,13,11,9,8,11,11,14,42,27,14,11,10,0,6,0
0,0,0,5,2,0,0,4,8,12,9,5,8,10,7,5,13,9,5,3,9,0,1,0
4,3,0,0,1,4,8,7,4,3,4,10,8,7,9,4,4,4,11,8,0,0,6,3
0,5,0,0,0,0,0,0,0,2,8,8,0,7,7,0,0,3,10,0,0,6,6,0
4,0,6,5,5,0,1,7,0,0,5,9,6,11,0,0,0,6,2,3,7,0,3,6

3,3,0,0,0,0,0,0,0,3,4,7,9,12,18,11,5,9,2,0,0,0,0,0
0,0,0,0,0,0,0,0,0,7,6,12,13,11,8,19,11,8,3,1,0,2,0,0
8,4,0,0,6,0,5,22,31,38,29,46,43,42,34,29,25,34,14,13,11,0,0,4
1,7,13,13,12,6,22,37,41,50,52,53,52,50,39,39,34,31,33,13,10,0,0,0
0,3,5,10,14,17,17,34,50,46,54,53,62,50,51,49,50,43,29,25,12,0,0,0
7,9,11,13,24,32,41,44,49,51,52,52,53,57,53,51,54,52,40,36,16,0,0,0
2,8,9,11,11,14,29,51,51,54,58,52,52,52,54,42,19,43,13,12,3,0,0,0
0,0,0,4,12,45,56,63,65,73,84,65,53,51,56,57,50,12,8,3,7,0,2,5
0,0,0,10,17,52,54,64,108,129,97,81,62,64,71,77,72,54,46,14,5,3,0,0
0,0,1,7,24,52,55,73,112,131,106,102,83,88,97,104,125,79,55,37,14,9,0,2
3,2,7,11,33,51,51,70,92,111,111,92,83,101,101,108,102,77,55,14,17,12,6,3
0,0,3,4,48,42,38,66,99,113,109,99,82,105,105,106,81,56,14,9,37,32,10,0
3,0,0,20,59,25,30,53,75,100,103,83,100,103,99,85,71,37,5,7,25,35,16,2
8,10,11,45,60,16,22,64,66,72,102,90,101,105,101,96,50,5,0,7,9,50,14,11
0,4,13,33,57,11,8,45,52,53,66,76,93,100,83,38,14,0,2,11,25,81,47,19
8,9,11,52,6,5,4,47,53,52,55,60,72,67,56,49,11,10,8,8,9,15,13,6
7,12,20,14,9,11,14,60,56,64,71,65,73,62,58,64,51,12,5,0,1,0,2,0
13,30,33,26,22,34,43,72,72,105,135,129,100,90,72,52,39,19,10,13,12,16,5,6
7,14,12,10,13,14,57,103,77,125,139,133,122,88,85,102,73,14,8,10,8,9,3,4
10,10,11,6,12,32,60,122,140,159,196,194,193,177,145,133,115,55,10,6,1,0,8,8
8,6,10,16,16,27,70,112,121,145,189,215,201,170,139,124,105,62,14,10,13,12,4,3
11,8,8,13,14,24,42,74,126,151,178,158,148,148,123,108,68,33,11,14,12,8,6,0
23,18,14,19,16,25,20,27,48,91,107,88,101,112,103,89,51,25,12,13,10,7,8,7
12,8,10,9,3,0,7,12,30,45,69,44,35,62,59,52,28,12,3,9,7,7,6,0
8,8,0,0,0,0,4,13,13,12,20,14,13,26,38,27,16,11,0,7,0,0,0,3
7,9,10,0,0,0,10,10,12,13,13,22,11,39,42,41,13,7,0,11,1,0,0,5
4,6,3,0,0,0,4,11,11,12,9,15,12,14,28,26,13,7,0,8,0,0,0,2
8,10,9,0,0,0,0,11,12,12,9,16,13,35,30,28,13,0,4,9,0,0,1,3
5,3,0,0,0,0,0,4,10,7,5,10,8,28,19,20,13,4,11,12,5,6,0,0
3,8,0,0,0,1,4,7,8,5,3,14,14,32,34,35,27,9,8,7,4,10,6,0
7,6,4,0,1,12,12,15,14,14,15,25,16,27,35,32,23,16,11,11,10,5,7,5
3,0,0,0,0,0,3,3,5,2,4,10,13,37,25,29,13,13,13,19,21,10,0,0
8,3,0,0,0,0,2,3,6,5,6,8,11,32,55,55,27,14,13,12,7,1,0,6
3,0,0,0,2,4,5,3,3,11,11,12,22,55,210,243,44,13,11,8,1,0,3,0
4,0,0,0,8,3,4,3,9,12,12,11,12,31,138,166,71,14,12,10,7,0,8,8
0,0,1,0,0,2,9,11,11,8,11,8,10,11,29,51,68,52,23,14,14,10,12,7
9,7,7,4,2,0,8,10,7,10,10,8,7,13,14,23,55,72,39,19,14,9,0,10
0,4,0,2,3,3,1,9,10,9,12,7,4,12,18,52,62,83,52,20,12,11,6,0
0,0,0,1,0,0,0,7,11,12,10,6,12,10,13,51,58,53,27,12,10,9,8,2
0,0,0,0,0,0,0,0,3,13,11,9,8,11,11,14,42,28,14,11,10,0,6,0
0,0,0,5,2,0,0,4,8,12,9,6,8,10,7,5,13,9,5,3,9,0,1,0
5,3,0,0,1,4,8,7,4,3,4,9,8,7,9,4,5,4,11,8,0,0,6,3
0,5,0,0,0,0,0,0,0,2,8,8,0,7,7,0,0,3,10,0,0,6,6,0
4,0,6,5,5,0,1,7,0,0,5,9,6,11,0,0,0,6,2,3,7,0,3,6

3,3,0,0,0,0,0,0,0,3,4,7,9,12,18,11,6,9,2,0,0,0,0,0
0,0,0,0,0,0,0,0,0,7,6,12,13,11,8,20,11,8,3,1,0,2,0,0
8,4,0,0,6,0,5,21,33,39,29,47,43,41,34,30,25,34,14,13,11,0,0,4
1,7,13,13,12,6,22,38,40,50,53,53,52,50,41,38,34,31,33,13,10,0,0,0
0,3,5,10,13,17,18,34,50,47,54,53,62,50,51,50,50,43,29,25,12,0,0,0
7,9,11,13,24,33,41,45,49,51,52,52,54,57,53,51,54,52,40,36,16,0,0,0
2,8,9,11,11,14,28,51,51,54,58,52,52,51,54,43,19,44,13,12,3,0,0,0
0,0,0,5,12,44,56,63,65,73,84,65,53,51,56,57,50,12,8,3,7,0,2,5
0,0,0,10,17,52,54,64,107,128,97,81,62,64,72,77,72,54,46,14,5,3,0,0
0,0,1,7,24,52,55,73,111,129,105,102,83,88,97,103,124,79,55,37,14,9,0,2
3,2,7,11,32,51,51,70,92,109,110,92,83,100,100,107,101,76,55,14,17,12,6,3
0,0,3,4,48,42,38,66,98,112,108,98,82,105,104,105,80,55,14,9,36,32,10,0
2,0,0,19,57,25,30,53,75,100,103,83,100,103,99,85,70,36,5,7,24,35,16,2
9,10,11,46,60,15,24,64,66,72,102,90,101,106,101,96,50,5,0,7,9,50,14,11
0,4,13,32,57,11,8,47,52,53,66,76,95,100,85,39,14,0,2,11,24,81,46,19
9,9,11,52,6,5,5,48,53,52,55,60,72,68,57,49,11,10,8,8,9,14,13,6
7,12,20,14,9,11,14,60,56,64,71,65,73,63,58,64,51,12,5,0,1,0,2,0
13,30,33,26,22,34,44,72,72,105,135,129,100,91,72,53,39,19,10,13,12,15,5,6
7,14,12,10,13,14,57,103,77,125,139,133,122,88,85,102,74,14,8,10,8,9,3,4
10,10,11,6,13,32,60,122,140,159,196,194,194,177,146,133,115,56,10,6,1,0,8,8
8,6,10,16,16,26,70,112,121,145,189,215,202,170,139,124,105,63,14,10,13,12,4,3
11,8,8,13,15,24,43,74,126,151,178,159,148,148,123,108,69,33,11,14,13,8,6,0
24,17,14,19,16,25,20,28,48,92,107,88,101,112,103,90,52,25,12,13,10,7,8,7
12,8,10,9,3,0,7,12,30,48,69,44,38,62,59,53,28,12,3,9,7,7,6,0
8,7,0,0,0,0,4,13,13,12,21,14,13,26,40,27,16,11,0,7,0,0,0,3
7,9,9,0,0,0,10,10,12,13,13,21,11,39,42,41,13,7,0,11,1,0,0,5
4,6,2,0,0,0,4,11,11,12,9,15,12,14,28,25,13,7,0,8,0,0,0,2
8,10,10,0,0,0,0,11,12,12,9,17,13,37,29,29,13,0,4,9,0,0,1,3
5,3,0,0,0,0,0,4,10,7,5,9,9,29,18,20,13,4,11,12,5,6,0,0
3,8,0,0,0,1,4,7,8,5,3,14,14,33,34,35,27,9,8,7,4,10,6,0
7,5,4,0,1,12,12,15,14,14,15,25,16,27,34,32,23,16,11,11,10,5,7,5
3,0,0,0,0,0,3,3,5,2,4,9,14,39,27,30,13,13,13,20,21,10,0,0
8,3,0,0,0,1,2,3,6,5,6,7,11,32,55,55,27,14,13,12,7,1,0,6
3,0,0,0,2,4,5,4,3,12,11,12,23,55,210,243,44,13,11,8,2,0,3,0
4,0,0,0,8,2,4,3,9,12,12,11,12,33,138,166,71,14,12,10,7,0,8,8
0,0,1,0,0,2,10,11,11,8,11,8,11,11,30,51,69,52,24,14,14,10,12,7
9,7,7,4,1,0,8,10,7,10,10,8,7,13,14,23,55,73,39,20,14,9,0,10
0,4,0,2,3,3,1,9,10,10,12,7,4,12,17,52,62,83,52,20,12,11,6,0
0,0,0,1,0,0,0,7,11,12,11,6,12,10,13,51,58,54,27,12,10,8,8,2
1,0,0,0,0,0,0,0,3,13,11,9,8,11,11,14,43,28,14,11,10,0,6,0
0,0,0,4,2,0,0,4,8,12,9,5,8,10,7,5,13,9,5,3,9,0,1,0
5,3,0,0,1,4,8,7,4,3,4,9,8,7,9,4,5,4,11,9,0,0,6,3
0,5,0,0,0,0,0,0,0,2,8,8,0,7,7,0,0,3,10,0,0,6,6,0
4,0,6,5,5,0,1,7,0,0,5,9,6,10,0,0,0,6,2,3,7,0,3,6

3,3,0,0,0,0,0,0,0,3,4,7,9,12,18,11,6,9,2,0,0,0,0,0
0,0,0,0,0,0,0,0,0,7,6,12,13,11,8,20,11,8,3,1,0,2,0,0
8,4,0,0,6,0,5,21,31,39,29,46,45,42,33,29,25,34,14,13,11,0,0,4
1,7,13,13,12,6,22,38,41,51,52,54,52,50,40,38,36,31,34,13,10,0,0,0
0,3,5,10,13,18,17,35,50,46,54,53,62,50,51,50,50,43,29,25,12,0,0,0
7,9,11,13,24,33,41,45,49,51,52,52,54,57,53,51,54,52,41,36,16,0,0,0
2,8,9,11,11,14,28,51,51,54,58,52,52,51,54,42,18,44,13,12,3,0,0,0
0,0,0,5,12,45,56,63,65,73,84,65,53,51,56,57,50,12,8,3,7,0,2,5
0,0,0,10,17,52,54,64,107,128,97,81,62,64,72,77,72,54,47,14,5,3,0,0
0,0,1,7,25,52,55,73,110,128,105,103,83,88,97,102,123,78,55,36,14,9,0,2
3,2,7,11,31,51,51,70,91,109,110,92,83,100,100,106,100,76,55,14,17,12,6,3
0,0,3,4,48,42,38,66,98,112,108,98,82,105,104,105,80,55,14,9,37,32,10,0
2,0,0,19,57,23,30,52,75,100,103,83,101,103,99,84,70,36,5,7,24,34,16,2
9,10,11,47,60,14,24,65,66,72,102,90,101,106,101,96,50,5,0,7,8,50,14,11
0,4,13,31,56,11,8,47,52,53,66,75,95,100,85,40,14,0,2,11,24,80,46,18
9,9,11,52,6,5,5,50,54,52,55,60,73,68,57,50,11,10,8,8,9,14,13,6
7,12,20,14,9,11,14,60,56,64,71,65,73,63,58,64,51,12,5,0,1,0,2,0
13,30,33,26,22,34,44,72,72,105,135,129,100,91,73,53,40,19,10,13,12,15,5,6
7,14,12,10,13,14,57,103,78,125,139,133,122,88,85,102,74,14,8,10,9,9,3,4
10,10,11,6,12,32,60,122,141,160,197,195,194,178,146,133,115,56,10,6,1,0,8,8
8,6,10,16,16,26,70,112,121,145,190,215,202,170,139,124,105,63,14,10,13,12,4,3
11,8,8,13,14,24,43,74,126,152,179,159,148,148,123,108,69,33,11,14,13,8,6,0
23,17,14,19,16,25,21,28,48,92,107,88,101,112,103,90,52,25,12,13,10,7,8,7
12,8,11,9,3,0,7,12,31,48,69,45,36,62,60,53,27,12,3,9,7,7,6,0
7,7,0,0,0,0,4,13,13,12,20,14,13,27,40,27,18,11,0,7,0,0,0,3
7,9,10,0,0,0,9,10,12,13,13,23,11,41,42,41,14,7,0,11,1,0,0,5
4,6,2,0,0,0,4,11,11,12,9,14,12,14,27,26,13,7,0,8,0,0,0,2
8,10,10,0,0,0,0,11,12,12,9,16,13,36,29,29,13,0,4,9,0,0,1,3
4,3,0,0,0,0,0,4,10,6,5,9,9,28,17,20,13,4,11,12,5,6,0,0
3,8,0,0,0,1,4,7,8,5,3,14,14,32,34,35,27,9,8,7,4,10,6,0
7,5,4,0,0,12,12,14,14,14,15,25,16,27,34,32,23,16,11,11,10,5,7,5
3,0,0,0,0,0,3,3,5,2,5,10,14,36,28,29,13,13,13,20,21,10,0,0
8,3,0,0,0,0,2,3,6,5,6,7,11,32,55,55,26,14,13,12,7,1,0,6
3,0,0,0,2,4,5,4,3,12,11,12,24,55,210,243,44,13,11,8,2,0,3,0
3,0,0,0,8,2,4,3,9,12,12,11,12,31,138,167,71,14,12,10,7,0,8,8
0,0,1,0,0,2,9,11,12,8,11,8,11,11,29,51,69,52,24,14,14,10,12,7
8,7,7,4,1,0,8,10,7,10,10,8,7,13,14,23,54,73,39,20,14,9,0,10
0,4,0,2,3,3,1,9,10,9,12,7,4,12,18,52,62,83,52,20,13,11,6,0
0,0,0,1,0,0,0,7,11,11,11,6,12,10,13,51,58,53,27,12,10,8,8,2
1,0,0,0,0,0,0,0,3,13,11,9,8,11,11,14,42,28,14,11,10,0,6,0
0,0,0,4,2,0,0,4,8,12,9,5,7,10,7,5,13,9,5,3,8,0,1,0
5,3,0,0,1,4,7,6,4,3,4,10,8,7,9,4,5,4,11,8,0,0,6,3
0,5,0,0,0,0,0,0,0,2,8,8,0,7,7,0,0,3,10,0,0,6,6,0
4,0,6,5,5,0,1,7,0,0,5,9,6,10,0,0,0,6,2,3,7,0,3,6
0,0,0,0,0,0,6,0,2,0,1,0,0,0,0,0,0,0,0,0,0,0,5,4
0,0,3,0,0,0,4,6,0,0,0,1,0,0,0,0,0,0,0,0,0,0,0,0
7,0,0,12,12,13,31,22,14,14,21,14,25,14,13,15,13,1,0,8,0,0,8,10
1,0,0,10,12,32,31,30,31,32,44,50,50,44,41,34,31,19,6,13,14,15,12,6
0,0,0,13,25,29,42,48,49,51,50,61,53,53,45,46,33,17,19,14,12,10,8,0
0,0,0,16,36,40,52,53,51,54,57,54,53,53,52,50,46,42,35,26,14,12,10,7
0,0,0,3,12,13,43,17,37,54,51,52,52,58,54,52,52,32,17,11,12,10,9,4
6,6,0,8,3,8,12,50,59,57,51,54,69,94,79,67,64,56,43,13,6,0,0,0
0,0,3,3,12,45,55,76,83,77,67,66,96,117,139,113,67,55,52,19,12,0,0,0
2,0,9,14,36,56,86,131,111,106,99,92,119,124,147,122,77,56,52,30,9,3,0,0
3,5,10,14,13,55,81,107,115,112,111,93,103,126,126,102,73,52,52,35,12,9,6,4
0,9,25,34,7,19,57,85,113,114,110,91,108,118,123,104,68,40,43,48,0,1,0,0
3,15,34,24,10,9,38,74,96,101,104,103,89,105,103,80,53,29,18,58,15,0,0,2
11,14,46,10,8,0,7,50,99,102,105,102,94,103,74,68,67,18,21,59,45,11,10,8
18,45,73,14,11,3,0,14,38,82,100,98,79,67,53,52,42,10,7,57,35,13,4,0
6,14,14,7,6,5,8,9,46,57,71,77,61,55,52,53,40,4,5,6,52,11,9,8
0,1,0,0,0,6,12,51,65,59,65,79,67,73,65,55,57,13,10,7,14,21,12,7
6,5,14,12,13,10,21,40,55,76,95,105,132,133,103,68,69,42,32,18,26,33,30,13
4,3,9,8,10,8,14,75,103,87,87,118,128,131,118,71,101,52,13,12,10,12,14,7
8,8,0,1,6,10,57,115,133,145,171,181,177,180,147,132,116,57,22,12,6,11,10,10
3,4,11,12,9,14,61,105,124,138,166,194,199,179,139,114,106,63,24,15,16,10,6,8
0,5,8,12,14,11,33,68,107,122,146,143,148,168,143,120,64,39,21,14,13,7,7,11
7,8,7,10,13,12,24,49,88,102,110,94,74,101,77,45,18,12,23,16,19,14,16,23
0,6,7,7,9,3,12,25,51,57,60,33,39,67,31,15,11,6,0,3,10,10,8,12
2,0,0,0,6,0,10,14,27,36,21,12,13,16,11,12,11,5,2,0,0,0,8,8
4,0,0,0,10,0,7,13,41,40,37,11,19,13,13,12,10,10,3,0,0,10,9,8
2,0,0,1,7,0,7,13,23,27,14,11,14,9,12,11,11,7,0,0,0,5,7,5
2,1,0,0,8,3,0,12,29,31,35,13,16,9,12,13,12,0,0,1,0,10,10,8
0,0,6,5,11,11,4,13,19,17,26,9,10,6,7,11,4,0,0,0,0,0,5,5
0,6,10,4,7,8,8,26,35,34,33,13,14,6,7,9,7,5,4,0,0,0,8,5
5,7,5,10,11,11,15,23,32,35,27,16,24,17,14,15,16,13,13,7,0,5,7,8
0,0,10,21,19,13,13,13,32,28,39,13,9,5,2,6,5,6,5,0,0,0,0,4
5,0,1,7,12,13,14,29,56,55,34,11,7,6,5,6,4,3,1,0,0,0,3,8
0,2,0,1,8,11,13,44,241,209,56,25,12,11,12,6,3,7,5,4,0,0,0,3
8,7,0,7,10,12,15,70,161,135,33,12,11,13,13,9,3,4,4,9,0,0,0,4
7,12,10,13,14,22,52,67,51,29,11,11,9,12,7,12,12,10,4,1,2,2,0,0
10,0,9,14,17,40,72,54,23,13,13,7,9,11,10,7,10,10,3,4,6,8,7,9
0,5,10,12,19,52,81,61,52,16,12,5,9,12,10,10,10,2,4,5,4,0,5,0
2,8,8,10,12,26,54,58,51,12,9,13,7,11,11,11,8,0,0,0,3,0,0,0
0,6,0,9,10,14,26,39,14,11,11,9,10,12,13,5,0,0,0,0,0,0,0,1
0,0,0,8,3,4,8,12,5,6,10,8,6,10,12,10,7,0,0,3,5,0,0,0
3,6,0,0,8,11,4,4,4,9,7,9,10,5,5,5,8,9,4,0,0,0,3,5
0,6,6,0,0,10,3,0,0,7,9,3,8,8,4,0,0,0,0,0,0,0,5,0
6,3,0,7,3,2,5,0,0,1,10,8,8,6,0,0,7,1,0,5,5,6,0,4

0,0,0,0,0,2,9,4,10,15,11,8,5,1,0,0,0,0,0,0,0,0,1,1
0,0,2,0,0,2,8,11,18,7,10,12,11,4,6,0,0,0,0,0,0,0,0,0
4,0,0,11,12,14,34,25,27,32,41,40,43,24,33,26,15,3,0,3,0,0,4,7
0,0,0,10,12,34,31,34,38,41,50,52,54,52,48,39,38,20,6,12,12,13,7,0
0,0,0,12,24,29,42,50,50,51,50,62,53,54,44,48,33,16,16,13,10,5,3,0
0,0,0,15,36,40,52,53,51,53,57,54,52,52,51,49,45,41,33,24,13,10,8,5
0,0,0,2,12,13,42,18,41,54,51,52,52,58,54,51,51,29,14,10,10,9,8,2
5,3,0,7,2,8,12,50,58,56,51,53,66,86,74,65,63,55,43,12,4,0,0,0
0,0,3,4,13,45,54,73,78,73,64,63,84,101,130,108,64,54,52,16,10,0,0,0
2,0,9,14,36,55,80,125,104,99,90,85,106,109,132,113,73,55,52,24,7,2,0,0
3,6,11,15,14,55,77,102,108,101,102,85,94,113,112,93,71,51,51,32,11,8,3,4
0,9,30,36,8,14,55,81,106,105,105,83,100,110,114,100,66,37,42,48,4,3,0,0
2,15,34,24,7,5,37,70,86,100,103,101,84,103,100,76,53,29,22,58,19,0,0,2
11,14,50,9,8,0,5,50,96,101,105,101,92,103,73,67,66,21,16,59,45,11,10,8
18,44,78,21,11,3,0,14,39,86,100,97,78,67,53,52,50,8,10,57,32,13,4,0
6,13,14,8,7,7,10,10,50,57,69,75,61,55,52,54,45,4,5,6,51,11,9,8
0,2,0,0,0,5,12,51,65,58,63,75,66,73,65,56,59,13,10,8,14,21,12,7
6,5,15,12,13,10,19,40,53,73,90,100,130,135,105,70,71,43,33,21,26,33,30,13
4,3,9,8,10,8,14,73,102,85,86,119,131,136,122,74,102,56,14,12,10,12,14,7
8,8,0,1,6,10,54,114,132,144,172,187,188,190,153,137,120,59,29,12,6,11,10,10
3,4,12,12,9,14,60,105,124,138,167,198,210,186,142,119,110,68,26,16,16,10,6,8
0,6,8,12,14,11,32,67,107,121,146,145,153,173,147,123,69,40,23,14,13,8,8,11
6,8,7,10,13,12,23,48,87,102,111,100,79,104,83,46,20,13,24,16,19,14,17,24
0,6,7,7,9,3,12,24,51,57,60,35,43,68,40,21,11,6,0,4,10,10,8,12
3,0,0,0,6,0,10,16,25,38,25,12,14,20,11,12,12,6,1,0,0,0,8,8
5,0,0,1,10,0,7,13,41,38,37,11,23,13,13,12,10,11,2,0,0,10,9,8
2,0,0,0,7,0,7,13,25,28,14,12,16,10,12,12,11,7,0,0,0,4,7,5
3,1,0,0,9,3,0,12,28,27,33,13,17,9,13,13,12,0,0,1,0,10,10,8
0,0,6,5,12,10,4,13,19,17,28,9,10,6,7,11,5,0,0,0,0,0,4,5
0,7,10,4,7,8,8,26,35,34,33,14,14,5,7,9,7,5,4,0,0,0,8,4
5,6,5,10,11,11,15,22,32,34,27,16,25,17,14,15,15,13,13,6,0,5,6,8
0,0,9,20,19,13,13,13,31,27,40,13,9,5,2,6,5,5,4,0,0,0,0,4
5,0,1,7,12,13,14,27,55,55,32,11,7,6,5,6,3,3,1,0,0,0,3,8
0,2,0,1,8,11,13,43,238,209,55,24,12,11,12,6,3,6,5,3,0,0,0,3
8,7,0,7,10,12,14,69,160,135,32,12,11,12,13,9,3,4,4,9,0,0,0,4
7,12,10,13,13,21,52,67,51,29,11,10,9,11,7,11,11,10,3,0,2,2,0,0
10,0,9,14,17,39,71,55,23,14,13,7,9,10,10,8,10,10,3,4,6,8,7,9
0,5,10,12,19,52,81,62,52,16,12,5,8,12,10,10,9,2,4,4,4,0,5,0
2,8,8,10,12,27,54,58,51,13,10,13,7,11,12,11,8,0,0,0,3,0,0,0
0,6,0,9,10,14,26,41,14,11,11,8,10,12,13,4,0,0,0,0,0,0,0,1
0,0,0,8,3,4,9,13,5,7,10,8,6,10,12,10,6,0,0,3,5,0,0,0
3,6,0,0,8,11,4,4,4,9,7,9,10,5,5,5,8,8,4,1,0,0,3,5
0,6,6,0,0,10,3,0,0,7,8,2,8,8,3,0,0,0,0,0,0,0,5,0
6,3,0,7,3,2,5,0,0,1,10,8,8,5,0,0,7,1,0,5,5,6,0,4

0,0,0,0,0,2,9,5,11,18,12,9,6,3,2,0,0,0,0,0,0,0,2,2
0,0,1,0,1,2,8,11,19,8,11,13,12,5,7,0,0,0,0,0,0,0,0,0
4,0,0,11,13,14,34,25,29,34,43,43,44,27,37,29,20,4,0,4,0,0,3,7
0,0,0,10,12,33,31,34,38,41,50,52,53,51,50,38,36,20,6,12,13,13,6,0
0,0,0,12,24,29,42,50,50,51,50,62,53,54,45,48,34,17,17,13,9,4,2,0
0,0,0,15,36,40,52,53,51,53,57,54,52,52,51,49,45,41,33,25,13,10,8,6
0,0,0,3,12,13,42,18,42,54,52,52,52,58,54,51,51,28,14,10,10,9,7,2
5,2,0,7,3,8,12,50,57,56,51,53,65,85,73,65,63,55,43,12,4,0,0,0
0,0,2,4,14,46,54,72,77,72,64,62,82,98,128,107,64,54,52,17,10,0,0,0
2,0,9,14,36,55,79,124,103,97,88,83,103,106,130,111,73,55,51,24,7,1,0,0
3,6,11,16,14,55,76,101,107,100,101,83,93,111,110,92,70,51,51,33,11,7,2,3
0,9,31,36,9,14,55,80,105,105,105,82,98,108,112,99,66,37,42,48,4,2,0,0
2,15,34,24,7,5,36,71,86,99,103,101,83,103,100,75,52,30,22,58,20,0,0,2
11,14,50,9,7,0,5,50,96,101,105,101,91,102,72,66,65,22,15,60,47,11,10,8
18,45,80,22,11,2,0,14,40,86,100,96,77,67,53,52,47,8,10,57,33,13,4,0
6,13,14,8,8,7,10,11,50,57,69,74,60,55,52,53,47,4,5,6,52,11,9,9
0,2,0,0,0,5,12,51,65,58,63,75,66,72,65,56,59,14,10,8,14,21,12,7
6,5,15,12,13,10,19,40,53,73,90,100,129,135,105,70,71,43,33,21,26,33,30,13
4,3,9,8,10,8,14,74,102,85,87,120,131,137,123,75,103,56,14,13,10,12,14,7
8,8,0,1,6,10,55,115,133,145,174,189,190,192,154,138,120,59,28,12,6,11,10,10
3,4,12,12,10,14,61,105,124,139,168,198,211,187,143,119,111,69,26,15,16,10,6,8
0,6,8,12,14,11,33,68,107,122,147,146,155,175,149,124,70,41,23,14,13,8,8,11
6,8,7,10,13,12,24,49,88,102,111,100,82,104,85,46,21,14,24,16,19,14,17,24
0,6,7,7,9,3,12,26,52,58,62,35,44,68,43,22,11,7,0,4,10,11,8,12
3,0,0,0,7,0,10,15,27,40,22,12,14,20,11,12,12,5,1,0,0,0,8,8
5,0,0,1,11,0,7,13,38,41,39,11,22,13,13,12,10,11,2,0,0,10,9,8
2,0,0,0,7,0,7,13,26,27,14,12,15,10,12,12,11,7,0,0,0,4,7,5
3,1,0,0,9,3,0,13,28,29,33,13,16,9,13,13,12,0,0,0,0,10,10,8
0,0,6,5,12,11,4,13,19,18,27,9,10,6,7,11,5,0,0,0,0,0,4,5
0,7,10,4,7,8,8,26,35,34,33,14,14,5,7,9,7,5,3,0,0,0,9,4
5,7,5,10,11,11,15,23,32,34,27,16,25,17,14,15,15,13,13,6,0,5,6,8
0,0,10,20,19,13,13,13,30,27,39,13,9,4,2,5,5,5,3,0,0,0,0,4
5,0,1,7,12,13,14,26,55,55,32,11,7,6,5,6,3,3,1,0,0,0,3,8
0,2,0,1,8,11,13,44,239,207,55,24,12,11,12,6,3,6,5,3,0,0,0,3
8,7,0,7,10,12,14,70,162,135,32,12,11,12,13,9,3,4,4,9,0,0,0,4
7,12,10,13,14,22,52,67,51,30,11,10,9,11,7,11,12,10,3,0,2,2,0,0
10,0,9,14,18,39,72,55,23,13,13,7,9,10,10,8,10,9,2,3,5,8,7,8
0,5,10,12,19,52,82,62,52,16,12,5,8,12,10,10,9,2,4,4,3,0,4,0
2,8,8,10,12,27,54,58,51,12,10,13,6,11,12,11,8,0,0,0,3,0,0,0
0,6,0,10,11,14,27,41,14,11,11,8,10,12,13,4,0,0,0,0,0,0,0,1
0,0,0,8,3,4,9,13,5,7,10,8,6,10,12,9,6,0,0,3,5,0,0,0
3,6,0,0,8,11,4,4,4,9,7,8,10,5,5,5,8,8,4,1,0,0,3,5
0,6,6,0,0,10,3,0,0,7,8,2,8,8,3,0,0,0,0,0,0,0,5,0
6,3,0,7,3,2,5,0,0,1,10,8,9,5,0,0,7,1,0,5,5,6,0,5

0,0,0,0,0,2,9,5,11,18,12,9,6,3,2,0,0,0,0,0,0,0,2,3
0,0,2,0,1,2,8,11,19,8,11,13,12,6,7,0,0,0,0,0,0,0,0,0
4,0,0,11,13,14,34,25,30,33,42,43,44,27,38,30,18,4,0,5,0,0,3,7
0,0,0,10,13,33,31,35,39,39,50,52,53,52,50,39,37,22,6,12,13,13,7,0
0,0,0,12,25,29,42,49,49,51,50,62,53,54,45,47,34,17,16,13,9,5,2,0
0,0,0,15,36,40,52,54,51,53,57,53,52,52,51,49,44,41,33,24,13,10,8,6
0,0,0,3,12,13,43,18,41,54,51,52,52,57,54,51,51,29,14,10,10,9,7,2
5,2,0,7,3,8,12,50,57,56,51,53,65,84,73,65,63,56,45,12,4,0,0,0
0,0,2,4,14,46,54,72,77,72,64,62,81,98,128,107,64,54,52,16,10,0,0,0
2,0,8,14,36,55,79,125,104,97,88,83,103,106,130,112,73,55,52,25,7,1,0,0
3,6,11,16,14,55,77,102,108,100,101,83,92,111,111,92,70,51,51,32,11,7,2,3
0,9,32,37,9,14,56,81,106,105,105,82,99,109,113,99,66,38,43,49,4,2,0,0
2,15,34,24,7,5,37,71,86,100,103,101,83,103,100,75,53,30,24,59,19,0,0,2
11,14,50,9,7,0,5,50,96,101,105,101,91,102,72,66,65,22,16,60,47,11,10,8
18,46,81,24,11,2,0,14,39,84,100,95,76,66,53,52,45,8,10,57,32,13,4,0
6,13,14,9,8,7,10,11,50,57,69,74,60,55,52,53,47,4,5,6,52,11,9,9
0,2,0,0,0,5,12,51,64,58,63,74,66,72,65,56,59,14,11,8,14,21,12,7
6,5,15,12,13,10,19,39,53,73,90,100,129,135,105,71,71,43,34,22,26,33,30,13
4,3,9,8,10,8,14,73,102,85,87,120,132,137,123,75,103,56,14,13,10,13,14,7
8,8,0,1,6,10,55,115,133,145,175,190,191,193,155,138,121,60,30,12,6,11,10,10
3,4,12,12,10,14,61,105,124,138,169,200,212,187,143,119,111,69,26,15,16,10,6,8
0,6,8,12,14,11,33,68,107,122,147,146,156,176,149,124,70,41,24,14,13,8,8,11
6,8,7,10,13,12,24,50,88,102,111,100,83,105,86,46,22,14,24,16,19,14,17,23
0,6,7,7,9,3,12,26,52,59,62,35,43,69,43,25,11,7,0,4,10,11,8,12
3,0,0,0,6,0,10,14,27,40,22,12,14,20,11,12,12,5,1,0,0,0,8,8
5,0,0,1,11,0,7,13,40,41,39,11,22,13,13,12,10,10,2,0,0,10,9,8
2,0,0,0,7,0,7,13,25,26,14,12,14,9,12,12,11,6,0,0,0,4,7,5
3,1,0,0,9,4,0,13,29,30,35,13,17,9,13,13,12,0,0,0,0,10,10,8
0,0,6,5,12,11,4,13,19,18,27,8,10,6,7,11,5,0,0,0,0,0,4,5
0,7,10,4,7,8,9,26,35,34,33,14,14,5,7,9,8,5,3,0,0,0,8,4
5,6,5,10,11,11,15,23,32,34,27,16,25,16,14,14,15,13,13,5,0,5,6,8
0,0,10,21,19,13,13,13,31,30,37,14,9,5,2,5,5,5,3,0,0,0,0,4
5,0,1,7,12,13,14,26,56,55,31,11,7,6,5,6,3,2,1,0,0,0,3,8
0,2,0,1,8,11,13,44,240,208,55,23,12,11,12,6,3,6,5,3,0,0,0,3
8,8,0,7,10,12,14,70,162,135,31,12,11,12,12,9,3,4,3,8,0,0,0,4
7,12,10,14,14,23,52,67,51,29,11,10,9,11,8,12,11,10,3,0,1,2,0,0
10,0,9,14,18,39,72,55,23,13,13,7,9,10,10,8,10,9,2,3,5,8,7,8
0,5,10,12,20,52,82,62,52,17,12,5,8,12,10,10,9,2,4,4,3,0,5,0
2,8,8,10,12,27,54,58,51,13,9,12,6,11,11,11,8,0,0,0,2,0,0,0
0,6,0,10,11,14,27,42,14,11,11,8,10,12,13,4,0,0,0,0,0,0,0,1
0,0,0,8,3,4,9,13,5,7,10,8,6,9,12,9,5,0,0,3,5,0,0,0
3,6,0,0,8,11,4,4,4,9,7,8,10,5,4,5,8,8,5,1,0,0,3,5
0,6,6,0,0,10,3,0,0,7,8,1,8,8,3,0,0,0,0,0,0,0,5,0
6,3,0,7,3,2,6,0,0,1,10,7,9,5,0,0,7,1,0,5,5,6,0,4

0,0,0,0,0,2,9,5,11,18,12,9,7,3,2,0,0,0,0,0,0,0,3,2
0,0,2,0,1,3,8,11,20,8,11,13,12,6,7,0,0,0,0,0,0,0,0,0
4,0,0,11,12,14,34,25,28,32,40,45,44,26,35,30,20,5,0,5,0,0,3,7
0,0,0,10,13,33,31,35,40,41,50,52,53,52,50,40,38,22,6,12,13,13,7,1
0,0,0,12,24,29,42,50,49,51,50,62,53,54,44,48,33,17,17,13,9,5,2,0
0,0,0,15,36,40,52,54,51,53,57,54,52,52,51,49,45,41,33,24,13,10,8,6
0,0,0,3,12,13,43,18,42,54,51,52,52,57,53,51,51,28,14,10,10,9,7,2
5,2,0,7,3,8,12,50,57,56,51,53,65,84,73,65,63,56,44,12,4,0,0,0
0,0,2,4,14,45,54,73,77,72,64,62,81,98,129,107,64,54,52,15,10,0,0,0
2,0,9,14,36,55,79,125,104,98,89,84,103,107,131,112,73,55,52,25,7,1,0,0
3,6,11,17,14,55,77,102,108,101,101,83,93,111,111,93,70,51,51,31,11,7,2,3
0,9,32,37,9,14,56,81,106,105,105,82,99,109,113,100,66,39,42,49,4,2,0,0
2,15,34,24,7,5,37,71,86,99,103,101,83,103,100,75,52,29,23,57,19,0,0,2
11,14,50,9,7,0,5,50,96,101,105,101,91,102,72,66,65,21,17,60,47,11,10,9
18,46,81,24,11,2,0,14,38,82,99,94,76,66,53,52,45,8,10,57,32,13,4,0
6,13,14,9,8,7,10,10,49,56,68,73,60,55,52,53,47,4,5,6,52,11,9,9
0,2,0,1,0,5,12,51,64,58,63,74,65,72,65,56,59,14,11,8,14,20,12,7
6,5,15,12,13,10,19,39,53,73,90,100,129,135,105,71,71,43,34,22,26,33,30,13
4,3,9,8,10,8,14,73,102,85,87,120,132,138,123,76,103,56,14,13,10,12,14,7
8,8,0,1,6,10,55,115,133,145,175,191,192,193,156,139,121,60,31,12,6,11,10,10
3,4,12,12,10,14,61,105,124,138,169,199,212,187,144,120,111,69,26,15,16,10,6,8
0,6,8,13,14,11,33,68,108,122,148,147,156,176,149,124,71,42,24,14,13,8,8,11
6,8,7,10,13,12,25,50,88,102,111,101,84,105,87,46,23,14,24,16,19,14,17,23
0,6,7,7,9,3,12,26,53,59,62,35,44,69,44,26,11,7,0,4,10,11,8,12
3,0,0,0,7,0,10,16,25,38,25,12,14,17,12,12,12,5,1,0,0,0,7,8
5,0,0,1,11,0,7,13,42,41,40,11,22,13,13,12,11,10,2,0,0,10,9,8
2,0,0,0,7,0,7,13,26,28,14,12,15,9,12,12,11,6,0,0,0,4,6,5
3,1,0,0,9,4,0,13,29,29,35,13,18,9,13,13,12,0,0,1,0,10,10,8
0,0,6,5,12,11,4,13,19,17,27,8,10,6,7,10,4,0,0,0,0,0,4,5
0,7,10,4,7,8,9,26,35,34,33,14,14,5,6,9,7,5,3,0,0,0,8,4
5,7,5,10,11,11,15,23,32,34,28,15,25,16,14,14,15,13,13,5,0,4,6,8
0,0,10,20,19,13,13,13,30,30,39,13,9,5,2,5,4,4,2,0,0,0,0,3
5,0,1,7,12,13,14,27,55,55,32,11,7,6,5,6,3,2,1,0,0,0,3,8
0,2,0,1,8,11,13,44,241,208,55,25,12,11,12,6,3,6,5,3,0,0,0,3
8,7,0,7,10,12,14,70,163,135,32,12,11,12,13,9,3,4,3,8,0,0,0,4
7,12,10,14,14,23,52,68,51,30,11,10,9,11,8,12,12,10,3,0,1,2,0,0
10,0,9,14,18,39,72,55,23,14,13,7,8,10,10,8,10,9,1,3,5,8,7,8
0,5,10,12,20,52,82,62,52,17,12,5,8,12,10,10,9,2,3,4,3,0,4,0
2,8,8,10,12,26,54,58,51,12,9,12,6,11,11,11,8,0,0,0,2,0,0,0
0,6,0,10,11,14,27,41,14,11,11,8,10,12,13,4,0,0,0,0,0,0,0,1
0,0,0,8,3,4,9,13,5,7,10,8,6,9,12,9,5,0,0,3,5,0,0,0
3,6,0,0,9,11,4,4,4,9,7,8,10,4,4,5,8,8,4,2,0,0,3,5
0,6,6,0,0,10,3,0,0,7,8,1,8,8,3,0,0,0,0,0,0,0,5,0
6,3,0,7,3,2,6,0,0,1,10,7,9,5,0,0,7,1,0,5,5,6,0,4

0,0,0,0,0,2,9,5,11,18,12,8,6,4,2,0,0,0,0,0,0,0,3,3
0,0,2,0,1,3,8,11,20,8,11,13,12,6,7,0,0,0,0,0,0,0,0,0
4,0,0,11,13,14,34,25,28,33,41,43,44,26,38,30,18,5,0,5,0,0,4,7
0,0,0,10,13,33,31,35,39,40,50,53,53,52,50,40,38,21,6,12,13,13,7,1
0,0,0,12,24,29,43,50,49,51,50,62,53,54,45,48,33,17,15,13,10,5,3,0
0,0,0,15,36,40,52,54,51,53,57,54,52,52,51,49,45,41,33,24,13,10,8,6
0,0,0,3,12,13,43,18,40,54,51,52,52,57,54,51,51,28,14,10,10,9,7,2
5,2,0,7,3,8,12,50,57,56,51,53,65,84,73,65,63,56,45,12,4,0,0,0
0,0,2,4,14,46,54,72,77,72,64,62,81,98,129,107,64,54,52,16,10,0,0,0
2,0,9,14,37,55,79,126,104,98,89,83,103,106,132,112,73,55,52,25,7,1,0,0
3,6,11,17,14,55,77,102,108,101,101,84,93,111,112,93,70,51,51,32,11,7,2,3
0,9,32,37,9,14,56,81,106,105,105,82,99,109,113,100,66,38,42,48,4,2,0,0
2,16,34,24,7,5,37,71,86,99,103,101,83,103,100,75,53,29,23,58,19,0,0,2
11,14,50,9,7,0,5,50,96,101,105,101,91,102,72,66,65,21,16,60,47,11,10,8
19,47,81,24,11,2,0,14,38,84,99,93,76,66,53,52,45,8,10,57,33,13,4,0
6,13,15,9,8,7,10,11,49,56,68,73,60,55,52,53,47,4,5,6,53,11,9,8
0,2,0,1,0,5,12,51,64,58,62,73,65,72,65,56,60,14,11,8,14,19,12,7
6,5,15,12,13,10,19,39,53,72,90,100,129,135,105,71,71,43,34,22,26,33,30,13
4,3,9,8,10,8,14,73,102,85,87,121,132,138,124,76,103,56,14,13,10,12,14,7
8,8,0,1,6,10,55,115,133,145,175,191,192,194,156,139,121,60,30,12,6,11,10,10
3,4,12,12,10,14,61,105,124,138,169,200,213,188,144,120,111,69,26,15,16,10,6,8
0,6,8,12,14,11,33,68,107,122,148,147,157,176,149,124,72,42,23,14,13,8,8,11
7,8,7,10,13,12,24,50,88,102,112,100,84,106,88,47,24,15,24,16,20,14,18,24
0,6,7,7,9,3,12,26,53,59,62,38,45,68,44,27,11,7,0,4,10,11,8,12
3,0,0,0,7,0,10,16,25,41,25,12,14,20,12,13,12,5,1,0,0,0,8,8
5,0,0,1,11,0,7,13,42,41,40,11,22,13,13,12,10,10,1,0,0,10,9,8
2,0,0,0,7,0,7,13,25,27,14,12,14,9,12,12,11,5,0,0,0,3,7,5
3,1,0,0,9,4,0,13,29,30,35,13,16,9,12,13,11,0,0,0,0,10,10,8
0,0,6,5,12,11,4,13,20,17,29,9,10,6,7,11,4,0,0,0,0,0,4,5
0,6,10,4,7,8,9,26,35,34,33,14,14,4,6,9,7,5,3,0,0,0,8,4
5,7,5,10,11,11,16,23,32,34,27,15,24,16,14,14,15,13,13,4,0,4,6,8
0,0,10,21,19,13,13,13,30,27,37,13,9,5,2,5,4,4,2,0,0,0,0,3
5,0,1,7,12,13,14,27,55,55,33,11,7,6,5,6,3,2,1,0,0,0,3,8
0,2,0,1,8,11,13,44,241,208,55,22,12,11,12,6,3,6,5,3,0,0,0,3
8,8,0,7,10,12,14,70,163,136,31,12,11,12,12,9,3,5,3,8,0,0,0,4
7,12,10,14,14,23,52,68,51,29,11,10,9,11,7,11,12,10,3,0,1,2,0,0
10,0,9,14,18,39,72,55,23,14,13,7,8,10,10,8,10,9,1,2,5,7,7,9
0,5,11,12,19,52,82,62,52,16,12,5,8,12,9,10,9,1,3,3,3,0,4,0
2,8,8,10,12,26,54,58,51,13,9,12,6,11,12,11,8,0,0,0,2,0,0,0
0,6,0,10,11,14,27,41,14,11,11,8,10,11,13,4,0,0,0,0,0,0,0,0
0,0,0,8,3,5,9,13,5,7,10,8,6,9,12,9,5,0,0,3,5,0,0,0
3,6,0,0,8,11,4,4,4,9,7,8,10,4,4,5,7,8,4,1,0,0,3,4
0,6,6,0,0,10,3,0,0,7,8,1,8,8,3,0,0,0,0,0,0,0,5,0
6,3,0,7,3,2,6,0,0,1,10,7,9,5,0,0,7,1,0,5,5,6,0,4

0,0,0,0,0,2,9,5,11,18,12,9,6,4,2,0,0,0,0,0,0,0,3,3
0,0,2,0,1,3,8,11,19,8,11,13,12,6,7,0,0,0,0,0,0,0,0,0
4,0,0,11,13,14,35,25,29,33,41,43,44,29,39,31,20,5,0,5,0,0,4,8
0,0,0,10,13,33,31,34,39,39,50,53,53,52,50,41,37,22,6,12,13,13,7,1
0,0,0,12,25,29,42,50,49,51,50,61,53,54,45,50,34,17,18,14,10,5,3,0
0,0,0,15,36,40,52,53,51,53,57,54,52,52,51,49,45,41,33,24,13,10,8,6
0,0,0,3,12,13,43,19,43,54,51,52,52,58,54,51,51,28,14,11,11,9,8,2
5,2,0,7,3,8,12,50,57,56,51,53,65,84,73,65,63,56,45,12,4,0,0,0
0,0,2,4,14,47,54,73,77,72,64,62,81,97,129,107,64,54,52,17,10,0,0,0
2,0,9,14,37,55,79,125,104,98,88,83,103,106,131,112,73,55,52,25,7,1,0,0
3,6,11,17,14,55,77,102,108,100,101,83,92,111,111,92,70,51,51,32,11,7,2,3
0,10,32,37,9,14,56,81,106,105,105,82,99,108,113,99,66,37,44,48,4,3,0,0
2,16,35,24,7,5,37,71,85,100,103,100,83,103,100,75,53,30,23,59,19,0,0,2
11,14,50,9,7,0,5,50,96,101,105,101,90,102,72,66,65,22,17,60,45,11,10,8
19,47,81,24,11,2,0,14,39,83,100,94,76,66,53,52,45,8,11,57,32,13,4,0
6,13,14,9,8,7,10,10,49,57,67,73,60,55,52,53,48,4,5,6,52,11,9,8
0,2,0,1,0,5,12,51,64,58,63,74,65,72,65,56,60,14,11,9,14,21,12,7
6,5,15,12,13,10,19,39,53,72,90,100,129,134,105,71,71,43,34,22,26,33,30,13
4,3,9,8,10,8,14,73,102,85,87,121,132,138,124,76,103,57,14,13,10,12,14,7
8,8,0,1,6,10,55,115,133,145,176,191,192,194,157,139,121,60,31,12,6,11,10,10
3,4,12,12,10,14,61,105,124,139,169,200,213,188,144,120,111,69,26,16,16,10,6,8
0,5,8,12,14,11,33,68,108,122,148,147,157,177,150,125,72,42,24,14,13,8,8,11
7,8,7,10,13,12,25,51,89,103,112,101,85,106,88,47,25,16,25,16,19,14,17,24
0,6,7,7,9,3,12,27,53,59,62,36,44,68,45,27,11,7,0,4,10,11,8,12
3,0,0,0,7,0,11,16,27,41,25,13,14,23,12,13,13,5,1,0,0,0,8,8
5,0,0,1,11,0,7,13,42,38,39,11,21,13,13,12,10,10,1,0,0,10,9,8
2,0,0,0,7,0,7,13,26,27,14,12,15,9,12,12,11,5,0,0,0,3,7,5
3,1,0,0,9,4,0,13,29,29,35,13,17,9,12,13,11,0,0,0,0,10,10,8
0,0,6,5,12,11,4,13,19,18,27,9,10,6,7,10,4,0,0,0,0,0,4,5
0,7,10,4,7,8,9,26,35,34,33,14,14,4,6,9,7,4,3,0,0,0,8,4
5,7,5,10,11,11,16,23,32,34,27,16,25,16,14,14,15,13,13,3,0,4,6,8
0,0,10,21,19,13,13,13,31,27,39,13,9,5,2,5,4,4,1,0,0,0,0,3
5,0,1,7,12,13,14,28,55,55,33,11,7,6,5,6,3,3,1,0,0,0,3,8
0,2,0,1,8,11,13,44,241,208,55,23,12,11,11,6,3,6,5,3,0,0,0,3
8,8,0,7,10,12,14,70,164,136,32,12,11,12,13,9,3,5,3,8,0,0,0,4
7,12,10,13,14,22,52,68,51,29,11,10,8,11,7,12,11,9,3,0,1,1,0,0
10,0,9,14,19,40,72,55,23,14,13,7,8,10,10,8,10,9,1,2,5,7,7,9
0,5,11,12,20,52,83,62,52,17,12,4,8,12,9,10,9,1,3,3,2,0,4,0
2,8,9,10,12,27,54,58,51,13,9,12,6,11,12,11,8,0,0,0,2,0,0,0
0,6,0,10,11,14,28,42,14,11,11,8,9,11,13,4,0,0,0,0,0,0,0,0
0,1,0,8,3,5,9,13,5,7,10,8,6,9,12,9,4,0,0,3,5,0,0,0
3,6,0,0,9,11,4,4,4,9,7,8,10,4,4,4,7,8,4,1,0,0,3,4
0,6,6,0,0,10,3,0,0,7,8,1,8,8,2,0,0,0,0,0,0,0,5,0
6,3,0,7,3,2,6,0,0,1,10,7,9,5,0,0,7,1,0,5,5,6,0,4

0,0,0,0,0,2,9,5,11,18,12,9,6,4,2,0,0,0,0,0,0,0,3,3
0,0,2,0,1,3,8,11,20,8,11,13,12,6,7,0,0,0,0,0,0,0,0,0
4,0,0,11,13,14,35,25,29,33,40,43,46,29,38,31,20,5,0,5,0,0,4,7
0,0,0,10,13,34,31,34,38,41,50,52,53,52,50,39,38,20,6,12,13,13,7,1
0,0,0,12,25,29,43,50,50,51,50,62,53,54,46,48,35,17,17,13,10,5,3,0
0,0,0,16,36,41,52,54,51,53,57,53,52,52,51,49,44,41,33,24,13,10,9,7
0,0,0,3,12,13,44,19,43,54,51,52,52,58,54,51,51,29,14,11,10,9,8,2
5,2,0,7,3,8,12,50,57,56,51,53,65,84,73,65,63,56,43,12,4,0,0,0
0,0,2,4,14,46,54,72,77,72,64,62,81,97,128,107,64,55,52,17,10,0,0,0
2,0,9,14,37,55,79,124,103,97,88,83,102,105,129,111,72,55,51,24,7,1,0,0
3,6,12,17,14,55,76,101,107,100,100,83,92,110,109,91,70,51,51,32,11,7,2,3
0,9,31,36,9,14,55,80,105,104,105,82,98,108,112,98,66,37,42,47,4,2,0,0
2,16,34,24,7,5,37,70,84,100,103,101,83,103,100,75,53,30,23,58,19,0,0,2
11,14,50,8,7,0,5,50,96,101,106,101,90,102,72,66,64,24,16,60,45,11,10,8
19,46,81,24,11,2,0,14,40,87,100,95,76,67,53,52,50,8,11,57,33,13,4,0
6,13,14,9,8,7,10,11,50,57,68,73,60,55,52,53,47,4,5,6,52,11,9,8
0,2,0,1,0,5,12,51,64,58,63,73,65,72,65,56,60,14,11,9,14,20,12,7
6,5,15,12,13,10,19,39,53,73,90,100,129,135,105,71,71,43,34,22,26,33,30,13
4,3,9,8,10,8,14,73,102,85,87,121,132,138,124,76,103,57,14,13,10,12,14,7
8,8,0,1,6,10,55,115,133,145,176,192,193,195,158,140,121,60,31,12,6,11,10,10
3,4,12,12,10,14,61,105,124,139,170,201,214,189,144,120,112,70,26,16,16,10,6,8
0,6,8,12,14,11,33,69,107,123,148,147,157,177,150,125,72,42,23,14,13,8,8,11
6,8,7,10,13,12,25,51,89,103,112,101,86,106,89,47,26,17,25,16,19,14,17,23
0,6,7,7,9,3,12,26,52,59,62,35,44,68,44,28,11,7,0,4,10,10,8,12
3,0,0,0,7,0,11,16,25,40,25,13,14,20,12,13,13,5,0,0,0,0,8,8
5,0,0,1,11,0,7,13,40,41,39,11,21,13,13,12,10,10,1,0,0,10,9,8
2,0,0,0,7,0,7,13,25,26,14,12,15,9,12,11,11,5,0,0,0,3,6,5
3,1,0,0,9,4,0,13,30,29,36,13,17,9,12,12,11,0,0,0,0,10,10,8
0,0,6,5,12,11,4,13,20,17,28,9,10,5,7,10,4,0,0,0,0,0,4,5
0,6,10,4,7,8,9,26,35,35,33,14,14,4,6,9,7,5,2,0,0,0,8,4
5,7,5,10,11,11,16,23,32,34,27,16,24,16,14,14,15,13,13,3,0,4,6,7
0,0,10,21,19,13,13,13,29,27,39,13,9,5,2,5,4,4,1,0,0,0,0,3
5,0,1,7,12,13,14,27,55,55,33,11,7,6,5,6,3,3,1,0,0,0,3,8
0,2,0,1,8,11,13,44,241,208,55,22,12,11,11,5,3,6,4,3,0,0,0,3
8,8,0,7,10,12,14,70,164,136,31,12,11,12,12,9,3,4,3,8,0,0,0,4
7,12,10,14,14,22,52,68,51,29,11,10,8,11,8,11,11,9,3,0,1,1,0,0
10,0,9,14,19,39,72,55,23,14,13,7,8,10,10,8,10,8,1,2,4,7,7,9
0,5,10,12,20,52,83,62,52,17,12,4,8,12,10,10,9,1,3,3,2,0,4,0
2,8,8,10,12,27,54,58,51,13,10,12,6,11,11,11,8,0,0,0,2,0,0,0
0,6,0,10,11,14,28,41,14,11,11,8,9,11,13,3,0,0,0,0,0,0,0,0
0,1,0,8,3,5,9,13,5,7,10,8,6,9,12,9,4,0,0,2,5,0,0,0
3,6,0,0,9,11,4,4,4,9,7,8,9,4,4,4,7,8,4,1,0,0,3,4
0,6,6,0,0,10,3,0,0,7,8,0,8,8,2,0,0,0,0,0,0,0,5,0
6,3,0,7,3,2,6,0,0,0,10,7,9,5,0,0,7,1,0,5,5,6,0,4

0,0,0,0,0,2,9,5,11,18,12,9,6,4,2,0,0,0,0,0,0,0,3,3
0,0,2,0,1,3,8,11,19,8,11,13,12,6,7,0,0,0,0,0,0,0,0,0
4,0,0,11,13,14,34,25,29,32,43,42,46,27,39,31,21,5,0,5,0,0,3,7
0,0,0,10,13,33,31,36,38,42,50,52,53,52,50,40,38,22,6,12,13,13,7,1
0,0,0,12,25,29,42,50,50,51,50,62,53,54,46,48,34,18,17,13,10,5,3,0
0,0,0,16,36,40,52,53,51,53,57,54,52,52,51,49,45,41,33,24,13,11,9,7
0,0,0,3,12,13,45,18,42,54,51,52,52,58,54,51,51,28,14,11,10,9,8,2
5,2,0,7,3,8,12,50,57,56,51,53,65,84,73,65,63,56,44,12,4,0,0,0
0,0,2,4,14,47,53,72,77,71,64,62,81,97,128,106,64,54,52,17,10,0,0,0
2,0,9,14,37,55,78,123,103,97,88,83,102,105,129,110,73,55,52,25,7,1,0,0
3,6,12,17,14,55,76,101,106,100,101,83,92,110,109,91,70,51,51,31,11,7,2,3
0,10,32,36,9,14,55,80,105,104,105,81,98,108,112,98,66,38,42,48,4,2,0,0
2,16,34,24,7,5,36,70,84,99,103,100,83,103,100,75,52,30,23,58,20,0,0,2
11,14,50,9,7,0,5,50,96,101,105,101,90,102,72,66,65,24,15,60,47,11,10,9
19,46,80,23,11,2,0,14,39,85,100,95,76,66,53,52,47,8,10,57,33,13,4,0
6,13,14,9,8,7,10,11,49,57,69,73,60,55,52,53,50,4,5,6,52,11,9,9
0,2,0,1,0,5,12,51,64,58,63,73,65,71,65,56,60,14,11,9,14,20,12,7
6,5,15,12,13,10,19,39,53,73,90,100,129,135,105,71,72,43,34,22,26,33,30,13
4,3,9,8,10,8,14,73,102,85,88,121,133,139,124,77,103,56,14,13,10,12,14,7
8,8,0,1,6,10,55,115,133,145,176,192,193,195,158,140,122,60,31,12,6,11,10,10
3,4,12,12,10,14,62,106,124,139,170,201,214,189,144,121,112,70,27,15,16,10,6,8
0,6,8,13,14,11,33,68,108,123,148,148,157,178,151,125,73,42,24,14,13,8,8,11
7,8,7,10,13,12,25,51,89,103,112,101,86,106,90,47,26,17,25,16,19,14,17,24
0,6,7,7,9,3,12,28,53,59,63,38,45,69,45,28,12,7,0,4,10,11,8,12
3,0,0,0,7,0,11,16,27,40,27,12,14,20,12,13,13,5,0,0,0,0,8,8
5,0,0,1,11,0,7,13,40,42,39,11,21,13,13,12,10,10,1,0,0,10,9,8
2,0,0,0,8,0,7,13,26,27,14,12,14,9,12,12,11,5,0,0,0,3,6,4
3,1,0,0,9,4,0,13,29,29,36,13,16,9,12,12,11,0,0,0,0,10,10,8
0,0,6,5,12,11,4,13,20,16,28,9,10,5,7,10,4,0,0,0,0,0,4,5
0,7,10,4,7,8,9,27,35,34,33,14,14,4,6,9,7,4,2,0,0,0,8,4
5,7,5,10,11,11,16,23,32,35,27,16,24,16,14,14,15,13,13,2,0,4,6,7
0,0,10,21,19,13,13,13,30,27,39,14,9,5,2,5,4,4,1,0,0,0,0,4
5,0,1,7,12,13,14,28,55,55,32,11,7,6,5,6,3,2,1,0,0,0,3,8
0,2,0,1,8,11,13,44,241,209,55,23,12,11,12,5,3,6,4,3,0,0,0,3
8,8,0,7,10,12,14,70,165,137,32,12,11,12,13,9,3,4,3,8,0,0,0,4
7,12,10,14,14,23,52,68,51,29,11,10,8,11,8,11,11,9,3,0,1,1,0,0
10,0,9,14,19,39,72,55,23,14,13,7,8,10,10,8,10,8,0,2,4,7,7,8
0,5,11,12,20,52,83,62,52,17,12,4,8,12,9,10,9,1,3,3,2,0,4,0
2,8,8,10,12,27,54,58,51,13,9,12,6,11,11,11,8,0,0,0,2,0,0,0
0,6,0,10,11,14,28,42,14,11,11,8,9,11,13,3,0,0,0,0,0,0,0,0
0,1,0,8,3,5,9,13,5,7,10,8,5,9,12,8,4,0,0,2,5,0,0,0
3,6,0,0,9,11,4,5,4,9,7,8,9,4,4,4,7,8,4,2,0,0,3,5
0,6,6,0,0,10,3,0,0,7,8,0,8,8,2,0,0,0,0,0,0,0,5,0
6,3,0,7,3,2,6,0,0,0,10,7,9,5,0,0,7,1,0,5,5,6,0,4

0,0,0,0,0,2,9,5,11,18,12,9,6,4,2,0,0,0,0,0,0,0,3,3
0,0,2,0,1,3,8,11,20,8,11,13,12,6,7,0,0,0,0,0,0,0,0,0
4,0,0,11,13,14,34,25,29,33,42,42,46,29,38,31,21,5,0,6,0,0,4,7
0,0,0,10,13,34,31,34,38,42,50,52,53,52,50,40,38,21,6,12,13,13,7,1
0,0,0,12,24,29,41,50,49,51,50,62,53,54,44,50,34,17,17,13,10,5,3,0
0,0,0,16,36,40,52,54,51,53,57,54,52,52,51,49,45,41,33,24,13,11,9,7
0,0,0,3,12,13,44,18,41,54,51,52,52,57,54,51,51,29,14,11,10,9,8,2
5,2,0,7,3,8,12,50,57,56,51,53,65,84,73,65,63,56,44,12,5,0,0,0
0,0,3,4,14,46,54,72,76,71,63,62,81,97,128,107,64,54,52,17,10,0,0,0
2,0,9,14,37,55,79,124,103,97,88,83,102,105,130,111,73,55,52,25,7,1,0,0
3,6,12,17,14,55,76,102,107,100,100,83,92,110,110,92,70,51,51,32,11,7,2,3
0,10,32,37,9,14,56,81,105,105,105,82,98,108,112,99,66,39,42,48,4,2,0,0
2,16,34,24,7,5,37,70,85,100,103,100,83,103,100,75,52,29,24,57,19,0,0,2
11,14,50,9,7,0,5,51,96,101,105,101,90,102,72,66,64,24,15,60,46,11,10,8
19,46,81,24,11,2,0,14,39,83,100,95,76,66,53,52,45,8,11,57,31,13,4,0
6,13,14,9,8,8,10,11,49,57,68,72,60,55,52,53,48,4,5,6,53,11,9,9
0,2,0,1,0,5,12,51,64,58,62,73,65,71,65,56,60,14,11,9,14,20,12,7
6,5,15,12,13,10,19,39,53,73,90,100,129,135,105,72,72,44,34,22,26,33,31,13
4,3,9,8,10,8,14,73,102,85,88,121,133,139,124,77,103,56,14,13,10,12,14,7
8,8,0,1,6,10,56,115,133,145,176,193,194,196,158,140,122,60,32,13,6,11,10,10
3,4,12,12,10,14,62,105,124,139,170,201,215,189,144,121,112,69,26,15,16,10,6,8
0,6,8,13,14,11,33,69,108,123,148,148,158,178,151,125,73,43,24,14,13,8,8,11
6,8,7,10,13,12,25,51,89,103,112,101,87,106,90,47,26,18,24,16,19,14,17,23
0,6,7,7,9,3,12,28,53,59,63,38,46,68,45,30,12,7,0,4,10,11,8,12
3,0,0,0,7,0,11,15,25,40,25,12,14,21,12,13,13,4,0,0,0,0,7,8
5,0,0,1,11,0,7,13,42,42,39,11,22,13,13,12,10,10,1,0,0,10,9,8
2,0,0,0,7,0,7,13,25,26,14,12,15,9,12,11,11,5,0,0,0,3,6,4
3,1,0,0,9,4,0,13,29,30,36,13,18,9,12,12,11,0,0,0,0,10,10,8
0,0,6,5,12,11,4,13,19,17,27,9,10,5,7,10,4,0,0,0,0,0,3,5
0,7,10,4,7,8,9,26,35,35,33,14,14,4,6,9,7,4,2,0,0,0,8,4
5,7,5,10,11,11,16,23,32,34,27,16,24,15,14,14,15,12,13,1,0,4,6,7
0,0,10,21,19,13,13,13,30,28,37,13,9,5,2,5,4,4,0,0,0,0,0,3
6,0,1,7,12,13,14,27,55,55,32,11,7,6,5,6,3,2,1,0,0,0,3,8
0,3,0,2,8,11,13,44,242,209,55,24,12,11,12,4,3,6,4,3,0,0,0,3
8,8,0,7,10,12,14,70,165,137,32,12,11,12,12,9,3,4,3,8,0,0,0,4
7,12,10,14,14,23,52,68,51,30,11,10,8,11,8,11,12,9,3,0,1,1,0,0
10,0,9,14,19,39,72,55,23,14,13,7,8,10,10,8,10,8,0,2,4,7,7,9
0,5,11,12,20,52,83,62,52,17,12,4,8,12,9,10,9,1,3,3,2,0,4,0
2,8,8,10,12,27,54,58,51,13,9,12,6,10,11,11,7,0,0,0,1,0,0,0
0,6,0,10,11,14,28,42,14,11,11,8,9,11,13,3,0,0,0,0,0,0,0,1
0,1,0,8,3,5,9,13,5,7,10,8,5,9,12,8,4,0,0,2,5,0,0,0
3,6,0,0,8,11,4,4,4,9,7,8,10,4,3,4,7,8,4,2,0,0,3,4
0,6,6,0,0,10,3,0,0,7,7,0,8,8,2,0,0,0,0,0,0,0,5,0
6,3,0,7,3,2,6,0,0,0,10,7,9,5,0,0,7,1,0,5,5,6,0,4

0,0,0,0,0,2,9,6,11,18,12,8,6,4,2,0,0,0,0,0,0,0,3,3
0,0,2,0,1,3,8,11,20,8,11,13,12,6,7,0,0,0,0,0,0,0,0,0
4,0,0,11,13,14,34,25,29,34,41,42,43,29,39,31,18,5,0,5,0,0,4,8
0,0,0,10,13,34,31,35,38,41,50,52,53,52,50,40,38,22,6,12,13,13,7,1
0,0,0,12,25,29,41,50,49,51,50,62,53,54,45,48,31,17,16,13,10,5,3,0
0,0,0,16,36,41,52,54,51,53,57,54,52,52,51,49,45,41,33,24,13,11,9,7
0,0,0,3,12,13,43,18,41,54,51,52,52,57,54,51,51,28,14,11,11,9,8,2
5,2,0,7,3,8,12,50,57,56,51,53,65,84,73,65,63,56,44,12,5,0,0,0
0,0,3,4,14,47,54,72,77,71,63,62,81,97,128,107,64,54,52,17,10,0,0,0
2,0,9,14,37,55,79,125,104,98,88,83,102,106,131,112,73,56,52,25,7,1,0,0
3,6,12,17,14,55,76,102,108,101,101,83,92,111,111,92,70,51,51,32,11,7,2,3
0,10,32,37,9,14,56,81,106,105,105,82,99,109,113,100,66,39,42,48,4,3,0,0
2,16,34,24,7,5,37,71,85,99,103,100,83,103,100,75,53,29,24,57,20,0,0,2
11,14,50,9,7,0,5,50,96,101,105,101,90,102,72,66,64,22,16,60,47,11,10,8
19,47,81,25,11,2,0,14,38,83,99,93,75,66,53,52,45,8,10,57,33,13,4,0
6,13,15,9,8,8,10,11,49,56,67,72,60,55,52,53,48,5,5,6,52,11,9,8
0,2,0,1,0,5,12,51,64,58,63,73,65,71,64,56,60,14,11,9,14,19,12,7
6,5,15,12,13,10,19,39,53,72,90,100,129,135,105,72,72,43,34,22,26,33,30,13
4,3,9,8,10,8,14,73,102,85,88,121,133,139,125,77,103,57,14,13,10,12,14,7
8,8,0,1,6,10,55,115,133,145,176,193,194,196,159,140,122,60,32,13,6,11,10,10
3,4,12,12,10,14,62,105,124,139,170,201,214,189,145,121,112,70,26,16,16,10,6,8
0,5,8,13,14,11,33,68,108,123,148,148,158,178,151,126,73,43,25,14,13,8,8,11
6,8,7,10,13,12,25,51,89,103,112,101,87,106,90,47,27,19,24,16,19,14,17,23
0,6,7,7,9,3,12,28,53,59,63,38,45,69,45,30,12,7,0,4,10,11,8,12
3,0,0,0,7,0,11,16,25,40,26,13,14,21,12,13,13,5,0,0,0,0,7,8
5,0,0,1,11,0,7,13,42,41,39,11,22,13,13,12,10,10,0,0,0,10,9,7
2,0,0,0,8,0,7,13,26,26,14,12,14,9,12,12,11,4,0,0,0,3,6,4
3,1,0,0,9,4,0,13,29,30,36,13,18,9,12,12,11,0,0,0,0,10,10,8
0,0,6,5,12,11,4,13,19,18,28,8,9,5,7,10,4,0,0,0,0,0,3,5
0,6,10,4,7,8,9,27,35,34,33,14,14,3,6,9,7,4,2,0,0,0,8,4
5,7,5,10,11,11,16,23,32,34,27,16,25,15,14,14,15,12,12,1,0,4,6,7
0,0,10,21,19,13,13,13,30,27,40,13,10,4,2,5,4,3,0,0,0,0,0,3
6,0,1,7,12,13,14,27,55,55,32,11,7,6,5,6,3,2,1,0,0,0,3,8
0,3,0,2,8,11,13,44,242,209,55,23,12,11,11,3,3,5,4,2,0,0,0,3
8,8,0,7,10,12,14,71,165,137,32,12,11,12,13,9,3,4,3,8,0,0,0,4
7,12,10,14,14,23,52,68,51,30,11,10,8,11,8,12,11,9,3,0,1,1,0,0
10,0,9,14,19,39,72,55,23,14,13,7,8,10,10,8,10,8,0,2,4,7,7,9
0,5,11,13,20,52,83,62,52,17,12,4,7,12,9,10,9,1,3,3,2,0,4,0
2,8,8,10,12,27,53,58,51,13,10,12,6,10,12,11,7,0,0,0,1,0,0,0
0,6,0,10,11,14,27,42,14,11,11,8,9,11,13,3,0,0,0,0,0,0,0,0
0,1,0,8,3,5,9,13,5,7,10,8,6,9,12,8,4,0,0,2,5,0,0,0
3,6,0,0,8,11,5,4,4,9,7,8,10,4,3,4,7,8,4,2,0,0,3,5
0,6,6,0,0,10,3,0,0,7,7,0,8,8,2,0,0,0,0,0,0,0,5,0
6,3,0,7,3,2,6,0,0,0,11,6,9,5,0,0,7,1,0,5,5,6,0,4

0,0,0,0,0,2,9,5,11,18,12,9,6,4,3,0,0,0,0,0,0,0,3,3
0,0,2,0,1,3,8,11,19,8,11,13,12,6,7,0,0,0,0,0,0,0,0,0
4,0,0,11,13,14,34,25,28,33,42,42,44,29,38,31,20,5,0,6,0,0,4,8
0,0,0,10,13,34,31,34,38,41,50,52,53,52,50,40,38,22,6,12,13,13,7,1
0,0,0,12,25,29,42,50,49,51,50,62,53,54,45,48,34,17,16,13,10,5,3,0
0,0,0,15,36,41,52,53,51,53,56,53,52,52,51,49,45,40,33,24,13,11,9,7
0,0,0,3,12,13,43,18,42,53,51,52,52,57,54,51,51,29,14,11,11,9,8,2
5,2,0,7,3,8,12,50,57,56,51,53,65,84,73,65,63,56,45,12,4,0,0,0
0,0,3,4,14,46,54,73,77,71,64,62,81,97,129,107,64,54,52,17,10,0,0,0
2,0,9,14,37,55,79,125,104,98,88,83,103,106,131,112,73,55,52,25,8,1,0,0
3,6,12,17,14,55,77,103,108,101,101,83,93,111,111,92,70,51,51,32,11,7,2,3
0,10,32,37,9,14,56,81,106,105,105,82,99,109,113,100,66,38,42,49,4,3,0,0
2,16,34,24,7,5,37,71,86,100,103,100,83,103,100,75,53,30,24,59,20,0,0,2
11,14,50,9,7,0,5,50,96,101,105,101,90,102,72,66,63,24,16,60,46,11,10,8
19,48,81,25,11,2,0,14,38,84,100,93,75,66,53,52,47,8,10,57,33,13,4,0
6,13,15,9,8,8,10,11,48,56,68,72,60,55,52,53,47,4,5,6,52,11,9,8
0,2,0,1,0,5,12,51,64,58,62,73,65,71,64,56,60,14,11,9,14,20,12,7
6,5,16,12,13,10,19,39,53,72,91,100,129,135,105,72,72,43,34,22,26,33,30,13
4,3,9,8,10,8,14,73,102,85,88,122,133,139,125,77,103,57,14,13,10,12,14,7
8,8,0,1,6,10,55,115,133,145,177,193,194,196,159,140,122,60,32,12,6,11,10,10
3,4,12,12,10,14,62,105,124,139,170,201,215,189,145,121,112,70,26,16,17,10,6,8
0,6,8,13,14,11,33,68,108,123,148,148,158,178,151,125,73,42,24,14,13,8,8,11
7,8,7,10,13,12,25,52,90,103,112,101,88,106,91,48,27,19,25,17,19,14,18,24
0,6,7,7,9,3,12,27,53,59,62,36,45,69,47,30,12,7,0,4,9,11,8,12
3,0,0,0,7,0,11,16,27,40,25,13,14,20,12,13,13,5,0,0,0,0,7,8
5,0,0,1,11,0,7,13,41,41,40,11,21,13,13,12,10,10,0,0,0,10,9,7
2,0,0,0,8,0,7,13,25,27,14,12,15,9,12,11,11,4,0,0,0,3,6,4
3,1,0,0,9,4,0,13,30,30,35,13,17,9,12,12,11,0,0,0,0,10,10,7
0,0,6,5,12,11,4,13,22,18,29,8,9,5,7,10,4,0,0,0,0,0,3,5
0,6,10,4,7,8,9,27,35,34,32,14,14,3,5,9,7,4,2,0,0,0,8,3
5,7,5,10,11,11,16,23,32,34,27,16,25,15,14,14,15,12,12,1,0,4,6,7
1,0,10,21,19,13,13,13,30,27,36,14,9,5,2,5,4,3,0,0,0,0,0,3
6,0,1,7,12,13,14,27,55,55,32,11,7,6,5,6,3,2,0,0,0,0,3,8
0,3,0,2,8,11,13,44,243,210,55,23,12,11,11,3,4,5,4,2,0,0,0,3
8,8,0,7,10,12,14,71,166,137,31,12,11,12,12,9,3,4,3,8,0,0,0,4
7,12,10,14,14,23,52,68,51,29,11,10,8,11,8,11,11,9,2,0,0,1,0,0
10,0,9,14,20,39,72,54,23,14,13,7,8,10,10,8,10,8,0,2,4,7,7,9
0,5,11,12,20,52,83,62,52,17,12,4,7,12,9,10,9,1,3,3,2,0,4,0
2,8,8,10,12,27,54,58,51,13,10,12,6,10,12,11,7,0,0,0,1,0,0,0
0,6,0,10,11,14,27,42,14,11,11,8,9,11,13,3,0,0,0,0,0,0,0,0
0,1,0,9,3,5,9,13,5,7,10,8,5,9,12,8,4,0,0,2,5,0,0,0
3,6,0,0,8,11,4,4,4,9,7,8,10,4,3,4,7,8,4,1,0,0,3,4
0,6,6,0,0,10,3,0,0,7,7,0,8,8,2,0,0,0,0,0,0,0,5,0
6,3,0,7,3,2,6,0,0,0,11,6,9,5,0,0,7,1,0,5,5,6,0,4

0,0,0,0,0,2,9,5,11,18,12,9,7,4,3,0,0,0,0,0,0,0,3,3
0,0,2,0,1,3,8,11,19,8,11,13,12,6,7,0,0,0,0,0,0,0,0,0
4,0,0,11,13,14,34,25,29,34,42,43,46,29,38,31,22,5,0,6,0,0,4,8
0,0,0,10,13,33,31,34,39,39,50,52,53,52,50,41,37,22,6,12,13,13,7,1
0,0,0,12,25,29,43,50,49,51,50,62,53,54,46,50,34,17,17,14,10,5,3,0
0,0,0,16,36,40,52,54,51,53,57,53,52,52,51,49,44,41,32,24,13,11,9,7
0,0,0,3,12,13,43,19,42,54,52,52,52,58,54,51,51,29,14,11,11,9,8,2
5,2,0,7,3,8,12,50,57,56,51,53,65,84,73,65,63,56,45,12,4,0,0,0
0,0,3,5,14,46,54,72,77,71,64,62,81,97,129,108,64,54,52,17,10,0,0,0
2,0,9,14,37,55,79,125,104,97,88,83,102,106,131,112,73,55,52,24,7,1,0,0
3,6,12,17,14,55,77,102,108,101,101,83,92,111,111,92,70,51,51,33,11,7,2,3
0,10,32,37,9,14,56,81,106,105,105,82,99,109,113,99,66,38,42,48,4,3,0,0
2,16,35,25,7,5,37,71,85,99,103,100,83,103,100,75,53,30,25,59,20,0,0,3
11,14,50,9,7,0,5,50,96,101,105,101,90,102,72,66,64,22,16,60,45,11,10,8
19,47,81,25,11,2,0,14,38,83,100,93,76,66,53,52,45,8,11,57,33,13,4,0
6,13,15,9,8,8,10,11,49,56,67,72,60,55,52,53,47,4,5,6,52,11,9,8
0,2,0,1,0,5,12,51,64,58,62,73,65,71,64,56,60,14,11,9,14,20,12,7
6,5,16,12,13,10,19,39,52,72,90,100,129,135,105,72,72,43,34,22,26,33,30,13
4,3,9,8,10,8,14,73,102,85,88,122,133,139,125,77,103,57,14,13,10,12,14,7
8,8,0,1,6,10,55,115,133,145,177,193,194,196,159,140,122,60,32,12,6,11,10,10
3,4,12,13,10,14,62,105,124,139,170,201,215,189,145,121,112,70,27,16,16,10,6,8
0,6,8,12,14,11,33,68,108,123,148,148,158,178,151,126,74,42,24,14,13,8,8,11
7,8,7,10,13,12,25,51,89,103,112,101,88,107,91,48,27,20,25,16,19,14,18,23
0,6,7,7,9,3,12,28,52,59,62,35,44,69,45,30,12,7,0,3,9,10,8,12
3,0,0,0,7,0,11,16,27,38,26,13,14,20,12,13,13,4,0,0,0,0,8,8
5,0,0,1,11,0,7,13,41,42,39,11,22,13,13,12,10,10,0,0,0,10,9,7
2,0,0,0,8,0,7,13,26,28,14,12,15,9,12,11,11,4,0,0,0,3,6,4
3,1,0,0,9,4,0,13,28,30,35,13,16,9,12,12,11,0,0,0,0,9,10,8
0,0,6,5,12,11,4,13,20,19,28,8,10,5,7,10,4,0,0,0,0,0,3,5
0,6,10,4,7,8,9,27,35,34,32,14,14,3,5,8,7,4,1,0,0,0,8,3
5,7,5,10,11,11,16,23,32,35,27,16,25,15,14,14,15,12,12,1,0,4,6,7
0,0,10,21,19,13,13,13,29,25,37,13,10,4,2,5,3,3,0,0,0,0,0,3
6,0,1,7,12,13,14,27,55,55,32,11,8,6,5,6,3,2,0,0,0,0,3,8
0,3,0,1,8,11,13,44,243,210,55,22,12,11,11,3,3,5,4,2,0,0,0,3
8,8,0,7,10,12,14,71,166,138,31,12,11,12,12,9,3,4,3,8,0,0,0,4
7,12,10,14,14,23,52,68,51,29,11,10,8,11,8,11,11,9,2,0,0,1,0,0
10,0,9,14,19,39,72,55,23,14,13,7,8,10,10,7,10,8,0,2,4,7,7,9
0,6,11,12,20,52,83,62,52,18,12,4,7,12,9,10,9,1,3,3,2,0,4,0
2,8,9,10,12,27,53,58,51,13,10,12,6,10,12,11,7,0,0,0,1,0,0,0
0,6,0,10,11,14,28,42,14,11,11,8,9,11,13,3,0,0,0,0,0,0,0,0
0,1,0,9,3,5,9,13,5,7,10,8,6,9,12,8,4,0,0,2,5,0,0,0
3,6,0,0,8,11,4,5,4,9,7,8,9,4,3,4,7,8,4,1,0,0,3,5
0,6,6,0,0,10,3,0,0,7,7,0,8,8,2,0,0,0,0,0,0,0,5,0
6,3,0,7,3,2,6,0,0,0,11,6,9,5,0,0,7,1,0,5,5,6,0,4

0,0,0,0,0,2,9,6,11,18,12,9,7,4,3,0,0,0,0,0,0,0,3,3
0,0,2,0,1,3,8,11,20,8,11,13,12,6,7,0,0,0,0,0,0,0,0,0
4,0,0,11,13,14,34,25,30,34,41,43,47,29,39,33,21,5,0,6,0,0,4,8
0,0,0,10,13,33,31,34,38,41,50,52,53,53,50,40,38,22,6,12,13,13,7,1
0,0,0,12,25,29,43,50,50,51,50,62,53,54,47,50,34,18,17,13,10,5,3,0
0,0,0,16,36,40,52,54,51,53,57,54,52,52,51,49,45,41,33,24,13,11,9,7
0,0,0,3,12,13,44,19,43,54,51,52,52,58,54,51,51,28,14,11,11,9,8,2
5,2,0,7,3,8,12,50,57,56,51,53,65,84,73,65,63,56,44,12,5,0,0,0
0,0,3,5,14,46,54,72,77,72,64,62,81,97,128,107,64,54,52,17,10,0,0,0
2,0,9,14,37,55,79,124,103,97,88,83,102,105,129,111,73,55,52,24,7,1,0,0
3,6,12,17,14,55,76,101,107,100,100,83,92,110,109,92,70,51,51,32,11,7,2,3
0,10,32,36,9,14,55,80,105,104,105,82,98,108,112,98,66,38,42,48,4,3,0,0
2,16,35,24,7,5,36,70,85,99,103,100,83,103,100,75,53,30,25,57,19,0,0,2
11,14,50,9,7,0,5,50,96,101,106,101,90,102,72,66,64,24,15,60,46,11,10,9
19,46,81,24,11,2,0,14,39,85,100,95,76,66,53,52,47,8,11,57,32,13,4,0
6,13,14,9,8,8,10,11,49,57,68,72,60,55,52,53,48,5,5,6,52,11,9,9
0,2,0,1,0,5,12,51,64,58,63,73,65,71,64,56,60,14,11,9,14,20,12,7
6,5,15,12,13,10,19,39,53,72,91,100,129,135,105,72,72,44,34,22,26,33,30,13
4,3,9,8,10,8,14,74,102,85,88,122,133,139,125,77,103,57,14,13,10,12,14,7
8,8,0,1,6,10,56,115,133,146,177,194,194,196,159,140,122,60,32,13,6,11,10,10
3,4,12,13,10,14,63,105,124,139,170,202,215,189,145,121,112,70,26,16,16,10,6,8
0,6,8,13,14,11,33,69,108,123,148,148,159,178,151,126,74,43,24,15,13,8,8,11
7,8,7,10,13,12,25,52,90,103,112,101,88,107,92,48,28,20,25,16,19,14,17,24
0,6,7,7,9,3,12,28,53,59,62,38,44,69,48,30,12,7,0,3,9,10,8,12
3,0,0,0,7,0,11,16,27,40,26,13,14,21,12,13,13,4,0,0,0,0,7,8
5,0,0,1,11,0,7,13,41,42,39,11,21,13,13,12,10,10,0,0,0,9,9,7
2,0,0,0,8,0,7,13,25,28,14,12,15,9,12,11,11,4,0,0,0,2,6,4
3,1,0,0,9,4,0,13,29,29,37,13,17,9,12,12,11,0,0,0,0,10,10,8
0,0,6,5,12,11,4,13,20,18,29,9,9,5,7,10,4,0,0,0,0,0,3,5
0,6,10,4,7,8,9,27,35,34,33,14,14,3,5,8,7,4,1,0,0,0,8,3
5,7,5,10,11,11,16,23,32,34,27,16,25,15,14,14,15,12,12,1,0,4,5,7
0,0,10,21,20,13,13,13,30,27,39,14,9,4,2,5,3,3,0,0,0,0,0,3
6,0,1,7,12,13,14,27,55,55,32,11,7,6,5,6,3,2,1,0,0,0,3,8
0,3,0,2,8,11,13,44,243,210,55,23,12,11,12,3,4,5,4,2,0,0,0,3
8,8,0,7,10,12,14,71,166,138,33,12,11,12,12,9,3,4,2,8,0,0,0,4
7,12,10,14,14,24,52,69,51,30,11,11,8,11,8,11,11,10,2,0,0,1,0,0
10,0,9,14,20,39,73,55,23,14,13,7,8,10,10,7,10,8,0,1,4,7,7,9
0,6,11,12,20,52,83,62,52,17,12,4,7,12,10,10,9,1,3,3,2,0,4,0
2,8,8,10,12,27,54,58,51,13,10,12,6,11,12,11,7,0,0,0,1,0,0,0
0,6,0,10,11,14,28,43,14,11,11,8,9,11,13,3,0,0,0,0,0,0,0,1
0,1,0,9,3,5,9,13,5,7,10,8,5,9,12,8,4,0,0,2,4,0,0,0
3,6,0,0,9,11,4,5,4,9,7,8,9,4,3,4,7,8,4,1,0,0,3,5
0,6,6,0,0,10,3,0,0,7,7,0,8,8,2,0,0,0,0,0,0,0,5,0
6,3,0,7,3,2,6,0,0,0,10,6,9,5,0,0,7,1,0,5,5,6,0,4

0,0,0,0,0,2,9,6,11,18,12,9,7,4,3,0,0,0,0,0,0,0,3,3
0,0,2,0,1,3,8,11,20,8,11,13,12,6,7,0,0,0,0,0,0,0,0,0
4,0,0,11,13,14,34,25,29,33,42,45,46,29,39,31,21,5,0,6,0,0,4,8
0,0,0,10,13,34,31,36,38,40,50,52,54,52,51,41,38,22,6,12,13,13,7,1
0,0,0,12,25,29,43,50,50,51,50,62,53,54,46,50,35,17,18,13,10,5,3,0
0,0,0,16,36,41,52,54,51,53,57,54,52,52,51,49,45,41,33,24,13,11,9,7
0,0,0,3,12,13,44,18,42,54,51,52,52,58,54,51,51,28,14,11,11,9,8,2
5,2,0,7,3,8,12,50,57,56,51,53,65,84,73,65,63,56,45,12,5,0,0,0
0,0,3,5,14,47,54,72,77,72,64,62,81,97,128,107,64,54,52,17,10,0,0,0
2,0,9,14,36,55,78,123,102,97,88,83,103,105,128,110,73,55,52,25,7,1,0,0
3,6,12,17,14,55,76,100,106,100,100,83,92,110,109,91,70,51,51,31,11,7,2,3
0,10,32,37,9,14,55,80,105,104,105,82,98,108,112,98,66,38,42,48,4,3,0,0
2,16,34,24,7,5,36,70,84,99,103,101,83,103,100,75,52,30,23,57,19,0,0,2
11,14,50,8,7,0,5,50,96,101,106,101,90,102,72,66,65,24,14,60,47,11,10,9
18,46,80,24,11,2,0,14,40,85,100,95,75,66,53,52,47,8,11,56,31,13,4,0
6,13,14,9,8,8,10,11,50,57,68,73,60,55,52,54,50,5,5,6,52,11,9,9
0,2,0,1,0,5,12,51,64,58,63,73,65,71,64,56,60,14,11,9,14,20,12,7
6,5,15,12,13,10,19,40,53,73,91,100,129,135,105,72,72,44,34,22,26,33,30,13
4,3,9,9,10,8,14,74,102,85,88,122,133,139,125,78,103,57,14,13,10,12,14,7
8,8,0,1,6,10,56,115,133,146,178,194,195,197,160,141,122,60,32,12,6,11,10,10
3,4,12,13,10,14,63,105,124,139,170,202,215,190,145,121,112,70,26,16,16,10,6,8
0,6,8,13,14,11,33,69,108,123,148,148,159,179,152,126,74,43,24,14,13,8,8,11
7,8,7,10,13,12,25,52,90,103,112,101,88,107,92,48,28,21,25,16,19,14,17,23
0,6,7,7,9,3,12,27,53,60,62,36,45,69,48,31,12,7,0,3,9,11,8,12
3,0,0,0,7,0,11,18,27,40,27,13,14,20,12,13,13,4,0,0,0,0,7,7
5,0,0,1,11,0,7,14,41,42,41,11,23,13,13,12,10,9,0,0,0,10,9,7
2,0,0,0,8,0,7,13,26,27,14,12,14,9,12,11,11,4,0,0,0,2,6,4
3,1,0,0,9,4,0,13,29,29,36,13,16,9,12,12,11,0,0,0,0,10,10,8
0,0,6,5,12,11,4,13,20,17,28,9,9,5,6,10,4,0,0,0,0,0,3,4
0,6,10,4,7,8,9,27,35,34,32,14,14,3,5,8,7,4,1,0,0,0,8,3
5,7,5,10,11,11,16,23,32,34,27,16,25,15,14,14,14,12,12,0,0,4,5,7
0,0,10,21,20,13,13,13,29,28,36,14,10,5,2,5,3,3,0,0,0,0,0,3
6,0,1,7,12,13,14,26,55,55,32,11,7,6,5,6,3,2,0,0,0,0,3,8
0,3,0,2,8,11,13,44,243,210,55,24,12,11,12,3,4,5,4,2,0,0,0,3
8,8,0,7,10,12,14,71,167,138,31,12,11,12,12,9,3,4,2,8,0,0,0,3
7,12,10,14,14,24,52,69,51,29,11,11,8,11,8,12,11,9,2,0,0,1,0,0
10,0,9,14,20,39,73,54,23,14,13,7,8,10,10,7,10,8,0,1,4,7,7,8
0,6,11,13,20,52,83,62,52,18,12,4,7,12,9,10,9,1,3,3,2,0,4,0
2,8,8,10,12,27,53,58,51,13,10,12,6,11,11,11,7,0,0,0,1,0,0,0
0,6,0,10,11,14,28,42,14,11,11,8,9,11,13,3,0,0,0,0,0,0,0,1
0,1,0,8,3,5,9,13,5,7,10,7,5,9,12,8,4,0,0,2,4,0,0,0
3,6,0,0,8,11,4,5,4,9,7,8,10,4,3,4,6,7,4,1,0,0,3,5
0,6,6,0,0,10,3,0,0,7,7,0,8,8,2,0,0,0,0,0,0,0,5,0
6,3,0,7,3,2,6,0,0,0,10,6,9,5,0,0,7,1,0,5,5,6,0,4
