0,0,0,9,8,11,8,10,10,7,8,5,8,9,18,11,6,11,5,1,1,9,13,4
0,0,0,12,11,6,10,10,10,21,20,10,14,12,13,18,18,11,0,10,13,8,1,2
11,9,4,8,2,0,0,0,0,7,7,8,13,13,12,13,13,13,7,9,4,0,7,0
118,148,174,147,112,111,106,109,102,107,108,101,77,53,48,14,12,16,12,8,7,6,0,8
84,112,202,343,147,147,150,134,141,130,133,118,118,72,50,24,31,14,19,13,12,4,12,4
48,57,82,90,81,90,94,118,125,125,129,123,101,77,52,39,28,18,11,19,13,8,0,0
20,42,55,54,56,55,57,65,71,85,100,121,108,97,75,59,14,13,3,5,11,8,3,0
0,14,24,28,51,52,50,56,66,74,103,112,98,83,75,53,13,6,7,0,10,8,6,0
0,0,3,10,9,48,46,54,77,87,88,119,134,107,86,64,60,52,16,9,8,11,3,0
0,0,5,10,6,13,51,53,73,91,119,149,175,169,116,77,59,56,23,12,14,10,2,0
3,9,7,11,1,10,14,57,65,90,135,156,206,208,160,109,66,58,51,12,11,4,4,7
0,0,0,0,0,4,28,64,71,103,140,152,183,210,180,126,82,53,39,24,12,9,3,0
0,0,0,0,0,0,26,55,74,111,133,149,192,189,173,133,102,50,40,32,8,8,0,0
0,0,0,1,1,0,0,77,77,101,123,124,135,168,149,134,108,73,32,13,0,0,0,10
0,0,0,0,0,6,0,33,60,61,100,117,124,130,133,130,108,73,58,13,12,0,3,7
0,0,0,0,0,0,1,31,62,61,73,104,115,115,105,104,84,91,50,20,13,13,3,2
2,1,0,3,0,0,8,39,58,64,88,95,119,104,84,88,91,74,61,25,7,10,2,0
3,7,9,11,11,13,12,33,51,57,85,97,105,103,126,132,142,71,44,23,22,12,11,10
0,2,5,6,10,9,4,9,51,80,106,116,115,84,106,157,146,100,62,42,14,11,8,7
0,0,1,8,9,8,8,11,44,84,105,113,128,138,184,227,201,122,107,32,25,13,14,10
0,0,0,14,21,11,8,14,33,80,113,117,141,182,216,230,201,131,82,36,20,13,9,8
0,0,5,36,83,22,18,24,34,69,76,104,175,229,230,247,200,130,65,38,30,18,12,11
0,3,6,38,38,23,36,53,47,37,49,120,162,191,184,190,169,126,62,32,12,13,8,8
0,0,0,1,45,50,80,103,101,70,100,122,158,188,173,164,146,116,74,16,13,12,4,2
0,0,0,0,32,56,80,100,102,100,100,119,154,169,161,154,126,103,54,26,12,0,8,5
0,0,0,2,15,59,101,104,104,101,100,111,138,149,145,133,110,92,13,13,3,1,11,9
0,0,0,0,10,60,90,100,102,100,84,102,126,129,126,120,104,48,11,10,8,0,0,0
0,0,0,0,10,76,102,79,101,88,79,103,108,131,133,125,103,13,12,3,6,0,8,6
0,0,0,1,13,105,139,110,100,62,57,56,84,118,115,112,100,16,6,0,4,2,0,5
0,1,5,0,12,53,112,82,77,64,52,55,106,146,69,59,41,12,0,0,6,0,12,7
6,5,3,7,12,13,51,53,56,53,44,42,56,95,79,65,40,21,12,12,7,0,0,6
0,0,4,9,6,5,23,57,54,58,50,50,51,63,84,73,58,16,12,19,12,8,8,8
6,0,0,0,1,4,8,25,59,56,48,31,51,68,87,86,59,12,7,9,2,0,5,6
0,0,0,0,0,6,1,10,27,37,20,20,37,66,82,84,30,11,5,8,5,0,10,4
0,0,0,0,0,0,5,0,0,6,11,8,10,49,65,50,33,10,5,6,8,7,5,0
0,0,0,0,0,0,0,0,0,3,6,5,7,25,53,50,14,4,5,0,0,0,4,0
0,0,0,0,0,0,0,0,0,0,1,9,11,30,42,15,10,0,0,0,0,10,3,5
0,0,0,0,0,0,0,0,0,3,12,9,9,37,36,13,1,0,0,4,0,0,0,0
0,0,0,0,0,0,0,4,9,9,8,10,12,28,15,6,3,0,0,0,0,0,0,0
0,0,0,0,0,0,0,0,10,12,10,8,13,12,11,0,0,0,0,0,0,0,0,0
0,0,0,0,1,2,0,10,31,41,11,12,23,14,12,3,4,0,1,1,0,0,0,0
3,1,0,0,0,2,13,36,58,52,17,50,53,9,5,8,0,3,11,0,0,0,2,3
1,3,0,0,9,0,0,18,77,55,45,51,56,32,20,7,2,9,12,0,1,7,5,2
0,0,0,4,4,0,3,12,14,13,52,53,45,13,5,0,0,6,0,5,9,0,7,3

0,0,0,9,8,11,8,10,10,7,8,5,8,9,17,11,6,11,5,1,1,9,13,4
0,0,0,12,11,6,10,10,10,21,20,10,14,13,13,18,18,11,0,10,13,8,1,2
11,9,4,8,2,0,0,0,0,7,7,8,13,13,12,13,13,13,7,9,4,0,7,0
118,148,174,147,112,111,106,109,102,107,108,101,78,52,47,14,12,15,12,8,7,6,0,8
84,112,202,343,147,147,150,134,142,130,133,118,118,71,50,23,31,14,18,13,12,4,12,4
49,57,82,90,81,90,94,119,125,125,129,122,101,77,52,39,28,19,11,19,13,7,0,0
21,43,55,54,56,55,57,65,71,85,100,120,108,97,75,59,14,13,3,5,11,8,3,0
0,14,24,28,51,52,51,56,66,75,103,112,98,83,75,53,13,6,7,0,10,8,6,0
0,0,3,10,9,50,48,55,77,88,88,120,135,107,86,65,60,52,16,9,8,11,3,0
0,0,5,10,6,13,51,53,73,92,120,150,176,169,116,77,59,56,23,12,14,9,2,0
3,9,7,11,1,11,14,57,65,91,136,157,209,208,161,109,66,59,51,12,11,4,4,7
0,0,0,0,0,4,29,64,71,104,140,152,183,210,181,126,82,53,39,24,12,9,3,0
0,0,0,0,0,0,26,55,74,110,133,148,192,188,172,132,102,50,39,32,7,7,0,0
0,0,0,1,1,0,0,77,76,101,123,124,135,168,149,133,108,73,32,13,0,0,0,10
0,0,0,0,0,5,0,33,60,60,99,116,123,130,133,130,108,73,58,13,12,0,3,7
0,0,0,0,0,0,1,30,62,60,73,104,114,114,105,104,84,91,50,19,13,14,3,2
2,1,0,3,0,0,8,40,58,63,87,95,118,104,84,89,92,75,62,26,7,10,2,0
3,7,9,11,11,13,12,32,50,56,84,96,104,102,126,135,146,71,44,23,22,12,11,10
0,2,5,7,10,9,4,9,51,80,106,116,114,84,107,159,147,101,63,43,15,11,8,7
0,0,1,9,9,8,8,11,44,84,105,113,127,137,185,227,201,123,107,34,26,13,14,10
0,0,0,15,22,11,9,15,36,80,113,117,141,182,216,231,201,131,83,37,20,13,9,8
0,0,6,38,84,23,19,25,35,70,77,104,175,228,230,248,200,130,65,38,30,18,12,11
0,4,6,39,38,24,36,54,48,37,49,120,161,191,185,189,170,126,62,33,12,13,8,8
0,0,0,2,45,51,80,103,101,73,100,122,157,187,173,164,146,116,74,17,13,12,4,2
0,0,0,0,32,56,82,100,102,100,100,119,154,169,161,154,126,103,55,26,13,0,8,4
0,0,0,2,18,60,101,104,104,101,100,111,138,149,145,133,110,92,13,13,3,1,11,9
0,0,0,0,10,60,91,100,102,100,84,102,126,130,126,121,104,48,11,10,8,0,0,0
0,0,0,0,10,76,102,80,101,87,80,103,108,132,133,125,103,13,12,3,6,0,8,6
0,0,0,1,13,105,139,110,100,62,57,56,84,118,115,112,100,16,6,0,4,2,0,6
0,1,5,0,12,53,112,82,77,64,52,56,107,146,69,59,41,11,0,0,6,0,12,7
6,5,3,7,12,13,51,53,56,53,44,42,56,95,79,65,40,22,12,12,7,0,0,6
0,0,4,10,6,5,25,57,54,59,50,50,51,63,84,73,58,17,12,19,12,8,8,8
6,0,0,0,1,4,8,26,59,56,49,32,51,68,87,86,59,12,7,9,2,0,5,6
0,0,0,0,0,6,2,10,28,36,21,19,37,66,82,84,30,11,5,8,5,0,10,4
0,0,0,0,0,0,5,0,0,6,11,8,10,49,64,50,33,10,5,6,8,7,5,0
0,0,0,0,0,0,0,0,0,3,6,5,7,24,53,50,14,4,5,0,0,0,4,0
0,0,0,0,0,0,0,0,0,0,1,9,11,32,42,14,10,0,0,0,0,10,3,5
0,0,0,0,0,0,0,0,1,3,12,9,9,36,35,13,1,0,0,4,0,0,0,0
0,0,0,0,0,0,0,4,9,9,8,10,12,29,14,6,3,0,0,0,0,0,0,0
0,0,0,0,0,0,0,0,10,12,10,8,13,12,10,0,0,0,0,0,0,0,0,0
0,0,0,0,2,2,0,10,31,41,11,12,24,14,12,3,3,0,1,1,0,0,0,0
3,1,0,0,0,2,13,36,58,52,17,50,53,9,5,8,0,3,11,0,0,0,2,3
1,3,0,0,9,0,0,19,77,55,47,51,56,32,21,7,2,9,12,0,1,7,5,2
0,0,0,4,4,0,3,12,14,14,52,53,44,13,4,0,0,6,0,5,9,0,7,3

0,0,0,9,8,11,8,10,10,7,8,5,8,9,17,11,6,11,5,1,1,9,13,4
0,0,0,12,11,6,10,10,10,21,21,10,14,13,13,18,18,11,0,10,13,8,1,2
11,9,4,8,2,0,0,0,0,7,7,8,13,13,12,13,12,13,7,8,4,0,7,0
118,148,174,147,112,111,106,109,102,107,108,101,78,53,47,14,11,15,12,8,7,6,0,8
84,112,203,343,146,147,150,134,142,130,133,118,118,72,50,23,31,14,18,13,12,4,12,4
50,57,82,90,81,90,94,119,126,126,130,123,101,77,52,39,29,18,11,19,12,7,0,0
20,43,55,54,55,55,57,65,71,85,101,121,108,97,75,59,14,13,3,5,11,8,3,0
0,14,24,28,51,52,51,56,66,75,104,112,98,83,75,53,13,6,7,0,10,8,6,0
0,0,3,10,9,48,46,55,78,88,89,120,135,108,86,65,60,52,16,9,8,11,3,0
0,0,5,10,6,13,51,53,74,93,121,151,176,170,116,78,59,56,23,12,14,9,2,0
3,9,7,11,0,10,14,57,65,91,137,159,210,210,162,110,67,59,51,12,11,4,4,7
0,0,0,0,0,4,30,65,72,104,140,153,183,210,181,126,82,53,40,24,12,9,3,0
0,0,0,0,0,0,25,55,74,110,132,148,191,187,171,132,102,50,39,31,7,6,0,0
0,0,0,1,1,0,0,75,76,100,122,123,134,167,149,133,107,72,27,13,0,0,0,10
0,0,0,0,0,5,0,26,59,60,98,115,122,129,132,130,108,72,57,13,12,0,3,7
0,0,0,0,0,0,0,24,61,60,72,103,113,113,104,104,85,91,50,19,13,14,3,2
2,1,0,3,0,0,7,38,57,63,86,94,117,103,84,89,93,76,62,26,7,10,1,0
3,7,9,11,11,13,12,31,50,56,83,95,102,102,127,138,150,72,45,23,22,12,11,10
0,2,5,7,10,10,4,8,51,79,106,116,114,83,108,162,148,101,63,43,15,11,8,7
0,0,2,9,9,8,8,11,40,84,105,112,127,137,186,229,202,123,107,35,26,13,14,10
0,0,0,16,23,11,9,16,36,80,114,117,141,182,216,232,202,131,83,36,20,13,9,8
0,0,6,40,84,25,19,25,36,71,77,104,175,229,230,248,201,130,65,38,30,18,12,11
0,4,6,41,38,24,36,55,49,38,49,120,162,191,185,189,169,126,61,32,12,13,8,8
0,0,0,3,47,52,82,103,101,75,100,122,158,187,173,164,146,116,74,15,13,12,4,2
0,0,0,0,32,57,82,100,102,100,100,119,154,169,161,154,126,103,54,26,12,0,8,4
0,0,0,2,18,62,101,104,104,101,100,111,138,149,145,133,110,91,13,13,3,1,11,9
0,0,0,0,10,59,90,100,102,100,84,102,126,129,126,121,104,48,11,10,8,0,0,0
0,0,0,0,10,77,102,80,101,88,79,103,108,132,134,125,103,13,12,3,6,0,8,7
0,0,0,1,13,105,139,110,100,62,57,56,84,117,115,112,100,16,6,0,4,2,0,5
0,1,5,0,12,53,113,82,77,63,52,56,107,147,69,59,41,12,0,0,7,0,12,7
6,5,3,8,12,13,51,52,56,53,44,42,56,95,79,65,40,22,12,12,7,0,0,6
0,0,4,10,6,5,26,57,54,58,50,50,51,63,83,73,58,16,12,19,12,8,8,8
6,0,0,0,1,5,8,27,59,56,49,32,51,67,87,86,58,12,7,9,2,0,5,6
0,0,0,0,0,6,2,10,28,36,21,21,37,66,82,84,30,11,5,8,5,0,10,4
0,0,0,0,0,0,5,0,0,6,11,8,10,48,64,50,33,10,5,6,8,7,5,0
0,0,0,0,0,0,0,0,0,3,6,5,7,24,53,50,14,4,5,0,0,0,4,0
0,0,0,0,0,0,0,0,0,0,1,9,11,29,42,14,10,0,0,0,0,10,3,5
0,0,0,0,0,0,0,0,1,3,12,9,9,36,35,13,1,0,0,4,0,0,0,0
0,0,0,0,0,0,0,4,9,9,8,10,12,28,14,6,3,0,0,0,0,0,0,0
0,0,0,0,0,0,0,0,10,12,10,8,13,12,10,0,0,0,0,0,0,0,0,0
0,0,0,0,1,2,0,10,31,41,11,12,23,14,12,3,3,0,1,1,0,0,0,0
3,1,0,0,0,2,13,37,58,52,17,50,53,9,5,8,0,3,11,0,0,0,2,3
1,3,0,0,9,0,0,19,77,55,45,51,56,33,20,7,2,9,12,0,1,7,5,2
0,0,0,4,4,0,3,12,14,14,52,53,45,13,5,0,0,6,0,5,9,0,7,3

0,0,0,9,8,11,8,10,10,7,8,5,8,9,17,11,6,11,5,1,1,9,13,4
0,0,0,12,11,6,10,10,10,23,21,10,14,13,13,18,19,11,0,10,13,8,1,2
11,9,4,8,2,0,0,0,0,7,7,8,13,13,12,13,13,13,7,8,4,0,7,0
118,148,174,147,112,111,106,109,102,107,108,102,78,52,48,14,12,15,12,8,6,6,0,8
84,112,203,344,146,147,151,134,142,130,134,118,118,72,50,22,32,14,18,13,12,4,12,4
50,57,82,90,81,90,94,119,126,126,130,123,101,77,52,39,28,18,11,18,12,7,0,0
20,42,55,54,55,55,57,65,71,85,101,121,108,97,75,59,14,13,3,5,11,8,3,0
0,14,24,28,51,52,51,56,66,75,104,113,99,83,75,53,13,6,7,0,10,8,6,0
0,0,3,10,9,48,48,55,78,89,89,120,136,108,86,65,61,52,16,9,8,11,3,0
0,0,5,10,6,13,51,54,74,94,122,152,177,171,117,78,59,56,24,12,14,9,2,0
3,9,7,11,0,10,14,57,65,92,138,160,211,211,163,110,67,59,51,12,11,4,4,7
0,0,0,0,0,4,30,65,72,104,140,153,184,212,181,126,83,53,39,24,12,9,3,0
0,0,0,0,0,0,24,55,74,110,131,147,191,187,171,132,102,50,39,31,6,6,0,0
0,0,0,1,1,0,0,75,76,100,121,122,133,167,149,133,107,72,28,13,0,0,0,10
0,0,0,0,0,5,0,22,59,59,97,114,121,128,132,129,108,71,56,13,12,0,3,7
0,0,0,0,0,0,0,19,61,60,72,102,113,113,104,104,85,92,50,19,13,14,3,2
2,1,0,3,0,0,7,35,57,62,86,93,117,102,84,90,94,76,63,26,7,10,1,0
3,7,10,12,11,13,11,31,50,56,83,94,101,101,127,141,154,73,45,23,22,12,11,10
0,2,5,7,10,10,4,8,51,79,106,115,113,83,108,163,148,101,63,43,16,11,8,7
0,0,2,10,9,9,8,11,40,84,105,112,127,138,187,230,203,123,107,35,27,13,14,10
0,0,0,17,23,11,9,17,37,80,114,117,141,183,217,232,202,131,83,36,20,13,9,8
0,0,6,41,85,27,19,26,37,71,77,104,176,229,231,248,202,130,65,38,30,18,12,11
0,4,7,41,38,25,36,56,50,38,50,120,162,190,185,190,169,126,61,32,12,12,8,8
0,0,0,3,48,53,85,103,101,76,100,122,158,187,173,164,146,116,74,16,13,12,4,2
0,0,0,0,33,59,83,100,102,100,100,119,154,168,161,154,126,103,54,26,12,0,8,4
0,0,0,2,20,62,101,104,104,101,100,111,138,149,145,133,110,92,13,13,3,1,11,9
0,0,0,0,10,60,90,100,102,100,84,102,126,129,127,121,104,48,11,10,8,0,0,0
0,0,0,0,10,78,102,80,102,88,80,103,108,131,134,125,103,13,12,3,6,0,8,7
0,0,0,1,13,105,140,111,100,62,57,56,84,118,116,112,100,16,6,0,4,2,0,6
0,1,5,0,13,53,113,82,77,64,52,56,107,147,69,59,41,12,0,0,7,0,12,7
6,5,3,8,12,14,51,52,56,53,44,42,56,95,79,65,39,22,12,12,7,0,0,6
0,1,5,10,6,5,29,57,54,59,51,50,51,63,83,73,58,16,12,19,12,8,9,8
6,0,0,0,1,5,8,27,59,56,48,31,51,67,87,86,58,12,7,9,2,0,5,6
0,0,0,0,0,6,2,10,29,36,22,21,37,66,82,84,30,11,5,8,5,0,10,4
0,0,0,0,0,0,5,0,0,6,11,8,10,48,64,50,33,10,5,6,8,7,5,0
0,0,0,0,0,0,0,0,0,3,7,5,7,24,53,50,14,4,5,0,0,0,4,0
0,0,0,0,0,0,0,0,0,0,1,9,11,29,42,14,10,0,0,0,0,10,3,5
0,0,0,0,0,0,0,0,1,3,12,9,9,36,34,13,1,0,0,4,0,0,0,0
0,0,0,0,0,0,0,4,9,9,8,10,12,27,14,6,3,0,0,0,0,0,0,0
0,0,0,0,0,0,0,0,10,12,10,8,13,12,10,0,0,0,0,0,0,0,0,0
0,0,0,0,1,2,0,10,31,41,11,12,23,14,11,3,3,0,1,1,0,0,0,0
3,1,0,0,0,2,13,38,58,52,18,50,53,9,5,8,0,3,11,0,0,0,2,3
1,3,0,0,9,0,0,19,77,55,45,51,56,32,20,7,2,9,12,0,1,7,5,2
0,0,0,4,4,0,3,12,14,14,52,53,45,13,4,0,0,6,0,5,9,0,7,3

0,0,0,9,8,11,8,10,10,7,8,5,8,9,18,11,7,11,5,1,1,9,13,4
0,0,0,12,11,6,10,10,10,22,21,10,14,12,13,18,18,11,0,10,13,8,1,1
11,9,4,8,2,0,0,0,0,7,7,8,13,13,12,13,13,13,7,8,4,0,7,0
118,148,174,147,112,111,106,109,102,107,108,102,78,53,47,14,11,15,12,8,6,6,0,8
84,113,204,344,146,147,151,134,142,131,134,118,118,72,50,23,32,14,18,13,12,4,12,4
50,57,82,90,82,90,95,119,126,127,131,124,102,77,52,39,29,18,11,18,12,7,0,0
20,42,55,54,55,55,57,65,71,85,101,122,109,97,75,59,14,13,3,5,11,8,3,0
0,14,26,28,51,52,51,56,66,76,104,113,99,83,75,53,13,6,7,0,10,8,6,0
0,0,3,10,9,48,46,55,78,89,90,121,136,108,87,65,60,52,15,9,8,11,3,0
0,0,5,10,6,13,51,54,74,94,122,152,178,171,117,78,59,56,23,12,14,9,2,0
3,9,7,11,0,11,14,57,65,92,138,161,212,211,163,110,67,59,51,12,11,4,4,7
0,0,0,0,0,4,30,65,72,104,140,153,184,212,181,126,82,53,39,24,12,9,3,0
0,0,0,0,0,0,24,55,74,109,131,147,191,188,171,131,102,50,39,31,6,6,0,0
0,0,0,1,1,0,0,74,75,99,121,122,133,167,149,133,107,72,27,13,0,0,0,10
0,0,0,0,0,5,0,16,59,59,96,114,121,128,132,129,108,71,56,13,12,0,3,7
0,0,0,0,0,0,0,14,60,59,72,101,112,112,103,103,84,91,50,19,13,14,3,2
2,1,0,3,0,0,7,33,57,62,85,93,117,102,84,90,95,76,63,26,7,10,1,0
3,7,10,12,11,12,11,30,50,56,83,94,100,101,127,143,156,73,45,23,22,12,11,10
0,2,5,8,11,10,4,8,51,79,106,115,112,83,109,164,149,101,63,43,16,12,8,7
0,0,2,10,10,9,9,12,39,84,105,112,127,138,187,230,203,123,107,36,27,13,14,11
0,0,0,18,24,12,9,19,38,81,114,118,141,182,217,232,202,131,82,36,21,13,9,8
0,0,6,41,85,28,20,27,37,71,78,104,176,229,231,248,201,130,65,38,30,17,12,11
0,4,7,42,39,25,37,56,50,39,50,120,162,191,184,190,169,126,61,32,12,13,8,8
0,0,0,4,48,54,85,103,101,77,100,122,158,187,173,164,146,116,73,15,13,12,4,2
0,0,0,0,33,59,84,101,102,100,100,119,154,169,161,154,126,103,53,26,12,0,8,4
0,0,1,2,21,62,101,104,104,101,100,111,138,149,145,134,110,91,13,13,3,1,11,9
0,0,0,0,10,61,91,100,102,100,84,102,126,130,126,121,104,46,11,10,8,0,0,0
0,0,0,0,10,79,102,81,102,87,80,103,108,132,134,125,103,13,12,3,6,0,8,6
0,0,0,1,13,105,140,111,100,62,57,56,84,118,115,112,100,16,6,0,4,2,0,5
0,1,5,0,13,54,113,82,77,64,52,56,107,147,69,59,40,11,0,0,7,0,12,7
6,5,4,8,12,14,51,52,56,53,44,42,56,95,79,65,40,22,12,12,7,0,0,6
0,1,5,10,6,6,29,57,54,58,51,50,51,63,83,73,58,16,12,19,12,9,9,8
6,0,0,0,1,5,8,28,59,56,49,32,51,68,87,86,58,12,7,9,2,0,5,7
0,0,0,0,0,7,1,10,29,36,22,20,38,66,82,84,30,11,5,8,5,0,10,4
0,0,0,0,0,0,5,0,0,6,11,8,10,49,64,50,33,10,5,6,8,7,5,0
0,0,0,0,0,0,0,0,0,3,6,5,7,24,53,50,14,4,5,0,0,0,4,0
0,0,0,0,0,0,0,0,0,0,1,9,11,27,42,14,9,0,0,0,0,10,3,5
0,0,0,0,0,0,0,0,1,3,12,9,9,36,35,13,1,0,0,4,0,0,0,0
0,0,0,0,0,0,0,4,9,9,8,10,12,27,14,6,3,0,0,0,0,0,0,0
0,0,0,0,0,0,0,0,10,12,10,8,13,11,10,0,0,0,0,0,0,0,0,0
0,0,0,0,2,2,0,10,31,41,11,12,22,14,11,3,3,0,1,1,0,0,0,0
3,1,0,0,0,2,13,38,58,52,17,50,53,9,5,8,0,3,11,0,0,0,2,3
1,3,0,0,9,0,0,22,77,55,46,51,56,32,21,7,2,9,12,0,1,7,5,2
0,0,0,4,4,0,3,12,14,14,52,53,46,13,5,0,0,6,0,5,9,0,7,3

0,0,0,9,8,11,8,10,10,7,8,5,8,9,17,11,6,11,5,1,1,9,13,4
0,0,0,12,11,6,10,10,10,21,21,10,14,13,13,18,19,11,0,10,13,8,1,1
11,9,4,8,2,0,0,0,0,7,7,8,13,13,12,13,12,13,7,8,4,0,7,0
118,148,175,147,112,111,106,109,102,107,108,102,78,53,46,14,11,15,12,8,6,5,0,8
84,113,204,345,147,147,151,134,142,131,134,118,118,71,50,21,31,14,18,13,12,4,12,4
50,57,82,90,82,91,95,120,126,127,131,123,102,77,52,38,28,18,11,18,12,7,0,0
21,44,55,54,55,55,57,65,71,85,101,122,109,97,75,59,14,13,3,5,11,8,3,0
0,14,26,28,51,52,51,56,66,76,104,113,99,83,75,53,13,6,7,0,10,8,6,0
0,0,4,10,9,48,48,55,78,89,90,121,136,108,86,65,60,52,16,9,8,11,3,0
0,0,5,10,6,13,52,53,74,94,122,153,178,171,117,78,59,56,23,12,14,9,2,0
3,9,7,11,1,11,14,57,65,92,139,161,213,211,163,110,67,59,51,12,11,4,4,7
0,0,0,0,0,4,29,65,72,104,141,154,184,212,182,126,82,53,40,24,11,9,3,0
0,0,0,0,0,0,23,55,74,109,131,147,191,188,171,131,101,50,38,31,6,5,0,0
0,0,0,2,1,0,0,73,75,99,121,122,133,167,149,133,107,72,29,13,0,0,0,10
0,0,0,0,0,5,0,15,59,59,96,114,120,128,132,129,108,71,56,13,12,0,3,7
0,0,0,0,0,0,0,14,60,59,71,101,112,112,103,103,85,91,50,19,13,14,3,2
2,1,0,3,0,0,7,32,57,62,84,92,116,101,83,90,95,77,63,28,7,10,1,0
3,7,10,12,11,13,11,30,50,56,83,93,100,100,128,144,157,73,45,23,22,12,11,10
0,2,5,8,11,10,4,8,51,79,106,115,112,82,109,164,149,101,63,43,16,12,8,7
0,0,3,10,10,9,9,12,38,83,105,112,126,138,188,230,203,123,108,36,27,13,13,11
0,0,0,18,24,12,9,20,40,81,114,118,141,183,217,233,202,131,83,36,20,13,9,8
0,0,7,41,85,28,20,27,38,72,78,104,177,229,231,248,201,130,65,38,30,17,12,11
0,5,7,42,39,25,37,56,51,38,50,120,162,191,185,189,170,126,61,32,12,13,7,8
0,0,0,4,47,54,85,103,102,78,100,122,158,187,173,164,146,116,73,16,13,12,4,2
0,0,0,0,33,60,83,101,102,100,100,119,154,169,161,155,126,103,54,26,12,0,8,4
0,0,1,3,20,62,101,104,104,101,100,111,138,149,145,133,110,90,13,13,3,1,11,9
0,0,0,0,10,60,91,100,102,100,85,102,126,130,127,121,104,46,11,10,8,0,0,0
0,0,0,0,10,79,102,81,102,88,80,103,108,132,134,125,103,13,12,3,6,0,8,7
0,0,0,1,13,105,140,111,100,62,57,56,84,118,115,112,100,15,6,0,4,2,0,6
0,1,6,0,13,53,113,82,77,64,52,56,107,148,69,59,40,12,0,0,7,0,12,7
6,5,4,8,12,14,51,52,56,53,44,43,56,95,79,65,39,22,12,12,8,0,0,6
0,1,5,10,6,6,30,57,54,59,52,50,51,63,84,72,57,16,12,19,12,9,9,8
6,0,0,0,2,5,8,28,59,56,49,32,51,67,87,86,58,12,7,10,2,0,5,7
0,0,0,0,0,7,1,10,29,35,22,20,38,66,82,84,30,11,5,8,5,0,10,4
0,0,0,0,0,0,5,0,0,6,11,8,10,48,64,50,33,10,5,6,8,7,5,0
0,0,0,0,0,0,0,0,0,3,7,5,7,23,53,50,14,4,5,0,0,0,4,0
0,0,0,0,0,0,0,0,0,0,1,9,11,26,41,14,9,0,0,0,0,10,3,5
0,0,0,0,0,0,0,0,1,3,12,9,9,36,35,13,1,0,0,4,0,0,0,0
0,0,0,0,0,0,0,4,9,9,8,10,12,28,14,6,3,0,0,0,0,0,0,0
0,0,0,0,0,0,0,0,10,12,10,8,13,11,10,0,0,0,0,0,0,0,0,0
0,0,0,0,2,2,0,10,31,41,11,12,22,14,12,3,3,0,1,1,0,0,0,0
3,1,0,0,0,2,13,37,58,52,17,50,53,9,5,8,0,3,11,0,0,0,2,3
1,3,0,0,9,0,0,22,77,55,46,51,55,32,20,7,2,9,12,0,1,7,5,2
0,0,0,4,4,0,3,12,15,14,52,54,46,13,4,0,0,6,0,5,9,0,7,3

0,0,0,9,8,11,8,10,10,7,8,5,8,9,17,11,6,11,5,1,1,9,13,4
0,0,0,12,11,6,10,10,10,21,21,10,14,12,13,18,18,11,0,10,13,8,0,1
11,9,4,8,2,0,0,0,0,7,7,8,13,13,12,13,13,13,7,8,4,0,7,0
118,149,176,147,112,111,106,109,102,107,108,102,78,52,47,14,11,15,12,8,6,5,0,8
85,113,204,345,147,147,151,135,143,131,134,118,119,72,50,22,32,14,18,13,12,4,12,4
49,57,82,90,81,90,95,120,126,127,131,123,102,77,52,38,28,17,11,18,12,7,0,0
22,44,55,54,55,55,57,65,71,85,101,121,109,98,75,59,14,13,3,5,11,8,3,0
0,14,25,28,51,52,51,56,66,76,104,113,99,83,75,53,13,6,7,0,10,8,6,0
0,0,4,10,9,50,49,55,78,89,90,121,136,108,87,66,61,52,15,9,8,11,3,0
0,0,5,10,6,13,52,54,74,94,122,153,178,171,117,78,59,56,24,12,14,9,2,0
3,9,7,11,0,11,14,57,65,92,139,162,213,212,163,110,67,59,51,12,11,4,4,7
0,0,0,0,0,4,29,65,72,104,141,154,184,212,182,126,82,53,39,24,11,9,3,0
0,0,0,0,0,0,23,55,74,109,131,147,191,188,171,131,101,50,39,31,6,5,0,0
0,0,0,2,1,0,0,73,75,99,121,122,133,167,149,133,107,72,28,13,0,0,0,10
0,0,0,0,0,5,0,16,59,59,95,113,120,128,132,129,108,71,56,13,12,0,3,7
0,0,0,0,0,0,0,14,60,59,71,101,112,112,103,103,85,91,50,19,13,14,3,2
2,1,0,3,0,0,7,32,57,62,84,92,116,101,84,90,95,77,63,28,7,10,1,0
3,7,10,12,11,13,11,30,50,56,82,93,100,100,128,145,157,73,45,23,22,12,11,10
0,2,6,8,11,10,4,8,51,79,106,115,112,82,109,164,149,102,63,43,16,12,8,7
0,0,3,10,10,9,9,12,38,84,105,112,126,138,187,230,203,123,108,37,28,13,14,11
0,0,0,18,24,12,9,22,40,81,114,118,141,183,217,233,202,131,83,36,21,13,9,8
0,0,7,42,85,28,20,28,37,72,78,104,177,229,231,248,201,130,65,38,30,17,12,11
0,5,7,42,39,25,37,56,51,39,51,120,162,191,185,189,170,126,61,32,12,13,7,8
0,0,0,4,47,55,85,103,101,78,100,122,158,187,173,164,146,116,73,15,13,12,4,2
0,0,0,0,33,60,83,101,102,100,100,119,154,169,161,154,126,103,53,26,13,0,8,5
0,0,1,3,22,62,101,104,104,101,100,111,138,149,145,133,110,91,13,13,3,1,11,9
0,0,0,0,11,60,91,100,102,100,85,102,126,130,127,121,104,48,11,10,8,0,0,0
0,0,0,0,10,79,102,81,101,89,80,103,108,132,134,125,103,13,12,3,6,0,8,7
0,0,0,1,13,105,140,111,100,62,57,56,84,118,115,112,100,16,6,0,4,2,0,6
0,1,6,0,13,53,113,82,77,64,52,56,107,147,69,59,40,11,0,0,7,0,12,7
6,5,4,8,12,14,51,52,56,53,44,42,56,95,79,65,39,22,12,12,8,0,0,6
0,1,5,10,6,6,30,57,54,58,50,50,51,63,83,73,58,17,12,19,12,9,9,8
6,0,0,0,2,5,9,29,59,56,50,32,51,68,86,86,58,12,7,9,2,0,5,7
0,0,0,0,0,7,1,10,29,36,22,21,37,66,82,84,30,11,5,8,5,0,10,4
0,0,0,0,0,0,5,0,0,6,11,8,10,47,64,50,33,10,5,6,8,7,5,0
0,0,0,0,0,0,0,0,0,4,7,5,7,24,53,50,14,4,5,0,0,0,4,0
0,0,0,0,0,0,0,0,0,0,1,9,11,28,42,14,10,0,0,0,0,10,3,5
0,0,0,0,0,0,0,0,1,3,12,9,9,36,34,13,1,0,0,4,0,0,0,0
0,0,0,0,0,0,0,4,9,10,8,10,12,28,14,6,3,0,0,0,0,0,0,0
0,0,0,0,0,0,0,0,10,13,10,8,13,12,10,0,0,0,0,0,0,0,0,0
0,0,0,0,2,2,0,10,31,42,11,12,24,14,12,3,3,0,1,1,0,0,0,0
3,1,0,0,0,2,13,37,58,52,17,50,53,9,5,8,0,3,11,0,0,0,2,3
1,3,0,0,9,0,0,22,77,55,46,51,56,33,20,7,2,9,12,0,1,7,5,2
0,0,0,4,4,0,3,12,14,14,52,53,46,13,5,0,0,6,0,5,9,0,7,3

0,0,0,9,8,11,8,10,10,7,8,5,8,9,18,11,7,11,5,1,1,9,13,4
0,0,0,12,11,6,10,10,10,22,22,10,14,13,13,18,19,11,0,10,13,8,0,1
11,9,4,8,2,0,0,0,0,7,7,8,13,13,12,13,13,13,7,8,4,0,7,0
118,149,176,147,112,111,106,109,102,107,108,102,78,52,45,14,11,15,12,8,6,5,0,8
85,113,204,345,147,147,151,135,143,131,134,118,119,72,49,22,31,14,18,13,12,4,12,4
49,57,82,90,81,90,95,120,126,127,131,123,102,77,52,38,28,17,11,18,12,7,0,0
21,44,55,54,55,55,57,65,71,85,101,121,109,97,75,59,14,13,3,4,11,8,3,0
0,14,26,30,51,52,51,56,66,76,104,112,99,83,75,53,13,6,7,0,10,8,6,0
0,0,4,10,9,48,48,55,78,89,90,120,135,108,86,66,61,52,15,9,8,11,3,0
0,0,5,10,6,13,52,54,74,94,122,152,177,171,117,78,59,56,23,12,14,9,2,0
3,9,7,11,1,11,14,57,65,92,139,161,212,212,163,110,67,59,51,12,11,4,4,7
0,0,0,0,0,4,30,65,72,104,141,154,185,213,182,126,82,53,39,24,11,9,3,0
0,0,0,0,0,0,24,55,74,110,132,148,192,188,172,132,102,50,39,31,6,5,0,0
0,0,0,2,1,0,0,75,75,100,121,122,134,167,149,133,107,73,31,13,0,0,0,10
0,0,0,0,0,5,0,17,59,59,96,114,121,128,132,129,108,72,56,13,12,0,3,7
0,0,0,0,0,0,0,14,60,59,72,101,112,112,103,103,85,91,50,19,13,14,3,2
2,1,0,3,0,0,7,33,57,62,85,92,117,102,83,90,95,76,63,27,7,10,1,0
3,7,10,12,11,13,11,30,50,56,83,94,100,100,127,142,154,72,45,23,22,12,11,10
0,2,6,8,11,10,4,8,51,79,106,115,112,82,108,163,148,101,63,43,16,12,8,7
0,0,3,10,10,9,9,12,39,83,105,112,127,138,186,229,202,123,108,36,28,13,13,11
0,0,0,18,24,12,10,20,39,80,113,117,141,182,216,232,201,131,83,37,21,13,9,8
0,0,7,41,85,28,20,27,37,71,78,104,176,229,231,247,201,130,65,38,30,17,12,11
0,5,7,42,39,25,37,56,51,38,50,120,162,191,185,189,169,126,61,32,12,13,7,8
0,0,0,4,47,54,85,103,101,78,100,121,158,187,173,164,145,116,73,15,13,12,4,2
0,0,0,0,35,60,83,101,102,100,100,119,154,169,161,155,126,103,54,26,13,0,8,5
0,0,1,3,21,60,101,104,104,101,100,111,138,149,145,133,110,91,13,13,3,1,11,9
0,0,0,0,11,62,91,100,102,100,84,102,127,129,127,121,104,48,11,10,8,0,0,0
0,0,0,0,10,78,102,81,102,88,80,103,108,131,134,125,103,13,12,3,6,0,8,7
0,0,0,2,13,105,140,111,100,62,57,56,84,118,115,112,100,15,6,0,4,2,0,6
0,1,6,0,13,53,113,82,77,64,52,56,107,147,69,59,40,11,0,0,7,0,12,7
6,6,4,8,12,14,51,52,56,52,44,42,56,95,79,65,40,22,12,12,8,0,0,6
0,1,5,10,6,6,30,57,54,59,51,50,51,63,83,73,58,17,12,19,12,9,9,8
6,0,0,0,2,5,9,28,59,56,50,32,51,68,87,86,58,12,7,10,2,0,5,7
0,0,0,0,0,7,1,11,29,36,22,22,37,66,82,84,30,11,5,8,5,0,10,4
0,0,0,0,0,0,5,0,0,7,11,8,10,47,64,50,33,10,5,6,8,7,5,0
0,0,0,0,0,0,0,0,0,4,7,5,7,24,53,50,14,4,5,0,0,0,4,0
0,0,0,0,0,0,0,0,0,0,1,9,11,26,42,15,10,0,0,0,0,10,3,5
0,0,0,0,0,0,0,0,1,3,12,9,9,36,35,13,1,0,0,4,0,0,0,0
0,0,0,0,0,0,0,4,9,10,8,10,12,28,14,6,3,0,0,0,0,0,0,0
0,0,0,0,0,0,0,0,10,13,10,8,13,12,10,0,0,0,0,0,0,0,0,0
0,0,0,0,2,2,0,11,31,43,11,12,24,14,12,3,4,0,1,1,0,0,0,0
3,1,0,0,0,2,13,38,58,52,19,50,53,10,5,8,0,3,11,0,0,0,2,3
1,3,0,0,9,0,0,22,77,55,46,51,56,33,20,7,2,9,12,0,2,7,5,2
0,0,0,4,4,0,3,12,14,14,52,53,45,13,5,0,0,6,0,5,9,0,7,3

0,0,0,9,8,11,8,10,10,7,8,5,8,9,17,11,6,11,5,1,1,9,13,4
0,0,0,12,11,6,10,10,10,22,21,10,14,12,13,18,18,11,0,10,13,8,0,1
11,9,4,8,2,0,0,0,0,7,7,8,13,13,12,13,13,13,7,8,4,0,7,0
118,149,175,147,112,111,106,109,102,107,108,102,78,53,47,14,11,15,12,8,6,5,0,8
85,113,204,345,147,147,151,134,143,131,134,119,119,72,50,21,31,14,18,13,12,4,11,4
50,57,82,90,81,90,95,120,126,127,131,124,102,77,52,38,28,17,11,18,12,7,0,0
20,42,55,54,56,55,57,65,71,85,101,122,109,97,75,59,14,13,3,4,10,8,3,0
0,14,25,28,51,52,51,56,66,76,104,113,98,83,75,53,13,6,7,0,10,8,6,0
0,0,4,10,9,50,48,55,78,89,89,120,135,107,86,65,60,52,15,9,8,11,3,0
0,0,5,10,6,13,51,53,73,93,121,150,176,170,116,78,59,56,23,12,14,9,2,0
3,9,7,11,1,11,15,57,65,92,138,159,210,210,161,109,67,59,51,12,11,4,4,7
0,0,0,0,0,4,31,65,72,104,141,154,184,212,181,126,82,53,40,24,11,9,3,0
0,0,0,0,0,0,25,56,75,110,133,149,193,189,172,132,102,50,40,32,6,6,0,0
0,0,0,1,1,0,0,78,76,100,122,123,134,168,149,133,107,73,35,13,0,0,0,10
0,0,0,0,0,5,0,25,59,60,98,115,122,129,132,129,108,72,57,13,12,0,3,7
0,0,0,0,0,0,0,24,61,60,72,103,113,113,104,104,84,91,51,19,13,14,3,2
2,1,0,4,0,0,8,38,57,63,86,94,118,102,84,89,93,76,63,28,7,10,1,0
3,7,10,12,11,13,12,31,50,56,83,95,102,102,126,137,148,72,45,23,22,12,11,10
0,2,5,8,11,10,4,8,51,79,106,115,113,83,107,159,147,101,63,43,16,12,8,7
0,0,3,10,10,9,8,12,44,84,105,113,127,137,185,226,201,123,108,38,28,13,13,10
0,0,0,18,24,12,9,19,37,80,113,117,140,181,215,231,200,131,84,37,20,13,9,8
0,0,7,42,85,28,20,26,36,70,77,104,175,228,230,246,200,130,65,39,31,18,12,11
0,5,7,42,38,25,37,56,50,38,50,120,161,191,185,189,169,126,61,32,12,13,7,8
0,0,0,4,45,54,85,103,101,77,100,121,157,187,173,164,146,116,74,17,13,12,4,2
0,0,0,0,33,60,82,101,102,100,100,119,154,168,161,154,126,103,55,26,12,0,8,4
0,0,1,3,21,62,101,104,104,101,100,111,138,149,145,133,110,92,13,13,3,1,11,9
1,0,0,0,11,59,90,100,102,100,85,102,126,129,127,121,104,48,11,10,8,0,0,0
0,0,0,0,10,78,102,81,102,89,80,103,108,132,134,125,103,13,12,3,6,0,8,7
0,0,0,2,13,105,140,111,100,62,57,56,84,118,115,112,100,16,6,0,4,2,0,5
0,1,6,0,13,53,113,82,77,64,52,56,107,147,69,60,41,12,0,0,7,0,12,7
6,6,4,8,12,14,51,52,56,53,44,42,56,95,79,65,40,22,12,12,8,0,0,6
0,1,5,10,6,6,30,57,54,59,51,50,51,64,84,73,58,18,12,19,12,9,9,8
6,0,0,0,2,5,9,29,59,56,50,33,51,68,87,86,59,12,7,10,2,0,5,7
0,0,0,0,0,7,2,10,29,37,23,22,37,67,83,85,30,11,5,8,5,0,10,4
0,0,0,0,0,0,5,0,0,7,11,8,10,49,64,50,34,10,5,6,8,7,5,0
0,0,0,0,0,0,0,0,0,4,7,5,7,24,53,50,14,4,5,0,0,0,4,0
0,0,0,0,0,0,0,0,0,0,1,9,11,27,42,15,10,0,0,0,0,10,3,5
0,0,0,0,0,0,0,0,1,3,12,9,9,37,35,13,1,0,0,3,0,0,0,0
0,0,0,0,0,0,0,4,9,10,9,10,12,29,15,6,3,0,0,0,0,0,0,0
0,0,0,0,0,0,0,0,10,13,10,8,13,12,10,0,0,0,0,0,0,0,0,0
0,0,0,0,2,2,0,11,32,42,11,13,25,14,12,3,4,0,1,1,0,0,0,0
3,1,0,0,0,2,13,38,58,52,21,50,53,10,6,8,0,3,11,0,0,0,2,3
1,3,0,0,9,0,0,22,78,55,47,52,57,33,21,7,2,9,12,0,2,7,5,2
0,0,0,4,4,0,3,12,14,13,52,53,46,13,5,0,0,6,0,5,9,0,7,3

0,0,0,9,8,11,8,10,10,7,8,5,8,9,17,11,6,11,5,1,1,9,13,4
0,0,0,12,11,6,10,10,10,22,22,10,14,13,13,18,19,11,0,10,13,8,0,1
11,9,4,8,2,0,0,0,0,7,7,8,13,13,12,13,12,13,6,8,4,0,7,0
118,149,175,147,112,111,106,109,102,107,108,102,78,53,47,14,12,15,12,8,6,5,0,8
85,113,204,346,147,147,151,134,142,131,134,118,118,71,50,21,29,14,18,13,12,4,12,4
50,57,82,90,81,90,94,120,126,127,131,123,101,77,52,38,28,17,11,18,12,7,0,0
21,42,55,54,55,55,57,65,71,85,101,122,109,97,75,59,14,13,3,4,10,8,3,0
0,14,25,29,51,52,51,56,66,76,104,112,98,83,74,53,13,5,7,0,10,8,6,0
0,0,4,10,9,48,46,55,78,89,89,120,134,107,86,65,60,52,15,9,8,11,3,0
0,0,5,10,6,14,52,53,74,93,121,150,175,168,115,77,59,56,22,12,14,9,2,0
3,9,7,11,1,11,16,57,65,92,138,158,209,208,159,109,66,59,51,12,11,4,4,7
0,0,0,0,0,4,32,65,72,105,142,154,184,211,180,126,82,53,39,24,11,9,3,0
0,0,0,0,0,0,28,56,75,111,133,149,194,189,172,132,102,50,40,32,7,6,0,0
0,0,0,1,1,0,0,80,77,101,123,124,135,169,149,133,107,73,37,13,0,0,0,10
0,0,0,0,0,5,0,32,60,60,99,116,123,129,133,130,108,73,58,13,12,0,3,7
0,0,0,0,0,0,1,33,62,61,73,103,114,114,105,103,84,92,51,19,13,14,3,2
2,1,0,3,0,0,8,39,58,63,87,94,118,103,84,88,92,75,63,26,7,10,1,0
3,7,10,12,12,14,12,32,51,56,84,96,104,102,126,135,145,71,45,23,22,12,11,10
0,2,5,8,11,10,4,9,51,80,106,116,114,83,106,158,146,101,63,44,16,12,8,7
0,0,3,10,10,9,8,12,45,84,105,113,127,137,184,226,200,123,108,38,28,13,13,10
0,0,0,18,24,12,9,18,36,80,113,117,140,181,214,230,200,131,84,37,20,13,9,8
0,0,7,42,85,28,19,26,36,70,77,103,174,228,230,246,200,130,65,39,31,18,12,11
0,5,7,42,38,25,36,55,49,38,50,119,161,191,185,189,169,126,61,32,12,13,7,8
0,0,0,4,47,55,82,103,101,76,100,121,157,187,173,164,146,116,74,17,13,12,4,2
0,0,0,0,33,59,83,100,102,100,100,119,154,169,161,154,126,103,54,26,12,0,8,4
0,0,1,3,22,63,101,104,104,101,100,111,138,149,145,134,110,93,13,13,3,1,11,9
1,0,0,0,11,60,91,100,102,100,85,102,126,129,126,121,104,48,11,10,8,0,0,0
0,0,0,0,10,80,102,81,101,89,80,103,108,132,134,125,103,13,12,3,6,0,8,7
0,0,0,2,13,105,140,111,100,62,58,56,84,118,115,112,100,16,6,0,4,2,0,6
0,1,6,0,13,53,113,82,77,64,52,56,107,146,69,59,41,12,0,0,7,0,12,7
6,6,4,8,12,14,51,52,56,53,44,42,56,95,79,65,40,23,12,12,8,0,0,6
0,1,5,10,7,6,31,57,54,59,52,51,51,64,84,74,58,18,12,19,12,9,9,8
6,0,0,0,2,5,9,29,59,56,50,33,51,68,87,86,59,12,7,10,2,0,5,7
0,0,0,0,0,7,2,11,29,36,24,22,37,67,83,85,31,11,5,8,5,0,10,4
0,0,0,0,0,0,5,0,0,7,12,8,10,49,64,50,34,10,5,7,8,7,5,0
0,0,0,0,0,0,0,0,0,4,7,5,7,25,53,50,14,4,5,0,0,0,4,0
0,0,0,0,0,0,0,0,0,0,1,9,11,29,42,15,10,0,0,0,0,10,3,5
0,0,0,0,0,0,0,0,1,4,12,9,9,36,35,13,1,0,0,3,0,0,0,0
0,0,0,0,0,0,0,4,9,10,9,10,12,28,14,6,3,0,0,0,0,0,0,0
0,0,0,0,0,0,0,0,11,13,10,8,13,12,10,0,0,0,0,0,0,0,0,0
0,0,0,0,2,2,0,10,32,43,11,12,25,14,12,3,4,0,1,1,0,0,0,0
3,1,0,0,0,2,13,38,58,52,20,50,53,10,6,8,0,3,11,0,0,0,2,3
1,4,0,0,9,0,0,22,78,55,47,51,56,33,20,7,2,9,12,0,1,7,5,2
0,0,0,4,4,0,3,12,15,13,52,53,47,13,5,0,0,6,0,5,9,0,7,3

0,0,0,9,8,11,8,10,10,7,8,5,8,9,18,11,7,11,5,1,1,9,13,4
0,0,0,12,11,6,10,10,10,22,21,10,14,12,13,18,18,11,0,10,13,8,0,1
11,9,4,8,2,0,0,0,0,7,7,8,13,13,12,13,12,13,6,8,3,0,7,0
118,149,175,147,112,111,106,109,102,107,109,102,78,53,48,14,11,15,12,7,6,5,0,8
85,113,204,346,147,147,151,135,143,131,134,118,118,71,49,20,29,14,18,13,12,4,12,4
49,57,82,90,81,90,94,120,126,127,131,123,102,77,52,38,28,17,11,18,12,7,0,0
22,43,55,54,55,55,57,66,71,85,101,122,109,97,75,59,14,13,3,4,10,8,3,0
0,14,26,29,51,52,51,56,67,76,104,113,98,83,75,53,13,5,7,0,10,8,6,0
0,0,4,10,9,48,48,55,78,89,90,121,135,107,86,65,60,52,15,9,8,11,3,0
0,0,5,10,6,14,52,54,74,94,122,152,177,170,115,78,59,56,23,12,14,9,2,0
3,9,7,11,1,11,17,57,65,92,138,160,210,209,161,109,67,59,51,12,11,4,4,7
0,0,0,0,0,5,33,65,72,105,142,154,184,212,181,126,82,53,40,24,11,9,3,0
0,0,0,0,0,0,27,56,74,110,133,149,192,189,172,132,102,50,39,31,6,6,0,0
0,0,0,1,1,0,0,80,76,101,122,123,134,168,149,133,107,74,35,13,0,0,0,10
0,0,0,0,0,5,0,32,60,60,98,115,122,129,132,129,108,73,58,13,12,0,3,7
0,0,0,0,0,0,0,30,62,60,72,103,113,113,104,103,84,92,50,19,13,14,3,2
2,1,0,4,0,0,8,39,58,63,87,94,118,103,84,89,93,76,63,27,7,10,1,0
3,7,10,12,12,13,12,32,51,56,83,95,102,102,126,138,149,72,45,23,22,12,11,10
0,2,6,8,11,10,4,9,51,80,106,116,113,83,107,160,147,101,63,44,17,12,8,7
0,0,4,11,10,9,8,12,44,84,105,112,127,137,185,226,201,123,108,39,29,13,13,11
0,0,0,19,25,12,9,19,37,80,113,117,140,181,215,230,200,131,85,37,20,13,9,8
0,0,7,43,85,29,20,27,37,70,77,104,174,228,230,246,200,130,65,39,31,17,12,11
0,5,7,43,38,26,37,56,50,38,50,119,161,191,184,189,169,126,62,32,12,13,7,8
0,0,0,5,45,56,84,103,101,77,100,121,157,187,173,164,146,116,74,17,13,12,4,2
0,0,0,0,33,60,82,101,102,100,100,119,154,168,161,154,126,103,54,26,12,0,8,5
0,0,1,3,21,63,101,104,104,101,100,111,138,149,145,134,110,92,13,13,3,1,11,9
1,0,0,0,11,59,92,100,102,100,85,102,126,129,127,121,104,50,11,10,8,0,0,0
0,0,0,0,10,79,102,81,102,88,80,103,108,132,134,125,103,13,12,3,6,0,8,7
0,0,0,2,14,105,140,111,100,62,57,56,84,118,115,112,100,16,6,0,4,2,0,6
0,1,6,0,13,53,113,82,77,63,52,56,107,147,69,59,41,12,0,0,7,0,12,7
6,6,4,8,12,14,51,52,56,53,44,43,56,95,79,65,40,22,12,12,8,0,0,6
0,1,5,10,7,6,32,57,54,58,52,50,51,63,83,73,58,17,12,19,12,9,9,8
6,0,0,0,2,6,9,29,59,56,50,35,51,67,87,86,58,12,7,10,2,0,5,7
0,0,0,0,0,7,2,11,30,36,25,22,37,66,82,85,30,11,5,8,5,0,10,4
0,0,0,0,0,0,5,0,0,7,12,8,10,49,64,50,34,10,5,6,8,7,5,0
0,0,0,0,0,0,0,0,0,4,7,5,7,24,53,50,14,4,5,0,0,0,4,0
0,0,0,0,0,0,0,0,0,0,1,9,11,27,42,15,10,0,0,0,0,10,3,5
0,0,0,0,0,0,0,0,1,4,12,9,9,37,35,13,1,0,0,3,0,0,0,0
0,0,0,0,0,0,0,4,9,10,9,10,12,28,14,6,3,0,0,0,0,0,0,0
0,0,0,0,0,0,0,0,11,13,10,8,13,12,10,0,0,0,0,0,0,0,0,0
0,0,0,0,2,2,0,11,32,43,11,13,23,14,12,3,4,0,1,1,0,0,0,0
3,1,0,0,0,2,13,38,58,52,19,50,53,10,6,8,0,3,11,0,0,0,2,3
1,3,0,0,9,0,0,22,77,55,46,51,57,32,20,7,2,9,12,0,1,7,5,2
0,0,0,3,4,0,3,12,15,13,52,53,46,13,5,0,0,6,0,5,9,0,7,3

0,0,0,9,8,11,8,10,10,7,8,5,8,9,17,11,6,11,4,1,1,9,13,4
0,0,0,12,11,6,10,10,10,22,21,10,14,13,13,18,18,11,0,10,13,8,0,1
11,9,4,8,2,0,0,0,0,7,7,8,13,13,12,13,12,13,6,8,3,0,7,0
118,149,176,147,112,111,106,109,102,107,109,102,78,52,46,14,11,15,12,7,6,5,0,8
85,113,204,346,147,147,151,135,143,131,134,118,118,71,49,20,30,14,18,13,12,4,11,4
49,57,82,90,81,90,95,120,126,127,131,123,102,77,52,38,29,17,11,18,12,7,0,0
22,43,55,54,55,55,57,66,71,85,101,122,109,97,75,59,14,13,3,4,10,8,3,0
0,14,26,29,51,52,51,56,67,76,104,113,99,83,75,53,13,6,7,0,10,8,6,0
0,0,4,10,9,50,50,55,78,90,90,121,135,107,86,66,61,52,15,9,8,11,3,0
0,0,5,10,6,14,52,54,74,94,122,152,177,170,116,78,59,56,23,12,14,9,2,0
3,9,7,11,1,11,17,57,65,93,139,161,212,211,162,110,67,59,51,12,11,4,4,7
0,0,0,0,0,5,33,65,72,104,141,154,185,212,181,126,82,53,39,23,11,9,3,0
0,0,0,0,0,0,27,56,75,110,132,148,192,188,171,131,101,50,39,31,6,5,0,0
0,0,0,2,1,0,0,78,76,100,122,123,134,167,149,133,107,72,33,13,0,0,0,10
0,0,0,0,0,5,0,29,59,60,97,115,121,128,132,129,108,73,57,13,12,0,3,7
0,0,0,0,0,0,0,26,61,60,72,102,113,113,104,103,84,92,51,19,13,14,3,2
2,1,0,4,1,0,7,38,57,62,86,93,117,102,84,89,93,77,63,27,7,10,1,0
3,8,10,12,12,13,12,31,50,56,83,95,101,101,127,141,152,72,46,23,22,12,11,10
0,2,6,8,11,10,4,9,51,80,106,115,113,83,108,161,148,101,63,44,17,12,8,7
0,0,4,11,10,9,9,12,42,83,105,112,126,137,186,227,202,123,108,39,29,13,13,11
0,0,0,20,25,12,10,20,39,80,113,117,140,182,216,231,201,131,84,37,20,13,8,8
0,0,7,43,85,29,20,28,38,71,77,104,175,228,230,247,200,130,65,39,31,17,12,11
0,5,8,43,39,26,37,56,51,39,50,120,161,190,184,189,169,126,61,32,12,13,7,8
0,0,0,5,47,55,85,103,101,77,100,121,157,187,173,164,146,116,74,16,13,12,4,2
0,0,0,0,35,60,83,101,102,100,100,119,154,169,161,154,126,103,54,26,12,0,8,4
0,0,1,3,22,63,101,104,104,101,100,111,138,149,145,134,110,90,13,13,3,1,11,9
1,0,0,0,11,60,92,100,102,100,85,102,126,129,127,121,104,47,11,10,8,0,0,0
0,0,0,0,10,80,102,81,102,89,80,103,108,132,134,125,103,13,12,3,6,0,8,7
0,0,0,2,13,105,140,111,100,62,58,56,84,118,115,112,100,16,6,0,4,2,0,6
0,1,6,0,13,53,113,82,77,64,52,56,108,147,69,59,40,12,0,0,7,0,12,7
6,6,4,8,12,14,51,52,56,53,44,43,56,95,79,65,40,22,12,12,8,0,0,6
0,1,5,10,7,6,32,57,54,58,52,50,51,64,84,73,58,17,12,19,12,9,9,8
6,0,0,0,2,6,9,30,59,56,50,33,51,68,87,86,58,12,7,10,2,0,5,7
0,0,0,0,0,7,1,11,29,36,24,22,38,67,83,85,30,11,5,8,5,0,10,4
0,0,0,0,0,0,5,0,0,7,12,9,10,48,64,50,33,10,5,7,8,7,5,0
0,0,0,0,0,0,0,0,0,4,7,5,7,25,53,50,14,4,5,0,0,0,4,0
0,0,0,0,0,0,0,0,0,0,1,9,11,28,41,15,10,0,0,0,0,10,3,5
0,0,0,0,0,0,0,0,1,4,12,9,9,36,35,13,1,0,0,3,0,0,0,0
0,0,0,0,0,0,0,4,9,10,9,10,12,28,14,6,3,0,0,0,0,0,0,0
0,0,0,0,0,0,0,0,10,13,10,8,13,12,10,0,0,0,0,0,0,0,0,0
0,0,0,0,2,2,0,11,32,42,11,13,26,14,12,3,4,0,1,1,0,0,0,0
3,1,0,0,0,2,13,38,58,52,19,50,53,9,5,8,0,3,11,0,0,0,2,3
1,3,0,0,9,0,0,22,77,55,46,51,56,32,20,7,2,9,12,0,1,7,5,2
0,0,0,3,4,0,3,12,16,13,52,53,47,13,5,0,0,6,0,5,9,0,7,3

0,0,0,9,8,11,8,10,10,7,8,5,8,9,18,11,6,11,5,1,1,9,13,4
0,0,0,12,11,6,10,10,10,21,21,10,14,12,13,18,18,11,0,10,13,8,0,1
11,9,4,8,2,0,0,0,0,7,7,8,13,13,12,13,13,13,6,8,3,0,7,0
118,149,176,147,112,111,106,109,102,107,109,102,78,52,47,14,11,15,12,7,6,5,0,8
85,113,204,346,147,147,152,135,143,131,134,118,118,71,50,20,30,14,18,13,12,4,11,4
49,57,82,90,81,90,94,120,127,127,131,124,101,77,52,38,29,17,11,18,12,7,0,0
21,43,55,54,55,55,57,65,71,85,101,122,109,97,75,59,14,13,3,4,10,8,3,0
0,14,26,29,51,52,51,56,67,76,104,113,99,83,75,53,13,6,7,0,10,8,6,0
0,0,4,10,9,50,48,55,78,90,90,121,136,107,86,66,60,52,15,9,8,11,3,0
0,0,5,10,6,14,52,54,74,95,123,153,178,171,116,78,59,56,23,12,14,9,2,0
3,9,7,11,1,11,17,58,65,93,139,162,213,211,163,110,67,59,51,12,11,4,4,7
0,0,0,0,0,5,32,65,72,104,141,154,184,212,181,126,82,53,39,23,11,9,3,0
0,0,0,0,0,0,25,56,74,110,132,148,192,188,171,131,101,50,39,31,6,5,0,0
0,0,0,2,1,0,0,76,75,100,121,122,134,167,149,133,107,73,32,13,0,0,0,10
0,0,0,0,0,5,0,22,59,59,96,114,121,128,132,129,108,72,56,13,12,0,3,7
0,0,0,0,0,0,0,19,61,60,72,101,113,113,103,103,84,92,50,19,13,14,3,2
2,2,0,4,1,0,7,36,57,62,85,93,117,102,83,89,94,77,63,28,7,10,1,0
3,8,10,13,12,13,11,31,50,56,83,94,100,101,127,143,155,73,45,23,22,12,11,10
0,2,6,8,11,10,5,8,51,80,106,115,113,82,108,163,148,101,63,44,17,12,8,7
0,0,4,11,10,9,9,12,41,83,105,112,126,137,186,228,202,123,108,39,29,13,13,11
0,0,0,20,25,12,10,23,40,80,113,117,140,182,216,232,201,131,84,37,21,13,9,8
0,0,7,43,86,29,20,28,38,71,78,104,176,228,230,247,200,130,65,38,31,17,12,11
0,5,8,44,39,26,37,57,52,39,51,120,161,191,185,189,169,126,61,32,12,13,7,8
0,0,0,5,47,56,86,103,102,78,100,121,157,187,173,164,146,116,74,16,13,12,4,2
0,0,0,0,36,61,85,101,102,100,100,119,154,169,161,155,126,103,55,26,12,0,8,5
0,0,2,3,22,62,101,104,104,101,100,111,138,149,145,134,110,91,13,13,3,1,11,9
1,0,0,0,11,61,92,100,102,100,85,102,126,130,127,121,104,48,11,10,8,0,0,0
0,0,0,0,11,80,102,81,102,88,81,103,108,132,134,125,103,13,12,3,6,0,8,7
0,0,0,2,14,105,140,111,100,62,57,56,84,117,115,112,100,16,6,0,4,2,0,6
0,1,6,0,13,54,113,82,77,63,52,56,108,148,69,59,40,12,0,0,7,0,12,7
6,6,4,8,12,14,51,52,56,53,44,42,56,95,79,65,39,22,12,12,8,0,0,6
0,1,5,10,7,6,32,57,54,59,52,50,51,64,84,73,58,18,12,19,12,9,9,8
6,0,0,0,2,6,9,30,59,56,50,33,51,67,87,86,58,12,7,10,2,0,5,7
0,0,0,0,0,7,2,11,29,36,24,22,37,67,82,85,31,11,5,8,5,0,10,4
0,0,0,0,0,0,5,0,0,7,12,8,10,47,64,50,33,10,5,7,8,7,5,0
0,0,0,0,0,0,0,0,0,4,7,5,7,24,53,50,14,4,5,0,0,0,4,0
0,0,0,0,0,0,0,0,0,0,1,9,12,28,42,15,10,0,0,0,0,10,3,5
0,0,0,0,0,0,0,0,1,4,12,9,9,37,36,13,1,0,0,3,0,0,0,0
0,0,0,0,0,0,0,4,9,10,9,10,12,29,14,6,3,0,0,0,0,0,0,0
0,0,0,0,0,0,0,0,11,13,10,8,13,12,10,0,0,0,0,0,0,0,0,0
0,0,0,0,2,2,0,11,32,43,11,13,25,14,12,3,4,0,1,1,0,0,0,0
3,1,0,0,0,2,13,38,58,52,19,50,53,9,5,8,0,3,11,0,0,0,2,3
1,4,0,0,9,0,0,22,77,55,47,51,57,33,20,7,2,9,12,0,1,7,5,2
0,0,0,3,4,0,3,12,16,13,52,53,46,13,5,0,0,6,0,5,9,0,7,3

0,0,0,10,8,11,8,10,10,7,8,5,8,9,18,11,7,11,5,1,1,9,13,4
0,0,0,12,11,6,10,10,10,21,21,10,14,13,13,18,19,11,0,10,13,8,0,1
11,10,4,8,2,0,0,0,0,7,7,8,13,13,12,13,13,13,6,8,3,0,7,0
118,149,176,147,112,111,106,110,102,107,109,102,77,52,45,14,11,15,12,7,6,5,0,8
85,113,205,347,147,147,152,135,143,131,134,118,118,71,49,21,31,14,18,13,12,4,11,4
50,57,82,90,81,90,95,120,127,127,131,123,102,77,52,38,29,17,11,18,12,7,0,0
22,44,55,54,56,56,57,66,72,85,101,122,109,97,75,60,14,13,3,4,10,8,3,0
0,14,26,30,51,52,51,57,67,77,104,113,98,83,75,53,13,6,7,0,10,8,6,0
0,0,4,10,9,50,48,55,79,90,90,121,135,107,86,66,60,52,15,9,8,11,3,0
0,0,5,10,6,14,52,54,75,95,123,153,178,171,116,78,60,56,23,12,14,9,2,0
3,9,7,11,1,11,18,57,66,93,140,162,213,212,163,110,67,59,51,12,11,4,4,7
0,0,0,0,0,5,34,65,72,104,142,155,185,212,181,126,82,53,39,23,11,9,3,0
0,0,0,0,0,0,25,56,74,110,132,148,192,188,171,131,101,50,39,31,5,5,0,0
0,0,0,2,1,0,0,76,75,100,121,122,133,167,149,133,107,73,32,13,0,0,0,10
0,0,0,0,0,5,0,19,59,59,96,114,121,128,132,129,108,72,57,13,12,0,3,7
0,0,0,0,0,0,0,17,61,60,72,101,112,112,103,103,84,92,50,19,13,14,3,2
2,2,1,4,1,0,7,35,57,62,85,92,116,101,83,89,95,77,63,28,7,10,1,0
3,8,10,13,12,13,11,30,50,56,82,94,100,100,127,144,156,73,46,23,22,12,11,10
0,3,6,8,11,10,5,8,51,79,106,115,112,82,108,164,149,102,63,44,17,12,8,7
0,0,4,11,10,9,9,12,41,83,105,112,126,137,187,228,202,123,108,40,29,13,13,11
0,0,0,21,26,12,10,23,40,80,113,118,140,182,217,232,201,131,84,37,20,13,8,8
0,0,7,44,86,30,20,28,38,71,78,104,176,229,230,247,201,130,65,39,31,17,12,11
0,5,8,44,39,26,37,57,52,39,51,120,161,191,184,189,169,126,61,32,12,13,7,8
0,0,0,6,47,55,87,103,102,80,100,121,157,187,173,164,146,116,74,16,13,12,4,2
0,0,0,1,35,60,83,101,102,100,100,119,154,169,161,155,126,103,54,26,12,0,8,5
0,0,2,4,24,63,101,104,104,101,100,111,138,149,145,134,110,92,13,13,3,1,11,9
1,0,0,0,11,60,91,100,102,100,85,102,126,130,127,121,104,48,11,10,8,0,0,0
0,0,0,0,11,81,102,82,102,89,80,103,108,132,134,125,103,13,12,3,6,0,8,7
0,0,0,2,14,105,140,111,100,62,57,56,84,117,115,112,100,16,6,0,4,2,0,6
0,2,6,0,13,54,114,82,77,64,53,56,108,148,69,59,41,12,0,0,7,0,12,7
6,6,4,8,12,14,51,52,56,52,44,43,56,95,79,65,40,22,12,12,8,0,0,6
0,1,5,10,7,7,32,57,54,59,52,50,51,64,84,73,58,17,12,19,12,9,9,8
6,0,0,0,2,6,9,31,59,56,50,35,51,68,87,86,58,12,7,10,2,0,5,7
0,0,0,0,0,7,1,11,30,36,24,22,38,66,82,85,30,11,5,8,5,0,10,4
0,0,0,0,0,0,5,0,0,7,12,8,10,48,64,50,33,10,5,6,8,7,5,0
0,0,0,0,0,0,0,0,0,4,7,5,7,24,53,50,14,4,5,0,0,0,4,0
0,0,0,0,0,0,0,0,0,0,1,9,12,26,42,15,9,0,0,0,0,10,3,5
0,0,0,0,0,0,0,0,1,4,12,9,9,36,35,13,1,0,0,3,0,0,0,0
0,0,0,0,0,0,0,4,9,10,9,10,12,27,14,6,3,0,0,0,0,0,0,0
0,0,0,0,0,0,0,0,10,13,10,8,13,12,10,0,0,0,0,0,0,0,0,0
0,0,0,0,2,2,0,11,32,42,11,13,25,14,12,3,4,0,1,1,0,0,0,0
3,1,0,0,0,2,13,38,58,52,21,50,53,10,5,8,0,3,11,0,0,0,2,3
1,4,0,0,9,0,0,22,77,55,46,51,57,32,20,7,2,9,12,0,1,7,5,2
0,0,0,3,4,0,3,12,16,13,52,53,48,13,5,0,0,6,0,5,9,0,7,3

0,0,0,9,8,11,8,10,10,7,8,5,8,9,17,11,7,11,5,1,1,9,13,4
1,0,0,13,11,6,10,10,10,22,22,10,14,12,13,18,19,11,0,10,13,8,0,1
11,9,4,8,2,0,0,0,0,7,7,8,13,13,12,13,12,13,6,8,3,0,7,0
118,149,176,148,112,112,106,109,102,107,109,102,79,52,48,14,11,15,12,7,6,5,0,8
85,113,205,347,147,147,152,135,143,131,134,118,119,71,50,21,31,14,18,13,12,4,11,4
50,57,82,90,82,90,95,120,127,127,131,124,102,77,52,38,28,17,11,18,12,7,0,0
22,43,55,54,55,55,57,65,71,85,101,122,109,97,75,59,14,13,3,4,10,8,3,0
0,14,27,31,51,52,51,57,67,77,104,113,99,83,75,53,13,6,7,0,10,8,6,0
0,0,4,10,9,50,48,55,79,90,90,121,136,107,86,66,61,52,14,9,8,11,3,0
0,0,6,10,6,14,52,54,75,95,123,153,178,171,116,78,59,56,23,12,14,9,2,0
3,9,7,11,1,11,17,58,66,93,140,163,213,212,163,110,67,59,51,12,11,4,4,7
0,0,0,0,0,5,33,65,72,105,142,155,185,212,181,126,82,53,40,24,11,9,3,0
0,0,0,0,0,0,25,56,74,110,132,148,192,188,171,131,101,50,39,31,5,5,0,0
0,0,0,2,1,0,0,75,75,100,121,122,133,167,149,132,107,73,32,13,0,0,0,10
0,0,0,0,0,5,0,20,59,59,96,114,121,128,132,129,108,72,56,13,12,0,3,7
0,0,0,0,0,0,0,16,60,59,71,101,112,112,103,103,84,92,50,18,13,14,3,2
2,2,1,4,1,0,7,34,57,62,85,92,116,101,83,90,95,77,64,28,7,10,1,0
3,8,10,13,12,13,11,30,50,56,82,94,99,100,127,144,156,73,46,23,22,12,11,10
0,2,6,8,11,10,5,8,51,79,106,115,112,82,109,164,149,102,63,44,17,12,8,7
0,0,4,11,11,9,9,12,40,83,105,112,126,137,187,228,202,123,108,40,29,13,13,11
0,0,0,21,26,12,10,24,40,80,113,117,140,182,216,231,201,131,84,36,20,13,8,8
0,0,7,44,86,30,21,28,39,72,78,104,176,229,230,247,201,130,65,39,31,17,11,11
0,5,8,44,39,26,38,57,52,39,51,120,162,190,184,189,169,126,61,32,12,13,7,8
0,0,0,6,47,57,86,103,102,80,100,121,158,187,172,164,145,116,73,16,13,12,4,2
0,0,0,1,36,60,84,101,102,100,100,119,154,169,161,154,126,103,54,26,12,0,8,4
0,0,2,4,24,64,101,104,104,101,100,111,138,149,146,134,110,92,13,13,3,1,11,9
1,0,0,0,11,60,92,100,102,100,85,102,126,130,127,121,104,46,11,10,8,0,0,0
0,0,0,0,11,82,102,82,102,89,81,103,108,132,134,125,103,13,12,3,6,0,8,7
0,0,0,2,14,105,141,111,100,62,57,56,84,118,115,112,100,15,6,0,4,2,0,6
0,1,6,0,13,54,114,82,77,64,53,56,108,148,69,59,40,12,0,0,7,0,12,7
6,6,4,8,12,14,51,52,56,52,44,43,57,95,79,65,40,22,12,12,8,0,0,6
0,1,5,10,7,7,34,57,54,58,52,50,51,64,84,73,58,18,12,19,12,9,9,8
6,0,0,0,2,6,9,31,59,56,50,34,51,68,87,86,58,12,7,10,2,0,5,7
0,0,0,0,0,7,1,11,30,36,24,22,37,67,82,85,31,11,5,8,5,0,10,4
0,0,0,0,0,0,5,0,0,7,12,9,11,49,64,50,34,10,5,6,8,7,5,0
0,0,0,0,0,0,0,0,0,4,7,5,7,25,53,50,14,4,5,0,0,0,4,0
0,0,0,0,0,0,0,0,0,0,1,9,11,29,41,14,10,0,0,0,0,10,3,5
0,0,0,0,0,0,0,0,1,3,12,9,9,37,35,13,1,0,0,3,0,0,0,0
0,0,0,0,0,0,0,4,9,10,9,10,12,28,14,6,3,0,0,0,0,0,0,0
0,0,0,0,0,0,0,0,11,13,10,8,13,12,10,0,0,0,0,0,0,0,0,0
0,0,0,0,2,2,0,11,32,42,11,13,25,14,12,3,4,0,1,1,0,0,0,0
3,1,0,0,0,2,13,38,58,52,19,50,53,10,6,8,0,3,11,0,0,0,2,3
1,4,0,0,9,0,0,22,77,55,47,51,56,33,20,7,2,9,12,0,2,7,5,1
0,0,0,3,4,0,3,12,16,13,52,53,46,13,5,0,0,6,0,5,9,0,7,3
5,13,7,9,6,11,14,14,35,39,37,38,50,29,13,12,8,2,7,0,2,6,9,7
9,6,7,9,8,3,8,25,33,48,47,45,44,15,12,5,0,0,5,0,6,3,6,11
0,10,10,11,13,4,19,29,46,59,103,104,86,84,76,66,16,12,3,2,4,4,3,9
22,55,65,62,78,116,178,137,144,147,167,173,168,152,139,116,104,44,8,11,13,14,13,12
0,13,47,51,56,77,134,115,125,148,169,200,191,185,169,144,88,57,8,4,12,11,5,0
12,9,20,21,38,50,56,57,54,66,82,100,124,136,132,128,90,62,43,14,13,12,11,10
9,7,8,8,13,14,52,52,55,62,70,92,104,122,130,125,104,67,49,40,13,11,7,10
12,15,12,11,7,12,12,10,50,52,65,85,113,129,127,126,121,73,52,30,13,0,0,2
33,24,14,11,3,3,12,13,17,51,62,104,114,125,142,138,110,71,59,50,10,0,0,6
51,54,51,16,12,12,11,44,26,58,72,97,141,172,178,154,120,91,57,14,9,10,0,0
14,54,55,37,14,7,11,13,50,60,77,89,118,184,196,192,143,96,65,36,12,10,0,0
5,0,12,13,8,3,6,25,52,60,83,82,109,164,233,256,151,98,71,72,13,0,0,0
0,1,0,6,4,8,3,12,36,70,106,108,105,132,144,162,137,113,103,100,14,0,0,0
0,0,0,0,3,0,3,11,12,58,104,105,112,122,121,124,122,112,102,79,71,12,0,0
5,0,0,8,7,1,0,8,15,13,95,103,103,99,82,100,116,85,62,62,65,14,0,0
0,0,9,0,4,10,2,7,19,13,72,94,75,73,78,108,109,70,99,96,86,38,0,0
0,0,7,6,12,6,9,7,8,10,54,72,73,87,67,73,105,119,128,118,100,41,11,1
8,14,10,7,7,5,10,9,14,36,39,45,62,78,94,73,86,93,104,90,72,38,12,9
8,10,12,11,0,3,0,8,13,16,22,29,100,100,95,83,111,117,121,140,116,65,9,0
8,4,7,4,11,14,7,6,12,13,61,81,102,114,117,126,147,134,138,155,121,69,22,9
7,6,8,11,7,0,10,9,14,14,71,102,103,122,106,111,139,172,137,122,109,45,20,0
6,7,12,10,11,8,11,22,14,21,62,67,70,76,98,101,133,156,145,139,104,55,12,0
8,8,8,2,7,8,9,13,16,17,67,100,107,92,71,71,127,140,136,124,108,49,14,0
8,9,10,9,11,9,11,12,19,35,95,109,108,107,103,104,126,135,124,116,96,65,11,0
9,4,0,0,3,8,12,10,12,34,91,107,110,107,103,102,112,125,115,116,100,48,11,0
7,4,0,0,6,11,0,6,7,8,78,107,109,110,104,101,113,129,123,111,80,27,13,0
3,7,7,0,2,9,6,11,12,30,66,97,104,115,106,102,102,111,108,110,100,43,13,3
11,9,0,0,0,0,0,1,12,30,47,58,111,123,111,101,63,105,114,109,103,58,14,3
5,0,3,8,6,11,9,9,9,15,20,53,95,176,126,91,93,96,116,127,107,25,9,0
5,9,10,7,7,8,23,32,31,1,31,49,72,202,134,70,60,59,76,126,66,36,14,3
8,13,1,8,13,12,17,6,4,20,21,35,42,59,59,52,35,43,54,72,58,54,37,3
6,0,0,13,10,6,4,0,4,0,0,13,15,68,66,54,17,33,45,56,61,43,37,0
2,0,6,4,0,0,0,0,1,3,5,0,6,50,53,54,35,14,12,51,56,50,47,7
0,6,0,0,0,3,10,11,11,6,0,0,0,6,44,45,11,3,0,11,50,25,0,0
0,0,0,7,4,8,5,0,7,8,0,0,0,0,10,5,9,0,6,8,0,3,1,0
0,6,8,9,0,8,2,2,6,3,0,0,0,0,0,0,0,0,0,0,0,0,0,0
5,0,9,11,2,0,0,10,5,0,0,1,6,0,1,0,2,5,0,0,0,0,0,0
0,2,0,7,0,0,3,1,0,3,0,0,8,8,7,7,6,0,0,0,0,0,2,0
0,5,5,5,7,4,0,0,0,0,4,9,3,0,4,0,1,0,0,0,7,0,0,0
0,1,2,0,0,2,0,0,0,7,2,3,9,7,11,0,0,0,0,6,6,7,0,0
0,0,0,0,0,8,0,0,0,0,11,4,9,5,12,14,18,13,11,19,19,1,0,0
2,0,5,0,11,10,8,0,9,8,0,4,10,1,2,19,55,53,41,51,50,5,8,7
0,7,5,3,7,10,9,4,8,5,0,0,6,4,13,50,77,59,68,61,51,5,7,3
4,6,4,11,5,0,8,0,0,0,3,0,0,6,9,14,64,35,35,14,13,8,0,4

5,13,8,10,6,11,14,14,36,40,37,37,50,29,13,12,8,2,7,0,2,6,9,7
9,6,7,9,8,3,8,25,33,50,48,48,45,15,12,5,0,0,5,0,6,3,6,11
0,11,10,11,13,5,19,29,44,59,103,104,87,83,76,66,14,12,3,2,4,4,3,9
18,54,65,62,78,118,184,137,143,146,167,172,169,152,138,115,103,43,8,11,13,14,13,12
0,13,47,51,56,77,136,117,126,148,169,200,191,185,169,143,87,57,8,4,11,11,5,0
12,9,20,21,39,50,56,57,54,68,83,100,125,137,132,128,90,62,42,14,13,12,11,10
9,6,8,8,13,15,52,52,56,62,70,92,104,123,130,125,103,67,48,39,13,11,7,10
12,14,11,11,7,12,12,10,50,52,65,85,113,129,127,126,120,73,52,27,13,0,0,2
33,24,14,11,3,3,12,13,21,52,63,104,114,125,142,138,109,71,59,50,10,0,0,6
52,55,51,21,13,12,12,45,27,58,73,97,141,171,177,152,119,91,57,14,9,10,0,0
16,57,57,49,14,7,11,13,50,60,77,90,119,184,196,192,142,96,65,36,13,10,0,0
5,0,13,16,9,3,6,25,52,60,84,82,110,164,234,255,150,98,71,71,13,0,0,0
0,1,0,7,5,7,2,12,37,71,106,109,106,132,145,162,137,113,103,100,14,0,0,0
0,0,0,0,3,0,2,11,12,58,104,105,112,123,122,125,122,112,102,79,71,12,0,0
5,0,0,8,7,1,0,7,15,13,95,103,103,100,82,100,115,85,62,62,64,14,0,0
0,0,9,0,4,10,2,7,19,13,72,94,75,73,78,108,109,70,98,96,87,38,0,0
0,0,7,6,12,6,9,7,8,10,54,72,73,87,67,73,105,119,128,118,100,42,11,1
8,14,10,7,7,5,11,9,14,36,40,45,62,79,94,73,86,92,103,89,72,38,12,9
8,10,12,11,0,3,0,8,13,15,20,33,100,100,96,83,111,117,121,140,116,66,9,0
8,3,7,4,11,14,7,7,12,13,61,81,102,114,117,126,147,134,138,155,121,69,21,8
7,6,8,11,7,0,10,9,14,14,70,102,103,122,105,111,139,171,136,122,109,46,21,0
6,7,12,10,11,8,11,22,14,21,62,67,69,76,98,100,133,156,145,139,104,54,12,0
8,8,8,2,7,8,9,13,17,17,67,99,107,92,70,71,127,140,136,124,108,48,14,0
8,9,10,9,11,9,11,12,19,35,92,108,109,107,103,104,126,135,124,116,97,66,11,0
9,4,0,0,3,8,12,10,12,36,90,107,110,107,103,102,112,125,115,116,100,47,11,0
7,4,0,0,6,11,0,6,7,9,78,107,109,110,104,101,113,129,123,111,80,27,13,0
3,7,7,0,2,9,6,11,12,31,65,97,104,116,106,102,102,111,108,110,100,45,13,3
11,9,0,0,0,0,0,1,12,31,45,58,111,123,111,101,63,106,114,109,103,58,14,4
5,0,3,8,6,10,9,9,9,16,20,53,95,176,126,91,94,96,116,126,107,28,10,0
5,9,10,7,7,8,24,32,31,1,31,49,72,201,133,70,60,59,76,126,66,37,14,3
8,13,0,8,13,12,17,6,4,21,21,35,42,59,59,52,35,44,55,72,58,54,37,3
6,0,0,13,10,6,4,0,4,0,0,13,16,68,66,54,18,34,46,56,61,45,40,0
2,0,6,4,0,0,0,0,1,3,5,0,6,50,53,54,35,14,12,51,56,50,48,7
0,6,0,0,0,3,11,11,11,6,0,0,0,6,45,45,12,4,0,11,50,26,0,0
0,0,0,7,4,8,5,0,7,8,0,0,0,0,10,5,9,0,6,8,0,3,1,0
0,6,8,9,0,8,2,2,6,3,0,0,0,0,0,0,0,0,0,0,0,0,0,0
5,0,9,11,2,0,0,10,5,0,0,1,6,0,1,0,2,6,0,0,0,0,0,0
0,2,0,7,0,0,3,1,0,3,0,0,9,8,7,7,6,0,0,0,0,0,2,0
0,5,5,5,7,4,0,0,0,0,4,9,3,0,4,0,2,0,0,0,7,0,0,0
0,1,2,0,0,2,0,0,0,7,3,3,9,7,11,0,1,0,0,6,6,7,0,0
0,0,0,0,0,8,0,0,0,0,11,4,9,5,13,14,17,13,11,21,20,1,0,0
2,0,5,0,11,10,8,0,9,8,0,4,10,1,2,18,55,53,41,51,50,6,8,7
0,8,5,4,7,11,9,4,8,5,0,0,6,4,13,50,77,59,68,60,51,5,8,3
4,6,4,11,5,0,8,0,0,0,3,0,0,6,9,14,64,35,36,14,13,8,0,4

5,13,8,10,6,11,14,14,36,39,35,39,50,29,13,12,8,2,7,0,1,6,9,7
9,6,7,9,8,3,8,25,33,50,48,47,45,15,12,5,0,0,5,0,6,3,6,11
0,11,10,11,13,5,19,29,43,59,103,104,87,83,76,66,15,12,3,2,3,4,3,9
18,54,65,62,78,117,183,136,143,145,166,172,168,152,139,116,104,44,8,11,13,13,13,12
0,13,46,51,56,77,135,117,126,148,169,199,191,185,169,143,87,57,8,4,11,10,5,0
12,9,20,21,39,50,56,57,54,68,83,99,124,136,132,128,89,62,42,14,13,12,11,10
9,6,8,8,13,15,52,52,56,61,70,92,104,123,130,125,103,67,48,39,13,11,7,10
12,14,11,11,7,12,12,10,50,52,65,85,112,128,126,126,120,73,52,24,13,0,0,1
34,25,14,11,3,3,12,13,19,52,62,103,114,124,140,137,109,71,58,50,9,0,0,5
51,55,52,23,13,12,12,44,26,58,73,97,140,169,175,150,118,91,57,14,9,10,0,0
14,56,56,49,14,7,11,13,50,60,77,89,118,183,195,192,143,97,65,38,13,10,0,0
5,0,13,14,9,3,6,24,52,61,83,83,111,165,235,258,151,99,72,72,13,0,0,0
0,1,0,7,5,8,3,13,41,74,106,109,107,134,145,162,138,114,104,100,14,0,0,0
0,0,0,0,3,0,2,11,13,62,104,106,113,124,123,125,123,112,102,79,72,12,0,0
5,0,0,8,7,0,0,8,17,14,99,104,104,101,83,101,116,85,62,62,65,14,0,0
0,0,9,0,4,10,2,7,24,14,75,95,75,74,79,108,109,70,98,95,86,38,0,0
0,0,7,6,12,6,9,7,8,11,55,73,73,88,68,74,105,119,127,117,100,41,11,1
8,14,10,7,7,5,11,9,14,36,40,45,63,80,96,74,87,92,102,88,72,38,12,9
8,10,12,11,0,3,0,8,13,14,18,35,101,100,96,83,111,116,120,139,116,67,9,0
8,3,7,4,11,14,7,6,11,12,60,82,102,114,116,125,146,133,138,154,121,69,22,8
7,6,8,11,7,0,10,9,14,14,66,102,102,122,105,110,138,171,136,122,108,45,21,0
6,7,12,10,11,8,11,22,14,20,61,67,69,75,97,100,133,156,145,139,104,55,12,0
8,8,8,1,7,8,9,13,16,16,65,97,107,91,70,71,127,140,136,124,108,49,14,0
8,9,10,9,11,9,11,12,19,31,93,108,108,107,103,104,126,135,124,116,97,66,11,0
9,4,0,0,3,8,12,10,12,36,90,107,110,107,103,102,112,125,115,116,100,50,11,0
7,4,0,0,6,11,0,6,7,9,76,107,109,110,104,101,113,129,123,111,79,29,13,0
3,7,7,0,2,9,7,11,12,28,65,97,103,115,106,102,102,111,108,110,100,45,13,3
11,9,0,0,0,0,0,1,12,31,47,58,111,123,111,101,63,106,114,109,103,59,14,4
5,0,3,8,6,10,9,9,9,16,21,53,95,177,126,91,94,96,116,126,107,30,10,0
5,9,10,7,7,7,24,32,31,1,31,49,72,202,133,70,60,59,76,126,67,39,15,3
8,13,1,9,13,12,17,6,4,21,21,35,42,59,59,52,35,44,54,73,58,54,37,3
6,0,0,13,10,6,4,0,5,0,0,14,18,69,66,54,19,33,47,57,61,46,41,0
2,0,6,4,0,0,0,0,1,3,5,0,6,50,53,54,37,14,12,51,56,50,49,8
0,6,0,0,0,3,10,11,12,6,0,0,0,6,45,46,12,4,0,11,50,26,0,0
0,0,0,7,4,8,5,0,7,8,0,0,0,0,10,5,9,0,6,8,0,4,1,0
0,6,8,9,0,8,3,3,6,3,0,0,0,0,0,0,1,0,0,0,0,0,0,0
5,0,9,11,2,0,0,10,5,0,0,1,6,0,1,0,2,6,0,0,0,0,0,0
0,2,0,7,0,0,3,1,0,3,0,0,9,8,7,7,6,1,0,0,0,0,2,0
0,5,5,5,7,4,0,0,0,0,4,9,3,0,4,0,2,0,0,0,7,0,0,0
0,1,2,1,0,2,0,0,0,7,3,3,9,7,11,0,1,0,0,6,7,7,0,0
0,0,0,0,0,8,0,0,0,0,11,4,9,5,13,14,18,13,11,21,22,1,0,0
2,0,5,0,11,10,8,0,9,8,0,4,10,2,3,19,56,53,42,51,50,6,8,7
0,8,5,3,7,11,9,4,8,5,0,0,6,4,13,50,77,59,68,61,51,5,8,3
4,6,4,11,5,0,8,0,0,0,3,0,0,6,9,14,64,35,36,14,13,9,0,4

5,13,8,10,6,11,14,14,36,39,37,39,50,32,13,12,8,2,7,0,1,6,9,6
9,6,7,9,8,3,8,25,33,50,48,50,47,15,12,5,0,0,5,0,6,3,6,11
0,11,10,11,13,4,18,28,42,58,103,104,86,83,76,66,16,12,3,1,3,4,3,9
19,54,64,62,78,117,183,137,143,145,166,172,168,152,138,116,104,44,8,11,13,13,13,12
0,13,47,51,56,77,135,117,126,148,168,199,190,184,168,143,87,57,8,4,11,10,5,0
12,9,20,21,39,50,56,57,54,68,83,99,124,136,131,127,89,61,41,14,13,12,11,10
9,6,8,8,13,17,53,52,55,61,70,92,104,122,130,124,102,67,47,38,12,11,7,10
12,14,11,11,7,12,12,10,50,52,65,85,112,128,126,125,120,72,52,21,12,0,0,1
34,25,14,11,3,3,12,13,19,51,62,103,113,124,139,136,108,70,58,50,9,0,0,5
52,55,52,24,13,12,12,43,24,58,72,96,139,169,174,148,117,90,57,14,9,10,0,0
15,56,56,50,14,8,11,13,50,60,76,89,118,182,193,189,142,97,65,40,13,10,0,0
5,0,13,14,9,3,6,26,53,61,83,84,112,166,234,259,152,99,72,73,14,0,0,0
0,1,0,7,5,8,3,13,46,74,107,110,110,135,147,162,138,114,104,100,15,0,0,0
0,0,0,0,3,0,3,11,14,68,105,107,115,125,125,127,124,113,103,80,73,12,0,0
5,0,0,8,7,0,0,9,20,15,100,105,106,102,84,103,117,86,62,62,65,14,0,0
0,0,9,0,4,10,2,7,28,14,77,97,76,75,80,110,110,71,98,94,86,36,1,0
0,0,7,6,12,6,10,7,9,11,55,74,74,90,69,75,106,119,126,116,100,41,11,1
8,14,10,7,7,5,11,10,14,36,40,46,63,81,98,75,89,92,100,86,72,38,12,9
8,10,12,11,0,3,0,8,13,14,14,34,101,100,96,83,111,116,120,138,116,66,9,0
8,3,7,4,11,14,7,6,11,12,58,80,102,113,115,125,145,132,137,154,121,69,23,8
7,6,8,11,7,0,9,9,14,14,62,101,102,121,104,109,137,169,136,121,108,45,22,0
6,7,12,10,11,8,11,21,13,19,60,66,68,74,95,100,132,156,145,139,104,55,13,0
8,8,8,1,7,8,9,13,15,14,63,96,107,90,69,71,127,140,136,124,108,48,14,0
8,9,10,9,11,9,11,12,17,30,91,108,108,107,103,104,126,135,124,116,97,66,11,0
9,4,0,0,3,8,12,10,12,34,89,106,110,107,103,102,112,125,115,116,101,47,11,0
7,4,0,0,6,11,0,6,7,9,77,106,109,110,104,101,113,129,123,111,81,30,13,0
3,7,7,0,2,9,6,11,12,27,65,97,103,115,106,102,102,111,108,110,100,45,13,2
11,9,0,0,0,0,0,1,12,31,48,58,111,123,111,101,63,106,114,109,103,59,14,4
5,0,3,8,6,10,9,9,8,16,21,53,95,178,126,90,94,96,117,126,107,33,10,0
5,9,10,7,7,7,24,32,31,1,31,49,72,202,133,70,60,59,76,126,67,40,17,3
8,13,0,8,13,12,17,6,4,21,21,35,42,59,59,52,35,44,55,73,58,54,39,3
6,0,0,13,10,6,4,0,5,0,0,13,16,67,66,54,18,36,47,57,61,47,43,0
2,0,6,4,0,0,0,0,1,3,5,0,5,50,53,54,39,14,12,51,56,50,49,8
0,6,0,0,0,3,11,11,12,6,0,0,0,6,45,46,12,4,0,12,50,28,0,0
0,0,0,7,4,8,5,0,7,8,0,0,0,0,10,6,10,0,7,8,0,4,1,0
0,6,8,9,0,8,3,3,6,3,0,0,0,0,0,0,1,0,0,0,0,0,0,0
5,0,9,11,3,0,0,10,5,0,0,1,6,0,1,0,3,6,0,0,0,0,0,0
0,2,0,7,0,0,3,1,0,3,0,0,9,8,7,7,6,1,0,0,0,0,2,0
0,5,5,5,7,4,0,0,0,0,4,10,3,0,4,0,2,0,0,0,7,0,0,0
0,1,2,1,0,2,0,0,0,7,3,3,9,7,12,0,1,0,0,6,7,7,0,0
0,0,0,0,0,8,0,0,0,0,11,4,9,5,13,14,17,13,11,22,21,1,0,0
2,0,5,0,11,10,8,0,9,8,0,4,10,2,3,20,56,53,41,51,50,6,8,7
0,8,5,3,7,11,9,4,8,5,0,0,6,4,13,50,77,59,68,61,51,5,8,3
4,6,4,11,5,0,8,0,0,0,3,1,0,6,9,14,64,35,37,14,13,9,0,4

5,13,8,9,6,11,14,14,36,40,37,38,50,30,13,12,8,2,7,0,1,6,9,6
9,6,7,9,8,3,8,25,33,50,50,50,47,16,12,5,0,0,5,0,6,3,6,11
0,11,10,11,13,5,18,28,43,58,103,104,86,83,76,66,16,12,3,1,3,4,3,9
19,55,64,62,78,118,184,136,142,145,166,172,168,151,138,115,104,44,8,11,13,13,13,12
0,13,47,51,56,77,136,117,126,148,168,199,190,184,168,142,87,57,8,4,11,10,4,0
12,9,20,22,39,50,56,57,55,68,83,99,124,136,131,127,89,62,41,13,13,12,11,10
9,6,8,8,13,17,53,52,55,61,70,92,104,122,130,124,102,67,47,36,12,11,7,10
12,14,11,11,7,12,12,10,50,52,65,85,112,128,126,125,120,72,52,22,12,0,0,1
35,25,14,12,3,3,12,13,20,51,62,103,113,124,140,136,108,71,58,50,9,0,0,5
52,55,52,26,13,12,12,43,25,58,72,97,140,169,173,148,117,91,57,14,9,10,0,0
16,57,56,50,14,8,10,13,50,60,77,89,118,181,192,189,141,97,66,40,13,10,0,0
5,0,13,15,9,3,6,27,53,61,83,84,112,165,233,258,151,99,72,73,13,0,0,0
0,1,0,8,5,8,3,13,48,75,107,111,110,135,146,161,137,114,104,100,15,0,0,0
0,0,0,0,3,0,3,11,14,68,105,107,115,126,125,127,124,113,103,80,73,12,0,0
5,0,0,8,7,0,0,9,21,18,100,105,106,102,84,103,117,86,62,62,65,14,0,0
0,0,9,0,4,10,3,8,29,14,78,98,77,75,80,110,110,71,98,94,86,36,1,0
0,0,7,6,12,6,10,8,9,11,56,74,74,90,69,75,106,119,125,116,100,42,11,1
8,14,10,7,7,5,11,10,14,36,41,46,63,81,98,75,89,92,100,86,73,38,12,9
8,10,12,11,0,3,0,8,13,14,15,37,101,101,96,83,111,116,120,139,116,65,9,0
8,3,7,4,11,13,7,6,11,12,58,81,102,113,115,125,145,132,137,154,121,69,22,8
7,6,8,11,7,0,9,9,14,14,63,101,102,121,104,109,137,169,136,121,108,45,22,0
6,7,12,10,11,8,11,21,13,19,60,66,68,74,96,100,132,156,145,139,104,54,12,0
8,8,8,1,7,8,9,13,15,14,63,97,107,90,70,71,127,140,136,124,108,49,14,0
8,9,10,9,11,9,11,12,17,30,91,108,108,107,103,104,126,135,124,116,97,66,11,0
9,4,0,0,3,8,12,10,12,34,88,106,110,107,103,102,112,125,115,116,101,48,11,0
7,4,0,0,6,11,0,6,7,9,77,106,109,110,104,101,113,129,123,111,80,30,13,0
3,7,7,0,2,9,7,11,12,30,64,96,103,115,106,102,102,111,108,110,100,45,13,3
11,9,0,0,0,0,0,1,12,32,47,58,111,123,111,101,63,106,114,109,103,59,14,4
5,0,3,8,6,10,9,9,8,16,21,53,95,178,126,90,93,97,117,126,107,31,10,0
5,9,10,7,7,7,24,32,31,1,32,49,72,202,133,70,61,59,76,126,67,41,17,3
8,13,0,8,13,12,17,6,4,21,21,35,42,58,59,51,35,44,54,73,58,54,39,3
6,0,0,13,10,6,4,0,5,0,0,13,16,68,65,54,18,34,48,57,61,47,43,0
2,0,6,4,0,0,0,0,1,3,6,0,6,50,53,54,39,14,12,51,56,50,50,8
0,6,0,0,0,3,10,11,12,6,0,0,0,6,45,46,12,4,0,12,50,27,0,0
0,0,0,7,4,8,5,0,7,8,0,0,0,0,10,6,10,0,7,8,0,4,2,0
0,6,8,9,0,8,3,3,6,3,0,0,0,0,0,0,1,0,0,0,0,0,0,0
5,0,9,11,3,0,0,10,6,0,0,2,6,0,1,0,3,6,0,0,0,0,0,0
0,2,0,7,0,0,3,1,0,3,0,0,9,8,7,7,7,1,0,0,0,0,2,0
0,5,5,5,7,4,0,0,0,0,4,10,3,0,4,0,2,0,0,0,7,0,0,0
0,1,2,1,0,2,0,0,0,7,3,3,9,8,12,0,1,0,0,6,7,7,0,0
0,0,0,0,0,8,0,0,0,0,11,4,9,5,13,14,17,14,11,22,24,1,0,0
2,0,5,0,11,10,8,0,9,8,0,4,10,2,3,20,56,53,42,51,50,6,8,7
0,8,5,3,7,11,9,4,8,5,0,0,6,5,13,50,77,59,68,61,51,5,8,4
4,6,4,11,5,0,8,0,0,0,3,1,0,6,9,14,64,35,38,14,13,9,0,4

5,13,8,10,6,11,14,14,36,39,37,39,50,31,13,12,8,2,7,0,1,6,9,6
9,6,7,9,8,3,8,25,33,50,48,48,47,16,12,5,0,0,5,0,6,2,6,11
0,11,10,11,13,4,17,28,42,59,103,104,86,83,76,66,15,12,3,1,3,4,3,9
21,54,64,62,78,118,183,137,143,145,166,172,168,151,138,115,104,44,8,11,13,13,12,12
0,13,46,51,56,77,136,117,127,148,169,200,191,184,168,142,87,57,7,4,11,9,4,0
12,9,21,22,39,50,56,57,54,68,83,100,124,137,131,127,89,62,42,13,13,12,11,10
9,6,8,8,13,16,52,52,56,61,70,92,104,123,130,125,102,67,47,36,12,10,7,10
13,14,11,11,7,12,12,10,50,52,65,85,113,129,127,126,120,73,52,22,12,0,0,1
35,25,14,12,3,3,12,13,23,52,63,104,114,125,141,137,109,71,58,50,9,0,0,5
52,55,52,27,13,12,12,44,25,58,72,97,140,170,175,150,118,91,57,14,9,10,0,0
17,57,56,50,14,8,10,12,50,60,77,89,118,182,194,190,142,97,66,38,13,9,0,0
5,0,13,16,9,3,6,26,53,61,83,83,111,164,232,257,150,98,72,73,13,0,0,0
0,1,0,8,5,8,3,13,44,74,106,110,108,134,145,161,137,113,103,100,14,0,0,0
0,0,0,0,3,0,3,11,13,67,104,106,114,125,123,126,123,112,102,79,72,12,0,0
5,0,0,8,7,1,0,9,18,14,100,104,105,101,83,102,116,86,62,62,65,14,0,0
0,0,9,0,4,10,2,7,26,14,76,96,76,74,79,109,110,71,98,95,87,36,0,0
0,0,7,6,12,6,10,7,8,11,55,74,74,89,68,75,106,119,126,117,100,42,11,1
8,14,10,7,7,5,11,9,14,36,41,46,63,80,97,74,88,92,101,87,73,39,12,9
8,10,12,11,0,3,0,8,13,14,19,36,101,100,96,83,111,116,120,139,116,66,9,0
8,3,7,4,11,14,7,6,11,12,60,81,102,114,116,125,146,133,137,155,121,69,22,8
7,6,8,11,7,0,9,9,14,14,68,101,102,122,105,110,138,171,136,122,109,45,21,0
6,7,12,10,11,8,11,21,14,20,61,67,69,75,96,100,133,156,145,139,104,55,12,0
8,8,8,1,7,8,9,13,16,16,65,97,107,91,70,71,127,140,136,124,108,48,14,0
8,9,10,9,11,9,11,12,19,33,93,108,108,107,103,104,126,135,124,116,97,66,11,0
9,4,0,0,3,8,12,10,12,37,90,106,110,107,103,102,112,125,115,116,101,48,11,0
7,4,0,0,6,11,0,6,7,9,77,107,109,110,104,101,113,129,123,111,80,29,13,0
3,7,7,0,2,9,6,11,13,30,66,97,103,116,106,102,102,111,108,110,100,44,13,3
11,9,0,0,0,0,0,2,13,32,47,58,111,123,111,101,63,106,114,109,103,59,14,4
5,0,3,8,6,10,9,9,8,16,22,53,95,177,126,90,93,96,117,126,107,31,10,0
5,9,10,7,7,7,24,32,31,1,31,49,72,202,133,70,60,59,77,126,67,41,16,3
8,13,0,8,13,12,17,6,4,21,21,35,42,59,59,51,35,44,55,73,58,54,39,3
6,0,0,13,10,6,4,0,5,0,0,14,17,67,65,54,18,36,50,57,61,47,40,0
2,0,6,4,0,0,0,0,1,3,6,0,6,50,53,54,39,14,12,51,56,50,50,8
0,6,0,0,0,3,11,11,12,6,0,0,0,6,46,46,12,4,0,12,50,27,0,0
0,0,0,7,4,8,5,0,7,8,0,0,0,0,11,6,10,0,7,8,0,4,2,0
0,6,8,9,0,8,3,3,6,3,0,0,0,0,0,0,1,0,0,0,0,0,0,0
5,0,9,11,3,0,0,10,6,0,0,2,6,0,1,0,3,6,0,0,0,0,0,0
0,2,0,7,0,0,3,2,0,3,0,0,9,8,7,7,7,1,0,0,0,0,3,0
0,5,5,6,7,4,0,0,0,0,4,10,3,0,4,0,2,0,0,0,7,0,0,0
0,1,2,1,0,2,0,0,0,7,3,3,9,8,12,0,0,1,0,6,7,7,0,0
0,0,0,0,0,8,0,0,0,0,11,4,9,5,13,14,17,14,11,22,22,1,0,0
2,0,5,0,11,10,8,0,9,8,0,4,10,2,3,20,56,53,41,51,50,6,8,7
0,8,5,4,7,11,9,4,8,5,0,0,6,5,13,50,77,59,68,61,51,5,8,4
5,6,4,11,5,0,8,0,0,0,3,1,0,6,9,14,64,35,37,14,13,9,0,4

5,13,8,10,6,11,14,14,36,39,37,38,50,31,13,12,8,2,7,0,1,6,9,6
9,6,7,9,8,3,8,25,33,50,50,50,47,16,12,5,0,0,5,0,6,2,6,11
0,11,10,11,13,5,17,28,42,59,103,104,86,83,76,66,14,12,3,1,3,4,3,9
21,54,64,62,78,118,185,137,143,145,167,173,168,152,138,115,104,44,8,11,13,13,12,12
0,13,47,51,56,78,136,118,127,149,170,201,191,185,168,142,87,57,7,4,11,9,4,0
12,10,20,22,39,50,56,57,55,68,83,100,125,137,132,127,89,62,42,13,13,12,11,10
9,6,8,8,13,17,52,52,56,61,70,93,104,123,131,125,102,67,48,36,12,10,7,10
13,14,10,11,7,12,12,10,50,52,65,85,113,129,127,126,120,73,52,22,12,0,0,1
36,25,14,12,4,3,12,13,25,52,63,104,114,125,142,137,109,71,59,50,9,0,0,5
52,55,52,29,13,12,12,44,26,58,72,97,141,171,176,151,119,91,57,14,9,10,0,0
20,57,56,50,14,8,10,13,50,60,77,89,118,183,195,191,142,97,66,40,12,9,0,0
5,0,14,17,9,3,6,25,53,61,83,83,110,164,233,256,150,98,72,73,13,0,0,0
0,1,0,8,5,8,3,12,40,73,106,109,107,133,145,161,137,113,103,100,14,0,0,0
0,0,0,0,3,0,3,11,13,63,104,106,113,123,122,125,123,112,102,79,72,12,0,0
5,0,0,8,7,1,0,8,17,14,100,104,104,100,82,101,116,85,62,62,65,14,0,0
0,0,9,0,4,10,2,7,24,13,75,95,75,73,79,108,109,71,99,96,87,38,0,0
0,0,7,6,12,6,9,7,8,11,55,73,73,88,68,74,105,119,127,118,100,42,11,1
8,14,10,7,7,5,11,9,14,36,40,46,63,80,96,74,87,92,102,89,73,39,12,9
8,10,12,11,0,3,0,8,13,15,21,37,101,100,96,83,111,116,121,140,116,66,9,0
8,3,7,4,11,14,7,7,12,13,61,82,102,114,116,126,146,133,138,155,121,69,22,8
7,6,8,11,7,0,10,10,14,14,70,102,102,122,105,111,138,171,136,122,109,45,21,0
6,7,12,10,11,8,11,22,14,21,62,67,70,76,97,100,133,156,145,139,104,54,12,0
8,8,8,1,7,8,9,13,16,17,67,99,107,92,70,71,127,140,136,124,108,49,14,0
8,9,10,9,11,9,11,13,21,37,94,109,109,107,103,104,126,136,124,116,98,66,11,0
9,4,0,0,3,8,12,10,12,38,92,106,110,107,103,102,112,125,115,116,101,47,11,0
7,4,0,0,6,11,0,6,8,9,78,107,110,110,104,101,113,129,123,111,80,27,13,0
3,7,7,0,2,9,6,11,13,30,66,98,104,116,106,102,102,111,108,110,100,46,13,3
11,9,0,0,0,0,0,2,13,33,50,58,111,123,112,101,63,106,114,109,103,59,14,4
5,0,3,8,6,10,9,9,8,16,23,53,95,177,126,90,93,97,117,126,107,31,10,0
5,9,10,7,7,7,24,32,31,1,31,49,72,202,133,69,60,59,77,126,66,38,16,3
8,13,0,8,13,12,17,6,4,21,21,35,42,59,59,52,35,44,55,73,58,54,39,3
6,0,0,13,11,6,4,0,5,0,0,14,17,67,65,54,19,36,50,57,61,48,40,0
2,0,6,4,0,0,0,0,1,3,6,0,6,50,53,54,39,14,12,51,56,50,50,8
0,6,0,0,0,3,11,11,12,6,0,0,0,7,45,46,12,4,0,12,50,25,0,0
0,0,0,7,4,8,5,0,7,8,0,0,0,0,11,6,10,0,7,9,0,4,2,0
0,6,8,9,0,8,3,3,6,4,0,0,0,0,0,0,1,0,0,0,0,0,0,0
5,0,9,11,3,0,0,10,6,0,0,2,6,0,1,0,3,6,0,0,0,0,0,0
0,2,0,7,0,0,3,2,0,3,0,0,9,8,7,7,7,1,0,0,0,0,3,0
0,5,5,6,7,4,0,0,0,0,4,10,3,0,5,0,2,0,0,0,7,0,0,0
0,1,2,0,0,2,0,0,0,7,3,3,10,8,12,0,0,1,0,6,7,7,0,0
0,0,0,0,0,8,0,0,0,0,11,4,9,5,13,15,17,13,11,22,22,1,0,0
2,0,5,0,12,10,8,0,9,8,0,4,10,2,4,21,56,53,42,51,50,6,8,7
0,7,5,3,7,11,9,4,8,6,0,0,6,5,13,50,77,59,68,61,51,5,8,4
4,6,4,11,5,0,8,0,0,0,4,1,0,6,9,14,64,35,36,14,13,9,0,4

5,13,8,10,6,11,14,14,35,40,37,38,50,31,13,12,8,2,7,0,1,6,9,6
9,6,7,9,8,3,8,25,33,50,50,48,45,15,12,5,0,0,5,0,6,2,6,11
0,11,11,11,13,5,17,28,43,59,103,104,86,83,76,66,15,12,3,1,3,4,3,9
21,54,64,62,78,118,185,137,143,146,167,173,169,152,138,115,104,44,8,11,13,13,12,12
0,13,47,51,56,78,136,118,127,149,170,202,191,185,168,142,87,58,8,4,11,9,4,0
12,9,20,22,39,50,56,57,55,68,83,100,125,137,132,127,89,62,42,13,13,12,11,10
9,6,8,8,13,17,52,52,56,61,70,93,104,123,131,125,102,67,48,36,12,10,7,9
13,14,10,11,7,12,12,10,50,52,65,86,113,129,127,126,120,73,52,22,12,0,0,1
36,25,14,12,4,3,12,13,26,52,63,104,115,126,142,137,109,71,59,50,9,0,0,5
52,55,52,30,13,12,12,45,26,58,72,97,141,172,177,151,119,91,57,14,9,9,0,0
21,57,57,51,14,8,10,13,50,60,77,90,119,184,196,191,142,97,66,39,13,9,0,0
6,0,14,17,9,3,6,25,52,61,83,82,110,164,234,256,150,98,72,72,13,0,0,0
0,2,0,9,5,7,3,12,38,72,106,109,106,133,145,162,137,113,103,100,14,0,0,0
0,0,0,0,3,0,2,11,13,62,104,105,112,123,122,125,122,112,102,79,72,12,0,0
5,0,0,8,7,1,0,8,16,13,100,104,104,100,82,100,116,85,62,62,64,14,0,0
0,0,9,0,4,10,2,7,22,13,74,95,75,73,78,108,109,71,98,97,88,36,0,0
0,0,7,6,12,6,9,7,8,10,55,73,73,88,68,74,105,119,128,118,100,44,10,1
8,14,10,7,7,5,11,9,14,36,40,46,63,79,95,74,87,93,103,89,73,38,12,9
8,10,12,11,0,3,0,8,13,16,23,37,101,100,96,83,111,116,121,140,116,66,9,0
8,3,7,4,11,14,7,7,12,13,62,81,102,114,116,126,146,134,138,156,121,69,21,9
7,6,8,12,7,0,10,10,14,14,72,102,102,122,105,111,139,172,137,122,109,45,21,0
6,7,12,10,11,8,11,22,14,22,62,67,70,76,97,100,133,157,145,139,104,54,12,0
8,8,8,1,7,8,9,13,17,18,67,100,108,93,70,71,127,141,136,124,108,48,14,0
8,9,10,9,11,9,11,13,24,38,96,109,109,107,103,104,126,136,124,116,98,66,11,0
9,4,0,0,3,8,12,10,12,41,92,107,110,107,103,102,112,125,115,116,101,48,11,0
7,4,0,0,6,11,0,6,8,9,80,107,110,110,104,101,113,129,123,111,80,30,13,0
3,7,7,0,2,9,6,11,13,30,66,97,104,116,106,102,102,111,108,110,100,44,13,2
11,9,0,0,0,0,0,2,13,33,48,59,111,123,112,101,63,106,114,109,103,59,14,4
5,0,3,8,6,10,9,9,8,17,23,53,95,178,126,90,93,97,117,126,107,31,10,0
5,9,10,7,7,7,24,32,32,1,32,50,72,202,133,69,60,59,77,126,67,39,15,3
8,13,1,9,13,12,17,6,4,21,21,36,43,59,59,52,35,44,55,73,58,54,39,3
6,0,0,13,11,6,4,0,5,0,0,13,17,67,65,54,18,36,50,57,61,47,40,0
2,0,6,4,0,0,0,0,1,3,6,0,6,50,53,54,39,14,13,51,56,50,50,8
0,6,0,0,0,3,11,11,12,6,0,0,0,7,46,46,12,4,0,12,50,26,0,0
0,0,0,7,4,8,5,0,7,8,0,0,0,0,11,6,10,0,7,8,0,3,2,0
0,6,8,9,0,8,3,3,7,4,0,0,0,0,0,0,1,0,0,0,0,0,0,0
5,0,9,11,3,0,0,10,6,0,0,2,6,0,1,0,3,6,0,0,0,0,0,0
0,2,0,7,0,0,3,2,0,3,0,0,9,8,7,7,7,1,0,0,0,0,3,0
0,5,5,6,7,4,0,0,0,0,4,10,4,0,5,0,2,0,0,0,7,0,0,0
0,1,2,0,0,2,0,0,0,7,3,3,10,8,12,0,0,1,0,6,7,7,0,0
0,0,0,0,0,8,0,0,0,0,11,4,9,5,13,15,17,14,12,24,21,1,0,0
2,0,5,0,11,10,8,0,9,8,0,4,10,2,3,21,56,53,42,51,50,6,8,7
0,8,5,3,7,11,9,4,8,6,0,0,6,5,13,50,77,59,68,61,51,5,8,3
4,6,4,11,5,0,8,0,0,0,3,1,0,6,9,14,64,35,35,15,13,9,0,4

5,13,8,10,6,11,14,14,36,39,37,38,50,31,13,12,8,2,6,0,1,6,9,6
9,6,7,9,8,3,8,25,33,50,50,50,47,15,12,5,0,0,5,0,5,2,6,11
0,11,11,11,13,5,18,28,42,59,103,104,86,83,75,66,14,12,3,1,2,4,3,9
21,54,65,62,78,118,186,137,143,146,167,173,168,151,138,115,104,44,8,10,13,13,12,12
0,13,47,51,56,78,136,118,128,149,171,202,192,185,168,142,87,57,8,4,11,9,4,0
13,10,20,22,39,50,56,57,55,68,84,101,125,137,132,127,89,62,43,13,13,12,11,10
9,6,8,8,13,17,53,52,56,62,70,93,104,123,130,125,102,67,49,36,12,10,7,9
13,14,9,11,7,12,12,10,50,52,65,85,113,129,127,126,120,73,53,22,12,0,0,1
36,25,13,12,4,3,12,13,27,52,63,104,115,126,142,138,109,71,59,50,9,0,0,5
52,55,52,30,13,12,12,45,28,58,72,97,141,172,177,152,119,91,57,14,9,9,0,0
21,57,57,51,14,8,10,13,50,60,77,90,119,184,196,191,142,97,66,38,12,8,0,0
6,0,14,17,9,3,6,25,52,61,84,82,110,164,234,256,150,98,72,73,13,0,0,0
0,2,0,9,5,7,2,12,36,72,106,109,106,132,145,162,137,113,103,100,14,0,0,0
0,0,0,0,3,0,2,11,12,60,104,105,112,123,121,125,122,112,102,79,71,12,0,0
5,0,0,8,7,1,0,8,15,13,100,104,103,100,82,100,115,85,62,62,65,14,0,0
0,0,9,0,4,10,2,7,21,13,74,94,75,73,78,108,109,70,98,97,87,36,0,0
0,0,7,6,12,6,9,7,8,10,55,73,73,88,67,73,105,119,128,119,100,42,10,1
8,14,10,7,7,5,11,9,14,36,40,46,63,79,95,73,87,93,103,89,73,39,11,9
8,10,12,11,0,3,0,8,13,16,23,38,101,100,96,83,111,116,121,140,116,67,9,0
8,3,7,4,11,14,7,7,12,13,62,81,102,114,116,126,147,134,138,156,121,69,22,8
7,6,8,11,7,0,10,10,14,14,72,102,103,122,106,111,139,172,137,122,109,45,21,0
6,7,12,10,11,8,11,22,14,22,63,68,70,76,98,100,133,157,145,139,104,55,12,0
8,8,8,1,7,8,9,13,17,18,68,100,108,93,70,71,127,141,136,124,108,48,15,0
8,9,10,9,11,9,11,13,23,38,96,109,109,107,103,104,126,136,124,116,97,66,11,0
9,4,0,0,3,8,12,10,12,41,92,107,110,107,103,102,112,125,115,116,101,48,11,0
7,4,0,0,6,11,0,7,8,9,80,107,110,110,104,101,113,129,123,111,80,31,13,0
3,7,7,0,2,9,6,11,13,30,66,98,104,116,106,102,102,111,108,110,100,44,13,2
11,9,0,0,0,0,0,2,13,34,50,59,111,123,112,101,63,106,114,109,103,59,14,4
5,0,3,8,6,10,9,9,8,18,23,53,95,177,126,90,93,97,117,126,107,30,10,0
5,9,10,7,7,7,24,32,32,1,32,49,72,203,133,69,60,59,77,126,66,38,15,3
8,13,0,8,13,12,17,6,4,21,21,36,42,59,59,51,35,44,55,73,58,54,39,3
6,0,0,13,11,6,4,0,5,0,0,14,17,68,66,54,19,36,48,57,61,46,40,0
2,0,6,4,0,0,0,0,1,3,6,0,6,50,53,54,39,14,13,51,56,50,49,8
0,6,0,0,0,3,11,11,12,6,0,0,0,7,46,46,12,4,0,12,50,26,0,0
0,0,0,7,4,8,5,0,7,8,0,0,0,0,11,6,10,0,7,9,0,4,2,0
0,6,8,9,0,8,3,3,6,4,0,0,0,0,0,0,2,0,0,0,0,0,0,0
5,0,9,11,3,0,0,11,6,0,0,2,6,0,1,0,3,6,0,0,0,0,0,0
0,2,0,7,0,0,4,2,0,3,0,0,9,8,7,8,7,1,0,0,0,0,3,0
0,5,5,6,8,4,0,0,0,0,5,10,4,0,5,0,2,0,0,0,7,0,0,0
0,1,2,0,0,2,0,0,0,7,3,3,10,8,12,0,1,2,0,6,7,7,0,0
0,0,0,0,0,8,0,0,0,0,11,4,9,6,13,15,17,13,12,23,22,2,0,0
2,0,5,0,11,10,8,0,9,8,0,4,10,2,3,20,56,53,43,51,50,6,8,7
0,7,5,4,7,11,9,4,8,6,0,0,6,5,13,50,77,59,68,61,51,5,8,3
4,6,4,11,5,0,8,0,0,0,4,1,0,6,9,14,64,36,35,15,13,9,0,4

5,13,8,10,6,11,14,14,36,39,36,38,50,29,13,12,8,1,6,0,1,6,8,6
9,6,7,9,8,3,8,25,33,50,48,50,47,15,12,5,0,0,5,0,6,2,6,11
0,11,11,11,13,5,18,28,43,59,103,104,86,82,75,66,14,11,3,1,2,4,2,9
22,55,64,62,78,118,187,137,143,146,167,173,169,151,138,115,104,44,7,10,13,13,12,12
0,13,47,51,56,78,137,118,128,150,171,202,192,185,167,142,87,58,7,3,10,9,4,0
13,10,21,22,39,50,56,57,55,69,84,101,125,137,132,127,89,62,42,13,13,12,11,10
9,6,8,8,13,17,52,52,56,62,70,93,104,123,130,125,102,67,48,35,12,10,7,9
13,14,9,11,7,12,12,10,50,52,65,85,113,129,127,126,120,73,53,22,11,0,0,1
36,25,13,12,4,3,12,14,28,52,63,104,115,125,141,137,109,71,59,50,9,0,0,5
52,55,52,32,13,12,12,45,28,59,72,97,141,172,176,151,119,91,58,14,9,9,0,0
21,57,57,51,14,8,10,13,50,60,77,90,119,184,196,191,142,97,66,38,12,8,0,0
6,0,14,18,9,3,6,24,52,61,84,82,110,164,234,256,150,98,72,73,13,0,0,0
0,2,0,9,5,7,2,12,38,73,106,109,106,132,145,162,137,113,103,100,14,0,0,0
0,0,0,0,3,0,2,11,12,61,104,105,112,122,121,125,122,112,102,79,71,12,0,0
5,0,0,8,7,1,0,8,15,13,100,104,103,99,81,100,115,85,62,62,64,14,0,0
0,0,9,0,4,10,2,7,21,13,74,94,75,73,78,108,109,70,98,97,88,36,0,0
0,0,7,6,12,6,9,7,8,10,55,73,73,87,67,73,105,119,128,119,100,44,10,1
8,14,10,7,7,5,11,9,14,36,40,46,63,79,95,73,87,93,103,89,72,38,11,9
8,10,12,11,0,3,0,8,13,17,23,39,101,100,96,84,111,117,121,140,116,66,9,0
8,3,7,4,11,14,7,7,12,13,62,81,102,114,117,126,147,134,138,156,121,69,22,8
7,6,8,12,7,0,10,10,14,14,74,102,103,123,106,111,139,172,137,122,109,45,21,0
6,7,12,10,11,8,11,22,14,23,63,68,70,76,98,100,134,157,145,139,104,55,12,0
8,8,8,1,7,8,9,13,17,18,68,100,108,93,70,71,128,141,136,124,108,49,14,0
8,9,10,9,11,9,11,13,23,42,97,109,109,107,103,104,126,136,124,116,100,66,11,0
9,4,0,0,3,8,12,10,12,41,93,107,110,107,103,102,112,125,115,116,101,48,11,0
7,4,0,0,6,11,0,7,8,9,81,107,110,110,104,101,113,129,123,111,80,29,13,0
3,7,7,0,2,9,7,11,13,30,66,98,104,116,106,102,102,111,108,110,100,44,13,3
11,9,0,0,0,0,0,2,13,36,48,59,111,123,111,101,63,106,115,109,103,59,14,4
5,0,3,8,6,10,9,9,8,19,23,53,95,178,126,90,93,97,117,126,107,29,10,0
5,9,10,7,7,7,24,33,31,1,32,50,72,203,133,70,60,59,77,127,66,39,15,3
8,13,0,8,13,12,17,6,4,22,21,35,42,59,59,51,35,44,55,73,58,54,38,3
6,0,0,13,11,6,4,0,5,0,0,14,18,69,65,54,19,36,50,57,61,48,41,0
2,0,6,4,0,0,0,0,2,3,6,0,6,50,53,54,40,14,13,51,56,50,50,8
0,6,0,0,0,3,11,11,12,6,0,0,0,7,47,46,12,4,0,12,50,27,0,0
0,0,0,7,4,8,5,0,7,8,0,0,0,0,11,6,10,0,7,9,0,3,2,0
0,6,8,9,0,8,3,3,6,4,0,0,0,0,0,0,2,0,0,0,0,0,0,0
5,0,9,11,3,0,0,11,6,0,0,2,6,0,1,0,3,6,0,0,0,0,0,0
0,2,0,7,0,0,4,2,0,3,0,0,9,8,7,8,7,2,0,0,0,0,3,0
0,5,5,6,8,4,0,0,0,0,5,10,4,0,5,0,3,0,0,0,7,0,0,0
0,1,2,1,0,2,0,0,0,7,3,3,10,8,12,0,0,2,0,7,7,8,0,0
0,0,0,0,0,8,0,0,0,0,11,4,9,5,13,15,16,14,11,23,21,1,0,0
2,0,5,0,11,10,8,0,9,8,0,4,10,2,4,22,56,53,42,51,50,6,8,7
0,8,5,4,7,11,9,4,8,6,0,0,6,5,13,50,77,59,68,61,51,5,8,4
4,6,4,11,5,0,8,0,0,0,4,1,0,6,9,14,64,36,37,17,13,9,0,4

5,13,8,10,6,11,14,14,36,39,36,37,50,30,13,12,8,2,6,0,1,6,8,6
9,6,7,9,8,3,8,25,33,50,50,50,47,16,12,5,0,0,5,0,5,2,6,11
0,11,11,11,13,5,17,28,42,59,103,104,86,82,75,65,14,11,3,1,2,4,3,9
21,55,65,62,78,118,187,137,143,146,167,173,169,151,138,115,104,43,7,10,13,13,12,12
0,14,47,51,56,78,137,118,128,150,171,202,192,184,167,142,87,58,7,3,10,8,4,0
12,10,20,22,39,50,56,57,55,68,84,101,125,137,131,127,89,62,42,13,13,12,11,10
9,6,8,8,13,17,53,52,56,62,70,93,104,123,130,125,102,68,48,36,12,10,7,9
13,13,9,11,7,12,12,10,51,52,65,86,113,129,127,126,121,73,53,22,11,0,0,0
36,25,13,12,4,3,13,14,29,52,63,104,115,126,142,138,109,71,59,50,9,0,0,5
52,55,52,32,13,12,12,45,29,58,72,98,141,172,177,151,119,91,58,14,9,9,0,0
22,57,56,51,14,8,10,13,50,60,77,90,119,183,195,191,142,97,66,38,12,8,0,0
6,1,14,19,9,3,6,25,53,61,84,82,110,164,233,255,150,98,72,73,13,0,0,0
0,2,0,9,5,7,2,12,38,72,106,109,106,132,145,162,137,113,103,100,14,0,0,0
0,0,0,0,3,0,2,11,13,62,104,105,112,123,121,124,122,112,102,79,71,12,0,0
5,0,0,8,7,1,0,8,15,13,100,103,103,99,81,100,115,84,62,62,64,14,0,0
0,0,9,0,4,10,2,7,22,13,74,95,75,73,78,108,109,70,98,97,87,36,0,0
0,0,7,6,12,6,9,7,8,10,55,72,73,87,67,73,105,119,128,119,100,41,10,0
8,14,10,7,7,5,11,9,14,36,40,46,63,79,95,73,87,93,104,89,73,38,11,9
8,10,12,11,0,3,0,8,13,19,23,39,101,100,96,84,111,117,121,140,116,65,9,0
8,3,7,4,11,14,7,7,12,13,62,82,102,114,117,126,147,134,138,156,121,69,23,8
7,6,8,12,7,0,10,10,14,14,74,102,103,123,106,111,139,172,137,122,109,45,21,0
6,7,12,10,11,8,11,22,14,23,64,68,70,76,98,100,134,157,145,139,104,55,12,0
8,8,8,1,7,8,9,13,16,18,68,100,108,93,70,71,128,141,136,124,108,48,14,0
8,9,10,9,11,9,11,13,22,40,96,109,109,107,103,104,126,136,124,116,98,66,11,0
9,4,0,0,3,8,12,10,12,41,93,107,110,107,103,102,112,125,115,116,100,48,11,0
7,4,0,0,6,11,0,6,8,9,81,107,110,110,104,101,113,129,123,111,80,29,13,0
3,7,7,0,3,9,7,11,13,31,66,98,104,116,106,102,102,111,108,110,100,42,13,3
11,9,0,0,0,0,0,2,13,36,50,59,111,123,111,101,63,106,114,109,103,59,14,4
5,0,3,8,6,10,9,9,8,19,23,53,95,178,126,90,93,97,117,126,107,29,10,0
5,9,10,7,7,7,24,32,32,1,32,50,72,203,133,70,60,59,77,127,66,38,15,3
8,13,0,8,13,12,17,6,4,22,22,35,42,59,59,51,35,44,55,73,58,54,39,3
6,0,0,13,11,6,4,0,5,0,0,14,17,68,65,54,19,36,50,57,61,48,40,0
2,0,6,4,0,0,0,0,2,3,6,0,6,50,53,54,40,14,13,51,56,50,49,8
0,6,0,0,0,3,11,11,12,6,0,0,0,7,46,47,12,4,0,12,50,26,0,0
0,0,0,7,4,8,5,0,7,8,0,0,0,0,11,6,10,0,7,9,0,3,2,0
0,6,8,9,0,9,3,3,7,4,0,0,0,0,0,0,2,0,0,0,0,0,0,0
5,0,9,11,3,0,0,11,6,0,0,2,6,0,1,0,3,6,0,0,0,0,0,0
0,2,0,7,0,0,4,2,0,3,0,0,9,8,7,8,7,2,0,0,0,0,3,0
0,5,6,6,8,4,0,0,0,0,5,10,4,0,5,0,3,0,0,0,8,0,0,0
0,1,2,1,0,2,0,0,0,7,3,4,10,8,12,0,1,2,0,7,7,8,0,0
0,0,0,0,0,8,0,0,0,0,11,4,10,5,13,15,16,14,12,23,21,2,0,0
2,0,5,0,11,10,8,0,9,8,0,4,10,2,4,22,56,53,41,51,50,6,8,7
0,8,5,4,7,11,9,4,8,6,0,0,6,5,13,50,77,59,68,61,51,5,8,4
4,6,4,11,5,0,8,0,0,0,4,1,0,6,9,14,64,35,35,16,13,9,1,4

5,13,8,10,6,11,14,14,36,39,36,37,50,30,13,12,8,2,6,0,1,6,9,6
9,6,7,9,8,3,7,25,33,50,50,50,45,16,12,5,0,0,5,0,5,2,5,11
0,11,11,11,13,5,17,28,42,59,103,104,86,82,75,65,14,11,3,1,2,3,2,9
22,55,64,62,78,118,187,137,143,146,167,173,169,151,138,115,104,43,7,10,12,13,12,12
0,13,47,51,56,78,137,118,128,150,171,202,192,184,167,141,87,58,7,3,10,8,4,0
12,9,20,22,39,50,56,57,55,68,84,101,125,137,131,127,89,62,43,13,13,12,11,9
9,6,8,8,13,18,52,52,56,62,70,93,104,123,130,124,102,68,49,34,12,10,7,9
13,13,9,11,7,12,12,10,51,52,65,85,113,129,127,126,121,73,53,21,11,0,0,0
36,25,13,12,4,3,13,14,31,52,63,105,115,126,142,138,109,71,59,50,9,0,0,5
52,55,52,33,13,12,12,45,29,58,72,98,142,172,177,151,119,92,58,14,9,9,0,0
22,57,57,51,14,8,11,13,50,60,77,90,119,184,195,190,142,97,66,38,12,8,0,0
6,1,14,20,9,3,6,25,53,61,84,82,110,164,233,254,150,98,72,72,13,0,0,0
0,2,0,9,5,7,2,12,38,73,106,109,106,132,145,162,137,113,103,100,14,0,0,0
0,0,0,0,3,0,2,11,13,60,104,105,112,122,121,125,122,112,102,78,71,11,0,0
5,0,0,8,7,1,0,8,15,13,100,104,103,99,81,100,115,84,62,62,65,13,0,0
0,0,9,0,4,10,2,7,22,13,74,94,75,73,78,108,109,70,98,97,88,34,0,0
0,0,7,6,12,6,9,7,8,10,55,72,73,87,67,73,105,119,128,119,100,41,10,1
8,14,10,7,7,5,11,9,14,36,41,46,63,79,94,73,87,93,104,89,72,39,11,9
8,10,12,11,0,3,0,9,13,18,24,40,101,100,96,84,111,117,121,140,116,65,9,0
8,3,7,4,11,14,7,7,12,13,63,82,102,114,117,126,147,134,138,156,121,69,21,8
7,6,8,12,7,0,10,10,14,14,74,102,103,123,106,111,139,173,137,122,109,45,21,0
6,7,12,10,11,8,11,22,14,23,64,68,70,77,98,100,134,157,145,139,104,54,12,0
8,8,8,1,7,8,9,13,16,19,69,100,108,93,70,71,128,141,136,124,108,48,14,0
8,9,10,9,11,9,11,13,23,40,97,109,109,107,103,104,126,136,124,116,98,66,11,0
9,4,0,0,3,8,12,10,12,43,93,107,110,107,103,102,112,125,115,116,100,48,11,0
7,4,0,0,6,11,0,7,8,10,80,107,110,110,104,101,113,129,123,111,79,29,13,0
3,7,7,0,2,9,7,11,13,28,66,98,104,116,106,102,102,111,108,110,100,45,13,3
11,9,0,0,0,0,0,2,13,36,50,59,111,123,111,101,63,106,115,109,103,59,14,4
5,0,3,8,6,10,9,9,8,21,23,53,95,178,126,90,94,97,117,126,107,29,10,0
5,9,10,7,7,7,24,32,32,1,32,49,72,203,133,69,60,59,77,126,66,37,15,3
8,13,0,8,13,12,17,6,4,21,22,36,42,59,59,51,35,44,55,73,58,54,38,3
6,0,0,13,11,6,4,0,5,0,0,13,17,68,65,54,18,36,48,57,61,46,40,0
2,0,6,4,0,0,0,0,2,3,6,0,6,50,53,54,40,14,13,51,56,50,49,8
0,6,0,0,0,3,11,11,12,6,0,0,0,7,46,46,12,4,0,12,50,26,0,0
0,0,0,7,4,8,5,0,7,8,0,0,0,0,11,6,10,0,7,9,0,4,2,0
0,6,8,9,0,8,3,3,7,4,0,0,0,0,0,0,2,0,0,0,0,0,0,0
5,0,9,11,3,0,0,10,6,0,0,2,6,0,2,0,3,6,0,0,0,0,0,0
0,2,0,7,0,0,4,2,0,3,0,0,9,8,7,8,7,2,0,0,0,0,3,0
0,5,6,6,8,4,0,0,0,0,5,10,4,0,5,0,3,0,0,0,8,0,0,0
0,1,2,1,0,2,0,0,0,7,3,4,10,8,12,0,0,2,0,7,7,8,0,0
0,0,0,0,0,8,0,0,0,0,11,4,9,5,13,15,16,14,12,24,24,2,0,0
2,0,5,0,11,10,8,0,9,8,0,4,10,2,4,21,56,53,42,51,50,6,8,7
0,8,5,4,7,11,10,4,8,6,0,0,6,5,13,50,77,59,68,61,51,5,8,4
4,6,4,11,5,0,8,0,0,0,4,1,0,6,9,14,64,35,35,17,13,9,1,4

5,13,8,10,6,11,14,14,36,40,35,39,50,30,13,12,8,2,6,0,1,6,9,6
9,6,7,9,8,3,8,25,33,50,48,50,47,14,12,4,0,0,5,0,5,2,5,11
0,11,11,11,13,5,17,28,43,59,103,104,86,82,75,65,14,11,3,1,2,4,2,9
23,55,64,62,78,118,187,137,143,146,167,173,168,151,138,115,104,42,7,10,12,13,12,12
0,13,47,51,56,78,137,118,128,150,171,203,192,184,167,141,87,58,7,3,10,8,4,0
12,9,20,22,39,50,56,57,55,68,84,101,125,137,131,126,89,62,43,13,13,12,11,10
9,6,8,8,13,18,52,52,56,62,70,93,104,123,130,125,102,68,50,36,12,10,7,9
13,13,8,11,7,12,12,10,50,53,65,86,113,129,127,126,120,73,53,21,11,0,0,0
36,25,13,12,4,3,13,14,31,52,63,104,115,126,142,137,109,71,59,50,9,0,0,5
52,55,52,34,14,12,12,45,30,59,72,98,141,172,176,151,119,92,58,14,9,9,0,0
24,57,57,51,15,8,10,13,50,60,77,90,119,184,195,189,142,97,66,38,12,8,0,0
6,1,14,20,9,3,6,25,53,61,84,82,110,164,232,255,150,98,72,72,13,0,0,0
0,2,0,9,5,7,2,12,39,74,106,109,106,132,145,163,137,113,103,100,14,0,0,0
0,0,0,0,3,0,2,11,13,61,104,105,112,122,121,125,122,112,102,78,71,11,0,0
5,0,0,8,7,1,0,8,15,13,100,104,103,99,81,100,115,85,62,62,65,13,0,0
0,0,9,0,4,10,2,7,22,13,74,94,75,73,78,108,109,70,98,97,88,36,0,0
0,0,7,6,12,6,9,7,8,11,55,72,73,88,67,73,105,119,128,119,100,41,10,0
8,14,10,7,7,5,11,9,13,36,41,46,63,79,95,74,87,93,104,89,73,38,11,9
8,10,12,11,0,3,0,9,13,19,24,40,101,101,96,84,111,117,121,140,116,65,9,0
8,3,7,4,11,14,7,7,12,13,62,82,102,115,117,126,147,134,138,156,121,69,22,8
7,6,8,12,7,0,10,10,14,14,75,102,103,123,106,111,139,172,137,122,109,45,21,0
6,7,12,10,11,8,11,23,14,23,64,68,70,76,98,100,134,157,145,139,104,54,12,0
8,8,8,1,7,8,9,14,17,19,69,100,108,94,70,71,128,141,136,124,108,49,14,0
8,9,10,9,11,9,11,13,24,40,97,109,109,107,103,104,126,136,124,116,97,66,11,0
9,4,0,0,3,8,12,10,13,44,94,107,110,108,103,102,112,125,115,116,101,50,11,0
7,4,0,0,6,11,0,7,8,10,81,107,110,110,104,101,113,129,123,111,80,27,13,0
3,7,7,0,2,9,7,11,13,28,66,98,104,116,106,102,102,111,108,110,100,45,13,3
11,9,0,0,0,0,0,2,13,38,50,59,111,123,111,101,63,106,114,109,103,58,14,4
5,0,3,8,6,10,9,9,8,19,23,53,95,178,126,90,93,97,117,126,107,29,10,0
5,9,10,7,7,7,24,33,32,1,32,49,72,203,133,69,60,59,77,126,66,37,15,3
8,13,1,8,13,12,18,6,4,22,23,35,42,59,59,51,35,44,55,73,58,54,38,3
6,0,0,13,11,6,4,0,5,0,0,13,17,69,65,54,22,36,50,57,61,46,40,0
2,0,6,4,0,0,0,0,2,3,6,0,6,50,53,54,41,14,13,51,56,50,50,8
0,6,0,0,0,3,11,11,12,6,0,0,0,7,46,46,12,4,0,12,50,27,0,0
0,0,0,7,4,8,5,0,7,8,0,0,0,0,11,6,10,0,7,9,0,4,2,0
0,6,8,9,0,8,3,3,7,4,0,0,0,0,0,0,2,0,0,0,0,0,0,0
5,0,9,11,3,0,0,10,6,0,0,2,6,0,2,0,3,6,0,0,0,0,0,0
0,2,0,7,0,0,4,2,0,3,0,0,9,8,7,8,7,2,0,0,0,0,3,0
0,5,6,6,8,4,0,0,0,0,5,10,4,0,5,0,3,0,0,0,8,0,0,0
0,2,2,1,0,2,0,0,0,7,3,3,10,8,12,0,0,2,0,7,7,7,0,0
0,0,0,0,0,8,0,0,0,0,11,4,10,5,13,15,16,14,11,24,22,2,0,0
2,0,5,0,11,10,8,0,9,8,0,4,10,2,4,24,56,53,42,51,50,7,8,7
0,8,5,4,7,11,9,4,8,6,0,0,6,5,13,50,77,59,68,61,51,5,8,3
4,6,4,11,5,0,8,0,0,0,4,1,0,6,9,14,64,37,35,17,13,9,1,4

5,13,8,10,6,11,14,14,36,40,35,40,50,31,13,12,8,2,6,0,1,6,9,6
9,6,7,9,8,3,8,25,33,50,50,50,48,15,12,4,0,0,5,0,5,2,5,11
0,11,11,11,13,5,17,28,43,59,103,104,85,82,75,66,14,11,3,1,2,3,2,9
22,55,64,62,78,119,187,137,143,146,167,173,168,151,138,115,104,43,7,10,12,13,12,12
0,13,47,51,56,78,137,118,128,150,171,202,192,185,167,141,87,58,7,3,10,8,4,0
12,9,20,22,39,50,56,57,55,69,84,101,125,137,131,126,88,62,42,13,13,12,11,9
9,6,8,8,13,19,53,52,56,62,70,93,104,123,130,124,102,68,48,35,12,10,7,9
13,13,8,11,7,12,12,10,50,53,65,85,113,129,127,126,120,73,53,19,11,0,0,0
36,25,13,12,4,3,13,14,32,52,63,104,114,125,141,137,108,71,59,50,9,0,0,5
52,55,52,34,14,12,12,45,29,59,72,97,141,170,175,149,118,91,58,14,8,9,0,0
24,57,56,51,15,8,10,13,50,60,77,90,119,183,194,189,142,98,66,40,12,8,0,0
6,1,14,20,9,3,6,26,53,61,84,83,111,165,234,257,151,99,72,73,13,0,0,0
0,2,0,9,5,7,2,12,43,75,106,109,107,133,146,163,138,113,103,100,14,0,0,0
0,0,0,0,3,0,2,11,13,64,104,106,113,123,122,125,123,112,102,79,71,11,0,0
5,0,0,8,7,1,0,8,17,14,100,104,104,100,82,101,116,85,62,62,65,14,0,0
0,0,9,0,4,10,2,7,23,13,75,95,75,73,79,108,109,70,98,96,87,34,0,0
0,0,7,6,12,6,9,7,8,11,55,73,73,88,68,74,105,119,127,118,100,42,10,0
8,14,10,7,7,5,11,9,14,36,41,47,63,80,96,74,88,93,102,88,72,38,11,9
8,10,12,11,0,3,0,8,13,15,22,42,101,101,96,84,111,116,121,139,116,65,9,0
8,3,7,4,11,14,7,7,12,13,61,81,102,114,116,126,146,133,138,155,121,69,22,8
7,6,8,12,7,0,10,10,14,14,72,102,103,123,106,111,139,172,137,122,109,45,21,0
6,7,12,10,11,8,11,22,14,23,62,67,70,76,97,100,133,157,145,139,104,54,12,0
8,8,8,1,7,8,9,13,16,18,67,99,108,93,70,71,128,141,136,124,108,48,14,0
8,9,10,9,11,9,11,13,23,39,96,109,109,107,103,104,126,136,124,116,98,66,11,0
9,4,0,0,3,8,12,10,12,43,93,107,110,107,103,102,112,125,115,116,101,50,11,0
7,4,0,0,6,11,0,7,8,10,80,107,110,110,104,101,113,129,123,111,79,29,13,0
3,7,7,0,2,9,7,11,13,30,65,97,104,116,106,102,102,111,108,110,100,44,13,3
11,9,0,0,0,0,0,2,13,36,50,59,111,123,112,101,63,106,115,109,103,59,14,4
5,0,3,8,6,10,9,9,8,19,23,53,95,179,126,90,93,97,117,126,107,31,10,0
5,9,10,7,7,7,24,33,32,1,32,49,72,203,132,69,60,59,77,127,67,39,17,3
8,13,1,8,13,12,18,6,4,22,23,35,42,58,59,51,35,44,55,73,58,54,39,3
6,0,0,13,11,6,4,0,5,0,0,14,17,68,65,54,20,36,50,57,62,47,41,0
2,0,6,4,0,0,0,0,2,3,6,0,6,50,53,54,41,14,13,51,56,50,50,8
0,6,0,0,0,3,11,11,12,6,0,0,0,7,47,49,13,4,0,12,50,29,0,0
0,0,1,7,4,8,5,0,7,8,0,0,0,0,11,6,10,0,7,9,0,4,2,0
0,6,8,9,0,9,3,3,7,4,0,0,0,0,0,0,2,0,0,0,1,0,0,0
5,0,9,11,3,0,0,11,6,0,0,2,6,0,1,0,3,6,0,0,0,0,0,0
0,2,0,7,0,0,4,2,0,3,0,0,9,8,7,8,7,2,0,0,0,0,3,0
0,5,6,6,8,4,0,0,0,0,5,10,4,0,5,0,3,0,0,0,7,0,0,0
0,1,2,1,0,2,0,0,0,7,3,4,10,8,12,0,0,2,0,7,7,8,0,0
0,0,0,0,0,8,0,0,0,0,12,4,10,5,13,15,16,14,12,24,26,2,0,0
2,0,5,0,11,10,9,0,9,8,0,4,10,3,4,24,56,53,42,51,50,7,8,7
0,8,5,4,7,11,9,4,8,6,0,0,6,5,13,50,77,59,68,61,51,5,8,3
4,6,4,11,5,0,8,0,0,0,4,1,0,6,9,14,64,38,35,17,13,9,1,4

5,13,8,10,6,11,14,14,36,40,35,38,50,31,13,12,8,2,6,0,1,6,8,6
9,6,7,9,8,3,7,25,33,50,50,50,47,15,12,5,0,0,5,0,5,1,5,11
0,11,11,11,13,4,17,28,42,59,103,104,86,82,75,65,14,11,3,1,2,3,2,9
22,55,64,62,78,119,187,137,143,146,167,173,168,151,138,115,104,44,7,10,12,13,12,12
0,14,47,51,56,78,137,118,128,150,171,202,191,184,167,141,87,58,7,3,10,8,4,0
12,10,20,22,39,50,56,57,55,69,84,100,125,136,131,126,88,62,42,13,13,12,11,10
9,6,8,8,13,19,52,52,56,61,70,92,104,123,130,124,101,67,48,33,12,10,7,9
13,13,8,11,7,12,12,10,50,52,65,85,112,128,126,125,120,73,52,16,11,0,0,0
36,25,13,12,4,3,13,14,31,52,63,104,114,124,140,135,107,70,58,48,8,0,0,4
52,55,53,34,14,12,12,45,29,59,72,97,141,170,173,148,117,91,58,14,8,9,0,0
23,57,56,51,14,8,10,13,50,60,77,90,119,183,193,188,141,97,66,40,12,8,0,0
6,1,14,19,9,3,6,28,53,61,84,84,112,166,234,257,151,99,73,73,14,0,0,0
0,2,0,9,5,7,3,13,47,75,107,110,109,135,147,163,138,113,103,100,14,0,0,0
0,0,0,0,3,0,3,11,14,69,105,107,114,125,124,126,123,113,102,79,71,12,0,0
5,0,0,9,7,1,0,9,19,17,100,105,105,101,83,102,116,85,62,62,65,14,0,0
0,0,9,0,4,10,3,7,27,14,77,97,76,74,80,109,110,71,98,95,87,34,0,0
0,0,7,6,12,6,9,8,9,11,55,73,74,90,68,75,106,119,126,117,100,41,10,0
8,14,10,7,7,5,11,9,14,36,41,47,64,81,98,75,89,92,101,86,72,38,11,9
8,9,12,11,0,3,0,8,13,14,18,42,101,101,96,84,111,116,120,139,115,66,9,0
8,3,7,4,11,14,7,7,12,13,60,81,102,114,116,126,146,133,137,154,121,69,22,8
7,6,8,12,7,0,10,10,14,14,68,102,102,122,105,110,138,171,136,122,109,45,21,0
6,7,12,10,11,8,11,22,14,21,61,67,69,75,96,100,133,157,145,139,104,54,12,0
8,8,8,1,7,8,9,13,16,17,66,99,107,92,69,71,127,141,136,124,108,48,15,0
8,9,10,9,11,9,11,13,21,37,94,109,109,107,103,104,126,136,124,116,98,66,11,0
9,4,0,0,3,8,12,10,12,40,92,107,110,107,103,102,112,125,115,116,100,48,11,0
7,4,0,0,6,11,0,7,8,9,80,107,110,110,104,101,113,129,123,111,80,30,13,0
3,7,7,0,2,9,7,11,13,27,66,98,104,116,106,102,102,111,108,110,100,44,13,3
11,9,0,0,0,0,0,2,13,36,50,58,111,123,111,101,63,106,115,109,103,59,14,4
5,0,3,8,6,10,9,9,8,21,23,53,95,179,126,90,93,97,117,126,107,31,10,0
5,9,10,7,7,7,24,33,32,1,32,49,72,203,132,69,60,59,77,127,67,41,19,3
8,13,1,8,13,12,18,6,5,22,23,35,42,58,59,52,35,45,55,73,58,54,39,3
6,0,0,13,11,6,4,0,5,0,0,14,17,68,65,54,22,36,50,57,62,48,43,0
2,0,6,4,0,0,0,0,2,3,6,0,6,50,53,54,42,14,13,51,56,50,50,8
0,6,0,0,0,3,11,11,12,6,0,0,0,7,46,47,13,4,0,12,50,28,0,0
0,0,0,7,4,8,5,0,7,8,0,0,0,0,11,6,10,0,7,9,0,4,2,0
0,6,8,9,0,8,3,3,7,4,0,0,0,0,0,0,1,0,0,0,1,0,0,0
5,0,9,11,3,0,0,11,6,0,0,2,7,0,2,0,3,6,0,0,0,0,0,0
0,2,0,7,0,0,4,2,0,3,0,0,9,8,7,8,7,2,0,0,0,0,3,0
0,5,6,6,8,4,0,0,0,0,5,10,4,0,5,0,3,0,0,0,8,0,0,0
0,2,2,1,0,2,0,0,0,7,3,4,10,8,12,0,1,3,0,7,7,8,0,0
0,0,0,0,0,8,0,0,0,0,11,4,10,4,13,15,16,14,12,24,26,2,0,0
2,0,5,0,11,10,9,0,9,8,0,4,10,3,4,22,56,53,42,51,51,7,8,7
0,8,5,4,7,11,9,5,8,6,0,0,6,5,13,50,77,59,68,61,51,5,8,4
4,6,4,11,5,0,8,0,0,0,4,1,0,6,8,14,64,37,36,19,13,9,1,4
