0,0,2,0,0,0,0,5,0,1,0,0,3,10,5,11,0,0,0,0,0,0,7,0
0,0,0,0,0,0,0,5,0,0,0,0,13,55,7,10,14,10,0,0,7,0,0,6
6,0,6,0,0,0,0,0,2,4,6,0,3,4,18,52,32,30,9,0,0,0,3,7
3,8,8,6,8,6,3,14,13,96,116,105,87,55,10,9,12,16,10,0,0,0,0,8
0,3,7,8,5,12,56,82,142,263,427,363,154,69,59,31,13,8,15,12,5,0,0,0
14,5,12,19,28,51,61,118,244,391,557,470,235,107,128,124,70,40,12,2,8,6,5,0
12,14,12,32,23,53,70,129,205,297,307,271,206,124,72,83,57,14,8,0,5,10,0,5
10,9,14,27,51,63,82,145,181,192,225,204,163,103,70,55,47,13,11,7,12,0,2,0
11,13,14,48,52,69,82,123,168,137,152,185,161,105,61,51,3,6,0,1,9,6,0,0
12,12,34,45,55,67,99,125,148,119,86,146,154,146,93,53,45,1,0,9,12,1,0,0
10,24,34,48,54,69,98,131,143,130,78,78,111,135,113,70,28,10,0,1,5,4,6,5
22,13,50,51,69,70,96,141,162,127,90,83,66,114,131,104,59,13,0,0,0,0,0,0
14,14,51,27,73,79,103,136,162,139,117,100,70,105,115,108,81,35,15,0,8,0,0,0
13,27,58,71,67,102,123,142,148,118,111,103,71,32,109,112,105,67,32,6,0,0,5,4
12,14,38,56,56,64,102,122,110,81,92,106,96,14,102,90,95,66,41,8,0,0,0,0
11,7,4,13,14,101,66,109,101,68,68,66,76,0,55,8,50,72,49,12,7,12,3,0
8,3,9,12,40,60,102,111,95,73,74,63,63,12,47,12,9,56,61,51,11,2,0,1
11,14,23,17,40,57,95,134,135,148,108,64,51,39,43,10,11,12,26,34,14,10,8,2
6,12,33,14,82,110,140,167,192,249,202,131,97,55,11,0,6,12,12,32,28,12,5,2
12,17,40,45,96,131,151,219,251,245,239,149,131,60,4,9,12,10,1,7,9,1,3,5
12,23,31,37,67,125,198,254,278,241,231,156,129,109,63,19,5,0,5,5,7,8,14,11
12,13,32,51,111,159,221,283,387,424,303,163,118,115,34,18,24,13,13,22,36,17,7,10
43,29,55,58,96,142,190,241,360,464,330,173,117,108,83,54,18,13,4,34,41,3,7,7
6,2,13,33,71,112,141,173,219,268,244,161,125,113,42,9,12,7,8,12,12,10,2,0
11,13,12,12,44,82,111,136,157,180,182,158,136,116,102,12,8,9,7,7,5,0,7,10
9,10,10,14,44,50,100,111,124,136,144,141,125,119,107,50,5,3,3,11,7,0,4,0
5,3,7,12,8,13,37,85,105,112,119,117,115,106,109,26,8,5,8,0,2,1,0,3
8,0,10,10,8,19,37,54,91,105,110,117,100,104,103,67,8,13,0,0,0,4,5,3
0,0,9,11,13,24,13,21,74,70,101,85,80,101,101,63,10,2,8,12,10,12,8,4
0,0,8,8,0,12,5,7,14,83,79,68,67,64,56,40,11,0,0,0,6,14,11,7
5,0,11,6,13,15,34,25,23,50,66,59,55,60,57,35,7,0,0,0,2,0,4,3
3,0,0,2,13,12,19,14,14,18,69,59,62,63,66,12,9,11,9,0,6,0,0,0
4,0,0,0,7,6,11,13,29,49,47,53,57,66,56,10,6,7,5,0,0,0,7,4
5,0,0,4,9,11,15,31,35,48,51,52,56,57,54,14,2,0,7,1,0,0,0,9
0,0,0,0,6,8,8,11,14,41,50,53,52,52,52,12,0,0,1,4,0,0,0,0
1,2,0,0,3,1,6,11,13,45,53,61,58,55,36,10,0,0,0,0,6,4,8,5
0,0,0,0,0,8,4,9,13,51,59,63,65,69,36,13,5,0,0,0,7,7,6,4
0,0,0,0,0,4,9,9,14,52,58,71,73,69,43,15,8,0,0,5,7,7,0,0
0,0,0,0,0,0,4,6,14,57,74,72,77,62,52,20,24,9,0,4,5,11,5,0
0,0,0,0,0,10,0,11,27,53,58,89,83,59,51,14,14,10,0,0,12,1,10,0
0,0,0,0,1,9,0,4,35,59,69,86,105,60,32,14,10,9,2,0,3,0,11,0
0,7,0,1,8,9,14,14,50,54,65,93,95,56,14,13,6,1,11,6,0,2,2,11
8,10,8,10,12,12,10,14,40,57,73,90,79,23,14,11,11,10,8,2,9,10,7,0
7,7,10,11,13,8,11,13,14,51,72,81,58,18,10,3,4,10,3,9,6,0,7,8

0,0,1,0,0,0,0,5,0,1,0,0,6,14,41,42,8,2,0,0,0,0,6,0
0,0,0,0,0,0,0,4,0,0,0,0,20,74,58,55,50,9,5,0,9,1,0,6
5,0,5,0,0,0,0,0,1,4,5,0,3,11,53,57,44,50,25,0,0,0,3,6
3,8,8,5,7,5,2,14,13,94,116,104,84,53,11,13,30,20,12,3,0,0,0,8
0,3,7,8,4,12,55,81,140,255,417,353,151,69,63,20,13,8,16,11,2,0,0,0
14,4,11,15,24,50,60,116,240,384,548,460,231,109,135,135,73,45,13,0,7,2,3,0
11,13,11,26,16,52,69,126,202,293,303,267,204,124,73,87,59,18,8,0,4,9,0,5
8,8,13,14,48,62,80,144,180,192,223,201,161,103,71,59,39,11,11,7,12,0,1,0
11,12,13,40,51,68,80,121,167,136,150,183,159,103,61,50,4,4,0,0,9,5,0,0
11,11,25,40,54,65,95,122,146,117,85,145,152,146,92,53,47,1,0,9,12,1,0,0
8,20,30,44,54,66,94,128,141,128,78,78,110,136,113,70,29,10,0,1,5,3,6,5
17,11,43,50,66,68,91,137,159,125,90,83,66,114,132,105,59,13,0,0,0,0,0,0
14,13,49,22,71,77,100,132,156,136,116,100,69,106,115,108,81,35,16,0,8,0,0,0
12,22,54,69,66,100,121,140,145,117,110,103,70,33,109,112,106,66,35,6,0,0,6,4
11,13,31,55,55,63,100,120,108,80,91,105,95,13,102,91,96,67,43,8,0,0,0,0
10,6,4,13,14,101,66,109,101,67,68,66,76,0,55,9,50,72,48,12,7,12,3,0
7,3,9,12,40,60,102,112,95,74,74,63,63,11,48,12,9,56,61,52,11,2,0,1
10,14,22,19,40,58,96,135,137,153,110,65,52,40,43,10,11,12,26,34,14,10,8,2
6,12,34,14,84,111,140,168,193,252,209,133,99,55,11,0,6,12,12,33,28,13,5,2
12,19,41,48,100,132,153,221,254,249,245,151,132,62,4,9,12,11,2,7,9,1,3,5
12,24,32,38,69,127,200,258,281,245,236,157,129,110,66,24,5,0,5,5,7,8,14,11
12,13,33,53,113,162,223,283,387,430,312,165,119,116,35,19,25,14,14,22,36,18,7,10
43,29,55,58,100,143,191,241,355,464,335,175,118,108,84,55,19,13,4,36,41,4,7,7
6,1,13,37,74,114,142,173,218,267,246,162,125,114,43,10,12,7,8,12,12,10,2,0
11,13,12,13,48,85,111,136,157,179,181,158,136,116,101,12,8,9,7,7,5,0,8,10
10,10,10,14,44,50,100,111,124,136,144,141,125,119,107,47,5,4,3,11,7,0,4,0
5,4,8,12,8,13,40,89,105,112,119,116,115,106,108,22,8,5,9,0,2,1,0,3
8,0,10,10,8,19,37,54,92,105,110,117,99,103,103,66,7,13,0,0,0,4,5,4
0,0,9,11,13,24,12,21,75,70,101,85,78,100,100,60,9,2,8,12,10,12,8,4
0,0,8,8,0,12,5,7,14,84,79,68,67,63,55,39,10,0,0,0,6,14,11,8
5,0,11,6,13,14,34,25,25,50,66,59,55,60,56,33,7,0,0,0,2,0,4,3
2,0,0,2,13,12,18,14,14,20,68,59,62,62,63,11,8,10,9,0,6,0,0,0
4,0,0,0,7,6,11,13,33,49,47,53,57,65,53,9,6,7,5,0,0,0,7,4
5,0,0,3,9,10,15,29,36,49,51,52,56,56,53,14,2,0,7,1,0,0,0,9
0,0,0,0,6,7,8,11,14,43,50,54,52,52,51,12,0,0,1,4,0,0,0,0
1,2,0,0,2,1,6,11,13,47,53,61,58,54,32,10,0,0,0,0,6,5,8,5
0,0,0,0,0,8,4,9,13,51,60,63,65,68,35,12,5,0,0,0,7,7,6,5
0,0,0,0,0,4,9,9,14,52,58,71,73,68,42,14,7,0,0,5,7,7,0,0
0,0,0,0,0,0,5,6,15,57,74,72,77,62,52,19,23,8,0,4,5,11,5,0
0,0,0,0,0,10,0,11,29,54,59,89,83,58,51,14,14,10,0,0,12,1,10,0
0,0,0,0,1,9,0,4,36,59,70,86,105,59,32,14,10,9,2,0,3,0,11,0
0,7,0,1,8,9,14,14,50,54,66,93,94,56,14,13,7,1,11,6,0,2,2,11
8,10,8,10,12,12,10,15,42,57,73,90,80,23,14,11,11,10,8,2,9,10,7,0
7,7,10,11,13,8,11,14,14,51,72,81,58,19,10,3,4,10,3,9,6,0,7,8

0,0,1,0,0,0,0,5,0,1,0,0,8,51,48,47,10,5,0,0,0,0,7,0
0,0,0,0,0,0,0,4,0,0,0,0,29,79,63,63,52,10,6,0,9,2,0,7
5,0,5,0,0,0,0,0,1,4,5,0,3,12,57,58,47,52,50,0,0,0,4,7
2,7,7,5,7,5,2,13,13,93,116,104,85,54,12,14,44,22,12,5,0,0,0,9
0,2,7,8,4,11,55,82,140,248,409,351,152,70,66,16,13,9,17,11,1,0,0,0
13,3,11,14,24,50,60,117,239,378,539,457,232,110,136,138,75,45,13,0,7,2,3,0
10,13,11,24,14,52,70,128,204,292,302,266,205,125,74,88,60,21,8,0,4,9,0,5
8,7,13,14,50,63,81,146,183,195,224,200,162,103,72,60,46,10,11,6,11,0,1,0
11,11,12,38,51,68,81,123,171,139,151,182,159,104,61,50,4,4,0,0,8,5,0,0
11,10,23,39,55,66,96,125,149,120,85,143,151,146,93,54,45,1,0,9,11,1,0,0
8,18,30,44,55,67,95,129,143,130,78,78,110,136,113,70,29,10,0,1,5,3,6,5
14,10,41,51,68,69,91,138,159,125,89,81,66,114,133,105,59,13,0,1,0,0,0,0
13,13,47,23,73,78,100,132,155,134,115,97,65,106,116,109,80,35,16,0,9,0,0,0
11,17,52,67,66,100,120,139,143,115,110,102,65,32,110,113,105,66,35,6,0,0,6,4
11,13,21,55,55,63,100,120,107,78,89,102,88,13,102,93,98,67,43,8,0,0,0,0
10,5,4,12,14,101,66,108,101,67,67,65,73,0,54,9,51,73,47,13,8,12,4,0
7,2,8,12,40,62,102,112,95,73,73,62,61,11,46,11,9,56,62,52,11,2,0,1
10,13,21,19,40,59,98,135,137,152,110,64,51,39,43,10,11,13,26,34,14,10,9,3
6,12,36,15,86,112,141,169,192,247,208,132,98,55,11,0,6,13,12,33,28,12,5,2
12,18,41,50,101,133,154,222,255,248,245,151,132,61,4,9,12,11,2,7,9,1,3,5
12,24,33,39,71,128,202,260,283,246,237,157,129,109,65,23,5,0,5,6,7,8,14,11
12,13,32,54,114,164,225,284,389,435,317,165,119,116,34,19,26,14,14,23,36,18,7,10
43,30,55,59,101,145,193,241,353,465,338,176,118,108,83,55,19,14,4,37,42,4,8,7
6,1,13,40,76,114,143,174,216,266,246,162,125,113,43,10,12,7,8,12,12,10,3,0
11,13,12,13,48,87,112,137,157,179,181,157,136,116,101,12,8,10,7,7,5,0,8,10
10,10,10,14,44,51,100,111,125,136,144,140,125,119,107,45,5,4,3,12,8,0,4,0
5,4,8,12,8,13,39,89,105,112,119,116,114,106,108,20,7,6,9,1,3,1,0,3
8,0,10,10,8,21,39,54,93,105,110,117,98,103,103,66,7,13,0,0,0,5,5,4
0,0,9,11,12,25,12,21,76,71,101,84,77,99,100,59,9,2,9,12,10,12,9,5
0,0,8,8,0,12,4,7,15,84,79,68,66,63,55,38,10,0,0,0,6,15,11,8
5,0,11,6,13,15,34,24,26,50,66,59,55,59,55,32,6,0,0,0,2,0,4,3
2,0,0,3,13,12,18,14,14,21,68,58,61,61,61,11,8,10,9,1,6,1,0,0
4,0,0,0,7,6,11,13,30,50,48,52,56,64,52,8,6,7,5,0,0,0,8,4
5,0,0,3,9,10,15,28,36,49,51,52,56,56,53,13,2,0,7,1,0,0,0,9
0,0,0,0,6,7,8,11,14,42,50,53,52,52,51,12,0,0,1,4,0,0,0,0
1,1,0,0,2,0,6,11,14,47,53,61,58,54,29,9,0,0,0,0,6,6,8,5
0,0,0,0,0,8,4,9,13,51,60,63,65,68,35,12,4,0,0,0,7,7,6,5
0,0,0,0,0,4,9,8,14,52,58,71,72,68,42,14,7,0,0,5,8,7,0,0
0,0,0,0,0,0,4,7,15,57,74,71,77,61,51,16,21,8,0,4,5,11,5,0
0,0,0,0,0,10,0,11,29,54,58,89,83,58,51,13,14,10,0,0,12,1,10,0
0,0,0,0,1,9,0,4,37,59,69,87,105,59,30,14,10,9,2,0,3,0,11,1
0,7,0,1,8,9,14,14,50,54,66,93,94,56,14,12,6,1,11,6,0,2,2,11
8,10,8,10,12,12,10,15,42,57,73,90,80,23,14,11,11,9,8,2,9,10,7,0
7,7,10,11,13,8,11,14,14,51,72,81,58,18,11,3,4,10,3,9,6,0,7,8

0,0,1,0,0,0,0,5,0,1,0,0,8,52,49,47,10,5,0,0,0,0,7,0
0,0,0,0,0,0,0,4,0,0,0,0,32,80,64,63,53,11,6,1,10,2,0,7
5,0,5,0,0,0,0,0,1,4,5,0,3,13,58,59,48,53,52,0,0,0,5,8
2,7,7,5,7,5,2,14,13,93,115,105,86,54,12,17,47,22,13,5,0,0,0,9
0,2,7,8,4,11,55,82,140,246,405,350,153,70,66,15,13,9,17,11,2,0,0,0
13,3,11,15,25,50,61,119,241,378,535,455,232,110,136,138,75,46,13,0,7,2,3,0
9,13,11,25,14,52,70,129,206,293,302,266,206,126,74,88,60,22,8,0,4,9,0,5
7,6,13,17,51,63,82,148,186,197,224,199,162,104,72,60,47,9,11,6,11,0,1,0
10,11,12,37,52,69,82,125,175,140,151,181,158,104,61,51,4,4,0,0,8,5,0,0
11,10,22,40,56,66,96,127,153,121,84,142,149,146,93,54,45,1,0,9,11,1,0,0
7,17,29,45,55,67,96,130,144,130,78,77,109,136,114,70,30,10,0,1,5,3,6,5
14,10,40,51,68,69,91,139,160,125,89,80,65,115,134,105,58,13,0,1,0,0,0,0
13,12,45,23,75,78,100,132,154,133,114,95,63,106,116,109,81,35,16,0,9,0,0,0
10,14,50,68,66,99,119,138,142,114,109,102,64,32,110,113,105,66,35,6,0,0,6,4
10,13,20,54,55,62,99,119,107,78,89,101,86,12,102,94,98,67,43,8,0,0,0,0
10,5,4,12,14,100,66,108,100,67,67,64,71,0,54,9,51,73,47,13,8,12,4,0
7,2,8,11,41,63,102,112,95,74,73,62,61,11,46,11,9,56,62,52,11,2,0,1
10,13,21,19,40,59,98,135,137,153,110,64,51,39,43,10,11,13,26,34,14,10,9,3
6,12,36,15,86,112,141,169,191,246,208,133,99,55,11,0,6,13,12,33,27,12,5,2
12,18,41,50,101,133,154,221,252,244,241,153,132,62,4,9,12,11,2,7,9,1,3,5
12,24,32,40,71,128,201,258,279,242,232,158,129,110,66,24,5,0,5,5,7,8,14,11
12,13,32,54,115,164,225,284,392,438,315,167,119,117,34,19,26,14,14,23,36,18,7,10
44,30,55,60,101,145,193,242,357,472,341,177,118,108,85,56,19,14,5,37,42,4,8,7
6,1,13,40,78,115,143,174,218,268,247,162,125,114,40,10,12,7,9,12,12,10,3,0
11,13,12,13,47,87,112,137,158,180,182,158,136,116,101,12,8,10,8,7,5,0,8,10
10,10,10,14,46,52,100,111,125,137,144,140,125,119,107,45,6,4,3,12,8,0,4,0
5,3,8,12,8,13,41,89,105,113,119,116,114,106,108,21,7,7,10,1,3,1,0,3
8,0,10,10,8,23,39,54,92,105,110,116,98,103,103,66,7,13,0,0,0,5,5,4
0,0,9,11,12,24,12,20,76,71,101,84,77,99,100,59,9,1,9,12,10,12,9,5
0,0,8,8,0,12,4,7,17,84,79,68,66,62,55,39,10,0,0,0,6,15,11,8
5,0,11,6,13,14,34,25,26,50,66,59,55,59,56,32,6,0,0,0,2,0,4,3
2,0,0,3,13,12,18,14,14,21,67,58,61,61,61,11,8,10,9,1,6,1,0,0
4,0,0,0,7,6,11,13,30,49,47,52,56,65,52,9,6,7,5,0,0,0,8,4
5,0,0,4,9,10,15,30,36,48,51,52,56,56,53,14,2,0,7,1,0,0,0,9
0,0,0,0,6,7,8,11,14,41,50,53,52,52,51,12,0,0,1,4,0,0,0,0
1,1,0,0,2,0,6,11,13,48,53,61,58,54,29,9,0,0,0,0,6,6,9,6
0,0,0,0,0,8,4,9,13,51,60,63,65,68,35,12,4,0,0,0,7,7,6,5
0,0,0,0,0,4,8,8,15,52,58,71,72,68,41,14,7,0,0,5,8,7,0,0
0,0,0,0,0,0,4,7,15,57,74,72,77,62,51,16,22,8,0,4,5,11,5,0
0,0,0,0,0,10,0,11,30,54,58,89,82,58,51,14,14,10,0,0,12,1,10,0
0,0,0,0,0,9,0,4,36,59,70,86,105,59,31,14,10,9,2,0,2,0,11,1
0,7,0,1,8,10,14,14,50,54,66,93,94,56,14,13,6,1,11,6,0,2,2,11
8,10,8,10,12,12,10,16,42,57,74,91,79,23,15,11,11,9,8,2,9,10,7,0
7,7,10,11,13,8,11,14,14,51,73,82,59,18,11,3,5,10,3,9,6,0,7,8

0,0,0,0,0,0,0,5,0,1,0,0,8,53,49,46,10,5,0,0,0,0,7,0
0,0,0,0,0,0,0,4,0,0,0,0,36,80,63,63,53,11,6,1,10,2,1,7
5,0,5,0,0,0,0,0,1,4,5,0,3,13,58,59,48,53,51,0,0,0,6,8
2,7,7,5,7,6,2,14,13,93,116,105,86,54,12,17,45,22,13,5,0,0,0,9
0,2,7,8,4,12,55,83,141,249,406,349,153,70,67,15,13,9,17,11,2,0,0,0
13,3,11,15,26,51,61,120,243,380,536,457,233,110,136,140,75,47,13,0,7,2,3,0
9,13,11,24,14,53,70,129,205,295,305,268,208,126,74,89,61,27,9,0,4,9,0,5
7,6,13,15,50,63,82,146,184,197,226,202,164,105,73,61,45,9,11,6,11,0,1,0
10,11,12,34,51,68,81,122,172,139,151,183,159,104,61,51,4,3,0,0,9,5,0,0
11,10,18,39,55,65,94,124,149,120,84,142,150,146,93,54,45,2,0,9,11,1,0,0
7,15,27,43,55,66,93,127,141,129,77,77,109,136,114,70,32,10,0,1,5,3,6,5
14,9,37,50,66,67,88,135,157,125,89,81,66,115,134,105,59,13,0,1,0,0,0,0
13,12,45,19,71,75,96,130,154,134,115,97,65,106,116,109,81,35,16,0,9,0,0,0
10,14,52,68,66,99,119,138,143,115,110,102,66,33,110,113,106,67,36,6,0,0,6,4
10,13,20,54,55,63,100,119,107,79,89,102,89,12,102,94,99,67,44,8,0,0,0,0
10,5,4,12,19,101,66,108,101,67,67,65,73,0,55,9,51,74,48,13,8,12,4,0
7,1,8,11,41,63,102,112,95,73,73,62,61,11,48,11,10,56,62,52,11,2,0,1
10,12,21,20,40,60,99,135,137,151,109,64,51,40,43,10,11,13,26,34,14,10,9,3
6,12,34,15,86,113,142,169,191,243,204,133,99,55,11,0,6,13,12,33,28,13,5,2
12,18,40,50,101,133,155,222,252,244,240,151,132,62,4,9,12,11,2,7,9,1,3,5
12,24,32,40,72,129,202,258,279,241,232,157,129,110,65,23,5,0,5,5,7,8,14,11
12,13,33,55,115,165,226,286,393,436,311,166,119,116,35,19,25,14,14,23,36,18,7,10
43,29,55,59,101,146,194,243,358,472,338,176,118,108,84,55,19,14,5,37,42,4,8,7
6,1,13,41,78,115,144,176,219,269,247,162,125,113,43,10,12,8,8,13,13,10,3,0
11,13,12,13,48,88,112,137,158,180,182,158,136,115,101,12,8,10,8,7,5,0,8,10
10,10,10,14,46,52,100,111,125,137,144,140,125,119,107,45,5,4,4,12,8,0,4,0
5,3,8,12,8,13,41,89,105,113,119,116,114,106,108,20,7,7,10,1,3,2,0,3
8,0,10,10,8,21,39,54,93,105,110,116,98,103,103,66,7,13,0,0,0,5,5,4
0,0,9,11,12,24,12,21,76,70,101,84,77,99,100,58,9,2,9,12,11,12,9,5
0,0,8,7,0,11,4,7,18,84,79,68,66,62,55,39,10,0,0,0,6,15,11,8
5,0,11,6,13,14,34,24,26,50,66,59,55,59,55,32,6,0,0,0,2,0,4,4
3,0,0,3,13,12,17,14,14,21,67,58,61,61,61,11,8,10,9,1,6,1,0,0
4,0,0,0,7,6,10,13,30,49,48,52,56,65,52,9,5,7,5,0,0,0,8,4
5,0,0,3,9,10,15,30,36,49,51,52,56,56,53,14,3,0,7,1,0,0,0,9
0,0,0,0,6,7,8,11,14,41,50,53,52,52,51,12,0,0,1,4,0,0,0,0
1,1,0,0,2,0,6,11,14,47,53,61,58,54,31,9,0,0,0,0,6,6,9,6
0,0,0,0,0,8,4,9,14,51,60,63,65,68,35,12,5,0,0,0,8,7,6,5
0,0,0,0,0,4,9,9,14,52,58,71,72,68,42,14,7,0,0,5,7,7,0,0
0,0,0,0,0,0,4,7,15,57,74,72,77,62,51,16,22,8,0,4,5,11,5,0
0,0,0,0,0,10,0,11,30,54,58,90,83,58,51,14,14,10,0,0,12,1,10,0
0,0,0,0,0,9,0,4,36,59,70,87,105,59,32,14,10,9,2,0,3,0,11,1
0,7,0,1,8,10,14,14,50,54,66,94,94,56,14,13,7,1,11,6,0,2,2,11
7,10,8,10,12,12,10,16,45,57,74,91,80,24,15,11,11,9,8,2,9,10,7,0
7,7,10,12,13,8,11,14,14,52,73,82,59,19,11,4,5,10,3,9,6,0,7,8

0,0,0,0,0,0,0,5,0,2,0,0,8,54,49,46,10,5,1,0,0,0,7,0
0,0,0,0,0,0,0,4,0,0,0,0,37,80,63,63,53,11,7,1,10,2,1,7
5,0,5,0,0,0,0,0,1,4,5,0,3,13,58,59,48,53,51,0,0,0,6,8
2,7,7,5,7,5,3,14,13,92,115,104,86,54,12,19,48,22,13,5,0,0,0,9
0,2,7,8,4,12,55,82,141,249,407,349,153,70,67,14,13,9,18,11,3,0,0,0
13,3,11,15,26,50,61,119,241,379,537,457,233,111,137,142,76,48,13,0,7,3,3,0
9,12,11,23,14,52,70,127,203,294,304,269,209,127,74,89,61,30,9,0,4,9,0,5
7,6,12,14,50,63,81,145,183,197,227,204,166,105,73,61,50,10,11,6,11,0,1,0
10,11,11,32,51,68,80,121,170,138,152,184,162,105,61,51,4,4,0,0,9,5,0,0
11,10,15,36,55,65,94,123,147,119,85,144,152,147,93,54,47,2,0,9,11,1,0,0
7,14,26,41,55,65,92,126,140,128,78,78,110,137,114,70,33,11,1,1,5,3,6,5
14,9,35,50,66,67,86,135,156,125,90,82,66,115,134,105,59,13,0,1,0,0,0,0
13,11,44,18,71,75,94,129,152,134,115,98,66,106,117,109,82,36,17,0,9,0,0,0
10,14,50,67,66,98,119,137,142,115,110,102,67,36,110,114,106,67,37,6,0,0,6,4
10,12,20,54,55,62,99,119,106,78,89,102,90,12,102,95,100,68,46,8,0,0,0,0
9,5,4,12,17,101,66,108,100,67,67,65,73,0,55,9,51,75,49,13,8,12,4,0
7,1,8,11,41,63,102,112,94,73,73,62,62,11,48,12,10,56,62,52,11,2,0,1
10,12,21,20,40,60,98,135,136,150,109,64,51,40,43,10,11,13,27,34,14,10,9,3
6,12,34,15,85,113,142,168,190,241,203,132,99,55,11,0,6,13,12,34,29,13,5,2
12,18,40,50,102,133,154,221,250,242,239,151,132,62,4,9,12,11,2,7,9,1,3,5
12,24,33,40,73,129,202,258,279,240,231,158,129,110,65,23,5,0,6,5,7,8,14,11
12,13,33,55,116,166,227,288,395,438,313,166,119,116,34,19,26,14,14,23,36,18,7,10
43,30,55,60,102,146,195,246,360,474,339,176,118,108,83,55,19,14,5,37,42,4,8,7
6,1,13,44,79,115,144,177,220,269,247,162,125,114,42,10,12,7,9,12,12,10,3,0
11,13,12,13,50,89,113,138,158,180,182,158,136,115,101,12,8,10,8,7,5,0,8,10
10,10,10,16,44,53,101,112,125,137,144,140,125,119,107,45,6,4,4,12,8,0,4,0
5,3,8,12,8,13,40,90,105,113,119,116,114,106,108,21,7,7,10,1,3,2,0,3
8,0,10,10,8,23,39,54,93,105,110,116,98,103,103,66,7,13,0,0,0,5,5,4
0,0,9,11,12,24,12,21,76,70,101,84,77,99,100,59,9,2,9,12,11,12,9,5
0,0,8,7,0,11,4,7,18,84,79,68,66,62,55,39,10,0,0,0,6,15,11,8
5,0,11,6,13,14,34,25,26,50,66,59,55,59,56,32,6,0,0,0,2,0,4,4
2,0,0,3,13,12,17,14,14,21,68,58,61,61,62,11,8,10,9,1,6,1,0,0
4,0,0,0,7,6,11,13,29,50,47,52,56,65,52,9,6,7,5,0,0,0,8,4
5,0,0,3,9,10,15,28,36,49,51,52,56,56,53,14,3,0,7,1,0,0,0,9
0,0,0,0,6,7,8,11,14,41,50,53,52,52,51,12,0,0,1,4,0,0,0,0
1,1,0,0,2,0,5,11,14,48,53,61,58,55,31,10,0,0,0,0,6,6,9,6
0,0,0,0,0,8,4,9,13,51,60,63,65,68,35,12,5,0,0,0,8,7,6,5
0,0,0,0,0,4,8,8,15,52,58,71,73,68,41,14,7,0,0,5,8,7,0,0
0,0,0,0,0,0,4,7,15,57,74,72,77,62,52,19,23,8,0,4,5,11,5,0
0,0,0,0,0,10,0,11,30,54,58,90,83,58,51,14,14,10,0,0,12,2,10,0
0,0,0,0,0,9,0,4,36,59,70,87,105,59,35,14,10,9,2,0,3,0,11,1
0,7,0,1,8,10,14,14,50,54,66,94,94,56,14,13,7,1,11,6,0,2,2,11
8,10,8,10,12,12,10,16,43,57,74,91,80,24,15,11,11,9,8,2,9,10,7,0
7,7,10,11,13,8,11,14,14,52,73,82,59,19,11,4,5,10,3,9,6,0,7,8

0,0,0,0,0,0,0,5,0,1,0,0,8,55,50,46,11,6,1,0,0,0,8,0
0,0,0,0,0,0,0,4,0,0,0,0,36,80,63,63,53,11,7,1,10,2,1,7
5,0,5,0,0,0,0,0,1,4,5,0,3,13,58,59,48,54,52,0,0,0,6,9
2,7,7,5,7,5,3,14,13,93,115,105,86,54,12,18,47,22,13,5,0,0,0,9
0,1,7,8,4,12,55,83,141,248,405,349,153,70,67,14,13,9,18,11,3,0,0,0
13,2,11,15,26,51,61,120,242,378,535,457,234,111,136,141,76,47,13,0,7,3,3,0
9,12,11,23,14,53,70,129,206,294,303,268,208,127,74,89,61,29,9,0,5,9,0,5
7,5,12,15,50,63,82,147,186,199,226,201,164,105,73,61,50,10,11,6,11,0,1,0
10,11,11,33,52,69,82,124,174,141,152,182,160,105,62,51,4,4,0,0,9,6,0,0
10,9,17,38,56,66,95,126,152,121,85,143,151,147,93,54,46,2,0,9,11,1,0,0
7,15,27,43,55,66,94,128,143,130,78,77,110,137,114,70,32,11,1,1,5,3,6,5
14,9,36,51,68,68,89,137,158,125,89,81,66,115,135,105,59,13,0,1,0,0,0,0
13,11,43,21,74,77,96,130,153,132,114,96,64,106,117,109,81,36,17,0,9,0,0,0
9,13,50,67,66,97,118,137,141,114,109,102,64,33,110,114,106,67,36,6,0,0,6,4
10,12,15,54,55,62,98,119,106,77,88,100,86,12,102,95,99,68,45,8,0,0,0,0
9,5,4,12,17,100,66,108,100,67,67,64,71,0,55,9,52,76,49,13,8,12,4,0
7,1,8,11,42,63,102,112,95,73,73,62,61,11,46,11,10,56,62,52,11,2,0,1
10,12,20,20,40,60,99,135,136,150,109,64,51,39,43,10,11,13,27,34,14,10,9,3
6,12,36,15,87,113,142,168,189,239,204,133,99,55,11,0,6,13,12,34,28,12,5,2
12,17,41,51,102,133,154,221,249,241,238,152,132,62,4,9,12,11,2,7,9,1,3,5
12,24,32,40,74,129,202,257,277,239,231,158,129,110,66,23,5,0,5,6,7,8,14,11
12,13,33,56,116,166,227,286,394,438,314,167,119,117,35,19,25,14,14,23,36,18,7,11
44,30,55,60,102,147,195,245,359,475,341,176,118,108,85,55,20,14,5,38,42,5,8,7
6,1,13,44,80,116,144,176,219,269,247,162,125,113,40,10,12,8,9,13,12,10,3,0
11,13,12,13,50,92,113,138,158,180,182,158,136,115,101,12,8,10,8,7,6,0,8,11
9,10,10,14,46,53,101,112,125,137,144,140,125,119,107,45,6,4,4,12,8,0,4,0
5,3,8,12,8,13,40,89,105,113,119,116,114,106,108,21,7,7,10,1,3,2,0,3
8,0,10,10,7,23,39,55,93,105,110,116,98,103,103,66,7,14,0,0,0,5,5,4
0,0,9,11,12,24,12,21,76,71,101,84,77,99,100,59,9,2,9,12,11,12,9,5
0,0,8,8,0,11,4,7,17,85,79,68,66,62,55,39,10,0,0,0,6,15,11,8
5,0,11,6,13,14,34,24,26,50,66,59,55,59,56,32,6,0,0,0,2,0,4,4
2,0,0,3,13,12,17,14,14,21,68,58,61,62,62,11,8,10,9,1,6,1,0,0
4,0,0,0,7,6,11,13,30,49,49,52,56,65,53,9,6,7,5,0,0,0,8,4
5,0,0,3,9,10,15,29,36,49,51,52,56,56,53,14,3,0,7,1,0,0,0,9
0,0,0,0,6,7,8,11,14,41,50,53,52,52,51,12,0,0,1,4,0,0,0,0
1,1,0,0,2,0,5,11,14,48,53,61,58,55,31,10,0,0,0,0,6,6,9,6
0,0,0,0,0,8,4,9,13,51,60,63,65,68,36,13,5,0,0,0,8,7,6,5
0,0,0,0,0,4,8,8,14,52,58,71,73,68,42,15,7,0,0,5,8,7,0,0
0,0,0,0,0,0,4,7,15,57,74,72,77,62,52,19,24,8,0,4,5,11,5,0
0,0,0,0,0,10,0,11,31,54,58,90,83,58,51,14,14,10,0,0,12,1,10,0
0,0,0,0,0,9,0,4,36,59,70,87,105,59,35,14,10,9,2,0,3,0,11,1
0,7,0,1,7,10,14,14,50,54,66,94,95,56,14,13,7,1,11,6,0,2,2,11
8,10,8,10,12,12,10,19,45,57,74,91,79,24,16,11,11,9,8,2,9,10,7,0
7,7,10,11,13,8,11,14,14,52,74,83,59,19,11,4,5,10,4,9,6,0,7,8

0,0,0,0,0,0,0,5,0,1,0,0,9,56,50,46,11,6,1,0,0,0,8,0
0,0,0,0,0,0,0,4,0,0,0,0,37,80,63,64,53,11,7,1,11,2,1,7
5,0,5,0,0,0,0,0,1,4,5,0,3,13,58,59,48,54,53,0,0,0,6,9
2,7,7,5,7,5,3,14,13,93,115,105,87,54,12,19,46,22,13,5,0,0,0,9
0,1,8,8,4,11,55,84,141,248,404,349,154,70,67,14,13,9,18,11,3,0,0,0
13,2,11,15,27,51,61,121,244,378,534,456,234,111,136,141,76,48,13,0,7,3,4,0
9,12,11,24,14,53,71,130,207,296,304,268,209,127,74,89,61,29,9,0,5,9,0,5
7,5,12,16,51,63,83,148,188,200,227,201,164,105,73,61,50,10,11,6,11,0,1,0
10,11,11,34,52,69,82,125,176,142,152,182,159,105,61,51,4,4,0,0,9,6,0,0
10,9,17,38,56,66,96,127,153,122,84,142,150,147,93,54,46,2,0,9,11,2,0,0
7,15,27,44,56,66,95,129,144,131,78,77,109,137,114,70,32,11,1,1,5,4,6,5
14,9,35,51,68,68,89,137,159,125,89,80,65,115,135,105,59,13,0,1,0,0,0,0
13,11,43,23,74,77,96,130,153,132,114,95,63,106,117,110,81,36,17,0,9,0,0,0
9,13,50,67,65,97,118,137,141,113,109,102,63,35,110,114,106,67,37,7,0,0,6,4
10,12,14,54,55,62,97,119,106,77,88,100,83,12,102,96,100,68,45,8,0,0,0,0
9,5,4,12,16,100,66,108,100,67,66,64,71,0,55,9,51,75,49,13,8,12,4,0
7,1,8,11,42,63,102,112,95,73,73,62,60,11,46,11,10,56,62,52,11,2,0,1
9,12,20,20,40,60,98,135,135,150,109,64,51,39,43,10,11,13,27,34,14,10,9,3
6,12,34,15,87,113,142,168,188,238,205,133,99,55,11,0,6,13,12,34,28,12,5,2
12,17,41,51,102,133,154,220,248,240,238,152,132,62,4,9,12,11,2,7,9,1,3,5
12,24,33,40,74,129,202,256,276,239,230,158,129,110,66,22,5,0,6,6,7,8,14,11
12,13,33,56,116,167,227,285,393,438,313,167,119,117,34,19,26,14,14,23,36,18,7,11
43,30,55,60,102,147,195,244,359,475,340,176,118,108,84,55,19,14,5,38,42,5,8,7
5,1,13,44,80,116,144,176,219,269,247,162,125,114,38,10,12,7,9,13,13,10,3,0
11,13,12,13,48,90,113,138,158,180,182,158,136,115,101,12,8,10,8,8,6,0,8,11
10,10,10,14,44,53,101,112,125,137,144,140,125,119,107,45,5,4,4,12,8,0,4,0
5,3,8,12,7,13,40,90,105,113,119,116,114,106,108,22,7,7,10,1,3,2,0,3
8,0,10,10,7,23,39,55,93,105,110,116,98,103,103,66,8,13,0,0,0,5,5,4
0,0,9,11,12,25,12,21,76,71,101,84,77,99,100,59,9,2,9,12,11,12,9,5
0,0,8,7,0,11,3,7,19,84,79,67,66,63,55,39,10,0,0,0,6,15,11,8
5,0,11,6,13,14,33,25,26,50,66,59,55,59,56,33,6,0,0,0,2,0,4,4
2,0,0,3,13,12,16,14,14,21,68,58,62,62,62,11,8,10,9,1,6,1,0,0
4,0,0,0,7,6,11,12,30,50,49,52,56,65,52,9,6,7,5,0,0,0,8,4
5,0,0,3,9,10,15,28,35,49,51,52,56,56,54,14,3,0,7,1,0,0,0,9
0,0,0,0,6,7,8,11,14,42,50,53,52,52,51,12,0,0,1,4,0,0,0,0
1,1,0,0,2,0,5,11,14,48,53,61,58,55,31,10,0,0,0,0,6,6,9,6
0,0,0,0,0,8,4,9,13,51,60,63,65,68,36,13,5,0,0,0,8,7,6,5
0,0,0,0,0,3,8,8,14,52,58,71,73,68,42,15,7,0,0,5,8,7,0,0
0,0,0,0,0,0,4,7,16,57,74,72,77,62,52,20,23,9,0,4,5,11,5,0
0,0,0,0,0,10,0,11,33,54,59,90,83,59,51,14,14,10,0,0,12,1,10,0
0,0,0,0,0,9,0,5,36,59,70,87,105,59,32,14,10,9,2,0,3,0,11,1
0,7,0,1,8,10,14,14,50,55,66,94,95,56,14,13,7,1,11,6,0,2,2,11
8,10,8,10,12,12,10,17,45,57,74,92,80,24,16,11,11,9,8,2,9,10,7,0
7,7,10,11,13,8,11,14,14,52,74,83,59,19,11,4,5,10,4,9,6,0,7,8

0,0,0,0,0,0,0,5,0,1,0,0,8,56,50,46,11,6,1,0,0,0,8,0
0,0,0,0,0,0,0,4,0,0,0,0,36,80,63,64,53,11,7,2,11,2,2,7
4,0,5,0,0,0,0,0,1,4,5,0,3,13,58,59,48,54,54,0,0,0,6,9
2,7,7,5,7,5,3,14,13,94,116,105,86,54,12,20,48,23,13,6,0,0,0,9
0,1,8,8,4,12,55,84,142,250,405,349,154,70,67,14,13,9,18,11,3,0,0,0
13,2,11,15,28,51,62,122,246,380,534,456,233,111,136,141,76,48,13,0,7,3,4,0
9,12,11,25,14,53,71,130,208,297,305,268,208,127,74,89,61,31,9,0,5,9,0,5
7,5,12,17,51,64,83,148,188,201,228,202,165,105,74,61,50,10,11,6,11,0,1,0
10,11,11,32,52,69,82,124,176,142,152,182,160,105,62,51,4,4,0,0,9,6,0,0
10,9,17,39,56,66,96,126,153,122,84,142,150,147,93,54,46,2,0,9,11,2,0,0
7,15,27,44,56,66,94,128,143,131,78,77,109,137,114,70,33,11,1,1,5,4,6,5
14,9,35,51,68,68,88,136,159,126,90,81,65,116,136,105,59,13,0,1,0,0,0,0
13,11,43,23,75,77,96,130,153,133,114,96,63,106,117,110,81,36,17,0,9,0,0,0
9,13,50,67,66,98,118,137,142,114,109,102,63,36,110,114,106,67,37,7,0,0,6,4
10,12,15,55,55,62,98,119,106,78,88,100,84,12,102,96,100,68,47,8,0,0,0,0
9,5,4,12,20,100,66,108,100,67,67,64,71,0,55,9,52,76,49,13,8,12,4,0
6,1,8,11,43,65,102,112,95,73,73,62,61,11,46,11,10,56,63,52,11,2,0,1
9,12,20,20,40,61,99,135,135,148,109,64,51,39,42,10,12,13,27,34,14,10,9,3
6,12,34,15,87,114,142,168,187,235,202,132,98,55,11,0,6,13,12,34,28,12,5,2
12,16,40,52,103,134,154,220,247,238,236,150,131,61,4,9,12,11,2,7,9,1,3,5
12,24,32,41,75,130,202,256,275,236,228,156,128,110,65,21,5,0,6,5,7,8,14,11
12,13,32,57,117,168,227,286,396,435,307,164,118,116,34,19,25,14,14,23,36,18,7,10
43,29,55,60,103,147,195,245,365,476,336,174,118,108,82,55,19,14,5,37,42,5,8,7
6,1,14,44,82,116,144,176,221,271,245,161,125,113,38,10,12,8,9,13,12,10,3,0
11,13,12,13,50,92,113,138,158,180,181,157,136,115,101,12,8,10,8,8,6,0,8,11
10,10,10,14,46,53,101,112,125,137,144,140,125,119,107,45,5,4,4,12,8,0,4,0
5,3,8,12,7,13,40,89,105,113,119,116,114,106,108,21,7,7,10,1,3,2,0,3
8,0,10,10,7,23,39,54,92,105,110,116,98,103,103,66,7,14,0,0,0,5,5,4
0,0,9,11,12,24,12,21,75,71,101,84,77,100,100,60,9,2,9,12,11,12,9,5
0,0,8,7,0,11,3,7,18,84,78,67,66,62,55,39,10,0,0,0,6,15,11,8
5,0,11,6,13,14,33,24,26,50,66,59,55,59,56,33,6,0,0,0,2,0,4,4
2,0,0,3,13,12,17,14,14,21,68,58,61,61,61,11,8,10,9,1,6,1,0,0
4,0,0,0,6,6,10,13,30,50,48,52,56,65,52,9,5,7,5,0,0,0,8,4
5,0,0,3,9,10,15,29,35,49,51,52,56,56,54,14,3,0,7,1,0,0,0,9
0,0,0,0,6,7,8,11,14,41,50,53,52,52,51,12,0,0,1,4,0,0,0,0
1,1,0,0,2,0,5,11,14,48,53,61,58,55,32,10,0,0,0,0,7,7,9,6
0,0,0,0,0,8,4,9,14,51,60,63,65,69,35,13,5,0,0,0,8,7,7,5
0,0,0,0,0,3,8,8,15,52,58,71,73,69,42,14,8,0,0,5,8,7,0,0
0,0,0,0,0,0,4,7,17,57,74,72,78,62,52,20,23,9,0,4,5,11,5,0
0,0,0,0,0,10,0,11,31,54,59,90,84,58,51,14,14,10,0,0,12,2,10,0
0,0,0,0,0,9,0,5,37,59,70,87,106,59,35,14,10,9,2,0,3,0,11,1
0,7,0,1,8,10,14,14,50,54,67,95,95,57,14,13,7,1,11,6,0,2,2,11
8,10,8,10,12,12,11,18,47,57,75,92,80,24,16,11,11,9,8,2,9,10,7,0
7,7,10,11,13,8,11,14,14,52,74,83,59,19,11,4,5,10,4,9,6,0,7,8

0,0,0,0,0,0,0,5,0,2,0,0,7,52,47,44,10,5,1,0,0,0,8,0
0,0,0,0,0,0,0,4,0,0,0,0,32,78,60,60,52,11,7,1,11,3,2,7
4,0,5,0,0,0,0,0,1,4,5,0,3,12,57,59,47,54,53,1,0,0,6,9
2,7,7,5,7,6,3,15,13,95,116,105,86,54,12,18,46,23,13,6,0,0,0,9
0,1,8,9,4,12,56,86,144,256,410,350,153,70,67,14,13,10,19,11,3,0,0,0
13,2,11,16,29,51,62,124,251,384,537,457,234,111,136,141,76,50,13,1,7,4,4,0
9,12,11,26,14,53,71,131,211,301,309,271,210,127,74,89,61,33,9,0,5,9,0,5
7,5,12,18,51,64,84,148,189,204,231,205,167,105,74,61,50,10,11,6,12,0,1,0
10,11,11,30,52,69,82,124,176,142,154,185,162,105,62,51,4,4,0,0,9,6,0,0
10,9,15,39,56,66,96,126,153,122,85,143,152,148,93,54,46,2,0,9,12,2,0,0
7,14,26,43,56,66,93,128,143,131,78,77,110,138,115,70,33,11,1,1,5,4,6,5
14,8,33,51,68,68,87,135,157,126,90,82,65,116,136,105,59,13,0,1,0,0,0,0
13,11,43,21,73,76,93,129,153,134,115,98,65,106,117,110,82,36,17,0,9,0,0,0
9,13,50,67,66,98,118,137,142,115,110,102,64,36,110,114,106,67,39,7,0,0,6,4
10,12,15,55,55,63,99,119,107,78,89,101,87,12,102,96,100,69,47,8,0,0,0,0
9,5,4,12,26,101,66,108,100,67,67,64,71,0,55,9,52,77,50,14,8,12,4,0
6,1,8,11,44,65,103,112,94,73,73,62,61,11,47,11,10,56,63,52,11,2,0,1
9,12,20,20,40,61,100,135,134,147,108,64,51,39,43,10,12,13,27,35,14,10,9,3
6,12,33,14,88,114,142,168,187,232,198,131,97,55,11,0,6,13,12,35,29,13,5,2
12,15,40,53,103,134,155,220,247,237,234,149,131,60,4,9,12,11,2,7,9,1,3,5
12,24,32,42,76,130,203,257,275,235,227,155,128,109,63,19,5,0,6,6,7,8,14,11
12,13,31,58,118,169,229,287,396,433,303,163,118,115,34,18,25,14,14,23,36,17,7,11
43,29,54,60,103,148,196,245,365,474,332,173,117,107,82,54,18,14,5,37,42,5,8,7
5,1,13,45,84,117,145,177,221,270,244,160,124,113,37,10,12,8,9,13,13,10,3,0
11,13,12,13,50,94,113,138,159,180,181,156,135,115,101,12,8,10,8,7,6,0,8,10
10,10,10,14,46,52,101,112,125,137,144,140,124,119,107,41,5,4,4,12,8,0,4,0
5,3,7,12,8,13,40,90,105,113,119,116,114,106,108,18,7,7,10,1,3,2,0,3
8,0,10,10,7,21,39,54,94,105,110,116,98,103,103,66,7,13,0,0,0,5,6,4
0,0,9,11,12,25,12,22,76,71,101,84,77,98,100,59,9,2,9,13,11,12,9,5
0,0,8,7,0,11,3,7,24,85,79,68,66,62,55,39,10,0,0,0,6,15,11,8
5,0,11,6,13,14,33,25,27,50,66,59,55,59,56,33,6,0,0,0,2,0,4,4
2,0,0,2,13,12,18,14,14,21,68,58,61,61,62,11,8,10,9,1,6,1,0,0
4,0,0,0,6,6,10,13,30,49,48,52,56,65,53,9,5,7,5,0,0,0,8,4
5,0,0,3,9,10,15,30,34,48,51,52,56,56,54,14,3,0,7,1,0,0,0,9
0,0,0,0,6,7,8,11,14,42,50,53,52,52,51,12,0,0,1,4,0,0,0,0
1,1,0,0,1,0,5,11,14,49,53,61,58,55,32,10,0,0,0,0,6,7,9,6
0,0,0,0,0,8,4,9,13,51,60,63,65,69,36,13,5,0,0,0,8,7,6,5
0,0,0,0,0,3,8,9,15,52,58,71,73,69,42,17,8,0,0,5,8,7,0,0
0,0,0,0,0,0,4,7,16,57,74,72,78,62,52,21,24,9,0,4,5,11,5,0
0,0,0,0,0,10,0,11,33,54,59,90,84,59,51,14,14,10,0,0,12,2,10,0
0,0,0,0,0,9,0,5,36,59,70,88,106,60,35,14,10,9,2,0,3,0,11,1
0,7,0,1,8,10,14,14,50,54,67,95,96,57,15,13,7,1,11,6,0,2,2,11
8,10,8,10,12,12,11,17,47,57,75,93,80,25,16,12,11,9,8,2,9,10,7,0
7,7,10,11,13,8,11,14,14,52,75,84,59,20,11,4,5,10,4,9,6,0,7,8

0,0,0,0,0,0,0,5,0,2,0,0,7,52,47,44,10,6,1,0,0,0,8,0
0,0,0,0,0,0,0,4,0,0,0,0,31,78,60,60,53,11,7,1,11,3,2,8
4,0,5,0,0,0,0,0,1,4,5,0,3,12,57,59,47,54,56,1,0,0,6,9
2,7,7,5,7,6,3,15,13,95,116,105,86,53,12,19,47,23,13,6,0,0,0,9
0,1,8,8,4,12,55,85,143,253,408,350,154,70,68,14,13,10,19,12,3,0,0,0
13,2,11,16,29,51,62,123,249,382,535,458,235,111,136,141,76,50,13,1,7,4,4,0
9,12,11,25,14,53,71,131,211,299,309,271,211,128,74,89,61,33,9,0,5,9,0,5
7,5,12,19,51,64,84,149,190,205,230,205,167,106,74,61,50,10,11,7,12,0,1,0
10,11,11,30,52,69,83,125,178,143,155,185,162,106,62,51,4,4,0,0,9,6,0,0
10,9,15,39,56,66,96,127,154,123,85,143,152,148,94,54,48,2,0,9,12,2,0,0
7,14,26,43,56,66,94,128,144,132,78,77,110,138,115,70,32,11,1,1,5,4,6,5
14,8,34,51,69,68,87,136,158,126,91,82,66,116,136,105,59,13,0,1,0,0,0,0
12,11,42,22,75,76,95,129,153,133,115,97,64,106,118,110,82,36,17,0,9,0,0,0
9,13,50,67,66,98,118,137,141,114,109,102,64,36,110,114,106,67,39,7,0,0,6,4
10,12,14,55,55,62,98,119,106,77,88,100,85,12,102,96,100,69,47,9,0,0,0,0
9,5,4,12,25,101,66,108,100,67,66,64,71,0,55,9,52,78,50,14,9,12,4,0
6,0,8,11,43,65,102,112,94,73,73,61,61,11,46,11,10,56,63,52,11,2,0,1
9,12,20,20,40,61,99,134,134,147,108,64,51,39,42,10,12,13,27,34,14,10,9,3
6,12,33,14,88,114,142,168,186,231,198,131,97,55,11,0,6,13,12,35,29,12,5,2
11,16,40,53,104,134,155,220,246,236,234,149,131,59,4,9,12,11,2,7,9,1,3,5
11,24,33,42,76,130,203,256,275,235,227,155,128,109,62,19,5,0,6,6,7,8,14,11
12,13,33,58,118,169,229,287,395,433,304,163,118,115,33,18,25,14,14,23,36,18,7,10
43,29,54,60,103,148,196,245,363,473,332,173,117,107,82,54,18,14,5,38,42,5,8,7
6,1,14,48,85,117,145,177,221,269,244,160,125,113,34,10,12,8,9,13,12,10,3,0
11,13,12,13,50,96,114,138,159,180,181,157,135,115,101,12,8,10,8,8,6,0,8,11
10,10,10,14,46,53,101,112,125,137,144,140,125,119,107,41,5,4,4,12,8,0,4,0
5,3,7,12,8,13,40,90,105,113,118,115,114,106,108,18,7,7,10,1,3,2,0,3
8,0,10,10,7,23,42,55,93,105,110,116,98,103,103,66,7,13,0,0,0,6,6,4
0,0,8,11,12,24,12,22,77,71,101,84,77,98,100,59,9,2,9,13,11,12,9,5
0,0,8,7,0,11,3,7,23,85,79,67,65,62,55,39,10,0,0,0,6,15,11,8
5,0,11,6,13,14,34,24,27,50,66,59,55,59,56,32,6,0,0,0,2,0,5,4
2,0,0,2,13,12,17,14,14,21,67,58,61,61,62,11,8,10,9,1,6,1,0,0
4,0,0,0,6,6,11,13,29,50,49,52,56,65,53,9,5,7,5,0,0,0,8,4
5,0,0,3,9,10,15,29,34,49,51,52,56,56,54,14,3,0,7,1,0,0,0,9
0,0,0,0,6,7,8,11,14,42,50,53,52,52,51,12,0,0,1,4,0,0,0,0
0,1,0,0,2,0,6,11,14,49,53,61,58,55,32,10,0,0,0,0,7,7,9,6
0,0,0,0,0,8,4,9,14,51,60,63,65,69,36,13,5,0,0,0,8,7,7,5
0,0,0,0,0,3,8,8,14,52,59,71,73,69,42,15,8,0,0,5,8,7,0,0
0,0,0,0,0,0,4,7,17,57,74,72,78,62,52,21,25,9,0,4,5,11,5,0
0,0,0,0,0,10,0,11,34,54,59,90,84,59,51,14,14,10,0,0,12,2,10,0
0,0,0,0,0,9,0,5,37,59,70,88,106,60,36,15,10,9,2,0,3,0,11,1
0,7,0,1,8,10,14,14,51,55,67,96,96,57,15,13,7,1,11,6,0,2,2,11
8,10,8,10,12,12,11,18,47,57,75,93,80,25,16,11,11,9,8,2,9,10,7,0
7,7,10,11,13,8,11,14,14,52,75,84,59,20,11,4,5,10,4,9,6,0,7,8

0,0,0,0,0,0,0,5,0,1,0,0,7,53,47,45,10,6,1,0,0,0,8,0
0,0,0,0,0,0,0,4,0,0,0,0,31,78,60,60,53,11,7,1,11,3,2,8
4,0,5,0,0,0,0,0,1,4,5,0,3,12,57,59,47,55,57,1,0,0,6,9
1,7,7,5,7,6,3,15,13,94,116,105,86,53,12,19,48,23,13,6,0,0,0,9
0,1,8,9,3,12,55,85,143,251,406,350,154,70,68,14,13,10,19,11,3,0,0,0
13,2,11,16,30,51,62,124,249,381,534,458,235,111,136,140,76,49,13,1,7,4,4,0
9,12,11,26,14,53,72,131,212,300,309,272,211,128,74,89,61,31,9,0,5,9,0,5
7,5,12,21,51,64,84,150,191,207,232,205,168,106,74,61,50,10,11,6,12,0,2,0
10,11,11,31,52,70,83,126,180,144,155,185,162,106,62,51,4,4,0,0,9,6,0,0
10,9,17,39,57,67,97,129,156,124,85,143,152,148,94,54,48,2,0,9,12,2,0,0
7,15,27,44,56,67,95,130,145,134,78,77,110,138,115,70,33,11,1,1,5,4,7,5
14,8,35,52,69,69,89,138,160,126,91,81,65,116,136,105,59,13,0,1,0,0,0,0
13,11,43,24,76,77,96,130,153,132,114,96,63,106,118,110,82,36,17,0,9,0,0,0
9,13,50,68,66,98,118,137,141,114,109,102,63,37,110,114,106,67,39,7,0,0,6,4
9,12,14,55,55,62,97,119,106,77,88,100,83,12,102,97,100,69,48,9,0,0,0,0
9,5,4,12,23,100,66,108,100,66,66,64,70,0,55,9,52,77,50,14,9,12,4,0
6,0,8,11,44,64,102,112,94,73,73,61,60,11,46,11,10,56,63,52,11,2,0,1
9,12,20,20,40,61,99,134,134,147,108,64,51,39,42,10,12,13,27,35,14,10,9,3
6,12,34,14,87,114,142,167,185,230,199,131,97,55,11,0,6,13,12,35,29,13,5,2
11,15,40,53,104,134,154,219,246,236,234,149,131,59,4,9,12,11,2,7,9,1,3,5
12,24,32,42,76,130,202,256,273,235,227,155,128,109,63,19,5,0,6,6,7,8,14,11
12,13,32,58,119,169,228,286,395,433,304,164,118,116,33,18,25,14,14,23,36,18,7,11
43,29,54,61,103,148,196,244,362,473,333,173,117,107,82,54,19,14,5,38,42,5,8,7
5,1,14,48,84,117,145,177,220,269,243,160,124,113,35,10,12,8,9,13,13,10,3,0
11,13,12,13,50,94,114,138,158,180,181,156,135,115,101,12,8,10,8,8,6,0,8,11
9,10,10,14,46,54,101,112,125,137,144,140,125,119,107,42,5,4,4,12,8,0,4,0
5,3,7,12,7,13,40,91,105,113,118,115,114,106,108,20,7,7,10,1,3,2,0,3
8,0,10,10,7,21,40,55,94,105,110,116,98,103,103,66,7,13,0,0,0,5,6,4
0,0,8,11,12,25,12,21,76,71,101,84,77,99,100,59,9,2,9,13,11,12,9,5
0,0,8,7,0,11,3,7,23,85,79,67,65,62,55,39,10,0,0,0,6,15,11,8
5,0,11,6,13,14,33,24,27,50,66,59,55,59,56,33,6,0,0,0,2,0,5,4
2,0,0,2,13,12,17,14,14,21,68,58,61,61,62,11,8,10,9,1,6,1,0,0
4,0,0,0,6,6,11,12,29,50,49,52,56,65,53,9,5,7,5,0,0,0,8,5
5,0,0,3,9,10,15,29,34,49,51,52,56,56,54,14,3,0,7,1,0,0,0,9
0,0,0,0,6,7,8,11,14,41,50,53,52,52,51,12,0,0,1,4,0,0,0,0
0,1,0,0,1,0,6,11,14,48,53,61,58,55,32,10,0,0,0,0,7,7,9,6
0,0,0,0,0,8,4,9,14,51,60,63,65,69,36,13,5,0,0,0,8,7,7,5
0,0,0,0,0,3,8,9,15,52,58,71,73,69,42,16,8,0,0,5,8,7,0,0
0,0,0,0,0,0,4,7,17,57,74,72,78,62,52,21,25,9,0,4,5,11,5,0
0,0,0,0,0,10,0,11,35,54,59,90,84,59,51,14,14,10,0,0,12,2,10,0
0,0,0,0,0,9,0,5,37,59,70,88,106,59,37,15,10,9,2,0,3,0,11,1
0,7,0,1,8,10,14,14,51,55,67,96,96,57,16,13,7,1,11,6,0,2,2,11
8,10,9,10,12,12,11,19,47,57,76,93,80,25,17,12,11,9,8,2,9,10,7,0
7,7,10,12,13,8,11,14,14,52,75,84,59,20,11,4,5,10,4,9,6,0,7,8

0,0,0,0,0,0,0,5,0,1,0,0,8,53,49,45,11,6,1,0,0,0,8,0
0,0,0,0,0,0,0,4,0,0,0,0,31,78,61,61,53,12,7,2,11,3,2,8
4,0,4,0,0,0,0,0,1,4,5,0,3,12,57,58,47,54,55,1,0,0,7,9
1,7,7,5,7,6,3,15,13,95,116,105,87,53,12,18,47,23,13,6,0,0,0,9
0,1,8,9,3,12,55,86,143,252,406,349,155,70,68,14,13,10,19,12,3,0,0,0
13,2,11,16,30,51,62,124,250,381,533,457,235,111,136,139,75,49,13,0,7,4,4,0
9,12,11,26,14,53,72,132,212,301,309,271,211,128,74,88,61,31,9,0,5,9,0,5
7,5,13,23,52,64,85,151,192,208,231,205,168,106,74,61,50,10,11,6,12,0,2,0
10,11,11,32,52,70,84,127,181,145,155,184,162,106,62,51,4,4,0,0,9,6,0,0
10,9,17,41,57,67,97,129,157,125,85,142,152,148,94,54,47,2,0,9,12,2,0,0
7,15,27,45,56,67,96,130,146,134,79,77,110,138,115,70,33,11,1,1,6,4,7,5
14,8,36,52,70,70,90,138,161,127,91,81,65,116,137,105,59,13,0,1,0,0,0,0
12,11,43,26,78,78,96,130,154,133,114,96,63,106,118,110,82,36,17,0,9,0,0,0
9,13,50,68,66,98,119,137,142,114,109,101,63,37,111,114,106,67,39,7,0,0,6,4
9,12,15,55,55,62,98,119,106,77,88,99,83,12,102,97,100,69,48,9,0,0,0,0
9,5,4,12,25,100,66,108,100,67,66,64,70,0,55,9,52,78,50,14,9,12,4,0
6,0,8,11,45,65,103,112,95,73,73,61,60,11,46,11,10,57,63,52,11,2,0,1
9,11,20,20,40,61,99,134,134,147,108,64,50,38,42,10,12,13,28,35,14,10,9,3
6,12,34,14,89,114,142,167,185,230,199,131,97,55,11,0,6,13,12,35,28,12,5,2
11,15,40,53,104,134,154,219,245,235,233,149,131,60,4,9,12,11,2,7,9,1,3,5
12,24,32,42,77,130,202,255,273,234,226,155,128,109,62,19,5,0,6,6,7,8,14,11
12,13,33,58,119,170,228,286,395,433,304,164,118,115,33,19,25,14,14,23,36,18,7,11
43,30,54,60,104,148,196,244,361,473,333,172,117,107,82,54,18,14,5,38,42,5,8,7
5,1,13,48,85,117,145,176,220,268,243,160,124,113,33,10,12,8,9,13,13,10,3,0
11,13,12,13,50,96,114,138,158,179,180,156,135,115,101,11,8,10,8,8,6,0,8,11
9,10,10,14,44,53,101,112,125,136,143,139,124,119,107,41,5,4,4,12,8,0,4,0
5,3,8,12,7,13,40,91,105,113,118,115,114,106,108,18,7,7,10,1,3,2,0,3
8,0,10,10,7,21,42,55,94,105,110,116,98,103,103,66,7,13,0,0,0,5,6,4
0,0,8,11,12,24,12,21,77,71,101,83,77,98,100,59,9,2,9,13,11,12,9,5
0,0,8,7,0,11,3,7,23,85,79,67,65,62,55,39,10,0,0,0,6,15,11,8
5,0,11,6,13,14,33,24,27,50,66,59,55,59,56,33,6,0,0,0,2,0,5,4
2,0,0,2,13,12,18,14,14,21,68,58,61,61,61,11,8,10,9,1,6,1,0,0
4,0,0,0,6,6,10,12,30,50,50,52,56,65,52,9,5,7,5,0,0,0,8,5
5,0,0,3,9,10,14,29,34,48,51,52,56,56,54,14,3,0,7,1,0,0,0,9
0,0,0,0,6,7,8,11,14,45,50,53,52,52,51,12,0,0,1,4,0,0,0,0
0,1,0,0,1,0,5,11,14,49,53,61,58,55,32,10,0,0,0,0,7,7,9,6
0,0,0,0,0,8,4,9,14,51,60,63,65,69,36,13,5,0,0,0,8,7,7,5
0,0,0,0,0,3,8,8,15,52,59,71,73,69,42,16,8,0,0,5,8,7,0,0
0,0,0,0,0,0,4,7,18,57,74,72,78,62,52,21,25,9,0,4,5,11,5,0
0,0,0,0,0,10,0,11,35,54,59,90,84,59,51,14,14,10,0,0,12,2,10,0
0,0,0,0,0,9,0,5,37,59,70,88,106,59,38,15,10,9,2,0,3,0,11,1
0,7,0,1,8,10,14,14,51,55,67,96,96,56,17,13,7,1,11,6,0,2,2,11
8,10,9,10,12,13,11,20,47,57,76,93,81,25,17,12,11,9,8,2,9,10,7,0
7,7,10,12,13,8,11,14,14,52,75,84,59,21,11,4,5,10,4,9,6,0,7,8

0,0,0,0,0,0,0,5,0,1,0,0,8,54,49,45,11,6,1,0,0,0,8,0
0,0,0,0,0,0,0,4,0,0,0,0,33,78,60,61,53,11,7,2,11,3,2,8
4,0,5,0,0,0,0,0,1,4,5,0,3,12,57,58,48,54,55,1,0,0,7,9
1,7,7,5,7,6,3,17,14,95,116,105,86,53,12,16,44,23,13,6,0,0,0,9
0,1,8,9,3,12,56,87,144,256,408,349,155,70,68,14,13,10,19,12,3,0,0,0
13,2,11,17,30,51,62,125,253,383,533,457,235,111,135,139,75,48,13,1,7,4,4,0
9,12,11,27,14,53,72,132,212,301,310,272,212,128,74,89,61,31,9,0,5,9,0,6
7,5,13,23,52,64,84,150,192,208,232,205,168,106,74,61,50,10,11,6,12,0,2,0
10,11,11,31,52,70,83,126,180,145,155,185,162,106,62,51,4,4,0,0,9,6,0,0
10,9,16,39,57,66,97,128,155,125,85,143,151,148,94,54,48,2,0,9,12,2,0,0
7,15,27,44,56,66,95,129,145,134,78,77,110,138,115,71,34,11,2,1,6,5,7,5
14,8,35,52,69,69,88,137,159,127,91,81,66,116,137,106,59,13,0,1,0,0,0,0
13,11,43,26,77,77,95,130,154,133,115,97,63,106,118,110,82,36,18,0,9,0,0,0
9,13,51,68,67,99,119,137,142,114,109,102,63,38,111,115,106,67,39,7,0,0,7,4
9,12,16,56,55,63,99,119,106,78,88,100,84,12,102,98,100,69,48,9,0,0,0,0
9,5,4,12,28,101,66,108,100,67,66,64,71,0,55,10,52,78,50,14,9,12,4,0
6,0,8,11,46,66,103,112,95,73,73,61,60,11,46,11,10,57,63,52,11,2,0,1
9,11,20,20,40,61,100,135,134,147,108,64,51,39,43,10,12,13,28,35,14,10,9,3
6,12,34,14,90,114,142,168,185,229,199,131,97,55,11,0,6,13,12,35,29,13,5,2
11,15,39,54,104,134,155,220,245,235,233,149,131,60,4,9,12,11,2,7,9,1,3,5
12,24,33,43,77,131,203,255,272,233,226,155,128,109,62,19,5,0,6,6,7,8,14,11
12,13,32,59,119,170,229,286,394,433,303,163,118,115,33,18,25,14,14,23,36,18,7,10
42,29,54,61,104,149,196,244,362,472,332,172,117,107,82,54,18,14,5,38,42,5,8,7
5,1,13,47,86,118,145,177,220,268,243,159,124,113,34,10,12,8,9,13,13,10,3,0
11,13,12,13,50,96,114,138,158,179,180,156,135,115,101,11,8,10,8,8,6,0,8,11
10,10,10,14,46,54,101,112,125,137,143,139,124,119,107,40,5,4,4,12,8,0,4,0
5,3,8,12,7,13,40,91,105,113,118,115,114,105,108,18,7,7,10,1,3,2,0,3
8,0,10,10,7,23,40,55,94,105,110,116,97,103,103,66,7,13,0,0,0,5,6,4
0,0,8,11,12,25,12,22,77,71,101,84,77,98,100,58,9,2,9,13,11,12,9,5
0,0,8,7,0,11,3,7,24,85,79,67,65,62,55,39,10,0,0,0,6,15,11,8
5,0,11,6,13,14,34,24,27,50,66,59,55,59,56,32,6,0,0,0,2,0,5,4
2,0,0,2,12,12,17,14,14,22,68,58,61,61,61,11,8,10,9,1,6,1,0,0
4,0,0,0,6,6,11,12,30,50,49,52,56,65,52,9,5,7,5,0,0,0,8,5
5,0,0,3,9,10,15,28,35,49,51,52,56,56,53,14,3,0,8,1,0,0,0,9
0,0,0,0,6,7,8,11,14,41,50,53,52,52,51,12,0,0,1,4,0,0,0,0
0,1,0,0,1,0,5,11,14,50,53,61,58,55,31,10,0,0,0,0,7,7,9,6
0,0,0,0,0,7,4,9,14,51,60,63,65,69,36,13,5,0,0,0,8,7,7,5
0,0,0,0,0,3,8,8,15,52,59,71,73,69,42,14,8,0,0,5,8,7,0,0
0,0,0,0,0,0,4,7,18,57,74,72,78,62,52,20,24,9,0,4,5,11,5,0
0,0,0,0,0,10,0,11,35,54,59,90,84,59,51,14,14,10,0,0,12,2,10,0
0,0,0,0,0,9,0,5,37,59,70,88,106,59,37,15,10,9,2,0,3,0,11,1
0,7,0,1,8,10,14,14,51,55,67,96,96,57,17,13,7,1,11,6,0,2,2,11
8,10,9,10,12,13,11,20,48,58,76,94,80,24,17,12,11,9,8,2,9,10,7,0
7,7,10,12,13,8,11,14,14,52,76,84,59,21,11,4,5,10,4,9,6,0,7,8

0,0,0,0,0,0,0,5,0,2,0,0,8,54,49,44,10,6,1,0,0,0,8,0
0,0,0,0,0,0,0,4,0,0,0,0,33,78,60,61,52,11,7,2,11,3,2,8
4,0,5,0,0,0,0,0,2,4,5,0,3,12,57,59,48,54,53,1,0,0,7,9
1,7,7,5,7,6,4,19,14,95,116,105,86,53,12,17,45,23,13,6,0,0,0,9
0,1,8,9,3,12,56,86,145,260,412,351,154,71,68,14,13,10,19,12,4,0,0,0
13,2,11,16,30,51,62,124,251,384,536,460,236,112,137,142,76,50,13,1,7,4,4,0
9,12,11,25,14,53,72,130,209,299,311,275,213,128,74,89,61,34,9,0,5,9,0,6
7,5,12,18,51,64,83,146,187,204,232,208,169,106,74,61,51,10,11,7,12,0,2,0
10,11,11,30,52,69,82,122,174,142,155,186,164,106,62,52,4,5,0,0,9,6,0,0
10,9,14,37,56,66,95,124,149,121,85,144,153,149,94,54,50,2,0,9,12,3,0,0
7,14,26,43,56,66,92,127,141,131,78,77,110,139,115,70,33,11,2,1,6,5,7,5
14,8,32,51,68,67,85,134,156,126,91,82,66,116,137,106,59,13,0,1,0,0,0,0
12,11,43,22,73,75,92,128,152,134,116,99,66,106,118,110,82,36,18,0,9,0,0,0
9,13,51,68,66,99,118,137,142,115,110,102,65,40,111,114,106,67,40,7,0,0,7,5
10,12,16,56,56,63,99,119,107,79,89,101,88,12,102,97,100,69,48,9,0,0,0,0
9,5,4,12,32,101,66,109,101,67,67,64,72,0,56,10,52,78,50,14,9,12,4,0
6,0,8,11,46,66,103,113,94,73,73,62,61,11,49,11,10,57,63,52,11,2,0,1
9,12,20,21,41,62,100,135,134,147,108,64,51,39,43,10,12,13,28,35,15,10,9,3
6,12,34,15,91,115,143,169,186,229,198,131,98,55,11,0,6,13,12,35,29,13,5,2
12,15,40,55,105,135,156,220,246,235,233,149,131,60,4,9,12,11,3,8,9,1,3,5
11,24,32,44,78,131,204,256,273,233,226,155,127,109,63,20,5,0,6,6,7,8,14,11
12,13,32,60,120,171,230,287,395,433,303,163,118,115,33,18,25,14,14,23,37,18,7,11
43,29,54,61,104,149,197,245,363,473,332,172,117,107,82,54,19,14,5,38,42,5,8,8
5,1,14,50,87,118,146,177,221,269,243,159,124,113,31,10,12,8,9,13,13,10,3,0
11,13,12,13,52,96,114,139,159,180,180,156,135,115,101,11,8,10,8,8,6,0,8,11
10,10,10,14,47,53,101,112,125,137,143,139,124,119,107,40,5,4,4,12,8,0,4,0
5,3,8,12,8,14,40,91,105,113,118,115,114,105,108,17,7,7,10,2,3,2,0,3
8,0,10,10,7,23,40,55,95,105,110,116,97,103,103,65,7,14,0,0,0,6,6,4
0,0,8,11,12,25,12,22,77,71,101,83,77,98,100,57,9,2,9,13,11,12,9,5
0,0,8,7,0,11,3,7,24,86,79,67,65,62,54,38,10,0,0,0,6,15,11,8
5,0,11,6,13,14,34,24,27,50,66,59,54,58,55,32,6,0,0,0,2,0,5,4
2,0,0,3,13,12,17,14,14,25,69,58,61,61,61,11,8,10,9,1,6,1,0,0
4,0,0,0,7,6,11,12,30,50,49,52,56,64,52,9,5,7,5,0,0,0,8,5
5,0,0,3,9,10,15,28,36,50,51,52,56,56,53,14,3,0,8,1,0,0,0,9
0,0,0,0,6,7,8,11,14,42,50,53,52,52,51,12,0,0,1,4,0,0,0,0
0,1,0,0,1,0,5,11,14,48,53,61,58,55,31,10,0,0,0,0,7,7,9,6
0,0,0,0,0,7,4,9,14,51,60,63,65,68,36,13,5,0,0,0,8,7,7,5
0,0,0,0,0,3,8,9,15,52,59,71,73,69,42,15,7,0,0,5,8,7,0,0
0,0,0,0,0,0,4,7,18,57,75,72,78,62,52,20,23,9,0,4,5,11,5,0
0,0,0,0,0,10,0,11,34,54,59,90,84,59,51,14,14,10,0,0,12,2,10,0
0,0,0,0,0,9,0,5,37,59,70,88,106,59,35,14,10,9,2,0,3,0,11,1
0,7,0,1,8,10,14,14,51,55,67,96,96,56,17,13,7,1,11,6,0,2,2,11
8,10,9,10,12,13,11,19,48,57,76,94,80,25,17,12,11,9,8,2,9,10,7,0
7,7,10,12,13,8,11,14,14,52,76,85,59,20,11,4,5,10,4,9,6,0,7,8
0,2,0,0,0,5,4,10,73,64,76,88,68,50,12,3,0,0,7,0,0,0,7,8
1,0,2,0,2,47,105,138,184,122,72,64,58,64,51,14,6,6,7,0,0,0,4,8
5,7,0,12,33,102,115,203,215,179,128,106,61,72,67,51,10,3,11,10,0,0,8,10
7,10,1,13,52,90,198,195,231,233,174,115,101,103,104,101,29,13,11,7,5,11,12,9
0,1,3,14,56,117,189,201,274,285,214,126,72,69,95,103,68,51,13,2,9,6,1,0
0,0,0,25,67,101,149,206,321,375,232,121,85,70,67,99,80,58,14,11,11,13,6,7
7,5,3,37,69,110,137,117,197,269,208,136,89,10,55,91,103,68,41,17,10,13,11,9
8,12,14,27,68,103,127,128,122,153,143,129,119,67,57,79,112,96,64,14,13,11,12,14
0,9,23,58,93,132,143,152,109,99,134,141,121,74,68,70,75,98,80,55,6,2,1,8
1,10,11,53,88,138,185,168,131,101,92,118,141,111,76,65,72,197,89,50,10,8,3,0
0,3,2,38,70,147,187,164,132,98,90,69,88,120,98,77,66,62,12,8,22,22,32,12
0,0,5,14,69,119,144,147,129,117,91,72,65,96,118,115,94,41,11,10,0,0,0,5
0,0,0,16,62,109,108,134,123,108,107,77,22,68,82,99,102,80,68,22,0,3,5,8
0,0,0,12,58,111,126,118,121,121,108,95,57,72,53,51,78,102,61,53,29,23,8,0
0,0,0,1,72,111,119,127,138,127,104,84,14,12,1,4,10,25,22,50,47,12,11,0
0,2,10,14,83,117,135,172,133,109,104,82,13,0,0,0,0,5,0,8,29,11,11,9
6,8,6,13,70,120,131,147,124,84,66,77,53,51,43,47,23,10,0,0,6,9,6,4
9,19,34,45,67,115,166,229,296,148,62,49,46,54,38,35,34,19,28,34,28,17,11,0
9,15,40,79,129,147,175,195,215,134,60,57,66,56,14,8,7,11,11,10,9,7,5,2
11,29,60,107,137,187,213,207,185,137,101,112,51,28,24,39,12,12,13,10,12,13,4,4
4,13,65,107,130,204,210,180,170,144,109,107,98,73,14,8,10,14,10,12,11,13,13,5
15,17,42,82,126,145,188,190,189,147,136,106,50,28,35,25,14,12,10,15,10,8,7,1
9,9,20,80,100,113,159,163,170,143,119,94,66,43,19,25,13,13,18,8,10,14,12,9
0,6,11,52,103,109,138,156,157,142,128,108,11,12,5,6,9,8,8,8,12,10,4,4
8,0,0,13,57,110,124,146,150,142,127,109,57,8,4,4,7,12,0,9,3,7,11,0
0,4,6,14,43,102,113,133,134,149,131,110,101,55,12,10,11,13,7,9,12,11,11,9
0,0,2,4,8,83,103,110,128,135,114,105,56,10,14,10,13,14,11,6,12,1,9,2
4,2,7,0,11,61,102,109,110,124,120,93,102,13,21,18,19,24,8,11,13,11,11,3
0,0,11,12,5,29,67,102,115,118,123,72,67,40,6,10,12,12,41,4,10,13,8,2
4,1,13,0,0,10,26,51,66,69,91,71,59,51,6,7,9,15,12,6,5,11,8,4
1,4,0,3,4,8,13,40,55,68,82,83,64,54,28,14,14,26,14,14,7,14,8,0
0,0,0,10,24,14,11,30,55,107,89,80,75,84,10,12,12,13,12,7,11,4,2,0
3,0,0,11,12,14,12,14,57,71,88,77,69,52,6,12,11,13,7,0,1,10,0,5
0,0,0,4,6,10,14,25,58,66,87,76,67,46,4,13,13,10,0,1,1,0,0,4
0,10,0,6,8,13,18,43,51,65,72,62,67,14,7,10,5,6,0,1,6,0,0,0
1,6,10,6,6,11,30,38,55,72,77,82,78,49,11,0,7,0,10,4,0,0,0,8
4,0,3,5,13,11,42,50,34,56,75,71,64,51,0,0,7,12,0,0,0,0,1,6
0,0,0,12,12,14,15,51,52,54,72,66,64,14,5,9,0,0,0,8,0,0,10,6
0,4,13,10,10,14,21,52,51,60,63,70,74,59,42,7,0,0,0,0,0,0,6,1
6,12,7,11,10,11,27,47,46,55,58,84,107,55,27,2,5,9,1,5,0,0,0,0
10,13,3,10,9,11,22,15,32,55,56,79,69,67,50,28,15,12,10,9,6,5,0,0
11,7,11,7,12,12,19,13,26,37,13,68,87,66,51,35,28,14,5,6,0,2,4,5
2,10,12,11,12,12,14,10,8,14,23,60,68,74,59,14,12,10,12,7,7,0,5,6
7,9,1,10,4,0,8,9,7,8,13,13,67,59,58,50,13,12,10,10,13,9,7,2

0,2,0,0,0,5,4,10,72,66,79,90,69,50,12,3,0,0,7,0,0,0,7,8
1,0,2,0,2,50,105,139,185,122,72,64,58,64,51,14,6,6,7,0,0,0,4,8
5,8,0,12,35,102,116,207,218,179,128,106,62,73,67,51,10,3,11,10,0,0,8,10
7,10,2,13,52,91,200,196,233,235,174,115,101,104,104,102,31,13,11,7,5,11,12,9
0,1,3,15,56,118,191,202,276,287,215,126,72,69,95,103,68,52,13,2,10,6,1,0
0,0,0,25,67,101,150,207,323,376,232,122,85,70,67,99,82,58,14,11,11,13,6,7
8,5,3,37,69,110,138,118,198,268,208,136,89,10,55,91,104,70,42,20,10,13,10,9
8,12,14,27,68,103,128,128,122,153,142,129,118,67,56,79,112,98,67,14,12,11,12,14
0,9,23,58,93,133,144,153,109,99,134,141,121,74,68,70,74,99,83,56,7,3,1,8
2,10,12,53,88,139,187,169,131,100,92,118,141,112,76,65,72,198,93,50,11,8,3,0
0,3,3,38,69,147,189,165,132,97,91,69,88,120,98,77,66,62,12,8,24,26,32,11
0,0,5,13,69,119,144,148,129,116,90,72,65,96,118,115,94,41,11,10,0,0,0,5
0,0,0,15,61,108,109,134,123,107,106,75,21,67,82,98,102,80,68,21,0,3,5,8
0,0,0,12,56,111,126,118,121,120,108,95,57,73,53,51,78,102,61,53,26,22,7,0
0,0,0,1,72,111,119,128,139,126,104,84,14,12,1,4,10,25,23,50,48,13,11,0
0,2,10,14,82,117,136,172,134,108,103,81,13,0,0,0,0,5,0,8,31,11,11,9
6,8,7,13,69,119,130,147,123,83,65,76,53,50,43,48,22,10,0,0,6,9,6,4
9,19,33,45,66,115,166,228,294,148,62,48,46,54,38,35,34,19,28,33,28,17,11,0
9,14,39,78,129,146,175,195,215,133,60,57,65,57,14,8,7,11,11,10,9,7,5,1
11,29,60,106,136,185,213,207,185,137,101,112,45,25,24,39,12,12,13,10,11,13,4,4
4,13,64,107,129,200,208,179,170,145,109,107,96,72,14,8,10,14,10,12,11,13,13,4
15,16,42,81,125,144,185,188,188,147,136,106,50,27,34,24,14,12,10,15,10,8,7,1
9,9,19,79,100,113,157,161,169,143,119,94,65,43,18,25,13,13,18,8,10,14,12,9
0,6,10,48,103,109,137,155,156,142,128,109,11,12,5,5,8,7,8,8,12,10,4,4
8,0,0,13,57,110,123,146,150,141,127,109,58,8,4,3,7,12,0,8,3,7,11,0
0,4,6,14,42,102,113,132,133,149,131,110,101,52,12,10,11,13,7,9,12,11,11,8
0,0,2,4,8,83,103,110,127,134,115,105,57,10,14,10,13,14,11,7,12,1,9,2
4,2,6,0,10,60,102,109,109,124,120,94,102,13,15,19,17,21,7,11,13,10,11,3
0,0,11,12,4,29,67,102,114,117,122,72,67,42,5,10,11,11,39,4,10,12,8,2
4,0,13,0,0,10,25,51,65,68,90,71,59,52,6,7,9,14,12,6,5,11,7,4
1,4,0,3,4,8,13,40,54,68,82,83,66,55,28,13,14,25,14,14,7,13,8,0
0,0,0,10,24,14,11,31,55,107,90,80,77,90,11,12,11,13,12,6,11,3,2,0
3,0,0,11,12,14,13,14,56,70,90,79,71,53,6,12,10,13,6,0,0,10,0,5
0,0,0,4,6,10,14,25,58,66,87,77,69,50,4,13,13,9,0,0,1,0,0,4
0,10,0,6,8,13,19,45,50,65,72,63,69,16,7,9,5,5,0,1,6,0,0,0
1,5,10,7,6,12,31,39,55,71,77,83,80,50,11,0,6,0,10,4,0,0,0,8
4,0,3,5,13,11,42,50,34,55,75,71,65,51,0,0,7,12,0,0,0,0,1,6
0,0,0,12,12,14,16,51,51,54,72,66,65,14,5,9,0,0,0,8,0,0,10,6
0,5,13,10,11,14,22,52,51,59,62,70,75,60,41,7,0,0,0,0,0,0,6,1
6,12,7,11,10,11,28,47,47,55,57,84,107,55,28,2,5,8,1,4,0,0,0,0
10,13,3,10,9,12,27,15,34,56,55,79,69,68,50,28,15,12,10,9,6,5,0,0
11,7,12,7,12,12,18,14,27,39,13,67,87,66,51,34,27,14,5,6,0,2,4,5
2,10,13,11,11,12,14,11,8,14,24,60,68,74,59,14,11,10,12,7,6,0,5,6
8,9,1,10,4,0,8,9,7,8,13,13,67,58,58,47,13,12,9,9,13,9,7,2

0,2,0,0,0,5,4,10,72,65,78,90,68,50,12,3,0,0,7,0,0,0,7,8
2,0,2,0,2,50,105,138,183,121,72,64,58,64,51,14,6,6,7,0,0,0,4,8
5,8,0,12,36,102,116,205,216,179,128,106,62,72,67,51,10,4,11,10,0,0,8,10
7,10,2,13,52,91,200,197,233,234,174,115,101,104,105,102,33,13,11,7,5,11,12,9
0,2,4,15,56,119,191,203,277,287,214,126,72,69,95,103,68,52,14,2,10,6,1,0
0,0,1,25,67,102,152,208,324,377,231,121,85,71,67,100,83,58,14,11,11,13,6,7
7,5,4,38,69,110,139,118,198,269,207,136,89,10,56,92,105,70,43,20,10,13,11,9
8,12,14,27,68,104,129,129,122,152,142,128,118,67,57,80,113,99,68,14,13,12,12,14
0,9,25,58,93,133,144,154,110,99,133,141,121,74,68,71,75,102,85,56,8,3,1,7
2,11,12,53,88,139,187,172,133,101,92,118,142,112,75,65,73,213,98,51,12,9,3,0
0,3,3,42,70,147,190,169,135,100,91,69,88,121,98,77,67,63,13,9,25,29,32,11
0,0,5,14,70,121,146,149,131,118,92,72,66,97,119,115,94,41,12,10,0,0,0,5
0,0,0,19,63,110,109,134,123,108,107,77,25,68,83,99,103,80,69,18,0,4,4,8
0,0,0,12,62,112,126,118,121,121,108,95,59,77,54,51,80,102,62,53,27,21,7,0
0,0,0,2,74,111,119,127,137,125,104,84,14,12,0,4,10,25,25,50,47,12,11,0
0,2,10,15,86,117,135,166,129,107,103,80,13,0,0,0,0,6,0,8,31,12,11,9
6,8,7,13,71,121,131,141,108,77,64,75,52,50,40,46,20,10,0,0,6,9,6,4
9,19,35,47,68,118,169,229,267,121,60,48,44,52,37,34,33,18,27,33,27,17,11,0
9,15,41,79,129,147,176,197,215,128,59,57,66,54,14,8,7,10,10,10,9,7,4,1
11,30,60,106,134,180,212,210,189,137,100,110,43,19,20,36,12,12,12,10,12,12,3,3
4,13,64,106,125,191,208,183,171,145,109,107,94,69,14,8,10,14,10,12,11,13,13,4
15,16,42,80,122,139,182,188,189,147,136,105,50,27,34,24,14,12,10,15,10,8,7,1
9,9,20,79,100,111,154,159,170,144,120,95,65,42,17,24,13,12,17,8,10,14,11,8
0,6,10,40,103,108,135,151,153,142,129,110,13,12,5,4,8,8,8,8,12,10,3,4
8,1,0,13,54,109,122,144,146,140,128,111,65,9,3,2,7,12,0,8,2,7,11,0
0,4,5,14,36,101,112,131,131,146,133,112,103,43,11,9,9,13,7,9,12,10,11,8
0,0,3,3,8,75,102,109,125,133,116,107,74,10,14,8,11,14,10,7,12,0,9,2
4,1,5,0,10,54,101,107,107,122,121,101,105,43,11,8,16,14,7,10,13,10,11,3
0,0,11,12,2,29,63,101,113,114,122,77,74,56,7,0,12,11,39,4,10,12,8,2
4,0,13,0,0,10,22,46,61,66,90,75,64,62,14,0,11,14,12,5,5,10,7,4
1,4,0,2,3,8,13,38,51,63,82,83,75,86,43,8,14,24,14,14,7,13,8,0
0,0,0,9,24,14,13,41,55,102,93,82,88,105,38,7,11,12,11,6,11,3,1,0
3,0,0,11,12,13,14,27,54,66,91,84,78,59,10,12,6,11,5,0,0,10,0,5
0,0,0,5,7,10,16,25,56,64,88,81,76,52,6,12,10,5,0,0,0,0,0,4
0,10,0,7,9,13,22,43,48,64,72,65,73,35,9,9,3,5,0,2,6,0,0,0
1,5,10,7,6,12,30,39,54,70,77,86,84,52,13,0,6,0,10,3,0,0,0,8
4,0,3,5,13,11,43,50,33,54,74,72,67,53,0,0,7,12,0,0,0,0,1,6
0,0,0,12,12,15,19,51,51,53,71,66,66,19,6,9,0,0,0,8,0,0,10,6
0,5,13,10,11,15,23,52,51,58,61,70,76,62,44,7,0,0,0,0,0,1,6,1
7,13,8,11,10,11,28,48,47,55,57,83,107,56,28,3,5,8,1,4,0,0,0,0
10,13,4,10,9,12,27,16,35,54,55,77,69,68,50,28,14,12,10,9,6,4,0,0
11,7,12,7,12,12,19,14,28,38,13,67,86,66,51,29,26,14,5,6,0,2,4,5
2,10,13,11,11,12,14,11,8,14,23,59,68,73,58,13,11,9,12,6,6,0,5,6
8,9,0,10,4,1,8,9,7,8,13,13,66,57,57,42,13,12,9,9,12,9,7,2

0,2,0,0,0,5,4,10,71,65,78,89,68,50,12,3,0,0,7,0,0,0,7,8
3,0,2,0,2,50,105,137,182,121,72,65,58,64,51,14,6,6,7,0,0,0,4,8
6,8,0,12,35,101,115,204,215,178,128,106,62,73,68,52,10,4,11,10,0,0,8,10
7,10,2,13,52,91,199,196,233,235,174,115,101,104,105,102,35,13,11,7,5,11,12,8
1,2,4,15,56,118,191,203,278,288,214,127,72,69,95,103,69,52,14,2,10,6,0,0
0,0,1,26,67,102,151,209,326,379,232,122,86,71,67,101,84,59,14,11,11,13,6,8
7,5,4,38,69,110,138,118,199,270,209,137,90,10,56,92,105,71,43,23,10,13,11,10
9,12,14,29,69,104,129,129,123,153,142,128,118,68,57,80,114,100,68,15,13,13,13,14
0,9,27,58,94,133,144,155,110,99,134,141,121,74,68,71,76,104,86,57,9,3,1,7
2,11,12,53,88,139,187,172,134,102,92,118,142,112,75,65,73,220,100,51,12,9,4,0
0,3,3,44,70,147,190,171,136,101,92,69,89,122,98,77,67,63,13,9,27,31,32,11
0,0,5,16,71,121,146,150,132,119,93,73,66,97,119,116,94,43,12,10,0,0,0,4
0,0,0,21,64,110,109,135,124,109,107,79,27,68,82,99,103,80,69,17,0,5,5,4
0,0,0,13,64,112,126,118,121,121,108,99,62,78,54,51,80,102,62,53,29,20,6,0
0,0,0,2,75,111,119,126,136,125,104,84,14,12,0,4,10,25,26,50,47,12,10,0
0,2,10,16,87,117,135,164,127,107,103,80,13,0,0,0,0,6,0,8,32,12,11,9
6,8,7,13,71,121,130,138,104,76,64,75,52,48,38,44,19,10,0,0,6,9,6,4
9,19,37,47,68,118,168,225,256,116,60,48,44,52,36,33,32,16,25,32,27,17,11,0
9,15,42,80,129,146,174,194,210,126,59,56,64,50,14,7,7,9,9,10,8,7,4,1
11,32,61,107,134,180,211,207,187,137,100,110,41,15,15,31,11,12,12,10,11,12,3,3
4,13,65,106,124,190,210,184,171,145,109,107,91,68,14,7,10,14,10,12,11,13,13,4
15,17,43,81,122,139,184,190,190,148,136,105,49,27,33,23,14,12,10,14,10,7,7,0
9,9,21,80,100,111,154,159,171,144,120,97,65,41,15,24,13,12,17,7,10,14,11,8
0,7,10,43,103,108,135,151,154,142,130,111,13,12,5,4,7,8,8,8,12,10,3,3
8,1,0,13,54,109,122,144,147,140,129,111,66,8,3,2,7,12,0,8,3,7,10,0
0,4,5,14,34,101,112,131,131,147,133,112,104,40,10,8,9,12,6,8,12,10,11,8
0,0,3,3,8,75,102,109,125,133,116,108,77,10,13,4,9,14,10,6,12,0,8,2
3,1,5,0,9,52,101,107,107,122,121,102,106,51,12,5,14,14,7,10,13,10,11,3
0,0,10,11,2,28,62,101,113,114,123,79,76,58,13,0,12,10,37,4,10,12,8,1
4,0,13,0,0,10,22,45,60,66,90,77,65,65,30,0,11,14,12,5,5,10,7,4
1,4,0,1,3,8,14,38,51,63,83,84,77,95,46,8,14,25,13,14,7,13,8,0
0,0,0,9,24,14,13,43,55,101,93,84,90,107,51,8,10,12,11,6,11,3,1,0
3,0,0,12,12,14,16,30,54,66,92,86,80,60,12,13,6,10,5,0,0,10,0,5
0,0,0,5,8,10,18,25,56,63,88,82,77,53,9,12,8,0,0,0,0,0,0,4
0,10,0,7,9,13,23,45,47,64,72,66,74,41,10,9,4,6,0,2,6,0,0,0
1,5,10,7,6,12,30,39,54,69,76,86,85,52,14,0,6,0,10,3,0,0,0,8
4,0,3,5,13,11,44,50,33,54,74,72,67,54,1,0,7,12,0,0,0,0,1,6
0,0,0,12,12,16,20,51,51,52,70,66,66,23,6,9,0,0,0,8,0,0,10,6
0,5,13,10,11,15,22,53,51,58,61,70,76,62,44,7,0,0,0,0,0,0,6,1
7,13,8,11,10,11,29,49,47,55,56,82,106,56,29,3,6,8,1,4,0,0,0,0
10,13,4,10,9,12,27,16,35,54,55,76,68,68,50,28,14,12,10,9,6,4,0,0
11,7,12,7,12,12,20,14,28,39,13,67,86,66,51,30,25,14,5,6,0,1,4,4
2,10,13,10,12,12,14,11,8,13,23,58,67,73,58,13,11,10,12,6,6,0,5,6
8,9,0,10,5,1,8,9,7,8,12,13,65,57,57,40,13,12,9,9,13,9,7,2

0,2,0,0,0,5,4,10,71,65,78,89,68,50,12,3,0,0,7,0,0,0,7,8
3,0,2,0,2,50,105,137,182,121,72,65,58,64,51,14,6,6,7,0,0,0,4,8
6,8,0,12,33,101,115,205,215,178,128,106,62,73,68,52,11,5,11,11,0,0,8,10
7,10,2,13,52,91,199,196,233,235,174,116,101,104,105,102,36,13,11,7,5,11,12,8
1,2,4,16,56,119,191,203,277,287,215,127,72,69,95,103,69,52,14,2,10,6,0,0
0,0,1,26,68,102,152,208,324,377,232,122,86,71,67,101,84,59,14,12,11,13,6,9
8,5,4,38,69,111,139,118,199,270,208,137,89,10,56,92,106,71,44,25,11,13,11,10
9,12,14,30,69,105,130,129,123,154,143,129,118,68,57,81,114,100,69,16,14,13,13,14
0,10,28,58,94,134,145,155,110,100,134,141,121,74,69,71,76,104,87,57,9,2,0,7
2,11,12,54,89,141,188,171,134,101,93,119,143,113,75,66,74,223,101,52,13,9,5,1
0,4,3,47,71,149,191,168,135,100,92,69,89,122,98,77,68,63,14,9,28,33,30,11
0,0,5,17,71,122,147,150,130,118,92,73,66,97,119,116,94,44,12,10,0,0,0,4
0,0,0,20,64,110,109,134,123,108,107,76,26,69,82,99,103,81,70,17,0,5,5,4
0,0,0,13,62,112,126,118,121,120,108,96,62,77,54,51,79,102,62,54,29,19,6,0
0,0,0,2,74,111,119,126,136,124,104,83,14,12,0,4,10,24,25,50,47,12,10,0
0,2,10,16,86,117,135,164,127,106,103,80,13,0,0,0,0,5,0,8,31,12,11,9
6,8,7,13,71,120,130,140,105,76,64,75,52,48,38,44,17,10,0,0,6,9,6,4
9,19,36,46,68,116,167,227,261,117,60,48,44,52,37,33,32,16,25,32,26,17,11,0
9,15,41,79,128,144,173,194,211,127,59,56,64,48,14,7,6,9,9,10,8,6,4,0
11,29,60,106,133,175,207,205,187,137,100,111,43,14,14,30,11,11,12,10,11,12,3,3
4,12,64,106,122,184,205,182,170,145,109,107,93,68,13,7,10,14,9,11,11,13,12,4
15,15,42,79,121,136,180,188,190,148,137,106,50,26,33,22,14,11,10,14,9,7,7,0
9,9,20,78,98,109,153,158,171,145,121,98,64,41,13,23,12,12,16,7,10,14,11,8
0,7,10,30,102,108,135,151,154,142,130,112,14,12,5,3,7,7,8,7,11,10,3,3
8,1,0,13,52,109,121,144,147,141,130,111,69,8,3,3,10,12,0,7,2,7,10,0
0,4,5,13,32,100,111,130,131,148,135,113,104,54,8,8,8,12,6,8,12,10,11,8
0,0,4,3,8,73,102,109,125,133,118,108,80,10,13,2,7,14,10,7,12,0,8,1
3,1,5,0,9,51,101,107,107,122,122,103,106,56,13,2,13,14,6,10,13,10,11,3
0,0,10,11,1,28,60,101,113,114,124,82,77,60,19,2,12,10,37,5,9,12,8,1
4,0,13,0,0,10,21,45,59,65,91,79,66,66,42,0,10,14,12,5,5,10,7,4
1,4,0,0,3,8,13,38,50,63,83,86,81,101,49,8,13,24,13,14,7,13,8,0
0,0,0,9,23,14,13,47,55,100,94,85,93,109,54,9,10,12,11,6,11,3,1,0
4,0,0,12,13,14,18,33,54,65,92,88,82,61,15,14,6,10,5,0,0,9,0,5
0,0,0,5,8,10,19,25,56,62,88,83,78,53,11,12,4,0,0,0,0,0,0,3
0,10,0,7,9,13,25,45,45,63,72,66,74,46,11,10,4,9,0,2,6,0,0,0
2,5,10,7,6,12,29,38,53,69,76,87,86,52,14,0,5,0,10,3,0,0,0,8
4,0,3,5,13,11,44,50,33,54,73,72,68,54,2,0,6,12,0,0,0,0,0,6
0,0,0,12,12,17,20,51,51,52,70,66,66,27,6,9,0,0,0,8,0,0,10,6
0,5,13,10,11,15,22,53,51,58,61,70,77,63,45,8,0,0,0,0,0,0,6,1
8,13,8,11,10,11,29,50,47,55,56,83,106,56,29,3,6,8,1,4,0,0,0,0
11,13,4,10,9,12,28,16,35,54,55,76,68,68,50,28,14,12,10,9,6,4,0,0
11,7,12,7,12,12,19,14,28,38,13,67,86,66,51,30,25,14,5,6,0,2,4,4
2,10,13,11,11,12,14,11,8,13,23,58,67,73,58,13,11,9,12,6,6,0,5,6
8,9,0,10,5,1,8,9,7,8,12,13,65,56,57,41,13,12,9,9,12,9,7,2

0,2,0,0,0,5,4,10,71,65,78,89,68,50,12,4,0,0,7,0,0,0,7,8
3,0,3,0,2,50,105,138,183,121,71,64,58,64,51,14,6,6,7,0,0,0,5,8
6,8,0,12,35,102,116,206,216,178,128,106,62,73,68,52,11,5,11,11,0,0,8,10
7,10,2,13,52,92,200,197,233,234,174,116,101,104,105,102,38,13,11,7,5,11,12,8
1,3,4,17,57,120,192,203,277,287,214,127,72,70,96,104,69,52,14,2,10,6,0,0
0,0,2,26,68,103,152,208,323,376,231,122,86,71,67,101,84,59,15,12,11,13,6,9
8,5,4,39,70,111,140,119,199,269,208,137,89,10,57,93,106,72,44,25,11,13,11,10
9,12,14,30,69,105,131,130,124,154,143,129,118,68,57,81,115,100,69,19,14,13,13,13
0,10,29,58,94,134,146,156,110,100,134,141,121,74,69,71,77,105,88,57,9,2,0,7
2,11,12,54,89,141,189,172,133,101,92,118,142,113,75,66,74,228,102,52,13,9,6,1
0,4,3,47,71,149,192,168,134,99,92,69,89,122,98,77,68,64,14,9,29,35,29,11
0,0,5,16,71,122,147,149,130,117,90,72,66,97,119,115,94,47,13,10,0,0,0,4
0,0,0,19,63,110,110,134,123,107,106,75,28,68,83,99,103,81,70,17,0,6,4,5
0,0,0,12,61,112,127,118,121,120,107,95,61,76,54,50,80,102,62,54,29,19,6,0
0,0,0,2,74,111,119,126,136,124,103,82,14,12,0,4,10,23,25,50,48,12,10,0
0,3,10,15,86,117,135,166,127,105,102,79,13,0,0,0,0,5,0,8,32,12,10,9
6,8,7,13,71,120,131,141,106,76,64,75,52,48,38,42,17,10,0,0,6,9,5,4
9,19,35,46,67,116,167,229,266,119,59,47,43,52,37,33,31,15,25,32,26,17,11,0
9,14,41,78,127,144,173,194,212,127,59,56,63,48,14,6,6,8,9,10,8,6,4,0
11,28,60,106,132,174,207,205,187,137,100,111,41,14,14,27,11,11,12,9,11,12,2,2
4,12,63,106,121,183,204,181,171,146,109,108,92,69,13,7,10,13,9,11,11,12,12,4
15,15,41,79,120,135,179,188,190,148,137,106,50,25,32,21,13,11,9,14,9,7,7,0
9,9,19,77,98,109,152,158,171,145,121,100,64,40,13,23,12,11,15,7,10,14,10,8
0,7,10,27,102,108,134,150,154,142,130,112,14,12,5,3,7,7,8,7,11,10,2,3
8,1,0,13,51,108,121,144,147,141,130,111,72,8,4,3,11,12,0,7,2,7,10,0
0,4,5,13,31,100,111,130,131,148,135,113,104,55,8,8,8,11,6,7,12,10,10,8
0,0,4,3,8,73,102,109,125,134,118,109,81,11,13,1,6,14,9,7,12,0,8,1
3,1,5,0,9,50,101,107,107,122,122,104,106,56,13,1,12,13,6,10,13,10,11,2
0,0,10,11,1,28,61,101,113,114,125,82,77,59,23,2,12,10,37,5,9,12,7,1
4,0,13,0,0,11,21,45,59,65,91,80,67,66,44,0,10,14,12,5,5,10,6,4
1,4,0,0,2,8,13,38,50,63,84,87,82,101,49,8,13,24,13,14,7,13,8,0
0,0,0,9,23,14,13,48,56,100,95,86,94,109,54,9,9,12,11,6,11,3,1,0
4,0,0,12,13,14,18,34,54,66,92,88,82,61,21,14,6,10,4,0,0,9,0,5
0,0,0,5,8,10,19,26,56,62,88,83,78,53,12,12,4,0,0,0,0,0,0,3
0,10,0,7,9,13,24,45,46,63,72,66,74,47,12,10,4,9,0,2,5,0,0,0
1,5,10,7,6,12,28,38,53,68,76,87,86,52,14,0,5,0,9,3,0,0,0,7
4,0,3,5,13,11,45,50,32,54,73,72,68,54,3,0,6,12,0,0,0,0,0,6
0,0,0,12,12,16,21,51,51,52,69,66,66,26,6,9,0,0,0,8,0,0,10,6
0,5,13,10,11,15,22,53,51,58,61,69,77,63,44,8,0,0,0,0,0,0,6,1
8,13,8,11,10,11,29,48,46,55,56,82,106,56,29,3,6,8,0,4,0,0,0,0
11,13,4,10,9,12,26,16,35,53,55,75,68,68,50,28,14,12,10,9,6,4,0,0
11,7,12,7,12,12,19,14,28,37,13,67,85,66,51,30,26,14,5,6,0,1,4,4
2,10,13,11,11,12,14,11,8,13,22,59,67,72,58,13,11,10,12,6,6,0,5,6
8,9,0,10,4,1,8,9,7,8,12,13,64,56,57,41,13,12,9,9,13,9,7,2

0,2,0,0,0,5,4,10,71,65,77,88,68,50,12,4,0,0,7,0,0,0,7,8
4,1,3,0,2,50,105,139,183,121,72,64,58,64,51,14,6,6,7,0,0,0,4,9
6,8,0,12,36,102,117,208,218,179,128,106,62,73,68,52,11,5,11,11,0,0,9,10
7,10,2,13,52,92,202,198,233,236,174,115,101,104,105,102,38,13,12,7,5,11,12,8
1,3,5,17,57,120,193,203,277,288,214,126,72,70,96,104,69,52,14,2,10,6,0,0
0,0,2,26,68,103,153,208,323,376,230,122,86,72,67,102,84,59,15,12,11,13,6,9
8,5,4,39,70,112,141,119,198,268,207,137,89,10,57,93,106,72,45,28,11,13,11,10
9,12,14,30,69,105,131,131,123,153,142,128,118,68,58,82,115,101,69,20,19,13,13,13
0,10,29,58,94,134,146,156,110,100,134,141,121,74,69,72,77,106,89,58,10,2,0,7
2,11,12,54,89,141,190,173,134,101,93,118,143,112,75,66,74,229,103,52,13,9,6,2
0,4,3,48,71,149,192,170,135,100,91,69,89,122,98,77,68,64,14,9,29,36,29,11
0,0,5,17,71,122,147,150,131,118,91,72,66,97,119,115,94,48,13,10,0,0,0,4
0,0,0,19,63,110,110,135,123,108,106,76,27,68,83,99,103,80,70,15,0,6,4,4
0,0,0,12,62,112,127,118,121,120,107,95,62,77,54,50,80,102,62,54,30,18,5,0
0,0,0,2,74,111,119,126,136,124,103,83,14,12,0,4,10,23,25,50,47,12,10,0
0,3,10,15,85,117,135,165,127,106,103,80,13,0,0,0,0,5,0,8,31,12,10,9
6,8,7,13,71,120,130,140,106,76,64,75,52,47,38,42,15,10,0,0,6,9,5,3
9,18,35,46,67,115,166,228,265,119,59,48,43,52,36,33,31,14,24,31,26,17,11,0
8,14,40,78,127,143,172,193,211,127,59,56,62,46,14,6,5,8,9,10,8,6,4,0
11,26,60,105,132,173,206,204,186,137,100,111,41,14,14,27,10,11,12,9,11,12,2,2
4,12,63,105,121,181,202,180,170,145,109,108,92,68,13,7,10,13,9,11,11,12,12,3
15,14,41,79,120,134,179,187,189,148,137,106,50,25,32,21,13,11,9,14,9,7,6,0
9,9,19,77,97,108,151,158,170,144,121,100,66,40,12,22,12,11,15,6,10,14,10,8
0,7,10,24,102,107,134,150,154,143,130,112,14,12,5,3,7,7,8,7,11,9,2,2
8,1,0,13,51,108,121,144,147,141,130,111,73,8,4,4,11,12,0,6,2,6,10,0
0,4,5,13,30,100,111,130,131,148,136,113,104,57,8,8,7,11,6,7,12,10,10,8
0,0,4,3,7,71,102,109,125,134,118,109,81,11,12,0,6,14,9,7,12,0,8,1
4,2,5,0,9,50,101,107,107,122,122,104,106,57,13,0,11,13,6,10,13,10,11,2
0,0,10,11,1,28,61,101,113,114,125,82,77,60,24,2,12,10,37,5,9,12,7,1
4,0,13,0,0,11,22,45,59,65,91,80,67,66,44,0,10,14,12,5,5,10,6,4
1,4,0,0,2,8,13,38,51,63,84,87,83,101,49,8,13,24,13,14,7,13,8,0
0,0,0,9,23,14,13,47,56,100,95,86,94,109,54,10,9,12,11,6,11,3,1,0
4,0,0,12,13,14,18,34,54,66,92,88,82,61,22,14,6,10,4,0,0,9,0,5
0,0,0,5,8,10,19,25,56,62,88,83,78,53,12,12,3,0,0,0,0,0,0,3
0,10,0,7,9,13,24,45,45,63,72,66,74,46,12,10,5,9,0,2,5,0,0,0
2,5,10,7,6,12,28,39,53,68,76,87,86,52,14,0,5,0,9,3,0,0,0,7
4,0,3,5,13,11,44,50,33,54,73,72,68,54,3,0,6,12,0,0,0,0,0,6
0,0,0,12,12,16,20,51,51,52,69,66,66,27,6,9,0,0,0,8,0,0,10,6
0,5,14,10,11,15,22,53,51,58,61,69,77,63,44,7,0,0,0,0,0,0,5,0
8,13,8,11,10,11,29,50,46,54,56,82,106,57,29,3,5,8,0,4,0,0,0,0
11,13,4,10,9,12,26,15,34,54,54,75,68,68,50,28,14,12,10,9,6,4,0,0
11,7,12,7,12,12,19,14,28,37,12,66,85,66,51,31,26,14,5,6,0,1,4,4
2,10,13,11,11,13,14,11,8,13,21,58,67,73,58,14,11,10,12,6,6,0,5,6
8,9,0,10,4,0,8,9,7,8,12,13,64,56,58,43,13,12,9,9,13,9,7,2

0,3,0,0,0,5,4,10,71,64,77,87,68,50,12,4,0,0,7,0,0,0,7,8
4,1,3,0,2,50,105,138,183,121,71,64,58,63,51,14,6,6,8,0,0,0,5,9
6,8,0,12,37,102,116,208,217,178,128,106,62,72,68,52,11,5,11,11,0,0,9,10
7,10,2,13,52,92,201,198,234,236,175,116,101,104,105,102,38,13,12,7,5,11,12,9
2,3,5,17,57,120,193,204,279,289,215,127,72,70,96,104,69,52,14,2,10,6,0,0
0,0,2,26,68,103,153,209,325,379,231,122,86,72,67,102,85,59,15,12,11,13,6,9
8,5,4,39,70,111,140,119,198,269,208,137,89,10,57,93,106,73,45,30,11,13,11,10
9,12,14,31,69,105,131,130,123,153,142,128,118,68,57,82,115,101,70,43,20,13,13,13
0,10,30,58,94,134,146,156,111,100,134,141,121,74,68,72,77,106,90,58,10,2,0,7
2,11,12,54,89,140,189,174,136,103,92,118,143,113,75,66,74,229,104,52,13,9,6,2
0,4,3,49,71,149,191,171,138,102,92,69,89,122,98,77,68,64,14,9,29,38,29,11
0,0,6,19,72,122,147,151,132,120,94,73,66,98,119,116,94,50,13,10,0,0,0,4
0,0,0,21,64,111,110,135,124,109,107,80,28,68,82,99,103,81,70,15,0,6,4,4
0,0,0,13,64,112,127,118,121,121,108,100,65,78,53,50,79,102,62,54,30,18,5,0
0,0,0,2,74,111,119,126,136,125,104,84,15,11,0,4,10,21,23,50,47,12,10,0
0,3,10,15,86,116,134,163,126,107,103,81,14,0,0,0,0,5,0,7,32,12,10,9
5,8,7,13,71,120,129,138,105,76,64,75,52,47,36,39,14,10,0,0,6,9,5,3
9,18,35,46,67,114,164,225,260,117,60,47,43,51,36,33,31,14,22,31,26,17,11,0
8,14,41,78,127,143,171,192,210,126,59,57,64,44,13,5,5,7,8,9,8,6,4,0
11,27,60,105,131,172,205,204,185,137,100,111,41,14,14,24,10,11,12,9,11,12,2,2
4,12,63,105,120,181,202,180,170,145,110,108,93,68,13,7,10,13,9,11,11,12,12,3
15,15,41,79,120,135,178,187,189,148,137,107,50,25,31,20,13,10,9,14,9,7,6,0
9,9,19,78,97,108,152,158,170,145,121,100,65,40,12,21,11,11,15,6,10,14,10,7
0,7,10,25,102,107,134,150,154,142,131,112,16,12,6,3,7,7,8,7,11,9,2,2
8,1,0,13,51,108,121,144,147,141,130,111,73,8,4,4,11,12,0,6,1,6,10,0
0,4,5,13,30,100,111,130,131,147,136,113,104,58,8,8,7,11,6,7,12,10,10,8
0,0,4,2,7,72,102,109,125,133,118,109,81,12,12,0,6,14,9,7,12,0,8,1
3,1,5,0,9,50,101,107,107,122,123,104,106,56,13,0,11,13,6,10,13,9,10,2
0,0,10,11,1,28,61,101,113,114,125,82,76,59,24,2,12,10,37,5,9,12,7,0
4,0,13,0,0,10,22,45,59,65,92,80,66,66,44,0,10,14,11,5,5,10,6,4
1,4,0,0,2,8,13,38,51,63,84,87,83,100,49,8,13,24,13,14,7,13,8,0
0,0,0,9,23,14,13,48,56,100,95,86,94,109,54,10,9,12,11,6,11,3,1,0
4,0,0,12,13,14,18,32,54,66,92,88,81,60,20,14,6,10,4,0,0,9,0,5
0,0,0,5,8,10,19,25,56,63,88,83,77,53,12,12,3,0,0,0,0,0,0,3
0,10,0,7,9,13,24,44,45,63,72,66,74,46,12,10,4,8,0,2,5,0,0,0
2,5,10,7,6,12,28,38,53,68,76,87,86,52,14,0,5,0,9,3,0,0,0,7
3,0,3,5,13,11,43,50,33,53,73,72,68,54,3,0,6,12,0,0,0,0,0,6
0,0,0,12,12,16,20,51,51,52,70,66,66,27,6,9,0,0,0,8,0,0,10,6
0,5,13,10,11,15,21,53,51,58,61,69,77,63,44,7,0,0,0,0,0,0,5,0
8,13,8,11,10,11,29,50,46,54,56,82,106,57,28,3,5,8,0,4,0,0,0,0
10,13,4,10,9,12,26,15,33,54,54,75,68,68,50,28,14,12,10,9,5,4,0,0
11,7,12,7,12,12,20,14,28,37,12,66,85,66,51,31,26,14,5,6,0,1,4,4
2,10,13,11,11,12,14,11,8,13,22,58,67,73,58,14,11,10,12,6,6,0,5,6
8,9,0,10,4,0,8,9,7,8,12,13,64,56,58,45,13,12,10,9,13,9,7,2

0,3,0,0,0,5,4,10,71,64,76,87,68,50,12,3,0,0,7,0,0,0,7,8
4,1,3,0,2,50,105,138,182,121,72,64,58,63,51,14,6,6,8,0,0,0,5,9
7,8,0,12,36,102,116,207,217,178,128,106,62,72,68,53,11,5,11,11,0,0,9,10
7,10,2,13,52,92,200,197,234,235,175,116,101,104,105,102,38,14,12,7,5,11,12,9
2,3,5,16,57,120,192,204,279,289,216,127,72,70,96,104,69,52,14,2,10,6,0,0
0,0,2,26,68,103,152,209,327,379,233,122,87,72,67,102,85,59,16,12,11,14,6,9
8,5,4,39,70,111,140,119,200,270,210,138,90,10,57,93,106,73,45,31,12,13,11,10
9,13,14,32,69,105,131,130,124,155,144,129,119,68,58,82,115,101,71,47,21,13,13,14
0,10,30,58,95,135,146,157,111,101,135,142,122,74,68,72,77,106,91,58,10,3,0,7
2,11,12,54,90,141,189,173,136,103,93,119,143,113,75,66,74,228,105,53,14,9,6,2
0,4,3,50,71,149,191,170,137,101,92,70,89,122,98,77,68,64,14,9,29,39,28,11
0,0,6,20,72,122,147,150,131,119,93,73,67,98,120,116,95,50,13,10,0,2,0,4
0,0,0,21,64,111,110,135,124,108,107,80,29,68,82,99,103,81,71,15,0,6,4,4
0,0,0,13,64,112,127,118,121,121,108,100,66,78,53,50,79,102,63,54,30,18,5,0
0,0,0,2,74,111,119,126,136,125,104,85,20,12,0,4,10,20,25,50,47,12,10,0
0,3,10,15,86,117,134,164,127,106,103,81,14,0,0,0,0,5,0,7,32,12,10,9
5,8,7,13,71,120,130,139,106,77,64,75,52,46,36,40,14,10,0,0,6,9,5,3
9,18,35,46,67,114,166,227,265,119,60,47,43,51,36,33,31,14,22,31,26,17,11,0
8,14,40,77,126,143,172,193,211,127,59,56,62,44,13,5,5,7,8,9,8,6,4,0
11,27,60,105,131,171,205,204,186,137,100,111,40,14,13,23,10,11,12,9,11,11,1,1
4,12,63,105,120,180,201,181,170,145,110,108,93,68,13,6,9,13,9,11,11,12,12,3
15,14,41,79,120,134,178,187,189,148,137,107,51,25,31,19,13,10,9,14,9,7,6,0
9,9,19,76,97,108,151,158,170,144,121,100,65,40,11,21,11,11,15,6,10,13,10,7
0,7,10,27,102,107,134,150,154,143,131,113,17,12,6,3,7,7,8,7,11,9,2,2
8,1,0,13,51,108,121,143,147,141,130,111,75,8,4,3,11,12,0,6,1,6,10,0
0,4,5,13,30,100,111,130,131,148,136,113,104,58,8,8,7,11,6,7,12,10,10,8
0,0,4,3,7,71,102,109,125,133,118,109,81,11,12,0,6,14,9,7,11,0,8,1
4,2,5,0,8,51,101,107,107,122,123,104,106,57,13,0,11,13,6,10,13,9,10,2
0,0,10,12,1,28,60,101,113,114,125,82,76,59,22,2,11,10,36,5,9,12,7,0
4,0,13,0,0,10,22,45,59,65,91,80,66,65,42,0,9,14,11,5,4,10,6,4
1,4,0,0,2,8,13,38,51,63,84,87,82,99,48,8,13,23,13,14,7,13,8,0
0,0,0,9,23,14,13,50,56,101,95,85,94,108,53,9,9,11,11,6,11,2,1,0
4,0,0,12,13,14,18,32,54,66,92,87,81,60,20,14,5,10,4,0,0,9,0,5
0,0,0,5,8,10,19,26,56,63,88,83,77,53,12,12,3,0,0,0,0,0,0,3
0,10,0,7,9,13,24,45,46,63,72,66,74,44,12,10,4,8,0,1,5,0,0,0
2,5,10,7,6,12,28,38,53,68,76,87,85,52,14,0,4,0,9,3,0,0,0,7
4,0,3,5,13,11,43,50,33,54,73,71,68,54,3,0,6,12,0,0,0,0,0,5
0,0,0,12,12,15,20,51,51,52,70,66,66,27,7,9,0,0,0,8,0,0,10,6
0,5,13,10,11,15,21,52,51,58,60,69,77,63,44,7,0,0,0,0,0,0,5,0
8,13,8,11,10,11,29,47,45,55,56,82,106,57,28,4,5,8,0,4,0,0,0,0
10,13,4,10,9,12,26,15,33,53,55,75,68,68,50,28,14,12,10,9,5,3,0,0
11,7,12,8,12,12,20,14,28,38,13,67,86,66,51,34,28,14,5,6,0,1,4,4
2,10,13,11,11,12,14,11,8,13,22,59,67,73,58,14,11,10,12,6,6,0,5,6
8,9,0,10,4,0,8,9,7,8,12,13,64,56,58,46,13,12,10,10,13,9,7,2

0,3,0,0,0,5,4,10,71,64,76,86,67,50,12,3,0,0,7,0,0,0,7,9
5,1,3,0,2,51,105,139,184,121,72,64,58,63,51,14,6,7,8,0,0,0,5,9
7,8,0,12,36,102,117,210,218,179,128,106,62,72,68,52,11,5,11,11,1,0,9,10
7,10,2,13,53,93,203,199,235,237,176,116,101,104,105,102,39,14,12,7,5,11,12,9
2,3,5,18,57,121,194,206,280,290,217,127,72,70,96,104,69,53,14,2,10,6,0,0
0,0,3,27,69,104,155,210,326,380,233,123,87,72,67,102,85,59,16,12,11,14,6,9
8,6,5,39,70,112,142,120,200,271,210,137,90,10,57,93,106,73,45,32,12,13,11,10
9,13,14,35,70,106,132,132,124,154,143,129,119,68,58,82,116,101,71,47,22,13,13,14
0,10,32,59,95,136,147,157,111,100,134,141,122,74,69,72,77,107,91,58,10,3,0,7
3,11,13,54,91,143,190,173,135,102,93,119,144,113,75,66,75,233,105,53,14,10,7,3
0,4,4,50,72,152,192,169,135,100,92,69,89,123,98,77,68,64,15,9,30,40,27,11
0,0,6,21,73,123,148,149,130,118,91,73,67,97,120,116,95,50,13,10,0,3,0,4
0,0,0,21,65,112,110,134,123,108,107,77,29,68,82,99,103,81,71,15,0,6,3,4
0,0,0,13,63,112,127,118,121,120,108,96,64,78,53,50,79,102,63,54,30,18,5,0
0,0,0,2,73,111,119,127,136,125,104,83,17,12,0,4,10,21,23,50,47,12,10,0
0,3,10,14,85,116,134,164,128,106,103,80,14,0,0,0,0,5,0,7,32,12,10,9
6,8,7,13,70,119,128,138,107,77,64,75,52,45,35,39,14,10,0,0,6,9,5,3
8,18,34,45,66,112,162,222,265,123,59,47,43,51,36,32,30,14,22,31,26,17,11,0
8,14,40,76,125,141,170,192,211,128,59,56,60,42,13,5,4,7,8,9,8,6,4,0
11,26,60,105,130,170,204,204,186,137,100,112,39,14,13,21,10,11,12,9,11,11,1,1
4,12,62,105,119,178,201,181,170,145,110,108,92,67,13,6,9,13,9,11,11,12,12,3
15,14,41,78,119,133,177,187,189,148,138,107,51,25,31,19,13,10,9,14,9,7,6,0
9,9,18,77,96,107,151,158,170,145,121,100,65,40,11,21,11,11,14,5,10,13,10,7
0,7,10,21,102,107,134,149,154,142,131,113,19,12,6,3,7,7,8,7,11,9,1,2
8,1,0,13,49,108,121,143,146,141,130,111,77,8,4,3,11,11,0,6,1,6,10,0
0,4,5,13,30,100,111,130,131,148,136,113,104,58,8,8,7,11,6,6,11,10,10,8
0,0,4,3,7,70,102,109,125,133,118,109,81,12,12,0,6,14,9,7,11,0,8,1
4,2,5,0,8,50,101,107,107,122,122,103,106,57,13,0,11,13,6,10,12,9,10,2
0,0,10,11,1,28,62,101,113,114,124,82,76,59,20,2,11,10,36,5,9,11,7,0
4,0,13,0,0,10,22,44,59,65,91,80,66,65,41,0,10,14,11,5,4,10,6,4
1,4,0,0,2,8,13,38,51,64,84,86,83,97,48,8,13,23,13,13,6,13,8,0
0,0,0,9,23,14,13,48,56,101,95,85,94,108,53,9,9,11,11,6,11,2,1,0
4,0,0,12,13,14,18,33,54,66,93,87,80,60,18,13,5,10,4,0,0,9,0,5
0,0,0,5,8,10,18,25,56,63,88,83,77,53,12,11,3,0,0,0,0,0,0,3
0,10,0,7,9,13,24,45,45,63,72,66,74,44,11,9,4,8,0,1,5,0,0,0
2,5,10,7,6,12,28,38,53,68,76,87,85,52,14,0,4,0,9,3,0,0,0,7
4,0,3,5,13,11,43,50,33,54,73,72,67,54,3,0,6,12,0,0,0,0,0,6
0,0,0,12,12,15,21,51,51,52,69,66,66,28,6,9,0,0,0,8,0,0,10,6
0,5,13,10,11,15,21,53,51,58,61,69,77,63,45,7,0,0,0,0,0,0,5,0
8,13,8,11,10,11,28,50,44,54,56,82,106,57,29,4,5,8,0,3,0,0,0,0
10,13,4,10,9,12,25,15,34,54,55,75,68,69,50,28,14,12,10,9,5,3,0,0
11,7,12,7,12,12,18,14,28,37,13,66,86,66,51,35,27,14,5,5,0,1,3,4
2,10,13,11,11,12,14,11,8,13,22,59,67,73,58,14,11,10,12,6,6,0,5,6
8,9,0,10,4,0,8,9,7,8,12,13,64,56,58,47,13,12,10,10,13,9,7,2

0,3,0,0,0,5,4,10,71,64,75,85,67,50,12,3,0,0,7,0,0,0,7,9
5,1,3,0,2,51,105,140,185,121,72,64,57,63,51,14,6,7,8,0,0,0,5,9
7,8,0,12,37,102,117,211,219,179,128,106,62,72,68,53,11,5,11,11,1,0,9,10
7,10,2,13,53,93,204,200,235,238,176,116,101,104,105,102,39,14,12,8,5,11,12,9
2,4,6,19,58,122,195,206,280,290,217,127,72,70,96,104,69,53,14,2,10,7,0,0
0,0,3,27,69,105,155,211,328,379,233,123,87,72,67,102,85,59,16,12,11,14,7,9
8,6,5,40,71,113,143,120,200,271,210,138,90,11,58,94,107,73,45,33,12,13,11,10
9,13,14,36,70,106,133,132,124,154,143,129,119,68,58,83,116,101,71,47,23,13,13,13
0,11,33,59,96,137,148,158,111,101,134,141,122,74,69,72,78,108,91,58,10,3,0,7
3,11,13,54,91,144,192,173,134,101,93,119,143,113,75,66,75,237,106,53,14,10,7,3
0,5,4,50,72,154,194,169,134,99,92,69,89,122,98,77,68,64,18,9,29,40,27,11
0,0,6,21,72,124,149,150,130,117,90,72,66,97,119,116,95,50,13,10,0,3,0,4
0,0,0,20,64,112,111,134,123,107,106,75,28,68,83,99,103,81,71,14,0,5,3,4
0,0,0,13,62,112,127,118,121,120,107,95,63,77,53,50,79,102,63,54,30,18,5,0
0,0,0,2,73,111,119,127,136,124,104,83,17,12,0,4,10,23,25,50,47,12,10,0
0,3,10,14,83,116,134,165,128,106,103,80,14,0,0,0,0,5,0,7,33,12,10,9
5,8,7,12,70,118,127,137,108,78,64,75,51,44,35,39,14,10,0,0,6,9,5,3
8,17,34,45,65,111,160,219,265,125,59,47,43,51,35,32,30,14,21,30,25,16,11,0
8,14,39,75,125,141,169,191,210,129,59,56,62,40,13,5,4,7,8,9,7,6,4,0
11,24,59,104,130,168,203,204,186,138,100,112,37,13,13,19,10,11,11,9,11,11,1,1
4,12,62,105,118,176,200,180,170,145,110,108,92,66,13,6,9,13,9,11,11,12,12,3
15,14,40,78,119,132,176,187,189,148,138,108,50,24,30,18,12,10,9,14,9,7,6,0
9,9,17,78,95,107,150,158,170,145,121,100,65,40,10,21,11,10,14,5,9,13,9,7
0,7,10,16,102,107,134,149,153,143,131,113,22,12,6,3,7,7,8,7,11,9,1,1
8,1,0,13,49,108,121,143,146,141,130,111,77,8,4,3,11,11,0,6,1,6,10,0
0,4,5,13,30,100,111,130,131,147,136,113,104,58,8,8,7,11,6,6,11,9,10,8
0,0,4,2,7,70,102,109,124,133,118,109,81,12,12,0,6,13,9,7,11,0,7,1
4,2,5,0,8,50,101,107,107,122,122,104,106,56,12,0,11,13,6,10,12,9,10,2
0,0,10,11,1,27,61,101,113,114,124,82,76,59,20,1,11,10,36,5,9,11,6,0
4,0,13,0,0,10,22,45,59,65,91,80,66,64,40,0,10,14,11,5,4,9,5,4
1,4,0,0,2,8,13,38,51,64,84,87,82,96,48,8,13,23,13,13,6,13,8,0
0,0,0,9,23,14,13,48,56,101,95,85,93,108,53,9,9,11,11,6,10,2,1,0
4,0,0,12,13,14,18,32,54,66,92,87,80,59,16,13,5,10,4,0,0,9,0,5
0,0,0,5,8,10,19,25,56,63,88,83,77,53,12,11,2,0,0,0,0,0,0,3
0,10,0,7,9,13,23,46,46,63,72,66,74,44,11,9,4,8,0,1,5,0,0,0
2,5,10,7,6,12,28,38,53,69,76,87,85,52,14,0,4,0,9,2,0,0,0,7
4,0,3,5,13,11,43,50,33,54,73,72,68,54,3,0,6,12,0,0,0,0,0,5
0,0,0,12,12,15,20,51,51,52,70,66,66,26,6,9,0,0,0,7,0,0,10,6
0,5,14,10,11,16,21,53,51,58,61,70,77,63,44,7,0,0,0,0,0,0,5,0
7,13,8,11,10,11,29,48,45,55,56,82,106,57,29,4,5,8,0,3,0,0,0,0
11,13,4,10,9,12,26,15,34,54,55,76,68,68,51,29,14,12,10,9,5,3,0,0
11,7,12,7,12,12,19,14,27,37,12,66,86,66,51,35,26,14,5,5,0,1,3,4
2,10,13,11,12,12,14,11,8,13,22,59,67,73,58,14,12,10,12,6,6,0,5,6
8,9,0,10,4,0,8,9,7,8,12,13,64,56,58,47,13,12,10,10,13,8,7,2

0,3,0,0,0,5,4,11,71,64,75,85,67,50,12,3,0,0,7,0,0,0,7,9
5,2,3,0,2,52,105,140,185,121,72,64,57,63,51,15,6,7,8,0,0,0,5,9
7,9,0,12,37,102,117,212,220,179,128,106,61,72,68,53,11,6,11,11,1,0,9,10
7,11,2,13,53,94,204,199,236,237,176,116,101,104,105,102,39,14,12,8,5,11,12,9
2,4,6,19,58,123,195,206,280,289,217,127,72,70,96,104,69,53,14,2,10,7,0,0
0,0,3,27,69,105,157,212,326,379,232,122,87,72,67,103,86,59,16,12,11,14,7,10
8,6,5,40,71,113,143,121,201,270,209,137,90,11,58,94,107,73,47,33,12,13,11,10
9,13,14,36,70,107,134,133,124,154,143,129,118,69,58,83,116,102,71,50,24,14,13,14
0,11,33,59,95,137,149,160,112,101,134,141,122,74,69,72,78,108,92,59,10,3,0,7
3,12,13,54,91,144,193,176,137,102,92,118,143,113,75,66,75,238,107,53,14,10,8,4
0,5,4,50,73,154,196,172,137,101,92,69,89,122,98,77,68,65,19,9,29,40,26,11
0,0,6,20,72,124,149,152,131,118,91,73,67,97,119,116,94,50,13,10,0,3,0,4
0,0,0,20,64,112,111,135,123,108,106,76,28,68,83,99,103,81,71,14,0,5,3,4
0,0,0,13,61,112,127,119,121,120,107,95,63,76,53,50,79,102,63,54,30,18,5,0
0,0,0,2,72,111,119,127,136,124,104,83,15,12,0,3,10,20,25,50,48,12,10,0
0,3,10,14,83,115,133,164,128,106,103,80,14,0,0,0,0,5,0,7,33,12,10,9
5,8,6,12,70,118,127,136,107,77,64,74,51,43,34,38,14,10,0,0,6,9,5,3
8,17,33,45,65,110,159,219,263,123,59,47,43,51,35,32,30,14,21,30,25,16,11,0
8,14,39,75,124,140,169,191,209,128,59,56,60,39,13,5,4,6,8,9,7,5,3,0
11,24,59,104,130,168,202,203,185,137,100,112,36,13,13,18,10,11,11,9,10,11,1,0
4,12,62,105,118,176,200,180,170,145,110,108,93,65,13,6,9,13,9,11,11,12,11,3
15,14,40,78,118,132,176,186,188,148,138,107,50,24,30,18,12,10,8,14,8,6,6,0
9,9,18,78,94,107,150,157,169,145,121,100,65,40,10,20,11,10,14,5,9,13,9,7
0,7,10,16,102,107,134,149,153,142,131,113,22,12,6,3,7,7,8,7,11,9,1,1
8,1,0,13,49,108,121,143,146,141,130,111,77,8,4,3,11,11,0,5,1,6,10,0
0,4,5,13,29,100,111,130,131,147,135,113,104,58,8,8,7,11,6,6,11,9,10,8
0,0,4,3,7,70,102,109,124,133,118,109,81,12,12,0,6,13,9,7,11,0,7,1
4,1,5,0,8,50,101,107,107,122,122,103,106,56,13,0,11,13,5,10,12,9,10,2
0,0,10,12,1,28,61,101,113,114,124,82,76,59,21,1,11,10,34,5,8,11,6,0
4,0,13,0,0,10,22,45,59,65,91,80,66,65,41,0,9,14,11,4,4,9,5,4
1,4,0,0,2,8,13,38,51,64,84,87,82,96,48,8,13,22,13,13,6,13,8,0
0,0,0,9,23,14,13,47,56,101,95,85,94,108,53,9,9,11,11,6,10,2,1,0
4,0,0,12,13,14,17,31,54,66,92,87,80,60,17,13,5,9,4,0,0,9,0,5
0,0,0,5,8,10,18,25,57,63,88,83,77,53,12,11,2,0,0,0,0,0,0,3
0,10,0,7,9,13,24,45,46,63,72,66,74,44,11,9,4,8,0,1,5,0,0,0
2,5,10,7,6,12,28,38,53,68,76,87,85,52,14,0,4,0,9,2,0,0,0,7
4,0,3,5,13,11,43,50,33,54,73,71,67,54,3,0,6,11,0,0,0,0,0,5
0,0,0,12,12,15,19,51,51,52,69,66,66,29,6,9,0,0,0,7,0,0,9,6
0,5,13,10,11,15,21,52,51,58,61,70,77,63,46,7,0,0,0,0,0,0,5,0
8,13,8,11,10,11,28,48,46,54,56,82,106,57,29,4,5,8,0,3,0,0,0,0
11,13,4,10,9,12,26,15,35,53,55,76,68,69,50,29,14,12,10,9,5,3,0,0
11,7,12,7,12,12,19,14,28,37,12,67,86,66,51,35,27,14,5,5,0,1,3,4
2,10,13,11,11,12,14,11,8,13,23,59,67,73,58,14,12,10,12,6,6,0,5,6
8,9,0,10,4,0,8,9,7,8,13,13,65,56,58,48,13,12,10,10,13,8,7,2

0,3,0,0,0,5,4,11,71,64,75,85,67,50,12,3,0,0,7,0,0,0,7,9
5,2,3,0,2,52,105,140,185,121,71,64,57,63,51,14,6,7,8,0,0,0,5,9
7,9,0,12,37,102,117,210,219,179,128,106,61,72,68,53,11,6,11,11,1,0,9,10
7,11,2,13,53,93,203,199,235,237,176,116,101,104,105,102,39,14,12,7,5,11,12,9
2,4,6,19,57,122,195,206,280,290,216,127,72,70,96,104,69,53,14,2,10,7,0,0
0,0,3,27,69,105,156,211,327,381,233,122,87,72,67,103,86,59,17,12,12,14,7,10
8,6,5,40,71,113,142,120,201,271,210,137,90,11,58,94,107,74,47,33,12,13,11,10
10,13,14,36,70,106,133,133,124,154,143,129,118,69,58,83,116,102,72,50,24,14,13,13
0,11,34,59,95,137,149,160,112,101,135,141,122,74,69,72,78,108,93,59,11,3,0,7
3,11,13,54,91,144,193,178,139,104,93,118,143,113,75,66,75,236,107,53,14,10,8,4
0,5,4,50,72,153,196,175,140,103,93,70,89,122,98,77,68,65,20,9,29,41,26,11
0,0,6,21,73,124,149,154,133,121,94,74,67,98,120,116,95,50,13,10,0,3,0,4
0,0,0,21,65,112,111,136,125,109,108,81,28,68,82,99,103,81,71,14,0,4,3,4
0,0,0,13,62,112,127,119,122,121,108,100,67,78,53,50,80,102,63,54,31,18,5,0
0,0,0,2,73,110,118,126,136,125,104,85,18,11,0,3,10,19,25,50,48,12,10,0
0,3,10,14,83,115,133,162,127,107,103,81,14,0,0,0,0,5,0,7,33,12,10,9
5,8,6,12,70,118,126,134,105,77,64,75,51,42,33,36,14,10,0,0,6,9,5,3
8,17,34,45,65,111,158,215,255,120,59,47,43,50,35,32,30,14,20,30,25,16,11,0
8,14,40,75,124,140,168,190,206,127,59,56,60,35,13,4,4,6,8,9,7,5,3,0
11,25,59,105,130,169,202,202,184,137,100,112,37,13,13,16,9,10,11,9,10,11,1,0
4,12,62,105,119,177,200,179,169,145,110,108,92,65,13,6,9,13,8,10,10,12,11,2
15,14,41,78,119,133,177,186,188,148,138,108,50,24,30,18,12,10,8,14,8,6,5,0
9,9,18,80,95,107,151,157,169,144,121,100,65,40,10,20,11,10,14,5,9,13,9,7
0,7,10,18,102,107,134,150,153,142,131,113,23,12,6,3,6,6,8,7,10,9,1,1
8,1,0,13,49,108,121,143,146,141,130,111,78,8,4,3,11,11,0,5,1,6,10,0
0,4,5,13,30,100,111,130,131,147,136,113,104,58,8,8,7,11,6,6,11,9,10,8
0,0,4,2,7,70,102,109,124,133,118,109,81,12,11,0,6,13,9,7,11,0,7,0
4,1,5,0,8,50,101,107,107,122,122,104,106,57,13,0,11,13,5,10,12,9,10,2
0,0,10,12,1,27,61,101,113,114,124,82,76,59,24,1,11,10,34,5,8,11,6,0
4,0,13,0,0,10,22,45,60,65,91,80,66,65,41,0,9,14,11,4,4,9,5,4
1,4,0,0,2,8,13,38,51,63,84,87,82,96,47,8,12,23,13,13,6,13,8,0
0,0,0,9,23,14,13,47,56,101,95,85,94,108,53,9,9,11,11,6,10,2,1,0
4,0,0,12,13,14,18,31,54,66,92,87,80,60,17,13,5,9,3,0,0,9,0,5
0,0,0,5,8,10,19,25,56,63,88,83,77,53,12,11,2,0,0,0,0,0,0,3
0,10,0,7,9,13,24,45,46,63,72,66,74,44,11,9,4,8,0,1,5,0,0,0
2,5,10,7,6,12,28,38,53,68,76,87,85,52,14,0,4,0,9,2,0,0,0,7
3,0,3,5,13,11,43,50,32,54,73,71,68,54,3,0,6,11,0,0,0,0,0,5
0,0,0,12,12,15,20,51,51,52,70,66,66,28,6,9,0,0,0,7,0,0,9,6
0,5,13,10,11,15,21,53,51,58,61,70,77,63,45,7,0,0,0,0,0,0,5,0
7,13,8,11,10,11,29,47,45,55,56,82,106,57,29,4,5,8,0,3,0,0,0,0
10,13,4,10,9,12,25,15,34,54,55,75,68,69,51,29,14,12,9,9,5,3,0,0
11,7,12,7,12,12,19,14,27,38,13,67,86,66,51,36,27,14,5,5,0,1,3,4
2,10,13,11,11,12,14,11,8,13,22,59,67,73,58,14,12,10,12,6,6,0,5,6
8,9,0,10,4,0,8,9,7,8,13,13,65,56,58,48,13,12,10,10,13,8,7,2

0,3,0,0,0,5,4,10,71,63,74,84,67,50,12,3,0,0,7,0,0,0,7,8
6,2,3,0,2,52,105,139,183,121,71,64,57,63,51,15,6,7,8,0,0,0,5,9
7,9,0,12,37,102,117,210,218,178,128,106,61,72,68,53,11,6,11,11,1,0,9,10
7,11,2,13,53,93,203,198,234,237,176,116,101,104,105,102,40,14,12,8,5,11,12,9
2,4,6,18,57,121,194,205,279,290,217,127,72,70,96,104,70,53,14,2,10,7,0,0
0,0,3,27,69,104,155,211,328,381,233,123,87,72,67,103,86,59,17,12,12,14,7,10
8,6,5,40,71,113,142,120,202,274,212,138,90,11,58,94,107,74,47,34,12,13,12,10
9,13,14,36,70,106,133,133,126,156,145,130,119,69,58,83,116,102,72,50,24,14,13,14
0,11,34,59,95,136,149,160,113,102,136,142,123,74,69,72,77,109,94,59,11,3,0,7
3,12,13,54,91,143,192,176,139,104,93,119,144,114,75,66,75,237,108,53,14,10,8,4
0,5,4,50,72,152,195,174,139,103,93,70,89,123,98,77,68,65,23,9,29,42,26,10
0,0,6,22,73,124,149,152,132,120,94,74,67,98,120,116,95,50,14,10,0,3,0,3
0,0,0,22,65,112,111,135,124,109,108,82,29,68,82,99,103,81,71,14,0,4,3,4
0,0,0,13,63,112,127,118,121,121,108,100,68,78,53,50,80,102,63,54,32,18,5,0
0,0,0,2,73,111,118,126,136,124,104,85,22,12,0,3,10,20,25,50,48,12,10,0
0,4,10,14,83,115,133,162,127,106,103,81,14,0,0,0,0,5,0,7,33,12,10,9
5,8,7,12,70,118,127,135,105,77,64,75,51,42,33,36,14,10,0,0,6,9,5,3
8,17,34,45,65,112,160,219,258,120,59,47,42,51,35,32,29,14,20,30,25,16,12,0
8,14,39,76,125,141,169,191,208,127,59,56,60,37,13,4,3,5,7,9,7,5,3,0
11,25,60,105,130,169,203,203,185,137,100,112,36,13,12,16,9,10,11,9,10,11,0,0
4,12,62,105,119,178,200,179,169,145,110,108,92,64,13,6,9,13,8,10,10,12,11,2
15,14,40,78,119,133,176,186,189,148,138,108,51,24,29,17,12,10,8,13,8,6,5,0
9,9,18,80,95,107,151,157,169,145,121,100,65,40,10,20,11,10,14,4,9,13,9,7
0,7,10,18,102,107,134,149,153,143,131,113,24,12,6,3,6,6,8,7,10,9,1,1
8,1,0,13,48,108,121,143,146,141,131,111,78,8,4,3,11,11,0,5,0,5,9,0
0,4,5,13,30,100,111,130,131,148,136,113,104,60,8,8,7,10,5,5,11,9,10,8
0,0,4,2,7,70,102,109,124,134,118,109,81,12,11,0,6,13,8,7,11,0,7,0
4,2,5,0,8,50,101,107,107,122,123,104,106,56,13,0,11,13,5,10,12,9,10,2
0,0,10,11,1,27,62,101,113,114,125,82,76,59,24,1,11,10,33,5,8,11,6,0
4,0,13,0,0,10,22,45,59,65,92,80,66,65,41,0,9,14,10,4,4,9,5,4
1,4,0,0,2,8,13,38,51,63,84,87,83,96,48,8,12,22,13,13,6,13,8,0
0,0,0,9,23,14,13,48,56,101,95,85,94,108,53,9,9,11,11,5,10,2,1,0
4,0,0,12,13,14,17,32,54,66,92,87,80,60,19,14,5,9,3,0,0,8,0,5
0,0,0,5,8,10,19,25,56,63,88,83,77,53,12,11,2,0,0,0,0,0,0,3
0,10,0,7,9,13,23,45,45,63,72,66,74,44,11,9,4,8,0,1,5,0,0,0
2,5,10,7,6,12,28,38,53,68,76,87,85,52,14,0,4,0,9,2,0,0,0,7
3,0,3,5,13,11,43,50,33,53,73,71,67,54,3,0,6,11,0,0,0,0,0,5
0,0,0,12,12,15,20,51,51,52,69,66,66,28,7,9,0,0,0,7,0,0,9,6
0,5,13,10,11,15,20,53,51,58,61,70,77,63,44,7,0,0,0,0,0,0,5,0
7,13,8,11,10,11,28,49,46,54,57,82,106,57,29,4,5,8,0,3,0,0,0,0
10,13,4,10,9,12,26,14,33,54,55,75,68,69,51,29,14,12,9,9,5,3,0,0
11,7,12,7,12,12,19,14,28,37,13,66,86,66,51,35,27,14,5,5,0,1,3,4
2,10,13,11,11,12,14,11,8,13,22,59,67,73,58,14,12,10,12,6,6,0,5,6
8,9,0,10,4,0,8,9,7,8,13,13,64,56,58,48,13,13,10,10,13,8,7,2

0,3,0,0,0,5,4,10,71,63,73,82,66,50,12,3,0,0,7,0,0,0,7,9
6,2,3,0,2,52,105,140,185,121,71,64,57,63,51,15,6,7,8,0,0,0,6,9
7,9,0,12,37,102,117,211,220,179,128,106,61,72,68,53,11,6,11,11,1,0,9,10
8,11,2,13,53,94,204,200,236,238,176,116,101,104,105,102,41,14,12,8,5,11,12,9
2,5,6,19,58,123,196,206,280,291,218,127,72,70,97,104,69,53,15,2,11,7,0,0
0,0,3,27,69,105,157,212,327,380,234,123,87,72,67,103,86,59,17,12,12,14,7,10
8,6,5,40,71,113,143,121,202,273,211,138,90,11,58,95,107,74,47,35,12,13,12,11
9,13,14,36,70,107,134,134,125,156,143,129,119,69,58,83,117,103,72,50,25,14,14,13
0,11,33,59,95,137,149,160,112,102,135,141,122,75,69,73,78,110,95,59,11,4,0,7
3,11,13,54,91,144,192,175,137,103,92,118,144,114,75,66,75,243,109,54,14,10,9,5
0,5,4,50,72,153,195,171,137,101,93,69,89,123,98,77,69,65,27,9,31,42,25,10
0,0,6,21,72,124,149,152,131,119,91,73,67,97,120,116,95,50,14,10,0,0,0,3
0,0,0,20,64,111,111,135,123,108,107,77,30,68,82,99,103,81,71,14,0,4,3,5
0,0,0,13,62,112,127,118,121,120,107,95,65,78,54,50,80,102,63,55,30,18,5,0
0,0,0,2,73,111,119,127,136,124,103,83,17,12,0,3,10,20,25,50,47,12,10,0
0,4,10,14,83,116,133,164,127,106,102,79,14,0,0,0,0,5,0,7,35,12,10,9
5,8,7,12,70,118,127,136,107,77,64,74,51,41,32,36,14,10,0,0,6,9,5,3
9,18,34,45,65,111,160,220,264,123,59,47,43,51,35,32,29,14,21,30,25,16,12,0
8,14,39,75,125,141,170,191,210,129,59,56,60,38,13,4,3,5,7,9,7,5,3,0
11,26,60,105,130,170,204,204,186,137,100,112,35,13,12,17,9,10,11,9,10,11,0,0
4,12,62,105,119,178,201,180,170,145,110,108,91,65,12,6,9,13,8,10,10,12,11,2
15,14,40,78,119,133,177,187,189,148,138,108,51,24,29,17,12,10,8,14,8,6,5,0
9,9,18,80,95,107,151,158,170,144,121,100,65,39,9,19,10,10,14,4,9,13,9,7
0,7,10,18,102,107,134,149,153,143,131,113,24,12,6,3,6,6,7,6,10,9,0,1
8,1,0,13,49,108,121,143,146,141,131,111,78,8,4,3,11,11,0,5,0,5,9,0
0,4,5,13,30,100,111,130,131,148,136,113,104,58,8,8,7,10,5,5,11,9,10,8
0,0,4,3,7,70,102,109,124,133,118,109,81,12,11,0,6,13,8,7,11,0,7,0
4,2,5,0,8,50,101,107,107,122,122,104,106,57,12,0,11,13,5,10,12,9,10,1
0,0,10,11,1,28,61,101,113,114,124,81,76,59,20,1,11,10,33,5,8,11,6,0
4,0,13,0,0,10,22,45,60,65,91,79,66,64,39,0,9,14,11,4,4,9,5,4
1,4,0,0,2,8,13,38,51,63,84,86,82,95,47,8,12,22,13,13,6,13,8,0
0,0,0,9,24,14,13,48,56,101,94,84,93,108,53,9,9,11,11,6,10,2,1,0
3,0,0,12,13,14,17,30,54,66,92,86,80,59,15,13,4,9,3,0,0,8,0,5
0,0,0,5,8,10,19,26,57,63,88,82,76,52,12,11,2,0,0,0,0,0,0,2
0,10,0,7,9,13,23,45,45,63,72,66,73,43,11,9,4,8,0,1,4,0,0,0
2,5,10,7,6,12,28,38,53,68,76,87,85,52,14,0,4,0,9,2,0,0,0,7
4,0,3,5,13,11,43,50,32,53,73,71,67,54,3,0,6,11,0,0,0,0,0,5
0,0,0,12,12,15,19,51,51,52,69,66,66,27,7,9,0,0,0,7,0,0,9,6
0,5,13,10,11,15,20,52,51,58,61,69,77,63,45,7,0,0,0,0,0,0,5,0
7,13,8,11,10,11,28,47,44,54,56,82,106,57,29,4,5,7,0,3,0,0,0,0
10,13,4,10,9,12,26,14,34,54,55,76,68,68,51,29,14,12,9,9,5,3,0,0
11,7,12,7,12,12,19,14,27,36,13,66,86,66,51,35,28,14,5,5,0,1,3,3
2,10,13,11,11,12,14,11,8,13,22,59,67,73,58,14,12,10,12,6,6,0,5,6
8,9,0,10,4,0,8,8,7,8,12,13,64,56,58,50,13,13,10,10,13,8,7,2
