4,0,0,0,5,11,52,83,114,77,9,6,0,5,0,2,0,0,0,0,0,0,0,0
0,0,0,4,13,52,114,131,145,99,61,39,6,0,0,0,0,0,0,0,0,0,0,0
0,0,0,0,0,57,108,118,114,107,68,34,12,0,2,0,0,0,0,0,0,0,0,0
0,0,0,0,0,0,69,107,105,101,22,10,8,9,13,0,0,0,10,0,0,0,0,0
0,0,0,0,0,0,0,0,85,80,64,63,63,53,53,40,3,4,0,1,0,0,0,0
0,0,0,0,0,0,14,62,79,88,91,90,87,73,73,68,54,51,41,27,13,1,0,0
0,0,3,5,12,31,68,79,92,91,112,121,125,111,105,99,74,78,61,14,25,0,0,0
0,0,1,59,54,86,94,109,105,102,118,135,123,119,118,110,83,81,70,58,14,4,7,2
0,0,18,64,74,85,93,114,124,122,120,146,148,154,135,114,114,79,71,80,56,24,0,0
0,52,66,71,73,89,118,125,151,147,160,199,201,188,157,130,111,71,63,74,61,33,7,4
5,52,59,60,80,93,121,144,183,181,186,203,197,179,156,130,96,73,45,70,67,59,11,1
10,58,72,62,89,73,95,145,190,197,201,191,175,192,166,139,113,57,35,66,70,65,33,6
26,59,88,69,28,89,102,128,159,184,184,191,188,177,157,135,110,54,50,54,71,68,45,12
14,67,100,36,4,68,103,123,133,151,166,156,150,148,148,128,107,83,87,27,52,46,9,11
11,100,100,63,0,36,62,112,103,96,130,134,138,123,139,119,102,73,11,55,5,0,0,0
12,53,63,14,0,11,52,103,99,89,94,107,121,116,106,101,78,100,9,0,0,0,3,5
7,14,51,14,1,8,66,100,78,88,109,91,113,79,75,79,91,57,79,13,0,0,12,5
0,9,27,18,11,26,49,67,91,102,126,125,102,103,97,148,80,68,52,20,25,27,18,12
0,0,5,3,5,8,73,105,90,131,148,161,152,123,129,135,137,106,73,80,39,23,12,7
0,0,0,1,9,7,56,117,126,130,170,199,213,185,169,186,159,133,116,116,52,45,26,14
0,0,0,0,11,14,86,117,119,143,200,229,234,218,220,245,153,165,129,54,68,12,12,15
0,0,0,0,13,21,71,117,145,185,244,257,288,267,244,254,219,196,130,114,50,37,16,15
0,0,7,0,18,21,79,124,150,180,239,234,226,226,225,217,209,177,104,109,98,36,11,10
0,0,0,0,10,12,101,114,138,163,196,215,216,190,208,163,200,137,130,114,100,57,12,0
0,2,0,0,6,12,94,110,119,132,153,163,160,129,141,133,145,118,114,90,60,33,24,13
5,6,9,0,8,9,100,105,109,115,126,132,115,106,104,109,12,109,103,90,37,7,10,12
0,0,0,0,0,7,63,98,102,105,106,104,101,76,101,105,2,100,77,53,48,24,13,7
0,8,0,0,0,0,60,59,91,101,104,106,73,72,69,55,51,73,48,50,27,12,12,14
0,0,0,0,0,0,15,66,77,79,84,69,62,61,61,12,82,69,38,26,32,19,14,9
0,0,7,0,0,0,10,22,67,87,77,60,55,39,41,37,43,46,34,14,12,14,14,8
0,4,3,2,6,7,12,27,52,59,65,66,45,17,15,29,40,44,34,14,12,10,1,13
0,0,0,0,0,3,5,10,39,60,100,54,50,14,7,18,51,44,34,29,13,3,4,6
4,0,0,0,0,0,10,7,19,50,42,20,50,5,9,13,52,40,23,13,10,6,3,0
0,0,0,1,0,0,0,11,26,42,50,51,29,8,6,29,29,32,32,13,8,10,8,0
0,0,0,0,0,10,12,14,50,54,52,50,26,0,0,29,53,55,56,33,11,10,6,5
0,0,0,0,3,9,11,35,54,57,56,57,52,8,11,51,56,55,68,41,13,15,4,0
0,0,0,0,0,2,9,44,63,58,78,59,58,11,25,58,78,98,115,51,15,13,3,0
0,0,0,0,7,12,13,44,54,64,71,73,55,38,46,63,66,72,129,34,13,9,4,0
0,0,0,0,0,6,14,25,53,67,97,61,52,51,52,62,71,64,84,51,28,11,8,0
0,0,0,0,0,3,9,14,66,83,57,68,61,52,52,61,68,58,102,52,27,13,10,5
0,2,3,3,2,4,0,8,46,57,59,61,56,34,58,61,52,64,71,52,13,13,14,11
5,7,2,0,4,8,5,12,15,55,60,62,52,14,15,45,60,63,68,46,15,12,1,7
0,4,0,0,2,0,0,11,11,54,63,71,21,6,14,14,39,56,50,14,6,12,8,0
0,0,0,2,7,7,5,10,13,30,55,77,25,14,7,6,10,13,13,12,12,0,8,6

4,0,0,0,5,12,52,84,114,77,9,6,0,5,0,2,0,0,0,0,0,0,0,0
0,0,0,5,13,52,114,131,145,99,60,36,6,0,0,0,0,0,0,0,0,0,0,0
0,0,0,0,0,57,107,118,114,107,68,34,12,0,2,0,0,0,0,0,0,0,0,0
0,0,0,0,0,0,69,107,105,101,21,10,8,9,13,0,0,0,10,0,0,0,0,0
0,0,0,0,0,0,0,0,85,80,64,63,62,53,53,40,2,4,0,1,0,0,0,0
0,0,0,0,0,0,14,61,78,88,91,90,87,73,72,68,54,51,42,27,13,1,0,0
0,0,3,5,12,31,68,80,92,91,111,121,125,111,105,99,74,79,61,14,25,0,0,0
0,0,1,59,54,86,93,109,106,102,119,136,123,119,118,110,83,81,71,58,14,4,7,2
0,0,18,64,74,85,93,114,124,122,120,146,148,155,135,114,114,79,71,80,56,25,0,0
0,52,66,71,73,89,118,125,151,147,159,199,201,188,157,130,111,71,63,74,61,34,7,4
5,52,58,60,80,93,121,145,183,180,186,202,197,179,155,130,96,73,47,70,67,60,11,1
10,58,72,63,89,73,96,145,190,197,201,191,175,192,166,139,113,57,35,66,70,66,35,6
27,59,89,70,29,89,102,128,159,184,184,191,188,177,157,134,110,54,50,55,72,69,46,12
15,67,101,38,4,68,103,123,134,151,166,156,150,148,148,128,107,83,88,30,52,48,10,11
11,100,100,65,0,37,62,112,103,96,129,134,137,123,139,118,102,73,11,56,5,0,0,0
12,53,64,14,0,11,53,103,99,89,94,107,121,116,106,101,78,100,9,0,0,0,3,5
8,14,51,14,1,8,66,100,78,88,109,91,113,79,75,79,91,57,79,13,0,0,12,5
0,9,28,19,11,26,49,66,90,102,126,125,102,102,97,148,80,67,52,20,25,26,18,12
0,0,5,3,5,8,73,105,90,130,148,160,152,123,129,135,137,106,73,80,39,23,12,7
0,0,0,1,9,7,56,117,126,130,170,199,213,185,169,186,159,133,116,116,53,44,27,14
0,0,0,0,11,14,86,117,119,143,200,229,234,218,220,245,153,165,129,54,68,12,12,15
0,0,0,0,13,21,71,117,145,185,244,257,288,267,243,254,219,195,130,114,50,37,16,15
0,0,7,0,18,21,78,124,150,179,239,234,225,226,224,217,210,176,104,109,98,36,11,10
0,0,0,0,10,12,101,114,138,163,196,214,215,190,208,163,201,137,130,114,100,56,12,0
0,2,0,0,6,12,92,109,119,132,153,163,160,129,140,133,145,118,114,90,60,33,24,13
5,6,9,0,8,9,98,105,109,114,126,132,115,106,104,109,12,109,103,89,37,7,10,12
0,0,0,0,0,7,64,98,102,106,106,104,102,77,101,105,2,100,77,53,48,23,13,7
0,8,0,0,0,0,59,59,90,101,104,106,73,71,70,55,51,73,50,50,27,12,12,14
0,0,0,0,0,0,14,66,77,78,84,69,62,61,62,12,83,69,38,26,32,19,14,9
0,0,7,0,0,0,10,21,67,87,76,60,55,39,41,37,43,46,34,14,12,14,15,8
0,4,3,2,6,7,12,27,52,59,65,65,45,17,15,29,41,45,34,14,12,10,1,13
0,0,0,0,0,3,5,10,37,59,100,54,50,13,7,19,51,44,34,29,13,3,4,6
4,0,0,0,0,0,10,7,19,50,42,20,50,5,9,13,51,40,23,13,10,6,3,0
0,0,0,1,0,0,0,11,26,42,50,51,30,8,6,29,29,31,32,14,8,10,8,0
0,0,0,0,0,10,12,14,50,54,52,51,26,0,0,29,53,55,56,32,11,10,6,5
0,0,0,0,3,9,11,35,54,57,56,57,52,8,11,51,56,55,68,42,13,15,4,0
0,0,0,0,0,2,9,44,63,58,78,58,58,11,24,58,78,97,115,51,15,13,3,0
0,0,0,0,7,12,13,43,54,64,71,73,55,38,46,62,66,72,129,34,13,9,4,0
0,0,0,0,0,6,14,24,53,67,97,61,52,51,52,62,71,64,84,51,28,11,8,0
0,0,0,0,0,3,9,13,66,83,57,68,61,52,52,61,68,58,102,52,27,13,10,5
0,2,3,3,2,3,0,7,46,56,59,61,55,34,58,60,52,64,71,52,13,13,14,11
5,7,2,0,4,8,5,12,16,55,60,62,52,15,15,45,60,63,68,46,15,12,1,7
0,4,0,0,2,0,0,11,11,54,63,71,21,6,14,14,39,56,50,14,6,12,8,0
0,0,0,2,7,7,5,10,13,30,55,77,24,14,7,6,10,13,13,12,12,0,8,6

4,0,0,0,5,12,52,84,114,77,9,6,0,5,0,2,0,0,0,0,0,0,0,0
0,0,0,6,13,52,115,132,145,99,60,39,6,0,0,0,0,0,0,0,0,0,0,0
0,0,0,0,0,58,107,118,114,107,68,33,12,0,2,0,0,0,0,0,0,0,0,0
0,0,0,0,0,0,69,107,105,101,21,10,8,9,13,0,0,0,10,0,0,0,0,0
0,0,0,0,0,0,0,0,85,80,64,63,63,53,53,40,2,4,0,1,0,0,0,0
0,0,0,0,0,0,14,61,78,88,90,90,87,73,72,68,54,50,42,27,13,1,0,0
0,0,3,5,11,30,67,79,92,90,111,120,125,111,104,99,74,78,61,14,26,0,0,0
0,0,1,59,53,85,93,108,105,101,118,135,123,119,118,110,83,81,71,58,14,4,7,2
0,0,19,64,73,85,93,114,124,122,119,146,148,155,135,114,114,79,72,80,56,25,0,0
0,52,66,71,73,89,118,125,152,147,160,199,202,189,158,131,111,71,63,74,61,34,7,4
5,52,59,60,80,93,122,145,183,181,187,204,198,179,156,130,96,73,48,70,67,60,11,1
10,58,72,63,89,73,96,146,191,198,202,192,176,192,166,139,113,57,36,66,70,66,37,6
28,59,88,71,29,89,102,128,160,185,185,191,188,177,157,134,110,54,50,55,72,71,47,12
17,67,101,40,4,68,103,123,134,152,166,156,150,147,147,128,107,83,88,31,53,50,10,11
12,100,101,66,0,37,62,112,103,96,129,133,137,122,139,118,101,73,11,56,5,0,0,0
13,53,64,16,0,12,53,103,99,89,93,107,121,116,105,101,78,100,9,0,0,0,3,5
8,17,52,14,1,8,66,100,78,88,108,91,113,79,75,79,91,56,79,13,0,0,12,5
0,9,28,20,11,26,49,66,90,102,126,124,102,102,97,148,79,67,51,20,25,26,18,12
0,0,5,3,6,8,73,105,90,130,148,160,152,123,129,135,137,106,73,80,39,23,12,8
0,0,0,1,9,7,56,117,126,130,170,199,213,185,169,186,159,133,116,116,52,45,28,14
0,0,0,0,11,14,86,117,119,143,200,229,234,218,220,245,153,166,129,54,68,12,12,15
0,0,0,0,13,21,72,117,145,185,244,257,288,268,244,255,220,196,130,114,50,37,16,15
0,0,7,0,18,22,78,124,150,179,239,234,226,226,225,217,210,176,104,109,98,36,11,10
0,0,0,0,10,12,101,114,138,163,196,214,215,191,208,163,201,137,130,114,100,57,12,1
0,1,0,0,6,12,92,109,119,132,153,162,160,129,140,133,145,118,114,90,60,33,24,13
5,6,9,0,8,9,100,105,109,114,126,132,116,106,104,109,12,109,103,89,37,7,10,12
0,0,0,0,0,7,63,98,102,105,106,104,101,77,101,105,2,100,77,52,48,23,13,7
0,8,0,0,0,0,59,59,90,101,104,106,73,72,70,55,51,73,50,50,28,12,12,14
0,0,0,0,0,0,14,65,77,78,84,69,62,61,62,12,82,69,38,27,32,18,14,9
0,0,7,0,0,0,10,21,67,87,77,60,55,38,41,37,43,46,34,14,12,14,15,8
0,4,3,2,6,7,12,27,52,59,66,65,45,17,16,29,41,45,34,14,12,10,1,13
0,0,0,0,0,3,5,10,39,60,100,54,50,13,7,20,51,45,34,29,13,3,4,6
4,0,0,0,0,0,10,7,20,50,43,20,50,5,9,13,52,40,23,13,10,6,3,0
0,0,0,1,0,0,0,11,26,42,50,51,30,8,6,29,29,31,32,14,8,10,8,0
0,0,0,0,0,10,12,14,50,54,52,50,27,0,0,29,53,55,56,32,11,10,6,5
0,0,0,0,3,9,11,35,54,57,56,57,52,8,10,51,56,54,68,42,13,15,4,0
0,0,0,0,0,2,9,43,63,58,78,59,58,11,25,58,78,97,115,51,15,13,3,0
0,0,0,0,7,12,13,44,54,64,71,73,55,39,46,63,66,72,129,34,13,9,4,0
0,0,0,0,0,6,14,24,53,67,97,61,52,51,52,62,71,64,84,51,29,11,8,0
0,0,0,0,0,3,9,13,66,83,57,68,60,52,52,61,68,58,102,52,28,13,10,5
0,2,3,3,2,3,0,7,46,56,59,61,55,36,58,60,52,64,71,52,13,13,14,11
5,7,2,0,5,8,5,12,16,55,60,62,52,16,15,45,60,63,69,46,14,13,1,7
0,4,0,0,2,0,0,11,11,53,63,72,23,6,14,14,41,56,50,14,7,12,8,0
0,0,0,2,7,7,5,10,13,29,55,77,24,14,7,6,10,13,13,12,12,0,8,6

4,0,0,0,5,12,52,84,114,76,8,6,0,5,0,2,0,0,0,0,0,0,0,0
0,0,0,6,13,52,115,132,145,99,60,37,6,0,0,0,0,0,0,0,0,0,0,0
0,0,0,0,0,58,107,118,114,107,68,34,12,0,2,0,0,0,0,0,0,0,0,0
0,0,0,0,0,0,69,107,105,100,19,10,8,9,13,0,0,0,10,0,0,0,0,0
0,0,0,0,0,0,0,0,85,80,64,63,62,53,53,40,2,4,0,1,0,0,0,0
0,0,0,0,0,0,14,61,78,88,90,90,87,73,72,68,54,51,42,28,13,1,0,0
0,0,3,6,12,32,68,79,92,90,111,120,125,111,105,99,74,78,61,14,26,0,0,0
0,0,1,59,54,86,94,109,105,102,118,135,123,119,118,110,83,81,71,58,14,4,7,2
0,0,19,64,74,85,94,115,124,122,119,146,148,155,135,114,114,79,72,80,56,25,0,0
0,52,67,71,74,89,118,125,152,147,160,199,201,189,158,131,111,71,64,74,61,34,7,4
5,52,59,60,80,93,121,145,183,181,187,204,198,180,156,130,96,73,48,70,67,60,11,1
11,58,72,63,89,73,96,145,191,198,202,192,176,192,166,139,113,57,36,66,70,67,37,6
27,59,89,71,28,89,102,128,160,185,185,191,188,177,157,135,110,54,50,55,72,70,47,12
18,67,101,39,4,68,103,123,134,152,166,156,150,148,148,128,107,83,88,31,52,50,10,11
12,100,100,65,0,37,62,112,103,97,130,134,137,123,139,118,102,73,11,56,5,0,0,0
12,53,64,16,0,12,53,103,99,89,94,107,121,116,105,101,78,100,9,0,0,0,3,5
8,15,52,14,1,8,66,100,78,88,109,91,113,79,75,79,91,57,79,13,0,0,12,5
0,9,28,19,11,26,49,66,90,102,126,125,102,102,97,148,80,67,52,20,26,26,18,12
0,0,5,3,6,8,72,105,90,130,148,160,152,123,128,135,137,106,73,80,39,23,12,7
0,0,0,1,9,7,56,117,126,130,170,199,213,185,170,186,159,133,116,116,53,45,26,14
0,0,0,0,11,14,86,117,119,143,200,229,234,218,220,245,153,166,129,55,68,12,12,15
0,0,0,0,13,21,71,117,145,185,244,257,288,268,244,256,220,196,130,114,51,37,16,15
0,0,7,0,18,21,78,124,150,179,239,234,226,226,225,217,210,177,105,109,99,36,11,10
0,0,0,0,10,12,101,114,138,163,196,215,216,191,208,164,201,137,130,114,100,57,12,0
0,1,0,0,6,12,92,109,119,132,153,163,160,129,141,133,145,118,114,90,60,33,25,13
5,6,9,0,8,9,98,105,109,114,126,132,116,106,104,109,12,109,103,91,37,7,10,12
0,0,0,0,0,7,63,98,102,106,106,104,101,76,101,105,2,100,76,53,48,23,13,7
0,8,0,0,0,0,59,59,90,101,104,106,73,72,70,56,52,73,50,50,28,12,12,14
0,0,0,0,0,0,14,65,77,78,84,69,62,61,62,12,83,69,38,27,32,19,14,9
0,0,7,0,0,0,10,21,67,87,77,60,55,38,41,37,43,46,35,14,12,14,15,8
0,4,3,2,6,7,12,27,52,59,65,65,45,18,15,29,41,44,33,14,12,10,1,13
0,0,0,0,0,3,5,10,37,60,100,54,50,13,7,20,51,45,34,29,13,3,4,6
4,0,0,0,0,0,10,7,19,50,42,20,50,5,9,13,52,41,23,13,10,7,3,0
0,0,0,1,0,0,0,11,26,41,50,51,30,8,6,29,29,32,32,14,8,10,8,0
0,0,0,0,0,10,12,14,50,54,52,50,26,0,0,29,53,55,56,32,11,10,6,5
0,0,0,0,2,9,11,35,54,57,56,57,52,8,10,51,56,54,68,42,13,15,4,0
0,0,0,0,0,2,9,44,63,58,78,58,58,11,25,58,77,97,115,51,15,13,3,0
0,0,0,0,7,12,13,44,54,64,71,73,55,38,46,63,66,72,130,35,13,9,4,0
0,0,0,0,0,6,14,24,53,67,97,61,52,51,52,62,71,64,84,51,29,11,8,0
0,0,0,0,0,3,9,13,66,83,57,68,61,52,52,61,68,58,102,52,28,13,10,5
0,2,3,3,2,3,0,7,46,56,59,61,56,34,58,61,52,64,71,52,13,13,14,11
5,7,2,0,4,8,5,12,15,55,60,62,52,15,15,45,60,63,69,46,15,13,1,7
0,4,0,0,2,0,0,11,11,54,63,71,24,7,14,14,41,57,50,14,7,12,8,0
0,0,0,2,7,7,5,10,13,29,55,78,25,14,7,6,10,13,13,12,12,0,8,6

4,0,0,0,5,12,52,83,114,76,9,6,0,5,0,2,0,0,0,0,0,0,0,0
0,0,0,7,13,52,115,132,145,99,60,37,6,0,0,0,0,0,0,0,0,0,0,0
0,0,0,0,0,58,108,118,114,107,68,34,12,0,2,0,0,0,0,0,0,0,0,0
0,0,0,0,0,0,70,107,105,100,22,10,8,9,13,0,0,0,10,0,0,0,0,0
0,0,0,0,0,0,0,0,85,80,64,63,63,53,53,42,3,4,0,1,0,0,0,0
0,0,0,0,0,0,14,61,78,87,90,90,88,73,73,69,54,51,42,27,13,1,0,0
0,0,3,6,12,37,68,79,92,90,111,121,126,112,105,99,74,79,61,14,26,0,0,0
0,0,1,60,55,86,94,109,105,101,118,136,124,120,118,110,83,81,71,58,14,4,7,2
0,0,21,65,74,85,94,114,123,122,119,146,149,154,135,114,114,79,72,80,56,25,0,0
0,52,67,71,74,89,118,125,152,148,159,199,202,188,157,130,111,71,63,74,61,34,7,4
5,52,59,60,80,93,121,145,184,182,187,204,198,179,155,130,96,73,47,70,67,60,11,1
10,58,72,63,89,73,95,145,191,199,202,191,176,192,166,139,113,57,35,66,70,66,35,6
29,59,88,70,27,88,101,128,159,185,185,191,187,176,157,134,110,54,50,55,71,69,46,12
15,67,101,39,4,68,103,123,133,152,166,156,150,148,148,128,107,83,87,28,52,46,9,11
12,100,100,65,0,35,62,112,103,97,130,134,138,123,140,119,102,73,11,55,5,0,0,0
12,53,64,14,0,12,52,103,99,89,94,108,121,117,106,101,78,100,9,0,0,0,3,5
8,14,51,14,1,8,66,100,78,88,109,91,113,79,76,79,92,57,79,13,0,0,12,5
0,9,27,19,11,26,49,66,91,102,126,125,103,103,97,148,80,68,52,20,26,26,18,12
0,0,5,3,6,8,73,105,90,131,148,161,152,123,129,135,138,106,73,80,39,23,12,8
0,0,0,1,9,7,56,117,126,130,170,200,213,185,170,186,159,133,116,116,53,45,27,14
0,0,0,0,11,14,86,117,119,144,200,229,235,219,220,246,153,166,129,55,68,12,12,15
0,0,0,0,13,21,71,117,145,185,245,258,288,267,244,255,220,196,130,114,51,37,16,15
0,0,7,0,18,21,78,124,150,180,240,234,226,226,225,217,209,177,105,109,99,36,11,10
0,0,0,0,10,12,101,114,138,163,196,215,216,191,209,164,201,137,130,114,100,57,12,1
0,2,0,0,6,12,92,109,119,132,153,163,160,129,141,133,145,118,114,91,60,33,25,13
5,6,9,0,8,9,100,105,109,114,126,132,116,106,104,109,12,109,103,90,37,7,10,12
0,0,0,0,0,7,63,98,102,105,106,104,102,77,101,105,3,100,78,53,50,24,13,7
0,8,0,0,0,0,58,59,90,101,104,106,73,72,70,55,52,73,50,50,27,12,12,14
0,0,0,0,0,0,14,65,77,78,84,69,62,62,62,12,83,69,38,27,32,19,14,9
0,0,7,0,0,0,10,19,67,87,76,61,55,39,41,37,43,46,35,14,12,14,15,8
0,4,3,3,6,7,12,26,52,59,65,65,45,17,15,29,40,44,33,14,12,10,1,13
0,0,0,0,0,3,5,10,39,60,100,54,50,13,7,19,51,45,34,29,13,3,4,6
4,0,0,0,0,0,10,7,19,50,42,20,50,5,9,13,52,41,23,13,10,6,3,0
0,0,0,1,0,0,0,11,27,41,50,51,30,8,6,30,29,31,32,14,8,10,8,0
0,0,0,0,0,10,12,14,50,54,52,50,27,0,0,29,53,55,56,32,11,10,7,5
0,0,0,0,3,9,11,35,54,57,56,57,52,8,10,51,56,55,69,42,13,15,4,0
0,0,0,0,0,1,9,44,63,58,78,58,58,11,25,58,77,97,115,51,15,13,3,0
0,0,0,0,7,12,13,42,54,64,71,73,55,38,46,62,66,72,129,34,13,9,4,0
0,0,0,0,0,6,14,24,53,67,97,61,52,51,52,62,71,64,84,51,28,11,8,0
0,0,0,0,0,3,9,13,66,83,57,68,61,52,52,61,68,58,102,52,28,13,10,5
0,2,3,3,2,4,0,8,46,57,59,61,56,37,58,60,52,64,71,52,13,13,14,11
5,7,2,0,4,8,5,12,15,55,60,62,52,16,15,45,60,63,69,46,15,13,1,7
0,4,0,0,2,0,0,11,11,53,63,71,23,6,14,14,41,57,50,14,7,12,8,0
0,0,0,2,7,7,4,10,13,28,55,77,26,14,7,6,10,13,13,12,12,0,8,6

4,0,0,0,5,12,52,84,114,76,9,6,0,5,0,2,0,0,0,0,0,0,0,0
0,0,0,7,13,52,115,132,145,99,60,36,6,0,0,0,0,0,0,0,0,0,0,0
0,0,0,0,0,59,108,118,114,107,67,34,12,0,2,0,0,0,0,0,0,0,0,0
0,0,0,0,0,0,70,107,105,100,19,10,8,9,13,0,0,0,10,0,0,0,0,0
0,0,0,0,0,0,0,0,85,79,64,63,63,53,53,41,2,4,0,1,0,0,0,0
0,0,0,0,0,0,14,61,78,87,90,90,88,73,73,68,54,51,42,27,13,1,0,0
0,0,4,6,12,40,68,79,92,90,111,121,126,112,105,99,74,79,61,14,26,0,0,0
0,0,1,60,55,86,94,109,105,101,118,135,123,119,118,110,83,81,71,58,14,4,7,2
0,0,22,65,74,85,94,115,124,122,119,146,148,154,134,114,114,79,72,80,56,25,0,0
0,52,67,72,73,89,119,126,152,147,160,199,201,188,157,130,111,71,64,74,61,34,7,4
6,52,59,60,80,93,121,145,184,182,187,203,197,178,155,130,95,73,47,70,67,60,11,1
11,58,72,63,89,73,96,145,191,199,202,191,175,192,166,139,113,57,35,66,70,66,35,6
29,59,89,70,27,89,101,128,159,185,185,191,187,176,157,134,110,54,50,54,72,69,46,12
17,67,101,38,4,68,103,123,133,152,166,156,150,148,148,128,107,83,88,28,52,47,9,11
12,101,100,65,0,37,62,112,103,96,130,134,138,123,139,119,102,73,11,55,5,0,0,0
12,53,64,14,0,12,52,103,98,89,94,107,121,117,106,101,78,100,10,0,0,0,3,5
8,14,51,14,1,8,66,100,78,88,109,91,113,79,76,80,91,57,79,13,0,0,12,5
0,9,28,19,11,26,48,66,91,102,126,125,102,103,97,148,80,68,52,20,25,26,18,12
0,0,5,3,6,8,73,105,90,130,148,160,152,123,129,135,138,106,74,80,39,23,12,8
0,0,0,1,9,7,56,117,126,130,170,199,214,185,170,187,160,133,117,116,53,45,27,14
0,0,0,0,11,14,86,117,119,143,200,229,234,219,220,246,154,166,130,56,69,12,12,15
0,0,0,0,13,21,71,117,145,185,245,258,288,268,244,256,220,196,130,114,51,37,16,15
0,0,7,0,18,21,78,124,149,180,239,234,226,226,225,218,210,177,105,109,99,36,11,10
0,0,0,0,10,12,101,114,138,163,196,215,216,191,209,164,201,137,131,114,100,57,12,1
0,2,0,0,6,12,92,109,119,132,153,163,160,129,141,133,145,118,114,91,60,33,25,13
5,6,9,0,8,9,98,105,109,114,126,132,116,106,104,109,12,109,103,90,37,7,10,12
0,0,0,0,0,7,64,100,102,105,106,104,102,76,101,105,2,100,77,53,47,23,13,7
0,8,0,0,0,0,59,59,90,101,103,106,73,71,70,55,51,73,50,50,27,12,12,14
0,0,0,0,0,0,14,65,77,78,84,69,62,62,62,12,83,69,38,27,32,19,14,10
0,0,7,0,0,0,10,19,67,87,77,60,55,39,41,37,43,46,35,14,12,14,15,8
0,4,3,2,6,7,12,26,52,59,65,65,45,17,15,29,41,45,35,14,12,10,1,13
0,0,0,0,0,3,5,10,36,59,100,54,50,13,7,19,51,45,34,29,12,3,4,6
4,0,0,0,0,0,10,7,20,50,42,20,50,5,9,13,52,41,23,13,10,7,3,0
0,0,0,1,0,0,0,11,26,42,50,51,30,8,6,29,29,32,31,14,8,10,8,0
0,0,0,0,0,10,12,14,50,54,52,50,27,0,0,29,53,55,56,32,11,10,7,5
0,0,0,0,2,9,11,35,54,57,56,57,52,8,10,51,56,54,68,42,13,15,4,0
0,0,0,0,0,2,9,44,62,58,78,58,58,11,25,58,77,97,116,51,15,13,3,0
0,0,0,0,7,12,13,43,54,64,71,73,55,38,46,62,66,72,130,34,13,9,4,0
0,0,0,0,0,6,14,24,53,67,97,61,52,51,52,62,71,64,85,51,28,11,8,0
0,0,0,0,0,3,9,13,66,83,57,68,60,52,52,61,68,58,103,52,27,13,10,5
0,2,3,3,2,3,0,7,46,57,59,61,55,36,58,60,52,64,72,52,13,13,14,11
5,7,2,0,4,7,5,12,15,55,59,62,52,15,15,44,60,63,69,46,14,13,1,7
0,4,0,0,2,0,0,11,11,54,63,71,24,6,14,14,41,57,50,15,7,12,8,0
0,0,0,2,7,7,4,10,13,29,55,78,24,14,7,6,10,13,14,12,12,0,8,6

5,0,0,0,6,12,52,84,114,76,9,6,0,5,0,2,0,0,0,0,0,0,0,0
0,0,0,8,13,52,115,132,145,99,60,37,6,0,0,0,0,0,0,0,0,0,0,0
0,0,0,0,0,59,108,118,114,107,68,33,12,0,2,0,0,0,0,0,0,0,0,0
0,0,0,0,0,0,70,107,105,100,18,10,8,9,13,0,0,0,10,0,0,0,0,0
0,0,0,0,0,0,0,0,85,79,64,62,62,53,53,40,2,4,0,1,0,0,0,0
0,0,0,0,0,0,14,61,78,87,91,90,88,73,72,69,54,51,43,27,13,1,0,0
0,0,4,6,11,50,68,79,92,90,111,120,125,111,104,99,74,78,61,14,26,0,0,0
0,0,1,60,54,86,94,109,105,101,118,135,123,119,118,110,83,81,71,58,14,4,7,2
0,0,22,65,74,85,94,115,124,122,119,146,148,154,135,114,114,79,72,80,56,26,0,0
0,52,67,72,74,89,119,126,152,148,159,199,201,188,158,130,111,71,64,74,61,35,7,4
5,52,59,60,80,93,122,146,184,181,187,203,197,179,156,130,96,73,49,70,67,60,11,1
11,58,72,63,89,73,96,146,191,198,202,192,176,192,166,139,113,57,36,66,70,67,37,6
29,59,89,72,29,89,102,128,160,185,185,191,188,176,157,134,110,54,50,55,72,71,47,12
18,68,101,40,4,68,103,123,134,152,166,156,150,148,148,128,107,83,88,31,52,50,10,11
12,101,101,66,0,37,62,112,103,96,129,134,138,122,139,118,102,73,11,56,5,0,0,0
12,53,65,16,0,12,53,103,99,88,93,107,121,117,106,101,78,100,9,0,0,0,3,5
8,19,52,14,1,8,66,100,78,88,109,91,113,79,76,79,91,57,79,13,0,0,12,5
0,9,28,20,11,26,49,66,90,102,126,124,102,103,97,148,80,67,52,20,26,26,18,12
0,0,5,3,6,8,73,105,90,130,148,160,152,123,129,135,138,106,74,80,39,23,12,7
0,0,0,1,9,7,56,117,126,130,170,199,214,185,170,187,160,133,117,116,53,46,27,14
0,0,0,0,11,14,86,117,118,143,200,229,235,219,221,246,154,166,130,56,69,12,12,15
0,0,0,0,13,21,71,117,144,185,244,257,289,267,244,256,220,197,130,114,51,37,16,15
0,0,7,0,18,21,78,124,150,179,239,234,226,226,225,218,210,177,105,109,100,36,11,10
0,0,0,0,10,12,101,114,138,163,196,215,215,191,209,164,201,137,130,114,100,57,12,1
0,2,0,0,6,12,94,109,119,132,153,163,160,129,141,133,145,118,114,91,60,34,25,13
5,6,9,0,8,9,98,105,109,114,126,132,116,106,104,109,12,109,103,90,37,7,10,12
0,0,0,0,0,7,61,98,101,105,106,104,101,77,101,105,2,100,78,53,48,24,13,7
0,8,0,0,0,0,58,59,90,101,104,106,73,72,70,55,51,72,50,50,28,12,12,14
0,0,0,0,0,0,14,65,77,78,84,69,62,61,61,12,81,69,38,27,32,19,14,9
0,0,7,0,0,0,10,19,67,87,76,60,55,39,41,37,43,47,35,14,12,14,15,8
0,4,3,2,6,7,12,26,52,59,65,65,46,18,15,29,41,45,34,14,12,10,1,13
0,0,0,0,0,3,5,10,36,60,99,54,50,13,7,19,51,45,35,29,13,3,4,6
4,0,0,0,0,0,10,7,20,50,43,20,50,5,10,13,51,41,23,13,10,7,3,0
0,0,0,1,0,0,0,12,25,41,50,51,30,8,6,29,29,31,31,14,8,10,8,0
0,0,0,0,0,10,12,14,50,54,52,50,27,0,0,29,53,55,56,34,11,10,7,5
0,0,0,0,3,9,11,34,54,57,56,57,52,8,10,51,56,54,69,42,13,15,4,0
0,0,0,0,0,2,9,44,63,58,78,58,59,11,24,58,77,97,116,51,15,13,3,0
0,0,0,0,7,12,13,44,54,64,71,73,55,38,46,62,66,72,130,34,13,9,4,0
0,0,0,0,0,6,14,24,53,67,97,61,52,51,52,62,71,64,85,51,28,11,8,0
0,0,0,0,0,3,9,13,65,83,57,68,61,52,52,61,69,58,103,52,28,13,10,5
0,2,3,3,2,3,0,7,46,56,59,61,55,36,58,60,52,64,72,52,13,13,14,11
5,7,2,0,4,7,5,12,14,55,60,62,52,18,15,44,61,63,69,47,15,13,1,7
0,4,0,0,2,0,0,11,11,54,63,71,23,6,14,14,41,57,50,15,7,12,8,0
0,0,0,2,7,7,4,10,13,28,55,77,26,14,7,6,10,13,14,13,12,0,8,6

5,0,0,0,6,12,52,84,114,76,8,6,0,5,0,2,0,0,0,0,0,0,0,0
0,0,0,8,13,52,115,133,145,98,60,36,6,0,0,0,0,0,0,0,0,0,0,0
0,0,0,0,0,60,108,118,114,107,68,34,12,0,2,0,0,0,0,0,0,0,0,0
0,0,0,0,0,0,70,107,105,100,18,10,8,9,13,0,0,0,10,0,0,0,0,0
0,0,0,0,0,0,0,0,85,79,63,62,63,53,53,41,2,4,0,2,0,0,0,0
0,0,0,0,0,0,14,61,77,87,90,90,87,73,72,68,54,51,42,27,13,1,0,0
0,0,4,6,11,50,68,79,91,90,111,120,125,111,104,99,74,79,61,14,26,0,0,0
0,0,1,60,54,86,94,109,105,101,118,135,123,119,118,110,83,81,71,58,14,4,7,2
0,0,21,65,74,85,94,115,124,122,119,146,148,155,135,114,114,79,72,80,56,26,0,0
0,52,67,72,74,90,119,126,152,148,160,199,201,189,158,131,111,71,64,74,61,35,7,4
5,52,59,60,80,94,122,146,184,182,187,204,198,180,156,130,96,73,49,70,67,61,12,1
11,58,72,63,90,73,96,146,191,199,203,192,176,193,166,139,113,57,36,66,70,67,39,6
29,59,90,73,29,89,102,128,160,185,185,192,188,177,157,135,110,54,50,55,72,72,48,13
19,67,101,43,5,68,103,123,134,152,166,156,150,148,148,128,107,83,89,33,52,51,10,11
12,101,101,67,0,38,62,112,103,96,129,133,137,122,139,118,102,73,11,56,5,0,0,0
13,53,65,20,0,12,53,103,99,88,93,107,121,116,106,101,78,100,10,0,0,0,3,5
8,20,53,14,2,8,66,100,78,88,108,90,113,79,75,79,91,57,79,13,0,0,12,5
0,10,28,20,11,26,49,66,90,102,125,124,102,102,97,148,79,68,52,20,26,26,18,12
0,0,5,3,6,8,73,105,90,130,148,160,151,123,129,135,138,106,74,80,39,23,12,8
0,0,0,1,9,7,56,117,126,130,170,199,214,185,170,187,160,133,117,116,53,45,27,14
0,0,0,0,11,14,86,117,118,143,200,229,234,219,221,246,154,166,130,56,69,12,12,15
0,0,0,0,13,21,71,117,145,185,245,257,288,269,244,256,220,196,130,114,51,37,16,15
0,0,7,0,18,21,78,124,150,179,239,234,226,226,225,218,210,177,105,110,100,36,11,10
0,0,0,0,10,12,101,114,138,163,196,215,215,191,209,164,201,137,131,114,100,57,12,1
0,1,0,0,6,12,92,109,119,132,153,162,160,129,141,133,145,118,114,91,60,33,24,13
5,6,9,0,8,9,100,105,108,114,126,132,116,106,104,109,12,109,103,90,37,7,10,12
0,0,0,0,0,7,61,97,102,105,106,104,102,76,101,105,2,100,78,53,48,24,13,7
0,8,0,0,0,0,58,59,90,101,104,106,73,72,71,55,50,75,50,50,27,12,12,14
0,0,0,0,0,0,14,65,77,78,84,69,62,61,62,12,81,69,38,27,32,19,14,9
0,0,7,0,0,0,10,19,67,87,76,60,55,39,41,37,43,46,35,14,12,14,15,8
0,4,3,2,6,7,11,26,52,59,65,65,46,18,15,29,41,44,34,14,12,10,1,13
0,0,0,0,0,3,5,10,37,60,100,54,51,13,7,19,51,44,35,29,13,3,4,6
4,0,0,0,0,0,10,7,20,50,42,21,50,5,9,13,52,41,24,13,10,7,3,0
0,0,0,1,0,0,0,11,26,41,50,51,30,8,6,29,29,32,32,14,9,10,8,0
0,0,0,0,0,10,12,14,50,54,52,50,27,0,0,29,53,55,56,33,11,10,7,5
0,0,0,0,3,9,11,35,54,57,56,57,52,8,10,51,56,54,69,43,13,15,5,0
0,0,0,0,0,2,9,43,63,58,78,58,59,11,24,57,77,97,116,51,15,13,3,0
0,0,0,0,7,12,13,43,54,64,71,73,55,38,46,62,66,72,131,34,13,9,4,0
0,0,0,0,0,6,14,24,53,67,97,61,52,51,52,62,71,64,85,51,29,11,8,0
0,0,0,0,0,3,9,13,65,83,57,68,60,52,52,61,69,58,103,52,28,13,10,5
0,2,3,3,2,3,0,7,45,56,59,61,56,37,57,60,52,64,72,52,13,13,14,11
5,7,2,0,5,7,5,12,15,55,60,62,52,16,14,45,60,63,70,47,15,13,2,7
0,4,0,0,2,0,0,11,11,53,63,71,21,6,14,14,41,57,50,15,7,12,8,0
0,0,0,2,7,7,4,10,13,28,55,77,26,14,7,6,10,13,14,13,12,0,8,6

5,0,0,0,6,12,52,84,114,76,9,6,0,5,0,2,0,0,0,0,0,0,0,0
0,0,0,8,13,52,115,133,145,98,60,39,6,0,0,0,0,0,0,0,0,0,0,0
0,0,0,0,1,59,108,118,114,107,67,34,12,0,2,0,0,0,0,0,0,0,0,0
0,0,0,0,0,0,70,107,105,100,19,10,8,9,13,0,0,0,10,0,0,0,0,0
0,0,0,0,0,0,0,0,85,79,63,63,62,53,53,40,2,4,0,1,0,0,0,0
0,0,0,0,0,0,14,61,77,87,90,90,87,72,72,68,54,51,42,27,13,1,0,0
0,0,4,6,11,51,68,79,91,90,111,120,125,110,105,99,74,79,61,15,26,0,0,0
0,0,1,60,54,86,94,109,105,101,118,135,123,120,118,110,83,81,71,58,14,4,7,2
0,0,22,65,74,85,94,115,124,122,120,146,149,155,135,115,114,79,72,80,56,26,0,0
0,52,67,72,74,90,119,126,152,148,160,199,202,189,158,131,111,71,64,74,61,36,7,4
5,52,59,60,80,93,122,146,184,182,187,204,198,179,156,130,96,73,49,70,67,61,12,1
11,58,72,63,90,73,96,146,191,199,203,192,176,192,166,139,113,57,37,66,70,67,39,6
30,59,90,73,29,89,102,128,160,185,185,191,188,177,157,134,110,54,50,55,72,72,48,13
19,67,101,43,5,68,103,123,134,152,166,156,150,148,148,128,107,83,89,33,52,50,10,11
12,101,101,68,0,37,62,112,103,96,129,133,137,122,139,118,102,73,11,56,5,0,0,0
13,54,65,19,0,12,53,103,98,88,93,107,121,116,106,101,78,100,10,0,0,0,3,5
8,21,53,14,2,8,66,100,78,88,108,90,113,79,75,79,91,57,80,13,0,0,12,5
1,10,29,20,11,26,49,66,90,102,126,124,102,102,97,148,80,67,52,20,26,27,18,12
0,0,5,3,6,8,72,105,90,130,148,160,151,123,129,135,138,106,74,80,39,23,12,8
0,0,0,1,9,7,56,117,125,130,170,199,213,185,170,187,160,133,117,116,53,45,27,14
0,0,0,0,11,14,86,117,118,143,200,229,235,219,221,246,154,166,130,56,70,12,12,15
0,0,0,0,13,21,71,117,145,185,245,258,288,268,245,257,221,197,131,115,51,37,16,15
0,0,7,0,18,21,78,124,149,179,239,234,226,226,225,218,210,177,105,110,100,36,11,10
0,0,0,0,10,12,101,114,138,163,196,214,216,191,209,164,201,137,131,114,100,57,12,1
0,2,0,0,6,12,92,109,119,132,153,162,160,129,141,133,145,118,114,91,60,33,25,13
5,7,9,0,8,9,100,105,109,114,126,132,116,106,104,109,12,109,103,90,37,7,10,12
0,0,0,0,0,7,61,97,102,105,106,104,101,77,101,105,2,100,77,53,47,23,13,7
0,8,0,0,0,0,59,59,91,101,104,106,73,72,70,56,51,75,50,50,28,12,12,14
0,0,0,0,0,0,14,65,77,78,84,69,62,62,62,12,83,69,38,27,32,19,14,9
0,0,7,0,0,0,10,18,67,87,77,60,55,39,41,37,43,47,35,14,12,14,15,8
0,4,3,2,6,7,12,26,52,58,65,65,45,17,15,29,41,45,34,14,12,10,1,13
0,0,0,0,0,3,5,10,37,59,100,54,50,13,7,19,51,45,35,29,13,3,4,6
4,0,0,0,0,0,10,7,21,50,43,20,50,5,10,13,51,41,24,13,10,7,3,0
0,0,0,1,0,0,0,11,26,42,50,51,28,8,6,29,29,31,33,14,9,10,8,0
0,0,0,0,0,10,12,14,50,55,52,50,27,0,0,29,53,55,56,34,11,10,7,5
0,0,0,0,3,9,11,35,54,57,56,57,52,8,10,51,56,54,69,44,13,15,5,0
0,0,0,0,0,1,9,44,62,58,78,58,58,11,24,57,76,96,116,51,15,13,3,0
0,0,0,0,7,12,13,42,54,64,71,73,55,39,45,62,66,72,131,34,13,9,4,0
0,0,0,0,0,6,14,24,53,67,97,61,52,51,52,62,71,64,85,51,29,11,8,0
0,0,0,0,0,3,9,13,65,83,57,68,61,52,52,61,68,58,103,52,28,13,10,5
0,2,3,3,2,4,0,7,46,56,59,62,56,38,58,61,52,64,72,52,13,13,14,11
5,7,2,0,4,8,5,12,14,55,60,62,52,15,15,44,60,63,70,48,14,13,2,7
0,4,0,0,2,0,0,11,11,53,63,71,21,6,14,14,42,57,50,15,7,12,8,0
0,0,0,2,7,7,5,10,13,29,55,77,25,14,7,6,10,13,14,13,12,0,8,6

5,0,0,0,6,12,52,84,114,76,9,6,0,5,0,2,0,0,0,0,0,0,0,0
0,0,0,9,13,52,115,133,145,99,60,39,6,0,0,0,0,0,0,0,0,0,0,0
0,0,0,0,1,60,108,118,115,107,68,37,12,0,2,0,0,0,0,0,0,0,0,0
0,0,0,0,0,0,70,107,105,100,18,10,8,9,13,0,0,0,10,0,0,0,0,0
0,0,0,0,0,0,0,0,85,79,64,63,63,53,54,41,2,4,0,2,0,0,0,0
0,0,0,0,0,1,14,61,77,87,90,90,88,73,73,69,54,51,42,27,13,1,0,0
0,0,4,7,11,52,68,79,91,90,111,120,126,111,105,99,74,79,61,15,26,0,0,0
0,0,1,60,55,86,94,109,105,101,118,135,124,120,118,110,83,81,71,58,14,4,7,2
0,0,23,65,74,86,94,115,123,122,119,146,148,155,135,114,114,79,72,80,56,25,0,0
0,52,67,72,74,90,119,126,152,147,160,199,201,188,157,130,111,71,64,74,61,37,7,4
6,52,59,60,80,93,122,146,184,182,187,203,197,179,155,130,96,73,49,70,67,60,11,1
11,58,72,63,89,73,96,145,191,198,202,191,175,192,166,139,113,57,36,66,70,67,37,6
30,59,89,72,28,89,102,128,160,185,185,191,187,176,157,134,110,54,50,55,72,71,47,12
18,67,101,43,4,68,103,123,134,152,166,156,150,148,148,128,107,83,88,31,52,50,10,11
12,101,101,67,0,37,62,112,103,97,130,134,138,123,139,118,102,74,11,56,5,0,0,0
13,53,65,16,0,12,53,103,99,89,94,107,121,117,106,101,78,100,10,0,0,0,3,5
8,16,52,14,2,8,66,100,78,88,109,91,113,79,76,79,91,57,79,13,0,0,12,5
0,9,28,20,11,26,49,66,90,102,126,125,102,103,97,149,80,68,52,20,26,26,18,12
0,0,5,3,6,8,73,105,90,130,148,160,152,123,129,135,138,106,74,80,39,23,12,8
0,0,0,1,9,7,56,117,126,130,170,200,214,185,170,187,160,133,117,116,53,46,28,14
0,0,0,0,11,14,86,117,119,144,201,230,235,219,222,246,154,167,130,56,69,12,12,15
0,0,0,0,13,21,71,117,145,185,245,258,289,269,245,257,221,197,131,115,51,37,16,15
0,0,7,0,18,21,78,124,150,179,240,234,226,227,226,218,210,177,105,110,100,36,11,10
0,0,0,0,10,12,101,115,138,163,197,215,216,191,210,164,201,137,131,114,100,57,12,1
0,2,0,0,6,12,92,109,119,132,153,163,160,129,141,133,145,118,114,91,60,33,25,13
5,7,9,0,9,9,98,105,109,114,126,132,116,106,104,109,12,109,103,91,37,7,10,12
0,0,0,0,0,7,63,98,102,105,106,104,101,76,101,105,2,100,77,53,50,23,13,7
0,8,0,0,0,0,60,59,90,101,104,106,73,72,70,56,52,73,50,50,28,12,12,14
0,0,0,0,0,0,14,66,77,78,84,69,62,61,62,12,82,69,38,27,32,18,15,9
0,0,7,0,0,0,10,19,67,87,76,60,55,39,41,37,43,47,35,14,12,14,15,8
0,4,3,2,6,7,12,27,52,59,65,65,45,17,15,29,41,45,35,14,12,10,1,13
0,0,0,0,0,3,5,10,39,60,100,54,50,13,7,19,51,45,35,29,13,3,4,6
4,0,0,0,0,0,10,7,21,50,42,21,50,5,9,13,52,41,24,13,10,7,3,0
0,0,0,1,0,0,0,12,26,42,50,51,30,8,6,29,29,32,32,14,8,10,8,0
0,0,0,0,0,10,12,14,50,54,52,50,26,0,0,29,53,55,56,33,11,10,7,5
0,0,0,0,3,9,11,35,54,57,56,57,52,8,10,51,56,54,69,43,13,15,4,0
0,0,0,0,0,2,9,44,63,58,78,58,59,11,24,57,76,96,116,51,15,13,3,0
0,0,0,0,7,12,13,43,54,64,71,73,55,38,46,62,66,72,131,34,13,9,4,0
0,0,0,0,0,6,14,23,53,67,97,61,52,51,52,62,71,64,85,51,28,11,8,0
0,0,0,0,0,3,9,13,66,83,56,68,61,52,52,61,69,58,103,52,27,13,10,5
0,2,3,3,2,3,0,8,46,57,59,61,56,36,58,60,52,64,72,52,13,13,14,11
5,7,2,0,4,7,5,12,15,55,59,62,52,16,14,45,60,63,70,47,15,13,2,7
0,4,0,0,2,0,0,11,11,53,63,71,24,7,14,14,43,57,50,15,7,12,8,0
0,0,0,2,7,7,5,10,13,29,55,77,26,14,7,6,10,13,14,13,12,0,8,6

5,0,0,0,6,12,52,84,113,76,8,6,0,5,0,2,0,0,0,0,0,0,0,0
0,0,0,9,13,53,115,133,146,99,60,39,6,0,0,0,0,0,0,0,0,0,0,0
0,0,0,0,1,60,108,118,115,107,68,34,12,0,2,0,0,0,0,0,0,0,0,0
0,0,0,0,0,1,70,107,105,100,19,10,8,9,13,0,0,0,10,0,0,0,0,0
0,0,0,0,0,0,0,0,85,79,64,62,63,53,54,43,3,4,0,2,0,0,0,0
0,0,0,0,0,1,14,61,77,87,90,91,88,73,73,69,55,52,43,28,13,1,0,0
0,0,4,7,11,53,68,79,91,90,111,120,126,112,106,99,74,79,61,16,26,0,0,0
0,0,2,60,56,87,94,108,105,101,118,135,124,120,118,110,83,81,71,58,14,4,7,2
0,0,24,65,74,86,95,115,123,121,119,146,149,154,134,114,114,79,72,80,56,26,0,0
0,52,67,72,74,90,119,126,152,147,159,199,201,188,156,130,111,71,64,74,61,35,7,4
6,52,59,60,80,93,122,146,184,182,187,203,198,179,155,130,96,73,47,70,67,60,11,1
11,58,72,63,89,73,96,145,191,199,203,191,176,192,165,139,113,57,35,65,70,66,35,6
29,59,90,72,27,89,102,128,159,185,185,191,187,176,157,134,109,54,50,55,72,69,46,12
17,67,101,41,4,68,103,123,134,152,166,156,150,148,148,128,107,83,88,28,52,44,9,11
12,100,101,66,0,36,62,112,103,97,130,134,138,123,140,119,102,73,11,55,5,0,0,0
12,53,64,14,0,12,53,103,98,89,94,108,122,117,106,101,79,100,9,0,0,0,3,5
8,14,51,14,1,8,66,100,78,88,109,91,113,79,76,80,92,57,80,13,0,0,12,5
0,9,27,19,11,26,48,66,90,102,126,125,103,103,97,149,80,68,52,20,26,27,18,12
0,0,5,3,6,8,73,105,90,130,148,161,152,123,129,135,138,107,74,80,39,23,12,8
0,0,0,1,9,7,56,117,126,130,170,200,214,186,170,187,160,133,117,116,53,45,27,14
0,0,0,0,11,14,86,117,119,144,200,230,235,220,221,247,154,167,130,57,70,12,12,15
0,0,0,0,13,21,71,117,145,185,245,258,289,269,244,257,221,197,131,115,51,37,16,15
0,0,8,0,18,21,78,124,150,180,240,234,227,227,225,218,210,177,105,110,100,36,11,10
0,0,0,0,10,12,101,114,138,163,196,215,216,191,210,164,202,137,131,114,100,57,12,1
0,2,0,0,6,12,92,109,119,132,153,163,160,129,141,133,145,118,114,92,60,33,25,13
5,7,9,0,9,9,97,105,109,114,126,132,116,106,104,109,12,109,103,90,39,7,10,12
0,0,0,0,0,7,64,97,102,106,106,104,101,77,101,105,2,100,77,53,48,24,13,7
0,8,0,0,0,0,59,59,90,101,104,106,73,73,70,55,52,73,50,50,28,12,12,14
0,0,0,0,0,0,14,65,77,78,84,69,62,61,62,12,83,69,38,27,32,19,14,9
0,0,7,0,0,0,10,19,67,87,76,61,55,39,41,37,43,46,35,14,12,14,15,8
0,4,3,2,6,7,12,26,52,58,65,65,46,18,15,30,41,44,35,14,12,10,1,13
0,0,0,0,0,3,5,10,36,60,99,54,50,13,7,18,51,45,35,29,13,3,4,6
4,0,0,0,0,0,10,7,20,50,42,22,50,5,9,13,52,41,24,13,10,7,3,0
0,0,0,1,0,0,0,11,25,41,50,51,30,8,6,29,29,31,33,14,8,10,8,0
0,0,0,0,0,10,12,14,50,54,52,50,27,0,0,29,53,55,56,34,11,10,7,5
0,0,0,0,3,9,11,35,54,57,56,57,52,8,10,51,55,54,69,43,13,15,4,0
0,0,0,0,0,2,9,44,62,58,78,58,58,11,24,57,76,96,116,51,15,13,3,0
0,0,0,0,7,12,13,42,54,64,71,73,55,38,45,62,66,72,131,35,13,9,4,0
0,0,0,0,0,6,14,24,53,67,97,61,52,51,52,62,71,64,86,51,29,11,8,0
0,0,0,0,0,3,9,13,66,83,57,68,61,52,52,61,69,58,103,52,29,13,10,5
0,2,3,3,2,3,0,7,46,56,59,61,56,37,58,60,52,64,72,52,13,13,14,11
5,7,2,0,4,8,5,12,15,55,59,62,52,15,15,45,60,63,70,48,14,13,2,7
0,4,0,0,2,0,0,11,11,54,63,71,24,7,14,14,42,57,50,15,7,12,8,0
0,0,0,2,7,7,4,10,13,29,55,78,25,14,7,6,10,13,14,13,12,0,8,6

5,0,0,0,6,12,52,86,115,77,9,7,0,5,0,2,0,0,0,0,0,0,0,0
0,0,0,9,13,53,115,133,146,99,60,40,6,0,0,0,0,0,0,0,0,0,0,0
0,0,0,0,1,60,107,118,114,107,67,35,12,0,2,0,0,0,0,0,0,0,0,0
0,0,0,0,0,1,70,107,105,100,20,10,8,9,13,0,0,0,10,0,0,0,0,0
0,0,0,0,0,0,0,0,85,80,64,63,63,53,53,40,2,4,0,1,0,0,0,0
0,0,0,0,0,1,14,62,78,88,91,90,87,72,72,68,54,51,40,27,13,1,0,0
0,0,4,7,12,53,69,80,93,91,112,121,125,110,104,99,74,78,61,14,25,0,0,0
0,0,2,61,56,87,95,109,106,102,119,136,123,118,117,109,82,80,71,58,14,4,7,2
0,1,30,66,75,87,95,115,124,122,119,146,148,153,134,113,113,79,72,80,56,25,0,0
0,53,67,72,74,91,120,126,151,146,158,198,199,186,156,129,110,71,64,74,61,35,7,4
6,52,59,60,80,94,122,145,182,178,183,200,195,176,154,129,95,72,50,71,67,60,11,1
11,58,73,63,90,73,96,145,188,194,197,188,174,190,164,139,113,57,35,66,70,66,35,6
31,60,90,73,30,89,102,128,157,181,181,188,186,175,156,134,109,54,50,55,72,70,46,12
19,68,101,41,5,68,103,123,133,149,164,155,150,148,147,128,106,82,88,30,52,48,9,11
12,101,101,66,0,38,62,112,103,96,129,133,138,123,140,119,102,74,11,56,5,0,0,0
12,53,64,14,0,12,53,103,99,88,93,107,122,117,106,102,79,101,10,0,0,0,3,5
8,14,52,14,2,8,66,100,78,88,109,91,113,79,76,80,92,57,80,14,0,0,12,5
0,9,28,19,11,26,49,66,90,102,126,125,103,103,98,150,80,68,52,20,26,27,18,12
0,0,5,3,6,8,73,105,90,130,148,161,153,124,130,136,139,107,75,82,40,23,12,8
0,0,0,1,9,7,56,117,125,130,170,200,214,187,171,189,162,134,117,116,54,46,28,14
0,0,0,0,11,14,86,117,118,143,200,229,235,220,223,249,157,168,131,60,72,12,12,15
0,0,0,0,13,21,71,117,144,184,243,257,289,269,246,259,223,200,132,116,52,37,16,15
0,0,7,0,18,21,78,124,149,178,238,233,226,227,226,219,213,179,107,110,100,37,11,10
0,0,0,0,10,12,101,114,137,162,195,214,215,191,209,165,204,138,132,115,101,57,12,1
0,2,0,0,6,12,92,109,118,132,152,162,160,129,141,133,145,119,114,92,61,34,25,13
5,7,9,0,8,9,100,105,109,114,125,132,115,106,104,109,12,109,103,91,38,7,10,12
0,0,0,0,0,7,61,98,102,105,106,104,102,77,101,105,3,100,77,53,50,24,13,7
0,8,0,0,0,0,59,59,90,101,103,106,73,73,70,56,52,73,50,50,29,12,12,14
0,0,0,0,0,0,14,65,77,78,84,69,62,62,62,12,82,69,38,27,33,19,15,10
0,0,7,0,0,0,10,18,67,87,76,61,55,40,42,37,43,47,36,14,12,14,15,8
0,4,3,3,6,7,12,27,52,59,65,66,46,19,17,29,41,45,35,14,12,10,1,13
0,0,0,0,0,3,5,10,37,59,100,54,50,13,7,18,51,45,35,29,13,3,4,7
4,0,0,0,0,0,10,7,19,50,42,21,50,5,9,13,52,41,24,13,10,7,3,0
0,0,0,1,0,0,0,11,25,40,50,51,30,8,6,29,29,31,32,14,9,10,8,0
0,0,0,0,0,10,12,14,50,54,52,50,27,0,0,29,53,55,56,33,12,10,7,5
0,0,0,0,3,9,11,35,54,57,56,57,52,8,10,51,56,54,69,44,13,15,5,0
0,0,0,0,0,2,9,43,62,58,78,58,58,11,24,57,76,96,117,51,15,13,3,0
0,0,0,0,7,12,13,42,54,64,71,73,55,38,45,62,66,72,131,35,13,9,4,0
0,0,0,0,0,6,14,25,53,67,97,61,52,51,52,61,71,64,86,51,29,11,8,0
0,0,0,0,0,3,9,13,66,83,57,68,60,52,52,61,68,58,103,52,28,13,10,5
0,2,3,3,2,4,0,7,46,57,59,61,56,36,57,60,52,64,72,52,13,13,14,11
5,7,2,0,4,8,5,12,15,55,59,62,52,16,14,44,60,63,70,47,14,13,2,7
0,4,0,0,2,0,0,11,11,54,63,71,24,7,14,14,41,57,50,15,7,12,8,0
0,0,0,2,7,7,5,10,13,30,55,77,26,14,7,6,10,13,14,13,12,0,8,6

5,0,0,0,6,12,52,85,115,77,9,7,0,5,0,2,0,0,0,0,0,0,0,0
1,0,0,9,13,53,115,133,146,99,60,39,6,0,0,0,0,0,0,0,0,0,0,0
0,0,0,0,1,60,107,118,115,107,67,35,12,0,2,0,0,0,0,0,0,0,0,0
0,0,0,0,0,1,70,107,105,100,19,10,8,9,13,0,0,0,10,0,0,0,0,0
0,0,0,0,0,0,0,0,85,80,64,63,63,53,53,41,2,4,0,2,0,0,0,0
0,0,0,0,0,1,14,62,78,87,90,90,87,73,72,68,54,51,42,27,13,1,0,0
0,0,4,7,12,53,68,80,92,90,111,120,125,110,104,99,74,79,61,14,26,0,0,0
0,0,2,60,56,87,95,109,106,102,119,135,123,119,117,110,83,81,71,58,14,4,7,2
0,1,29,66,75,87,95,115,124,122,120,146,148,154,134,114,114,79,72,80,56,25,0,0
0,53,67,72,75,91,120,126,152,147,159,199,200,188,157,130,110,71,64,74,61,35,7,4
6,52,59,60,80,94,123,146,183,179,185,201,197,178,154,130,95,72,50,71,67,60,11,1
11,59,73,64,90,73,97,146,189,195,199,189,175,191,165,139,113,57,36,66,70,67,37,6
31,60,90,74,31,89,102,128,158,182,182,189,187,175,156,134,109,54,50,55,73,71,47,12
20,68,101,44,5,68,103,123,133,150,165,155,150,148,147,128,107,83,89,31,52,50,10,11
12,101,101,68,0,38,62,112,103,96,129,133,138,123,139,119,102,73,11,56,5,0,0,0
13,54,65,19,0,12,53,103,98,88,93,107,122,117,106,101,78,100,10,0,0,0,3,5
8,20,53,14,2,8,66,100,78,88,108,91,113,79,76,80,92,57,80,14,0,0,12,5
0,10,29,20,11,26,48,66,90,102,126,125,103,103,98,150,80,68,52,20,26,27,18,12
0,0,5,3,6,8,73,105,90,130,148,161,153,124,130,136,139,107,74,81,40,23,12,8
0,0,0,1,9,7,56,117,125,130,170,199,215,187,172,189,162,134,117,116,53,46,29,14
0,0,0,0,11,14,86,117,118,143,200,229,235,221,223,249,157,168,131,59,72,12,12,15
0,0,0,0,13,21,71,117,144,184,244,257,288,269,246,259,223,199,132,116,52,37,17,15
0,0,7,0,18,21,78,124,149,178,239,234,226,226,226,219,212,179,106,110,100,37,11,10
0,0,0,0,10,12,101,114,137,162,195,214,215,191,209,164,203,138,132,115,101,57,12,1
0,2,0,0,6,12,91,109,118,132,152,162,160,129,141,133,145,119,114,92,61,34,25,13
5,7,9,0,8,9,98,105,109,114,125,132,116,106,104,109,12,109,103,90,38,7,10,12
0,0,0,0,0,7,61,98,102,105,106,104,101,77,101,105,3,100,78,53,48,24,13,7
0,8,0,0,0,0,59,59,90,101,103,106,73,73,71,56,53,75,51,50,29,12,12,14
0,0,0,0,0,0,14,65,76,78,84,69,62,62,62,12,82,70,38,27,33,20,15,10
0,0,7,0,0,0,10,18,66,86,76,60,55,39,41,37,43,47,35,14,12,14,15,8
0,4,3,3,6,7,12,27,52,59,65,65,46,18,17,30,41,45,35,14,12,10,1,13
0,0,0,0,0,3,5,10,36,59,100,54,50,13,7,18,51,45,35,29,13,3,4,6
4,0,0,0,0,0,10,7,19,50,42,21,50,5,9,13,52,41,24,13,10,7,3,0
0,0,0,1,0,0,0,11,25,40,50,51,30,8,6,29,29,31,33,14,9,10,8,0
0,0,0,0,0,10,12,14,50,54,52,50,27,0,0,29,52,55,56,34,11,10,7,5
0,0,0,0,3,9,11,35,54,57,56,57,52,8,10,50,56,54,69,44,13,15,5,0
0,0,0,0,0,2,9,44,63,58,78,59,59,11,24,57,76,96,117,51,15,13,3,0
0,0,0,0,7,12,13,43,54,64,71,73,55,38,45,62,66,72,131,35,13,9,4,0
0,0,0,0,0,6,14,24,53,67,97,61,52,51,52,62,71,64,86,51,29,11,8,0
0,0,0,0,0,3,9,13,65,83,57,68,61,52,52,61,68,58,103,52,29,13,10,5
0,2,3,3,2,3,0,8,45,56,59,61,56,36,57,60,52,64,73,52,13,13,14,11
5,7,2,0,4,7,5,12,15,55,60,62,52,15,14,44,60,63,70,48,15,13,2,7
0,4,0,0,2,0,0,11,11,53,63,71,23,6,14,14,41,57,50,15,7,12,8,0
0,0,0,2,7,7,5,10,13,29,55,77,25,14,7,6,10,13,14,13,12,0,8,6

5,0,0,0,6,12,52,85,115,77,9,7,0,5,0,2,0,0,0,0,0,0,0,0
1,0,1,9,13,53,115,133,146,100,60,39,6,0,0,0,0,0,0,0,0,0,0,0
0,0,0,0,1,60,107,118,115,107,68,34,12,0,2,0,0,0,0,0,0,0,0,0
0,0,0,0,0,1,70,107,105,100,19,10,8,9,13,0,0,0,10,0,0,0,0,0
0,0,0,0,0,0,0,0,85,79,64,63,63,53,53,40,2,4,0,1,0,0,0,0
0,0,0,0,0,1,14,61,78,87,90,90,87,73,72,68,54,51,43,27,13,1,0,0
0,0,4,7,11,53,68,80,92,90,111,120,124,110,104,99,74,79,61,14,26,0,0,0
0,0,2,60,55,87,94,109,106,102,119,135,123,119,117,110,83,81,71,58,14,4,7,2
0,1,27,66,75,86,95,115,124,122,120,146,148,154,135,114,114,79,72,80,56,27,0,0
0,53,67,72,74,91,120,126,152,147,159,199,201,189,158,130,111,71,64,74,61,36,7,4
6,52,59,60,80,94,123,146,183,180,185,203,197,178,155,130,95,72,50,71,68,61,12,1
12,58,73,64,91,74,97,146,190,196,200,190,175,192,165,139,113,57,36,66,70,67,39,6
31,59,90,75,31,89,102,128,158,183,183,190,187,176,156,134,109,54,50,55,73,72,48,13
21,68,101,44,5,68,103,123,133,150,165,155,150,147,148,128,106,83,89,33,52,50,10,11
13,101,101,68,0,38,62,112,102,96,129,133,137,123,139,118,102,73,11,56,5,0,0,0
13,54,65,22,0,12,53,103,98,88,93,107,121,117,106,101,78,101,10,0,0,0,3,5
8,21,53,14,2,8,66,100,78,88,108,90,113,79,76,80,92,57,80,14,0,0,12,5
1,10,29,20,11,26,49,66,90,102,126,124,102,103,97,149,80,68,52,20,26,27,18,12
0,0,6,3,6,8,73,105,90,130,148,160,153,124,130,136,138,107,74,81,40,24,12,8
0,0,0,1,9,7,56,117,126,130,170,200,214,187,172,188,161,134,117,116,54,46,28,14
0,0,0,0,11,14,86,117,118,143,200,230,235,221,223,249,156,168,131,59,72,12,12,15
0,0,0,0,13,21,71,117,144,185,244,258,288,270,246,259,223,199,132,116,52,37,16,15
0,0,7,0,18,21,77,124,149,179,239,234,226,227,226,220,212,179,106,110,100,37,11,10
0,0,0,0,10,12,101,114,137,162,196,214,215,191,209,164,203,138,131,115,101,57,12,1
0,2,0,0,6,12,91,109,118,132,152,162,160,129,141,133,145,119,114,92,61,34,25,13
5,7,9,0,9,9,100,105,109,114,126,132,115,106,104,109,12,109,103,90,38,7,10,12
0,0,0,0,0,7,61,100,102,105,106,104,102,77,101,105,3,100,77,53,48,24,13,7
0,8,0,0,0,0,58,59,90,101,103,106,73,73,71,56,51,75,50,50,29,12,12,14
0,0,0,0,0,0,14,65,76,78,84,69,62,62,62,12,82,69,38,27,32,19,14,10
0,0,7,0,0,0,10,17,67,87,76,60,55,40,41,37,43,47,36,14,12,14,15,8
0,4,3,3,6,7,12,26,52,59,65,65,46,19,16,30,41,45,34,14,12,10,1,13
0,0,0,0,0,3,5,10,35,59,100,54,50,14,7,18,51,45,35,29,13,3,4,6
4,0,0,0,0,0,10,7,19,50,42,20,50,5,9,13,52,41,24,13,10,7,3,0
0,0,0,1,0,0,0,11,25,41,50,51,30,8,6,29,29,32,33,14,9,10,8,0
0,0,0,0,0,10,12,14,50,54,52,50,26,0,0,29,53,55,56,34,12,10,7,5
0,0,0,0,3,9,11,34,54,57,56,57,52,8,10,51,56,54,69,44,13,15,5,0
0,0,0,0,0,1,9,44,62,58,78,58,58,11,24,57,76,96,117,51,15,13,3,0
0,0,0,0,7,12,13,44,54,64,71,73,55,38,45,62,66,72,132,35,13,9,4,0
0,0,0,0,0,6,14,23,53,67,97,61,52,51,52,61,71,64,86,51,29,11,8,0
0,0,0,0,0,2,9,13,65,83,57,68,61,52,52,61,68,58,103,52,29,13,10,5
0,2,3,3,2,3,0,7,45,57,59,61,55,37,57,60,52,64,73,52,13,13,14,11
5,7,2,0,5,7,5,12,15,55,59,62,52,15,14,44,60,63,70,48,15,13,2,7
0,4,0,0,2,0,0,11,11,54,63,71,21,7,14,14,42,57,50,16,7,12,8,0
0,0,0,2,7,7,5,10,13,28,55,78,26,14,7,6,10,13,14,13,12,0,8,6

5,0,0,0,6,12,52,85,115,77,9,7,0,5,0,2,0,0,0,0,0,0,0,0
1,0,1,9,14,52,115,133,146,100,60,39,6,0,0,0,0,0,0,0,0,0,0,0
0,0,0,0,1,60,107,118,115,107,68,35,12,0,2,0,0,0,0,0,0,0,0,0
0,0,0,0,0,1,71,107,105,100,20,10,8,9,13,0,0,0,10,0,0,0,0,0
0,0,0,0,0,0,0,0,85,79,64,63,63,53,53,41,2,4,0,2,0,0,0,0
0,0,0,0,0,1,14,62,78,87,90,90,88,73,73,69,55,51,42,27,13,1,0,0
0,0,5,7,12,53,69,79,92,90,111,120,125,112,105,99,74,79,61,14,26,0,0,0
0,0,2,61,56,87,95,109,105,102,118,136,124,120,118,110,83,81,71,58,14,4,7,2
0,1,29,66,75,87,95,115,123,122,119,146,149,154,134,113,114,79,72,80,56,26,0,0
0,53,67,72,74,91,120,126,152,147,159,199,201,188,156,129,111,71,64,74,61,36,7,4
6,52,59,60,80,94,122,146,183,180,186,203,197,178,155,130,95,72,50,70,67,60,12,1
11,58,73,63,90,73,96,145,190,197,200,191,175,192,165,139,113,57,36,66,70,67,37,6
31,60,90,74,29,89,102,128,159,183,183,190,187,176,156,134,109,54,50,55,72,71,47,12
20,68,101,44,5,68,103,123,133,151,166,155,150,148,148,128,107,83,89,31,52,50,10,11
12,101,101,67,0,38,62,112,103,96,130,134,138,123,140,119,102,74,11,56,5,0,0,0
13,54,65,16,0,12,53,103,99,89,93,107,122,117,106,101,78,101,10,0,0,0,3,5
8,17,52,14,2,8,66,100,78,88,109,91,113,79,76,80,92,57,80,14,0,0,12,5
1,9,28,20,11,26,48,66,90,102,126,125,103,103,97,149,80,68,52,20,26,27,18,12
0,0,5,3,6,8,73,105,90,130,148,160,153,124,129,136,138,107,74,81,40,23,12,8
0,0,0,1,9,7,56,117,126,130,170,200,214,187,171,188,161,134,117,116,54,46,28,14
0,0,0,0,11,14,86,117,118,143,200,230,235,220,223,248,156,167,131,59,72,12,12,15
0,0,0,0,13,21,71,117,144,185,245,258,289,270,246,259,223,199,132,116,53,37,17,16
0,0,7,0,18,21,77,124,149,179,239,234,226,227,226,219,212,179,106,110,100,37,11,10
0,0,0,0,10,12,101,114,137,162,196,214,216,191,209,165,203,138,131,115,101,57,12,1
0,2,0,0,6,12,92,109,118,132,152,162,160,129,141,133,145,119,114,92,61,34,25,13
5,7,9,0,8,9,98,105,109,114,126,132,116,106,104,109,12,109,103,91,37,7,10,12
0,0,0,0,0,7,63,98,102,105,106,104,102,77,101,105,3,100,77,53,50,24,13,7
0,8,0,0,0,0,59,59,90,101,103,106,73,73,71,56,52,75,50,50,28,12,12,14
0,0,0,0,0,0,14,65,76,78,84,69,62,62,62,12,82,70,38,27,32,19,15,10
0,0,7,0,0,0,10,18,67,86,76,60,55,39,41,37,43,47,36,14,12,14,15,8
0,4,3,3,6,7,12,26,52,59,65,65,46,18,16,29,41,45,36,14,12,10,1,13
0,0,0,0,0,3,5,10,36,59,100,54,50,14,7,18,51,46,35,29,13,3,4,6
4,0,0,0,0,0,10,7,20,50,42,21,50,5,9,13,52,41,24,13,10,7,3,0
0,0,0,1,0,0,0,11,25,40,50,51,29,8,6,29,29,32,33,14,9,10,8,0
0,0,0,0,0,10,12,14,50,55,52,50,27,0,0,29,53,55,56,35,11,10,7,5
0,0,0,0,2,9,11,34,54,57,56,57,52,8,10,51,55,54,69,44,13,15,5,0
0,0,0,0,0,1,9,44,62,58,78,58,59,11,24,57,76,96,117,51,15,13,3,0
0,0,0,0,7,12,13,43,54,64,71,73,55,38,45,62,66,72,132,35,13,9,4,0
0,0,0,0,0,6,14,24,53,67,97,61,52,51,52,61,71,64,86,51,29,11,8,0
0,0,0,0,0,3,9,13,65,83,57,68,60,52,52,61,68,58,103,52,28,13,10,5
0,2,3,3,2,3,0,7,45,57,59,61,56,37,57,60,52,64,73,52,13,13,14,11
5,7,2,0,4,8,5,12,15,55,60,62,52,16,15,44,60,63,70,50,15,13,2,7
0,4,0,0,2,0,0,11,11,53,63,71,23,7,14,14,41,57,50,16,7,12,8,0
0,0,0,2,7,7,4,10,13,29,55,77,25,14,7,6,10,13,14,13,12,0,8,6
0,0,0,0,0,0,0,0,2,0,5,0,6,9,77,114,83,52,11,5,0,0,0,4
0,0,0,0,0,0,0,0,0,0,0,6,39,61,99,145,131,114,52,13,4,0,0,0
0,0,0,0,0,0,0,0,0,2,0,12,34,68,107,114,118,108,57,0,0,0,0,0
0,0,0,0,0,10,0,0,0,13,9,8,10,22,101,105,107,69,0,0,0,0,0,0
0,0,0,0,1,0,4,3,40,53,53,63,63,64,80,85,0,0,0,0,0,0,0,0
0,0,1,13,27,41,51,54,68,73,73,87,90,91,88,79,62,14,0,0,0,0,0,0
0,0,0,25,14,61,78,74,99,105,111,125,121,112,91,92,79,68,31,12,5,3,0,0
2,7,4,14,58,70,81,83,110,118,119,123,135,118,102,105,109,94,86,54,59,1,0,0
0,0,24,56,80,71,79,114,114,135,154,148,146,120,122,124,114,93,85,74,64,18,0,0
4,7,33,61,74,63,71,111,130,157,188,201,199,160,147,151,125,118,89,73,71,66,52,0
1,11,59,67,70,45,73,96,130,156,179,197,203,186,181,183,144,121,93,80,60,59,52,5
6,33,65,70,66,35,57,113,139,166,192,175,191,201,197,190,145,95,73,89,62,72,58,10
12,45,68,71,54,50,54,110,135,157,177,188,191,184,184,159,128,102,89,28,69,88,59,26
11,9,46,52,27,87,83,107,128,148,148,150,156,166,151,133,123,103,68,4,36,100,67,14
0,0,0,5,55,11,73,102,119,139,123,138,134,130,96,103,112,62,36,0,63,100,100,11
5,3,0,0,0,9,100,78,101,106,116,121,107,94,89,99,103,52,11,0,14,63,53,12
5,12,0,0,13,79,57,91,79,75,79,113,91,109,88,78,100,66,8,1,14,51,14,7
12,18,27,25,20,52,68,80,148,97,103,102,125,126,102,91,67,49,26,11,18,27,9,0
7,12,23,39,80,73,106,137,135,129,123,152,161,148,131,90,105,73,8,5,3,5,0,0
14,26,45,52,116,116,133,159,186,169,185,213,199,170,130,126,117,56,7,9,1,0,0,0
15,12,12,68,54,129,165,153,245,220,218,234,229,200,143,119,117,86,14,11,0,0,0,0
15,16,37,50,114,130,196,219,254,244,267,288,257,244,185,145,117,71,21,13,0,0,0,0
10,11,36,98,109,104,177,209,217,225,226,226,234,239,180,150,124,79,21,18,0,7,0,0
0,12,57,100,114,130,137,200,163,208,190,216,215,196,163,138,114,101,12,10,0,0,0,0
13,24,33,60,90,114,118,145,133,141,129,160,163,153,132,119,110,94,12,6,0,0,2,0
12,10,7,37,90,103,109,12,109,104,106,115,132,126,115,109,105,100,9,8,0,9,6,5
7,13,24,48,53,77,100,2,105,101,76,101,104,106,105,102,98,63,7,0,0,0,0,0
14,12,12,27,50,48,73,51,55,69,72,73,106,104,101,91,59,60,0,0,0,0,8,0
9,14,19,32,26,38,69,82,12,61,61,62,69,84,79,77,66,15,0,0,0,0,0,0
8,14,14,12,14,34,46,43,37,41,39,55,60,77,87,67,22,10,0,0,0,7,0,0
13,1,10,12,14,34,44,40,29,15,17,45,66,65,59,52,27,12,7,6,2,3,4,0
6,4,3,13,29,34,44,51,18,7,14,50,54,100,60,39,10,5,3,0,0,0,0,0
0,3,6,10,13,23,40,52,13,9,5,50,20,42,50,19,7,10,0,0,0,0,0,4
0,8,10,8,13,32,32,29,29,6,8,29,51,50,42,26,11,0,0,0,1,0,0,0
5,6,10,11,33,56,55,53,29,0,0,26,50,52,54,50,14,12,10,0,0,0,0,0
0,4,15,13,41,68,55,56,51,11,8,52,57,56,57,54,35,11,9,3,0,0,0,0
0,3,13,15,51,115,98,78,58,25,11,58,59,78,58,63,44,9,2,0,0,0,0,0
0,4,9,13,34,129,72,66,63,46,38,55,73,71,64,54,44,13,12,7,0,0,0,0
0,8,11,28,51,84,64,71,62,52,51,52,61,97,67,53,25,14,6,0,0,0,0,0
5,10,13,27,52,102,58,68,61,52,52,61,68,57,83,66,14,9,3,0,0,0,0,0
11,14,13,13,52,71,64,52,61,58,34,56,61,59,57,46,8,0,4,2,3,3,2,0
7,1,12,15,46,68,63,60,45,15,14,52,62,60,55,15,12,5,8,4,0,2,7,5
0,8,12,6,14,50,56,39,14,14,6,21,71,63,54,11,11,0,0,2,0,0,4,0
6,8,0,12,12,13,13,10,6,7,14,25,77,55,30,13,10,5,7,7,2,0,0,0

0,0,0,0,0,0,0,0,2,0,5,0,6,9,77,114,84,52,12,5,0,0,0,4
0,0,0,0,0,0,0,0,0,0,0,6,36,60,99,145,131,114,52,13,5,0,0,0
0,0,0,0,0,0,0,0,0,2,0,12,34,68,107,114,118,107,57,0,0,0,0,0
0,0,0,0,0,10,0,0,0,13,9,8,10,21,101,105,107,69,0,0,0,0,0,0
0,0,0,0,1,0,4,2,40,53,53,62,63,64,80,85,0,0,0,0,0,0,0,0
0,0,1,13,27,42,51,54,68,72,73,87,90,91,88,78,61,14,0,0,0,0,0,0
0,0,0,25,14,61,79,74,99,105,111,125,121,111,91,92,80,68,31,12,5,3,0,0
2,7,4,14,58,71,81,83,110,118,119,123,136,119,102,106,109,93,86,54,59,1,0,0
0,0,25,56,80,71,79,114,114,135,155,148,146,120,122,124,114,93,85,74,64,18,0,0
4,7,34,61,74,63,71,111,130,157,188,201,199,159,147,151,125,118,89,73,71,66,52,0
1,11,60,67,70,47,73,96,130,155,179,197,202,186,180,183,145,121,93,80,60,58,52,5
6,35,66,70,66,35,57,113,139,166,192,175,191,201,197,190,145,96,73,89,63,72,58,10
12,46,69,72,55,50,54,110,134,157,177,188,191,184,184,159,128,102,89,29,70,89,59,27
11,10,48,52,30,88,83,107,128,148,148,150,156,166,151,134,123,103,68,4,38,101,67,15
0,0,0,5,56,11,73,102,118,139,123,137,134,129,96,103,112,62,37,0,65,100,100,11
5,3,0,0,0,9,100,78,101,106,116,121,107,94,89,99,103,53,11,0,14,64,53,12
5,12,0,0,13,79,57,91,79,75,79,113,91,109,88,78,100,66,8,1,14,51,14,8
12,18,26,25,20,52,67,80,148,97,102,102,125,126,102,90,66,49,26,11,19,28,9,0
7,12,23,39,80,73,106,137,135,129,123,152,160,148,130,90,105,73,8,5,3,5,0,0
14,27,44,53,116,116,133,159,186,169,185,213,199,170,130,126,117,56,7,9,1,0,0,0
15,12,12,68,54,129,165,153,245,220,218,234,229,200,143,119,117,86,14,11,0,0,0,0
15,16,37,50,114,130,195,219,254,243,267,288,257,244,185,145,117,71,21,13,0,0,0,0
10,11,36,98,109,104,176,210,217,224,226,225,234,239,179,150,124,78,21,18,0,7,0,0
0,12,56,100,114,130,137,201,163,208,190,215,214,196,163,138,114,101,12,10,0,0,0,0
13,24,33,60,90,114,118,145,133,140,129,160,163,153,132,119,109,92,12,6,0,0,2,0
12,10,7,37,89,103,109,12,109,104,106,115,132,126,114,109,105,98,9,8,0,9,6,5
7,13,23,48,53,77,100,2,105,101,77,102,104,106,106,102,98,64,7,0,0,0,0,0
14,12,12,27,50,50,73,51,55,70,71,73,106,104,101,90,59,59,0,0,0,0,8,0
9,14,19,32,26,38,69,83,12,62,61,62,69,84,78,77,66,14,0,0,0,0,0,0
8,15,14,12,14,34,46,43,37,41,39,55,60,76,87,67,21,10,0,0,0,7,0,0
13,1,10,12,14,34,45,41,29,15,17,45,65,65,59,52,27,12,7,6,2,3,4,0
6,4,3,13,29,34,44,51,19,7,13,50,54,100,59,37,10,5,3,0,0,0,0,0
0,3,6,10,13,23,40,51,13,9,5,50,20,42,50,19,7,10,0,0,0,0,0,4
0,8,10,8,14,32,31,29,29,6,8,30,51,50,42,26,11,0,0,0,1,0,0,0
5,6,10,11,32,56,55,53,29,0,0,26,51,52,54,50,14,12,10,0,0,0,0,0
0,4,15,13,42,68,55,56,51,11,8,52,57,56,57,54,35,11,9,3,0,0,0,0
0,3,13,15,51,115,97,78,58,24,11,58,58,78,58,63,44,9,2,0,0,0,0,0
0,4,9,13,34,129,72,66,62,46,38,55,73,71,64,54,43,13,12,7,0,0,0,0
0,8,11,28,51,84,64,71,62,52,51,52,61,97,67,53,24,14,6,0,0,0,0,0
5,10,13,27,52,102,58,68,61,52,52,61,68,57,83,66,13,9,3,0,0,0,0,0
11,14,13,13,52,71,64,52,60,58,34,55,61,59,56,46,7,0,3,2,3,3,2,0
7,1,12,15,46,68,63,60,45,15,15,52,62,60,55,16,12,5,8,4,0,2,7,5
0,8,12,6,14,50,56,39,14,14,6,21,71,63,54,11,11,0,0,2,0,0,4,0
6,8,0,12,12,13,13,10,6,7,14,24,77,55,30,13,10,5,7,7,2,0,0,0

0,0,0,0,0,0,0,0,2,0,5,0,6,9,77,114,84,52,12,5,0,0,0,4
0,0,0,0,0,0,0,0,0,0,0,6,39,60,99,145,132,115,52,13,6,0,0,0
0,0,0,0,0,0,0,0,0,2,0,12,33,68,107,114,118,107,58,0,0,0,0,0
0,0,0,0,0,10,0,0,0,13,9,8,10,21,101,105,107,69,0,0,0,0,0,0
0,0,0,0,1,0,4,2,40,53,53,63,63,64,80,85,0,0,0,0,0,0,0,0
0,0,1,13,27,42,50,54,68,72,73,87,90,90,88,78,61,14,0,0,0,0,0,0
0,0,0,26,14,61,78,74,99,104,111,125,120,111,90,92,79,67,30,11,5,3,0,0
2,7,4,14,58,71,81,83,110,118,119,123,135,118,101,105,108,93,85,53,59,1,0,0
0,0,25,56,80,72,79,114,114,135,155,148,146,119,122,124,114,93,85,73,64,19,0,0
4,7,34,61,74,63,71,111,131,158,189,202,199,160,147,152,125,118,89,73,71,66,52,0
1,11,60,67,70,48,73,96,130,156,179,198,204,187,181,183,145,122,93,80,60,59,52,5
6,37,66,70,66,36,57,113,139,166,192,176,192,202,198,191,146,96,73,89,63,72,58,10
12,47,71,72,55,50,54,110,134,157,177,188,191,185,185,160,128,102,89,29,71,88,59,28
11,10,50,53,31,88,83,107,128,147,147,150,156,166,152,134,123,103,68,4,40,101,67,17
0,0,0,5,56,11,73,101,118,139,122,137,133,129,96,103,112,62,37,0,66,101,100,12
5,3,0,0,0,9,100,78,101,105,116,121,107,93,89,99,103,53,12,0,16,64,53,13
5,12,0,0,13,79,56,91,79,75,79,113,91,108,88,78,100,66,8,1,14,52,17,8
12,18,26,25,20,51,67,79,148,97,102,102,124,126,102,90,66,49,26,11,20,28,9,0
8,12,23,39,80,73,106,137,135,129,123,152,160,148,130,90,105,73,8,6,3,5,0,0
14,28,45,52,116,116,133,159,186,169,185,213,199,170,130,126,117,56,7,9,1,0,0,0
15,12,12,68,54,129,166,153,245,220,218,234,229,200,143,119,117,86,14,11,0,0,0,0
15,16,37,50,114,130,196,220,255,244,268,288,257,244,185,145,117,72,21,13,0,0,0,0
10,11,36,98,109,104,176,210,217,225,226,226,234,239,179,150,124,78,22,18,0,7,0,0
1,12,57,100,114,130,137,201,163,208,191,215,214,196,163,138,114,101,12,10,0,0,0,0
13,24,33,60,90,114,118,145,133,140,129,160,162,153,132,119,109,92,12,6,0,0,1,0
12,10,7,37,89,103,109,12,109,104,106,116,132,126,114,109,105,100,9,8,0,9,6,5
7,13,23,48,52,77,100,2,105,101,77,101,104,106,105,102,98,63,7,0,0,0,0,0
14,12,12,28,50,50,73,51,55,70,72,73,106,104,101,90,59,59,0,0,0,0,8,0
9,14,18,32,27,38,69,82,12,62,61,62,69,84,78,77,65,14,0,0,0,0,0,0
8,15,14,12,14,34,46,43,37,41,38,55,60,77,87,67,21,10,0,0,0,7,0,0
13,1,10,12,14,34,45,41,29,16,17,45,65,66,59,52,27,12,7,6,2,3,4,0
6,4,3,13,29,34,45,51,20,7,13,50,54,100,60,39,10,5,3,0,0,0,0,0
0,3,6,10,13,23,40,52,13,9,5,50,20,43,50,20,7,10,0,0,0,0,0,4
0,8,10,8,14,32,31,29,29,6,8,30,51,50,42,26,11,0,0,0,1,0,0,0
5,6,10,11,32,56,55,53,29,0,0,27,50,52,54,50,14,12,10,0,0,0,0,0
0,4,15,13,42,68,54,56,51,10,8,52,57,56,57,54,35,11,9,3,0,0,0,0
0,3,13,15,51,115,97,78,58,25,11,58,59,78,58,63,43,9,2,0,0,0,0,0
0,4,9,13,34,129,72,66,63,46,39,55,73,71,64,54,44,13,12,7,0,0,0,0
0,8,11,29,51,84,64,71,62,52,51,52,61,97,67,53,24,14,6,0,0,0,0,0
5,10,13,28,52,102,58,68,61,52,52,60,68,57,83,66,13,9,3,0,0,0,0,0
11,14,13,13,52,71,64,52,60,58,36,55,61,59,56,46,7,0,3,2,3,3,2,0
7,1,13,14,46,69,63,60,45,15,16,52,62,60,55,16,12,5,8,5,0,2,7,5
0,8,12,7,14,50,56,41,14,14,6,23,72,63,53,11,11,0,0,2,0,0,4,0
6,8,0,12,12,13,13,10,6,7,14,24,77,55,29,13,10,5,7,7,2,0,0,0

0,0,0,0,0,0,0,0,2,0,5,0,6,8,76,114,84,52,12,5,0,0,0,4
0,0,0,0,0,0,0,0,0,0,0,6,37,60,99,145,132,115,52,13,6,0,0,0
0,0,0,0,0,0,0,0,0,2,0,12,34,68,107,114,118,107,58,0,0,0,0,0
0,0,0,0,0,10,0,0,0,13,9,8,10,19,100,105,107,69,0,0,0,0,0,0
0,0,0,0,1,0,4,2,40,53,53,62,63,64,80,85,0,0,0,0,0,0,0,0
0,0,1,13,28,42,51,54,68,72,73,87,90,90,88,78,61,14,0,0,0,0,0,0
0,0,0,26,14,61,78,74,99,105,111,125,120,111,90,92,79,68,32,12,6,3,0,0
2,7,4,14,58,71,81,83,110,118,119,123,135,118,102,105,109,94,86,54,59,1,0,0
0,0,25,56,80,72,79,114,114,135,155,148,146,119,122,124,115,94,85,74,64,19,0,0
4,7,34,61,74,64,71,111,131,158,189,201,199,160,147,152,125,118,89,74,71,67,52,0
1,11,60,67,70,48,73,96,130,156,180,198,204,187,181,183,145,121,93,80,60,59,52,5
6,37,67,70,66,36,57,113,139,166,192,176,192,202,198,191,145,96,73,89,63,72,58,11
12,47,70,72,55,50,54,110,135,157,177,188,191,185,185,160,128,102,89,28,71,89,59,27
11,10,50,52,31,88,83,107,128,148,148,150,156,166,152,134,123,103,68,4,39,101,67,18
0,0,0,5,56,11,73,102,118,139,123,137,134,130,97,103,112,62,37,0,65,100,100,12
5,3,0,0,0,9,100,78,101,105,116,121,107,94,89,99,103,53,12,0,16,64,53,12
5,12,0,0,13,79,57,91,79,75,79,113,91,109,88,78,100,66,8,1,14,52,15,8
12,18,26,26,20,52,67,80,148,97,102,102,125,126,102,90,66,49,26,11,19,28,9,0
7,12,23,39,80,73,106,137,135,128,123,152,160,148,130,90,105,72,8,6,3,5,0,0
14,26,45,53,116,116,133,159,186,170,185,213,199,170,130,126,117,56,7,9,1,0,0,0
15,12,12,68,55,129,166,153,245,220,218,234,229,200,143,119,117,86,14,11,0,0,0,0
15,16,37,51,114,130,196,220,256,244,268,288,257,244,185,145,117,71,21,13,0,0,0,0
10,11,36,99,109,105,177,210,217,225,226,226,234,239,179,150,124,78,21,18,0,7,0,0
0,12,57,100,114,130,137,201,164,208,191,216,215,196,163,138,114,101,12,10,0,0,0,0
13,25,33,60,90,114,118,145,133,141,129,160,163,153,132,119,109,92,12,6,0,0,1,0
12,10,7,37,91,103,109,12,109,104,106,116,132,126,114,109,105,98,9,8,0,9,6,5
7,13,23,48,53,76,100,2,105,101,76,101,104,106,106,102,98,63,7,0,0,0,0,0
14,12,12,28,50,50,73,52,56,70,72,73,106,104,101,90,59,59,0,0,0,0,8,0
9,14,19,32,27,38,69,83,12,62,61,62,69,84,78,77,65,14,0,0,0,0,0,0
8,15,14,12,14,35,46,43,37,41,38,55,60,77,87,67,21,10,0,0,0,7,0,0
13,1,10,12,14,33,44,41,29,15,18,45,65,65,59,52,27,12,7,6,2,3,4,0
6,4,3,13,29,34,45,51,20,7,13,50,54,100,60,37,10,5,3,0,0,0,0,0
0,3,7,10,13,23,41,52,13,9,5,50,20,42,50,19,7,10,0,0,0,0,0,4
0,8,10,8,14,32,32,29,29,6,8,30,51,50,41,26,11,0,0,0,1,0,0,0
5,6,10,11,32,56,55,53,29,0,0,26,50,52,54,50,14,12,10,0,0,0,0,0
0,4,15,13,42,68,54,56,51,10,8,52,57,56,57,54,35,11,9,2,0,0,0,0
0,3,13,15,51,115,97,77,58,25,11,58,58,78,58,63,44,9,2,0,0,0,0,0
0,4,9,13,35,130,72,66,63,46,38,55,73,71,64,54,44,13,12,7,0,0,0,0
0,8,11,29,51,84,64,71,62,52,51,52,61,97,67,53,24,14,6,0,0,0,0,0
5,10,13,28,52,102,58,68,61,52,52,61,68,57,83,66,13,9,3,0,0,0,0,0
11,14,13,13,52,71,64,52,61,58,34,56,61,59,56,46,7,0,3,2,3,3,2,0
7,1,13,15,46,69,63,60,45,15,15,52,62,60,55,15,12,5,8,4,0,2,7,5
0,8,12,7,14,50,57,41,14,14,7,24,71,63,54,11,11,0,0,2,0,0,4,0
6,8,0,12,12,13,13,10,6,7,14,25,78,55,29,13,10,5,7,7,2,0,0,0

0,0,0,0,0,0,0,0,2,0,5,0,6,9,76,114,83,52,12,5,0,0,0,4
0,0,0,0,0,0,0,0,0,0,0,6,37,60,99,145,132,115,52,13,7,0,0,0
0,0,0,0,0,0,0,0,0,2,0,12,34,68,107,114,118,108,58,0,0,0,0,0
0,0,0,0,0,10,0,0,0,13,9,8,10,22,100,105,107,70,0,0,0,0,0,0
0,0,0,0,1,0,4,3,42,53,53,63,63,64,80,85,0,0,0,0,0,0,0,0
0,0,1,13,27,42,51,54,69,73,73,88,90,90,87,78,61,14,0,0,0,0,0,0
0,0,0,26,14,61,79,74,99,105,112,126,121,111,90,92,79,68,37,12,6,3,0,0
2,7,4,14,58,71,81,83,110,118,120,124,136,118,101,105,109,94,86,55,60,1,0,0
0,0,25,56,80,72,79,114,114,135,154,149,146,119,122,123,114,94,85,74,65,21,0,0
4,7,34,61,74,63,71,111,130,157,188,202,199,159,148,152,125,118,89,74,71,67,52,0
1,11,60,67,70,47,73,96,130,155,179,198,204,187,182,184,145,121,93,80,60,59,52,5
6,35,66,70,66,35,57,113,139,166,192,176,191,202,199,191,145,95,73,89,63,72,58,10
12,46,69,71,55,50,54,110,134,157,176,187,191,185,185,159,128,101,88,27,70,88,59,29
11,9,46,52,28,87,83,107,128,148,148,150,156,166,152,133,123,103,68,4,39,101,67,15
0,0,0,5,55,11,73,102,119,140,123,138,134,130,97,103,112,62,35,0,65,100,100,12
5,3,0,0,0,9,100,78,101,106,117,121,108,94,89,99,103,52,12,0,14,64,53,12
5,12,0,0,13,79,57,92,79,76,79,113,91,109,88,78,100,66,8,1,14,51,14,8
12,18,26,26,20,52,68,80,148,97,103,103,125,126,102,91,66,49,26,11,19,27,9,0
8,12,23,39,80,73,106,138,135,129,123,152,161,148,131,90,105,73,8,6,3,5,0,0
14,27,45,53,116,116,133,159,186,170,185,213,200,170,130,126,117,56,7,9,1,0,0,0
15,12,12,68,55,129,166,153,246,220,219,235,229,200,144,119,117,86,14,11,0,0,0,0
15,16,37,51,114,130,196,220,255,244,267,288,258,245,185,145,117,71,21,13,0,0,0,0
10,11,36,99,109,105,177,209,217,225,226,226,234,240,180,150,124,78,21,18,0,7,0,0
1,12,57,100,114,130,137,201,164,209,191,216,215,196,163,138,114,101,12,10,0,0,0,0
13,25,33,60,91,114,118,145,133,141,129,160,163,153,132,119,109,92,12,6,0,0,2,0
12,10,7,37,90,103,109,12,109,104,106,116,132,126,114,109,105,100,9,8,0,9,6,5
7,13,24,50,53,78,100,3,105,101,77,102,104,106,105,102,98,63,7,0,0,0,0,0
14,12,12,27,50,50,73,52,55,70,72,73,106,104,101,90,59,58,0,0,0,0,8,0
9,14,19,32,27,38,69,83,12,62,62,62,69,84,78,77,65,14,0,0,0,0,0,0
8,15,14,12,14,35,46,43,37,41,39,55,61,76,87,67,19,10,0,0,0,7,0,0
13,1,10,12,14,33,44,40,29,15,17,45,65,65,59,52,26,12,7,6,3,3,4,0
6,4,3,13,29,34,45,51,19,7,13,50,54,100,60,39,10,5,3,0,0,0,0,0
0,3,6,10,13,23,41,52,13,9,5,50,20,42,50,19,7,10,0,0,0,0,0,4
0,8,10,8,14,32,31,29,30,6,8,30,51,50,41,27,11,0,0,0,1,0,0,0
5,7,10,11,32,56,55,53,29,0,0,27,50,52,54,50,14,12,10,0,0,0,0,0
0,4,15,13,42,69,55,56,51,10,8,52,57,56,57,54,35,11,9,3,0,0,0,0
0,3,13,15,51,115,97,77,58,25,11,58,58,78,58,63,44,9,1,0,0,0,0,0
0,4,9,13,34,129,72,66,62,46,38,55,73,71,64,54,42,13,12,7,0,0,0,0
0,8,11,28,51,84,64,71,62,52,51,52,61,97,67,53,24,14,6,0,0,0,0,0
5,10,13,28,52,102,58,68,61,52,52,61,68,57,83,66,13,9,3,0,0,0,0,0
11,14,13,13,52,71,64,52,60,58,37,56,61,59,57,46,8,0,4,2,3,3,2,0
7,1,13,15,46,69,63,60,45,15,16,52,62,60,55,15,12,5,8,4,0,2,7,5
0,8,12,7,14,50,57,41,14,14,6,23,71,63,53,11,11,0,0,2,0,0,4,0
6,8,0,12,12,13,13,10,6,7,14,26,77,55,28,13,10,4,7,7,2,0,0,0

0,0,0,0,0,0,0,0,2,0,5,0,6,9,76,114,84,52,12,5,0,0,0,4
0,0,0,0,0,0,0,0,0,0,0,6,36,60,99,145,132,115,52,13,7,0,0,0
0,0,0,0,0,0,0,0,0,2,0,12,34,67,107,114,118,108,59,0,0,0,0,0
0,0,0,0,0,10,0,0,0,13,9,8,10,19,100,105,107,70,0,0,0,0,0,0
0,0,0,0,1,0,4,2,41,53,53,63,63,64,79,85,0,0,0,0,0,0,0,0
0,0,1,13,27,42,51,54,68,73,73,88,90,90,87,78,61,14,0,0,0,0,0,0
0,0,0,26,14,61,79,74,99,105,112,126,121,111,90,92,79,68,40,12,6,4,0,0
2,7,4,14,58,71,81,83,110,118,119,123,135,118,101,105,109,94,86,55,60,1,0,0
0,0,25,56,80,72,79,114,114,134,154,148,146,119,122,124,115,94,85,74,65,22,0,0
4,7,34,61,74,64,71,111,130,157,188,201,199,160,147,152,126,119,89,73,72,67,52,0
1,11,60,67,70,47,73,95,130,155,178,197,203,187,182,184,145,121,93,80,60,59,52,6
6,35,66,70,66,35,57,113,139,166,192,175,191,202,199,191,145,96,73,89,63,72,58,11
12,46,69,72,54,50,54,110,134,157,176,187,191,185,185,159,128,101,89,27,70,89,59,29
11,9,47,52,28,88,83,107,128,148,148,150,156,166,152,133,123,103,68,4,38,101,67,17
0,0,0,5,55,11,73,102,119,139,123,138,134,130,96,103,112,62,37,0,65,100,101,12
5,3,0,0,0,10,100,78,101,106,117,121,107,94,89,98,103,52,12,0,14,64,53,12
5,12,0,0,13,79,57,91,80,76,79,113,91,109,88,78,100,66,8,1,14,51,14,8
12,18,26,25,20,52,68,80,148,97,103,102,125,126,102,91,66,48,26,11,19,28,9,0
8,12,23,39,80,74,106,138,135,129,123,152,160,148,130,90,105,73,8,6,3,5,0,0
14,27,45,53,116,117,133,160,187,170,185,214,199,170,130,126,117,56,7,9,1,0,0,0
15,12,12,69,56,130,166,154,246,220,219,234,229,200,143,119,117,86,14,11,0,0,0,0
15,16,37,51,114,130,196,220,256,244,268,288,258,245,185,145,117,71,21,13,0,0,0,0
10,11,36,99,109,105,177,210,218,225,226,226,234,239,180,149,124,78,21,18,0,7,0,0
1,12,57,100,114,131,137,201,164,209,191,216,215,196,163,138,114,101,12,10,0,0,0,0
13,25,33,60,91,114,118,145,133,141,129,160,163,153,132,119,109,92,12,6,0,0,2,0
12,10,7,37,90,103,109,12,109,104,106,116,132,126,114,109,105,98,9,8,0,9,6,5
7,13,23,47,53,77,100,2,105,101,76,102,104,106,105,102,100,64,7,0,0,0,0,0
14,12,12,27,50,50,73,51,55,70,71,73,106,103,101,90,59,59,0,0,0,0,8,0
10,14,19,32,27,38,69,83,12,62,62,62,69,84,78,77,65,14,0,0,0,0,0,0
8,15,14,12,14,35,46,43,37,41,39,55,60,77,87,67,19,10,0,0,0,7,0,0
13,1,10,12,14,35,45,41,29,15,17,45,65,65,59,52,26,12,7,6,2,3,4,0
6,4,3,12,29,34,45,51,19,7,13,50,54,100,59,36,10,5,3,0,0,0,0,0
0,3,7,10,13,23,41,52,13,9,5,50,20,42,50,20,7,10,0,0,0,0,0,4
0,8,10,8,14,31,32,29,29,6,8,30,51,50,42,26,11,0,0,0,1,0,0,0
5,7,10,11,32,56,55,53,29,0,0,27,50,52,54,50,14,12,10,0,0,0,0,0
0,4,15,13,42,68,54,56,51,10,8,52,57,56,57,54,35,11,9,2,0,0,0,0
0,3,13,15,51,116,97,77,58,25,11,58,58,78,58,62,44,9,2,0,0,0,0,0
0,4,9,13,34,130,72,66,62,46,38,55,73,71,64,54,43,13,12,7,0,0,0,0
0,8,11,28,51,85,64,71,62,52,51,52,61,97,67,53,24,14,6,0,0,0,0,0
5,10,13,27,52,103,58,68,61,52,52,60,68,57,83,66,13,9,3,0,0,0,0,0
11,14,13,13,52,72,64,52,60,58,36,55,61,59,57,46,7,0,3,2,3,3,2,0
7,1,13,14,46,69,63,60,44,15,15,52,62,59,55,15,12,5,7,4,0,2,7,5
0,8,12,7,15,50,57,41,14,14,6,24,71,63,54,11,11,0,0,2,0,0,4,0
6,8,0,12,12,14,13,10,6,7,14,24,78,55,29,13,10,4,7,7,2,0,0,0

0,0,0,0,0,0,0,0,2,0,5,0,6,9,76,114,84,52,12,6,0,0,0,5
0,0,0,0,0,0,0,0,0,0,0,6,37,60,99,145,132,115,52,13,8,0,0,0
0,0,0,0,0,0,0,0,0,2,0,12,33,68,107,114,118,108,59,0,0,0,0,0
0,0,0,0,0,10,0,0,0,13,9,8,10,18,100,105,107,70,0,0,0,0,0,0
0,0,0,0,1,0,4,2,40,53,53,62,62,64,79,85,0,0,0,0,0,0,0,0
0,0,1,13,27,43,51,54,69,72,73,88,90,91,87,78,61,14,0,0,0,0,0,0
0,0,0,26,14,61,78,74,99,104,111,125,120,111,90,92,79,68,50,11,6,4,0,0
2,7,4,14,58,71,81,83,110,118,119,123,135,118,101,105,109,94,86,54,60,1,0,0
0,0,26,56,80,72,79,114,114,135,154,148,146,119,122,124,115,94,85,74,65,22,0,0
4,7,35,61,74,64,71,111,130,158,188,201,199,159,148,152,126,119,89,74,72,67,52,0
1,11,60,67,70,49,73,96,130,156,179,197,203,187,181,184,146,122,93,80,60,59,52,5
6,37,67,70,66,36,57,113,139,166,192,176,192,202,198,191,146,96,73,89,63,72,58,11
12,47,71,72,55,50,54,110,134,157,176,188,191,185,185,160,128,102,89,29,72,89,59,29
11,10,50,52,31,88,83,107,128,148,148,150,156,166,152,134,123,103,68,4,40,101,68,18
0,0,0,5,56,11,73,102,118,139,122,138,134,129,96,103,112,62,37,0,66,101,101,12
5,3,0,0,0,9,100,78,101,106,117,121,107,93,88,99,103,53,12,0,16,65,53,12
5,12,0,0,13,79,57,91,79,76,79,113,91,109,88,78,100,66,8,1,14,52,19,8
12,18,26,26,20,52,67,80,148,97,103,102,124,126,102,90,66,49,26,11,20,28,9,0
7,12,23,39,80,74,106,138,135,129,123,152,160,148,130,90,105,73,8,6,3,5,0,0
14,27,46,53,116,117,133,160,187,170,185,214,199,170,130,126,117,56,7,9,1,0,0,0
15,12,12,69,56,130,166,154,246,221,219,235,229,200,143,118,117,86,14,11,0,0,0,0
15,16,37,51,114,130,197,220,256,244,267,289,257,244,185,144,117,71,21,13,0,0,0,0
10,11,36,100,109,105,177,210,218,225,226,226,234,239,179,150,124,78,21,18,0,7,0,0
1,12,57,100,114,130,137,201,164,209,191,215,215,196,163,138,114,101,12,10,0,0,0,0
13,25,34,60,91,114,118,145,133,141,129,160,163,153,132,119,109,94,12,6,0,0,2,0
12,10,7,37,90,103,109,12,109,104,106,116,132,126,114,109,105,98,9,8,0,9,6,5
7,13,24,48,53,78,100,2,105,101,77,101,104,106,105,101,98,61,7,0,0,0,0,0
14,12,12,28,50,50,72,51,55,70,72,73,106,104,101,90,59,58,0,0,0,0,8,0
9,14,19,32,27,38,69,81,12,61,61,62,69,84,78,77,65,14,0,0,0,0,0,0
8,15,14,12,14,35,47,43,37,41,39,55,60,76,87,67,19,10,0,0,0,7,0,0
13,1,10,12,14,34,45,41,29,15,18,46,65,65,59,52,26,12,7,6,2,3,4,0
6,4,3,13,29,35,45,51,19,7,13,50,54,99,60,36,10,5,3,0,0,0,0,0
0,3,7,10,13,23,41,51,13,10,5,50,20,43,50,20,7,10,0,0,0,0,0,4
0,8,10,8,14,31,31,29,29,6,8,30,51,50,41,25,12,0,0,0,1,0,0,0
5,7,10,11,34,56,55,53,29,0,0,27,50,52,54,50,14,12,10,0,0,0,0,0
0,4,15,13,42,69,54,56,51,10,8,52,57,56,57,54,34,11,9,3,0,0,0,0
0,3,13,15,51,116,97,77,58,24,11,59,58,78,58,63,44,9,2,0,0,0,0,0
0,4,9,13,34,130,72,66,62,46,38,55,73,71,64,54,44,13,12,7,0,0,0,0
0,8,11,28,51,85,64,71,62,52,51,52,61,97,67,53,24,14,6,0,0,0,0,0
5,10,13,28,52,103,58,69,61,52,52,61,68,57,83,65,13,9,3,0,0,0,0,0
11,14,13,13,52,72,64,52,60,58,36,55,61,59,56,46,7,0,3,2,3,3,2,0
7,1,13,15,47,69,63,61,44,15,18,52,62,60,55,14,12,5,7,4,0,2,7,5
0,8,12,7,15,50,57,41,14,14,6,23,71,63,54,11,11,0,0,2,0,0,4,0
6,8,0,12,13,14,13,10,6,7,14,26,77,55,28,13,10,4,7,7,2,0,0,0

0,0,0,0,0,0,0,0,2,0,5,0,6,8,76,114,84,52,12,6,0,0,0,5
0,0,0,0,0,0,0,0,0,0,0,6,36,60,98,145,133,115,52,13,8,0,0,0
0,0,0,0,0,0,0,0,0,2,0,12,34,68,107,114,118,108,60,0,0,0,0,0
0,0,0,0,0,10,0,0,0,13,9,8,10,18,100,105,107,70,0,0,0,0,0,0
0,0,0,0,2,0,4,2,41,53,53,63,62,63,79,85,0,0,0,0,0,0,0,0
0,0,1,13,27,42,51,54,68,72,73,87,90,90,87,77,61,14,0,0,0,0,0,0
0,0,0,26,14,61,79,74,99,104,111,125,120,111,90,91,79,68,50,11,6,4,0,0
2,7,4,14,58,71,81,83,110,118,119,123,135,118,101,105,109,94,86,54,60,1,0,0
0,0,26,56,80,72,79,114,114,135,155,148,146,119,122,124,115,94,85,74,65,21,0,0
4,7,35,61,74,64,71,111,131,158,189,201,199,160,148,152,126,119,90,74,72,67,52,0
1,12,61,67,70,49,73,96,130,156,180,198,204,187,182,184,146,122,94,80,60,59,52,5
6,39,67,70,66,36,57,113,139,166,193,176,192,203,199,191,146,96,73,90,63,72,58,11
13,48,72,72,55,50,54,110,135,157,177,188,192,185,185,160,128,102,89,29,73,90,59,29
11,10,51,52,33,89,83,107,128,148,148,150,156,166,152,134,123,103,68,5,43,101,67,19
0,0,0,5,56,11,73,102,118,139,122,137,133,129,96,103,112,62,38,0,67,101,101,12
5,3,0,0,0,10,100,78,101,106,116,121,107,93,88,99,103,53,12,0,20,65,53,13
5,12,0,0,13,79,57,91,79,75,79,113,90,108,88,78,100,66,8,2,14,53,20,8
12,18,26,26,20,52,68,79,148,97,102,102,124,125,102,90,66,49,26,11,20,28,10,0
8,12,23,39,80,74,106,138,135,129,123,151,160,148,130,90,105,73,8,6,3,5,0,0
14,27,45,53,116,117,133,160,187,170,185,214,199,170,130,126,117,56,7,9,1,0,0,0
15,12,12,69,56,130,166,154,246,221,219,234,229,200,143,118,117,86,14,11,0,0,0,0
15,16,37,51,114,130,196,220,256,244,269,288,257,245,185,145,117,71,21,13,0,0,0,0
10,11,36,100,110,105,177,210,218,225,226,226,234,239,179,150,124,78,21,18,0,7,0,0
1,12,57,100,114,131,137,201,164,209,191,215,215,196,163,138,114,101,12,10,0,0,0,0
13,24,33,60,91,114,118,145,133,141,129,160,162,153,132,119,109,92,12,6,0,0,1,0
12,10,7,37,90,103,109,12,109,104,106,116,132,126,114,108,105,100,9,8,0,9,6,5
7,13,24,48,53,78,100,2,105,101,76,102,104,106,105,102,97,61,7,0,0,0,0,0
14,12,12,27,50,50,75,50,55,71,72,73,106,104,101,90,59,58,0,0,0,0,8,0
9,14,19,32,27,38,69,81,12,62,61,62,69,84,78,77,65,14,0,0,0,0,0,0
8,15,14,12,14,35,46,43,37,41,39,55,60,76,87,67,19,10,0,0,0,7,0,0
13,1,10,12,14,34,44,41,29,15,18,46,65,65,59,52,26,11,7,6,2,3,4,0
6,4,3,13,29,35,44,51,19,7,13,51,54,100,60,37,10,5,3,0,0,0,0,0
0,3,7,10,13,24,41,52,13,9,5,50,21,42,50,20,7,10,0,0,0,0,0,4
0,8,10,9,14,32,32,29,29,6,8,30,51,50,41,26,11,0,0,0,1,0,0,0
5,7,10,11,33,56,55,53,29,0,0,27,50,52,54,50,14,12,10,0,0,0,0,0
0,5,15,13,43,69,54,56,51,10,8,52,57,56,57,54,35,11,9,3,0,0,0,0
0,3,13,15,51,116,97,77,57,24,11,59,58,78,58,63,43,9,2,0,0,0,0,0
0,4,9,13,34,131,72,66,62,46,38,55,73,71,64,54,43,13,12,7,0,0,0,0
0,8,11,29,51,85,64,71,62,52,51,52,61,97,67,53,24,14,6,0,0,0,0,0
5,10,13,28,52,103,58,69,61,52,52,60,68,57,83,65,13,9,3,0,0,0,0,0
11,14,13,13,52,72,64,52,60,57,37,56,61,59,56,45,7,0,3,2,3,3,2,0
7,2,13,15,47,70,63,60,45,14,16,52,62,60,55,15,12,5,7,5,0,2,7,5
0,8,12,7,15,50,57,41,14,14,6,21,71,63,53,11,11,0,0,2,0,0,4,0
6,8,0,12,13,14,13,10,6,7,14,26,77,55,28,13,10,4,7,7,2,0,0,0

0,0,0,0,0,0,0,0,2,0,5,0,6,9,76,114,84,52,12,6,0,0,0,5
0,0,0,0,0,0,0,0,0,0,0,6,39,60,98,145,133,115,52,13,8,0,0,0
0,0,0,0,0,0,0,0,0,2,0,12,34,67,107,114,118,108,59,1,0,0,0,0
0,0,0,0,0,10,0,0,0,13,9,8,10,19,100,105,107,70,0,0,0,0,0,0
0,0,0,0,1,0,4,2,40,53,53,62,63,63,79,85,0,0,0,0,0,0,0,0
0,0,1,13,27,42,51,54,68,72,72,87,90,90,87,77,61,14,0,0,0,0,0,0
0,0,0,26,15,61,79,74,99,105,110,125,120,111,90,91,79,68,51,11,6,4,0,0
2,7,4,14,58,71,81,83,110,118,120,123,135,118,101,105,109,94,86,54,60,1,0,0
0,0,26,56,80,72,79,114,115,135,155,149,146,120,122,124,115,94,85,74,65,22,0,0
4,7,36,61,74,64,71,111,131,158,189,202,199,160,148,152,126,119,90,74,72,67,52,0
1,12,61,67,70,49,73,96,130,156,179,198,204,187,182,184,146,122,93,80,60,59,52,5
6,39,67,70,66,37,57,113,139,166,192,176,192,203,199,191,146,96,73,90,63,72,58,11
13,48,72,72,55,50,54,110,134,157,177,188,191,185,185,160,128,102,89,29,73,90,59,30
11,10,50,52,33,89,83,107,128,148,148,150,156,166,152,134,123,103,68,5,43,101,67,19
0,0,0,5,56,11,73,102,118,139,122,137,133,129,96,103,112,62,37,0,68,101,101,12
5,3,0,0,0,10,100,78,101,106,116,121,107,93,88,98,103,53,12,0,19,65,54,13
5,12,0,0,13,80,57,91,79,75,79,113,90,108,88,78,100,66,8,2,14,53,21,8
12,18,27,26,20,52,67,80,148,97,102,102,124,126,102,90,66,49,26,11,20,29,10,1
8,12,23,39,80,74,106,138,135,129,123,151,160,148,130,90,105,72,8,6,3,5,0,0
14,27,45,53,116,117,133,160,187,170,185,213,199,170,130,125,117,56,7,9,1,0,0,0
15,12,12,70,56,130,166,154,246,221,219,235,229,200,143,118,117,86,14,11,0,0,0,0
15,16,37,51,115,131,197,221,257,245,268,288,258,245,185,145,117,71,21,13,0,0,0,0
10,11,36,100,110,105,177,210,218,225,226,226,234,239,179,149,124,78,21,18,0,7,0,0
1,12,57,100,114,131,137,201,164,209,191,216,214,196,163,138,114,101,12,10,0,0,0,0
13,25,33,60,91,114,118,145,133,141,129,160,162,153,132,119,109,92,12,6,0,0,2,0
12,10,7,37,90,103,109,12,109,104,106,116,132,126,114,109,105,100,9,8,0,9,7,5
7,13,23,47,53,77,100,2,105,101,77,101,104,106,105,102,97,61,7,0,0,0,0,0
14,12,12,28,50,50,75,51,56,70,72,73,106,104,101,91,59,59,0,0,0,0,8,0
9,14,19,32,27,38,69,83,12,62,62,62,69,84,78,77,65,14,0,0,0,0,0,0
8,15,14,12,14,35,47,43,37,41,39,55,60,77,87,67,18,10,0,0,0,7,0,0
13,1,10,12,14,34,45,41,29,15,17,45,65,65,58,52,26,12,7,6,2,3,4,0
6,4,3,13,29,35,45,51,19,7,13,50,54,100,59,37,10,5,3,0,0,0,0,0
0,3,7,10,13,24,41,51,13,10,5,50,20,43,50,21,7,10,0,0,0,0,0,4
0,8,10,9,14,33,31,29,29,6,8,28,51,50,42,26,11,0,0,0,1,0,0,0
5,7,10,11,34,56,55,53,29,0,0,27,50,52,55,50,14,12,10,0,0,0,0,0
0,5,15,13,44,69,54,56,51,10,8,52,57,56,57,54,35,11,9,3,0,0,0,0
0,3,13,15,51,116,96,76,57,24,11,58,58,78,58,62,44,9,1,0,0,0,0,0
0,4,9,13,34,131,72,66,62,45,39,55,73,71,64,54,42,13,12,7,0,0,0,0
0,8,11,29,51,85,64,71,62,52,51,52,61,97,67,53,24,14,6,0,0,0,0,0
5,10,13,28,52,103,58,68,61,52,52,61,68,57,83,65,13,9,3,0,0,0,0,0
11,14,13,13,52,72,64,52,61,58,38,56,62,59,56,46,7,0,4,2,3,3,2,0
7,2,13,14,48,70,63,60,44,15,15,52,62,60,55,14,12,5,8,4,0,2,7,5
0,8,12,7,15,50,57,42,14,14,6,21,71,63,53,11,11,0,0,2,0,0,4,0
6,8,0,12,13,14,13,10,6,7,14,25,77,55,29,13,10,5,7,7,2,0,0,0

0,0,0,0,0,0,0,0,2,0,5,0,6,9,76,114,84,52,12,6,0,0,0,5
0,0,0,0,0,0,0,0,0,0,0,6,39,60,99,145,133,115,52,13,9,0,0,0
0,0,0,0,0,0,0,0,0,2,0,12,37,68,107,115,118,108,60,1,0,0,0,0
0,0,0,0,0,10,0,0,0,13,9,8,10,18,100,105,107,70,0,0,0,0,0,0
0,0,0,0,2,0,4,2,41,54,53,63,63,64,79,85,0,0,0,0,0,0,0,0
0,0,1,13,27,42,51,54,69,73,73,88,90,90,87,77,61,14,1,0,0,0,0,0
0,0,0,26,15,61,79,74,99,105,111,126,120,111,90,91,79,68,52,11,7,4,0,0
2,7,4,14,58,71,81,83,110,118,120,124,135,118,101,105,109,94,86,55,60,1,0,0
0,0,25,56,80,72,79,114,114,135,155,148,146,119,122,123,115,94,86,74,65,23,0,0
4,7,37,61,74,64,71,111,130,157,188,201,199,160,147,152,126,119,90,74,72,67,52,0
1,11,60,67,70,49,73,96,130,155,179,197,203,187,182,184,146,122,93,80,60,59,52,6
6,37,67,70,66,36,57,113,139,166,192,175,191,202,198,191,145,96,73,89,63,72,58,11
12,47,71,72,55,50,54,110,134,157,176,187,191,185,185,160,128,102,89,28,72,89,59,30
11,10,50,52,31,88,83,107,128,148,148,150,156,166,152,134,123,103,68,4,43,101,67,18
0,0,0,5,56,11,74,102,118,139,123,138,134,130,97,103,112,62,37,0,67,101,101,12
5,3,0,0,0,10,100,78,101,106,117,121,107,94,89,99,103,53,12,0,16,65,53,13
5,12,0,0,13,79,57,91,79,76,79,113,91,109,88,78,100,66,8,2,14,52,16,8
12,18,26,26,20,52,68,80,149,97,103,102,125,126,102,90,66,49,26,11,20,28,9,0
8,12,23,39,80,74,106,138,135,129,123,152,160,148,130,90,105,73,8,6,3,5,0,0
14,28,46,53,116,117,133,160,187,170,185,214,200,170,130,126,117,56,7,9,1,0,0,0
15,12,12,69,56,130,167,154,246,222,219,235,230,201,144,119,117,86,14,11,0,0,0,0
15,16,37,51,115,131,197,221,257,245,269,289,258,245,185,145,117,71,21,13,0,0,0,0
10,11,36,100,110,105,177,210,218,226,227,226,234,240,179,150,124,78,21,18,0,7,0,0
1,12,57,100,114,131,137,201,164,210,191,216,215,197,163,138,115,101,12,10,0,0,0,0
13,25,33,60,91,114,118,145,133,141,129,160,163,153,132,119,109,92,12,6,0,0,2,0
12,10,7,37,91,103,109,12,109,104,106,116,132,126,114,109,105,98,9,9,0,9,7,5
7,13,23,50,53,77,100,2,105,101,76,101,104,106,105,102,98,63,7,0,0,0,0,0
14,12,12,28,50,50,73,52,56,70,72,73,106,104,101,90,59,60,0,0,0,0,8,0
9,15,18,32,27,38,69,82,12,62,61,62,69,84,78,77,66,14,0,0,0,0,0,0
8,15,14,12,14,35,47,43,37,41,39,55,60,76,87,67,19,10,0,0,0,7,0,0
13,1,10,12,14,35,45,41,29,15,17,45,65,65,59,52,27,12,7,6,2,3,4,0
6,4,3,13,29,35,45,51,19,7,13,50,54,100,60,39,10,5,3,0,0,0,0,0
0,3,7,10,13,24,41,52,13,9,5,50,21,42,50,21,7,10,0,0,0,0,0,4
0,8,10,8,14,32,32,29,29,6,8,30,51,50,42,26,12,0,0,0,1,0,0,0
5,7,10,11,33,56,55,53,29,0,0,26,50,52,54,50,14,12,10,0,0,0,0,0
0,4,15,13,43,69,54,56,51,10,8,52,57,56,57,54,35,11,9,3,0,0,0,0
0,3,13,15,51,116,96,76,57,24,11,59,58,78,58,63,44,9,2,0,0,0,0,0
0,4,9,13,34,131,72,66,62,46,38,55,73,71,64,54,43,13,12,7,0,0,0,0
0,8,11,28,51,85,64,71,62,52,51,52,61,97,67,53,23,14,6,0,0,0,0,0
5,10,13,27,52,103,58,69,61,52,52,61,68,56,83,66,13,9,3,0,0,0,0,0
11,14,13,13,52,72,64,52,60,58,36,56,61,59,57,46,8,0,3,2,3,3,2,0
7,2,13,15,47,70,63,60,45,14,16,52,62,59,55,15,12,5,7,4,0,2,7,5
0,8,12,7,15,50,57,43,14,14,7,24,71,63,53,11,11,0,0,2,0,0,4,0
6,8,0,12,13,14,13,10,6,7,14,26,77,55,29,13,10,5,7,7,2,0,0,0

0,0,0,0,0,0,0,0,2,0,5,0,6,8,76,113,84,52,12,6,0,0,0,5
0,0,0,0,0,0,0,0,0,0,0,6,39,60,99,146,133,115,53,13,9,0,0,0
0,0,0,0,0,0,0,0,0,2,0,12,34,68,107,115,118,108,60,1,0,0,0,0
0,0,0,0,0,10,0,0,0,13,9,8,10,19,100,105,107,70,1,0,0,0,0,0
0,0,0,0,2,0,4,3,43,54,53,63,62,64,79,85,0,0,0,0,0,0,0,0
0,0,1,13,28,43,52,55,69,73,73,88,91,90,87,77,61,14,1,0,0,0,0,0
0,0,0,26,16,61,79,74,99,106,112,126,120,111,90,91,79,68,53,11,7,4,0,0
2,7,4,14,58,71,81,83,110,118,120,124,135,118,101,105,108,94,87,56,60,2,0,0
0,0,26,56,80,72,79,114,114,134,154,149,146,119,121,123,115,95,86,74,65,24,0,0
4,7,35,61,74,64,71,111,130,156,188,201,199,159,147,152,126,119,90,74,72,67,52,0
1,11,60,67,70,47,73,96,130,155,179,198,203,187,182,184,146,122,93,80,60,59,52,6
6,35,66,70,65,35,57,113,139,165,192,176,191,203,199,191,145,96,73,89,63,72,58,11
12,46,69,72,55,50,54,109,134,157,176,187,191,185,185,159,128,102,89,27,72,90,59,29
11,9,44,52,28,88,83,107,128,148,148,150,156,166,152,134,123,103,68,4,41,101,67,17
0,0,0,5,55,11,73,102,119,140,123,138,134,130,97,103,112,62,36,0,66,101,100,12
5,3,0,0,0,9,100,79,101,106,117,122,108,94,89,98,103,53,12,0,14,64,53,12
5,12,0,0,13,80,57,92,80,76,79,113,91,109,88,78,100,66,8,1,14,51,14,8
12,18,27,26,20,52,68,80,149,97,103,103,125,126,102,90,66,48,26,11,19,27,9,0
8,12,23,39,80,74,107,138,135,129,123,152,161,148,130,90,105,73,8,6,3,5,0,0
14,27,45,53,116,117,133,160,187,170,186,214,200,170,130,126,117,56,7,9,1,0,0,0
15,12,12,70,57,130,167,154,247,221,220,235,230,200,144,119,117,86,14,11,0,0,0,0
15,16,37,51,115,131,197,221,257,244,269,289,258,245,185,145,117,71,21,13,0,0,0,0
10,11,36,100,110,105,177,210,218,225,227,227,234,240,180,150,124,78,21,18,0,8,0,0
1,12,57,100,114,131,137,202,164,210,191,216,215,196,163,138,114,101,12,10,0,0,0,0
13,25,33,60,92,114,118,145,133,141,129,160,163,153,132,119,109,92,12,6,0,0,2,0
12,10,7,39,90,103,109,12,109,104,106,116,132,126,114,109,105,97,9,9,0,9,7,5
7,13,24,48,53,77,100,2,105,101,77,101,104,106,106,102,97,64,7,0,0,0,0,0
14,12,12,28,50,50,73,52,55,70,73,73,106,104,101,90,59,59,0,0,0,0,8,0
9,14,19,32,27,38,69,83,12,62,61,62,69,84,78,77,65,14,0,0,0,0,0,0
8,15,14,12,14,35,46,43,37,41,39,55,61,76,87,67,19,10,0,0,0,7,0,0
13,1,10,12,14,35,44,41,30,15,18,46,65,65,58,52,26,12,7,6,2,3,4,0
6,4,3,13,29,35,45,51,18,7,13,50,54,99,60,36,10,5,3,0,0,0,0,0
0,3,7,10,13,24,41,52,13,9,5,50,22,42,50,20,7,10,0,0,0,0,0,4
0,8,10,8,14,33,31,29,29,6,8,30,51,50,41,25,11,0,0,0,1,0,0,0
5,7,10,11,34,56,55,53,29,0,0,27,50,52,54,50,14,12,10,0,0,0,0,0
0,4,15,13,43,69,54,55,51,10,8,52,57,56,57,54,35,11,9,3,0,0,0,0
0,3,13,15,51,116,96,76,57,24,11,58,58,78,58,62,44,9,2,0,0,0,0,0
0,4,9,13,35,131,72,66,62,45,38,55,73,71,64,54,42,13,12,7,0,0,0,0
0,8,11,29,51,86,64,71,62,52,51,52,61,97,67,53,24,14,6,0,0,0,0,0
5,10,13,29,52,103,58,69,61,52,52,61,68,57,83,66,13,9,3,0,0,0,0,0
11,14,13,13,52,72,64,52,60,58,37,56,61,59,56,46,7,0,3,2,3,3,2,0
7,2,13,14,48,70,63,60,45,15,15,52,62,59,55,15,12,5,8,4,0,2,7,5
0,8,12,7,15,50,57,42,14,14,7,24,71,63,54,11,11,0,0,2,0,0,4,0
6,8,0,12,13,14,13,10,6,7,14,25,78,55,29,13,10,4,7,7,2,0,0,0

0,0,0,0,0,0,0,0,2,0,5,0,7,9,77,115,86,52,12,6,0,0,0,5
0,0,0,0,0,0,0,0,0,0,0,6,40,60,99,146,133,115,53,13,9,0,0,0
0,0,0,0,0,0,0,0,0,2,0,12,35,67,107,114,118,107,60,1,0,0,0,0
0,0,0,0,0,10,0,0,0,13,9,8,10,20,100,105,107,70,1,0,0,0,0,0
0,0,0,0,1,0,4,2,40,53,53,63,63,64,80,85,0,0,0,0,0,0,0,0
0,0,1,13,27,40,51,54,68,72,72,87,90,91,88,78,62,14,1,0,0,0,0,0
0,0,0,25,14,61,78,74,99,104,110,125,121,112,91,93,80,69,53,12,7,4,0,0
2,7,4,14,58,71,80,82,109,117,118,123,136,119,102,106,109,95,87,56,61,2,0,0
0,0,25,56,80,72,79,113,113,134,153,148,146,119,122,124,115,95,87,75,66,30,1,0
4,7,35,61,74,64,71,110,129,156,186,199,198,158,146,151,126,120,91,74,72,67,53,0
1,11,60,67,71,50,72,95,129,154,176,195,200,183,178,182,145,122,94,80,60,59,52,6
6,35,66,70,66,35,57,113,139,164,190,174,188,197,194,188,145,96,73,90,63,73,58,11
12,46,70,72,55,50,54,109,134,156,175,186,188,181,181,157,128,102,89,30,73,90,60,31
11,9,48,52,30,88,82,106,128,147,148,150,155,164,149,133,123,103,68,5,41,101,68,19
0,0,0,5,56,11,74,102,119,140,123,138,133,129,96,103,112,62,38,0,66,101,101,12
5,3,0,0,0,10,101,79,102,106,117,122,107,93,88,99,103,53,12,0,14,64,53,12
5,12,0,0,14,80,57,92,80,76,79,113,91,109,88,78,100,66,8,2,14,52,14,8
12,18,27,26,20,52,68,80,150,98,103,103,125,126,102,90,66,49,26,11,19,28,9,0
8,12,23,40,82,75,107,139,136,130,124,153,161,148,130,90,105,73,8,6,3,5,0,0
14,28,46,54,116,117,134,162,189,171,187,214,200,170,130,125,117,56,7,9,1,0,0,0
15,12,12,72,60,131,168,157,249,223,220,235,229,200,143,118,117,86,14,11,0,0,0,0
15,16,37,52,116,132,200,223,259,246,269,289,257,243,184,144,117,71,21,13,0,0,0,0
10,11,37,100,110,107,179,213,219,226,227,226,233,238,178,149,124,78,21,18,0,7,0,0
1,12,57,101,115,132,138,204,165,209,191,215,214,195,162,137,114,101,12,10,0,0,0,0
13,25,34,61,92,114,119,145,133,141,129,160,162,152,132,118,109,92,12,6,0,0,2,0
12,10,7,38,91,103,109,12,109,104,106,115,132,125,114,109,105,100,9,8,0,9,7,5
7,13,24,50,53,77,100,3,105,101,77,102,104,106,105,102,98,61,7,0,0,0,0,0
14,12,12,29,50,50,73,52,56,70,73,73,106,103,101,90,59,59,0,0,0,0,8,0
10,15,19,33,27,38,69,82,12,62,62,62,69,84,78,77,65,14,0,0,0,0,0,0
8,15,14,12,14,36,47,43,37,42,40,55,61,76,87,67,18,10,0,0,0,7,0,0
13,1,10,12,14,35,45,41,29,17,19,46,66,65,59,52,27,12,7,6,3,3,4,0
7,4,3,13,29,35,45,51,18,7,13,50,54,100,59,37,10,5,3,0,0,0,0,0
0,3,7,10,13,24,41,52,13,9,5,50,21,42,50,19,7,10,0,0,0,0,0,4
0,8,10,9,14,32,31,29,29,6,8,30,51,50,40,25,11,0,0,0,1,0,0,0
5,7,10,12,33,56,55,53,29,0,0,27,50,52,54,50,14,12,10,0,0,0,0,0
0,5,15,13,44,69,54,56,51,10,8,52,57,56,57,54,35,11,9,3,0,0,0,0
0,3,13,15,51,117,96,76,57,24,11,58,58,78,58,62,43,9,2,0,0,0,0,0
0,4,9,13,35,131,72,66,62,45,38,55,73,71,64,54,42,13,12,7,0,0,0,0
0,8,11,29,51,86,64,71,61,52,51,52,61,97,67,53,25,14,6,0,0,0,0,0
5,10,13,28,52,103,58,68,61,52,52,60,68,57,83,66,13,9,3,0,0,0,0,0
11,14,13,13,52,72,64,52,60,57,36,56,61,59,57,46,7,0,4,2,3,3,2,0
7,2,13,14,47,70,63,60,44,14,16,52,62,59,55,15,12,5,8,4,0,2,7,5
0,8,12,7,15,50,57,41,14,14,7,24,71,63,54,11,11,0,0,2,0,0,4,0
6,8,0,12,13,14,13,10,6,7,14,26,77,55,30,13,10,5,7,7,2,0,0,0

0,0,0,0,0,0,0,0,2,0,5,0,7,9,77,115,85,52,12,6,0,0,0,5
0,0,0,0,0,0,0,0,0,0,0,6,39,60,99,146,133,115,53,13,9,0,0,1
0,0,0,0,0,0,0,0,0,2,0,12,35,67,107,115,118,107,60,1,0,0,0,0
0,0,0,0,0,10,0,0,0,13,9,8,10,19,100,105,107,70,1,0,0,0,0,0
0,0,0,0,2,0,4,2,41,53,53,63,63,64,80,85,0,0,0,0,0,0,0,0
0,0,1,13,27,42,51,54,68,72,73,87,90,90,87,78,62,14,1,0,0,0,0,0
0,0,0,26,14,61,79,74,99,104,110,125,120,111,90,92,80,68,53,12,7,4,0,0
2,7,4,14,58,71,81,83,110,117,119,123,135,119,102,106,109,95,87,56,60,2,0,0
0,0,25,56,80,72,79,114,114,134,154,148,146,120,122,124,115,95,87,75,66,29,1,0
4,7,35,61,74,64,71,110,130,157,188,200,199,159,147,152,126,120,91,75,72,67,53,0
1,11,60,67,71,50,72,95,130,154,178,197,201,185,179,183,146,123,94,80,60,59,52,6
6,37,67,70,66,36,57,113,139,165,191,175,189,199,195,189,146,97,73,90,64,73,59,11
12,47,71,73,55,50,54,109,134,156,175,187,189,182,182,158,128,102,89,31,74,90,60,31
11,10,50,52,31,89,83,107,128,147,148,150,155,165,150,133,123,103,68,5,44,101,68,20
0,0,0,5,56,11,73,102,119,139,123,138,133,129,96,103,112,62,38,0,68,101,101,12
5,3,0,0,0,10,100,78,101,106,117,122,107,93,88,98,103,53,12,0,19,65,54,13
5,12,0,0,14,80,57,92,80,76,79,113,91,108,88,78,100,66,8,2,14,53,20,8
12,18,27,26,20,52,68,80,150,98,103,103,125,126,102,90,66,48,26,11,20,29,10,0
8,12,23,40,81,74,107,139,136,130,124,153,161,148,130,90,105,73,8,6,3,5,0,0
14,29,46,53,116,117,134,162,189,172,187,215,199,170,130,125,117,56,7,9,1,0,0,0
15,12,12,72,59,131,168,157,249,223,221,235,229,200,143,118,117,86,14,11,0,0,0,0
15,17,37,52,116,132,199,223,259,246,269,288,257,244,184,144,117,71,21,13,0,0,0,0
10,11,37,100,110,106,179,212,219,226,226,226,234,239,178,149,124,78,21,18,0,7,0,0
1,12,57,101,115,132,138,203,164,209,191,215,214,195,162,137,114,101,12,10,0,0,0,0
13,25,34,61,92,114,119,145,133,141,129,160,162,152,132,118,109,91,12,6,0,0,2,0
12,10,7,38,90,103,109,12,109,104,106,116,132,125,114,109,105,98,9,8,0,9,7,5
7,13,24,48,53,78,100,3,105,101,77,101,104,106,105,102,98,61,7,0,0,0,0,0
14,12,12,29,50,51,75,53,56,71,73,73,106,103,101,90,59,59,0,0,0,0,8,0
10,15,20,33,27,38,70,82,12,62,62,62,69,84,78,76,65,14,0,0,0,0,0,0
8,15,14,12,14,35,47,43,37,41,39,55,60,76,86,66,18,10,0,0,0,7,0,0
13,1,10,12,14,35,45,41,30,17,18,46,65,65,59,52,27,12,7,6,3,3,4,0
6,4,3,13,29,35,45,51,18,7,13,50,54,100,59,36,10,5,3,0,0,0,0,0
0,3,7,10,13,24,41,52,13,9,5,50,21,42,50,19,7,10,0,0,0,0,0,4
0,8,10,9,14,33,31,29,29,6,8,30,51,50,40,25,11,0,0,0,1,0,0,0
5,7,10,11,34,56,55,52,29,0,0,27,50,52,54,50,14,12,10,0,0,0,0,0
0,5,15,13,44,69,54,56,50,10,8,52,57,56,57,54,35,11,9,3,0,0,0,0
0,3,13,15,51,117,96,76,57,24,11,59,59,78,58,63,44,9,2,0,0,0,0,0
0,4,9,13,35,131,72,66,62,45,38,55,73,71,64,54,43,13,12,7,0,0,0,0
0,8,11,29,51,86,64,71,62,52,51,52,61,97,67,53,24,14,6,0,0,0,0,0
5,10,13,29,52,103,58,68,61,52,52,61,68,57,83,65,13,9,3,0,0,0,0,0
11,14,13,13,52,73,64,52,60,57,36,56,61,59,56,45,8,0,3,2,3,3,2,0
7,2,13,15,48,70,63,60,44,14,15,52,62,60,55,15,12,5,7,4,0,2,7,5
0,8,12,7,15,50,57,41,14,14,6,23,71,63,53,11,11,0,0,2,0,0,4,0
6,8,0,12,13,14,13,10,6,7,14,25,77,55,29,13,10,5,7,7,2,0,0,0

0,0,0,0,0,0,0,0,2,0,5,0,7,9,77,115,85,52,12,6,0,0,0,5
0,0,0,0,0,0,0,0,0,0,0,6,39,60,100,146,133,115,53,13,9,1,0,1
0,0,0,0,0,0,0,0,0,2,0,12,34,68,107,115,118,107,60,1,0,0,0,0
0,0,0,0,0,10,0,0,0,13,9,8,10,19,100,105,107,70,1,0,0,0,0,0
0,0,0,0,1,0,4,2,40,53,53,63,63,64,79,85,0,0,0,0,0,0,0,0
0,0,1,13,27,43,51,54,68,72,73,87,90,90,87,78,61,14,1,0,0,0,0,0
0,0,0,26,14,61,79,74,99,104,110,124,120,111,90,92,80,68,53,11,7,4,0,0
2,7,4,14,58,71,81,83,110,117,119,123,135,119,102,106,109,94,87,55,60,2,0,0
0,0,27,56,80,72,79,114,114,135,154,148,146,120,122,124,115,95,86,75,66,27,1,0
4,7,36,61,74,64,71,111,130,158,189,201,199,159,147,152,126,120,91,74,72,67,53,0
1,12,61,68,71,50,72,95,130,155,178,197,203,185,180,183,146,123,94,80,60,59,52,6
6,39,67,70,66,36,57,113,139,165,192,175,190,200,196,190,146,97,74,91,64,73,58,12
13,48,72,73,55,50,54,109,134,156,176,187,190,183,183,158,128,102,89,31,75,90,59,31
11,10,50,52,33,89,83,106,128,148,147,150,155,165,150,133,123,103,68,5,44,101,68,21
0,0,0,5,56,11,73,102,118,139,123,137,133,129,96,102,112,62,38,0,68,101,101,13
5,3,0,0,0,10,101,78,101,106,117,121,107,93,88,98,103,53,12,0,22,65,54,13
5,12,0,0,14,80,57,92,80,76,79,113,90,108,88,78,100,66,8,2,14,53,21,8
12,18,27,26,20,52,68,80,149,97,103,102,124,126,102,90,66,49,26,11,20,29,10,1
8,12,24,40,81,74,107,138,136,130,124,153,160,148,130,90,105,73,8,6,3,6,0,0
14,28,46,54,116,117,134,161,188,172,187,214,200,170,130,126,117,56,7,9,1,0,0,0
15,12,12,72,59,131,168,156,249,223,221,235,230,200,143,118,117,86,14,11,0,0,0,0
15,16,37,52,116,132,199,223,259,246,270,288,258,244,185,144,117,71,21,13,0,0,0,0
10,11,37,100,110,106,179,212,220,226,227,226,234,239,179,149,124,77,21,18,0,7,0,0
1,12,57,101,115,131,138,203,164,209,191,215,214,196,162,137,114,101,12,10,0,0,0,0
13,25,34,61,92,114,119,145,133,141,129,160,162,152,132,118,109,91,12,6,0,0,2,0
12,10,7,38,90,103,109,12,109,104,106,115,132,126,114,109,105,100,9,9,0,9,7,5
7,13,24,48,53,77,100,3,105,101,77,102,104,106,105,102,100,61,7,0,0,0,0,0
14,12,12,29,50,50,75,51,56,71,73,73,106,103,101,90,59,58,0,0,0,0,8,0
10,14,19,32,27,38,69,82,12,62,62,62,69,84,78,76,65,14,0,0,0,0,0,0
8,15,14,12,14,36,47,43,37,41,40,55,60,76,87,67,17,10,0,0,0,7,0,0
13,1,10,12,14,34,45,41,30,16,19,46,65,65,59,52,26,12,7,6,3,3,4,0
6,4,3,13,29,35,45,51,18,7,14,50,54,100,59,35,10,5,3,0,0,0,0,0
0,3,7,10,13,24,41,52,13,9,5,50,20,42,50,19,7,10,0,0,0,0,0,4
0,8,10,9,14,33,32,29,29,6,8,30,51,50,41,25,11,0,0,0,1,0,0,0
5,7,10,12,34,56,55,53,29,0,0,26,50,52,54,50,14,12,10,0,0,0,0,0
0,5,15,13,44,69,54,56,51,10,8,52,57,56,57,54,34,11,9,3,0,0,0,0
0,3,13,15,51,117,96,76,57,24,11,58,58,78,58,62,44,9,1,0,0,0,0,0
0,4,9,13,35,132,72,66,62,45,38,55,73,71,64,54,44,13,12,7,0,0,0,0
0,8,11,29,51,86,64,71,61,52,51,52,61,97,67,53,23,14,6,0,0,0,0,0
5,10,13,29,52,103,58,68,61,52,52,61,68,57,83,65,13,9,2,0,0,0,0,0
11,14,13,13,52,73,64,52,60,57,37,55,61,59,57,45,7,0,3,2,3,3,2,0
7,2,13,15,48,70,63,60,44,14,15,52,62,59,55,15,12,5,7,5,0,2,7,5
0,8,12,7,16,50,57,42,14,14,7,21,71,63,54,11,11,0,0,2,0,0,4,0
6,8,0,12,13,14,13,10,6,7,14,26,78,55,28,13,10,5,7,7,2,0,0,0

0,0,0,0,0,0,0,0,2,0,5,0,7,9,77,115,85,52,12,6,0,0,0,5
0,0,0,0,0,0,0,0,0,0,0,6,39,60,100,146,133,115,52,14,9,1,0,1
0,0,0,0,0,0,0,0,0,2,0,12,35,68,107,115,118,107,60,1,0,0,0,0
0,0,0,0,0,10,0,0,0,13,9,8,10,20,100,105,107,71,1,0,0,0,0,0
0,0,0,0,2,0,4,2,41,53,53,63,63,64,79,85,0,0,0,0,0,0,0,0
0,0,1,13,27,42,51,55,69,73,73,88,90,90,87,78,62,14,1,0,0,0,0,0
0,0,0,26,14,61,79,74,99,105,112,125,120,111,90,92,79,69,53,12,7,5,0,0
2,7,4,14,58,71,81,83,110,118,120,124,136,118,102,105,109,95,87,56,61,2,0,0
0,0,26,56,80,72,79,114,113,134,154,149,146,119,122,123,115,95,87,75,66,29,1,0
4,7,36,61,74,64,71,111,129,156,188,201,199,159,147,152,126,120,91,74,72,67,53,0
1,12,60,67,70,50,72,95,130,155,178,197,203,186,180,183,146,122,94,80,60,59,52,6
6,37,67,70,66,36,57,113,139,165,192,175,191,200,197,190,145,96,73,90,63,73,58,11
12,47,71,72,55,50,54,109,134,156,176,187,190,183,183,159,128,102,89,29,74,90,60,31
11,10,50,52,31,89,83,107,128,148,148,150,155,166,151,133,123,103,68,5,44,101,68,20
0,0,0,5,56,11,74,102,119,140,123,138,134,130,96,103,112,62,38,0,67,101,101,12
5,3,0,0,0,10,101,78,101,106,117,122,107,93,89,99,103,53,12,0,16,65,54,13
5,12,0,0,14,80,57,92,80,76,79,113,91,109,88,78,100,66,8,2,14,52,17,8
12,18,27,26,20,52,68,80,149,97,103,103,125,126,102,90,66,48,26,11,20,28,9,1
8,12,23,40,81,74,107,138,136,129,124,153,160,148,130,90,105,73,8,6,3,5,0,0
14,28,46,54,116,117,134,161,188,171,187,214,200,170,130,126,117,56,7,9,1,0,0,0
15,12,12,72,59,131,167,156,248,223,220,235,230,200,143,118,117,86,14,11,0,0,0,0
16,17,37,53,116,132,199,223,259,246,270,289,258,245,185,144,117,71,21,13,0,0,0,0
10,11,37,100,110,106,179,212,219,226,227,226,234,239,179,149,124,77,21,18,0,7,0,0
1,12,57,101,115,131,138,203,165,209,191,216,214,196,162,137,114,101,12,10,0,0,0,0
13,25,34,61,92,114,119,145,133,141,129,160,162,152,132,118,109,92,12,6,0,0,2,0
12,10,7,37,91,103,109,12,109,104,106,116,132,126,114,109,105,98,9,8,0,9,7,5
7,13,24,50,53,77,100,3,105,101,77,102,104,106,105,102,98,63,7,0,0,0,0,0
14,12,12,28,50,50,75,52,56,71,73,73,106,103,101,90,59,59,0,0,0,0,8,0
10,15,19,32,27,38,70,82,12,62,62,62,69,84,78,76,65,14,0,0,0,0,0,0
8,15,14,12,14,36,47,43,37,41,39,55,60,76,86,67,18,10,0,0,0,7,0,0
13,1,10,12,14,36,45,41,29,16,18,46,65,65,59,52,26,12,7,6,3,3,4,0
6,4,3,13,29,35,46,51,18,7,14,50,54,100,59,36,10,5,3,0,0,0,0,0
0,3,7,10,13,24,41,52,13,9,5,50,21,42,50,20,7,10,0,0,0,0,0,4
0,8,10,9,14,33,32,29,29,6,8,29,51,50,40,25,11,0,0,0,1,0,0,0
5,7,10,11,35,56,55,53,29,0,0,27,50,52,55,50,14,12,10,0,0,0,0,0
0,5,15,13,44,69,54,55,51,10,8,52,57,56,57,54,34,11,9,2,0,0,0,0
0,3,13,15,51,117,96,76,57,24,11,59,58,78,58,62,44,9,1,0,0,0,0,0
0,4,9,13,35,132,72,66,62,45,38,55,73,71,64,54,43,13,12,7,0,0,0,0
0,8,11,29,51,86,64,71,61,52,51,52,61,97,67,53,24,14,6,0,0,0,0,0
5,10,13,28,52,103,58,68,61,52,52,60,68,57,83,65,13,9,3,0,0,0,0,0
11,14,13,13,52,73,64,52,60,57,37,56,61,59,57,45,7,0,3,2,3,3,2,0
7,2,13,15,50,70,63,60,44,15,16,52,62,60,55,15,12,5,8,4,0,2,7,5
0,8,12,7,16,50,57,41,14,14,7,23,71,63,53,11,11,0,0,2,0,0,4,0
6,8,0,12,13,14,13,10,6,7,14,25,77,55,29,13,10,4,7,7,2,0,0,0
